# wave, flux, fluxerr, continuum, continuum_plateau
9.9725246, 182.56524, 21.347195, 165.95144, 165.94597,
9.9806166, 161.90374, 22.649332, 164.65234, 164.65000,
9.9887066, 135.65636, 19.537521, 163.38103, 163.38046,
9.9967957, 204.19264, 19.184616, 162.13773, 162.13773,
10.004880, 142.19621, 19.814350, 160.92341, 160.92289,
10.012970, 166.73972, 19.267570, 159.73690, 159.73490,
10.021050, 222.83687, 17.401882, 158.58082, 158.57651,
10.029140, 221.65176, 18.036648, 157.45288, 157.44552,
10.037220, 238.61613, 20.051813, 156.35628, 156.34528,
10.045300, 266.31786, 18.266148, 155.28998, 155.27482,
10.053380, 210.31941, 16.803566, 154.25429, 154.23457,
10.061460, 132.28483, 17.746843, 153.24990, 153.22533,
10.069540, 196.33265, 18.006832, 152.27704, 152.24740,
10.077610, 174.93775, 16.039354, 151.33749, 151.30266,
10.085690, 185.31251, 17.088432, 150.42938, 150.38931,
10.093760, 172.34935, 20.012131, 149.55533, 149.51006,
10.101830, 168.11712, 17.334694, 148.71473, 148.66438,
10.109900, 206.44396, 16.676193, 147.90799, 147.85273,
10.117970, 247.54889, 18.963808, 147.13579, 147.07586,
10.126040, 161.51326, 18.262217, 146.39854, 146.33424,
10.134100, 264.33853, 18.476181, 145.69764, 145.62934,
10.142170, 213.17333, 18.127722, 145.03181, 144.95989,
10.150230, 226.25059, 20.236750, 144.40322, 144.32813,
10.158300, 179.64407, 18.663246, 143.81094, 143.73315,
10.166360, 192.35833, 17.301447, 143.25697, 143.17700,
10.174420, 128.01569, 18.769249, 142.74102, 142.65940,
10.182470, 106.10406, 18.361891, 142.26432, 142.18160,
10.190530, 161.65532, 18.057972, 141.82626, 141.74301,
10.198590, 207.22921, 17.289902, 141.42795, 141.34476,
10.206640, 160.01415, 18.628992, 141.07049, 140.98793,
10.214690, 137.22785, 17.684425, 140.75393, 140.67258,
10.222750, 132.52212, 16.720442, 140.47859, 140.39902,
10.230800, 203.97924, 18.888960, 140.24574, 140.16850,
10.238850, 136.14532, 19.446987, 140.05566, 139.98127,
10.246890, 231.06032, 19.022926, 139.90913, 139.83811,
10.254940, 126.10394, 16.812584, 139.80646, 139.73928,
10.262990, 225.66226, 20.092077, 139.74852, 139.68560,
10.271030, 164.38744, 19.773417, 139.73596, 139.67768,
10.279070, 213.04992, 19.591692, 139.76936, 139.71605,
10.287120, 172.21748, 19.881042, 139.84954, 139.80148,
10.295150, 185.21408, 22.734045, 139.97682, 139.93420,
10.303190, 163.97809, 21.576113, 140.15231, 140.11525,
10.311230, 219.23928, 20.807384, 140.37657, 140.34513,
10.319270, 186.89231, 22.333740, 140.65038, 140.62452,
10.327300, 171.36392, 25.077070, 140.97403, 140.95360,
10.335340, 164.59039, 23.056795, 141.34906, 141.33382,
10.343370, 177.53760, 18.155239, 141.77540, 141.76501,
10.351400, 106.13561, 25.968838, 142.25416, 142.24814,
10.359430, 183.56168, 25.205486, 142.78617, 142.78394,
10.367460, 179.33823, 24.089090, 143.37224, 143.37306,
10.375480, 200.00606, 27.169485, 144.01231, 144.01532,
10.383510, 142.61769, 30.745621, 144.70889, 144.71307,
10.391530, 119.88246, 31.931747, 145.46109, 145.46528,
10.399560, 144.32187, 24.311684, 146.27156, 146.27441,
10.407580, 149.34617, 20.055824, 147.13924, 147.13924,
10.415600, 151.50836, 20.575535, 148.06541, 148.06093,
10.423620, 170.63734, 20.796642, 149.04905, 149.03857,
10.431640, 214.75932, 20.603529, 150.08830, 150.07047,
10.439650, 222.23426, 20.297434, 151.18033, 151.15396,
10.447670, 177.07848, 20.011410, 152.32625, 152.29028,
10.455680, 228.75932, 19.612015, 153.52149, 153.47503,
10.463700, 177.76645, 18.634270, 154.76759, 154.70985,
10.471710, 177.04219, 21.135733, 156.05971, 155.99007,
10.479720, 249.42472, 22.287567, 157.39790, 157.31583,
10.487730, 211.81178, 21.232719, 158.78061, 158.68570,
10.495730, 277.27068, 22.993525, 160.20459, 160.09655,
10.503740, 200.19992, 28.878790, 161.67171, 161.55031,
10.511750, 360.91597, 30.512913, 163.17877, 163.04390,
10.519750, 215.91516, 25.922451, 164.72222, 164.57388,
10.527750, 214.44715, 31.279327, 166.30271, 166.14094,
10.535750, 194.94608, 35.357780, 167.91858, 167.74351,
10.543750, 226.84196, 37.286415, 169.56814, 169.37999,
10.551750, 219.03914, 39.961777, 171.25032, 171.04935,
10.559750, 180.74916, 42.434376, 172.96327, 172.74981,
10.567850, 200.86257, 17.756166, 174.72793, 174.50222,
10.576350, 236.13771, 17.889664, 176.61054, 176.37246,
10.584840, 263.16290, 18.061066, 178.52071, 178.27082,
10.593340, 252.34136, 16.082005, 180.46144, 180.20035,
10.601830, 232.02324, 15.671791, 182.42624, 182.15462,
10.610330, 221.33611, 16.748316, 184.41827, 184.13680,
10.618820, 258.22246, 16.669744, 186.43114, 186.14057,
10.627310, 265.97677, 15.330001, 188.46515, 188.16626,
10.635800, 194.66901, 14.799286, 190.51909, 190.21269,
10.644280, 258.60256, 17.040260, 192.58847, 192.27542,
10.652770, 222.47593, 15.623803, 194.67653, 194.35767,
10.661250, 206.12256, 14.348111, 196.77690, 196.45313,
10.669740, 210.21430, 15.672958, 198.89265, 198.56488,
10.678220, 216.48825, 16.521318, 201.01737, 200.68654,
10.686700, 199.70892, 15.271612, 203.15178, 202.81884,
10.695180, 228.39403, 15.366678, 205.29423, 204.96015,
10.703650, 226.38379, 16.739138, 207.44067, 207.10642,
10.712130, 204.53741, 16.656605, 209.59404, 209.26062,
10.720600, 232.07370, 15.940220, 211.74834, 211.41675,
10.729080, 223.12814, 16.346220, 213.90654, 213.57782,
10.737550, 285.76967, 18.976580, 216.06191, 215.73708,
10.746020, 258.09046, 17.443323, 218.21572, 217.89583,
10.754490, 254.92982, 16.468794, 220.36586, 220.05198,
10.762960, 210.07189, 16.807045, 222.51117, 222.20437,
10.771420, 203.97227, 18.120117, 224.64688, 224.34825,
10.779890, 269.80711, 18.686745, 226.77715, 226.48779,
10.788350, 255.68489, 18.282879, 228.89481, 228.61584,
10.796810, 236.61445, 19.612799, 231.00087, 230.73344,
10.805270, 203.19311, 20.430758, 233.09369, 232.83896,
10.813730, 248.70058, 20.375984, 235.17162, 234.93077,
10.822190, 194.37067, 19.168077, 237.23302, 237.00727,
10.830650, 213.03466, 21.379375, 239.27622, 239.06683,
10.839100, 258.11152, 22.912884, 241.29708, 241.10530,
10.847560, 275.88417, 21.581244, 243.29896, 243.12611,
10.856010, 205.60729, 20.655561, 245.27545, 245.12286,
10.864460, 229.17446, 23.821358, 247.22692, 247.09599,
10.872910, 270.14436, 25.200073, 249.15193, 249.04410,
10.881360, 220.32202, 22.817665, 251.04901, 250.96577,
10.889800, 219.47991, 23.986170, 252.91395, 252.85682,
10.898250, 189.59577, 26.310867, 254.74949, 254.72011,
10.906690, 253.00195, 27.598982, 256.54978, 256.54978,
10.915140, 304.91437, 26.890543, 258.31777, 258.34890,
10.923580, 315.75693, 29.602150, 260.04925, 260.11305,
10.932020, 284.69500, 32.605457, 261.74703, 261.84490,
10.940460, 252.53010, 31.033165, 263.41166, 263.54486,
10.948890, 282.17086, 32.193680, 265.04169, 265.21128,
10.957330, 324.29414, 35.510525, 266.64173, 266.84869,
10.965760, 250.27447, 27.122742, 268.20852, 268.45362,
10.974200, 291.65832, 26.541367, 269.74612, 270.03007,
10.982630, 371.27424, 25.126524, 271.25141, 271.57470,
10.991060, 358.16709, 27.833378, 272.72701, 273.09006,
10.999490, 490.62166, 31.568520, 274.17309, 274.57617,
11.007920, 399.93469, 31.194149, 275.59047, 276.03376,
11.016340, 355.73538, 29.982620, 276.97776, 277.46127,
11.024770, 413.74707, 31.954468, 278.33876, 278.86248,
11.033190, 410.64914, 40.577579, 279.67085, 280.23459,
11.041610, 469.36378, 40.644958, 280.97607, 281.57957,
11.050030, 339.95650, 27.800570, 282.25486, 282.89778,
11.058450, 355.31301, 32.205940, 283.50769, 284.18958,
11.066870, 364.41188, 29.698181, 284.73500, 285.45535,
11.075290, 252.12357, 30.699139, 285.93723, 286.69543,
11.083700, 358.98217, 49.042297, 287.11349, 287.90882,
11.092120, 316.82965, 32.781822, 288.26688, 289.09863,
11.100530, 326.64080, 69.701683, 289.39508, 290.26237,
11.108940, 454.28706, 58.332066, 290.50008, 291.40203,
11.117350, 556.64701, 69.696922, 291.58204, 292.51768,
11.120570, 374.50506, 19.892902, 291.99041, 292.93869,
11.129530, 435.24515, 19.177044, 293.10933, 294.09197,
11.138500, 419.17246, 18.348555, 294.20460, 295.22040,
11.147460, 525.25624, 20.293941, 295.27414, 296.32175,
11.156430, 562.52363, 21.038441, 296.32090, 297.39902,
11.165390, 634.91304, 20.238220, 297.34290, 298.45007,
11.174350, 723.83345, 20.441170, 298.34182, 299.47659,
11.183300, 841.56206, 22.670944, 299.31708, 300.47792,
11.192260, 946.86085, 23.632059, 300.27118, 301.45658,
11.201220, 1018.9609, 22.850103, 301.20351, 302.41189,
11.210170, 1033.2900, 22.586121, 302.11352, 303.34325,
11.219120, 1056.9540, 24.075798, 303.00263, 304.25208,
11.228070, 1043.2874, 23.937653, 303.87125, 305.13877,
11.237020, 1051.7210, 22.398075, 304.71970, 306.00359,
11.245970, 1041.5691, 22.502831, 305.54854, 306.84712,
11.254920, 992.96975, 22.896843, 306.35808, 307.66963,
11.263860, 973.40061, 22.578407, 307.14779, 308.47058,
11.272800, 944.58946, 21.106270, 307.91908, 309.25139,
11.281750, 906.05893, 21.144693, 308.67296, 310.01305,
11.290690, 898.83419, 21.978991, 309.40834, 310.75449,
11.299630, 846.76055, 21.381998, 310.12625, 311.47671,
11.308560, 818.53680, 20.321629, 310.82638, 312.17943,
11.317500, 741.58177, 19.827539, 311.51058, 312.86451,
11.326430, 688.78168, 20.493237, 312.17774, 313.53083,
11.335370, 680.77128, 20.173553, 312.82961, 314.18018,
11.344300, 650.57283, 19.295242, 313.46516, 314.81153,
11.353230, 674.66468, 19.863522, 314.08540, 315.42592,
11.362160, 614.78506, 20.389650, 314.69062, 316.02364,
11.371080, 643.13982, 20.322918, 315.28062, 316.60455,
11.380010, 581.68878, 19.138542, 315.85688, 317.17013,
11.388930, 570.61543, 19.416899, 316.41859, 317.71961,
11.397850, 568.29951, 20.635893, 316.96657, 318.25383,
11.406780, 561.39516, 20.551207, 317.50181, 318.77381,
11.415700, 495.78136, 18.874189, 318.02334, 319.27864,
11.424610, 503.47765, 19.859457, 318.53157, 319.76878,
11.433530, 512.34628, 21.601812, 319.02788, 320.24560,
11.442450, 499.01789, 21.651875, 319.51200, 320.70890,
11.451360, 484.75247, 20.290649, 319.98373, 321.15854,
11.460270, 479.36988, 21.675758, 320.44387, 321.59535,
11.469180, 435.80038, 21.956053, 320.89271, 322.01966,
11.478090, 453.71444, 22.879959, 321.33051, 322.43179,
11.487000, 464.32011, 22.095409, 321.75755, 322.83207,
11.495910, 444.83779, 23.306778, 322.17406, 323.22078,
11.504810, 419.60202, 24.133766, 322.57997, 323.59793,
11.513710, 396.04060, 24.033447, 322.97589, 323.96417,
11.522620, 375.63477, 23.191442, 323.36258, 324.32028,
11.531520, 433.55564, 24.596874, 323.73940, 324.66574,
11.540420, 359.73613, 24.974703, 324.10705, 325.00130,
11.549310, 417.56604, 26.636076, 324.46540, 325.32691,
11.558210, 346.37711, 24.556431, 324.81552, 325.64363,
11.567100, 341.36122, 24.455259, 325.15679, 325.95100,
11.576000, 328.40005, 26.699129, 325.49032, 326.25010,
11.584890, 353.66068, 27.928581, 325.81555, 326.54053,
11.593780, 418.46268, 28.178082, 326.13306, 326.82290,
11.602670, 389.79973, 27.489338, 326.44317, 327.09760,
11.611560, 428.99131, 30.058807, 326.74608, 327.36489,
11.620440, 412.00099, 31.471901, 327.04167, 327.62479,
11.629330, 354.07212, 29.677387, 327.33087, 327.87821,
11.638210, 332.45855, 29.951994, 327.61325, 328.12488,
11.647090, 353.50478, 32.268608, 327.88934, 328.36536,
11.655970, 369.28182, 34.351978, 328.15938, 328.59998,
11.664850, 321.27335, 26.071220, 328.42361, 328.82906,
11.673730, 298.36972, 18.125072, 328.68222, 329.05286,
11.682600, 295.65729, 21.372761, 328.93517, 329.27148,
11.691480, 369.17925, 21.566767, 329.18322, 329.48567,
11.700350, 431.82034, 23.342009, 329.42607, 329.69528,
11.709220, 338.89720, 23.716320, 329.66418, 329.90084,
11.718090, 356.53442, 24.089750, 329.89778, 330.10265,
11.726960, 344.48073, 26.047630, 330.12708, 330.30101,
11.735830, 355.35170, 26.540501, 330.35228, 330.49621,
11.744690, 321.62391, 28.024036, 330.57333, 330.68833,
11.753560, 327.84434, 26.903963, 330.79097, 330.87811,
11.762420, 325.74420, 29.446175, 331.00489, 331.06541,
11.771280, 347.16285, 44.463127, 331.21557, 331.25076,
11.775020, 338.96626, 17.193342, 331.30355, 331.32846,
11.784500, 291.61200, 17.213865, 331.52428, 331.52428,
11.793980, 325.72610, 17.267250, 331.74179, 331.71860,
11.803460, 354.15422, 19.038256, 331.95609, 331.91139,
11.812940, 347.73086, 16.092953, 332.16708, 332.10249,
11.822420, 354.70778, 16.988400, 332.37471, 332.29181,
11.831890, 362.10230, 17.144215, 332.57867, 332.47899,
11.841360, 330.19454, 15.833454, 332.77912, 332.66412,
11.850840, 347.72377, 15.595770, 332.97616, 332.84723,
11.860310, 376.62634, 16.606600, 333.16934, 333.02784,
11.869770, 387.22553, 16.700310, 333.35857, 333.20582,
11.879240, 351.56568, 15.517234, 333.54415, 333.38140,
11.888710, 366.06152, 15.134447, 333.72582, 333.55426,
11.898170, 379.69793, 15.814745, 333.90331, 333.72410,
11.907630, 385.25804, 16.285715, 334.07670, 333.89095,
11.917090, 370.71195, 15.866472, 334.24594, 334.05471,
11.926550, 354.22289, 15.031915, 334.41091, 334.21521,
11.936010, 349.35220, 14.954134, 334.57156, 334.37235,
11.945470, 366.94873, 15.933996, 334.72776, 334.52596,
11.954920, 387.78188, 15.802181, 334.87928, 334.67578,
11.964370, 391.51377, 15.266401, 335.02620, 334.82183,
11.973830, 360.47365, 15.079519, 335.16857, 334.96413,
11.983280, 336.06317, 15.266264, 335.30597, 335.10223,
11.992720, 350.54294, 15.450567, 335.43834, 335.23601,
12.002170, 359.51689, 15.008649, 335.56586, 335.36562,
12.011610, 354.94211, 15.026016, 335.68816, 335.49066,
12.021060, 372.19441, 16.268457, 335.80539, 335.61124,
12.030500, 363.08738, 16.122623, 335.91720, 335.72699,
12.039940, 357.83364, 15.724399, 336.02361, 335.83786,
12.049380, 385.93314, 15.918091, 336.12452, 335.94376,
12.058820, 363.32065, 16.550613, 336.21980, 336.04451,
12.068250, 393.42573, 17.599346, 336.30927, 336.13989,
12.077690, 344.15107, 16.334923, 336.39301, 336.22998,
12.087120, 372.88535, 16.182127, 336.47070, 336.31442,
12.096550, 365.13359, 16.992393, 336.54234, 336.39317,
12.105980, 317.05634, 17.291931, 336.60781, 336.46610,
12.115410, 329.93758, 17.155895, 336.66698, 336.53306,
12.124830, 340.38843, 17.025751, 336.71968, 336.59385,
12.134260, 345.25321, 17.740881, 336.76589, 336.64845,
12.143680, 354.23043, 19.055889, 336.80539, 336.69660,
12.153100, 328.84670, 18.687504, 336.83812, 336.73822,
12.162520, 361.24629, 21.959023, 336.86393, 336.77316,
12.171940, 356.39730, 19.235350, 336.88269, 336.80127,
12.181360, 295.54942, 19.269838, 336.89427, 336.82241,
12.190770, 367.85748, 21.313618, 336.89853, 336.83641,
12.200180, 349.16802, 20.720068, 336.89535, 336.84316,
12.209600, 329.48937, 20.466389, 336.88457, 336.84249,
12.219010, 359.08386, 22.007832, 336.86607, 336.83427,
12.228420, 342.03457, 23.078033, 336.83969, 336.81833,
12.237820, 293.02107, 22.568356, 336.80533, 336.79457,
12.247230, 364.42348, 24.006874, 336.76276, 336.76276,
12.256630, 306.25328, 23.574224, 336.71198, 336.72288,
12.266040, 378.08141, 26.621031, 336.65298, 336.67492,
12.275440, 611.08922, 30.175512, 336.58606, 336.61911,
12.284840, 529.90754, 29.459934, 336.51132, 336.55554,
12.294230, 359.55906, 27.491890, 336.42900, 336.48438,
12.303630, 321.94483, 37.146484, 336.33911, 336.40565,
12.313030, 351.08435, 31.790007, 336.24185, 336.31950,
12.322420, 362.21681, 35.601570, 336.13752, 336.22619,
12.331810, 376.08981, 24.437407, 336.02615, 336.12574,
12.341200, 407.44579, 21.297852, 335.90789, 336.01827,
12.350590, 330.07681, 21.043915, 335.78288, 335.90391,
12.359980, 419.72470, 22.580095, 335.65128, 335.78276,
12.369360, 414.87466, 22.436405, 335.51335, 335.65508,
12.378750, 373.81704, 23.559044, 335.36896, 335.52073,
12.388130, 386.24915, 24.597515, 335.21854, 335.38010,
12.397510, 326.15560, 24.671925, 335.06210, 335.23318,
12.406890, 346.20097, 24.178774, 334.89973, 335.08006,
12.416270, 408.93962, 26.195021, 334.73157, 334.92087,
12.425640, 374.62510, 26.058876, 334.55796, 334.75591,
12.435020, 375.49434, 29.025187, 334.37863, 334.58492,
12.444390, 364.98951, 27.272507, 334.19411, 334.40839,
12.453760, 387.25899, 24.728924, 334.00432, 334.22625,
12.463130, 347.00287, 27.014202, 333.80938, 334.03861,
12.472500, 401.33131, 30.678024, 333.60941, 333.84557,
12.481870, 417.50042, 37.626961, 333.40452, 333.64725,
12.489420, 445.81900, 19.373951, 333.23593, 333.48367,
12.499490, 434.02107, 19.525732, 333.00634, 333.26037,
12.509550, 426.35805, 18.775253, 332.77167, 333.03154,
12.519610, 418.79799, 17.772030, 332.53186, 332.79710,
12.529670, 416.31833, 17.464828, 332.28706, 332.55722,
12.539730, 441.74402, 18.651287, 332.03737, 332.31196,
12.549780, 466.86732, 19.920013, 331.78319, 332.06176,
12.559840, 467.21590, 18.191322, 331.52414, 331.80621,
12.569890, 448.12158, 16.951296, 331.26088, 331.54598,
12.579940, 477.40538, 17.906706, 330.99327, 331.28092,
12.589990, 462.91673, 17.636856, 330.72144, 331.01117,
12.600040, 490.31358, 17.456003, 330.44548, 330.73682,
12.610090, 489.85685, 16.755955, 330.16557, 330.45805,
12.620130, 486.78864, 17.916862, 329.88209, 330.17525,
12.630170, 503.93994, 17.424408, 329.59486, 329.88824,
12.640210, 463.86377, 17.053032, 329.30401, 329.59716,
12.650250, 498.69897, 16.627354, 329.00967, 329.30213,
12.660290, 509.50936, 16.600929, 328.71197, 329.00331,
12.670330, 517.38933, 16.923508, 328.41097, 328.70075,
12.680360, 505.81241, 17.068968, 328.10713, 328.39494,
12.690390, 512.62302, 16.606369, 327.80026, 328.08566,
12.700420, 559.61358, 16.743547, 327.49042, 327.77302,
12.710450, 543.86658, 16.681599, 327.17779, 327.45719,
12.720480, 535.11687, 17.423180, 326.86245, 327.13826,
12.730500, 562.31002, 19.907194, 326.54480, 326.81666,
12.740530, 569.24644, 17.002937, 326.22435, 326.49188,
12.750550, 554.40822, 16.429558, 325.90181, 326.16467,
12.760570, 534.35489, 16.773569, 325.57701, 325.83487,
12.770590, 529.23731, 16.908224, 325.25000, 325.50252,
12.780610, 550.23848, 16.993067, 324.92090, 325.16778,
12.790620, 622.23773, 18.691938, 324.59017, 324.83111,
12.800640, 986.56191, 21.377508, 324.25721, 324.49192,
12.810650, 2026.1796, 29.647419, 323.92281, 324.15105,
12.820660, 1365.5540, 24.765383, 323.58674, 323.80824,
12.830670, 533.91722, 16.456451, 323.24905, 323.46357,
12.840680, 458.80278, 16.013731, 322.90992, 323.11724,
12.850680, 422.90135, 16.117474, 322.56971, 322.76965,
12.860690, 409.64055, 16.438101, 322.22790, 322.42024,
12.870690, 385.18953, 15.846872, 321.88522, 322.06981,
12.880690, 380.82275, 15.611204, 321.54147, 321.71816,
12.890690, 392.47002, 16.007568, 321.19669, 321.36533,
12.900680, 362.02559, 16.177395, 320.85137, 321.01185,
12.910680, 403.43578, 17.169270, 320.50487, 320.65709,
12.920670, 366.62243, 16.171873, 320.15802, 320.30189,
12.930670, 379.58849, 16.530243, 319.81018, 319.94563,
12.940660, 353.35841, 16.750450, 319.46214, 319.58913,
12.950640, 346.14584, 17.423689, 319.11406, 319.23258,
12.960630, 367.58170, 17.491468, 318.76524, 318.87525,
12.970620, 376.38165, 17.569206, 318.41620, 318.51772,
12.980600, 345.25797, 17.547699, 318.06734, 318.16039,
12.990580, 297.33416, 17.798382, 317.71844, 317.80307,
13.000560, 304.45455, 18.051199, 317.36954, 317.44580,
13.010540, 300.90767, 18.188702, 317.02075, 317.08873,
13.020520, 289.66370, 17.714294, 316.67218, 316.73197,
13.030490, 354.53886, 19.745512, 316.32427, 316.37600,
13.040470, 345.10949, 20.679096, 315.97639, 316.02018,
13.050440, 331.55813, 21.040236, 315.62937, 315.66538,
13.060410, 310.42106, 20.049862, 315.28293, 315.31133,
13.070380, 332.60722, 20.786432, 314.93713, 314.95810,
13.080350, 351.47549, 22.687841, 314.59213, 314.60588,
13.090310, 316.10648, 23.115421, 314.24831, 314.25507,
13.100280, 324.95202, 23.742844, 313.90512, 313.90512,
13.110240, 238.97425, 22.018497, 313.56330, 313.55680,
13.120200, 338.01738, 24.576199, 313.22257, 313.20983,
13.130160, 333.44276, 26.033054, 312.88298, 312.86428,
13.140110, 330.78076, 20.853756, 312.54495, 312.52054,
13.150070, 337.89021, 16.552797, 312.20780, 312.17797,
13.160020, 340.31253, 16.881207, 311.87230, 311.83732,
13.169980, 364.42440, 18.940174, 311.53779, 311.49794,
13.179930, 319.56414, 18.288136, 311.20503, 311.16059,
13.189870, 315.53863, 19.000818, 310.87403, 310.82530,
13.199820, 313.99434, 18.871227, 310.54422, 310.49148,
13.209770, 333.21801, 19.136044, 310.21593, 310.15946,
13.219710, 328.41182, 19.241890, 309.88959, 309.82970,
13.229650, 373.71328, 21.245672, 309.56493, 309.50192,
13.239590, 387.98164, 22.499250, 309.24196, 309.17611,
13.249530, 381.20942, 22.062906, 308.92076, 308.85237,
13.259470, 326.69624, 20.770504, 308.60138, 308.53075,
13.269410, 333.47976, 22.094490, 308.28388, 308.21131,
13.279340, 342.47286, 25.688278, 307.96866, 307.89444,
13.289270, 329.59674, 26.481001, 307.65539, 307.57983,
13.299200, 327.31814, 26.971834, 307.34421, 307.26759,
13.309130, 351.58994, 29.179144, 307.03513, 306.95776,
13.318260, 337.88689, 17.257357, 306.75285, 306.67503,
13.328980, 357.36489, 16.783920, 306.42382, 306.34579,
13.339690, 316.23709, 16.328115, 306.09778, 306.01988,
13.350400, 325.55666, 17.159222, 305.77448, 305.69705,
13.361120, 325.67131, 17.002663, 305.45370, 305.37705,
13.371830, 316.32301, 15.763474, 305.13614, 305.06060,
13.382530, 313.26645, 15.281200, 304.82185, 304.74772,
13.393240, 306.69162, 15.889012, 304.51034, 304.43794,
13.403940, 332.91294, 16.732040, 304.20227, 304.13189,
13.414650, 326.01195, 18.405579, 303.89716, 303.82909,
13.425350, 317.82611, 16.190481, 303.59565, 303.53017,
13.436050, 334.08117, 15.852261, 303.29754, 303.23494,
13.446740, 314.48567, 15.827823, 303.00323, 302.94375,
13.457440, 311.23811, 16.203873, 302.71221, 302.65611,
13.468130, 337.79360, 15.824918, 302.42516, 302.37267,
13.478830, 324.97471, 15.209715, 302.14161, 302.09295,
13.489520, 347.20788, 15.362192, 301.86220, 301.81758,
13.500200, 353.89194, 15.974796, 301.58700, 301.54661,
13.510890, 359.03840, 15.856575, 301.31562, 301.27963,
13.521570, 352.91100, 15.261050, 301.04863, 301.01721,
13.532260, 372.37518, 15.032518, 300.78568, 300.75896,
13.542940, 354.04077, 14.903893, 300.52731, 300.50543,
13.553620, 351.95261, 15.493569, 300.27342, 300.25646,
13.564290, 358.87493, 15.441254, 300.02434, 300.01238,
13.574970, 334.73410, 14.511169, 299.77970, 299.77280,
13.585640, 351.11261, 14.233410, 299.54009, 299.53827,
13.596320, 353.31008, 14.790796, 299.30515, 299.30843,
13.606990, 325.93804, 14.787979, 299.07545, 299.08380,
13.617650, 315.28147, 14.683899, 298.85109, 298.86446,
13.628320, 329.36703, 14.253872, 298.63176, 298.65008,
13.638980, 326.89099, 14.324944, 298.41800, 298.44115,
13.649650, 343.52348, 14.895582, 298.20954, 298.23739,
13.660310, 353.75014, 15.653723, 298.00688, 298.03925,
13.670970, 326.05608, 16.855480, 297.80996, 297.84664,
13.681630, 345.26022, 14.890514, 297.61890, 297.65965,
13.692280, 349.03181, 15.298783, 297.43402, 297.47855,
13.702940, 316.58244, 15.551220, 297.25509, 297.30309,
13.713590, 301.38935, 15.761745, 297.08260, 297.13370,
13.724240, 317.56399, 15.994312, 296.91650, 296.97029,
13.734890, 303.63673, 15.729355, 296.75696, 296.81298,
13.745530, 273.49644, 15.433155, 296.60423, 296.66201,
13.756180, 281.95926, 16.146839, 296.45820, 296.51718,
13.766820, 321.58031, 17.659008, 296.31928, 296.37887,
13.777460, 330.96947, 18.385155, 296.18749, 296.24705,
13.788100, 315.82668, 16.892313, 296.06298, 296.12180,
13.798740, 282.60766, 16.590683, 295.94591, 296.00325,
13.809380, 308.86529, 18.057854, 295.83645, 295.89150,
13.820010, 305.77947, 18.343096, 295.73484, 295.78673,
13.830640, 281.68293, 18.157131, 295.64117, 295.68896,
13.841270, 291.23170, 18.309780, 295.55557, 295.59828,
13.851900, 300.19451, 18.276621, 295.47826, 295.51482,
13.862530, 339.64653, 25.131128, 295.40939, 295.43868,
13.873150, 281.58539, 20.176971, 295.34920, 295.37002,
13.883780, 344.60106, 21.584610, 295.29776, 295.30884,
13.894400, 280.41264, 20.756050, 295.25535, 295.25535,
13.905020, 273.33463, 20.457146, 295.22200, 295.20952,
13.915640, 296.34305, 22.110760, 295.19724, 295.17097,
13.926250, 305.47818, 23.253056, 295.18052, 295.13923,
13.936870, 258.60269, 22.902557, 295.17125, 295.11379,
13.947480, 322.34894, 23.117268, 295.16887, 295.09420,
13.958090, 318.52879, 24.583559, 295.17280, 295.07997,
13.968700, 299.54622, 24.659981, 295.18250, 295.07062,
13.979310, 302.96696, 26.559307, 295.19740, 295.06569,
13.989910, 263.33542, 25.228691, 295.21693, 295.06470,
14.000520, 286.35316, 25.331945, 295.24057, 295.06718,
14.011120, 401.08129, 29.897091, 295.26773, 295.07265,
14.021720, 331.78880, 30.796425, 295.29789, 295.08064,
14.032320, 295.56132, 31.939781, 295.33048, 295.09070,
14.042920, 295.25466, 30.162100, 295.36498, 295.10235,
14.053510, 223.49965, 31.393097, 295.40080, 295.11510,
14.064110, 275.79057, 31.521332, 295.43746, 295.12852,
14.074700, 317.70119, 36.169453, 295.47436, 295.14212,
14.085290, 309.86999, 37.634056, 295.51097, 295.15543,
14.095870, 285.13101, 25.826275, 295.54674, 295.16799,
14.106460, 278.60266, 20.597578, 295.58118, 295.17936,
14.117040, 281.91243, 20.962753, 295.61368, 295.18903,
14.127630, 304.88184, 22.700047, 295.64377, 295.19658,
14.138210, 347.22224, 25.243656, 295.67085, 295.20151,
14.148790, 283.30837, 23.777788, 295.69439, 295.20336,
14.159370, 268.13656, 23.802561, 295.71385, 295.20168,
14.169940, 325.54699, 24.508404, 295.72867, 295.19600,
14.180520, 366.70035, 45.914639, 295.73834, 295.18585,
14.182090, 305.56886, 19.920132, 295.73930, 295.18393,
14.193560, 340.57180, 19.470619, 295.74231, 295.16648,
14.205030, 335.54709, 19.401279, 295.73779, 295.14254,
14.216500, 322.73149, 19.722420, 295.72503, 295.11152,
14.227970, 317.83999, 19.003971, 295.70331, 295.07281,
14.239430, 313.95446, 17.595032, 295.67194, 295.02586,
14.250890, 306.02318, 16.493935, 295.63019, 294.97004,
14.262350, 297.60988, 16.820930, 295.57733, 294.90473,
14.273810, 300.14037, 17.221260, 295.51262, 294.82933,
14.285270, 287.73859, 16.988922, 295.43535, 294.74326,
14.296730, 305.93687, 15.855429, 295.34475, 294.64587,
14.308180, 307.79154, 15.196886, 295.24018, 294.53668,
14.319630, 311.96818, 15.516330, 295.12081, 294.41499,
14.331080, 302.38431, 16.176708, 294.98587, 294.28018,
14.342530, 281.43906, 15.978204, 294.83460, 294.13164,
14.353970, 315.67892, 15.115462, 294.66640, 293.96892,
14.365410, 334.79762, 14.949389, 294.48032, 293.79124,
14.376860, 300.30013, 14.550976, 294.27540, 293.59782,
14.388300, 279.98222, 15.036271, 294.05120, 293.38838,
14.399730, 311.95529, 15.603857, 293.80697, 293.16233,
14.411170, 298.36405, 14.527773, 293.54144, 292.91863,
14.422600, 290.21695, 13.944727, 293.25428, 292.65710,
14.434030, 302.45960, 14.244915, 292.94440, 292.37688,
14.445460, 270.26260, 14.781044, 292.61095, 292.07732,
14.456890, 315.89650, 15.397388, 292.25310, 291.75783,
14.468320, 304.79934, 14.846628, 291.86997, 291.41772,
14.479740, 290.28119, 14.038116, 291.46102, 291.05667,
14.491160, 303.53703, 14.227077, 291.02506, 290.67374,
14.502580, 311.39049, 15.256014, 290.56121, 290.26832,
14.514000, 310.23573, 15.221939, 290.06848, 289.83968,
14.525420, 304.94127, 14.645255, 289.54597, 289.38719,
14.536830, 304.79940, 13.634541, 288.99326, 288.91063,
14.548240, 287.65915, 13.550796, 288.40893, 288.40893,
14.559650, 282.75573, 16.281275, 287.79255, 287.88174,
14.571060, 261.88908, 14.231946, 287.14626, 287.33034,
14.582470, 302.72454, 14.429593, 286.47266, 286.75626,
14.593870, 276.82159, 14.597223, 285.77494, 286.16154,
14.605270, 312.81071, 14.946424, 285.05517, 285.54728,
14.616670, 309.95411, 14.701468, 284.31599, 284.91507,
14.628070, 274.57758, 15.964343, 283.55986, 284.26636,
14.639470, 295.71615, 15.788858, 282.78941, 283.60272,
14.650860, 304.61642, 14.779121, 282.00794, 282.92633,
14.662260, 271.64375, 14.465081, 281.21657, 282.23748,
14.673650, 310.34825, 15.664354, 280.41930, 281.53896,
14.685040, 308.50071, 16.403713, 279.61789, 280.83161,
14.696420, 287.07140, 16.358849, 278.81576, 280.11774,
14.707810, 274.06115, 15.759612, 278.01383, 279.39744,
14.719190, 277.23656, 16.005417, 277.21626, 278.67366,
14.730570, 287.94364, 16.317228, 276.42471, 277.94716,
14.741950, 283.11250, 17.514061, 275.64180, 277.21950,
14.753330, 302.55186, 18.077930, 274.87006, 276.49221,
14.764700, 305.44276, 18.136162, 274.11275, 275.76747,
14.776080, 278.48786, 17.340420, 273.37102, 275.04546,
14.787450, 280.49441, 17.405462, 272.64880, 274.32903,
14.798820, 262.97096, 18.763584, 271.94796, 273.61902,
14.810190, 263.58632, 18.903940, 271.27103, 272.91689,
14.821550, 270.99860, 18.544806, 270.62125, 272.22486,
14.832920, 298.39040, 18.964857, 270.00006, 271.54323,
14.844280, 306.62209, 18.331951, 269.41112, 270.87465,
14.855640, 285.28248, 26.957844, 268.85652, 270.22007,
14.866990, 302.26981, 20.232841, 268.33936, 269.58160,
14.878350, 299.87804, 23.081228, 267.86133, 268.95957,
14.889710, 368.93022, 20.141344, 267.42561, 268.35612,
14.901060, 289.95012, 18.562836, 267.03524, 267.77330,
14.912410, 264.57481, 18.778452, 266.69249, 267.21209,
14.923760, 261.41258, 19.799494, 266.40008, 266.67396,
14.935100, 230.59443, 20.075863, 266.16101, 266.16101,
14.946450, 252.81637, 20.202873, 265.97690, 265.67344,
14.957790, 321.40687, 21.139744, 265.84749, 265.21215,
14.969130, 279.30789, 21.149765, 265.77136, 264.77639,
14.980470, 308.80255, 22.357573, 265.74725, 264.36573,
14.991810, 341.54010, 24.046768, 265.77397, 263.97989,
15.003140, 283.14615, 23.164171, 265.85024, 263.61884,
15.014480, 329.42518, 22.997967, 265.97504, 263.28166,
15.025810, 301.80744, 23.739040, 266.14703, 262.96856,
15.037140, 284.87088, 23.722883, 266.36516, 262.67897,
15.048460, 290.39719, 25.700254, 266.62812, 262.41278,
15.059790, 277.15663, 25.872690, 266.93527, 262.16923,
15.071110, 239.93033, 24.563919, 267.28506, 261.94843,
15.082440, 270.87626, 18.940636, 267.67708, 261.74970,
15.093750, 298.95490, 16.275791, 268.10918, 261.57326,
15.105070, 250.78834, 16.431973, 268.58153, 261.41830,
15.116390, 257.27534, 17.721176, 269.09276, 261.28471,
15.127700, 289.05700, 18.200989, 269.64141, 261.17231,
15.139020, 306.55169, 19.705173, 270.22756, 261.08060,
15.150330, 304.19659, 19.283184, 270.84921, 261.00949,
15.162390, 310.52529, 21.126915, 271.55081, 260.95594,
15.174730, 310.76656, 20.430565, 272.30895, 260.92462,
15.187070, 331.45544, 21.016476, 273.10663, 260.91671,
15.199410, 326.41415, 22.600004, 273.94287, 260.93186,
15.211740, 312.06201, 21.636459, 274.81570, 260.96971,
15.224080, 281.51859, 19.972233, 275.72569, 261.02999,
15.236410, 271.15598, 18.348827, 276.67020, 261.11228,
15.248740, 295.59383, 18.663082, 277.64896, 261.21630,
15.261060, 305.76000, 20.225710, 278.66011, 261.34163,
15.273390, 335.44426, 20.539606, 279.70441, 261.48817,
15.285710, 351.70899, 20.347090, 280.77919, 261.65538,
15.298030, 306.21018, 18.485970, 281.88423, 261.84306,
15.310350, 312.10846, 17.944227, 283.01878, 262.05093,
15.322660, 260.44937, 18.374966, 284.18085, 262.27850,
15.334980, 300.56981, 19.767563, 285.37144, 262.52584,
15.347290, 299.44967, 20.338886, 286.58782, 262.79229,
15.359600, 307.09890, 19.022566, 287.83006, 263.07775,
15.371900, 277.82134, 17.909878, 289.09622, 263.38170,
15.384210, 298.79566, 19.364088, 290.38764, 263.70436,
15.396510, 315.89097, 20.190903, 291.70139, 264.04496,
15.408810, 351.08651, 22.583517, 293.03757, 264.40345,
15.421110, 312.84171, 20.262135, 294.39559, 264.77962,
15.433410, 306.83692, 18.689262, 295.77447, 265.17317,
15.445700, 310.12407, 18.096119, 297.17246, 265.58355,
15.457990, 312.95477, 18.828978, 298.58985, 266.01080,
15.470280, 268.74715, 18.850931, 300.02592, 266.45469,
15.482570, 291.33021, 17.871372, 301.47995, 266.91498,
15.494860, 316.97341, 17.102695, 302.95131, 267.39143,
15.507140, 318.36954, 16.226120, 304.43825, 267.88341,
15.519420, 340.26689, 16.755711, 305.94119, 268.39103,
15.531700, 376.74909, 17.928143, 307.45979, 268.91413,
15.543980, 774.16061, 22.508404, 308.99324, 269.45242,
15.556260, 1021.6951, 24.375711, 310.54123, 270.00575,
15.568530, 536.41207, 18.148397, 312.10173, 270.57338,
15.580800, 303.32035, 14.809156, 313.67553, 271.15555,
15.593070, 292.74435, 15.882996, 315.26207, 271.75207,
15.605340, 326.63047, 16.734787, 316.86084, 272.36272,
15.617600, 342.73347, 16.730759, 318.47006, 272.98681,
15.629860, 351.03373, 16.183992, 320.09031, 273.62456,
15.642120, 302.43611, 14.687156, 321.72134, 274.27586,
15.654380, 340.09016, 15.744690, 323.36239, 274.94042,
15.666640, 335.89028, 16.146217, 325.01322, 275.61816,
15.678890, 332.21448, 16.286472, 326.67179, 276.30822,
15.691140, 327.17401, 15.946262, 328.33901, 277.01101,
15.703390, 353.37897, 15.336382, 330.01441, 277.72634,
15.715640, 339.74990, 15.586024, 331.69750, 278.45402,
15.727890, 349.32245, 16.323887, 333.38781, 279.19388,
15.740130, 334.49084, 17.030817, 335.08355, 279.94515,
15.752370, 348.55973, 17.200539, 336.78543, 280.70817,
15.764610, 342.61122, 16.569593, 338.49326, 281.48288,
15.776850, 360.83999, 17.168669, 340.20631, 282.26900,
15.789090, 379.83834, 17.946159, 341.92440, 283.06648,
15.801320, 371.22511, 18.491112, 343.64546, 283.87440,
15.813550, 359.96256, 19.641941, 345.37051, 284.69327,
15.825780, 341.76270, 19.016916, 347.09910, 285.52294,
15.838010, 367.68796, 19.368748, 348.83079, 286.36325,
15.850230, 381.28933, 20.032997, 350.56379, 287.21338,
15.862450, 352.02186, 20.111103, 352.29886, 288.07375,
15.874670, 344.39725, 21.239216, 354.03583, 288.94435,
15.886890, 344.29195, 20.707878, 355.77414, 289.82497,
15.899110, 414.94881, 22.183203, 357.51320, 290.71539,
15.911320, 358.79356, 20.214703, 359.25137, 291.61482,
15.923540, 315.72444, 19.465834, 360.99105, 292.52461,
15.935750, 373.16796, 21.323242, 362.72881, 293.44305,
15.947960, 390.54791, 21.982422, 364.46573, 294.37077,
15.960160, 358.90648, 21.154104, 366.20000, 295.30691,
15.972370, 380.85840, 21.787319, 367.93389, 296.25279,
15.984570, 425.51671, 21.635590, 369.66414, 297.20674,
15.996770, 375.92958, 21.061886, 371.39191, 298.16950,
16.008961, 396.62137, 22.417637, 373.11530, 299.14011,
16.021160, 348.56500, 22.155485, 374.83642, 300.11988,
16.033350, 365.04209, 22.787949, 376.55228, 301.10723,
16.045549, 357.66285, 21.829283, 378.26511, 302.10359,
16.057739, 343.29435, 21.457436, 379.97178, 303.10727,
16.069920, 364.06994, 23.009960, 381.67187, 304.11813,
16.082109, 345.98825, 22.934666, 383.36757, 305.13765,
16.094290, 314.25431, 23.214373, 385.05579, 306.16410,
16.106470, 381.33724, 25.727692, 386.73739, 307.19817,
16.118650, 372.92870, 25.817858, 388.41191, 308.23974,
16.130831, 317.45268, 22.989304, 390.07889, 309.28871,
16.143009, 415.63497, 25.828354, 391.73760, 310.34479,
16.155180, 389.33898, 26.619297, 393.38679, 311.40737,
16.167351, 371.64342, 31.605850, 395.02704, 312.47701,
16.179520, 324.56164, 28.634933, 396.65760, 313.55342,
16.191681, 414.86116, 27.355869, 398.27723, 314.63600,
16.203850, 417.42630, 30.689568, 399.88747, 315.72599,
16.216009, 379.92881, 30.662697, 401.48556, 316.82175,
16.228170, 393.92302, 37.281090, 403.07250, 317.92422,
16.240330, 346.61384, 33.960548, 404.64730, 319.03294,
16.252489, 405.61804, 35.741798, 406.20969, 320.14799,
16.264641, 376.50046, 35.037743, 407.75852, 321.26856,
16.276791, 508.39308, 40.941429, 409.29579, 322.39510,
16.288950, 442.76322, 39.032585, 410.82449, 323.52855,
16.301090, 466.62030, 48.230270, 412.34263, 324.66617,
16.313240, 412.53632, 45.512688, 413.85534, 325.81054,
16.325380, 474.22278, 50.472565, 415.36184, 326.95976,
16.337530, 503.60606, 34.562443, 416.86603, 328.11555,
16.349670, 466.76674, 28.304325, 418.36711, 329.27602,
16.361799, 504.90851, 28.586136, 419.86642, 330.44087,
16.373940, 554.37255, 33.265923, 421.36832, 331.61223,
16.386070, 571.19873, 31.741964, 422.87179, 332.78798,
16.398211, 599.31216, 32.716953, 424.38073, 333.96989,
16.410339, 610.86639, 30.388567, 425.89410, 335.15584,
16.422461, 578.48195, 29.797817, 427.41392, 336.34610,
16.434589, 586.74496, 32.839912, 428.94366, 337.54210,
16.446711, 529.44659, 31.222637, 430.48297, 338.74224,
16.458839, 552.27049, 28.814638, 432.03534, 339.94797,
16.470961, 549.38757, 34.009468, 433.60041, 341.15769,
16.483070, 543.56678, 32.164936, 435.17923, 342.37093,
16.495190, 477.46403, 43.333260, 436.77613, 343.58972,
16.500280, 521.52145, 27.569424, 437.45231, 344.10303,
16.513599, 506.32157, 24.912704, 439.23769, 345.44974,
16.526911, 495.68548, 22.523027, 441.04725, 346.80101,
16.540211, 442.89197, 21.768869, 442.88257, 348.15633,
16.553520, 498.01040, 23.233782, 444.74872, 349.51776,
16.566820, 450.51990, 23.219025, 446.64520, 350.88324,
16.580120, 468.21773, 23.711502, 448.57555, 352.25366,
16.593420, 445.55379, 21.567242, 450.54201, 353.62894,
16.606710, 511.14190, 23.022110, 452.54536, 355.00798,
16.620001, 469.98772, 22.423588, 454.58928, 356.39169,
16.633301, 529.88830, 24.602390, 456.67759, 357.78099,
16.646589, 467.46189, 24.296101, 458.80929, 359.17358,
16.659870, 494.33985, 23.287792, 460.98727, 360.56979,
16.673149, 440.54194, 20.455873, 463.21479, 361.97012,
16.686440, 452.74118, 19.491009, 465.49384, 363.37590,
16.699711, 460.98910, 19.358681, 467.80802, 364.78382,
16.712990, 495.63789, 20.878847, 470.14816, 366.19664,
16.726271, 466.45054, 20.728933, 472.49946, 367.61366,
16.739540, 481.95178, 19.930473, 474.84581, 369.03338,
16.752810, 457.38086, 18.702045, 477.17547, 370.45694,
16.766081, 480.66218, 18.301453, 479.47500, 371.88448,
16.779341, 505.39281, 19.239740, 481.72836, 373.31447,
16.792601, 479.48573, 20.362658, 483.92377, 374.74808,
16.805870, 465.16019, 20.691187, 486.04891, 376.18626,
16.819120, 507.23363, 20.554369, 488.08542, 377.62584,
16.832380, 550.63685, 20.576569, 490.02387, 379.06986,
16.845631, 450.51768, 18.459503, 491.84751, 380.51616,
16.858891, 462.39248, 18.557362, 493.54494, 381.96676,
16.872141, 495.36643, 19.715029, 495.10283, 383.41950,
16.885380, 508.81124, 20.096151, 496.52336, 384.87410,
16.898630, 472.80642, 19.536205, 497.81421, 386.33301,
16.911869, 476.96146, 19.103388, 498.97829, 387.79363,
16.925110, 482.58205, 18.981632, 500.02197, 389.25738,
16.938351, 482.09029, 19.794285, 500.95005, 390.72398,
16.951580, 483.85270, 20.751881, 501.76678, 392.19209,
16.964821, 475.46175, 21.650644, 502.47840, 393.66419,
16.978050, 509.05728, 22.145222, 503.08844, 395.13768,
16.991270, 503.84776, 21.314579, 503.60191, 396.61269,
17.004499, 519.49363, 19.835436, 504.02420, 398.09129,
17.017719, 631.53133, 20.788755, 504.35924, 399.57130,
17.030951, 998.46625, 25.070099, 504.61207, 401.05499,
17.044161, 880.95686, 24.972063, 504.78662, 402.53868,
17.057381, 582.75161, 21.168949, 504.88778, 404.02573,
17.070601, 525.28210, 19.384651, 504.91976, 405.51501,
17.083811, 557.33542, 20.358816, 504.88693, 407.00538,
17.097019, 523.30557, 19.003735, 504.79362, 408.49764,
17.110229, 532.70110, 20.251131, 504.64401, 409.99218,
17.123430, 479.71745, 20.432714, 504.44247, 411.48763,
17.136641, 501.33338, 20.885647, 504.19287, 412.98610,
17.149839, 483.81452, 20.173042, 503.89973, 414.48516,
17.163040, 506.91433, 20.684284, 503.56689, 415.98627,
17.176229, 513.32120, 20.519480, 503.19879, 417.48784,
17.189430, 529.85036, 20.733635, 502.79883, 418.99244,
17.202620, 557.99327, 22.430450, 502.37171, 420.49740,
17.215811, 495.17281, 21.625294, 501.92103, 422.00419,
17.229000, 502.11955, 21.454206, 501.45090, 423.51232,
17.242180, 520.76070, 22.501289, 500.96558, 425.02087,
17.255369, 533.42386, 23.331734, 500.46832, 426.53196,
17.268551, 472.83556, 23.397232, 499.96371, 428.04358,
17.281719, 503.49594, 23.785780, 499.45591, 429.55502,
17.294901, 469.23612, 25.916140, 498.94758, 431.06929,
17.308069, 518.28808, 28.557194, 498.44240, 432.58328,
17.321251, 514.41938, 25.587696, 497.94176, 434.09999,
17.334410, 499.44376, 25.473999, 497.44944, 435.61522,
17.347580, 523.06011, 26.722820, 496.96655, 437.13287,
17.360750, 577.15786, 28.076809, 496.49594, 438.65157,
17.373911, 626.00646, 29.335972, 496.04038, 440.17016,
17.387070, 538.92248, 27.318428, 495.60199, 441.68948,
17.400230, 477.59295, 26.305410, 495.18311, 443.20993,
17.413380, 504.05533, 24.813103, 494.78658, 444.72990,
17.426540, 482.47672, 24.788198, 494.41418, 446.25201,
17.439690, 464.13540, 24.541443, 494.06904, 447.77354,
17.452841, 517.04983, 27.461517, 493.75327, 449.29601,
17.465981, 480.98071, 26.644512, 493.46967, 450.81781,
17.479130, 476.42054, 27.198208, 493.22031, 452.34132,
17.492270, 484.90975, 27.033167, 493.00811, 453.86430,
17.505409, 563.20962, 27.801220, 492.83544, 455.38780,
17.518551, 481.32264, 27.711044, 492.70489, 456.91200,
17.531679, 484.94206, 28.953491, 492.61917, 458.43507,
17.544821, 498.95130, 29.825390, 492.58075, 459.96006,
17.557949, 510.54255, 29.945578, 492.59240, 461.48385,
17.571079, 507.43061, 31.345226, 492.65676, 463.00813,
17.584200, 413.07040, 30.472910, 492.77648, 464.53156,
17.597330, 432.02435, 31.019564, 492.95372, 466.05628,
17.610451, 600.81449, 35.254257, 493.18717, 467.58004,
17.623569, 505.33693, 32.229485, 493.47509, 469.10369,
17.636690, 577.06450, 46.979942, 493.81581, 470.62761,
17.649799, 503.23018, 39.420418, 494.20720, 472.15021,
17.662910, 474.90754, 40.886028, 494.64791, 473.67300,
17.676029, 531.63977, 37.103275, 495.13651, 475.19660,
17.689131, 582.41576, 47.840546, 495.67041, 476.71807,
17.702240, 596.77377, 51.190269, 496.24897, 478.24026,
17.715349, 524.38740, 45.023258, 496.87030, 479.76222,
17.728451, 628.13054, 48.824383, 497.53247, 481.28304,
17.741550, 531.66788, 40.964264, 498.23420, 482.80333,
17.754641, 512.53882, 30.120975, 498.97354, 484.32215,
17.767740, 601.74610, 28.058683, 499.75009, 485.84168,
17.780830, 602.67001, 32.853737, 500.56128, 487.35965,
17.793921, 543.21902, 29.053383, 501.40623, 488.87713,
17.807011, 528.21158, 27.347496, 502.28356, 490.39407,
17.820101, 591.51867, 30.975702, 503.19187, 491.91042,
17.833179, 520.29692, 28.631409, 504.12898, 493.42482,
17.846270, 486.29551, 27.470909, 505.09517, 494.93986,
17.859341, 512.64096, 28.460936, 506.08686, 496.45197,
17.872419, 516.86639, 31.017056, 507.10472, 497.96419,
17.885500, 587.89594, 35.354290, 508.14705, 499.47581,
17.898569, 552.83371, 35.068089, 509.21149, 500.98525,
17.911640, 519.19208, 34.314793, 510.29783, 502.49399,
17.924709, 461.27729, 33.377640, 511.40453, 504.00155,
17.937780, 568.19577, 58.104446, 512.53067, 505.50833,
17.941250, 521.14168, 27.636280, 512.83266, 505.90810,
17.955721, 522.79478, 26.703501, 514.10550, 507.57470,
17.970181, 555.83630, 27.012554, 515.39741, 509.23862,
17.984650, 516.40146, 26.098253, 516.70866, 510.90219,
17.999109, 521.97050, 26.519131, 518.03590, 512.56316,
18.013571, 531.90983, 27.830914, 519.37859, 514.22278,
18.028021, 478.47878, 26.013386, 520.73390, 515.87944,
18.042480, 555.69606, 26.968630, 522.10222, 517.53550,
18.056931, 531.05469, 25.599836, 523.48020, 519.18869,
18.071381, 539.42627, 26.441961, 524.86719, 520.84004,
18.085819, 464.66958, 26.859179, 526.26075, 522.48817,
18.100269, 533.48935, 28.515755, 527.66259, 524.13563,
18.114710, 559.60792, 28.180637, 529.07041, 525.77996,
18.129150, 546.75080, 25.818880, 530.48486, 527.42217,
18.143579, 554.88830, 23.802788, 531.90454, 529.06090,
18.158020, 481.23402, 21.571766, 533.33144, 530.69866,
18.172449, 571.65335, 24.582914, 534.76305, 532.33280,
18.186880, 522.37325, 24.838696, 536.20043, 533.96475,
18.201300, 473.82239, 24.487730, 537.64201, 535.59294,
18.215719, 519.87634, 24.693695, 539.08866, 537.21858,
18.230150, 578.14727, 24.414736, 540.54132, 538.84289,
18.244560, 499.43095, 22.350479, 541.99647, 540.46214,
18.258980, 544.60624, 23.096407, 543.45696, 542.07969,
18.273390, 521.97206, 23.730989, 544.92064, 543.69333,
18.287800, 552.56895, 25.012272, 546.38822, 545.30405,
18.302210, 534.33037, 25.013170, 547.85951, 546.91176,
18.316620, 583.95605, 24.682114, 549.33427, 548.51639,
18.331020, 559.54123, 23.550919, 550.81131, 550.11680,
18.345421, 572.16178, 25.034819, 552.29140, 551.71398,
18.359819, 537.14302, 25.037643, 553.77412, 553.30762,
18.374210, 587.22324, 28.265469, 555.25867, 554.89702,
18.388611, 576.31050, 27.135010, 556.74661, 556.48399,
18.403000, 558.75425, 24.862780, 558.23558, 558.06613,
18.417379, 584.39685, 23.794348, 559.72556, 559.64357,
18.431770, 558.05844, 22.210623, 561.21853, 561.21853,
18.446150, 519.56603, 21.022877, 562.71191, 562.78843,
18.460529, 585.31708, 23.667358, 564.20672, 564.35449,
18.474911, 571.13960, 24.656927, 565.70299, 565.91691,
18.489281, 683.37702, 26.954287, 567.19918, 567.47421,
18.503660, 552.99065, 24.222242, 568.69728, 569.02866,
18.518030, 595.70787, 23.723654, 570.19517, 570.57816,
18.532391, 548.21911, 22.047215, 571.69267, 572.12271,
18.546761, 563.83363, 22.785423, 573.19161, 573.66434,
18.561119, 546.78223, 23.579544, 574.68964, 575.20077,
18.575480, 609.22256, 26.614777, 576.18800, 576.73341,
18.589840, 564.99257, 26.491367, 577.68632, 578.26202,
18.604191, 563.03428, 25.877956, 579.18345, 579.78557,
18.618549, 534.65304, 25.377018, 580.68102, 581.30586,
18.632900, 583.15260, 25.557755, 582.17727, 582.82124,
18.647240, 578.49635, 27.646996, 583.67165, 584.33129,
18.661591, 607.05494, 28.856104, 585.16638, 585.83837,
18.675930, 774.39717, 30.055582, 586.65891, 587.34006,
18.690269, 1150.0998, 32.936371, 588.15028, 588.83753,
18.704611, 2792.4343, 45.892357, 589.64052, 590.33094,
18.718941, 2791.3942, 43.545471, 591.12808, 591.81886,
18.733271, 1223.1698, 29.894733, 592.61398, 593.30246,
18.747601, 732.80900, 26.598240, 594.09805, 594.78169,
18.761930, 604.20224, 27.082527, 595.58014, 596.25651,
18.776260, 634.96033, 29.191654, 597.06006, 597.72689,
18.790581, 590.36035, 28.588823, 598.53666, 599.19180,
18.804899, 638.58547, 27.370926, 600.01057, 600.65199,
18.819220, 606.95436, 26.103970, 601.48200, 602.10780,
18.833530, 618.80642, 27.342709, 602.94959, 603.55803,
18.847839, 641.10769, 27.566093, 604.41396, 605.00341,
18.862150, 600.14515, 29.531012, 605.87532, 606.44427,
18.876459, 650.47146, 34.099373, 607.33310, 607.88018,
18.890770, 695.99898, 34.528164, 608.78749, 609.31148,
18.905069, 611.44647, 33.915558, 610.23696, 610.73677,
18.919371, 607.52479, 31.862850, 611.68267, 612.15735,
18.933670, 639.19725, 33.184586, 613.12404, 613.57277,
18.947960, 683.20176, 38.240311, 614.56012, 614.98224,
18.962250, 620.19116, 35.367939, 615.99167, 616.38663,
18.976540, 698.66833, 36.938965, 617.41848, 617.78589,
18.990829, 737.26136, 36.560356, 618.84035, 619.17996,
19.005119, 640.53892, 34.019791, 620.25707, 620.56878,
19.019400, 676.44659, 31.600571, 621.66749, 621.95137,
19.033680, 616.80490, 30.099577, 623.07232, 623.32857,
19.047960, 620.99866, 31.878189, 624.47137, 624.70034,
19.062229, 610.64045, 35.779488, 625.86327, 626.06551,
19.076500, 682.48574, 43.290943, 627.24912, 627.42528,
19.090771, 551.84280, 37.927132, 628.62849, 628.77942,
19.105040, 622.87094, 36.802849, 630.00097, 630.12766,
19.119310, 650.82035, 40.315109, 631.36666, 631.47030,
19.133570, 650.88148, 35.954449, 632.72406, 632.80600,
19.147829, 666.90175, 39.757214, 634.07400, 634.13578,
19.162090, 686.25243, 43.554352, 635.41641, 635.45972,
19.176340, 686.44211, 47.005440, 636.74978, 636.77651,
19.190599, 520.76250, 49.313751, 638.07579, 638.08802,
19.204849, 633.61354, 51.928528, 639.39240, 639.39240,
19.219101, 728.64238, 49.459621, 640.70051, 640.69067,
19.233339, 627.50145, 44.188782, 641.99907, 641.98165,
19.247580, 732.35102, 52.955303, 643.28994, 643.26697,
19.261820, 702.99799, 44.311119, 644.57339, 644.54670,
19.276060, 625.14722, 47.677181, 645.84987, 645.82108,
19.290300, 748.97912, 49.793102, 647.11981, 647.09035,
19.304529, 678.15771, 51.983089, 648.38265, 648.35373,
19.318760, 630.51185, 49.624645, 649.64000, 649.61265,
19.332991, 624.70609, 49.464890, 650.89211, 650.86718,
19.347219, 573.42851, 47.203915, 652.13924, 652.11738,
19.361441, 615.86338, 50.184326, 653.38132, 653.36299,
19.375660, 542.34720, 55.140930, 654.61925, 654.60474,
19.389879, 644.78153, 51.913017, 655.85361, 655.84302,
19.404100, 720.55094, 58.062984, 657.08499, 657.07824,
19.418310, 660.50250, 56.062958, 658.31263, 658.30947,
19.432520, 659.53792, 60.904549, 659.53792, 659.53792,
