# wave, flux, fluxerr, continuum, continuum_plateau
9.9725246, 3480.1353, 52.201599, 3480.1353, 3480.1353,
9.9806166, 3449.4325, 57.062519, 3487.0860, 3487.0829,
9.9887066, 3692.6404, 51.700207, 3494.2181, 3494.2064,
9.9967957, 3508.2888, 48.689159, 3501.5319, 3501.5066,
10.004880, 3503.3877, 51.768066, 3509.0232, 3508.9801,
10.012970, 3547.0676, 51.725769, 3516.7013, 3516.6368,
10.021050, 3517.3039, 47.256996, 3524.5513, 3524.4623,
10.029140, 3503.2645, 49.194359, 3532.5914, 3532.4753,
10.037220, 3566.0943, 53.188904, 3540.8012, 3540.6561,
10.045300, 3629.2352, 49.533607, 3549.1909, 3549.0154,
10.053380, 3496.9564, 46.701210, 3557.7612, 3557.5543,
10.061460, 3494.9926, 49.854233, 3566.5099, 3566.2711,
10.069540, 3551.6896, 49.341888, 3575.4390, 3575.1682,
10.077610, 3544.8196, 45.178001, 3584.5354, 3584.2330,
10.085690, 3549.0496, 46.312618, 3593.8216, 3593.4882,
10.093760, 3597.0899, 48.659218, 3603.2756, 3602.9124,
10.101830, 3614.3663, 45.199524, 3612.9084, 3612.5167,
10.109900, 3640.4370, 43.628860, 3622.7212, 3622.3026,
10.117970, 3689.8660, 46.102261, 3632.7118, 3632.2683,
10.126040, 3789.7106, 46.317032, 3642.8815, 3642.4152,
10.134100, 3718.8576, 42.753292, 3653.2170, 3652.7303,
10.142170, 3760.9440, 43.885086, 3663.7454, 3663.2409,
10.150230, 3730.3372, 45.918449, 3674.4408, 3673.9213,
10.158300, 3760.1176, 44.220497, 3685.3290, 3684.7972,
10.166360, 3724.5023, 41.890312, 3696.3833, 3695.8422,
10.174420, 3738.7742, 44.273167, 3707.6193, 3707.0721,
10.182470, 3858.0565, 45.581093, 3719.0214, 3718.4712,
10.190530, 3878.5480, 47.524765, 3730.6184, 3730.0682,
10.198590, 3780.4915, 42.246300, 3742.3988, 3741.8518,
10.206640, 3823.1169, 45.891018, 3754.3461, 3753.8055,
10.214690, 3875.9463, 44.845757, 3766.4763, 3765.9450,
10.222750, 3825.3067, 42.499687, 3778.8046, 3778.2857,
10.230800, 3749.1240, 44.735786, 3791.3025, 3790.7989,
10.238850, 3853.1280, 47.681755, 3803.9855, 3803.4998,
10.246890, 3912.7119, 45.402580, 3816.8388, 3816.3737,
10.254940, 3852.6326, 44.855747, 3829.8938, 3829.4517,
10.262990, 3882.4091, 49.335518, 3843.1363, 3842.7193,
10.271030, 3936.5720, 50.013840, 3856.5512, 3856.1613,
10.279070, 4015.0872, 48.156052, 3870.1533, 3869.7922,
10.287120, 3953.7792, 49.372047, 3883.9636, 3883.6326,
10.295150, 3879.8817, 51.544487, 3897.9302, 3897.6304,
10.303190, 3960.2456, 49.739475, 3912.1070, 3911.8392,
10.311230, 3972.6282, 47.615108, 3926.4755, 3926.2399,
10.319270, 3945.7681, 50.381325, 3941.0401, 3940.8367,
10.327300, 3994.1370, 53.232452, 3955.7810, 3955.6092,
10.335340, 3989.7003, 50.783825, 3970.7363, 3970.5952,
10.343370, 3931.2659, 47.953281, 3985.8736, 3985.7617,
10.351400, 3958.0289, 53.440155, 4001.2083, 4001.1237,
10.359430, 4030.7102, 54.243572, 4016.7437, 4016.6837,
10.367460, 4070.6939, 51.535027, 4032.4812, 4032.4428,
10.375480, 3939.4979, 56.129784, 4048.4014, 4048.3807,
10.383510, 3912.0373, 61.181656, 4064.5475, 4064.5402,
10.391530, 4047.9383, 61.053055, 4080.8808, 4080.8820,
10.399560, 4008.1618, 48.396152, 4097.4419, 4097.4458,
10.407580, 4170.4624, 42.578232, 4114.1932, 4114.1932,
10.415600, 4106.2780, 44.286724, 4131.1532, 4131.1424,
10.423620, 4238.1256, 45.999725, 4148.3240, 4148.2960,
10.431640, 4798.7402, 47.711044, 4165.6991, 4165.6482,
10.439650, 4849.2122, 48.737591, 4183.2570, 4183.1782,
10.447670, 4454.9394, 47.380505, 4201.0392, 4200.9281,
10.455680, 4270.9606, 44.487373, 4218.9968, 4218.8497,
10.463700, 4257.4893, 43.319969, 4237.1745, 4236.9883,
10.471710, 4289.7826, 45.894131, 4255.5225, 4255.2948,
10.479720, 4484.2484, 46.892540, 4274.0621, 4273.7909,
10.487730, 5531.8092, 49.006767, 4292.7912, 4292.4752,
10.495730, 12585.163, 69.202141, 4311.6850, 4311.3233,
10.503740, 36465.049, 141.52454, 4330.7865, 4330.3785,
10.511750, 40068.457, 147.11656, 4350.0711, 4349.6169,
10.519750, 14882.067, 79.719238, 4369.5112, 4369.0113,
10.527750, 4767.0306, 53.000778, 4389.1324, 4388.5876,
10.535750, 4415.6835, 56.254814, 4408.9303, 4408.3418,
10.543750, 4376.5069, 56.997215, 4428.9008, 4428.2701,
10.551750, 4416.3478, 58.796288, 4449.0468, 4448.3757,
10.559750, 4355.9693, 65.806099, 4469.3615, 4468.6522,
10.567850, 4675.5598, 52.581661, 4490.1057, 4489.3601,
10.576350, 5251.3793, 54.220047, 4512.0580, 4511.2773,
10.584840, 5247.1533, 54.266972, 4534.1703, 4533.3576,
10.593340, 4802.0078, 48.965168, 4556.4951, 4555.6538,
10.601830, 4630.9118, 47.885155, 4578.9754, 4578.1093,
10.610330, 4659.6515, 51.107983, 4601.6650, 4600.7778,
10.618820, 4757.0905, 50.934376, 4624.5086, 4623.6043,
10.627310, 4728.3135, 48.444260, 4647.5271, 4646.6097,
10.635800, 4642.3645, 49.712135, 4670.7241, 4669.7976,
10.644280, 4805.0300, 53.668427, 4694.0662, 4693.1349,
10.652770, 4880.9269, 52.082996, 4717.6069, 4716.6750,
10.661250, 4798.0603, 49.896801, 4741.2918, 4740.3634,
10.669740, 4766.3562, 53.050278, 4765.1726, 4764.2518,
10.678220, 4836.1201, 54.444927, 4789.1940, 4788.2850,
10.686700, 4923.2625, 51.869934, 4813.3815, 4812.4882,
10.695180, 4917.7567, 51.534382, 4837.7336, 4836.8598,
10.703650, 4985.5593, 54.751499, 4862.2213, 4861.3707,
10.712130, 5066.5748, 55.119797, 4886.8955, 4886.0717,
10.720600, 5093.5394, 52.155193, 4911.7052, 4910.9115,
10.729080, 5069.2847, 52.573750, 4936.7020, 4935.9416,
10.737550, 5045.7515, 54.660538, 4961.8258, 4961.1015,
10.746020, 5168.9853, 53.270481, 4987.1092, 4986.4236,
10.754490, 5052.4688, 50.406467, 5012.5452, 5011.9006,
10.762960, 5085.1250, 51.821888, 5038.1386, 5037.5370,
10.771420, 5139.6574, 54.527153, 5063.8506, 5063.2936,
10.779890, 5158.4401, 52.580276, 5089.7497, 5089.2386,
10.788350, 5133.3030, 51.139629, 5115.7680, 5115.3036,
10.796810, 5128.6061, 53.456432, 5141.9365, 5141.5193,
10.805270, 5263.9735, 55.959026, 5168.2544, 5167.8843,
10.813730, 5310.8542, 53.969658, 5194.7209, 5194.3975,
10.822190, 5251.0534, 52.718437, 5221.3352, 5221.0574,
10.830650, 5179.7236, 55.796474, 5248.0964, 5247.8629,
10.839100, 5271.6514, 57.155563, 5274.9705, 5274.7791,
10.847560, 5257.6773, 54.150833, 5302.0234, 5301.8716,
10.856010, 5256.8342, 54.487499, 5329.1906, 5329.0752,
10.864460, 5339.9532, 59.642506, 5356.4988, 5356.4159,
10.872910, 5427.5875, 60.709843, 5383.9504, 5383.8957,
10.881360, 5475.6787, 58.324028, 5411.5481, 5411.5165,
10.889800, 5380.2621, 59.325348, 5439.2538, 5439.2394,
10.898250, 5457.7491, 64.492294, 5467.1327, 5467.1291,
10.906690, 5556.4553, 65.359673, 5495.1215, 5495.1215,
10.915140, 5537.9706, 62.789520, 5523.2858, 5523.2817,
10.923580, 5543.1701, 66.432343, 5551.5534, 5551.5379,
10.932020, 5649.3242, 72.637703, 5579.9566, 5579.9228,
10.940460, 5846.0297, 72.446663, 5608.4926, 5608.4346,
10.948890, 5959.1507, 73.195389, 5637.1233, 5637.0353,
10.957330, 5923.1322, 77.694489, 5665.9172, 5665.7942,
10.965760, 6065.2081, 60.540459, 5694.8035, 5694.6410,
10.974200, 6386.8204, 56.923103, 5723.8451, 5723.6389,
10.982630, 6674.3202, 55.494957, 5752.9707, 5752.7172,
10.991060, 6758.6202, 56.674286, 5782.2170, 5781.9132,
10.999490, 6966.7266, 62.172829, 5811.5751, 5811.2182,
11.007920, 6900.9400, 59.530533, 5841.0493, 5840.6369,
11.016340, 6868.8741, 59.444832, 5870.5971, 5870.1273,
11.024770, 6763.1963, 60.812805, 5900.2863, 5899.7575,
11.033190, 6812.8418, 67.795158, 5930.0475, 5929.4586,
11.041610, 6798.5252, 67.563080, 5959.9120, 5959.2621,
11.050030, 6717.4384, 64.121658, 5989.8777, 5989.1662,
11.058450, 6665.4101, 67.326729, 6019.9422, 6019.1688,
11.066870, 6732.2823, 67.685326, 6050.1034, 6049.2682,
11.075290, 6669.9773, 68.540260, 6080.3593, 6079.4625,
11.083700, 6796.5669, 75.416924, 6110.6731, 6109.7154,
11.092120, 6844.9644, 70.739517, 6141.1116, 6140.0936,
11.100530, 6825.0975, 93.465584, 6171.6004, 6170.5232,
11.108940, 6925.0437, 85.677589, 6202.1786, 6201.0435,
11.117350, 6958.3076, 108.71265, 6232.8374, 6231.6457,
11.120570, 7455.4424, 71.431007, 6244.6005, 6243.3875,
11.129530, 7695.0519, 68.784531, 6277.3884, 6276.1177,
11.138500, 7996.0309, 68.973495, 6310.3048, 6308.9783,
11.147460, 8409.5971, 72.655067, 6343.2702, 6341.8902,
11.156430, 9441.3614, 77.838989, 6376.3595, 6374.9284,
11.165390, 10338.141, 77.036438, 6409.4930, 6408.0134,
11.174350, 11508.152, 79.422600, 6442.7071, 6441.1817,
11.183300, 12751.615, 87.419556, 6475.9640, 6474.3957,
11.192260, 14020.592, 91.881561, 6509.3324, 6507.7241,
11.201220, 14693.930, 89.676636, 6542.7747, 6541.1294,
11.210170, 14499.029, 88.502129, 6576.2529, 6574.5738,
11.219120, 14624.318, 93.478851, 6609.8005, 6608.0907,
11.228070, 14675.196, 93.899940, 6643.4153, 6641.6781,
11.237020, 14464.400, 87.997421, 6677.0916, 6675.3303,
11.245970, 14394.100, 89.087555, 6710.8345, 6709.0523,
11.254920, 14081.839, 91.077728, 6744.6384, 6742.8386,
11.263860, 14103.947, 90.718651, 6778.4613, 6776.6474,
11.272800, 13794.333, 85.855392, 6812.3445, 6810.5197,
11.281750, 13483.031, 86.151962, 6846.3150, 6844.4826,
11.290690, 13196.104, 87.757431, 6880.3055, 6878.4689,
11.299630, 13434.285, 87.806709, 6914.3431, 6912.5055,
11.308560, 13268.130, 84.511337, 6948.3929, 6946.5575,
11.317500, 12441.836, 82.967499, 6982.5257, 6980.6958,
11.326430, 11904.445, 84.557495, 7016.6668, 7014.8454,
11.335370, 11625.320, 82.439072, 7050.8871, 7049.0773,
11.344300, 11301.933, 78.550171, 7085.1117, 7083.3164,
11.353230, 11133.635, 78.531883, 7119.3752, 7117.5974,
11.362160, 10998.562, 90.390724, 7153.6720, 7151.9144,
11.371080, 10597.808, 77.976837, 7187.9708, 7186.2363,
11.380010, 10431.825, 74.696167, 7222.3359, 7220.6270,
11.388930, 10195.906, 74.528313, 7256.6991, 7255.0184,
11.397850, 10076.804, 77.222305, 7291.0882, 7289.4380,
11.406780, 9967.9423, 75.755348, 7325.5453, 7323.9280,
11.415700, 9868.7040, 72.703049, 7359.9876, 7358.4055,
11.424610, 9717.2734, 73.814217, 7394.4170, 7392.8720,
11.433530, 9699.8418, 77.209999, 7428.9054, 7427.3994,
11.442450, 9558.2301, 75.800392, 7463.4140, 7461.9489,
11.451360, 9389.4112, 71.956055, 7497.9041, 7496.4816,
11.460270, 9264.1513, 73.816849, 7532.4109, 7531.0325,
11.469180, 9212.6123, 76.072472, 7566.9325, 7565.5996,
11.478090, 9200.5384, 76.996185, 7601.4672, 7600.1810,
11.487000, 9045.7553, 73.653946, 7636.0131, 7634.7747,
11.495910, 9037.6193, 75.760757, 7670.5648, 7669.3753,
11.504810, 8927.7049, 78.098114, 7705.0909, 7703.9510,
11.513710, 8936.6760, 79.170776, 7739.6192, 7738.5296,
11.522620, 8876.1478, 76.751953, 7774.1924, 7773.1536,
11.531520, 8975.1084, 79.027138, 7808.7272, 7807.7397,
11.540420, 8857.0159, 81.972572, 7843.2627, 7842.3266,
11.549310, 9034.6947, 84.623947, 7877.7600, 7876.8753,
11.558210, 8909.5398, 81.377579, 7912.2951, 7911.4618,
11.567100, 8847.8010, 82.065399, 7946.7811, 7945.9990,
11.576000, 8693.6593, 86.167862, 7981.3050, 7980.5738,
11.584890, 8668.5909, 87.821983, 8015.7800, 8015.0991,
11.593780, 8632.9881, 86.209709, 8050.2414, 8049.6101,
11.602670, 8699.1375, 86.790161, 8084.6947, 8084.1122,
11.611560, 8409.5493, 90.352303, 8119.1345, 8118.5999,
11.620440, 8518.0937, 93.699005, 8153.5184, 8153.0305,
11.629330, 8539.5313, 93.522537, 8187.9258, 8187.4835,
11.638210, 8524.5226, 93.263435, 8222.2775, 8221.8794,
11.647090, 8414.5233, 98.406837, 8256.6049, 8256.2494,
11.655970, 8327.5971, 102.14302, 8290.9099, 8290.5955,
11.664850, 8446.0896, 80.078438, 8325.1944, 8324.9194,
11.673730, 8462.8780, 63.149906, 8359.4492, 8359.2117,
11.682600, 8494.9832, 71.055641, 8393.6394, 8393.4374,
11.691480, 8502.2716, 69.489494, 8427.8368, 8427.6683,
11.700350, 8464.9421, 71.546303, 8461.9660, 8461.8288,
11.709220, 8532.1081, 73.972198, 8496.0620, 8495.9539,
11.718090, 8646.8200, 75.162849, 8530.1229, 8530.0415,
11.726960, 8531.5103, 77.496307, 8564.1469, 8564.0897,
11.735830, 8611.6786, 78.572075, 8598.1322, 8598.0966,
11.744690, 8734.8545, 85.594444, 8632.0366, 8632.0202,
11.753560, 8592.5434, 79.046249, 8665.9387, 8665.9387,
11.762420, 8689.0978, 80.208412, 8699.7553, 8699.7690,
11.771280, 8701.5191, 122.20158, 8733.5233, 8733.5478,
11.775020, 8763.4656, 77.170677, 8747.7565, 8747.7847,
11.784500, 8735.4173, 79.469856, 8783.7903, 8783.8254,
11.793980, 8823.7134, 78.684113, 8819.7380, 8819.7764,
11.803460, 8910.9749, 84.732635, 8855.5971, 8855.6350,
11.812940, 8883.7843, 74.026985, 8891.3506, 8891.3842,
11.822420, 8889.4260, 76.650009, 8926.9958, 8927.0212,
11.831890, 9021.7411, 76.762573, 8962.4802, 8962.4934,
11.841360, 9253.6493, 75.004257, 8997.8333, 8997.8302,
11.850840, 9257.4600, 73.200386, 9033.0805, 9033.0571,
11.860310, 9246.7047, 75.371185, 9068.1411, 9068.0933,
11.869770, 9281.9068, 75.655014, 9103.0054, 9102.9294,
11.879240, 9435.7643, 73.647751, 9137.7337, 9137.6256,
11.888710, 9329.2888, 71.220818, 9172.2807, 9172.1366,
11.898170, 9435.6812, 73.329758, 9206.6017, 9206.4180,
11.907630, 9502.3649, 75.002052, 9240.7180, 9240.4912,
11.917090, 9681.5010, 75.008789, 9274.6260, 9274.3531,
11.926550, 9638.3488, 71.687508, 9308.3088, 9307.9867,
11.936010, 9708.5485, 72.523216, 9341.7626, 9341.3888,
11.945470, 9838.7122, 74.978027, 9374.9702, 9374.5424,
11.954920, 9991.0414, 73.826744, 9407.8914, 9407.4078,
11.964370, 9925.0119, 71.765633, 9440.5491, 9440.0083,
11.973830, 9904.3251, 71.957787, 9472.9684, 9472.3696,
11.983280, 9972.1648, 74.827499, 9505.0667, 9504.4095,
11.992720, 10043.261, 74.151726, 9536.8340, 9536.1189,
12.002170, 10084.962, 72.636894, 9568.3299, 9567.5580,
12.011610, 10042.748, 72.039436, 9599.4766, 9598.6496,
12.021060, 9953.7253, 74.300140, 9630.3259, 9629.4464,
12.030500, 9990.7511, 74.214996, 9660.8043, 9659.8758,
12.039940, 10034.560, 73.386536, 9690.9285, 9689.9556,
12.049380, 9911.1955, 72.046661, 9720.6934, 9719.6814,
12.058820, 9989.3728, 75.402420, 9750.0811, 9749.0366,
12.068250, 10331.450, 77.261505, 9779.0540, 9777.9849,
12.077690, 10214.326, 75.207504, 9807.6617, 9806.5768,
12.087120, 10044.748, 72.999832, 9835.8287, 9834.7384,
12.096550, 10145.817, 75.980957, 9863.5749, 9862.4909,
12.105980, 10160.061, 81.272423, 9890.8881, 9889.8237,
12.115410, 10096.032, 77.290527, 9917.7560, 9916.7260,
12.124830, 9965.6897, 74.947937, 9944.1396, 9943.1604,
12.134260, 9997.5587, 77.051720, 9970.0796, 9969.1697,
12.143680, 10112.325, 80.487640, 9995.5085, 9994.6878,
12.153100, 10292.940, 81.860123, 10020.445, 10019.735,
12.162520, 10085.638, 87.929680, 10044.873, 10044.299,
12.171940, 10162.689, 79.872665, 10068.777, 10068.365,
12.181360, 10119.348, 83.061638, 10092.149, 10091.928,
12.190770, 10112.400, 84.522484, 10114.947, 10114.947,
12.200180, 10056.435, 82.274033, 10137.189, 10137.443,
12.209600, 10123.865, 82.909828, 10158.905, 10159.443,
12.219010, 10224.493, 86.558479, 10180.058, 10180.908,
12.228420, 10350.840, 90.021133, 10200.683, 10201.870,
12.237820, 10239.546, 88.879074, 10220.768, 10222.314,
12.247230, 10375.174, 88.799492, 10240.370, 10242.294,
12.256630, 10331.605, 90.657623, 10259.457, 10261.776,
12.266040, 10839.848, 97.383072, 10278.077, 10280.806,
12.275440, 11799.775, 101.91563, 10296.203, 10299.353,
12.284840, 11418.821, 100.12032, 10313.862, 10317.445,
12.294230, 10634.824, 97.939430, 10331.051, 10335.072,
12.303630, 10771.956, 125.17778, 10347.809, 10352.277,
12.313030, 10627.407, 106.14524, 10364.133, 10369.051,
12.322420, 10526.163, 115.34769, 10380.012, 10385.382,
12.331810, 10669.301, 82.422813, 10395.474, 10401.297,
12.341200, 10720.731, 69.153542, 10410.528, 10416.803,
12.350590, 11084.897, 72.431183, 10425.183, 10431.907,
12.359980, 12090.692, 78.305786, 10439.447, 10446.617,
12.369360, 13962.732, 86.013435, 10453.315, 10460.924,
12.378750, 12802.473, 84.318527, 10466.824, 10474.867,
12.388130, 11335.225, 81.120354, 10479.955, 10488.423,
12.397510, 10932.059, 79.496490, 10492.728, 10501.612,
12.406890, 11033.135, 78.553139, 10505.154, 10514.444,
12.416270, 11118.083, 79.453697, 10517.241, 10526.925,
12.425640, 11104.912, 78.653366, 10528.982, 10539.048,
12.435020, 11219.250, 82.041245, 10540.412, 10550.848,
12.444390, 11295.116, 81.451706, 10551.512, 10562.304,
12.453760, 11168.736, 78.205231, 10562.305, 10573.437,
12.463130, 11187.172, 80.847771, 10572.796, 10584.254,
12.472500, 11365.447, 88.031166, 10582.993, 10594.761,
12.481870, 11488.475, 103.27440, 10592.904, 10604.965,
12.489420, 11550.548, 87.873741, 10600.687, 10612.971,
12.499490, 11672.597, 90.073212, 10610.790, 10623.356,
12.509550, 11973.285, 89.014153, 10620.578, 10633.403,
12.519610, 11996.869, 86.082916, 10630.066, 10643.131,
12.529670, 12017.587, 86.065338, 10639.265, 10652.546,
12.539730, 12071.178, 89.217949, 10648.182, 10661.659,
12.549780, 12221.302, 95.511215, 10656.817, 10670.468,
12.559840, 12380.420, 86.122490, 10665.197, 10678.998,
12.569890, 12501.244, 85.132431, 10673.310, 10687.241,
12.579940, 12569.881, 87.137054, 10681.176, 10695.212,
12.589990, 12784.641, 88.403511, 10688.800, 10702.919,
12.600040, 12933.418, 86.840088, 10696.191, 10710.372,
12.610090, 12945.730, 84.595886, 10703.357, 10717.575,
12.620130, 12896.325, 95.688477, 10710.297, 10724.531,
12.630170, 13014.488, 86.706390, 10717.028, 10731.255,
12.640210, 13223.406, 87.844444, 10723.556, 10737.755,
12.650250, 13135.402, 83.998749, 10729.888, 10744.037,
12.660290, 13108.830, 83.494034, 10736.032, 10750.109,
12.670330, 13091.003, 84.520248, 10741.995, 10755.980,
12.680360, 13306.693, 86.314888, 10747.778, 10761.649,
12.690390, 13672.950, 85.019981, 10753.395, 10767.132,
12.700420, 14884.536, 87.826035, 10758.853, 10772.436,
12.710450, 15108.882, 89.408173, 10764.157, 10777.566,
12.720480, 14288.720, 90.031151, 10769.316, 10782.532,
12.730500, 14141.288, 98.112869, 10774.330, 10787.336,
12.740530, 14083.761, 85.301537, 10779.217, 10791.994,
12.750550, 13947.447, 83.471443, 10783.974, 10796.505,
12.760570, 14160.611, 86.989319, 10788.612, 10800.880,
12.770590, 14587.111, 88.739799, 10793.137, 10805.127,
12.780610, 15296.258, 89.783058, 10797.557, 10809.253,
12.790620, 19884.048, 105.50124, 10801.874, 10813.261,
12.800640, 55374.694, 165.47083, 10806.102, 10817.166,
12.810650, 134314.53, 322.59842, 10810.239, 10820.968,
12.820660, 73391.987, 200.21710, 10814.296, 10824.677,
12.830670, 16446.964, 90.992569, 10818.280, 10828.302,
12.840680, 13126.204, 82.992241, 10822.197, 10831.847,
12.850680, 12702.606, 83.514908, 10826.049, 10835.319,
12.860690, 12475.369, 84.531906, 10829.851, 10838.730,
12.870690, 12183.148, 82.271225, 10833.600, 10842.080,
12.880690, 11942.882, 80.603622, 10837.307, 10845.381,
12.890690, 11758.672, 81.031441, 10840.978, 10848.639,
12.900680, 11649.263, 86.966782, 10844.616, 10851.857,
12.910680, 12163.071, 85.467812, 10848.234, 10855.051,
12.920670, 12137.447, 83.433258, 10851.831, 10858.219,
12.930670, 11453.713, 81.459450, 10855.421, 10861.376,
12.940660, 11195.210, 83.252533, 10859.002, 10864.522,
12.950640, 11330.932, 86.357025, 10862.580, 10867.663,
12.960630, 11116.496, 84.170013, 10866.169, 10870.815,
12.970620, 11195.334, 84.194839, 10869.772, 10873.979,
12.980600, 11223.502, 85.952538, 10873.390, 10877.160,
12.990580, 11107.019, 89.003799, 10877.034, 10880.368,
13.000560, 10920.893, 87.894211, 10880.710, 10883.611,
13.010540, 10978.971, 88.141006, 10884.424, 10886.894,
13.020520, 11035.688, 88.165535, 10888.182, 10890.226,
13.030490, 10957.948, 90.965744, 10891.986, 10893.608,
13.040470, 10978.374, 94.112320, 10895.850, 10897.056,
13.050440, 10914.294, 94.774460, 10899.773, 10900.570,
13.060410, 10999.784, 94.107086, 10903.764, 10904.159,
13.070380, 10879.816, 94.700584, 10907.831, 10907.831,
13.080350, 10816.749, 98.911987, 10911.978, 10911.592,
13.090310, 10928.514, 102.01920, 10916.203, 10915.440,
13.100280, 10982.764, 102.59366, 10920.515, 10919.384,
13.110240, 10942.573, 101.52129, 10924.906, 10923.418,
13.120200, 10997.324, 105.62685, 10929.381, 10927.546,
13.130160, 10979.704, 109.54913, 10933.942, 10931.770,
13.140110, 10979.781, 88.953209, 10938.584, 10936.086,
13.150070, 10914.890, 70.394234, 10943.317, 10940.505,
13.160020, 10865.550, 71.292435, 10948.133, 10945.019,
13.169980, 10879.496, 77.559105, 10953.043, 10949.638,
13.179930, 10919.029, 78.005615, 10958.038, 10954.354,
13.189870, 10884.733, 79.863937, 10963.119, 10959.170,
13.199820, 10953.923, 80.200737, 10968.296, 10964.094,
13.209770, 10824.657, 78.003647, 10973.567, 10969.125,
13.219710, 10861.237, 77.340271, 10978.927, 10974.258,
13.229650, 10847.791, 79.021103, 10984.381, 10979.499,
13.239590, 10932.526, 80.042580, 10989.932, 10984.850,
13.249530, 10867.442, 78.980934, 10995.581, 10990.313,
13.259470, 10739.955, 77.301025, 11001.328, 10995.888,
13.269410, 10830.772, 81.026245, 11007.176, 11001.578,
13.279340, 10943.433, 88.027130, 11013.119, 11007.377,
13.289270, 10903.838, 88.126427, 11019.166, 11013.294,
13.299200, 10978.754, 91.165344, 11025.316, 11019.328,
13.309130, 10980.899, 96.819626, 11031.571, 11025.483,
13.318260, 11109.447, 84.030838, 11037.418, 11031.249,
13.328980, 11131.990, 80.740189, 11044.400, 11038.152,
13.339690, 11016.715, 81.091034, 11051.504, 11045.193,
13.350400, 11027.833, 82.423714, 11058.738, 11052.380,
13.361120, 11233.412, 82.228958, 11066.112, 11059.724,
13.371830, 11185.333, 77.832611, 11073.613, 11067.211,
13.382530, 11073.979, 76.083107, 11081.244, 11074.844,
13.393240, 11155.839, 78.792801, 11089.021, 11082.639,
13.403940, 11217.134, 79.709175, 11096.932, 11090.584,
13.414650, 11296.887, 92.700577, 11104.994, 11098.694,
13.425350, 11243.869, 75.610504, 11113.195, 11106.958,
13.436050, 11270.610, 75.802429, 11121.544, 11115.386,
13.446740, 11220.048, 76.742325, 11130.035, 11123.969,
13.457440, 11371.960, 78.713165, 11138.689, 11132.729,
13.468130, 11415.057, 75.663010, 11147.490, 11141.650,
13.478830, 11432.018, 74.461365, 11156.458, 11150.750,
13.489520, 11425.947, 74.146416, 11165.579, 11160.016,
13.500200, 11446.039, 76.870224, 11174.857, 11169.450,
13.510890, 11532.396, 76.333313, 11184.309, 11179.070,
13.521570, 11688.738, 75.375259, 11193.924, 11188.862,
13.532260, 11767.202, 73.808472, 11203.720, 11198.846,
13.542940, 11692.910, 74.485107, 11213.683, 11209.006,
13.553620, 11753.878, 77.506317, 11223.827, 11219.354,
13.564290, 11750.085, 76.763809, 11234.142, 11229.882,
13.574970, 11751.377, 74.709595, 11244.654, 11240.613,
13.585640, 11684.400, 72.839821, 11255.344, 11251.527,
13.596320, 11652.282, 75.375961, 11266.238, 11262.651,
13.606990, 11673.562, 76.978577, 11277.318, 11273.963,
13.617650, 11597.871, 76.892670, 11288.587, 11285.467,
13.628320, 11643.123, 74.803825, 11300.070, 11297.186,
13.638980, 11618.429, 74.990685, 11311.750, 11309.103,
13.649650, 11560.220, 76.264656, 11323.652, 11321.241,
13.660310, 11593.088, 78.714127, 11335.758, 11333.580,
13.670970, 11507.443, 85.803902, 11348.083, 11346.135,
13.681630, 11507.534, 75.184883, 11360.632, 11358.909,
13.692280, 11542.443, 76.324112, 11373.396, 11371.891,
13.702940, 11536.942, 77.317596, 11386.404, 11385.110,
13.713590, 11575.813, 79.957932, 11399.635, 11398.542,
13.724240, 11583.120, 77.824188, 11413.108, 11412.205,
13.734890, 11476.439, 76.400406, 11426.825, 11426.099,
13.745530, 11488.169, 76.561676, 11440.779, 11440.215,
13.756180, 11418.748, 78.007126, 11455.000, 11454.583,
13.766820, 11526.126, 80.044296, 11469.468, 11469.179,
13.777460, 11674.408, 80.457504, 11484.200, 11484.019,
13.788100, 11416.294, 76.849655, 11499.202, 11499.106,
13.798740, 11439.063, 77.309418, 11514.479, 11514.444,
13.809380, 11516.672, 80.746155, 11530.034, 11530.034,
13.820010, 11696.167, 92.114273, 11545.859, 11545.866,
13.830640, 11581.972, 81.298744, 11561.961, 11561.948,
13.841270, 11617.779, 80.227745, 11578.334, 11578.277,
13.851900, 11549.986, 80.820107, 11594.968, 11594.844,
13.862530, 11682.537, 97.632393, 11611.857, 11611.646,
13.873150, 11664.364, 85.355370, 11628.978, 11628.662,
13.883780, 11576.983, 84.714615, 11646.355, 11645.917,
13.894400, 11699.639, 84.420036, 11663.951, 11663.375,
13.905020, 11564.163, 85.404831, 11681.773, 11681.046,
13.915640, 11723.551, 89.311562, 11699.814, 11698.925,
13.926250, 11829.842, 91.092270, 11718.052, 11716.990,
13.936870, 11995.121, 91.658623, 11736.511, 11735.268,
13.947480, 11882.045, 89.328278, 11755.155, 11753.723,
13.958090, 11919.335, 93.451653, 11773.990, 11772.363,
13.968700, 11886.428, 95.505371, 11793.013, 11791.187,
13.979310, 11870.210, 98.345871, 11812.215, 11810.187,
13.989910, 11952.574, 97.012283, 11831.574, 11829.341,
14.000520, 11850.594, 96.422043, 11851.118, 11848.680,
14.011120, 11888.542, 100.58247, 11870.806, 11868.163,
14.021720, 12036.693, 105.64166, 11890.649, 11887.803,
14.032320, 12105.612, 109.77002, 11910.643, 11907.596,
14.042920, 12151.308, 107.45341, 11930.780, 11927.536,
14.053510, 12112.081, 109.31700, 11951.035, 11947.598,
14.064110, 12199.575, 111.44656, 11971.443, 11967.818,
14.074700, 11932.597, 119.63418, 11991.959, 11988.153,
14.085290, 11976.888, 120.97392, 12012.593, 12008.614,
14.095870, 11974.202, 87.816132, 12033.325, 12029.180,
14.106460, 12112.844, 72.835907, 12054.184, 12049.882,
14.117040, 12105.869, 73.409409, 12075.129, 12070.680,
14.127630, 12017.192, 77.127548, 12096.193, 12091.608,
14.138210, 12219.253, 80.883659, 12117.329, 12112.619,
14.148790, 12195.867, 82.863838, 12138.554, 12133.731,
14.159370, 12252.280, 82.401573, 12159.861, 12154.937,
14.169940, 12396.186, 83.795914, 12181.224, 12176.213,
14.180520, 12665.331, 142.84535, 12202.680, 12197.596,
14.182090, 12738.666, 88.706902, 12205.869, 12200.776,
14.193560, 12680.712, 85.757172, 12229.215, 12224.062,
14.205030, 12520.253, 88.188820, 12252.634, 12247.439,
14.216500, 12738.952, 99.253410, 12276.116, 12270.898,
14.227970, 12820.178, 91.350327, 12299.655, 12294.434,
14.239430, 12706.543, 87.280075, 12323.227, 12318.023,
14.250890, 12545.858, 84.670883, 12346.841, 12341.676,
14.262350, 12507.418, 88.333321, 12370.495, 12365.391,
14.273810, 12522.068, 90.363731, 12394.181, 12389.161,
14.285270, 12608.878, 91.786964, 12417.891, 12412.978,
14.296730, 12612.426, 86.506470, 12441.622, 12436.840,
14.308180, 12426.140, 84.708038, 12465.344, 12460.718,
14.319630, 12345.886, 85.830040, 12489.073, 12484.628,
14.331080, 12516.291, 89.348938, 12512.803, 12508.566,
14.342530, 12648.290, 88.661362, 12536.525, 12532.523,
14.353970, 12928.435, 83.954704, 12560.212, 12556.473,
14.365410, 13128.211, 82.873520, 12583.882, 12580.434,
14.376860, 12743.002, 81.421120, 12607.547, 12604.420,
14.388300, 12589.814, 83.994850, 12631.160, 12628.383,
14.399730, 12716.697, 83.235550, 12654.713, 12652.317,
14.411170, 12511.008, 77.952026, 12678.243, 12676.260,
14.422600, 12679.242, 77.199280, 12701.700, 12700.162,
14.434030, 12761.907, 77.169319, 12725.100, 12724.041,
14.445460, 12727.939, 80.762543, 12748.438, 12747.891,
14.456890, 12722.488, 79.060448, 12771.704, 12771.704,
14.468320, 12758.700, 77.331932, 12794.897, 12795.479,
14.479740, 12887.484, 75.497612, 12818.013, 12819.208,
14.491160, 12808.961, 75.700203, 12841.093, 12842.927,
14.502580, 12733.110, 78.910011, 12864.154, 12866.649,
14.514000, 12978.971, 80.205330, 12887.219, 12890.392,
14.525420, 12951.459, 78.661568, 12910.307, 12914.170,
14.536830, 13015.283, 75.071587, 12933.417, 12937.976,
14.548240, 12883.078, 76.305092, 12956.588, 12961.847,
14.559650, 13011.563, 89.524254, 12979.844, 12985.800,
14.571060, 13083.577, 81.764984, 13003.200, 13009.847,
14.582470, 13175.369, 81.085075, 13026.679, 13034.005,
14.593870, 13136.047, 90.399994, 13050.279, 13058.268,
14.605270, 13227.741, 80.823502, 13074.042, 13082.671,
14.616670, 13037.034, 80.817123, 13097.984, 13107.229,
14.628070, 13190.240, 96.326103, 13122.131, 13131.960,
14.639470, 13136.210, 82.155952, 13146.501, 13156.877,
14.650860, 13224.121, 78.313263, 13171.090, 13181.973,
14.662260, 13290.169, 78.670128, 13195.966, 13207.310,
14.673650, 13304.971, 79.102219, 13221.103, 13232.855,
14.685040, 13141.842, 81.073639, 13246.546, 13258.650,
14.696420, 13467.873, 81.505486, 13272.289, 13284.681,
14.707810, 13506.705, 79.512062, 13298.404, 13311.017,
14.719190, 13515.683, 79.254105, 13324.859, 13337.620,
14.730570, 13457.200, 79.136787, 13351.705, 13364.535,
14.741950, 13599.893, 84.069458, 13378.960, 13391.773,
14.753330, 13611.778, 83.391800, 13406.647, 13419.352,
14.764700, 13678.389, 82.646149, 13434.760, 13447.261,
14.776080, 13709.102, 81.654083, 13463.375, 13475.567,
14.787450, 13739.645, 82.868782, 13492.461, 13504.234,
14.798820, 13817.871, 87.536606, 13522.065, 13533.304,
14.810190, 13559.947, 86.665909, 13552.215, 13562.794,
14.821550, 13741.007, 87.673347, 13582.900, 13592.692,
14.832920, 13786.977, 87.405670, 13614.200, 13623.064,
14.844280, 13716.685, 87.292938, 13646.084, 13653.878,
14.855640, 13883.834, 94.007568, 13678.603, 13685.174,
14.866990, 13887.027, 94.795967, 13711.749, 13716.938,
14.878350, 13721.541, 95.123192, 13745.609, 13749.247,
14.889710, 13958.876, 95.635193, 13780.176, 13782.086,
14.901060, 13777.178, 95.338066, 13815.443, 13815.443,
14.912410, 13711.700, 99.338058, 13851.458, 13849.359,
14.923760, 13907.919, 103.60092, 13888.204, 13883.833,
14.935100, 14023.583, 108.63937, 13925.614, 13918.821,
14.946450, 13976.697, 107.01349, 13963.735, 13954.385,
14.957790, 13988.688, 106.48302, 14002.468, 13990.449,
14.969130, 14102.956, 110.20259, 14041.816, 14027.036,
14.980470, 14060.092, 112.32500, 14081.762, 14064.146,
14.991810, 14150.693, 116.26193, 14122.274, 14101.767,
15.003140, 14264.211, 115.76957, 14163.293, 14139.861,
15.014480, 14096.648, 111.40516, 14204.860, 14178.481,
15.025810, 14105.210, 114.09943, 14246.885, 14217.564,
15.037140, 14111.250, 114.92937, 14289.372, 14257.128,
15.048460, 14137.578, 120.96613, 14332.262, 14297.135,
15.059790, 14124.155, 119.83446, 14375.605, 14337.648,
15.071110, 13870.125, 116.00822, 14419.303, 14378.590,
15.082440, 14050.156, 89.452293, 14463.409, 14420.030,
15.093750, 14042.769, 74.918816, 14507.776, 14461.844,
15.105070, 14088.709, 78.284302, 14552.503, 14504.143,
15.116390, 14220.080, 82.057022, 14597.526, 14546.881,
15.127700, 14156.210, 83.119377, 14642.780, 14590.013,
15.139020, 14173.473, 87.489594, 14688.325, 14633.613,
15.150330, 14225.947, 86.866081, 14734.053, 14677.595,
15.162390, 14196.453, 107.52249, 14783.039, 14724.953,
15.174730, 14266.788, 104.49547, 14833.372, 14773.896,
15.187070, 14315.893, 105.02812, 14883.885, 14823.315,
15.199410, 14379.385, 109.42075, 14934.554, 14873.212,
15.211740, 14439.928, 106.82137, 14985.300, 14923.529,
15.224080, 14582.067, 103.80856, 15036.187, 14974.352,
15.236410, 14377.668, 97.864067, 15087.095, 15025.585,
15.248740, 14552.808, 99.358269, 15138.039, 15077.264,
15.261060, 14812.752, 106.57607, 15188.945, 15129.338,
15.273390, 14724.778, 106.24662, 15239.872, 15181.889,
15.285710, 15035.277, 108.57280, 15290.708, 15234.825,
15.298030, 14837.595, 99.825294, 15341.458, 15288.177,
15.310350, 14867.044, 98.674683, 15392.102, 15341.946,
15.322660, 14826.159, 100.76612, 15442.563, 15396.076,
15.334980, 14887.615, 101.10994, 15492.894, 15450.648,
15.347290, 15193.728, 101.39418, 15542.987, 15505.574,
15.359600, 15225.523, 94.366997, 15592.853, 15560.888,
15.371900, 15200.754, 92.261597, 15642.420, 15616.537,
15.384210, 15925.736, 97.126488, 15691.741, 15672.611,
15.396510, 16743.051, 102.11014, 15740.708, 15729.013,
15.408810, 16366.870, 105.22412, 15789.325, 15785.776,
15.421110, 15731.719, 96.237831, 15837.568, 15842.903,
15.433410, 15546.864, 92.748245, 15885.401, 15900.381,
15.445700, 15852.852, 94.854340, 15932.769, 15958.163,
15.457990, 15928.700, 99.216614, 15979.726, 16016.288,
15.470280, 16274.209, 110.03573, 16026.300, 16074.753,
15.482570, 16499.580, 103.26066, 16072.515, 16133.550,
15.494860, 17113.670, 102.97226, 16118.400, 16192.676,
15.507140, 17995.605, 103.70417, 16163.943, 16252.079,
15.519420, 21957.266, 115.35025, 16209.202, 16311.796,
15.531700, 39623.832, 156.36603, 16254.211, 16371.831,
15.543980, 165186.33, 408.58823, 16298.988, 16432.169,
15.556260, 214077.61, 506.75769, 16343.565, 16492.816,
15.568530, 64918.215, 183.63165, 16387.925, 16553.710,
15.580800, 18707.170, 96.152824, 16432.132, 16614.899,
15.593070, 16856.063, 95.624565, 16476.210, 16676.377,
15.605340, 16816.202, 95.662651, 16520.184, 16738.140,
15.617600, 16805.635, 93.567078, 16564.046, 16800.136,
15.629860, 16897.962, 89.409248, 16607.850, 16862.404,
15.642120, 16732.003, 86.349731, 16651.627, 16924.948,
15.654380, 16657.350, 89.254944, 16695.397, 16987.756,
15.666640, 16690.965, 91.185791, 16739.189, 17050.832,
15.678890, 16833.404, 93.220367, 16782.988, 17114.113,
15.691140, 17185.388, 92.214859, 16826.855, 17177.650,
15.703390, 17417.611, 88.716232, 16870.815, 17241.438,
15.715640, 17736.165, 93.043846, 16914.894, 17305.473,
15.727890, 17243.869, 94.534653, 16959.115, 17369.752,
15.740130, 17151.410, 96.875229, 17003.468, 17434.221,
15.752370, 17139.261, 95.018867, 17048.010, 17498.920,
15.764610, 17482.895, 91.354309, 17092.772, 17563.855,
15.776850, 17615.721, 91.720337, 17137.773, 17629.014,
15.789090, 17530.636, 91.262039, 17183.044, 17694.403,
15.801320, 17438.307, 93.359344, 17228.568, 17759.957,
15.813550, 17793.143, 97.637077, 17274.410, 17825.728,
15.825780, 17784.785, 94.228325, 17320.594, 17891.712,
15.838010, 17792.811, 93.800537, 17367.146, 17957.907,
15.850230, 17801.926, 94.433746, 17414.057, 18024.257,
15.862450, 17802.026, 96.710747, 17461.384, 18090.806,
15.874670, 17850.665, 103.20036, 17509.161, 18157.559,
15.886890, 18028.732, 103.88522, 17557.411, 18224.510,
15.899110, 18489.467, 107.48697, 17606.156, 18291.648,
15.911320, 17885.411, 103.42329, 17655.391, 18358.925,
15.923540, 18205.394, 107.63852, 17705.221, 18426.447,
15.935750, 18189.619, 114.17722, 17755.590, 18494.094,
15.947960, 18071.181, 117.19301, 17806.568, 18561.923,
15.960160, 17888.710, 116.28809, 17858.143, 18629.877,
15.972370, 18302.513, 119.42584, 17910.424, 18698.058,
15.984570, 18578.425, 117.52277, 17963.354, 18766.353,
15.996770, 18461.812, 117.58189, 18017.011, 18834.822,
16.008961, 18415.901, 119.81674, 18071.378, 18903.403,
16.021160, 18830.141, 121.25862, 18126.566, 18972.196,
16.033350, 18674.658, 120.62895, 18182.523, 19041.095,
16.045549, 18513.312, 115.35486, 18239.368, 19110.205,
16.057739, 18779.058, 116.29102, 18297.043, 19179.417,
16.069920, 18571.276, 118.07016, 18355.578, 19248.725,
16.082109, 18477.753, 118.33097, 18415.097, 19318.238,
16.094290, 18499.906, 120.69746, 18475.539, 19387.843,
16.106470, 18625.383, 130.92711, 18536.984, 19457.591,
16.118650, 19042.527, 122.14314, 18599.466, 19527.481,
16.130831, 18690.359, 121.28998, 18663.019, 19597.510,
16.143009, 18580.327, 123.15475, 18727.668, 19667.664,
16.155180, 18867.256, 128.11584, 18793.417, 19737.908,
16.167351, 18939.734, 135.55591, 18860.341, 19808.283,
16.179520, 19300.153, 135.86115, 18928.467, 19878.776,
16.191681, 18916.509, 132.35014, 18997.799, 19949.350,
16.203850, 19480.170, 140.38596, 19068.462, 20020.093,
16.216009, 19228.956, 139.91071, 19140.394, 20090.902,
16.228170, 19479.336, 149.04095, 19213.701, 20161.842,
16.240330, 18899.509, 143.66254, 19288.400, 20232.887,
16.252489, 19386.193, 145.77739, 19364.544, 20304.047,
16.264641, 19198.187, 143.78699, 19442.099, 20375.274,
16.276791, 19859.492, 151.33942, 19521.018, 20446.600,
16.288950, 19145.655, 147.80948, 19601.267, 20518.090,
16.301090, 19720.961, 164.10881, 19682.551, 20589.574,
16.313240, 20003.527, 163.48103, 19764.953, 20661.217,
16.325380, 19992.999, 167.15601, 19848.238, 20732.905,
16.337530, 20721.899, 120.48775, 19932.432, 20804.748,
16.349670, 20898.754, 106.15089, 20017.298, 20876.633,
16.361799, 20766.603, 105.60656, 20102.716, 20948.544,
16.373940, 21476.612, 116.09256, 20188.745, 21020.616,
16.386070, 21731.328, 115.84540, 20275.133, 21092.722,
16.398211, 22187.977, 122.17967, 20361.911, 21164.974,
16.410339, 21640.000, 117.30485, 20448.828, 21237.245,
16.422461, 21770.738, 121.40701, 20535.807, 21309.555,
16.434589, 22171.672, 131.64452, 20622.856, 21381.993,
16.446711, 21711.005, 129.11752, 20709.762, 21454.466,
16.458839, 21893.243, 126.06682, 20796.532, 21527.064,
16.470961, 21607.122, 131.89085, 20882.955, 21599.694,
16.483070, 21410.752, 125.72510, 20968.901, 21672.330,
16.495190, 21236.605, 169.80716, 21054.416, 21745.096,
16.500280, 22618.110, 149.14111, 21090.164, 21775.683,
16.513599, 22280.629, 132.80556, 21183.133, 21855.767,
16.526911, 21691.093, 125.62756, 21275.134, 21935.888,
16.540211, 21776.258, 129.06015, 21366.003, 22016.021,
16.553520, 21773.242, 129.57611, 21455.747, 22096.289,
16.566820, 21864.343, 129.00122, 21544.097, 22176.575,
16.580120, 21848.626, 124.73811, 21630.978, 22256.934,
16.593420, 21712.530, 115.20235, 21716.250, 22337.365,
16.606710, 21907.492, 114.23608, 21799.711, 22417.806,
16.620001, 21665.657, 113.15847, 21881.336, 22498.313,
16.633301, 21864.250, 116.48170, 21961.316, 22578.942,
16.646589, 22178.129, 121.95592, 22039.713, 22659.563,
16.659870, 22273.400, 119.13092, 22116.739, 22740.197,
16.673149, 22410.276, 117.29698, 22192.616, 22820.877,
16.686440, 22287.260, 116.16575, 22267.604, 22901.681,
16.699711, 22455.202, 120.68478, 22341.715, 22982.422,
16.712990, 22414.866, 127.01971, 22415.285, 23063.260,
16.726271, 22918.898, 128.72385, 22488.464, 23144.158,
16.739540, 22865.297, 121.64750, 22561.363, 23225.033,
16.752810, 22675.114, 114.18971, 22634.227, 23305.951,
16.766081, 22953.018, 110.71329, 22707.250, 23386.923,
16.779341, 22988.200, 112.37502, 22780.541, 23467.865,
16.792601, 22931.478, 116.26375, 22854.345, 23548.845,
16.805870, 23147.997, 116.69548, 22928.901, 23629.918,
16.819120, 23159.942, 114.79285, 23004.229, 23710.909,
16.832380, 23430.880, 110.47452, 23080.675, 23791.989,
16.845631, 23031.894, 106.42463, 23158.314, 23873.040,
16.858891, 22660.602, 109.99699, 23237.443, 23954.176,
16.872141, 23527.380, 118.86385, 23318.073, 24035.280,
16.885380, 23536.459, 119.66336, 23400.066, 24116.336,
16.898630, 23539.237, 115.63385, 23483.382, 24197.483,
16.911869, 23211.809, 106.98602, 23567.695, 24278.580,
16.925110, 23801.836, 107.12692, 23652.907, 24359.705,
16.938351, 23714.167, 108.62379, 23738.827, 24440.845,
16.951580, 23552.713, 110.78191, 23825.199, 24521.928,
16.964821, 23869.991, 114.48758, 23911.993, 24603.091,
16.978050, 24203.622, 112.78591, 23998.880, 24684.194,
16.991270, 24590.580, 112.78941, 24085.694, 24765.245,
17.004499, 24148.678, 109.80466, 24172.380, 24846.359,
17.017719, 24556.508, 114.14371, 24258.636, 24927.418,
17.030951, 25630.348, 124.35139, 24344.419, 25008.548,
17.044161, 25452.158, 130.31821, 24429.340, 25089.548,
17.057381, 24797.801, 126.87531, 24513.417, 25170.604,
17.070601, 25038.359, 123.28991, 24596.407, 25251.654,
17.083811, 25373.404, 123.78465, 24678.072, 25332.639,
17.097019, 24785.782, 116.86324, 24758.279, 25413.603,
17.110229, 25291.165, 122.52377, 24836.869, 25494.568,
17.123430, 25014.130, 123.02901, 24913.592, 25575.461,
17.136641, 25242.418, 121.26072, 24988.375, 25656.397,
17.149839, 25287.994, 117.92422, 25060.914, 25737.247,
17.163040, 25053.651, 122.60356, 25131.097, 25818.088,
17.176229, 24928.021, 115.26147, 25198.670, 25898.839,
17.189430, 25244.150, 121.68874, 25263.624, 25979.637,
17.202620, 25479.533, 127.29208, 25325.981, 26060.339,
17.215811, 25637.231, 129.14276, 25386.005, 26141.027,
17.229000, 25477.849, 127.52335, 25443.875, 26221.673,
17.242180, 25959.863, 126.07109, 25499.756, 26302.230,
17.255369, 25811.924, 129.83157, 25553.921, 26382.812,
17.268551, 25660.302, 126.29762, 25606.492, 26463.312,
17.281719, 25515.423, 126.04095, 25657.640, 26543.693,
17.294901, 26243.783, 132.95885, 25707.661, 26624.117,
17.308069, 27043.740, 138.01138, 25756.641, 26704.417,
17.321251, 26158.137, 126.58176, 25804.869, 26784.756,
17.334410, 26508.217, 130.20105, 25852.401, 26864.909,
17.347580, 26911.118, 137.15852, 25899.549, 26945.085,
17.360750, 26515.802, 140.83170, 25946.460, 27025.211,
17.373911, 27404.854, 152.27126, 25993.286, 27105.227,
17.387070, 27057.810, 152.13507, 26040.241, 27185.178,
17.400230, 27313.956, 156.58182, 26087.526, 27265.084,
17.413380, 26588.410, 149.43120, 26135.279, 27344.863,
17.426540, 27078.590, 153.92079, 26183.771, 27424.650,
17.439690, 26620.610, 150.52838, 26233.105, 27504.306,
17.452841, 26734.866, 157.03127, 26283.518, 27583.909,
17.465981, 26706.374, 154.43576, 26335.145, 27663.376,
17.479130, 27109.853, 154.52130, 26388.259, 27742.831,
17.492270, 26903.642, 149.22205, 26442.972, 27822.157,
17.505409, 26349.314, 145.45854, 26499.514, 27901.410,
17.518551, 26900.524, 152.16667, 26558.084, 27980.599,
17.531679, 26587.550, 155.91525, 26618.805, 28059.629,
17.544821, 26706.618, 160.28186, 26681.996, 28138.659,
17.557949, 26482.277, 159.33441, 26747.724, 28217.527,
17.571079, 27171.333, 165.59637, 26816.208, 28296.321,
17.584200, 26790.839, 163.05019, 26887.331, 28374.971,
17.597330, 27027.608, 168.02733, 26961.092, 28453.588,
17.610451, 26485.442, 168.60716, 27037.281, 28532.056,
17.623569, 27039.097, 173.63972, 27115.839, 28610.419,
17.636690, 28085.422, 188.70796, 27196.688, 28688.696,
17.649799, 26829.055, 173.06683, 27279.647, 28766.806,
17.662910, 26793.726, 173.54292, 27364.699, 28844.826,
17.676029, 28175.746, 175.99760, 27451.791, 28922.787,
17.689131, 28401.550, 188.12695, 27540.660, 29000.539,
17.702240, 27622.003, 191.87637, 27631.380, 29078.228,
17.715349, 27535.333, 191.17030, 27723.808, 29155.805,
17.728451, 27580.501, 197.42110, 27817.799, 29233.223,
17.741550, 27656.170, 178.56448, 27913.303, 29310.513,
17.754641, 28622.520, 144.78551, 28010.173, 29387.627,
17.767740, 28399.301, 138.14017, 28108.463, 29464.675,
17.780830, 28916.222, 152.03136, 28207.943, 29541.543,
17.793921, 28363.671, 141.01659, 28308.600, 29618.284,
17.807011, 27827.457, 133.18690, 28410.347, 29694.894,
17.820101, 28825.740, 142.01871, 28513.101, 29771.372,
17.833179, 28725.599, 137.15317, 28616.687, 29847.647,
17.846270, 28399.565, 130.95032, 28721.203, 29923.850,
17.859341, 29038.730, 133.60017, 28826.323, 29999.802,
17.872419, 30734.933, 149.49126, 28932.178, 30075.653,
17.885500, 32202.346, 162.97487, 29038.642, 30151.369,
17.898569, 30627.643, 160.65904, 29145.524, 30226.868,
17.911640, 29424.503, 155.19081, 29252.851, 30302.226,
17.924709, 29033.974, 150.70827, 29360.514, 30377.417,
17.937780, 30503.835, 244.60979, 29468.462, 30452.460,
17.941250, 29898.381, 160.17773, 29497.149, 30472.352,
17.955721, 29592.354, 152.44829, 29616.918, 30555.195,
17.970181, 30063.909, 155.57077, 29736.689, 30637.769,
17.984650, 30079.869, 157.10556, 29856.531, 30720.189,
17.999109, 29758.073, 160.66687, 29976.176, 30802.342,
18.013571, 30454.874, 169.12488, 30095.611, 30884.289,
18.028021, 30329.508, 160.01357, 30214.618, 30965.951,
18.042480, 30612.717, 152.69742, 30333.261, 31047.440,
18.056931, 30616.782, 146.33916, 30451.276, 31128.645,
18.071381, 30369.345, 144.13283, 30568.631, 31209.615,
18.085819, 30207.947, 148.47346, 30685.139, 31290.282,
18.100269, 31036.363, 156.44824, 30800.945, 31370.767,
18.114710, 32003.450, 161.80750, 30915.854, 31450.951,
18.129150, 31336.485, 156.70656, 31029.915, 31530.880,
18.143579, 31260.858, 155.37775, 31143.012, 31610.487,
18.158020, 30929.761, 151.90581, 31255.295, 31689.893,
18.172449, 31782.468, 160.58299, 31366.557, 31768.967,
18.186880, 31565.019, 159.34850, 31476.873, 31847.776,
18.201300, 31913.863, 158.29590, 31586.111, 31926.244,
18.215719, 31210.347, 149.44096, 31694.327, 32004.427,
18.230150, 31285.314, 142.18321, 31801.574, 32082.381,
18.244560, 31840.364, 141.98567, 31907.580, 32159.927,
18.258980, 31735.666, 145.00789, 32012.537, 32237.222,
18.273390, 32122.574, 153.71982, 32116.272, 32314.160,
18.287800, 32329.631, 159.78842, 32218.819, 32390.784,
18.302210, 32547.191, 157.97517, 32320.141, 32467.091,
18.316620, 32537.898, 146.62634, 32420.203, 32543.072,
18.331020, 32138.144, 137.76637, 32518.901, 32618.674,
18.345421, 33027.001, 141.90451, 32616.263, 32693.938,
18.359819, 32285.272, 141.13176, 32712.237, 32768.851,
18.374210, 33272.453, 154.61359, 32806.743, 32843.375,
18.388611, 32858.788, 156.14871, 32899.854, 32917.593,
18.403000, 32802.184, 152.15810, 32991.391, 32991.391,
18.417379, 33091.990, 154.25055, 33081.344, 33064.778,
18.431770, 32931.542, 152.63535, 33169.891, 33137.884,
18.446150, 32626.104, 162.52328, 33256.957, 33210.619,
18.460529, 33634.616, 156.78784, 33342.678, 33283.070,
18.474911, 34142.877, 160.57718, 33427.129, 33355.274,
18.489281, 35391.974, 161.20810, 33510.294, 33427.192,
18.503660, 33989.209, 150.64742, 33592.357, 33498.956,
18.518030, 32950.567, 141.95226, 33673.270, 33570.499,
18.532391, 33697.554, 141.49519, 33753.094, 33641.847,
18.546761, 33870.236, 146.93074, 33831.995, 33713.124,
18.561119, 33034.430, 153.21843, 33909.915, 33784.251,
18.575480, 34626.650, 164.26144, 33986.985, 33855.323,
18.589840, 35172.637, 162.90775, 34063.252, 33926.358,
18.604191, 34619.255, 151.87349, 34138.722, 33997.334,
18.618549, 35524.537, 148.51334, 34213.541, 34068.365,
18.632900, 35665.272, 146.00453, 34287.684, 34139.401,
18.647240, 37041.038, 157.45813, 34361.188, 34210.451,
18.661591, 40633.366, 171.92317, 34434.223, 34281.655,
18.675930, 54028.105, 201.91145, 34506.727, 34352.928,
18.690269, 127956.57, 311.99371, 34578.812, 34424.352,
18.704611, 334421.48, 877.56122, 34650.540, 34495.964,
18.718941, 264197.37, 623.40082, 34721.896, 34567.725,
18.733271, 80410.817, 245.88567, 34792.992, 34639.718,
18.747601, 39331.154, 174.98839, 34863.877, 34711.972,
18.761930, 37040.007, 173.99738, 34934.606, 34784.513,
18.776260, 36211.937, 174.90048, 35005.229, 34857.369,
18.790581, 35638.549, 169.26836, 35075.751, 34930.519,
18.804899, 35803.183, 161.35484, 35146.261, 35004.029,
18.819220, 35872.439, 160.33261, 35216.830, 35077.945,
18.833530, 36515.059, 166.81558, 35287.453, 35152.236,
18.847839, 35766.745, 168.56296, 35358.219, 35226.970,
18.862150, 35985.469, 180.79332, 35429.198, 35302.193,
18.876459, 36341.952, 184.72797, 35500.424, 35377.914,
18.890770, 36716.841, 177.97467, 35571.967, 35454.182,
18.905069, 36779.169, 174.72055, 35643.813, 35530.953,
18.919371, 36369.742, 167.36581, 35716.080, 35608.326,
18.933670, 37252.747, 170.13232, 35788.802, 35686.310,
18.947960, 37910.990, 187.17746, 35861.993, 35764.891,
18.962250, 36235.425, 187.24779, 35935.754, 35844.150,
18.976540, 37466.009, 200.38864, 36010.140, 35924.115,
18.990829, 38622.561, 208.77403, 36085.204, 36004.816,
19.005119, 37193.788, 203.42548, 36161.001, 36086.283,
19.019400, 36667.339, 192.84137, 36237.535, 36168.490,
19.033680, 36809.250, 188.36429, 36314.912, 36251.521,
19.047960, 37550.960, 195.31586, 36393.189, 36335.407,
19.062229, 39202.622, 210.06705, 36472.358, 36420.109,
19.076500, 39228.464, 252.37219, 36552.551, 36505.735,
19.090771, 36011.122, 197.53981, 36633.814, 36592.307,
19.105040, 37306.136, 202.36320, 36716.198, 36679.842,
19.119310, 38377.785, 204.32530, 36799.782, 36768.396,
19.133570, 37438.287, 199.31601, 36884.550, 36857.917,
19.147829, 36958.538, 210.17242, 36970.628, 36948.506,
19.162090, 38118.306, 222.14703, 37058.092, 37040.208,
19.176340, 36925.014, 215.77571, 37146.922, 37132.969,
19.190599, 37519.312, 223.40964, 37237.312, 37226.958,
19.204849, 38491.034, 223.38077, 37329.209, 37322.081,
19.219101, 38101.306, 212.73602, 37422.751, 37418.448,
19.233339, 36382.411, 201.75255, 37517.904, 37515.988,
19.247580, 38400.662, 228.57816, 37614.837, 37614.837,
19.261820, 37748.588, 215.05038, 37713.570, 37714.994,
19.276060, 37441.218, 240.50482, 37813.976, 37816.375,
19.290300, 40012.874, 261.37823, 37915.895, 37918.874,
19.304529, 37927.555, 261.59866, 38019.081, 38022.302,
19.318760, 39300.662, 267.79669, 38123.470, 38126.650,
19.332991, 38890.660, 262.59790, 38228.888, 38231.799,
19.347219, 38552.176, 249.96829, 38335.163, 38337.630,
19.361441, 39438.378, 256.32227, 38442.093, 38443.995,
19.375660, 40183.006, 276.33600, 38549.565, 38550.832,
19.389879, 35615.439, 242.15312, 38657.436, 38658.052,
19.404100, 38739.263, 267.34555, 38765.564, 38765.564,
19.418310, 38864.301, 267.91168, 38873.692, 38873.164,
19.432520, 40425.811, 288.94006, 38981.751, 38980.835,
