# wave, flux, fluxerr, continuum, continuum_plateau
9.9725246, 56.206801, 22.125835, 56.206801, 56.206801,
9.9806166, 95.427237, 24.143963, 57.321148, 57.321212,
9.9887066, 127.20714, 21.893797, 58.432209, 58.432454,
9.9967957, 116.00245, 19.979650, 59.540105, 59.540637,
10.004880, 64.195435, 20.139412, 60.644305, 60.645216,
10.012970, 93.204895, 19.876471, 61.746230, 61.747600,
10.021050, 149.02815, 18.327517, 62.843790, 62.845688,
10.029140, 120.84662, 18.392029, 63.939562, 63.942046,
10.037220, 100.25701, 19.818001, 65.030821, 65.033936,
10.045300, 149.97164, 18.607157, 66.118974, 66.122757,
10.053380, 113.37918, 17.004152, 67.204133, 67.208610,
10.061460, 105.15266, 18.434044, 68.286025, 68.291213,
10.069540, 155.17673, 19.607979, 69.364889, 69.370796,
10.077610, 103.25500, 16.295971, 70.439184, 70.445810,
10.085690, 87.426065, 16.756687, 71.511559, 71.518895,
10.093760, 117.26419, 19.169376, 72.579461, 72.587492,
10.101830, 108.68106, 17.292076, 73.644139, 73.652842,
10.109900, 103.41786, 16.341545, 74.705696, 74.715043,
10.117970, 132.38972, 18.848076, 75.763861, 75.773816,
10.126040, 86.914873, 17.882160, 76.818735, 76.829258,
10.134100, 107.21471, 16.808685, 77.868932, 77.879977,
10.142170, 102.98389, 17.624725, 78.917161, 78.928678,
10.150230, 88.772012, 19.423897, 79.960794, 79.972730,
10.158300, 63.395302, 18.314083, 81.002277, 81.014574,
10.166360, 115.98640, 17.835266, 82.038998, 82.051596,
10.174420, 116.38411, 19.511406, 83.072409, 83.085244,
10.182470, 81.243480, 19.154152, 84.101020, 84.114027,
10.190530, 119.99531, 19.548742, 85.127363, 85.140475,
10.198590, 104.91479, 17.264746, 86.150307, 86.163458,
10.206640, 137.39254, 20.211666, 87.168376, 87.181498,
10.214690, 98.937968, 18.559689, 88.182873, 88.195897,
10.222750, 109.27608, 17.223141, 89.194961, 89.207820,
10.230800, 100.44893, 18.932381, 90.202212, 90.214840,
10.238850, 85.390934, 19.604418, 91.205792, 91.218124,
10.246890, 85.701540, 18.269699, 92.204483, 92.216458,
10.254940, 109.56450, 17.908211, 93.200621, 93.212178,
10.262990, 145.79443, 20.990791, 94.192980, 94.204063,
10.271030, 129.18120, 20.571144, 95.180356, 95.190912,
10.279070, 107.29080, 19.640762, 96.163772, 96.173752,
10.287120, 108.02788, 22.341751, 97.144581, 97.153942,
10.295150, 102.77262, 22.394436, 98.119032, 98.127738,
10.303190, 156.33674, 22.240847, 99.090796, 99.098814,
10.311230, 119.85816, 20.878345, 100.05844, 100.06574,
10.319270, 110.44797, 22.880301, 101.02215, 101.02872,
10.327300, 99.894644, 24.262913, 101.98052, 101.98635,
10.335340, 135.31127, 22.625004, 102.93590, 102.94098,
10.343370, 121.84001, 19.510025, 103.88608, 103.89043,
10.351400, 68.827124, 25.234474, 104.83193, 104.83556,
10.359430, 117.22865, 26.036573, 105.77352, 105.77646,
10.367460, 105.52325, 25.074291, 106.71079, 106.71308,
10.375480, 122.83107, 28.835991, 107.64249, 107.64417,
10.383510, 64.242078, 31.259342, 108.57100, 108.57213,
10.391530, 139.58745, 32.157791, 109.49394, 109.49461,
10.399560, 98.628875, 23.952662, 110.41347, 110.41376,
10.407580, 100.29537, 20.529009, 111.32735, 111.32735,
10.415600, 118.33260, 20.779295, 112.23653, 112.23636,
10.423620, 99.792455, 21.081743, 113.14131, 113.14107,
10.431640, 116.66169, 20.777941, 114.04156, 114.04135,
10.439650, 191.99106, 21.300264, 114.93642, 114.93631,
10.447670, 148.16300, 20.839380, 115.82823, 115.82830,
10.455680, 110.52730, 19.401777, 116.71475, 116.71504,
10.463700, 146.60368, 19.378340, 117.59839, 117.59896,
10.471710, 155.19006, 21.656830, 118.47693, 118.47782,
10.479720, 137.00189, 22.056309, 119.35162, 119.35286,
10.487730, 163.11990, 22.110525, 120.22255, 120.22416,
10.495730, 117.21088, 22.721195, 121.08879, 121.09077,
10.503740, 189.99190, 28.701185, 121.95247, 121.95485,
10.511750, 203.86623, 29.454269, 122.81265, 122.81543,
10.519750, 139.46421, 25.992592, 123.66831, 123.67148,
10.527750, 98.618124, 31.531485, 124.52075, 124.52430,
10.535750, 111.80488, 35.101509, 125.36996, 125.37388,
10.543750, 120.95169, 35.804497, 126.21592, 126.22019,
10.551750, 131.24856, 39.183754, 127.05892, 127.06352,
10.559750, 156.48982, 43.496578, 127.89883, 127.90373,
10.567850, 162.50114, 19.010435, 128.74641, 128.75158,
10.576350, 197.23512, 19.117573, 129.63268, 129.63811,
10.584840, 139.56890, 18.297588, 130.51478, 130.52042,
10.593340, 164.68835, 16.631117, 131.39498, 131.40080,
10.601830, 156.80516, 16.231647, 132.27119, 132.27715,
10.610330, 202.53507, 18.311497, 133.14569, 133.15175,
10.618820, 152.32414, 16.820902, 134.01651, 134.02261,
10.627310, 168.36438, 15.748287, 134.88461, 134.89072,
10.635800, 130.52430, 15.741084, 135.75028, 135.75636,
10.644280, 140.60528, 17.035326, 136.61247, 136.61846,
10.652770, 162.85141, 16.393581, 137.47328, 137.47915,
10.661250, 171.77492, 15.546448, 138.33087, 138.33658,
10.669740, 139.41639, 16.121164, 139.18727, 139.19278,
10.678220, 161.63891, 17.309994, 140.04064, 140.04591,
10.686700, 138.17983, 15.487152, 140.89202, 140.89703,
10.695180, 172.70667, 16.268080, 141.74151, 141.74621,
10.703650, 129.45478, 16.834881, 142.58824, 142.59261,
10.712130, 156.65092, 17.325823, 143.43410, 143.43812,
10.720600, 142.37259, 15.732482, 144.27747, 144.28111,
10.729080, 157.71129, 16.760857, 145.12024, 145.12348,
10.737550, 229.42324, 19.884541, 145.96049, 145.96334,
10.746020, 170.89873, 17.633066, 146.79947, 146.80189,
10.754490, 135.47316, 16.110298, 147.63704, 147.63905,
10.762960, 146.73712, 17.198275, 148.47350, 148.47509,
10.771420, 135.55770, 18.262829, 149.30770, 149.30888,
10.779890, 172.65985, 18.694334, 150.14198, 150.14276,
10.788350, 151.95751, 17.496788, 150.97426, 150.97465,
10.796810, 155.46482, 20.036404, 151.80566, 151.80568,
10.805270, 183.72370, 21.955540, 152.63625, 152.63594,
10.813730, 172.94637, 20.571466, 153.46613, 153.46552,
10.822190, 110.11557, 18.723991, 154.29536, 154.29449,
10.830650, 147.77256, 22.015335, 155.12404, 155.12295,
10.839100, 159.85980, 23.668114, 155.95121, 155.94995,
10.847560, 189.08552, 22.658075, 156.77901, 156.77765,
10.856010, 134.46660, 21.633348, 157.60557, 157.60415,
10.864460, 130.52073, 24.196140, 158.43179, 158.43040,
10.872910, 193.73337, 26.222397, 159.25787, 159.25658,
10.881360, 150.40782, 23.233366, 160.08395, 160.08285,
10.889800, 169.47116, 25.125614, 160.90902, 160.90819,
10.898250, 168.55602, 27.745844, 161.73511, 161.73464,
10.906690, 163.39122, 28.204666, 162.56043, 162.56043,
10.915140, 133.01181, 25.915558, 163.38700, 163.38758,
10.923580, 178.37193, 30.424007, 164.21277, 164.21403,
10.932020, 192.89039, 33.695297, 165.03875, 165.04078,
10.940460, 161.95043, 31.120569, 165.86492, 165.86782,
10.948890, 244.44116, 34.007515, 166.69022, 166.69409,
10.957330, 165.43537, 36.414246, 167.51670, 167.52162,
10.965760, 195.01894, 27.885124, 168.34237, 168.34842,
10.974200, 257.79898, 27.276909, 169.16909, 169.17635,
10.982630, 278.30444, 26.339008, 169.99486, 170.00342,
10.991060, 266.16215, 27.708508, 170.82081, 170.83071,
10.999490, 356.01099, 32.471462, 171.64671, 171.65803,
11.007920, 305.63127, 31.195713, 172.47273, 172.48554,
11.016340, 306.48038, 32.369980, 173.29774, 173.31209,
11.024770, 247.10798, 33.055466, 174.12368, 174.13962,
11.033190, 290.44802, 40.506851, 174.94866, 174.96624,
11.041610, 252.45930, 38.518291, 175.77360, 175.79286,
11.050030, 232.27581, 29.678528, 176.59847, 176.61945,
11.058450, 320.56511, 35.288456, 177.42327, 177.44600,
11.066870, 254.92853, 32.569427, 178.24796, 178.27248,
11.075290, 251.03630, 33.714024, 179.07253, 179.09887,
11.083700, 231.54211, 49.103451, 179.89602, 179.92420,
11.092120, 277.56326, 38.116997, 180.72030, 180.75033,
11.100530, 193.82360, 67.568375, 181.54337, 181.57527,
11.108940, 239.28335, 57.338978, 182.36633, 182.40012,
11.117350, 323.22365, 69.606728, 183.18899, 183.22466,
11.120570, 289.22831, 21.507381, 183.50398, 183.54038,
11.129530, 292.33526, 19.706369, 184.38010, 184.41852,
11.138500, 316.50999, 19.607496, 185.25696, 185.29738,
11.147460, 356.78818, 21.037086, 186.13246, 186.17489,
11.156430, 394.93137, 21.823956, 187.00865, 187.05307,
11.165390, 453.56896, 21.151836, 187.88344, 187.92983,
11.174350, 516.48852, 21.411854, 188.75783, 188.80618,
11.183300, 588.76165, 23.621910, 189.63088, 189.68115,
11.192260, 704.32853, 24.974169, 190.50442, 190.55659,
11.201220, 743.92699, 24.104359, 191.37749, 191.43152,
11.210170, 735.53227, 23.573330, 192.24915, 192.30499,
11.219120, 750.77101, 25.118349, 193.12029, 193.17791,
11.228070, 658.23715, 23.819620, 193.99090, 194.05024,
11.237020, 741.54298, 23.193497, 194.86085, 194.92187,
11.245970, 708.12585, 22.990501, 195.73030, 195.79295,
11.254920, 683.67995, 23.529148, 196.59914, 196.66335,
11.263860, 669.60560, 23.036154, 197.46633, 197.53204,
11.272800, 691.06129, 22.089439, 198.33295, 198.40010,
11.281750, 677.13320, 22.363703, 199.19971, 199.26823,
11.290690, 610.20621, 22.310881, 200.06493, 200.13474,
11.299630, 611.68589, 22.204967, 200.92932, 201.00034,
11.308560, 606.71066, 21.213186, 201.79202, 201.86418,
11.317500, 562.03642, 20.957003, 202.65486, 202.72807,
11.326430, 515.53487, 21.453800, 203.51595, 203.59014,
11.335370, 525.89100, 21.275539, 204.37713, 204.45220,
11.344300, 513.35383, 20.356056, 205.23651, 205.31238,
11.353230, 508.94274, 20.563656, 206.09500, 206.17157,
11.362160, 481.76887, 21.386709, 206.95247, 207.02966,
11.371080, 464.48466, 20.751154, 207.80817, 207.88587,
11.380010, 435.45958, 19.596687, 208.66371, 208.74183,
11.388930, 443.50848, 20.223225, 209.51742, 209.59586,
11.397850, 436.19981, 21.346909, 210.37001, 210.44867,
11.406780, 386.92869, 20.384272, 211.22254, 211.30131,
11.415700, 398.52048, 19.873730, 212.07297, 212.15175,
11.424610, 381.84653, 20.116955, 212.92137, 213.00006,
11.433530, 374.91205, 21.853060, 213.76953, 213.84803,
11.442450, 401.59414, 22.461344, 214.61650, 214.69470,
11.451360, 344.74239, 20.109940, 215.46137, 215.53916,
11.460270, 355.52327, 21.592171, 216.30499, 216.38227,
11.469180, 357.63775, 22.674940, 217.14734, 217.22400,
11.478090, 312.68942, 22.600018, 217.98839, 218.06433,
11.487000, 334.22376, 22.112452, 218.82810, 218.90322,
11.495910, 330.10800, 23.372993, 219.66636, 219.74055,
11.504810, 285.69188, 23.874590, 220.50241, 220.57557,
11.513710, 327.32006, 26.013966, 221.33694, 221.40897,
11.522620, 309.27617, 24.519211, 222.17100, 222.24179,
11.531520, 323.85568, 26.389061, 223.00257, 223.07203,
11.540420, 308.32535, 28.088602, 223.83262, 223.90065,
11.549310, 280.02837, 28.145786, 224.66021, 224.72673,
11.558210, 288.58065, 26.717772, 225.48718, 225.55208,
11.567100, 267.81845, 26.470821, 226.31146, 226.37466,
11.576000, 328.11644, 30.974369, 227.13513, 227.19654,
11.584890, 306.28357, 31.088970, 227.95612, 228.01567,
11.593780, 252.61582, 28.748148, 228.77529, 228.83289,
11.602670, 274.06179, 29.571526, 229.59276, 229.64834,
11.611560, 251.54065, 30.453230, 230.40842, 230.46191,
11.620440, 263.78747, 31.977470, 231.22127, 231.27260,
11.629330, 247.56172, 31.104687, 232.03318, 232.08230,
11.638210, 280.49142, 32.013863, 232.84230, 232.88915,
11.647090, 182.76374, 32.359200, 233.64936, 233.69389,
11.655970, 221.46942, 35.471001, 234.45441, 234.49658,
11.664850, 265.57571, 28.086060, 235.25750, 235.29727,
11.673730, 222.97047, 18.849077, 236.05842, 236.09575,
11.682600, 249.79468, 22.439280, 236.85634, 236.89122,
11.691480, 266.86359, 23.191086, 237.65295, 237.68536,
11.700350, 236.74396, 23.231789, 238.44649, 238.47642,
11.709220, 250.10530, 24.320629, 239.23777, 239.26522,
11.718090, 281.11908, 25.244274, 240.02675, 240.05173,
11.726960, 222.02507, 26.190542, 240.81339, 240.83590,
11.735830, 174.38501, 25.350613, 241.59762, 241.61771,
11.744690, 227.59722, 28.338879, 242.37850, 242.39620,
11.753560, 262.02792, 27.882574, 243.15781, 243.17317,
11.762420, 261.35112, 30.772655, 243.93368, 243.94675,
11.771280, 295.35696, 47.379662, 244.70704, 244.71790,
11.775020, 251.38033, 17.567616, 245.03264, 245.04258,
11.784500, 235.16788, 18.132170, 245.85600, 245.86369,
11.793980, 247.24156, 17.973843, 246.67618, 246.68174,
11.803460, 280.47866, 20.006123, 247.49329, 247.49685,
11.812940, 215.78459, 15.810980, 248.30710, 248.30879,
11.822420, 248.59669, 17.263838, 249.11770, 249.11770,
11.831890, 241.81756, 16.946434, 249.92397, 249.92244,
11.841360, 258.91101, 16.563452, 250.72624, 250.72335,
11.850840, 234.85612, 15.508381, 251.52469, 251.52054,
11.860310, 269.43624, 16.796322, 252.31703, 252.31174,
11.869770, 270.56989, 16.882914, 253.10266, 253.09630,
11.879240, 270.46596, 16.078316, 253.88249, 253.87512,
11.888710, 278.06883, 15.506477, 254.65507, 254.64673,
11.898170, 281.59637, 16.135279, 255.41899, 255.40968,
11.907630, 269.54346, 16.382851, 256.17430, 256.16402,
11.917090, 263.34638, 15.826459, 256.92047, 256.90921,
11.926550, 260.65048, 15.085804, 257.65671, 257.64442,
11.936010, 255.78503, 15.315453, 258.38249, 258.36913,
11.945470, 288.90849, 16.473114, 259.09700, 259.08251,
11.954920, 280.29995, 15.787976, 259.79893, 259.78324,
11.964370, 287.79385, 15.459527, 260.48833, 260.47138,
11.973830, 268.16074, 15.184001, 261.16528, 261.14699,
11.983280, 288.49768, 16.223043, 261.82758, 261.80787,
11.992720, 309.97588, 16.564796, 262.47459, 262.45340,
12.002170, 291.47893, 15.731419, 263.10705, 263.08431,
12.011610, 292.22744, 15.849804, 263.72294, 263.69859,
12.021060, 296.54021, 16.676701, 264.32279, 264.29678,
12.030500, 296.77743, 16.814293, 264.90468, 264.87699,
12.039940, 288.55793, 16.255280, 265.46846, 265.43907,
12.049380, 262.90997, 15.539951, 266.01353, 265.98244,
12.058820, 246.64835, 16.181133, 266.53905, 266.50631,
12.068250, 269.60430, 17.159676, 267.04384, 267.00951,
12.077690, 276.28218, 16.916183, 267.52824, 267.49243,
12.087120, 259.43324, 16.133223, 267.99044, 267.95328,
12.096550, 280.08616, 17.348671, 268.43023, 268.39190,
12.105980, 269.77168, 18.105661, 268.84686, 268.80759,
12.115410, 241.21271, 17.415701, 269.23956, 269.19963,
12.124830, 288.90663, 17.888014, 269.60721, 269.56695,
12.134260, 266.95869, 18.187843, 269.94977, 269.90959,
12.143680, 258.11247, 18.888191, 270.26573, 270.22609,
12.153100, 256.76003, 19.066313, 270.55472, 270.51617,
12.162520, 257.34461, 21.769735, 270.81591, 270.77906,
12.171940, 234.07328, 18.659243, 271.04847, 271.01401,
12.181360, 268.88721, 20.383343, 271.25162, 271.22034,
12.190770, 266.38462, 21.148947, 271.42433, 271.39712,
12.200180, 265.83169, 20.579826, 271.56601, 271.54384,
12.209600, 268.13992, 21.063261, 271.67592, 271.65990,
12.219010, 257.99849, 22.066275, 271.75295, 271.74428,
12.228420, 294.07562, 24.016445, 271.79638, 271.79638,
12.237820, 250.50463, 23.064766, 271.80561, 271.81568,
12.247230, 288.26324, 23.432631, 271.78120, 271.80265,
12.256630, 260.83694, 24.075226, 271.72396, 271.75794,
12.266040, 336.75710, 27.518064, 271.63456, 271.68210,
12.275440, 554.08727, 32.276855, 271.51395, 271.57591,
12.284840, 405.44289, 29.666836, 271.36283, 271.43997,
12.294230, 314.90537, 28.121960, 271.18210, 271.27505,
12.303630, 263.16752, 37.322243, 270.97217, 271.08146,
12.313030, 256.38748, 31.488998, 270.73390, 270.85995,
12.322420, 329.57202, 37.635345, 270.46833, 270.61143,
12.331810, 297.68537, 24.721310, 270.17591, 270.33629,
12.341200, 324.64669, 21.669428, 269.85735, 270.03513,
12.350590, 300.03017, 21.755764, 269.51333, 269.70855,
12.359980, 288.45330, 22.115173, 269.14454, 269.35716,
12.369360, 329.34383, 23.040394, 268.75205, 268.98195,
12.378750, 299.95595, 23.916698, 268.33574, 268.58274,
12.388130, 299.36103, 25.730934, 267.89710, 268.16095,
12.397510, 266.07755, 25.906437, 267.43642, 267.71680,
12.406890, 305.67975, 25.752102, 266.95425, 267.25079,
12.416270, 308.74973, 27.651585, 266.45127, 266.76356,
12.425640, 318.55238, 27.490208, 265.92869, 266.25625,
12.435020, 326.16863, 30.209206, 265.38598, 265.72830,
12.444390, 309.49954, 28.802647, 264.82495, 265.18148,
12.453760, 325.41897, 27.446438, 264.24562, 264.61577,
12.463130, 306.72249, 28.607740, 263.64859, 264.03175,
12.472500, 337.78299, 33.023560, 263.03445, 263.42996,
12.481870, 329.00763, 39.287170, 262.40380, 262.81099,
12.489420, 321.99425, 19.102785, 261.88400, 262.30009,
12.499490, 331.72887, 19.740017, 261.17515, 261.60241,
12.509550, 358.18798, 19.588310, 260.44986, 260.88742,
12.519610, 335.02931, 18.232075, 259.70815, 260.15516,
12.529670, 311.93137, 17.445499, 258.95081, 259.40638,
12.539730, 346.60763, 19.054363, 258.17837, 258.64163,
12.549780, 351.38555, 20.611973, 257.39244, 257.86249,
12.559840, 353.18036, 17.781240, 256.59204, 257.06799,
12.569890, 345.34957, 17.201832, 255.77952, 256.26048,
12.579940, 350.98033, 17.908070, 254.95473, 255.43981,
12.589990, 382.97778, 18.480162, 254.11834, 254.60665,
12.600040, 363.38890, 17.534569, 253.27092, 253.76158,
12.610090, 362.55716, 16.903183, 252.41330, 252.90544,
12.620130, 365.96458, 18.561119, 251.54695, 252.03972,
12.630170, 391.30134, 17.716442, 250.67156, 251.16412,
12.640210, 394.56914, 18.027163, 249.78785, 250.27937,
12.650250, 383.48700, 16.858709, 248.89646, 249.38615,
12.660290, 368.63917, 16.594730, 247.99812, 248.48518,
12.670330, 372.86270, 16.836336, 247.09329, 247.57697,
12.680360, 384.50142, 17.351427, 246.18366, 246.66321,
12.690390, 406.91467, 17.143826, 245.26890, 245.74361,
12.700420, 387.73373, 16.410387, 244.34956, 244.81873,
12.710450, 400.55423, 16.788822, 243.42644, 243.88941,
12.720480, 427.42258, 18.161837, 242.50008, 242.95621,
12.730500, 404.27832, 19.941130, 241.57199, 242.02068,
12.740530, 403.51244, 16.793449, 240.64103, 241.08167,
12.750550, 396.99571, 16.323133, 239.70958, 240.14164,
12.760570, 391.98757, 16.914276, 238.77747, 239.20042,
12.770590, 411.40820, 17.468884, 237.84515, 238.25848,
12.780610, 384.52169, 16.848066, 236.91332, 237.31657,
12.790620, 405.21814, 18.378136, 235.98357, 236.37631,
12.800640, 491.73257, 18.213076, 235.05459, 235.43639,
12.810650, 680.71307, 21.241619, 234.12893, 234.49942,
12.820660, 512.97775, 19.287992, 233.20624, 233.56505,
12.830670, 340.69450, 16.080956, 232.28706, 232.63386,
12.840680, 313.85759, 15.781208, 231.37218, 231.70666,
12.850680, 316.16463, 16.444139, 230.46301, 230.78489,
12.860690, 297.11517, 16.591919, 229.55843, 229.86745,
12.870690, 279.49710, 15.929173, 228.66079, 228.95672,
12.880690, 295.42780, 16.036921, 227.76995, 228.05257,
12.890690, 261.00078, 15.749971, 226.88637, 227.15547,
12.900680, 269.86741, 16.568937, 226.01167, 226.26709,
12.910680, 273.47991, 16.899609, 225.14467, 225.38622,
12.920670, 270.82119, 16.401159, 224.28780, 224.51535,
12.930670, 284.81618, 16.948473, 223.43993, 223.65330,
12.940660, 249.83392, 16.807762, 222.60339, 222.80247,
12.950640, 217.08474, 17.036160, 221.77895, 221.96363,
12.960630, 223.63592, 16.846722, 220.96538, 221.13551,
12.970620, 269.73172, 17.818636, 220.16437, 220.31982,
12.980600, 220.46807, 17.213118, 219.37723, 219.51790,
12.990580, 218.97255, 18.399208, 218.60395, 218.72969,
13.000560, 224.89648, 18.323801, 217.84503, 217.95572,
13.010540, 214.70732, 18.343647, 217.10123, 217.19671,
13.020520, 222.72406, 18.257902, 216.37323, 216.45333,
13.030490, 201.26355, 18.834496, 215.66245, 215.72700,
13.040470, 258.60340, 21.218554, 214.96809, 215.01687,
13.050440, 208.69492, 20.486998, 214.29230, 214.32510,
13.060410, 232.30020, 20.748587, 213.63505, 213.65160,
13.070380, 192.83141, 20.066643, 212.99699, 212.99699,
13.080350, 204.59051, 22.089172, 212.37875, 212.36189,
13.090310, 226.56789, 23.510185, 211.78062, 211.74667,
13.100280, 243.42967, 24.147171, 211.20101, 211.14979,
13.110240, 209.38221, 22.937065, 210.64063, 210.57208,
13.120200, 271.10595, 25.802250, 210.09850, 210.01261,
13.130160, 245.96537, 26.612263, 209.57422, 209.47107,
13.140110, 184.65211, 19.531033, 209.06793, 208.94767,
13.150070, 211.52193, 16.638165, 208.57818, 208.44098,
13.160020, 211.41758, 16.679213, 208.10560, 207.95175,
13.169980, 211.62026, 18.167679, 207.64884, 207.47863,
13.179930, 221.88661, 18.476225, 207.20847, 207.02231,
13.189870, 233.87913, 19.503080, 206.78407, 206.58237,
13.199820, 222.15680, 19.412336, 206.37444, 206.15766,
13.209770, 186.41662, 18.196218, 205.97962, 205.74826,
13.219710, 237.62578, 19.612484, 205.59969, 205.35432,
13.229650, 268.51682, 22.223726, 205.23393, 204.97512,
13.239590, 213.45658, 21.662725, 204.88194, 204.61030,
13.249530, 228.51317, 21.393597, 204.54340, 204.25959,
13.259470, 264.49011, 22.061302, 204.21801, 203.92270,
13.269410, 260.92252, 22.640095, 203.90545, 203.59932,
13.279340, 237.43299, 26.471022, 203.60569, 203.28948,
13.289270, 247.64165, 27.598005, 203.31808, 202.99251,
13.299200, 256.39601, 29.194387, 203.04237, 202.70819,
13.309130, 282.19839, 29.989967, 202.77821, 202.43619,
13.318260, 222.25831, 16.815825, 202.54527, 202.19671,
13.328980, 261.12173, 17.055601, 202.28361, 201.92822,
13.339690, 225.50791, 16.703079, 202.03465, 201.67335,
13.350400, 225.23608, 17.201241, 201.79775, 201.43146,
13.361120, 239.99247, 17.332882, 201.57236, 201.20199,
13.371830, 228.34116, 16.032654, 201.35856, 200.98504,
13.382530, 226.01443, 15.655140, 201.15596, 200.78020,
13.393240, 218.29454, 16.150848, 200.96387, 200.58677,
13.403940, 222.58802, 16.773279, 200.78228, 200.40475,
13.414650, 229.51393, 18.418962, 200.61056, 200.23347,
13.425350, 232.15935, 15.619324, 200.44867, 200.07289,
13.436050, 225.70063, 15.584703, 200.29614, 199.92252,
13.446740, 239.49588, 16.092831, 200.15278, 199.78216,
13.457440, 229.47271, 16.188580, 200.01802, 199.65120,
13.468130, 211.22934, 14.903108, 199.89179, 199.52956,
13.478830, 213.84060, 14.491073, 199.77355, 199.41666,
13.489520, 219.87904, 14.472536, 199.66323, 199.31241,
13.500200, 246.72750, 15.626397, 199.56050, 199.21644,
13.510890, 232.21435, 14.953334, 199.46487, 199.12825,
13.521570, 250.19803, 14.982734, 199.37624, 199.04767,
13.532260, 246.17109, 14.284511, 199.29414, 198.97424,
13.542940, 239.74486, 14.398629, 199.21844, 198.90776,
13.553620, 256.89088, 15.347143, 199.14878, 198.84785,
13.564290, 241.93884, 14.871502, 199.08495, 198.79423,
13.574970, 239.50741, 14.384357, 199.02653, 198.74648,
13.585640, 235.61968, 13.949626, 198.97336, 198.70438,
13.596320, 227.93839, 14.257521, 198.92508, 198.66752,
13.606990, 224.03160, 14.643375, 198.88149, 198.63565,
13.617650, 235.26024, 14.715887, 198.84232, 198.60846,
13.628320, 236.19742, 14.140738, 198.80723, 198.58557,
13.638980, 232.38492, 14.319763, 198.77601, 198.56671,
13.649650, 228.50881, 14.572335, 198.74835, 198.55154,
13.660310, 209.31554, 14.768983, 198.72404, 198.53977,
13.670970, 212.31927, 16.270889, 198.70277, 198.53108,
13.681630, 216.22355, 14.303010, 198.68431, 198.52515,
13.692280, 196.83884, 14.381387, 198.66840, 198.52167,
13.702940, 208.49615, 14.969339, 198.65476, 198.52034,
13.713590, 210.73466, 15.845109, 198.64315, 198.52083,
13.724240, 213.25081, 15.689346, 198.63331, 198.52285,
13.734890, 265.46307, 16.630558, 198.62499, 198.52608,
13.745530, 227.94208, 17.668848, 198.61793, 198.53022,
13.756180, 220.44394, 16.874811, 198.61188, 198.53495,
13.766820, 193.78515, 17.121567, 198.60659, 198.53997,
13.777460, 216.76448, 17.814875, 198.60180, 198.54497,
13.788100, 194.02071, 15.872559, 198.59726, 198.54965,
13.798740, 212.48644, 17.358721, 198.59273, 198.55369,
13.809380, 183.82392, 17.467051, 198.58794, 198.55679,
13.820010, 205.22323, 18.452244, 198.58267, 198.55865,
13.830640, 185.08656, 18.006948, 198.57664, 198.55896,
13.841270, 176.25909, 17.487228, 198.56962, 198.55741,
13.851900, 204.10061, 18.437757, 198.56134, 198.55369,
13.862530, 212.22021, 24.739550, 198.55156, 198.54751,
13.873150, 213.99240, 20.719542, 198.54004, 198.53855,
13.883780, 170.24688, 19.870070, 198.52650, 198.52650,
13.894400, 176.44504, 19.961451, 198.51075, 198.51112,
13.905020, 219.72796, 21.775665, 198.49273, 198.49239,
13.915640, 212.96413, 23.277706, 198.47242, 198.47031,
13.926250, 183.45474, 22.649963, 198.44982, 198.44496,
13.936870, 224.78585, 24.489044, 198.42487, 198.41630,
13.947480, 219.97040, 22.935347, 198.39760, 198.38443,
13.958090, 163.56980, 23.745304, 198.36796, 198.34933,
13.968700, 203.45591, 25.504278, 198.33593, 198.31103,
13.979310, 202.72785, 27.212250, 198.30148, 198.26956,
13.989910, 211.55243, 26.157269, 198.26464, 198.22499,
14.000520, 198.70460, 25.252234, 198.22530, 198.17725,
14.011120, 221.94418, 28.340141, 198.18352, 198.12646,
14.021720, 200.30935, 29.218437, 198.13922, 198.07260,
14.032320, 216.20397, 30.740715, 198.09238, 198.01569,
14.042920, 189.04001, 28.869064, 198.04297, 197.95576,
14.053510, 201.39215, 30.446056, 197.99102, 197.89287,
14.064110, 205.42189, 30.665075, 197.93639, 197.82695,
14.074700, 222.07821, 35.526638, 197.87914, 197.75812,
14.085290, 187.42662, 35.036545, 197.81921, 197.68635,
14.095870, 185.69236, 24.489157, 197.75661, 197.61174,
14.106460, 198.27685, 20.157076, 197.69120, 197.53416,
14.117040, 200.70793, 20.362318, 197.62305, 197.45377,
14.127630, 205.34741, 22.719629, 197.55200, 197.37043,
14.138210, 216.26337, 23.352270, 197.47814, 197.28434,
14.148790, 213.92673, 23.372580, 197.40138, 197.19542,
14.159370, 223.39790, 23.599586, 197.32166, 197.10369,
14.169940, 224.13902, 23.506653, 197.23904, 197.00927,
14.180520, 228.89000, 43.982586, 197.15329, 196.91198,
14.182090, 214.97935, 19.239206, 197.14031, 196.89731,
14.193560, 206.74467, 17.672815, 197.04337, 196.78828,
14.205030, 232.96238, 18.847973, 196.94273, 196.67602,
14.216500, 241.69837, 19.518656, 196.83834, 196.56057,
14.227970, 235.47968, 18.463448, 196.73015, 196.44193,
14.239430, 247.14802, 17.435741, 196.61816, 196.32022,
14.250890, 243.93264, 16.344086, 196.50225, 196.19538,
14.262350, 203.73808, 16.331615, 196.38232, 196.06740,
14.273810, 190.37138, 16.111134, 196.25831, 195.93631,
14.285270, 217.49979, 16.616192, 196.13017, 195.80213,
14.296730, 239.53774, 15.706154, 195.99779, 195.66485,
14.308180, 227.70027, 15.043434, 195.86123, 195.52464,
14.319630, 208.91787, 14.993345, 195.72031, 195.38138,
14.331080, 188.41030, 15.478244, 195.57492, 195.23506,
14.342530, 207.13421, 15.756346, 195.42502, 195.08573,
14.353970, 221.12475, 14.860947, 195.27064, 194.93353,
14.365410, 187.09064, 13.909833, 195.11155, 194.77832,
14.376860, 201.26312, 14.237581, 194.94754, 194.61999,
14.388300, 203.39423, 15.319160, 194.77879, 194.45881,
14.399730, 211.58543, 15.459183, 194.60523, 194.29482,
14.411170, 199.51069, 14.264513, 194.42645, 194.12773,
14.422600, 213.04335, 14.094679, 194.24268, 193.95784,
14.434030, 210.67055, 14.386251, 194.05366, 193.78501,
14.445460, 204.29547, 15.398830, 193.85927, 193.60925,
14.456890, 208.88424, 15.115461, 193.65943, 193.43057,
14.468320, 208.64746, 14.479950, 193.45402, 193.24898,
14.479740, 217.91671, 14.088474, 193.24312, 193.06464,
14.491160, 188.56505, 13.401713, 193.02643, 192.87740,
14.502580, 204.47377, 16.482304, 192.80387, 192.68729,
14.514000, 198.46832, 14.546856, 192.57527, 192.49427,
14.525420, 172.33188, 13.275080, 192.34053, 192.29836,
14.536830, 203.63514, 13.009065, 192.09976, 192.09976,
14.548240, 183.70647, 12.918459, 191.85278, 191.89835,
14.559650, 202.35698, 16.160908, 191.60034, 191.69449,
14.571060, 206.15630, 14.372165, 191.34339, 191.48863,
14.582470, 202.39415, 13.966078, 191.08283, 191.28119,
14.593870, 212.03078, 15.534626, 190.81981, 191.07277,
14.605270, 239.68550, 14.635618, 190.55502, 190.86363,
14.616670, 204.93668, 14.152023, 190.28941, 190.65422,
14.628070, 195.25474, 16.393742, 190.02384, 190.44493,
14.639470, 184.15895, 14.370203, 189.75925, 190.23620,
14.650860, 181.97256, 13.935064, 189.49680, 190.02865,
14.662260, 195.47921, 14.359755, 189.23691, 189.82234,
14.673650, 212.79846, 15.205870, 188.98099, 189.61806,
14.685040, 208.30594, 16.212740, 188.72969, 189.41604,
14.696420, 197.38279, 16.058247, 188.48419, 189.21692,
14.707810, 220.47894, 16.464886, 188.24492, 189.02074,
14.719190, 192.41867, 15.809551, 188.01329, 188.82831,
14.730570, 193.34143, 16.064644, 187.78995, 188.63985,
14.741950, 212.32840, 18.100628, 187.57586, 188.45580,
14.753330, 190.40636, 17.648590, 187.37196, 188.27660,
14.764700, 205.36035, 17.921591, 187.17935, 188.10284,
14.776080, 194.03512, 17.126009, 186.99861, 187.93462,
14.787450, 188.27467, 17.434053, 186.83105, 187.77269,
14.798820, 209.70566, 18.945068, 186.67742, 187.61733,
14.810190, 215.81790, 18.481756, 186.53869, 187.46895,
14.821550, 213.49783, 18.438370, 186.41594, 187.32814,
14.832920, 190.61682, 17.459354, 186.30992, 187.19508,
14.844280, 195.44617, 17.304165, 186.22180, 187.07042,
14.855640, 218.46529, 19.200573, 186.15246, 186.95451,
14.866990, 217.83252, 19.091997, 186.10294, 186.84786,
14.878350, 196.02820, 18.464062, 186.07416, 186.75072,
14.889710, 195.84616, 18.104607, 186.06718, 186.66365,
14.901060, 197.25273, 17.800961, 186.08301, 186.58715,
14.912410, 202.14472, 18.718212, 186.12266, 186.52158,
14.923760, 193.52906, 19.236523, 186.18718, 186.46738,
14.935100, 186.15190, 20.347139, 186.27753, 186.42505,
14.946450, 179.36050, 19.561861, 186.39496, 186.39496,
14.957790, 172.18610, 19.223761, 186.53989, 186.37751,
14.969130, 200.74724, 20.841316, 186.71134, 186.37260,
14.980470, 205.79749, 21.733191, 186.90786, 186.38006,
14.991810, 181.76857, 22.314949, 187.12795, 186.39971,
15.003140, 204.06538, 22.728966, 187.36995, 186.43137,
15.014480, 196.79941, 22.209572, 187.63279, 186.47490,
15.025810, 200.64354, 23.013914, 187.91464, 186.53009,
15.037140, 192.06880, 23.155464, 188.21423, 186.59679,
15.048460, 187.47935, 25.322571, 188.52989, 186.67479,
15.059790, 240.66324, 26.808611, 188.86075, 186.76404,
15.071110, 213.11337, 25.416708, 189.20485, 186.86426,
15.082440, 231.89405, 19.591425, 189.56140, 186.97545,
15.093750, 192.47108, 15.660919, 189.92800, 187.09716,
15.105070, 225.44309, 17.755957, 190.30428, 187.22955,
15.116390, 227.13278, 18.741726, 190.68851, 187.37237,
15.127700, 212.18524, 18.631081, 191.07897, 187.52533,
15.139020, 239.26817, 20.140598, 191.47500, 187.68857,
15.150330, 191.50080, 18.745880, 191.87451, 187.86164,
15.162390, 204.57282, 20.514215, 192.30321, 188.05703,
15.174730, 239.34082, 20.591148, 192.74307, 188.26837,
15.187070, 218.89218, 21.028370, 193.18233, 188.49106,
15.199410, 204.40559, 21.844036, 193.61929, 188.72496,
15.211740, 194.61754, 20.368584, 194.05175, 188.96965,
15.224080, 184.50893, 18.918612, 194.47873, 189.22540,
15.236410, 202.52154, 17.941616, 194.89771, 189.49160,
15.248740, 215.47897, 18.344027, 195.30726, 189.76830,
15.261060, 255.76918, 20.741741, 195.70528, 190.05509,
15.273390, 217.06258, 19.462118, 196.09065, 190.35229,
15.285710, 222.13453, 19.130421, 196.46095, 190.65927,
15.298030, 207.45750, 17.581087, 196.81466, 190.97606,
15.310350, 219.59508, 17.799841, 197.15002, 191.30257,
15.322660, 233.09724, 19.421791, 197.46492, 191.63833,
15.334980, 218.82193, 19.682262, 197.75806, 191.98373,
15.347290, 224.96664, 20.077049, 198.02713, 192.33809,
15.359600, 218.02742, 18.410858, 198.27053, 192.70153,
15.371900, 210.10273, 18.299961, 198.48620, 193.07358,
15.384210, 216.70139, 19.591482, 198.67265, 193.45473,
15.396510, 192.02057, 19.764406, 198.82767, 193.84424,
15.408810, 244.38350, 21.927887, 198.94950, 194.24221,
15.421110, 235.46506, 19.452005, 199.03623, 194.64858,
15.433410, 209.12031, 17.179277, 199.08590, 195.06315,
15.445700, 213.27690, 17.378574, 199.09655, 195.48547,
15.457990, 182.02205, 17.147392, 199.06626, 195.91575,
15.470280, 188.85955, 18.248199, 198.99380, 196.35385,
15.482570, 202.05251, 16.957664, 198.88100, 196.79965,
15.494860, 230.51899, 16.436924, 198.73046, 197.25301,
15.507140, 210.51519, 15.432161, 198.54494, 197.71346,
15.519420, 200.13182, 15.775552, 198.32688, 198.18117,
15.531700, 259.89582, 17.375782, 198.07879, 198.65611,
15.543980, 542.05914, 21.842379, 197.80323, 199.13808,
15.556260, 637.98732, 22.712029, 197.50266, 199.62704,
15.568530, 340.83336, 17.096640, 197.17986, 200.12240,
15.580800, 230.17010, 15.239447, 196.83708, 200.62446,
15.593070, 223.11447, 16.344398, 196.47676, 201.13312,
15.605340, 226.91845, 16.682882, 196.10136, 201.64825,
15.617600, 233.91012, 16.556646, 195.71362, 202.16934,
15.629860, 231.83758, 15.315065, 195.31572, 202.69664,
15.642120, 229.95468, 14.483716, 194.91002, 203.23012,
15.654380, 237.02636, 15.336370, 194.49900, 203.76958,
15.666640, 227.48839, 15.618569, 194.08501, 204.31502,
15.678890, 222.28876, 15.709549, 193.67086, 204.86580,
15.691140, 237.28223, 15.466191, 193.25860, 205.42229,
15.703390, 203.47696, 14.047002, 192.85064, 205.98438,
15.715640, 216.39156, 15.008628, 192.44938, 206.55198,
15.727890, 226.34688, 15.905328, 192.05726, 207.12498,
15.740130, 234.29457, 16.753839, 191.67697, 207.70283,
15.752370, 242.01813, 16.538239, 191.31066, 208.28584,
15.764610, 251.46145, 16.648228, 190.96070, 208.87400,
15.776850, 237.86769, 16.527967, 190.62958, 209.46712,
15.789090, 233.20590, 17.062641, 190.31970, 210.06520,
15.801320, 248.86009, 18.186440, 190.03377, 210.66758,
15.813550, 263.65549, 19.744465, 189.77400, 211.27469,
15.825780, 248.44981, 19.023600, 189.54285, 211.88642,
15.838010, 240.49180, 18.657881, 189.34282, 212.50269,
15.850230, 248.86160, 19.222744, 189.17655, 213.12292,
15.862450, 256.29392, 19.716183, 189.04640, 213.74746,
15.874670, 242.94834, 20.276495, 188.95489, 214.37631,
15.886890, 237.28877, 19.851873, 188.90460, 215.00935,
15.899110, 236.96545, 19.797144, 188.89812, 215.64643,
15.911320, 260.35531, 19.211142, 188.93801, 216.28702,
15.923540, 250.99373, 19.326935, 189.02696, 216.93208,
15.935750, 232.27106, 20.083498, 189.16749, 217.58043,
15.947960, 255.09679, 20.831028, 189.36234, 218.23254,
15.960160, 264.71800, 21.088907, 189.61400, 218.88780,
15.972370, 245.29832, 20.642242, 189.92560, 219.54716,
15.984570, 250.72012, 20.356480, 190.29942, 220.20947,
15.996770, 245.99514, 20.310041, 190.73852, 220.87526,
16.008961, 249.89192, 21.940748, 191.24529, 221.54388,
16.021160, 253.68194, 22.198286, 191.82337, 222.21623,
16.033350, 249.44769, 22.578789, 192.47479, 222.89125,
16.045549, 272.38651, 21.815044, 193.20352, 223.56992,
16.057739, 258.22358, 22.040968, 194.01143, 224.25109,
16.069920, 244.89600, 22.502632, 194.90134, 224.93470,
16.082109, 215.36156, 22.177197, 195.87774, 225.62172,
16.094290, 247.99552, 23.514294, 196.94221, 226.31102,
16.106470, 263.62005, 25.757370, 198.09864, 227.00306,
16.118650, 238.73318, 23.858740, 199.35026, 227.69776,
16.130831, 231.28374, 22.848446, 200.70033, 228.39506,
16.143009, 241.04852, 24.419287, 202.15193, 229.09477,
16.155180, 259.69900, 27.130093, 203.70763, 229.79649,
16.167351, 215.04955, 30.308933, 205.37174, 230.50059,
16.179520, 252.97064, 28.152637, 207.14744, 231.20688,
16.191681, 257.87227, 26.832815, 209.03731, 231.91497,
16.203850, 250.99802, 30.472061, 211.04731, 232.62567,
16.216009, 265.81836, 32.107628, 213.17825, 233.33792,
16.228170, 217.41150, 35.732235, 215.43575, 234.05230,
16.240330, 232.42285, 33.314026, 217.82288, 234.76854,
16.252489, 168.14152, 32.923843, 220.34385, 235.48667,
16.264641, 249.27817, 33.949142, 222.99818, 236.20617,
16.276791, 234.46523, 36.887173, 225.77738, 236.92733,
16.288950, 284.24370, 40.238918, 228.67196, 237.65075,
16.301090, 285.75513, 47.870663, 231.66283, 238.37466,
16.313240, 243.78539, 45.342316, 234.74483, 239.10070,
16.325380, 321.64291, 49.716896, 237.90109, 239.82767,
16.337530, 328.18075, 33.358753, 241.12457, 240.55665,
16.349670, 307.92575, 27.522852, 244.39826, 241.28642,
16.361799, 335.06110, 27.110039, 247.70960, 242.01681,
16.373940, 365.86061, 30.768433, 251.05296, 242.74913,
16.386070, 365.79032, 30.249105, 254.41070, 243.48205,
16.398211, 404.27375, 31.668495, 257.77625, 244.21666,
16.410339, 366.21276, 27.762129, 261.13194, 244.95163,
16.422461, 400.80554, 29.872972, 264.46701, 245.68713,
16.434589, 375.13668, 31.266270, 267.77383, 246.42401,
16.446711, 357.40507, 30.093712, 271.03638, 247.16130,
16.458839, 357.83870, 30.054472, 274.24688, 247.89985,
16.470961, 368.92237, 31.967695, 277.38941, 248.63868,
16.483070, 335.89514, 31.426617, 280.45121, 249.37749,
16.495190, 344.68486, 41.893272, 283.42565, 250.11750,
16.500280, 372.82747, 27.282444, 284.64540, 250.42851,
16.513599, 353.09956, 23.301540, 287.74517, 251.24266,
16.526911, 330.90271, 21.200722, 290.69816, 252.05689,
16.540211, 330.43675, 21.863899, 293.48773, 252.87090,
16.553520, 311.71346, 21.990570, 296.10210, 253.68590,
16.566820, 309.85730, 22.819239, 298.52123, 254.50063,
16.580120, 275.12378, 22.152607, 300.73063, 255.31560,
16.593420, 291.95661, 20.775991, 302.71375, 256.13072,
16.606710, 277.62987, 21.095734, 304.45272, 256.94534,
16.620001, 309.36258, 21.701057, 305.93820, 257.75996,
16.633301, 368.19075, 24.449024, 307.18386, 258.57508,
16.646589, 285.89815, 22.356594, 308.20649, 259.38934,
16.659870, 301.96252, 20.645512, 309.02537, 260.20289,
16.673149, 294.42593, 19.393597, 309.65943, 261.01601,
16.686440, 306.67857, 18.461355, 310.12739, 261.82942,
16.699711, 330.10409, 19.117985, 310.44645, 262.64119,
16.712990, 334.03455, 20.205889, 310.63547, 263.45286,
16.726271, 341.07697, 20.488909, 310.71219, 264.26401,
16.739540, 281.85285, 18.456404, 310.69452, 265.07374,
16.752810, 293.89001, 17.852245, 310.60035, 265.88267,
16.766081, 296.31805, 17.291115, 310.44740, 266.69084,
16.779341, 344.71679, 19.248158, 310.25355, 267.49735,
16.792601, 320.82353, 20.073887, 310.03634, 268.30282,
16.805870, 341.93535, 20.603552, 309.81322, 269.10774,
16.819120, 288.17910, 18.433475, 309.60229, 269.91031,
16.832380, 325.85595, 17.781265, 309.42068, 270.71218,
16.845631, 325.35146, 16.869921, 309.28628, 271.51210,
16.858891, 298.61152, 17.278570, 309.21656, 272.31115,
16.872141, 321.67232, 18.926809, 309.22929, 273.10810,
16.885380, 327.60474, 19.213835, 309.34200, 273.90275,
16.898630, 344.11798, 19.229675, 309.57264, 274.69639,
16.911869, 317.40391, 18.128927, 309.93866, 275.48758,
16.925110, 308.19142, 18.125340, 310.45819, 276.27702,
16.938351, 313.54305, 19.095686, 311.14921, 277.06451,
16.951580, 310.54873, 20.326984, 312.02279, 277.84931,
16.964821, 306.05893, 20.974585, 313.06764, 278.63267,
16.978050, 320.15668, 20.513969, 314.26307, 279.41315,
16.991270, 317.93997, 19.099476, 315.59013, 280.19080,
17.004499, 358.02618, 19.027103, 317.03206, 280.96665,
17.017719, 468.50183, 20.452253, 318.56818, 281.73948,
17.030951, 710.88008, 24.548435, 320.18241, 282.51044,
17.044161, 537.47004, 23.073502, 321.85224, 283.27756,
17.057381, 354.29909, 19.362169, 323.56303, 284.04252,
17.070601, 364.91054, 19.010813, 325.29519, 284.80467,
17.083811, 370.73320, 19.234173, 327.02907, 285.56339,
17.097019, 348.47770, 18.472340, 328.74733, 286.31901,
17.110229, 371.61100, 20.431118, 330.43208, 287.07168,
17.123430, 327.03412, 20.474224, 332.06356, 287.82064,
17.136641, 348.65326, 20.684097, 333.62570, 288.56689,
17.149839, 314.43184, 19.318899, 335.09762, 289.30915,
17.163040, 306.13198, 19.611671, 336.46242, 290.04808,
17.176229, 336.02058, 18.710598, 337.70033, 290.78284,
17.189430, 351.35540, 20.088867, 338.79487, 291.51462,
17.202620, 356.48555, 21.174723, 339.72547, 292.24204,
17.215811, 350.99210, 21.101440, 340.47446, 292.96574,
17.229000, 324.49125, 20.725655, 341.02274, 293.68543,
17.242180, 332.00215, 21.391247, 341.35643, 294.40060,
17.255369, 341.14263, 22.835438, 341.48275, 295.11217,
17.268551, 325.71358, 22.756475, 341.41327, 295.81912,
17.281719, 346.18685, 23.861433, 341.16012, 296.52105,
17.294901, 345.61467, 26.624083, 340.73431, 297.21928,
17.308069, 371.50321, 27.955353, 340.14810, 297.91229,
17.321251, 359.94823, 25.185352, 339.41162, 298.60139,
17.334410, 401.95843, 26.474701, 338.53823, 299.28458,
17.347580, 368.13636, 25.832518, 337.53696, 299.96354,
17.360750, 356.63630, 25.645840, 336.41952, 300.63757,
17.373911, 322.71176, 26.442993, 335.19780, 301.30607,
17.387070, 361.80849, 26.092026, 333.88210, 301.96933,
17.400230, 403.86093, 26.236782, 332.48283, 302.62744,
17.413380, 341.45487, 25.639822, 331.01225, 303.27961,
17.426540, 394.20302, 25.879023, 329.47850, 303.92686,
17.439690, 326.24368, 24.504158, 327.89490, 304.56797,
17.452841, 347.38567, 26.740231, 326.27050, 305.20346,
17.465981, 354.18336, 27.073387, 324.61758, 305.83259,
17.479130, 318.05401, 26.613815, 322.94407, 306.45623,
17.492270, 318.96818, 25.975773, 321.26292, 307.07337,
17.505409, 335.48365, 26.423986, 319.58345, 307.68434,
17.518551, 328.24112, 27.413784, 317.91596, 308.28910,
17.531679, 320.74545, 27.961555, 316.27287, 308.88683,
17.544821, 318.21481, 28.578531, 314.66140, 309.47863,
17.557949, 302.56514, 28.215054, 313.09536, 310.06316,
17.571079, 303.35877, 29.679569, 311.58345, 310.64099,
17.584200, 322.57248, 30.577669, 310.13754, 311.21149,
17.597330, 353.22112, 31.946211, 308.76617, 311.77535,
17.610451, 351.60412, 33.143959, 307.48201, 312.33162,
17.623569, 269.43867, 34.080704, 306.29492, 312.88050,
17.636690, 318.93760, 44.174847, 305.21535, 313.42202,
17.649799, 292.17623, 38.898010, 304.25256, 313.95549,
17.662910, 293.92013, 38.830605, 303.40355, 314.48132,
17.676029, 320.72458, 38.654297, 302.66370, 314.99960,
17.689131, 302.19820, 45.404526, 302.02999, 315.50920,
17.702240, 321.28997, 45.264606, 301.49686, 316.01097,
17.715349, 299.02961, 42.953979, 301.06054, 316.50444,
17.728451, 316.55818, 44.346336, 300.71709, 316.98920,
17.741550, 305.33811, 39.008663, 300.46220, 317.46531,
17.754641, 310.34433, 28.201443, 300.29193, 317.93235,
17.767740, 308.50006, 26.750807, 300.20208, 318.39085,
17.780830, 349.31904, 30.270578, 300.18891, 318.83999,
17.793921, 278.51408, 26.755287, 300.24848, 319.27995,
17.807011, 347.58414, 27.870598, 300.37701, 319.71055,
17.820101, 383.96009, 29.938354, 300.57075, 320.13165,
17.833179, 354.75701, 28.639088, 300.82576, 320.54272,
17.846270, 305.06516, 27.064939, 301.13881, 320.94431,
17.859341, 281.61807, 27.201012, 301.50550, 321.33533,
17.872419, 325.36033, 30.936182, 301.92294, 321.71641,
17.885500, 324.24731, 33.328243, 302.38743, 322.08721,
17.898569, 314.43343, 33.752342, 302.89492, 322.44717,
17.911640, 287.97732, 32.155750, 303.44241, 322.79652,
17.924709, 283.23706, 31.735573, 304.02625, 323.13494,
17.937780, 287.36472, 54.073315, 304.64318, 323.46238,
17.941250, 348.02714, 27.220865, 304.81205, 323.54741,
17.955721, 328.17357, 25.412338, 305.53742, 323.89347,
17.970181, 329.19268, 25.015739, 306.29271, 324.22518,
17.984650, 322.08793, 24.740814, 307.07444, 324.54278,
17.999109, 333.62317, 25.411644, 307.87699, 324.84558,
18.013571, 381.19350, 27.195011, 308.69645, 325.13355,
18.028021, 305.57269, 24.709177, 309.52751, 325.40619,
18.042480, 295.54943, 24.284166, 310.36687, 325.66360,
18.056931, 302.67802, 24.171469, 311.20889, 325.90517,
18.071381, 329.79446, 25.370527, 312.05005, 326.13079,
18.085819, 322.44987, 26.672295, 312.88721, 326.34001,
18.100269, 363.88729, 27.719227, 313.71965, 326.53286,
18.114710, 357.24275, 26.678701, 314.54411, 326.70876,
18.129150, 345.48703, 24.090506, 315.35907, 326.86755,
18.143579, 303.60081, 21.622042, 316.16185, 327.00881,
18.158020, 323.41956, 21.462200, 316.95164, 327.13245,
18.172449, 336.01180, 23.469774, 317.72510, 327.23795,
18.186880, 320.84910, 23.827085, 318.48088, 327.32511,
18.201300, 345.86486, 24.677038, 319.21619, 327.39354,
18.215719, 280.05924, 22.636028, 319.92952, 327.44299,
18.230150, 327.16684, 22.403196, 320.61927, 327.47312,
18.244560, 315.74692, 21.092207, 321.28176, 327.48356,
18.258980, 353.27689, 22.036448, 321.91626, 327.47399,
18.273390, 319.97764, 22.571848, 322.51974, 327.44408,
18.287800, 312.68053, 23.397324, 323.09042, 327.39346,
18.302210, 345.21895, 23.821938, 323.62606, 327.32177,
18.316620, 356.64530, 23.202736, 324.12439, 327.22864,
18.331020, 297.62588, 21.879011, 324.58283, 327.11378,
18.345421, 334.65162, 23.984970, 324.99942, 326.97674,
18.359819, 367.56989, 25.290731, 325.37175, 326.81716,
18.374210, 350.62157, 26.834980, 325.69735, 326.63474,
18.388611, 317.74163, 24.653343, 325.97417, 326.42884,
18.403000, 307.93439, 22.809334, 326.19937, 326.19937,
18.417379, 317.56986, 21.415592, 326.37151, 325.94632,
18.431770, 337.12938, 20.835993, 326.49284, 325.67086,
18.446150, 297.21177, 19.933283, 326.56601, 325.37535,
18.460529, 340.48613, 22.463217, 326.59398, 325.06149,
18.474911, 338.81890, 23.604429, 326.57952, 324.73116,
18.489281, 383.19747, 24.972525, 326.52544, 324.38659,
18.503660, 346.60572, 23.150169, 326.43441, 324.02916,
18.518030, 292.64116, 20.533157, 326.30923, 323.66125,
18.532391, 332.90158, 20.516838, 326.15264, 323.28478,
18.546761, 318.80966, 21.162128, 325.96709, 322.90113,
18.561119, 332.46837, 22.850702, 325.75545, 322.51275,
18.575480, 320.03171, 24.501608, 325.52017, 322.12117,
18.589840, 342.53052, 25.302292, 325.26384, 321.72831,
18.604191, 332.13609, 24.467583, 324.98923, 321.33633,
18.618549, 316.47580, 24.271976, 324.69855, 320.94662,
18.632900, 376.75298, 25.145290, 324.39465, 320.56149,
18.647240, 363.28137, 26.910282, 324.08016, 320.18291,
18.661591, 373.37306, 27.270029, 323.75709, 319.81215,
18.675930, 418.21058, 27.725346, 323.42846, 319.45168,
18.690269, 573.57124, 29.551386, 323.09652, 319.10308,
18.704611, 1062.8293, 34.899460, 322.76371, 318.76821,
18.718941, 888.46391, 30.634268, 322.43285, 318.44923,
18.733271, 478.93283, 24.662243, 322.10616, 318.14778,
18.747601, 341.78643, 24.127172, 321.78613, 317.86575,
18.761930, 291.27997, 25.002670, 321.47527, 317.60502,
18.776260, 304.98360, 26.445847, 321.17608, 317.36752,
18.790581, 330.84168, 26.433331, 320.89126, 317.15529,
18.804899, 326.52625, 24.102135, 320.62317, 316.97010,
18.819220, 376.01454, 24.778591, 320.37427, 316.81381,
18.833530, 344.97490, 25.355068, 320.14729, 316.68847,
18.847839, 322.87726, 25.017193, 319.94464, 316.59591,
18.862150, 304.36660, 28.415781, 319.76884, 316.53804,
18.876459, 351.48974, 32.091194, 319.62254, 316.51684,
18.890770, 335.18721, 31.376904, 319.50832, 316.53427,
18.905069, 325.69040, 31.308084, 319.42889, 316.59223,
18.919371, 349.45297, 31.403503, 319.38681, 316.69274,
18.933670, 328.22729, 31.682625, 319.38479, 316.83776,
18.947960, 315.82642, 33.267723, 319.42548, 317.02915,
18.962250, 351.98899, 33.825672, 319.51163, 317.26903,
18.976540, 387.01757, 34.792534, 319.64602, 317.55941,
18.990829, 394.64592, 34.391884, 319.83146, 317.90234,
19.005119, 313.68797, 30.119938, 320.07081, 318.29989,
19.019400, 308.43321, 28.039125, 320.36674, 318.75379,
19.033680, 328.85798, 28.339857, 320.72233, 319.26638,
19.047960, 340.93251, 30.848589, 321.14056, 319.83976,
19.062229, 315.58802, 33.982185, 321.62402, 320.47551,
19.076500, 310.47936, 40.954235, 322.17619, 321.17630,
19.090771, 300.35541, 33.338276, 322.80010, 321.94419,
19.105040, 340.85630, 34.936378, 323.49883, 322.78124,
19.119310, 334.37360, 36.807434, 324.27579, 323.68985,
19.133570, 370.54793, 34.671204, 325.13345, 324.67130,
19.147829, 378.78533, 39.062531, 326.07575, 325.72852,
19.162090, 357.22232, 43.440323, 327.10622, 326.86391,
19.176340, 300.24942, 45.558418, 328.22726, 328.07858,
19.190599, 261.99485, 49.006226, 329.44404, 329.37660,
19.204849, 387.83185, 50.063393, 330.75852, 330.75852,
19.219101, 324.88204, 43.847275, 332.17361, 332.22647,
19.233339, 378.83447, 44.421329, 333.68267, 333.77478,
19.247580, 335.60554, 46.814476, 335.28054, 335.39982,
19.261820, 299.76171, 40.625591, 336.96041, 337.09620,
19.276060, 326.96473, 44.345451, 338.71575, 338.85874,
19.290300, 341.59608, 47.889793, 340.54008, 340.68230,
19.304529, 399.39810, 49.309898, 342.42542, 342.56021,
19.318760, 316.35659, 46.594578, 344.36710, 344.48908,
19.332991, 406.49434, 48.168701, 346.35855, 346.46357,
19.347219, 366.61789, 47.088230, 348.39318, 348.47831,
19.361441, 399.51700, 49.870331, 350.46388, 350.52741,
19.375660, 351.32474, 52.766731, 352.56523, 352.60659,
19.389879, 300.71517, 48.607269, 354.69129, 354.71110,
19.404100, 348.78995, 51.952312, 356.83618, 356.83618,
19.418310, 360.85432, 53.739182, 358.99171, 358.97481,
19.432520, 422.49673, 59.669182, 361.15345, 361.12367,
