# wave, flux, fluxerr, continuum, continuum_plateau
9.9725246, 2065.4739, 38.664299, 2065.4739, 2065.4739,
9.9806166, 2125.2361, 42.163277, 2062.8288, 2062.8248,
9.9887066, 2092.5790, 39.896992, 2060.3852, 2060.3699,
9.9967957, 2044.6669, 37.794655, 2058.1443, 2058.1111,
10.004880, 2066.0965, 37.552212, 2056.1086, 2056.0519,
10.012970, 2107.3409, 37.310177, 2054.2770, 2054.1919,
10.021050, 2105.8726, 33.775761, 2052.6548, 2052.5372,
10.029140, 2075.2235, 34.227486, 2051.2396, 2051.0861,
10.037220, 2111.6069, 36.801746, 2050.0370, 2049.8449,
10.045300, 2119.2936, 33.911736, 2049.0466, 2048.8141,
10.053380, 2079.4112, 32.149712, 2048.2705, 2047.9959,
10.061460, 2055.7733, 34.186543, 2047.7106, 2047.3934,
10.069540, 2100.5961, 34.109352, 2047.3689, 2047.0088,
10.077610, 2066.0757, 31.259285, 2047.2475, 2046.8450,
10.085690, 2087.7313, 32.486820, 2047.3482, 2046.9040,
10.093760, 2102.6932, 34.565842, 2047.6729, 2047.1885,
10.101830, 2166.1616, 32.683846, 2048.2239, 2047.7009,
10.109900, 2096.0643, 31.266613, 2049.0034, 2048.4441,
10.117970, 2119.9430, 41.912888, 2050.0137, 2049.4206,
10.126040, 2169.5750, 33.842583, 2051.2571, 2050.6331,
10.134100, 2113.9870, 31.501041, 2052.7341, 2052.0824,
10.142170, 2107.8946, 32.260006, 2054.4509, 2053.7750,
10.150230, 2109.3849, 34.760868, 2056.4060, 2055.7094,
10.158300, 2165.6832, 34.042576, 2058.6064, 2057.8931,
10.166360, 2153.7740, 32.701958, 2061.0493, 2060.3234,
10.174420, 2091.6104, 34.571857, 2063.7405, 2063.0062,
10.182470, 2189.2178, 36.244904, 2066.6785, 2065.9400,
10.190530, 2174.8878, 37.138866, 2069.8734, 2069.1350,
10.198590, 2110.0244, 34.591663, 2073.3251, 2072.5911,
10.206640, 2121.7019, 37.965378, 2077.0312, 2076.3059,
10.214690, 2143.1747, 37.485760, 2080.9991, 2080.2867,
10.222750, 2141.5203, 35.787731, 2085.2369, 2084.5416,
10.230800, 2143.5364, 38.116138, 2089.7378, 2089.0636,
10.238850, 2130.0003, 39.377964, 2094.5097, 2093.8604,
10.246890, 2143.9814, 36.598526, 2099.5499, 2098.9291,
10.254940, 2186.6067, 35.810028, 2104.8735, 2104.2845,
10.262990, 2149.6849, 38.118778, 2110.4781, 2109.9241,
10.271030, 2168.0561, 38.480450, 2116.3600, 2115.8436,
10.279070, 2249.8681, 37.474819, 2122.5285, 2122.0520,
10.287120, 2200.3097, 37.609734, 2128.9964, 2128.5617,
10.295150, 2225.1327, 40.810295, 2135.7422, 2135.3508,
10.303190, 2255.2223, 39.210476, 2142.7948, 2142.4476,
10.311230, 2166.7189, 36.754494, 2150.1485, 2149.8459,
10.319270, 2190.7677, 39.332359, 2157.8089, 2157.5506,
10.327300, 2217.8295, 41.919418, 2165.7683, 2165.5536,
10.335340, 2282.6129, 41.325546, 2174.0506, 2173.8779,
10.343370, 2234.7079, 35.240925, 2182.6413, 2182.5082,
10.351400, 2209.7241, 42.087471, 2191.5520, 2191.4556,
10.359430, 2217.7664, 42.526405, 2200.7879, 2200.7243,
10.367460, 2196.4771, 39.907066, 2210.3533, 2210.3178,
10.375480, 2211.4997, 44.933006, 2220.2394, 2220.2263,
10.383510, 2159.2968, 49.627609, 2230.4766, 2230.4793,
10.391530, 2200.0625, 49.509197, 2241.0437, 2241.0546,
10.399560, 2213.5084, 39.423161, 2251.9705, 2251.9809,
10.407580, 2333.5330, 33.931145, 2263.2358, 2263.2358,
10.415600, 2257.8007, 34.211132, 2274.8534, 2274.8324,
10.423620, 2311.2746, 35.232258, 2286.8193, 2286.7675,
10.431640, 2479.5053, 35.640530, 2299.1218, 2299.0304,
10.439650, 2446.0648, 34.663574, 2311.7384, 2311.5996,
10.447670, 2374.5084, 34.046261, 2324.6920, 2324.4989,
10.455680, 2366.9911, 32.868649, 2337.9402, 2337.6868,
10.463700, 2400.0607, 31.846521, 2351.5089, 2351.1902,
10.471710, 2400.8382, 33.985405, 2365.3544, 2364.9662,
10.479720, 2427.1049, 34.540054, 2379.4858, 2379.0245,
10.487730, 2673.6317, 34.377708, 2393.8947, 2393.3576,
10.495730, 4223.1072, 41.047493, 2408.5554, 2407.9405,
10.503740, 9187.1431, 68.428780, 2423.4944, 2422.8003,
10.511750, 9958.1145, 71.822060, 2438.6866, 2437.9123,
10.519750, 4765.8757, 46.156235, 2454.1033, 2453.2487,
10.527750, 2650.8707, 41.747364, 2469.7582, 2468.8236,
10.535750, 2504.7849, 45.687656, 2485.6416, 2484.6278,
10.543750, 2599.1635, 47.027481, 2501.7437, 2500.6520,
10.551750, 2646.8179, 50.043961, 2518.0605, 2516.8925,
10.559750, 2506.1602, 53.956779, 2534.5803, 2533.3381,
10.567850, 2887.1646, 40.158684, 2551.5098, 2550.1951,
10.576350, 2899.7223, 39.646145, 2569.4833, 2568.0955,
10.584840, 2991.0242, 40.331093, 2587.6390, 2586.1818,
10.593340, 2899.1366, 37.034718, 2606.0127, 2604.4900,
10.601830, 2877.7640, 36.592381, 2624.5501, 2622.9660,
10.610330, 2848.7080, 38.755615, 2643.2879, 2641.6470,
10.618820, 2903.7864, 38.295063, 2662.1732, 2660.4803,
10.627310, 2889.8390, 35.811909, 2681.2159, 2679.4758,
10.635800, 2871.0696, 36.529610, 2700.4113, 2698.6293,
10.644280, 2854.2863, 38.391052, 2719.7246, 2717.9061,
10.652770, 2813.1293, 36.345123, 2739.1926, 2737.3431,
10.661250, 2807.4623, 34.716820, 2758.7629, 2756.8881,
10.669740, 2826.9815, 36.669827, 2778.4708, 2776.5764,
10.678220, 2858.1066, 37.869450, 2798.2635, 2796.3553,
10.686700, 2888.9540, 35.918167, 2818.1544, 2816.2384,
10.695180, 2892.6833, 35.636093, 2838.1349, 2836.2170,
10.703650, 2928.0250, 37.946728, 2858.1739, 2856.2601,
10.712130, 2987.5809, 38.505253, 2878.3057, 2876.4021,
10.720600, 3037.2417, 36.699772, 2898.4810, 2896.5938,
10.729080, 3023.8619, 37.241592, 2918.7346, 2916.8698,
10.737550, 3013.6998, 39.237579, 2939.0102, 2937.1738,
10.746020, 3029.8992, 38.120819, 2959.3266, 2957.5248,
10.754490, 2992.7034, 36.428265, 2979.6709, 2977.9097,
10.762960, 3032.2882, 37.825333, 3000.0391, 2998.3247,
10.771420, 2994.6480, 39.907764, 3020.3931, 3018.7314,
10.779890, 2981.9437, 38.600693, 3040.7796, 3039.1767,
10.788350, 3017.3650, 38.251785, 3061.1373, 3059.5991,
10.796810, 3021.7810, 40.611515, 3081.4831, 3080.0157,
10.805270, 3046.3488, 42.581116, 3101.8087, 3100.4180,
10.813730, 3050.6402, 41.351467, 3122.1057, 3120.7977,
10.822190, 3016.2644, 40.556274, 3142.3656, 3141.1463,
10.830650, 2990.1539, 43.459869, 3162.5800, 3161.4554,
10.839100, 3035.0813, 45.133553, 3182.7157, 3181.6916,
10.847560, 3102.1238, 43.861629, 3202.8141, 3201.8967,
10.856010, 3075.5859, 44.119949, 3222.8193, 3222.0145,
10.864460, 3128.2633, 49.121460, 3242.7433, 3242.0570,
10.872910, 3217.7320, 51.439995, 3262.5798, 3262.0183,
10.881360, 3262.5460, 49.972145, 3282.3227, 3281.8921,
10.889800, 3218.3918, 52.003460, 3301.9368, 3301.6433,
10.898250, 3261.8287, 56.763927, 3321.4603, 3321.3103,
10.906690, 3346.9470, 58.180275, 3340.8404, 3340.8404,
10.915140, 3339.3235, 55.413551, 3360.1164, 3360.2731,
10.923580, 3537.7112, 67.142715, 3379.2407, 3379.5597,
10.932020, 3518.7685, 65.913109, 3398.2392, 3398.7260,
10.940460, 3676.6312, 64.704536, 3417.1140, 3417.7732,
10.948890, 3874.8101, 90.104874, 3435.8437, 3436.6792,
10.957330, 3903.9079, 70.552902, 3454.4769, 3455.4924,
10.965760, 3930.0089, 52.563824, 3472.9711, 3474.1693,
10.974200, 4267.4256, 49.805267, 3491.3700, 3492.7536,
10.982630, 4652.7931, 49.360588, 3509.6319, 3511.2024,
10.991060, 4830.2869, 52.078682, 3527.7835, 3529.5422,
10.999490, 5008.9496, 55.346478, 3545.8223, 3547.7701,
11.007920, 4985.9983, 54.025383, 3563.7543, 3565.8916,
11.016340, 4953.1037, 54.158226, 3581.5569, 3583.8833,
11.024770, 4911.1552, 55.686501, 3599.2741, 3601.7894,
11.033190, 4755.7056, 63.897774, 3616.8676, 3619.5705,
11.041610, 4778.7038, 61.654716, 3634.3589, 3637.2481,
11.050030, 4584.6104, 51.418358, 3651.7496, 3654.8235,
11.058450, 4547.0509, 55.231277, 3669.0414, 3672.2978,
11.066870, 4599.7905, 53.947594, 3686.2357, 3689.6721,
11.075290, 4555.0471, 54.550117, 3703.3340, 3706.9476,
11.083700, 4639.2603, 72.503250, 3720.3185, 3724.1061,
11.092120, 4537.6583, 56.532509, 3737.2294, 3741.1877,
11.100530, 4670.8399, 95.282875, 3754.0276, 3758.1527,
11.108940, 4797.2082, 85.371506, 3770.7377, 3775.0256,
11.117350, 4903.3056, 101.93578, 3787.3573, 3791.8037,
11.120570, 5200.1139, 58.832245, 3793.6988, 3798.2048,
11.129530, 5513.7551, 57.362583, 3811.2746, 3815.9426,
11.138500, 5775.8826, 57.490936, 3828.7739, 3833.5985,
11.147460, 6321.7559, 61.802429, 3846.1572, 3851.1326,
11.156430, 7513.4517, 67.660904, 3863.4669, 3868.5872,
11.165390, 8699.0139, 68.571838, 3880.6639, 3885.9228,
11.174350, 10311.499, 72.558983, 3897.7701, 3903.1610,
11.183300, 11902.353, 80.990547, 3914.7688, 3920.2850,
11.192260, 13427.226, 85.472504, 3931.6976, 3937.3324,
11.201220, 14171.505, 83.005524, 3948.5399, 3954.2863,
11.210170, 14003.069, 81.110214, 3965.2792, 3971.1299,
11.219120, 13792.585, 83.968422, 3981.9348, 3987.8826,
11.228070, 13646.922, 83.220306, 3998.5081, 4004.5455,
11.237020, 13461.442, 77.552475, 4014.9985, 4021.1182,
11.245970, 13365.199, 77.792664, 4031.4109, 4037.6052,
11.254920, 12992.153, 78.684830, 4047.7448, 4054.0060,
11.263860, 12755.869, 77.128815, 4063.9823, 4070.3027,
11.272800, 12386.530, 72.360687, 4080.1457, 4086.5175,
11.281750, 11897.080, 71.897400, 4096.2497, 4102.6651,
11.290690, 11409.797, 72.402031, 4112.2646, 4118.7157,
11.299630, 11237.165, 71.333313, 4128.2053, 4134.6844,
11.308560, 10922.578, 67.824570, 4144.0579, 4150.5570,
11.317500, 10170.591, 65.749908, 4159.8571, 4166.3684,
11.326430, 9790.3095, 67.302338, 4175.5704, 4182.0862,
11.335370, 9355.9110, 64.886673, 4191.2325, 4197.7449,
11.344300, 8954.9977, 61.371227, 4206.8108, 4213.3122,
11.353230, 8601.7585, 60.467751, 4222.3232, 4228.8059,
11.362160, 8385.6280, 62.715549, 4237.7691, 4244.2254,
11.371080, 8114.8316, 60.658745, 4253.1362, 4259.5588,
11.380010, 7839.2917, 57.892033, 4268.4551, 4274.8365,
11.388930, 7603.1972, 57.733364, 4283.6974, 4290.0303,
11.397850, 7324.6806, 59.312679, 4298.8770, 4305.1542,
11.406780, 7089.7852, 58.063301, 4314.0142, 4320.2286,
11.415700, 6929.5987, 55.432320, 4329.0744, 4335.2191,
11.424610, 6713.8366, 55.830925, 4344.0601, 4350.1285,
11.433530, 6638.1432, 58.628193, 4359.0045, 4364.9898,
11.442450, 6493.5621, 57.835258, 4373.8921, 4379.7878,
11.451360, 6345.1525, 54.800644, 4388.7080, 4394.5079,
11.460270, 6147.0272, 55.858906, 4403.4689, 4409.1670,
11.469180, 6052.2569, 57.738586, 4418.1757, 4423.7659,
11.478090, 5979.6145, 58.242920, 4432.8290, 4438.3056,
11.487000, 5852.8894, 55.902145, 4447.4296, 4452.7872,
11.495910, 5793.7929, 57.717819, 4461.9767, 4467.2099,
11.504810, 5680.7030, 59.530365, 4476.4586, 4481.5625,
11.513710, 5672.4185, 60.773090, 4490.8886, 4495.8583,
11.522620, 5520.6612, 58.525036, 4505.2857, 4510.1166,
11.531520, 5539.6191, 60.325195, 4519.6168, 4524.3046,
11.540420, 5533.1591, 63.336704, 4533.8995, 4538.4401,
11.549310, 5526.7379, 65.057175, 4548.1192, 4552.5090,
11.558210, 5413.3597, 62.938545, 4562.3085, 4566.5438,
11.567100, 5369.6280, 63.833214, 4576.4332, 4580.5108,
11.576000, 5212.3960, 67.276917, 4590.5301, 4594.4470,
11.584890, 5195.9649, 69.292610, 4604.5652, 4608.3188,
11.593780, 5168.8788, 68.627914, 4618.5541, 4622.1421,
11.602670, 5017.5457, 67.957047, 4632.5004, 4635.9207,
11.611560, 4935.3265, 72.421341, 4646.4032, 4649.6541,
11.620440, 4962.2582, 75.000168, 4660.2466, 4663.3269,
11.629330, 4868.6093, 74.332611, 4674.0638, 4676.9723,
11.638210, 4906.7593, 74.670517, 4687.8244, 4690.5605,
11.647090, 4785.0824, 78.290947, 4701.5420, 4704.1054,
11.655970, 4778.5660, 81.818352, 4715.2188, 4717.6094,
11.664850, 4820.8080, 62.840038, 4728.8565, 4731.0748,
11.673730, 4727.5386, 46.007858, 4742.4529, 4744.4995,
11.682600, 4811.9855, 51.678200, 4755.9952, 4757.8715,
11.691480, 4826.6997, 51.444710, 4769.5129, 4771.2202,
11.700350, 4841.2880, 52.739109, 4782.9776, 4784.5180,
11.709220, 4876.9609, 54.644367, 4796.4041, 4797.7798,
11.718090, 4885.7215, 54.709999, 4809.7928, 4811.0066,
11.726960, 4756.8384, 56.175850, 4823.1442, 4824.1991,
11.735830, 4826.6962, 56.850670, 4836.4586, 4837.3582,
11.744690, 4901.2122, 61.960541, 4849.7207, 4850.4692,
11.753560, 4789.4241, 57.251747, 4862.9623, 4863.5638,
11.762420, 4922.7611, 68.600906, 4876.1524, 4876.6120,
11.771280, 4969.6545, 99.175499, 4889.3084, 4889.6313,
11.775020, 4912.8030, 51.413338, 4894.8500, 4895.1169,
11.784500, 4886.4773, 52.913548, 4908.8718, 4909.0015,
11.793980, 4978.0166, 52.541733, 4922.8524, 4922.8524,
11.803460, 4885.4992, 53.591507, 4936.7942, 4936.6722,
11.812940, 4951.4660, 49.062080, 4950.6897, 4950.4533,
11.822420, 4983.8497, 50.939068, 4964.5361, 4964.1926,
11.831890, 5016.8865, 50.667995, 4978.3114, 4977.8678,
11.841360, 5127.9361, 49.653065, 4992.0252, 4991.4883,
11.850840, 5131.6868, 48.308022, 5005.6856, 5005.0617,
11.860310, 5171.2731, 49.850952, 5019.2596, 5018.5549,
11.869770, 5195.9991, 50.113506, 5032.7418, 5031.9622,
11.879240, 5275.9114, 48.809875, 5046.1536, 5045.3048,
11.888710, 5310.8383, 47.402416, 5059.4758, 5058.5631,
11.898170, 5329.6607, 48.630108, 5072.6893, 5071.7181,
11.907630, 5373.9711, 49.742798, 5085.8006, 5084.7759,
11.917090, 5477.5783, 49.972343, 5098.8065, 5097.7332,
11.926550, 5423.5697, 47.718662, 5111.6987, 5110.5815,
11.936010, 5449.1002, 47.899590, 5124.4738, 5123.3175,
11.945470, 5541.4469, 49.644211, 5137.1234, 5135.9325,
11.954920, 5609.0689, 48.777340, 5149.6304, 5148.4095,
11.964370, 5621.9893, 47.698204, 5162.0016, 5160.7552,
11.973830, 5566.5064, 47.550907, 5174.2445, 5172.9770,
11.983280, 5631.5133, 49.422089, 5186.3260, 5185.0420,
11.992720, 5682.9652, 49.177921, 5198.2404, 5196.9444,
12.002170, 5659.7886, 47.961582, 5210.0082, 5208.7049,
12.011610, 5647.7489, 47.986408, 5221.5981, 5220.2923,
12.021060, 5578.7001, 49.459789, 5233.0274, 5231.7240,
12.030500, 5579.4729, 49.512218, 5244.2668, 5242.9709,
12.039940, 5514.8610, 48.666885, 5255.3203, 5254.0374,
12.049380, 5468.7570, 47.937305, 5266.1839, 5264.9195,
12.058820, 5559.7688, 50.540398, 5276.8490, 5275.6090,
12.068250, 5738.2823, 51.975365, 5287.2995, 5286.0902,
12.077690, 5612.0742, 50.278889, 5297.5512, 5296.3793,
12.087120, 5499.9053, 48.838486, 5307.5746, 5306.4471,
12.096550, 5499.7887, 50.604279, 5317.3745, 5316.2991,
12.105980, 5534.0840, 52.558792, 5326.9441, 5325.9288,
12.115410, 5515.2432, 51.952034, 5336.2766, 5335.3302,
12.124830, 5415.9309, 50.380695, 5345.3561, 5344.4876,
12.134260, 5442.7887, 51.916428, 5354.1938, 5353.4134,
12.143680, 5426.5359, 53.865749, 5362.7640, 5362.0822,
12.153100, 5541.5614, 54.986431, 5371.0704, 5370.4986,
12.162520, 5375.3751, 58.198360, 5379.1048, 5378.6553,
12.171940, 5440.2586, 54.021286, 5386.8592, 5386.5452,
12.181360, 5433.1123, 56.182594, 5394.3277, 5394.1632,
12.190770, 5381.1931, 57.130508, 5401.4942, 5401.4942,
12.200180, 5356.1799, 55.846573, 5408.3618, 5408.5420,
12.209600, 5396.7270, 56.329144, 5414.9416, 5415.3167,
12.219010, 5440.7441, 58.819016, 5421.2248, 5421.8077,
12.228420, 5462.9021, 61.152695, 5427.2249, 5428.0271,
12.237820, 5402.1165, 60.487259, 5432.9414, 5433.9727,
12.247230, 5558.0760, 61.064301, 5438.3927, 5439.6623,
12.256630, 5470.7543, 62.098557, 5443.5729, 5445.0879,
12.266040, 5727.6407, 66.813431, 5448.4979, 5450.2649,
12.275440, 6527.2143, 71.803932, 5453.1632, 5455.1871,
12.284840, 6234.1937, 70.123207, 5457.5788, 5459.8634,
12.294230, 5703.7314, 67.690422, 5461.7468, 5464.2948,
12.303630, 5664.5722, 85.909241, 5465.6800, 5468.4935,
12.313030, 5740.2792, 75.014221, 5469.3799, 5472.4598,
12.322420, 5767.4396, 82.125237, 5472.8475, 5476.1933,
12.331810, 5729.0691, 57.950733, 5476.0919, 5479.7027,
12.341200, 5833.4299, 48.862091, 5479.1179, 5482.9919,
12.350590, 6000.5016, 51.201088, 5481.9305, 5486.0651,
12.359980, 6347.9559, 54.252750, 5484.5343, 5488.9262,
12.369360, 7165.6937, 58.724499, 5486.9317, 5491.5765,
12.378750, 6664.9300, 57.922024, 5489.1322, 5494.0254,
12.388130, 6232.2049, 57.674107, 5491.1357, 5496.2717,
12.397510, 6047.0554, 57.291042, 5492.9489, 5498.3219,
12.406890, 6056.6058, 56.152161, 5494.5767, 5500.1800,
12.416270, 6146.3729, 57.667282, 5496.0231, 5501.8498,
12.425640, 6098.6297, 57.270576, 5497.2911, 5503.3334,
12.435020, 6172.0322, 60.450363, 5498.3878, 5504.6380,
12.444390, 6237.9916, 60.772987, 5499.3148, 5505.7644,
12.453760, 6178.1087, 58.593121, 5500.0777, 5506.7179,
12.463130, 6226.8298, 60.819805, 5500.6804, 5507.5022,
12.472500, 6354.2801, 67.393166, 5501.1270, 5508.1210,
12.481870, 6498.9132, 79.841827, 5501.4214, 5508.5779,
12.489420, 6607.9599, 59.431168, 5501.5506, 5508.8307,
12.499490, 6661.9484, 60.692162, 5501.5765, 5509.0114,
12.509550, 6792.5887, 59.663609, 5501.4396, 5509.0172,
12.519610, 6889.5249, 58.004745, 5501.1448, 5508.8530,
12.529670, 6940.1207, 57.856888, 5500.6967, 5508.5231,
12.539730, 7049.7103, 60.443893, 5500.0997, 5508.0319,
12.549780, 7159.3405, 65.557945, 5499.3592, 5507.3845,
12.559840, 7230.9181, 59.667297, 5498.4782, 5506.5840,
12.569890, 7416.6550, 58.130867, 5497.4627, 5505.6363,
12.579940, 7474.8656, 59.552467, 5496.3164, 5504.5450,
12.589990, 7608.9012, 60.285763, 5495.0435, 5503.3143,
12.600040, 7751.2602, 59.430820, 5493.6480, 5501.9484,
12.610090, 7815.2979, 57.907944, 5492.1345, 5500.4519,
12.620130, 7848.6386, 65.134224, 5490.5086, 5498.8304,
12.630170, 7866.4530, 59.758286, 5488.7729, 5497.0867,
12.640210, 7992.8854, 60.516785, 5486.9314, 5495.2249,
12.650250, 7925.1873, 57.853401, 5484.9882, 5493.2493,
12.660290, 7795.9431, 57.096363, 5482.9476, 5491.1642,
12.670330, 7878.0738, 58.237679, 5480.8129, 5488.9734,
12.680360, 8068.9585, 59.932129, 5478.5907, 5486.6836,
12.690390, 8282.0951, 59.065109, 5476.2827, 5484.2966,
12.700420, 9003.0854, 60.942360, 5473.8924, 5481.8163,
12.710450, 9194.5388, 62.002026, 5471.4241, 5479.2473,
12.720480, 8828.6880, 63.071548, 5468.8813, 5476.5933,
12.730500, 8744.6052, 66.690399, 5466.2704, 5473.8611,
12.740530, 8653.7903, 59.982925, 5463.5900, 5471.0494,
12.750550, 8549.4552, 58.531044, 5460.8489, 5468.1676,
12.760570, 8678.3344, 61.093155, 5458.0485, 5465.2174,
12.770590, 8855.6697, 62.219326, 5455.1919, 5462.2022,
12.780610, 9216.1189, 63.008648, 5452.2831, 5459.1262,
12.790620, 11477.823, 74.575058, 5449.3286, 5455.9967,
12.800640, 28750.105, 110.30417, 5446.3260, 5452.8112,
12.810650, 70306.894, 177.54716, 5443.2849, 5449.5802,
12.820660, 41171.541, 133.90880, 5440.2060, 5446.3044,
12.830670, 10524.287, 64.143227, 5437.0922, 5442.9873,
12.840680, 7573.1582, 57.492176, 5433.9479, 5439.6336,
12.850680, 7242.9202, 57.940250, 5430.7791, 5436.2501,
12.860690, 7022.0425, 58.467701, 5427.5834, 5432.8342,
12.870690, 6715.8437, 56.304478, 5424.3703, 5429.3964,
12.880690, 6504.4442, 54.860695, 5421.1405, 5425.9376,
12.890690, 6300.1070, 54.949181, 5417.8969, 5422.4611,
12.900680, 6196.8224, 56.133209, 5414.6466, 5418.9748,
12.910680, 6431.6395, 57.785591, 5411.3862, 5415.4752,
12.920670, 6411.5721, 56.552959, 5408.1261, 5411.9736,
12.930670, 5936.0926, 54.627743, 5404.8628, 5408.4664,
12.940660, 5714.9918, 55.299637, 5401.6063, 5404.9646,
12.950640, 5748.8470, 57.619293, 5398.3606, 5401.4728,
12.960630, 5641.4646, 56.310703, 5395.1217, 5397.9867,
12.970620, 5717.3682, 56.631599, 5391.8971, 5394.5146,
12.980600, 5670.0950, 57.288589, 5388.6930, 5391.0634,
12.990580, 5632.2690, 59.913494, 5385.5100, 5387.6339,
13.000560, 5435.2718, 58.708038, 5382.3510, 5384.2293,
13.010540, 5479.4525, 59.212990, 5379.2197, 5380.8539,
13.020520, 5472.4529, 58.754620, 5376.1195, 5377.5114,
13.030490, 5470.5359, 61.120316, 5373.0573, 5374.2094,
13.040470, 5388.7911, 62.829189, 5370.0299, 5370.9446,
13.050440, 5433.8473, 63.965759, 5367.0474, 5367.7279,
13.060410, 5407.8772, 63.114372, 5364.1099, 5364.5597,
13.070380, 5336.9821, 63.354523, 5361.2207, 5361.4435,
13.080350, 5365.3694, 66.930733, 5358.3839, 5358.3839,
13.090310, 5305.2985, 68.307457, 5355.6050, 5355.3869,
13.100280, 5376.3925, 69.093552, 5352.8796, 5352.4480,
13.110240, 5404.5146, 68.723030, 5350.2136, 5349.5738,
13.120200, 5361.5062, 71.058418, 5347.6048, 5346.7622,
13.130160, 5365.8664, 73.756256, 5345.0538, 5344.0141,
13.140110, 5381.0208, 59.387310, 5342.5639, 5341.3333,
13.150070, 5357.5239, 46.417274, 5340.1304, 5338.7149,
13.160020, 5369.4794, 47.109055, 5337.7592, 5336.1654,
13.169980, 5325.7039, 48.883125, 5335.4459, 5333.6803,
13.179930, 5385.2733, 51.351471, 5333.1960, 5331.2658,
13.189870, 5339.4222, 52.438293, 5331.0100, 5328.9223,
13.199820, 5351.9273, 52.609154, 5328.8843, 5326.6463,
13.209770, 5288.6834, 51.633247, 5326.8216, 5324.4408,
13.219710, 5241.3208, 51.004215, 5324.8251, 5322.3092,
13.229650, 5278.1796, 53.022472, 5322.8934, 5320.2503,
13.239590, 5375.9979, 56.370884, 5321.0271, 5318.2646,
13.249530, 5312.2055, 53.249229, 5319.2272, 5316.3534,
13.259470, 5194.0695, 51.682549, 5317.4946, 5314.5177,
13.269410, 5290.8163, 55.007812, 5315.8301, 5312.7584,
13.279340, 5288.8486, 59.827492, 5314.2364, 5311.0783,
13.289270, 5269.4309, 60.831024, 5312.7125, 5309.4763,
13.299200, 5299.5880, 62.576416, 5311.2597, 5307.9539,
13.309130, 5397.3420, 66.733406, 5309.8787, 5306.5118,
13.318260, 5434.0424, 57.496979, 5308.6732, 5305.2576,
13.328980, 5438.9781, 55.420391, 5307.3376, 5303.8741,
13.339690, 5385.2883, 55.492867, 5306.0907, 5302.5892,
13.350400, 5431.8008, 56.797298, 5304.9325, 5301.4028,
13.361120, 5491.2546, 56.336884, 5303.8634, 5300.3154,
13.371830, 5469.6574, 53.124340, 5302.8870, 5299.3304,
13.382530, 5408.2326, 51.799782, 5302.0044, 5298.4490,
13.393240, 5448.4742, 53.407146, 5301.2156, 5297.6708,
13.403940, 5459.2031, 53.932571, 5300.5236, 5296.9989,
13.414650, 5438.8994, 60.170525, 5299.9288, 5296.4333,
13.425350, 5458.2693, 52.903915, 5299.4339, 5295.9767,
13.436050, 5520.1652, 51.076077, 5299.0401, 5295.6299,
13.446740, 5486.2577, 51.568291, 5298.7492, 5295.3946,
13.457440, 5599.2819, 53.130737, 5298.5625, 5295.2719,
13.468130, 5581.0182, 50.753796, 5298.4822, 5295.2636,
13.478830, 5580.8212, 49.676247, 5298.5101, 5295.3711,
13.489520, 5592.5546, 49.521614, 5298.6479, 5295.5959,
13.500200, 5628.9454, 51.292007, 5298.8973, 5295.9392,
13.510890, 5667.1465, 50.965206, 5299.2608, 5296.4033,
13.521570, 5746.5770, 50.284767, 5299.7398, 5296.9889,
13.532260, 5851.2394, 49.463917, 5300.3373, 5297.6987,
13.542940, 5830.2419, 49.867603, 5301.0542, 5298.5331,
13.553620, 5834.6816, 51.792358, 5301.8933, 5299.4945,
13.564290, 5821.3399, 51.162109, 5302.8558, 5300.5832,
13.574970, 5775.8488, 49.640152, 5303.9460, 5301.8033,
13.585640, 5746.5717, 48.303925, 5305.1639, 5303.1539,
13.596320, 5723.4324, 49.763840, 5306.5144, 5304.6397,
13.606990, 5703.9414, 50.661858, 5307.9974, 5306.2593,
13.617650, 5679.5114, 50.636871, 5309.6149, 5308.0144,
13.628320, 5596.2262, 48.657692, 5311.3726, 5309.9099,
13.638980, 5650.4954, 49.250580, 5313.2699, 5311.9443,
13.649650, 5662.0783, 50.206211, 5315.3128, 5314.1230,
13.660310, 5628.2079, 51.386475, 5317.5005, 5316.4441,
13.670970, 5577.6296, 55.937386, 5319.8374, 5318.9113,
13.681630, 5560.0879, 49.694611, 5322.3264, 5321.5265,
13.692280, 5583.7546, 50.722252, 5324.9679, 5324.2890,
13.702940, 5483.0932, 51.413105, 5327.7698, 5327.2060,
13.713590, 5520.5721, 53.733418, 5330.7298, 5330.2739,
13.724240, 5507.6569, 52.847034, 5333.8540, 5333.4977,
13.734890, 5468.3575, 52.495258, 5337.1449, 5336.8789,
13.745530, 5458.8572, 53.050976, 5340.6029, 5340.4167,
13.756180, 5365.1500, 54.226387, 5344.2375, 5344.1193,
13.766820, 5435.9671, 56.783646, 5348.0455, 5347.9824,
13.777460, 5480.2158, 57.656845, 5352.0336, 5352.0112,
13.788100, 5323.9802, 54.559391, 5356.2053, 5356.2079,
13.798740, 5316.2002, 55.243435, 5360.5642, 5360.5748,
13.809380, 5364.4812, 58.033913, 5365.1135, 5365.1135,
13.820010, 5428.5389, 59.197960, 5369.8518, 5369.8216,
13.830640, 5392.3667, 58.477901, 5374.7777, 5374.6988,
13.841270, 5402.2805, 57.754635, 5379.8860, 5379.7412,
13.851900, 5391.8503, 57.675732, 5385.1697, 5384.9433,
13.862530, 5392.3801, 72.437790, 5390.6234, 5390.3008,
13.873150, 5404.2507, 60.542850, 5396.2360, 5395.8041,
13.883780, 5402.5834, 59.945274, 5402.0118, 5401.4585,
13.894400, 5482.8810, 59.531593, 5407.9346, 5407.2492,
13.905020, 5399.0368, 59.728363, 5414.0040, 5413.1768,
13.915640, 5480.1239, 62.131798, 5420.2142, 5419.2367,
13.926250, 5466.8411, 62.835918, 5426.5540, 5425.4188,
13.936870, 5624.7335, 63.643063, 5433.0287, 5431.7292,
13.947480, 5592.6622, 61.628105, 5439.6223, 5438.1532,
13.958090, 5617.3062, 64.355972, 5446.3341, 5444.6908,
13.968700, 5625.5955, 65.652863, 5453.1599, 5451.3387,
13.979310, 5630.8257, 67.798576, 5460.0932, 5458.0915,
13.989910, 5654.1093, 66.537399, 5467.1230, 5464.9390,
14.000520, 5579.2361, 65.769096, 5474.2567, 5471.8893,
14.011120, 5554.4144, 67.784126, 5481.4763, 5478.9255,
14.021720, 5614.9776, 71.150764, 5488.7832, 5486.0495,
14.032320, 5631.0264, 73.505684, 5496.1722, 5493.2570,
14.042920, 5592.1830, 71.525986, 5503.6383, 5500.5436,
14.053510, 5643.3931, 73.059334, 5511.1690, 5507.8978,
14.064110, 5696.4459, 74.541992, 5518.7741, 5515.3299,
14.074700, 5497.7584, 76.880318, 5526.4346, 5522.8215,
14.085290, 5625.7324, 82.313202, 5534.1514, 5530.3744,
14.095870, 5635.5242, 59.239059, 5541.9134, 5537.9782,
14.106460, 5723.9403, 49.309006, 5549.7297, 5545.6423,
14.117040, 5625.4708, 49.224129, 5557.5814, 5553.3487,
14.127630, 5640.0253, 52.576561, 5565.4786, 5561.1079,
14.138210, 5703.0688, 54.728569, 5573.4007, 5568.9002,
14.148790, 5713.9973, 55.054367, 5581.3508, 5576.7291,
14.159370, 5742.8775, 55.144127, 5589.3242, 5584.5904,
14.169940, 5889.7504, 55.749317, 5597.3080, 5592.4722,
14.180520, 6014.9671, 94.614098, 5605.3134, 5600.3859,
14.182090, 6073.3453, 58.666759, 5606.5020, 5601.5619,
14.193560, 6068.7726, 56.214237, 5615.1916, 5610.1663,
14.205030, 6044.2541, 57.117096, 5623.8855, 5618.7889,
14.216500, 6116.3651, 59.141079, 5632.5762, 5627.4228,
14.227970, 6147.5674, 58.177944, 5641.2584, 5636.0635,
14.239430, 6041.3537, 54.876701, 5649.9188, 5644.6985,
14.250890, 5950.6482, 52.508568, 5658.5578, 5653.3290,
14.262350, 5940.2456, 54.589516, 5667.1710, 5661.9512,
14.273810, 5875.3231, 55.041046, 5675.7513, 5670.5590,
14.285270, 5943.7032, 55.868137, 5684.2921, 5679.1465,
14.296730, 5928.1400, 52.668343, 5692.7887, 5687.7097,
14.308180, 5818.7484, 51.414490, 5701.2265, 5696.2348,
14.319630, 5750.1101, 52.307789, 5709.6072, 5704.7245,
14.331080, 5830.1813, 55.355755, 5717.9253, 5713.1742,
14.342530, 5854.2230, 55.604652, 5726.1731, 5721.5770,
14.353970, 6009.7552, 53.822037, 5734.3379, 5729.9209,
14.365410, 6226.8576, 54.563099, 5742.4214, 5738.2088,
14.376860, 6006.6076, 58.843388, 5750.4234, 5746.4416,
14.388300, 5769.3914, 55.663334, 5758.3243, 5754.6004,
14.399730, 5874.1712, 55.690224, 5766.1172, 5762.6791,
14.411170, 5746.5902, 51.929054, 5773.8101, 5770.6873,
14.422600, 5785.3358, 50.964886, 5781.3823, 5778.6051,
14.434030, 5769.2484, 50.636265, 5788.8345, 5786.4343,
14.445460, 5831.1470, 53.140152, 5796.1606, 5794.1702,
14.456890, 5786.8500, 51.835655, 5803.3530, 5801.8062,
14.468320, 5817.2380, 50.483673, 5810.4053, 5809.3375,
14.479740, 5858.7774, 49.186302, 5817.3053, 5816.7524,
14.491160, 5795.1008, 48.953735, 5824.0520, 5824.0520,
14.502580, 5791.4012, 51.081581, 5830.6423, 5831.2332,
14.514000, 5857.7427, 51.590691, 5837.0918, 5838.3068,
14.525420, 5882.3383, 50.607601, 5843.4186, 5845.2851,
14.536830, 5890.0173, 47.855339, 5849.6355, 5852.1745,
14.548240, 5875.3740, 48.708145, 5855.7672, 5858.9940,
14.559650, 5806.0429, 57.649216, 5861.8324, 5865.7569,
14.571060, 5875.7151, 51.544804, 5867.8487, 5872.4748,
14.582470, 5926.4136, 50.760239, 5873.8350, 5879.1609,
14.593870, 5921.2984, 54.887157, 5879.8046, 5885.8221,
14.605270, 5938.4988, 51.329742, 5885.7811, 5892.4768,
14.616670, 5936.3107, 51.379063, 5891.7823, 5899.1370,
14.628070, 5941.4914, 59.853413, 5897.8274, 5905.8164,
14.639470, 5976.7713, 54.721893, 5903.9345, 5912.5270,
14.650860, 5924.4834, 52.157974, 5910.1163, 5919.2753,
14.662260, 5956.2355, 53.214840, 5916.4025, 5926.0862,
14.673650, 6002.2839, 54.604137, 5922.8000, 5932.9598,
14.685040, 5942.7007, 56.311600, 5929.3338, 5939.9156,
14.696420, 6010.3227, 56.712280, 5936.0150, 5946.9585,
14.707810, 6060.8559, 54.914764, 5942.8757, 5954.1153,
14.719190, 5999.6485, 53.830006, 5949.9208, 5961.3842,
14.730570, 5994.0466, 53.041466, 5957.1765, 5968.7857,
14.741950, 6090.5678, 55.829269, 5964.6612, 5976.3318,
14.753330, 6082.6002, 55.227127, 5972.3938, 5984.0352,
14.764700, 6114.7791, 54.218925, 5980.3858, 5991.9013,
14.776080, 6073.3686, 52.817009, 5988.6714, 5999.9574,
14.787450, 6147.1749, 53.271896, 5997.2544, 6008.2013,
14.798820, 6136.9015, 55.749218, 6006.1620, 6016.6532,
14.810190, 6080.5805, 55.187027, 6015.4144, 6025.3267,
14.821550, 6098.3856, 54.991329, 6025.0217, 6034.2255,
14.832920, 6147.3599, 54.651340, 6035.0206, 6043.3783,
14.844280, 6032.4891, 53.526844, 6045.4146, 6052.7826,
14.855640, 6189.0113, 57.588531, 6056.2321, 6062.4590,
14.866990, 6156.6199, 57.850636, 6067.4828, 6072.4110,
14.878350, 6101.7676, 57.883358, 6079.2084, 6082.6702,
14.889710, 6140.4282, 57.375671, 6091.4194, 6093.2406,
14.901060, 6072.5411, 56.711418, 6104.1251, 6104.1251,
14.912410, 6087.0202, 59.238136, 6117.3511, 6115.3436,
14.923760, 6118.8684, 61.149681, 6131.0873, 6126.8956,
14.935100, 6198.4349, 64.200310, 6145.3003, 6138.7636,
14.946450, 6251.5688, 63.887520, 6160.0013, 6150.9673,
14.957790, 6280.9055, 63.926762, 6175.1448, 6163.4789,
14.969130, 6239.3307, 66.130890, 6190.7258, 6176.3041,
14.980470, 6264.8752, 68.143219, 6206.7302, 6189.4411,
14.991810, 6325.2868, 71.660706, 6223.1401, 6202.8846,
15.003140, 6356.3655, 72.370255, 6239.9248, 6216.6189,
15.014480, 6351.1880, 71.244858, 6257.0949, 6230.6620,
15.025810, 6321.5258, 73.661453, 6274.6083, 6244.9887,
15.037140, 6280.3002, 74.795982, 6292.4607, 6259.6043,
15.048460, 6271.9182, 79.230453, 6310.6223, 6274.4937,
15.059790, 6241.9996, 79.465736, 6329.1083, 6289.6780,
15.071110, 6213.1543, 77.428436, 6347.8722, 6305.1281,
15.082440, 6270.8960, 58.101212, 6366.9319, 6320.8677,
15.093750, 6282.3577, 48.115356, 6386.2192, 6336.8489,
15.105070, 6316.1089, 50.420906, 6405.7724, 6353.1124,
15.116390, 6368.5903, 53.332317, 6425.5588, 6369.6399,
15.127700, 6313.0465, 53.709156, 6445.5452, 6386.4123,
15.139020, 6375.2013, 57.238594, 6465.7539, 6403.4573,
15.150330, 6423.4583, 63.427624, 6486.1332, 6420.7398,
15.162390, 6357.6161, 69.542015, 6508.0569, 6439.4446,
15.174730, 6380.4943, 67.591560, 6530.6779, 6458.8742,
15.187070, 6404.5119, 67.596169, 6553.4684, 6478.5915,
15.199410, 6443.6781, 70.159004, 6576.4137, 6498.5954,
15.211740, 6498.2053, 68.379662, 6599.4721, 6518.8613,
15.224080, 6523.0931, 65.816803, 6622.6683, 6539.4227,
15.236410, 6433.3533, 62.312057, 6645.9429, 6560.2393,
15.248740, 6541.2675, 63.372208, 6669.2975, 6581.3245,
15.261060, 6627.8093, 67.585228, 6692.6942, 6602.6561,
15.273390, 6545.8017, 66.835716, 6716.1548, 6624.2667,
15.285710, 6709.0662, 67.919899, 6739.6233, 6646.1175,
15.298030, 6704.1324, 63.938316, 6763.0980, 6668.2196,
15.310350, 6588.4978, 63.297447, 6786.5648, 6690.5729,
15.322660, 6584.7963, 66.662498, 6809.9840, 6713.1527,
15.334980, 6628.4775, 69.037865, 6833.3757, 6735.9922,
15.347290, 6726.8724, 70.407364, 6856.6858, 6759.0527,
15.359600, 6802.5512, 65.077354, 6879.9145, 6782.3482,
15.371900, 6819.6993, 62.576206, 6903.0242, 6805.8552,
15.384210, 6951.7382, 63.824440, 6926.0363, 6829.6105,
15.396510, 7182.3059, 65.271652, 6948.8952, 6853.5722,
15.408810, 7190.5097, 66.851028, 6971.5988, 6877.7536,
15.421110, 7011.2846, 61.461140, 6994.1327, 6902.1551,
15.433410, 6900.3110, 57.873978, 7016.4748, 6926.7699,
15.445700, 6938.0488, 57.819363, 7038.5972, 6951.5775,
15.457990, 7042.2197, 59.727806, 7060.5276, 6976.5937,
15.470280, 7189.5407, 63.443420, 7082.2818, 7001.8157,
15.482570, 7212.7185, 60.937908, 7103.8755, 7027.2404,
15.494860, 7414.2548, 59.635876, 7125.3246, 7052.8650,
15.507140, 7609.6570, 59.399471, 7146.6280, 7078.6665,
15.519420, 8646.2282, 64.370476, 7167.8162, 7104.6597,
15.531700, 12868.957, 81.132164, 7188.9082, 7130.8461,
15.543980, 44292.261, 152.83940, 7209.9158, 7157.2187,
15.556260, 62044.909, 178.19370, 7230.8578, 7183.7789,
15.568530, 23671.936, 101.82862, 7251.7300, 7210.4992,
15.580800, 8351.2466, 61.177868, 7272.5654, 7237.3995,
15.593070, 7399.3158, 60.961037, 7293.3794, 7264.4772,
15.605340, 7428.2756, 61.204037, 7314.1871, 7291.7298,
15.617600, 7468.4828, 59.828087, 7334.9875, 7319.1334,
15.629860, 7456.0041, 56.698822, 7355.8103, 7346.7044,
15.642120, 7426.7396, 54.859505, 7376.6739, 7374.4448,
15.654380, 7448.7927, 56.665703, 7397.5904, 7402.3478,
15.666640, 7454.8881, 57.954994, 7418.5781, 7430.4153,
15.678890, 7462.0647, 59.014050, 7439.6326, 7458.6187,
15.691140, 7586.8252, 58.358322, 7460.7872, 7486.9796,
15.703390, 7602.4508, 55.732929, 7482.0571, 7515.4958,
15.715640, 7744.7302, 58.242329, 7503.4578, 7544.1649,
15.727890, 7632.3731, 59.729130, 7525.0047, 7572.9848,
15.740130, 7615.1288, 62.146744, 7546.6964, 7601.9307,
15.752370, 7627.8255, 62.364979, 7568.5634, 7631.0207,
15.764610, 7737.9109, 61.880100, 7590.6249, 7660.2570,
15.776850, 7851.9058, 63.932014, 7612.8933, 7689.6331,
15.789090, 7837.4797, 64.291962, 7635.3878, 7719.1515,
15.801320, 7778.0663, 64.172592, 7658.1033, 7748.7824,
15.813550, 7864.6433, 66.079971, 7681.0750, 7778.5491,
15.825780, 7863.1171, 63.027523, 7704.3192, 7808.4496,
15.838010, 7903.3681, 61.836845, 7727.8522, 7838.4820,
15.850230, 7915.1322, 61.414444, 7751.6720, 7868.6208,
15.862450, 7961.1685, 62.157509, 7775.8116, 7898.8852,
15.874670, 7943.5002, 64.776894, 7800.2916, 7929.2779,
15.886890, 7954.8109, 64.386436, 7825.1271, 7959.7949,
15.899110, 8304.1601, 66.847687, 7850.3336, 7990.4319,
15.911320, 7999.8419, 63.349403, 7875.9101, 8021.1654,
15.923540, 8146.1779, 65.280067, 7901.9163, 8052.0443,
15.935750, 8165.9798, 68.489838, 7928.3254, 8083.0136,
15.947960, 8131.1912, 69.920204, 7955.1777, 8114.0983,
15.960160, 8074.0018, 70.030807, 7982.4700, 8145.2721,
15.972370, 8236.1497, 71.944229, 8010.2633, 8176.5823,
15.984570, 8370.2895, 71.767242, 8038.5310, 8207.9757,
15.996770, 8285.9079, 72.798538, 8067.3179, 8239.4802,
16.008961, 8327.5827, 76.394600, 8096.6181, 8271.0668,
16.021160, 8508.8423, 78.842331, 8126.4947, 8302.7811,
16.033350, 8523.6893, 79.948692, 8156.9231, 8334.5744,
16.045549, 8312.5068, 75.553368, 8187.9710, 8366.4948,
16.057739, 8440.4880, 75.726143, 8219.6106, 8398.4911,
16.069920, 8310.2236, 76.685539, 8251.8611, 8430.5614,
16.082109, 8292.0071, 76.598679, 8284.7942, 8462.7546,
16.094290, 8301.7607, 77.677612, 8318.3799, 8495.0188,
16.106470, 8321.7919, 82.573105, 8352.6656, 8527.3779,
16.118650, 8482.9535, 79.898354, 8387.6734, 8559.8304,
16.130831, 8400.3438, 77.809471, 8423.4259, 8592.3749,
16.143009, 8352.2328, 79.433960, 8459.9406, 8625.0049,
16.155180, 8503.7426, 82.920425, 8497.2225, 8657.7038,
16.167351, 8576.1491, 89.608597, 8535.3183, 8690.4906,
16.179520, 8592.2806, 87.744209, 8574.2459, 8723.3589,
16.191681, 8496.5225, 84.534027, 8614.0108, 8756.2917,
16.203850, 8735.1368, 90.849770, 8654.6880, 8789.3293,
16.216009, 8669.5374, 92.562630, 8696.2454, 8822.4236,
16.228170, 8779.1257, 102.14006, 8738.7475, 8855.6047,
16.240330, 8708.7073, 100.67229, 8782.2074, 8888.8608,
16.252489, 8811.8596, 103.95363, 8826.6588, 8922.1959,
16.264641, 8786.4099, 103.59679, 8872.0804, 8955.5880,
16.276791, 9047.1914, 108.58707, 8918.4204, 8989.0514,
16.288950, 8840.0396, 104.51568, 8965.6314, 9022.6167,
16.301090, 9223.6043, 116.63765, 9013.5102, 9056.2036,
16.313240, 9197.0628, 113.02061, 9062.0781, 9089.8901,
16.325380, 9233.9585, 113.27601, 9111.1685, 9123.6221,
16.337530, 9806.1962, 80.042839, 9160.7683, 9157.4518,
16.349670, 9826.9836, 70.331375, 9210.7101, 9191.3247,
16.361799, 9968.2943, 68.536110, 9260.8956, 9225.2345,
16.373940, 10482.417, 75.910675, 9311.3302, 9259.2441,
16.386070, 10702.709, 76.088547, 9361.8379, 9293.2936,
16.398211, 11020.962, 79.440971, 9412.4088, 9327.4356,
16.410339, 10877.808, 76.663391, 9462.8666, 9361.6101,
16.422461, 10972.861, 80.238815, 9513.1385, 9395.8268,
16.434589, 11193.845, 86.500099, 9563.1987, 9430.1276,
16.446711, 10953.393, 84.248367, 9612.8954, 9464.4686,
16.458839, 11045.560, 84.995796, 9662.2018, 9498.8920,
16.470961, 10812.090, 85.885284, 9710.9664, 9533.3535,
16.483070, 10531.759, 81.943893, 9759.0855, 9567.8413,
16.495190, 10388.527, 110.58376, 9806.5528, 9602.4142,
16.500280, 11084.938, 96.559235, 9826.2640, 9616.9536,
16.513599, 10739.345, 87.695183, 9877.1349, 9655.0407,
16.526911, 10445.972, 81.524178, 9926.8686, 9693.1733,
16.540211, 10469.913, 83.182083, 9975.3322, 9731.3392,
16.553520, 10327.517, 85.065613, 10022.481, 9769.5973,
16.566820, 10390.112, 88.397232, 10068.123, 9807.8917,
16.580120, 10260.147, 88.084373, 10112.171, 9846.2488,
16.593420, 10039.475, 79.833290, 10154.500, 9884.6675,
16.606710, 10357.607, 78.712265, 10194.956, 9923.1190,
16.620001, 10113.102, 75.430954, 10233.498, 9961.6299,
16.633301, 10204.450, 76.531982, 10270.295, 10000.227,
16.646589, 10378.423, 78.390602, 10305.489, 10038.848,
16.659870, 10404.731, 75.206528, 10339.291, 10077.503,
16.673149, 10451.198, 72.524712, 10371.911, 10116.208,
16.686440, 10462.753, 70.832680, 10403.576, 10155.000,
16.699711, 10599.676, 72.457390, 10434.409, 10193.790,
16.712990, 10640.820, 76.743027, 10464.666, 10232.655,
16.726271, 10724.133, 79.487411, 10494.528, 10271.576,
16.739540, 10656.015, 77.658112, 10524.157, 10310.515,
16.752810, 10707.056, 76.033707, 10553.773, 10349.502,
16.766081, 10764.811, 73.845253, 10583.571, 10388.544,
16.779341, 10751.119, 74.521416, 10613.714, 10427.600,
16.792601, 10673.727, 76.463852, 10644.420, 10466.703,
16.805870, 10773.354, 76.550194, 10675.905, 10505.880,
16.819120, 10752.187, 75.103226, 10708.294, 10545.045,
16.832380, 10865.122, 71.570801, 10741.848, 10584.283,
16.845631, 10662.105, 68.151443, 10776.715, 10623.536,
16.858891, 10618.268, 70.263550, 10813.140, 10662.860,
16.872141, 10971.166, 75.797302, 10851.208, 10702.197,
16.885380, 10949.041, 77.200058, 10890.809, 10741.541,
16.898630, 10949.861, 77.246399, 10931.856, 10780.958,
16.911869, 10844.405, 75.277771, 10974.120, 10820.381,
16.925110, 11131.982, 75.609161, 11017.489, 10859.849,
16.938351, 11068.749, 74.768036, 11061.800, 10899.354,
16.951580, 10988.470, 76.417648, 11106.860, 10938.861,
16.964821, 11112.983, 77.325134, 11152.594, 10978.439,
16.978050, 11270.828, 73.643631, 11198.771, 11018.018,
16.991270, 11410.521, 71.474327, 11245.242, 11057.604,
17.004499, 11321.066, 69.088684, 11291.923, 11097.251,
17.017719, 11637.219, 70.779099, 11338.595, 11136.904,
17.030951, 12383.165, 76.145393, 11385.179, 11176.623,
17.044161, 12265.162, 79.007874, 11431.409, 11216.311,
17.057381, 11734.420, 80.824005, 11477.242, 11256.059,
17.070601, 11730.362, 75.615898, 11522.490, 11295.837,
17.083811, 12045.484, 79.057198, 11566.969, 11335.617,
17.097019, 11679.003, 76.978790, 11610.553, 11375.420,
17.110229, 11931.819, 81.624542, 11653.101, 11415.256,
17.123430, 11889.574, 82.325867, 11694.423, 11455.092,
17.136641, 11856.673, 80.335983, 11734.425, 11494.984,
17.149839, 11753.111, 77.384308, 11772.886, 11534.868,
17.163040, 11836.150, 79.933380, 11809.692, 11574.783,
17.176229, 11764.588, 77.220291, 11844.650, 11614.689,
17.189430, 11881.089, 78.917473, 11877.708, 11654.655,
17.202620, 11988.310, 82.636475, 11908.883, 11694.609,
17.215811, 11980.192, 83.326126, 11938.326, 11734.593,
17.229000, 11914.754, 83.069435, 11966.145, 11774.594,
17.242180, 12209.335, 85.056747, 11992.444, 11814.588,
17.255369, 12226.487, 89.756538, 12017.375, 11854.632,
17.268551, 11981.560, 91.447571, 12041.020, 11894.674,
17.281719, 11987.799, 88.912720, 12063.483, 11934.697,
17.294901, 12402.491, 92.243210, 12084.925, 11974.779,
17.308069, 12785.477, 95.354561, 12105.412, 12014.841,
17.321251, 12469.544, 84.946465, 12125.097, 12054.961,
17.334410, 12767.859, 85.640396, 12144.039, 12095.030,
17.347580, 12996.189, 88.101379, 12162.396, 12135.152,
17.360750, 12859.770, 89.255783, 12180.262, 12175.291,
17.373911, 13299.564, 95.102890, 12197.734, 12215.417,
17.387070, 13219.619, 94.701736, 12214.932, 12255.553,
17.400230, 13297.663, 95.811523, 12231.968, 12295.710,
17.413380, 12789.230, 90.772476, 12248.935, 12335.848,
17.426540, 12981.535, 94.968460, 12265.970, 12376.035,
17.439690, 12702.892, 95.919197, 12283.152, 12416.200,
17.452841, 12842.217, 103.42836, 12300.608, 12456.385,
17.465981, 12710.338, 103.85702, 12318.427, 12496.548,
17.479130, 12904.903, 103.47575, 12336.746, 12536.752,
17.492270, 12657.891, 99.445618, 12355.649, 12576.938,
17.505409, 12293.875, 96.068390, 12375.257, 12617.136,
17.518551, 12596.531, 102.65732, 12395.683, 12657.351,
17.531679, 12460.276, 112.18961, 12417.013, 12697.535,
17.544821, 12500.408, 113.93431, 12439.400, 12737.769,
17.557949, 12366.407, 104.58008, 12462.911, 12777.972,
17.571079, 12646.867, 108.63599, 12487.683, 12818.190,
17.584200, 12308.663, 106.09587, 12513.781, 12858.387,
17.597330, 12616.072, 110.69292, 12541.223, 12898.620,
17.610451, 12481.910, 114.28158, 12569.928, 12938.832,
17.623569, 12429.235, 119.25056, 12599.868, 12979.045,
17.636690, 13059.847, 140.17126, 12631.009, 13019.270,
17.649799, 12418.400, 123.68712, 12663.280, 13059.466,
17.662910, 12398.066, 120.41322, 12696.670, 13099.672,
17.676029, 13051.900, 124.49974, 12731.156, 13139.908,
17.689131, 13231.476, 127.78238, 12766.635, 13180.095,
17.702240, 12880.929, 126.35362, 12803.132, 13220.309,
17.715349, 12737.058, 122.69667, 12840.592, 13260.527,
17.728451, 12759.692, 125.29579, 12878.955, 13300.725,
17.741550, 13016.818, 112.77510, 12918.200, 13340.919,
17.754641, 13460.586, 92.171692, 12958.268, 13381.086,
17.767740, 13048.172, 87.275879, 12999.182, 13421.284,
17.780830, 13535.580, 95.829636, 13040.849, 13461.453,
17.793921, 13161.796, 88.328865, 13083.263, 13501.624,
17.807011, 12894.249, 83.845673, 13126.393, 13541.794,
17.820101, 13360.409, 90.512360, 13170.203, 13581.965,
17.833179, 13330.692, 89.445862, 13214.624, 13622.099,
17.846270, 13255.025, 86.992821, 13259.701, 13662.268,
17.859341, 13409.775, 88.125389, 13305.295, 13702.376,
17.872419, 14013.995, 96.498817, 13351.469, 13742.505,
17.885500, 14796.615, 105.61648, 13398.172, 13782.638,
17.898569, 14282.094, 105.11301, 13445.325, 13822.733,
17.911640, 13657.957, 102.92854, 13492.944, 13862.830,
17.924709, 13416.706, 99.258171, 13540.988, 13902.917,
17.937780, 13887.310, 160.83846, 13589.439, 13943.005,
17.941250, 13846.302, 105.88200, 13602.363, 13953.645,
17.955721, 13556.698, 99.582214, 13656.538, 13998.020,
17.970181, 13824.415, 100.86250, 13711.076, 14042.353,
17.984650, 13856.635, 101.18590, 13766.017, 14086.708,
17.999109, 13817.762, 102.51520, 13821.248, 14131.025,
18.013571, 14060.046, 107.44631, 13876.776, 14175.340,
18.028021, 13916.566, 106.04733, 13932.509, 14219.610,
18.042480, 14300.231, 108.37451, 13988.491, 14263.899,
18.056931, 14028.135, 101.17017, 14044.609, 14308.149,
18.071381, 13991.192, 97.078522, 14100.863, 14352.387,
18.085819, 13952.059, 96.827362, 14157.172, 14396.578,
18.100269, 14232.700, 99.252563, 14213.596, 14440.791,
18.114710, 14593.470, 100.05289, 14270.025, 14484.962,
18.129150, 14426.259, 95.743248, 14326.470, 14529.119,
18.143579, 14480.793, 92.979370, 14382.857, 14573.226,
18.158020, 14325.077, 91.677589, 14439.249, 14617.353,
18.172449, 14713.424, 100.34100, 14495.530, 14661.430,
18.186880, 14626.326, 104.82782, 14551.723, 14705.495,
18.201300, 14785.434, 104.56293, 14607.750, 14749.508,
18.215719, 14467.445, 98.799194, 14663.627, 14793.503,
18.230150, 14581.343, 93.978073, 14719.371, 14837.514,
18.244560, 14715.248, 92.779091, 14774.829, 14881.442,
18.258980, 14677.151, 93.405579, 14830.091, 14925.379,
18.273390, 14865.248, 98.547035, 14885.055, 14969.266,
18.287800, 15052.119, 102.44717, 14939.730, 15013.131,
18.302210, 15096.419, 105.36512, 14994.087, 15056.974,
18.316620, 14987.600, 102.96797, 15048.097, 15100.795,
18.331020, 14956.964, 96.872147, 15101.696, 15144.562,
18.345421, 15262.315, 97.143677, 15154.891, 15188.305,
18.359819, 14999.596, 93.608925, 15207.645, 15232.018,
18.374210, 15531.484, 99.080643, 15259.908, 15275.681,
18.388611, 15266.644, 97.690399, 15311.712, 15319.347,
18.403000, 15222.251, 94.146690, 15362.950, 15362.950,
18.417379, 15385.603, 99.617767, 15413.609, 15406.498,
18.431770, 15408.767, 91.667374, 15463.778, 15450.058,
18.446150, 15233.940, 91.586227, 15513.399, 15493.568,
18.460529, 15702.255, 100.92718, 15562.536, 15537.069,
18.474911, 15791.436, 105.47914, 15611.218, 15580.573,
18.489281, 16320.808, 105.95787, 15659.423, 15624.045,
18.503660, 15876.116, 99.689941, 15707.241, 15667.556,
18.518030, 15376.738, 93.908173, 15754.632, 15711.054,
18.532391, 15690.974, 92.613762, 15801.618, 15754.546,
18.546761, 15912.984, 95.994415, 15848.281, 15798.094,
18.561119, 15582.568, 99.379562, 15894.575, 15841.643,
18.575480, 16215.711, 108.46775, 15940.562, 15885.238,
18.589840, 16515.362, 113.51112, 15986.258, 15928.881,
18.604191, 16218.678, 109.34663, 16031.652, 15972.548,
18.618549, 16612.368, 104.32343, 16076.817, 16016.298,
18.632900, 16756.375, 99.795868, 16121.726, 16060.092,
18.647240, 17265.434, 103.65676, 16166.386, 16103.923,
18.661591, 18636.705, 109.20403, 16210.887, 16147.867,
18.675930, 24041.580, 124.20758, 16255.178, 16191.862,
18.690269, 48518.706, 171.22554, 16299.313, 16235.949,
18.704611, 132883.95, 291.99542, 16343.316, 16280.139,
18.718941, 122561.81, 272.63562, 16387.165, 16324.398,
18.733271, 42956.972, 160.24734, 16430.914, 16368.769,
18.747601, 19161.542, 114.79546, 16474.581, 16413.256,
18.761930, 17725.266, 117.17131, 16518.184, 16457.868,
18.776260, 17302.947, 117.16179, 16561.743, 16502.610,
18.790581, 16875.701, 113.27883, 16605.245, 16547.459,
18.804899, 16936.163, 108.15584, 16648.733, 16592.445,
18.819220, 17053.420, 106.55884, 16692.236, 16637.588,
18.833530, 17454.950, 111.77945, 16735.737, 16682.857,
18.847839, 17031.676, 111.67159, 16779.279, 16728.284,
18.862150, 17122.200, 120.29256, 16822.890, 16773.886,
18.876459, 17239.639, 129.85141, 16866.577, 16819.660,
18.890770, 17398.149, 131.02837, 16910.371, 16865.624,
18.905069, 17673.578, 126.83435, 16954.248, 16911.742,
18.919371, 17275.731, 116.62923, 16998.269, 16958.063,
18.933670, 17666.509, 114.86633, 17042.439, 17004.583,
18.947960, 18342.818, 123.07655, 17086.754, 17051.283,
18.962250, 17433.177, 120.61427, 17131.261, 17098.202,
18.976540, 17830.143, 125.55762, 17175.981, 17145.347,
18.990829, 18293.365, 127.63753, 17220.931, 17192.724,
19.005119, 17974.516, 126.27788, 17266.131, 17240.342,
19.019400, 17418.015, 120.14953, 17311.570, 17288.175,
19.033680, 17569.194, 121.91945, 17357.298, 17336.264,
19.047960, 17846.763, 130.26532, 17403.334, 17384.614,
19.062229, 18646.199, 140.68538, 17449.661, 17433.195,
19.076500, 18823.896, 165.19484, 17496.342, 17482.060,
19.090771, 17168.396, 136.58310, 17543.392, 17531.210,
19.105040, 17661.679, 135.10219, 17590.824, 17580.646,
19.119310, 18830.609, 142.03131, 17638.674, 17630.389,
19.133570, 17739.787, 131.66733, 17686.916, 17680.401,
19.147829, 17762.496, 141.06934, 17735.611, 17730.728,
19.162090, 18136.801, 152.28687, 17784.787, 17781.386,
19.176340, 18057.036, 159.56395, 17834.420, 17832.336,
19.190599, 17893.382, 165.64232, 17884.606, 17883.661,
19.204849, 18245.969, 162.60629, 17935.300, 17935.300,
19.219101, 18138.641, 149.39026, 17986.555, 17987.298,
19.233339, 17341.469, 137.88379, 18038.287, 18039.583,
19.247580, 18224.224, 151.22849, 18090.510, 18092.191,
19.261820, 18187.063, 149.92584, 18143.179, 18145.094,
19.276060, 17818.007, 150.39293, 18196.254, 18198.272,
19.290300, 18870.948, 168.99908, 18249.698, 18251.705,
19.304529, 18666.617, 165.06351, 18303.427, 18305.329,
19.318760, 18803.010, 167.38377, 18357.454, 18359.173,
19.332991, 18676.787, 171.24565, 18411.735, 18413.212,
19.347219, 18698.106, 171.06676, 18466.224, 18467.418,
19.361441, 18949.921, 174.83392, 18520.861, 18521.749,
19.375660, 19309.179, 186.35611, 18575.632, 18576.207,
19.389879, 17139.398, 164.22684, 18630.505, 18630.779,
19.404100, 18798.295, 184.83386, 18685.452, 18685.452,
19.418310, 18524.534, 181.42787, 18740.384, 18740.157,
19.432520, 19655.856, 200.23218, 18795.308, 18794.917,
