# wave, flux, fluxerr, continuum, continuum_plateau
9.9725246, 692.12156, 26.071369, 771.08200, 770.90634,
9.9806166, 864.11402, 30.166845, 767.77016, 767.63678,
9.9887066, 801.27131, 25.810951, 764.57468, 764.47663,
9.9967957, 765.90184, 24.311445, 761.49599, 761.42688,
10.004880, 733.27936, 25.855455, 758.53631, 758.49031,
10.012970, 878.21270, 27.533424, 755.69272, 755.66454,
10.021050, 816.31551, 24.379541, 752.97145, 752.95628,
10.029140, 793.89494, 25.035084, 750.36705, 750.36061,
10.037220, 690.26665, 26.266340, 747.88693, 747.88539,
10.045300, 792.58619, 25.078728, 745.52867, 745.52867,
10.053380, 673.79495, 22.782291, 743.29307, 743.29167,
10.061460, 777.10061, 26.362617, 741.18174, 741.17643,
10.069540, 787.83628, 25.422104, 739.19529, 739.18396,
10.077610, 798.81795, 22.991081, 737.33747, 737.31837,
10.085690, 770.18756, 23.680605, 735.60481, 735.57656,
10.093760, 715.53877, 24.144968, 734.00260, 733.96417,
10.101830, 809.57206, 22.964947, 732.52997, 732.48062,
10.109900, 760.10729, 21.503189, 731.18801, 731.12733,
10.117970, 792.77275, 23.257286, 729.97835, 729.90618,
10.126040, 872.37528, 24.186483, 728.90215, 728.81860,
10.134100, 819.50647, 21.869137, 727.96190, 727.86734,
10.142170, 770.72405, 21.962200, 727.15655, 727.05152,
10.150230, 800.54745, 23.781708, 726.48953, 726.37482,
10.158300, 801.70852, 22.513147, 725.96073, 725.83726,
10.166360, 748.83177, 20.927973, 725.57293, 725.44179,
10.174420, 736.33354, 22.275753, 725.32683, 725.18927,
10.182470, 794.39618, 23.175274, 725.22410, 725.08146,
10.190530, 749.76991, 22.240652, 725.26604, 725.11974,
10.198590, 749.07609, 20.939171, 725.45450, 725.30605,
10.206640, 779.98088, 23.241428, 725.79062, 725.64156,
10.214690, 733.09023, 21.908649, 726.27622, 726.12813,
10.222750, 755.42931, 20.962776, 726.91389, 726.76835,
10.230800, 795.92904, 23.370052, 727.70387, 727.56243,
10.238850, 848.09134, 25.043436, 728.64862, 728.51280,
10.246890, 737.67714, 22.696507, 729.74858, 729.61982,
10.254940, 707.53559, 21.735113, 731.00823, 730.88790,
10.262990, 805.01619, 25.202629, 732.42826, 732.31761,
10.271030, 741.12787, 25.033367, 734.00865, 733.90878,
10.279070, 797.36016, 24.113041, 735.75276, 735.66461,
10.287120, 730.21144, 24.390640, 737.66536, 737.58972,
10.295150, 813.84763, 27.169796, 739.74099, 739.67838,
10.303190, 757.45831, 25.331665, 741.98931, 741.94009,
10.311230, 796.46399, 24.193592, 744.40958, 744.37379,
10.319270, 750.29850, 25.909914, 747.00454, 746.98198,
10.327300, 846.79373, 28.750380, 749.77242, 749.76252,
10.335340, 768.37468, 26.265768, 752.72233, 752.72425,
10.343370, 777.56650, 23.600763, 755.84997, 755.86246,
10.351400, 818.74253, 29.078445, 759.16033, 759.18176,
10.359430, 755.32268, 29.269855, 762.65614, 762.68449,
10.367460, 896.76110, 28.126768, 766.33985, 766.37261,
10.375480, 753.46103, 31.274960, 770.20874, 770.24296,
10.383510, 819.75844, 36.556572, 774.27544, 774.30766,
10.391530, 762.01540, 35.453209, 778.53241, 778.55864,
10.399560, 729.66988, 27.179464, 782.99238, 783.00806,
10.407580, 775.38673, 22.896484, 787.64741, 787.64741,
10.415600, 763.22014, 23.520273, 792.50359, 792.48237,
10.423620, 907.94489, 25.150475, 797.55885, 797.51131,
10.431640, 883.35697, 24.398010, 802.80763, 802.72927,
10.439650, 836.44459, 24.274891, 808.23962, 808.12658,
10.447670, 895.33974, 25.384190, 813.86416, 813.71305,
10.455680, 891.39442, 24.376015, 819.66232, 819.47038,
10.463700, 827.35776, 23.364162, 825.64512, 825.40996,
10.471710, 942.32675, 27.893034, 831.79275, 831.51261,
10.479720, 884.89558, 27.585865, 838.10884, 837.78233,
10.487730, 921.95143, 26.462776, 844.58936, 844.21550,
10.495730, 1077.0821, 28.083580, 851.22227, 850.80057,
10.503740, 1692.9625, 38.392105, 858.01943, 857.54964,
10.511750, 1761.9051, 38.781590, 864.96910, 864.45138,
10.519750, 1234.7879, 31.427412, 872.05798, 871.49288,
10.527750, 964.45643, 34.490852, 879.29210, 878.68041,
10.535750, 994.33694, 38.590675, 886.66681, 886.00961,
10.543750, 1056.9635, 39.720932, 894.17742, 893.47606,
10.551750, 1077.8859, 42.114338, 901.82197, 901.07804,
10.559750, 1066.6982, 45.083168, 909.59493, 908.81023,
10.567850, 1144.1744, 26.279402, 917.59411, 916.77020,
10.576350, 1130.6984, 25.693110, 926.12225, 925.25961,
10.584840, 1114.5974, 25.498775, 934.77292, 933.87429,
10.593340, 1184.9725, 24.292835, 943.56319, 942.63141,
10.601830, 1176.2228, 24.233624, 952.46711, 951.50523,
10.610330, 1138.7197, 25.753017, 961.50244, 960.51358,
10.618820, 1134.1063, 25.349188, 970.64369, 969.63117,
10.627310, 1127.0615, 23.936401, 979.89573, 978.86292,
10.635800, 1046.3949, 24.316883, 989.25650, 988.20686,
10.644280, 1130.7089, 26.912144, 998.70909, 997.64614,
10.652770, 1152.2268, 25.785820, 1008.2717, 1007.1990,
10.661250, 1126.9063, 28.538816, 1017.9189, 1016.8400,
10.669740, 1160.5835, 31.353979, 1027.6683, 1026.5868,
10.678220, 1071.3435, 26.712208, 1037.4939, 1036.4135,
10.686700, 1107.3766, 25.619331, 1047.4028, 1046.3270,
10.695180, 1101.0921, 25.651384, 1057.3910, 1056.3233,
10.703650, 1026.6349, 26.636129, 1067.4431, 1066.3871,
10.712130, 1195.7022, 28.168932, 1077.5769, 1076.5360,
10.720600, 1211.7253, 26.331284, 1087.7678, 1086.7454,
10.729080, 1161.6397, 26.422529, 1098.0339, 1097.0332,
10.737550, 1254.8469, 28.558989, 1108.3470, 1107.3713,
10.746020, 1213.9299, 26.976418, 1118.7171, 1117.7696,
10.754490, 1191.6381, 25.510027, 1129.1382, 1128.2218,
10.762960, 1165.6745, 26.140797, 1139.6087, 1138.7264,
10.771420, 1177.7114, 28.002169, 1150.1095, 1149.2639,
10.779890, 1270.4572, 27.493898, 1160.6652, 1159.8591,
10.788350, 1142.2961, 25.826748, 1171.2448, 1170.4806,
10.796810, 1184.5437, 27.852947, 1181.8575, 1181.1376,
10.805270, 1121.6990, 28.180847, 1192.4996, 1191.8262,
10.813730, 1177.8794, 27.636013, 1203.1675, 1202.5427,
10.822190, 1160.3066, 26.813770, 1213.8573, 1213.2830,
10.830650, 1097.0320, 29.062431, 1224.5654, 1224.0434,
10.839100, 1157.2268, 29.814102, 1235.2749, 1234.8067,
10.847560, 1193.4331, 28.744858, 1246.0085, 1245.5956,
10.856010, 1156.4837, 28.708918, 1256.7372, 1256.3808,
10.864460, 1197.4808, 31.754082, 1267.4681, 1267.1694,
10.872910, 1271.3808, 33.416862, 1278.1990, 1277.9588,
10.881360, 1327.7842, 32.605530, 1288.9271, 1288.7463,
10.889800, 1269.7531, 32.920334, 1299.6345, 1299.5135,
10.898250, 1284.9535, 35.816376, 1310.3427, 1310.2821,
10.906690, 1295.8104, 35.912048, 1321.0240, 1321.0240,
10.915140, 1354.2420, 34.939041, 1331.7006, 1331.7615,
10.923580, 1400.3610, 38.780342, 1342.3458, 1342.4673,
10.932020, 1332.9261, 41.142860, 1352.9728, 1353.1551,
10.940460, 1397.4691, 41.269150, 1363.5822, 1363.8250,
10.948890, 1541.3250, 43.568638, 1374.1608, 1374.4639,
10.957330, 1497.6897, 45.697948, 1384.7353, 1385.0984,
10.965760, 1663.1322, 35.332031, 1395.2809, 1395.7035,
10.974200, 1855.1621, 35.227753, 1405.8216, 1406.3032,
10.982630, 2006.1527, 33.701496, 1416.3326, 1416.8727,
10.991060, 2060.0094, 35.644775, 1426.8285, 1427.4265,
10.999490, 2251.6261, 40.360966, 1437.3072, 1437.9622,
11.007920, 2122.2416, 38.122379, 1447.7711, 1448.4824,
11.016340, 2178.3082, 38.977448, 1458.2063, 1458.9731,
11.024770, 2105.7979, 39.294453, 1468.6379, 1469.4593,
11.033190, 2030.8018, 46.067677, 1479.0424, 1479.9174,
11.041610, 2192.9529, 48.452755, 1489.4319, 1490.3595,
11.050030, 2019.6073, 38.409039, 1499.8066, 1500.7856,
11.058450, 1992.9170, 41.841587, 1510.1665, 1511.1960,
11.066870, 1962.1447, 40.447231, 1520.5121, 1521.5907,
11.075290, 1973.1378, 41.682961, 1530.8433, 1531.9698,
11.083700, 2027.2143, 54.147560, 1541.1487, 1542.3219,
11.092120, 2103.9910, 45.351357, 1551.4519, 1552.6705,
11.100530, 2341.4436, 74.990372, 1561.7285, 1562.9910,
11.108940, 2276.5192, 64.146019, 1571.9927, 1573.2978,
11.117350, 2351.6983, 77.649857, 1582.2423, 1583.5886,
11.120570, 2510.6298, 38.019463, 1586.1640, 1587.5257,
11.129530, 2585.3322, 36.170059, 1597.0644, 1598.4676,
11.138500, 2897.7082, 37.503006, 1607.9627, 1609.4059,
11.147460, 3237.4139, 40.624336, 1618.8337, 1620.3150,
11.156430, 3882.5434, 44.640121, 1629.7029, 1631.2206,
11.165390, 4588.7233, 45.612534, 1640.5452, 1642.0973,
11.174350, 5402.7752, 48.115322, 1651.3734, 1652.9582,
11.183300, 6389.8432, 54.458519, 1662.1761, 1663.7917,
11.192260, 7277.5830, 58.135670, 1672.9767, 1674.6211,
11.201220, 7683.1307, 57.008236, 1683.7636, 1685.4350,
11.210170, 7648.0454, 56.501663, 1694.5256, 1696.2219,
11.219120, 7678.4156, 59.731400, 1705.2744, 1706.9937,
11.228070, 7814.8731, 60.354393, 1716.0100, 1717.7504,
11.237020, 7779.6279, 56.673508, 1726.7315, 1728.4909,
11.245970, 7760.6172, 57.580189, 1737.4413, 1739.2177,
11.254920, 7620.1846, 59.378693, 1748.1384, 1749.9299,
11.263860, 7514.1406, 58.687378, 1758.8104, 1760.6148,
11.272800, 7234.7433, 55.094246, 1769.4711, 1771.2865,
11.281750, 6982.2329, 55.348328, 1780.1297, 1781.9541,
11.290690, 6655.6129, 55.936241, 1790.7658, 1792.5972,
11.299630, 6570.1878, 55.335361, 1801.3888, 1803.2250,
11.308560, 6344.3905, 52.521912, 1811.9885, 1813.8276,
11.317500, 5999.5297, 52.005630, 1822.5876, 1824.4276,
11.326430, 5682.4403, 52.707642, 1833.1637, 1835.0026,
11.335370, 5537.3482, 51.368111, 1843.7394, 1845.5752,
11.344300, 5329.3640, 48.620663, 1854.2923, 1856.1231,
11.353230, 5063.3184, 47.586895, 1864.8338, 1866.6575,
11.362160, 4814.8328, 48.484932, 1875.3628, 1877.1775,
11.371080, 4656.0128, 46.587677, 1885.8704, 1887.6742,
11.380010, 4560.3225, 44.650612, 1896.3770, 1898.1679,
11.388930, 4352.8309, 44.265141, 1906.8623, 1908.6386,
11.397850, 4195.8936, 45.487099, 1917.3356, 1919.0953,
11.406780, 4055.9903, 44.240952, 1927.8102, 1929.5514,
11.415700, 4025.1083, 42.742893, 1938.2616, 1939.9826,
11.424610, 3879.3939, 43.162498, 1948.6911, 1950.3901,
11.433530, 3771.9511, 44.730759, 1959.1210, 1960.7962,
11.442450, 3687.3734, 43.914185, 1969.5402, 1971.1900,
11.451360, 3526.3528, 40.779453, 1979.9377, 1981.5603,
11.460270, 3534.1600, 42.666519, 1990.3247, 1991.9184,
11.469180, 3463.5806, 44.076248, 2000.7011, 2002.2645,
11.478090, 3315.2169, 43.619343, 2011.0672, 2012.5985,
11.487000, 3217.5872, 41.648468, 2021.4228, 2022.9206,
11.495910, 3166.9636, 42.262337, 2031.7670, 2033.2297,
11.504810, 3153.5703, 44.216072, 2042.0908, 2043.5171,
11.513710, 3085.0554, 44.477074, 2052.4034, 2053.7918,
11.522620, 2978.0483, 42.887470, 2062.7178, 2064.0670,
11.531520, 3011.5603, 44.309074, 2073.0099, 2074.3185,
11.540420, 2826.8752, 44.782684, 2083.2918, 2084.5586,
11.549310, 2935.0082, 47.311974, 2093.5526, 2094.7765,
11.558210, 2819.4467, 44.546558, 2103.8153, 2104.9951,
11.567100, 2722.8300, 44.444534, 2114.0547, 2115.1893,
11.576000, 2750.4418, 47.805527, 2124.2973, 2125.3856,
11.584890, 2731.2465, 48.777988, 2134.5177, 2135.5588,
11.593780, 2627.0112, 46.935703, 2144.7269, 2145.7199,
11.602670, 2632.0649, 47.628544, 2154.9272, 2155.8712,
11.611560, 2506.0179, 49.435455, 2165.1174, 2166.0117,
11.620440, 2473.9909, 50.424278, 2175.2856, 2176.1294,
11.629330, 2511.0684, 50.412922, 2185.4557, 2186.2484,
11.638210, 2377.5695, 49.893681, 2195.6049, 2196.3459,
11.647090, 2361.8992, 52.844051, 2205.7429, 2206.4318,
11.655970, 2382.3424, 55.184029, 2215.8709, 2216.5071,
11.664850, 2369.7827, 43.470219, 2225.9899, 2226.5731,
11.673730, 2381.8056, 32.919926, 2236.0977, 2236.6277,
11.682600, 2364.2835, 35.224888, 2246.1845, 2246.6611,
11.691480, 2435.9660, 37.772999, 2256.2721, 2256.6950,
11.700350, 2353.4657, 38.009708, 2266.3387, 2266.7080,
11.709220, 2330.6868, 39.226585, 2276.3951, 2276.7108,
11.718090, 2439.8893, 40.155926, 2286.4413, 2286.7036,
11.726960, 2363.7216, 42.148056, 2296.4772, 2296.6863,
11.735830, 2297.2160, 42.111416, 2306.5029, 2306.6590,
11.744690, 2355.0874, 46.536858, 2316.5064, 2316.6100,
11.753560, 2314.8028, 42.905045, 2326.5114, 2326.5628,
11.762420, 2361.5367, 44.866508, 2336.4941, 2336.4941,
11.771280, 2289.0209, 67.157738, 2346.4670, 2346.4161,
11.775020, 2362.0228, 37.842850, 2350.6717, 2350.5997,
11.784500, 2320.9949, 38.751183, 2361.3193, 2361.1939,
11.793980, 2386.8484, 38.594849, 2371.9439, 2371.7660,
11.803460, 2394.2922, 45.174034, 2382.5435, 2382.3138,
11.812940, 2432.0470, 36.426929, 2393.1116, 2392.8309,
11.822420, 2394.7080, 37.344872, 2403.6461, 2403.3152,
11.831890, 2426.3814, 37.122139, 2414.1300, 2413.7498,
11.841360, 2518.3585, 36.673378, 2424.5707, 2424.1422,
11.850840, 2489.5421, 35.577885, 2434.9743, 2434.4983,
11.860310, 2535.4780, 36.785118, 2445.3157, 2444.7932,
11.869770, 2577.9580, 37.303722, 2455.5905, 2455.0226,
11.879240, 2669.4742, 36.743038, 2465.8152, 2465.2030,
11.888710, 2682.6343, 35.515842, 2475.9750, 2475.3197,
11.898170, 2705.0661, 36.690063, 2486.0553, 2485.3584,
11.907630, 2704.4625, 37.157871, 2496.0611, 2495.3239,
11.917090, 2753.0470, 38.407585, 2505.9899, 2505.2140,
11.926550, 2773.5770, 36.025490, 2515.8352, 2515.0223,
11.936010, 2776.8571, 35.982136, 2525.5945, 2524.7466,
11.945470, 2808.5031, 37.203201, 2535.2614, 2534.3805,
11.954920, 2883.8207, 36.732613, 2544.8226, 2543.9111,
11.964370, 2893.6622, 35.747646, 2554.2835, 2553.3438,
11.973830, 2832.6934, 35.381538, 2563.6498, 2562.6846,
11.983280, 2894.6046, 37.465569, 2572.8959, 2571.9085,
11.992720, 2940.5498, 37.256271, 2582.0177, 2581.0112,
12.002170, 2909.7943, 36.291855, 2591.0308, 2590.0088,
12.011610, 2826.8519, 35.494308, 2599.9111, 2598.8778,
12.021060, 2824.0449, 36.770416, 2608.6721, 2607.6316,
12.030500, 2811.5606, 36.570911, 2617.2910, 2616.2481,
12.039940, 2880.6729, 36.347687, 2625.7711, 2624.7310,
12.049380, 2873.5778, 35.925327, 2634.1093, 2633.0775,
12.058820, 2886.0881, 37.779732, 2642.2989, 2641.2815,
12.068250, 2872.9055, 38.040249, 2650.3277, 2649.3313,
12.077690, 2826.7458, 37.111095, 2658.2076, 2657.2394,
12.087120, 2804.9915, 35.968445, 2665.9162, 2664.9837,
12.096550, 2797.0249, 37.275330, 2673.4570, 2672.5687,
12.105980, 2769.9014, 38.814384, 2680.8249, 2679.9896,
12.115410, 2770.2797, 38.030212, 2688.0147, 2687.2421,
12.124830, 2747.3573, 37.140068, 2695.0141, 2694.3143,
12.134260, 2721.5939, 38.072266, 2701.8318, 2701.2161,
12.143680, 2791.1109, 40.019142, 2708.4480, 2707.9282,
12.153100, 2824.7845, 40.622559, 2714.8655, 2714.4543,
12.162520, 2753.6936, 46.406120, 2721.0781, 2720.7892,
12.171940, 2711.3592, 38.965549, 2727.0797, 2726.9274,
12.181360, 2706.7978, 41.091591, 2732.8656, 2732.8656,
12.190770, 2722.8349, 41.976151, 2738.4252, 2738.5934,
12.200180, 2769.6427, 41.292339, 2743.7672, 2744.1185,
12.209600, 2697.0450, 40.879620, 2748.9009, 2749.4493,
12.219010, 2725.0189, 43.369259, 2753.8186, 2754.5763,
12.228420, 2803.0421, 45.135994, 2758.5297, 2759.5078,
12.237820, 2730.6889, 44.429291, 2763.0329, 2764.2409,
12.247230, 2917.9008, 45.584679, 2767.3416, 2768.7886,
12.256630, 2820.5161, 46.227058, 2771.4502, 2773.1432,
12.266040, 3427.3526, 52.521252, 2775.3701, 2777.3161,
12.275440, 4906.3047, 61.965973, 2779.0969, 2781.3008,
12.284840, 3984.0293, 56.290096, 2782.6373, 2785.1035,
12.294230, 2954.0471, 50.078251, 2785.9920, 2788.7236,
12.303630, 2941.0378, 64.412209, 2789.1702, 2792.1698,
12.313030, 3032.0712, 55.867443, 2792.1721, 2795.4412,
12.322420, 3063.4295, 63.948669, 2794.9971, 2798.5362,
12.331810, 2972.6636, 42.734344, 2797.6518, 2801.4605,
12.341200, 3076.2405, 36.448528, 2800.1389, 2804.2163,
12.350590, 3155.3304, 37.892216, 2802.4613, 2806.8055,
12.359980, 3242.8723, 39.789665, 2804.6216, 2809.2303,
12.369360, 3339.0238, 40.808762, 2806.6207, 2811.4902,
12.378750, 3317.4143, 41.946899, 2808.4652, 2813.5920,
12.388130, 3106.8878, 42.406826, 2810.1539, 2815.5333,
12.397510, 3211.9856, 43.578690, 2811.6912, 2817.3180,
12.406890, 3224.8238, 42.586285, 2813.0799, 2818.9485,
12.416270, 3320.7967, 44.598763, 2814.3222, 2820.4264,
12.425640, 3267.1402, 43.370674, 2815.4194, 2821.7522,
12.435020, 3317.7897, 45.545612, 2816.3763, 2822.9307,
12.444390, 3350.0369, 44.846066, 2817.1930, 2823.9612,
12.453760, 3371.0736, 43.298420, 2817.8728, 2824.8467,
12.463130, 3425.6880, 45.582241, 2818.4181, 2825.5892,
12.472500, 3482.6155, 50.192802, 2818.8309, 2826.1904,
12.481870, 3513.0285, 59.745125, 2819.1134, 2826.6520,
12.489420, 3521.6152, 45.192730, 2819.2475, 2826.9236,
12.499490, 3704.9156, 47.296188, 2819.2987, 2827.1482,
12.509550, 3646.6417, 45.374847, 2819.2062, 2827.2173,
12.519610, 3737.4187, 44.262516, 2818.9725, 2827.1334,
12.529670, 3775.1965, 44.446625, 2818.6001, 2826.8985,
12.539730, 3853.3287, 46.574764, 2818.0911, 2826.5147,
12.549780, 3902.6193, 48.355927, 2817.4487, 2825.9846,
12.559840, 3912.3309, 45.056999, 2816.6736, 2825.3092,
12.569890, 3980.6757, 44.243385, 2815.7697, 2824.4918,
12.579940, 4046.1463, 45.800533, 2814.7382, 2823.5338,
12.589990, 4084.2279, 46.179409, 2813.5813, 2822.4370,
12.600040, 4156.4190, 45.304070, 2812.3007, 2821.2034,
12.610090, 4187.7948, 44.272766, 2810.8988, 2819.8350,
12.620130, 4267.4375, 49.560909, 2809.3789, 2818.3354,
12.630170, 4268.2871, 45.908077, 2807.7413, 2816.7047,
12.640210, 4369.8108, 46.987740, 2805.9881, 2814.9450,
12.650250, 4308.8683, 44.596977, 2804.1209, 2813.0581,
12.660290, 4359.9997, 44.673374, 2802.1416, 2811.0461,
12.670330, 4270.3725, 44.695923, 2800.0517, 2808.9103,
12.680360, 4435.0855, 46.057526, 2797.8553, 2806.6551,
12.690390, 4616.0405, 45.779793, 2795.5519, 2804.2802,
12.700420, 4836.4539, 46.010635, 2793.1427, 2801.7869,
12.710450, 4833.4621, 46.523365, 2790.6298, 2799.1776,
12.720480, 4852.7370, 48.310387, 2788.0144, 2796.4536,
12.730500, 4863.7799, 57.822685, 2785.3007, 2793.6194,
12.740530, 4845.3792, 46.022011, 2782.4847, 2790.6713,
12.750550, 4846.7578, 45.378426, 2779.5734, 2787.6165,
12.760570, 4798.6392, 46.762726, 2776.5656, 2784.4543,
12.770590, 4822.3010, 46.864532, 2773.4621, 2781.1856,
12.780610, 4921.2108, 46.627892, 2770.2644, 2777.8124,
12.790620, 5173.1699, 49.008156, 2766.9773, 2774.3399,
12.800640, 7556.9297, 57.052895, 2763.5950, 2770.7625,
12.810650, 13534.054, 77.659309, 2760.1258, 2767.0891,
12.820660, 9152.8831, 63.943165, 2756.5673, 2763.3178,
12.830670, 4498.3488, 43.894699, 2752.9202, 2759.4495,
12.840680, 4030.6425, 42.437759, 2749.1863, 2755.4865,
12.850680, 3853.7357, 42.564838, 2745.3699, 2751.4340,
12.860690, 3683.5230, 42.437195, 2741.4648, 2747.2857,
12.870690, 3466.1093, 40.741859, 2737.4793, 2743.0509,
12.880690, 3373.2607, 39.662712, 2733.4112, 2738.7276,
12.890690, 3279.5798, 39.686501, 2729.2604, 2734.3165,
12.900680, 3137.0219, 39.992332, 2725.0327, 2729.8242,
12.910680, 3104.4706, 40.280170, 2720.7201, 2725.2426,
12.920670, 3057.9908, 38.977592, 2716.3325, 2720.5827,
12.930670, 2947.9954, 38.596581, 2711.8613, 2715.8363,
12.940660, 2913.9406, 39.612450, 2707.3163, 2711.0141,
12.950640, 2961.1890, 41.392513, 2702.6993, 2706.1188,
12.960630, 2875.4404, 40.266148, 2698.0003, 2701.1404,
12.970620, 2808.7614, 39.664795, 2693.2258, 2696.0864,
12.980600, 2801.7154, 40.428177, 2688.3807, 2690.9626,
12.990580, 2776.0555, 41.965263, 2683.4613, 2685.7660,
13.000560, 2758.9991, 41.898735, 2678.4675, 2680.4969,
13.010540, 2758.4113, 42.025551, 2673.4001, 2675.1572,
13.020520, 2744.5677, 41.673409, 2668.2598, 2669.7481,
13.030490, 2686.4328, 42.804451, 2663.0524, 2664.2768,
13.040470, 2630.0748, 43.923645, 2657.7676, 2658.7330,
13.050440, 2673.1222, 44.680813, 2652.4168, 2653.1296,
13.060410, 2689.3576, 44.630310, 2646.9950, 2647.4621,
13.070380, 2614.1065, 44.527313, 2641.5020, 2641.7312,
13.080350, 2622.8797, 47.218418, 2635.9392, 2635.9392,
13.090310, 2587.1514, 47.906933, 2630.3123, 2630.0927,
13.100280, 2666.2007, 49.163841, 2624.6131, 2624.1831,
13.110240, 2622.6483, 48.020218, 2618.8556, 2618.2244,
13.120200, 2691.9977, 50.806507, 2613.0374, 2612.2139,
13.130160, 2587.6825, 52.172493, 2607.1615, 2606.1542,
13.140110, 2664.9406, 42.896282, 2601.2370, 2600.0546,
13.150070, 2637.1766, 33.728691, 2595.2546, 2593.9050,
13.160020, 2632.9745, 34.081387, 2589.2296, 2587.7210,
13.169980, 2612.8706, 38.588287, 2583.1523, 2581.4925,
13.179930, 2613.6070, 37.305931, 2577.0385, 2575.2352,
13.189870, 2592.0486, 38.310581, 2570.8904, 2568.9514,
13.199820, 2609.3649, 38.452389, 2564.6992, 2562.6318,
13.209770, 2579.2113, 37.359722, 2558.4730, 2556.2844,
13.219710, 2613.9123, 37.520523, 2552.2219, 2549.9194,
13.229650, 2575.2177, 38.546665, 2545.9427, 2543.5333,
13.239590, 2621.0449, 39.844604, 2539.6369, 2537.1276,
13.249530, 2544.8631, 38.483803, 2533.3081, 2530.7057,
13.259470, 2477.2119, 37.105919, 2526.9589, 2524.2703,
13.269410, 2605.4616, 42.217140, 2520.5922, 2517.8240,
13.279340, 2459.4460, 47.254196, 2514.2174, 2511.3763,
13.289270, 2436.3919, 45.239239, 2507.8301, 2504.9226,
13.299200, 2574.0104, 45.652988, 2501.4341, 2498.4668,
13.309130, 2535.7063, 48.380791, 2495.0316, 2492.0108,
13.318260, 2517.3443, 37.161148, 2489.1411, 2486.0766,
13.328980, 2493.0881, 35.351963, 2482.2238, 2479.1149,
13.339690, 2489.4670, 35.773235, 2475.3153, 2472.1692,
13.350400, 2576.0591, 37.258163, 2468.4122, 2465.2362,
13.361120, 2590.8701, 36.735592, 2461.5114, 2458.3123,
13.371830, 2591.4773, 34.747478, 2454.6296, 2451.4147,
13.382530, 2544.4553, 33.849808, 2447.7698, 2444.5459,
13.393240, 2544.7376, 34.890358, 2440.9232, 2437.6971,
13.403940, 2547.8544, 35.246075, 2434.1054, 2430.8839,
13.414650, 2483.8530, 37.904194, 2427.3077, 2424.0976,
13.425350, 2517.4452, 33.075226, 2420.5458, 2417.3535,
13.436050, 2584.8626, 33.516598, 2413.8171, 2410.6490,
13.446740, 2547.6954, 33.728046, 2407.1316, 2403.9941,
13.457440, 2606.9335, 34.899384, 2400.4797, 2397.3791,
13.468130, 2625.3918, 33.517006, 2393.8780, 2390.8203,
13.478830, 2608.9722, 32.796730, 2387.3171, 2384.3083,
13.489520, 2559.9855, 32.454918, 2380.8134, 2377.8593,
13.500200, 2666.9008, 34.274151, 2374.3698, 2371.4760,
13.510890, 2634.5580, 33.686295, 2367.9785, 2365.1503,
13.521570, 2761.6948, 33.689423, 2361.6543, 2358.8972,
13.532260, 2805.5565, 33.082436, 2355.3898, 2352.7087,
13.542940, 2782.3073, 33.378803, 2349.1997, 2346.5995,
13.553620, 2766.8514, 34.614471, 2343.0822, 2340.5674,
13.564290, 2767.5269, 34.179031, 2337.0469, 2334.6218,
13.574970, 2705.1237, 32.990723, 2331.0857, 2328.7543,
13.585640, 2697.4875, 32.212730, 2325.2140, 2322.9802,
13.596320, 2657.1050, 33.174480, 2319.4243, 2317.2915,
13.606990, 2685.2380, 34.186283, 2313.7318, 2311.7029,
13.617650, 2629.8960, 33.758251, 2308.1395, 2306.2172,
13.628320, 2623.3756, 32.723221, 2302.6414, 2300.8282,
13.638980, 2527.9347, 32.511433, 2297.2513, 2295.5490,
13.649650, 2535.4311, 33.262283, 2291.9637, 2290.3738,
13.660310, 2538.9127, 34.413101, 2286.7920, 2285.3154,
13.670970, 2453.5910, 36.112202, 2281.7356, 2280.3728,
13.681630, 2454.4661, 32.811573, 2276.7986, 2275.5496,
13.692280, 2474.0306, 33.576576, 2271.9899, 2270.8541,
13.702940, 2420.4224, 33.737862, 2267.3044, 2266.2806,
13.713590, 2370.0987, 34.592781, 2262.7555, 2261.8418,
13.724240, 2399.8618, 34.055508, 2258.3425, 2257.5365,
13.734890, 2340.0796, 33.267284, 2254.0707, 2253.3691,
13.745530, 2320.8892, 33.161758, 2249.9477, 2249.3466,
13.756180, 2326.5316, 34.194687, 2245.9707, 2245.4656,
13.766820, 2277.0563, 34.885731, 2242.1514, 2241.7367,
13.777460, 2331.7205, 35.553322, 2238.4908, 2238.1602,
13.788100, 2226.0365, 32.716095, 2234.9937, 2234.7399,
13.798740, 2238.1002, 33.450436, 2231.6648, 2231.4798,
13.809380, 2228.4635, 34.696430, 2228.5093, 2228.3838,
13.820010, 2259.0612, 35.152367, 2225.5341, 2225.4580,
13.830640, 2223.9332, 35.053131, 2222.7419, 2222.7039,
13.841270, 2217.5322, 34.185402, 2220.1372, 2220.1249,
13.851900, 2219.4932, 34.753639, 2217.7255, 2217.7255,
13.862530, 2187.3875, 42.381519, 2215.5100, 2215.5079,
13.873150, 2240.2814, 37.243912, 2213.4878, 2213.4701,
13.883780, 2235.9264, 37.187202, 2211.6488, 2211.6031,
13.894400, 2200.5815, 36.497158, 2209.9899, 2209.9049,
13.905020, 2218.6400, 37.607391, 2208.5030, 2208.3686,
13.915640, 2256.8901, 39.532265, 2207.1821, 2206.9890,
13.926250, 2254.0721, 40.180870, 2206.0218, 2205.7618,
13.936870, 2279.9370, 40.987164, 2205.0141, 2204.6799,
13.947480, 2221.9942, 38.837738, 2204.1546, 2203.7398,
13.958090, 2264.2398, 41.376514, 2203.4365, 2202.9356,
13.968700, 2236.8385, 41.915558, 2202.8538, 2202.2620,
13.979310, 2313.4045, 44.669884, 2202.4009, 2201.7140,
13.989910, 2337.1994, 43.880165, 2202.0720, 2201.2869,
14.000520, 2222.7255, 42.547398, 2201.8609, 2200.9749,
14.011120, 2232.3342, 44.635204, 2201.7623, 2200.7736,
14.021720, 2297.3370, 47.802326, 2201.7704, 2200.6776,
14.032320, 2272.5461, 49.487808, 2201.8795, 2200.6820,
14.042920, 2318.0225, 47.967957, 2202.0841, 2200.7817,
14.053510, 2299.8665, 49.378788, 2202.3785, 2200.9718,
14.064110, 2241.9612, 49.371925, 2202.7577, 2201.2475,
14.074700, 2199.0159, 56.023209, 2203.2157, 2201.6035,
14.085290, 2275.5517, 56.422253, 2203.7472, 2202.0352,
14.095870, 2235.3378, 39.557755, 2204.3466, 2202.5371,
14.106460, 2234.7402, 32.969231, 2205.0095, 2203.1053,
14.117040, 2274.5752, 33.267712, 2205.7294, 2203.7339,
14.127630, 2304.6393, 36.272141, 2206.5025, 2204.4194,
14.138210, 2313.2120, 37.075371, 2207.3221, 2205.1555,
14.148790, 2309.5265, 37.963120, 2208.1836, 2205.9381,
14.159370, 2315.1281, 37.449345, 2209.0818, 2206.7624,
14.169940, 2368.2069, 38.178524, 2210.0108, 2207.6227,
14.180520, 2436.9589, 69.580849, 2210.9671, 2208.5159,
14.182090, 2497.1839, 37.364429, 2211.1109, 2208.6509,
14.193560, 2408.4182, 35.232315, 2212.1744, 2209.6539,
14.205030, 2402.1452, 36.533363, 2213.2557, 2210.6821,
14.216500, 2503.6540, 38.814903, 2214.3479, 2211.7293,
14.227970, 2509.2749, 38.174229, 2215.4446, 2212.7896,
14.239430, 2638.0935, 37.932518, 2216.5384, 2213.8559,
14.250890, 2643.8149, 37.747261, 2217.6237, 2214.9229,
14.262350, 2368.3867, 36.334610, 2218.6940, 2215.9848,
14.273810, 2387.3848, 37.338737, 2219.7427, 2217.0355,
14.285270, 2381.4738, 37.383263, 2220.7633, 2218.0688,
14.296730, 2369.9783, 35.357399, 2221.7494, 2219.0787,
14.308180, 2285.7033, 34.048931, 2222.6934, 2220.0583,
14.319630, 2257.6801, 34.440830, 2223.5897, 2221.0023,
14.331080, 2372.6780, 36.689873, 2224.4318, 2221.9049,
14.342530, 2297.7320, 35.268059, 2225.2129, 2222.7598,
14.353970, 2408.9187, 33.564140, 2225.9259, 2223.5603,
14.365410, 2449.4198, 33.091560, 2226.5649, 2224.3011,
14.376860, 2363.7960, 32.538063, 2227.1235, 2224.9767,
14.388300, 2323.5108, 33.402576, 2227.5941, 2225.5798,
14.399730, 2300.6752, 32.862549, 2227.9700, 2226.1044,
14.411170, 2212.8088, 30.482481, 2228.2452, 2226.5454,
14.422600, 2173.2488, 29.681408, 2228.4124, 2226.8959,
14.434030, 2221.5049, 29.844828, 2228.4648, 2227.1501,
14.445460, 2219.3571, 31.370399, 2228.3955, 2227.3018,
14.456890, 2223.8809, 30.727047, 2228.1975, 2227.3450,
14.468320, 2225.4800, 30.096966, 2227.8637, 2227.2733,
14.479740, 2230.7673, 29.302193, 2227.3875, 2227.0809,
14.491160, 2212.7866, 29.198723, 2226.7614, 2226.7614,
14.502580, 2181.1651, 30.531233, 2225.9812, 2226.3108,
14.514000, 2283.6078, 31.419304, 2225.0543, 2225.7339,
14.525420, 2266.6039, 30.546522, 2223.9915, 2225.0376,
14.536830, 2263.4111, 28.961710, 2222.8043, 2224.2295,
14.548240, 2218.6420, 29.353561, 2221.5022, 2223.3159,
14.559650, 2224.1449, 35.103863, 2220.0954, 2222.3037,
14.571060, 2238.4095, 31.509720, 2218.5945, 2221.1997,
14.582470, 2252.0082, 31.312004, 2217.0096, 2220.0107,
14.593870, 2200.9978, 32.723137, 2215.3522, 2218.7446,
14.605270, 2252.4338, 31.142817, 2213.6313, 2217.4072,
14.616670, 2223.4972, 31.517292, 2211.8571, 2216.0054,
14.628070, 2243.6029, 35.961861, 2210.0394, 2214.5456,
14.639470, 2231.7264, 32.325439, 2208.1883, 2213.0347,
14.650860, 2265.6775, 31.004152, 2206.3158, 2211.4809,
14.662260, 2273.3155, 31.190475, 2204.4283, 2209.8879,
14.673650, 2197.8896, 30.823774, 2202.5393, 2208.2655,
14.685040, 2214.7761, 32.222408, 2200.6570, 2206.6188,
14.696420, 2242.4048, 32.322933, 2198.7934, 2204.9561,
14.707810, 2197.8174, 30.899254, 2196.9547, 2203.2808,
14.719190, 2236.6162, 31.085819, 2195.1547, 2201.6030,
14.730570, 2225.0607, 31.295540, 2193.4013, 2199.9275,
14.741950, 2308.2304, 34.049240, 2191.7047, 2198.2610,
14.753330, 2272.9321, 32.968006, 2190.0750, 2196.6102,
14.764700, 2266.7546, 32.727749, 2188.5238, 2194.9833,
14.776080, 2276.7213, 32.308464, 2187.0582, 2193.3839,
14.787450, 2232.1806, 32.497139, 2185.6911, 2191.8217,
14.798820, 2269.2106, 34.754078, 2184.4313, 2190.3017,
14.810190, 2217.7215, 34.261929, 2183.2890, 2188.8305,
14.821550, 2263.7553, 34.724556, 2182.2755, 2187.4162,
14.832920, 2259.1551, 34.597118, 2181.3994, 2186.0630,
14.844280, 2211.0528, 34.045189, 2180.6724, 2184.7798,
14.855640, 2234.9395, 37.115231, 2180.1043, 2183.5722,
14.866990, 2233.6042, 37.090309, 2179.7060, 2182.4478,
14.878350, 2185.7840, 37.043869, 2179.4872, 2181.4112,
14.889710, 2176.6585, 36.585346, 2179.4593, 2180.4704,
14.901060, 2162.6295, 36.764484, 2179.6326, 2179.6326,
14.912410, 2183.8620, 38.717422, 2180.0151, 2178.9025,
14.923760, 2189.2291, 39.984665, 2180.6025, 2178.2799,
14.935100, 2239.3990, 42.824833, 2181.3867, 2177.7640,
14.946450, 2239.4989, 42.244705, 2182.3625, 2177.3522,
14.957790, 2263.7645, 42.105263, 2183.5209, 2177.0441,
14.969130, 2194.1710, 42.407566, 2184.8559, 2176.8380,
14.980470, 2143.0194, 42.847626, 2186.3610, 2176.7323,
14.991810, 2212.2636, 45.288235, 2188.0293, 2176.7259,
15.003140, 2264.9697, 45.051254, 2189.8527, 2176.8174,
15.014480, 2292.6613, 43.571903, 2191.8276, 2177.0056,
15.025810, 2219.1541, 44.026890, 2193.9446, 2177.2889,
15.037140, 2219.4160, 44.193195, 2196.1985, 2177.6663,
15.048460, 2251.4275, 47.346703, 2198.5812, 2178.1360,
15.059790, 2169.1142, 45.991375, 2201.0904, 2178.6977,
15.071110, 2162.7810, 45.128998, 2203.7159, 2179.3492,
15.082440, 2100.3341, 33.919422, 2206.4561, 2180.0906,
15.093750, 2121.3161, 28.482447, 2209.2973, 2180.9185,
15.105070, 2155.9591, 30.107737, 2212.2411, 2181.8339,
15.116390, 2174.3006, 31.492937, 2215.2792, 2182.8350,
15.127700, 2185.3675, 32.033398, 2218.4026, 2183.9196,
15.139020, 2186.5811, 33.489208, 2221.6113, 2185.0887,
15.150330, 2140.5640, 32.733208, 2224.8935, 2186.3391,
15.162390, 2183.5966, 40.187508, 2228.4714, 2187.7619,
15.174730, 2166.3510, 38.355694, 2232.2083, 2189.3120,
15.187070, 2194.4177, 39.004997, 2236.0145, 2190.9561,
15.199410, 2143.7174, 40.197601, 2239.8832, 2192.6930,
15.211740, 2145.2645, 39.024864, 2243.8030, 2194.5196,
15.224080, 2227.6737, 38.229340, 2247.7739, 2196.4380,
15.236410, 2143.8578, 35.299843, 2251.7817, 2198.4436,
15.248740, 2164.1700, 36.028629, 2255.8224, 2200.5367,
15.261060, 2206.1411, 38.810833, 2259.8854, 2202.7142,
15.273390, 2188.8560, 38.608128, 2263.9704, 2204.9786,
15.285710, 2199.6446, 39.266167, 2268.0636, 2207.3251,
15.298030, 2214.6036, 36.508465, 2272.1607, 2209.7540,
15.310350, 2151.4176, 35.925915, 2276.2551, 2212.2646,
15.322660, 2158.2471, 36.939308, 2280.3360, 2214.8533,
15.334980, 2263.8972, 37.910713, 2284.4027, 2217.5232,
15.347290, 2281.4388, 37.929016, 2288.4418, 2220.2691,
15.359600, 2268.9359, 34.830223, 2292.4493, 2223.0919,
15.371900, 2216.3413, 33.850849, 2296.4146, 2225.9882,
15.384210, 2273.2275, 35.541927, 2300.3374, 2228.9617,
15.396510, 2263.6241, 35.887047, 2304.2039, 2232.0067,
15.408810, 2309.2998, 38.073574, 2308.0097, 2235.1241,
15.421110, 2289.1244, 35.212677, 2311.7481, 2238.3134,
15.433410, 2289.2821, 33.932304, 2315.4113, 2241.5733,
15.445700, 2329.0533, 34.575199, 2318.9919, 2244.9003,
15.457990, 2360.2967, 36.546329, 2322.4984, 2248.2960,
15.470280, 2378.2893, 38.851051, 2325.9389, 2251.7595,
15.482570, 2360.8309, 37.004143, 2329.3214, 2255.2898,
15.494860, 2361.1114, 36.312336, 2332.6541, 2258.8860,
15.507140, 2350.9769, 35.651043, 2335.9424, 2262.5445,
15.519420, 2478.6089, 36.840878, 2339.1965, 2266.2668,
15.531700, 2883.7923, 40.291943, 2342.4250, 2270.0525,
15.543980, 5043.6842, 51.140617, 2345.6352, 2273.9004,
15.556260, 5922.9528, 52.734131, 2348.8357, 2277.8100,
15.568530, 3310.2793, 37.411697, 2352.0312, 2281.7770,
15.580800, 2416.9332, 32.068230, 2355.2325, 2285.8038,
15.593070, 2400.6183, 33.639721, 2358.4475, 2289.8896,
15.605340, 2440.2638, 33.848717, 2361.6839, 2294.0336,
15.617600, 2499.2021, 33.454617, 2364.9473, 2298.2318,
15.629860, 2470.3482, 31.654427, 2368.2478, 2302.4863,
15.642120, 2424.5525, 30.319851, 2371.5938, 2306.7969,
15.654380, 2431.5489, 31.487242, 2374.9927, 2311.1624,
15.666640, 2488.1400, 32.505592, 2378.4532, 2315.5826,
15.678890, 2491.4575, 33.245518, 2381.9798, 2320.0526,
15.691140, 2486.6366, 32.471645, 2385.5836, 2324.5756,
15.703390, 2493.7204, 31.151833, 2389.2726, 2329.1508,
15.715640, 2522.1253, 32.688133, 2393.0550, 2333.7775,
15.727890, 2517.6768, 33.941132, 2396.9390, 2338.4551,
15.740130, 2500.4902, 35.267246, 2400.9296, 2343.1793,
15.752370, 2548.2042, 34.890388, 2405.0378, 2347.9526,
15.764610, 2589.4563, 33.516533, 2409.2726, 2352.7751,
15.776850, 2624.4181, 34.249332, 2413.6417, 2357.6455,
15.789090, 2611.1400, 34.101109, 2418.1544, 2362.5639,
15.801320, 2627.9706, 35.092117, 2422.8147, 2367.5251,
15.813550, 2665.8235, 36.816025, 2427.6351, 2372.5326,
15.825780, 2645.5037, 35.216225, 2432.6243, 2377.5859,
15.838010, 2685.9570, 35.291107, 2437.7912, 2382.6844,
15.850230, 2639.1926, 34.798355, 2443.1404, 2387.8236,
15.862450, 2695.4418, 36.345879, 2448.6844, 2393.0063,
15.874670, 2653.8281, 38.594978, 2454.4332, 2398.2330,
15.886890, 2658.1917, 38.487179, 2460.3956, 2403.5026,
15.899110, 2740.8942, 40.007126, 2466.5804, 2408.8142,
15.911320, 2623.0489, 37.999290, 2472.9925, 2414.1635,
15.923540, 2713.4159, 40.123375, 2479.6519, 2419.5587,
15.935750, 2729.6528, 42.991562, 2486.5569, 2424.9902,
15.947960, 2648.4055, 43.527870, 2493.7230, 2430.4620,
15.960160, 2631.7757, 43.653618, 2501.1543, 2435.9694,
15.972370, 2682.4532, 44.142960, 2508.8724, 2441.5204,
15.984570, 2677.7933, 42.719246, 2516.8749, 2447.1055,
15.996770, 2670.5553, 42.519615, 2525.1795, 2452.7295,
16.008961, 2727.0656, 43.940681, 2533.7892, 2458.3870,
16.021160, 2777.5889, 44.433342, 2542.7275, 2464.0859,
16.033350, 2721.5263, 43.755642, 2551.9921, 2469.8174,
16.045549, 2695.0543, 41.751671, 2561.6085, 2475.5900,
16.057739, 2729.6746, 42.063194, 2571.5729, 2481.3943,
16.069920, 2653.1056, 42.053486, 2581.8961, 2487.2298,
16.082109, 2601.0867, 41.866127, 2592.6059, 2493.1052,
16.094290, 2617.3708, 43.031769, 2603.6973, 2499.0110,
16.106470, 2686.6415, 48.546471, 2615.1906, 2504.9512,
16.118650, 2678.5573, 44.495216, 2627.0981, 2510.9256,
16.130831, 2639.7644, 43.390896, 2639.4324, 2516.9338,
16.143009, 2638.8926, 44.450493, 2652.2042, 2522.9744,
16.155180, 2667.6497, 46.372139, 2665.4199, 2529.0443,
16.167351, 2643.9500, 51.260063, 2679.1006, 2535.1468,
16.179520, 2750.4596, 50.813145, 2693.2574, 2541.2806,
16.191681, 2729.3694, 48.562729, 2707.8970, 2547.4425,
16.203850, 2690.2070, 51.994518, 2723.0516, 2553.6399,
16.216009, 2724.6203, 53.274071, 2738.7139, 2559.8638,
16.228170, 2787.0123, 59.772068, 2754.9128, 2566.1195,
16.240330, 2704.5904, 55.950592, 2771.6580, 2572.4048,
16.252489, 2797.7003, 57.562099, 2788.9671, 2578.7205,
16.264641, 2755.8529, 55.586349, 2806.8318, 2585.0622,
16.276791, 2899.6795, 59.545818, 2825.2143, 2591.4326,
16.288950, 2894.9908, 60.046745, 2844.0747, 2597.8374,
16.301090, 2925.5373, 69.417351, 2863.3109, 2604.2613,
16.313240, 2967.5289, 66.353004, 2882.9107, 2610.7190,
16.325380, 3006.8550, 70.000122, 2902.7865, 2617.2002,
16.337530, 3199.7293, 50.083000, 2922.9128, 2623.7148,
16.349670, 3335.7786, 43.696758, 2943.2016, 2630.2523,
16.361799, 3440.2668, 43.344978, 2963.5928, 2636.8114,
16.373940, 3778.0881, 51.498123, 2984.0688, 2643.4041,
16.386070, 3931.7635, 51.588966, 3004.5379, 2650.0189,
16.398211, 4156.8020, 54.575912, 3024.9762, 2656.6660,
16.410339, 4045.9675, 50.374504, 3045.2921, 2663.3335,
16.422461, 4110.5023, 52.932335, 3065.4362, 2670.0234,
16.434589, 4116.1739, 56.937092, 3085.3775, 2676.7438,
16.446711, 4024.5919, 55.509174, 3105.0346, 2683.4860,
16.458839, 4096.5786, 54.765221, 3124.3758, 2690.2584,
16.470961, 3859.8863, 56.725815, 3143.3201, 2697.0522,
16.483070, 3758.0079, 54.410912, 3161.8057, 2703.8651,
16.495190, 3684.9493, 73.342979, 3179.8078, 2710.7086,
16.500280, 3862.5358, 58.739170, 3187.2072, 2713.5907,
16.513599, 3735.1454, 51.386215, 3206.0717, 2721.1521,
16.526911, 3620.6919, 47.176338, 3224.1492, 2728.7391,
16.540211, 3494.1142, 47.966702, 3241.3592, 2736.3494,
16.553520, 3411.3542, 48.177319, 3257.6515, 2743.9945,
16.566820, 3408.5882, 48.049149, 3272.9248, 2751.6634,
16.580120, 3360.5098, 46.041088, 3287.1124, 2759.3614,
16.593420, 3277.1128, 41.766678, 3300.1349, 2767.0882,
16.606710, 3347.7444, 41.673935, 3311.9041, 2774.8381,
16.620001, 3276.9142, 41.220222, 3322.3844, 2782.6164,
16.633301, 3297.2394, 42.472065, 3331.6763, 2790.4285,
16.646589, 3340.6586, 44.266373, 3339.8947, 2798.2620,
16.659870, 3328.8488, 42.720840, 3347.1720, 2806.1190,
16.673149, 3379.7221, 42.064133, 3353.6399, 2814.0024,
16.686440, 3345.1408, 41.487907, 3359.4310, 2821.9203,
16.699711, 3462.1253, 43.877541, 3364.6588, 2829.8543,
16.712990, 3422.5615, 46.283119, 3369.4605, 2837.8200,
16.726271, 3403.3991, 45.454365, 3373.9593, 2845.8141,
16.739540, 3474.8980, 43.146591, 3378.2763, 2853.8283,
16.752810, 3454.6715, 40.537918, 3382.5405, 2861.8693,
16.766081, 3471.2806, 39.143101, 3386.8778, 2869.9383,
16.779341, 3380.1265, 39.250450, 3391.4086, 2878.0270,
16.792601, 3365.8531, 40.749908, 3396.2616, 2886.1422,
16.805870, 3454.7853, 41.436466, 3401.5659, 2894.2898,
16.819120, 3381.5731, 40.282619, 3407.4351, 2902.4519,
16.832380, 3432.6517, 38.801678, 3414.0070, 2910.6462,
16.845631, 3351.5088, 37.232983, 3421.3981, 2918.8609,
16.858891, 3342.0275, 38.754303, 3429.7461, 2927.1075,
16.872141, 3537.1997, 42.615471, 3439.1272, 2935.3743,
16.885380, 3485.3426, 42.877174, 3449.4721, 2943.6599,
16.898630, 3460.9320, 41.360737, 3460.6947, 2951.9787,
16.911869, 3460.3340, 38.792374, 3472.6726, 2960.3161,
16.925110, 3622.9913, 39.021664, 3485.3143, 2968.6806,
16.938351, 3515.9265, 39.183804, 3498.5160, 2977.0710,
16.951580, 3504.1750, 40.013721, 3512.1638, 2985.4798,
16.964821, 3556.2894, 41.488098, 3526.1798, 2993.9217,
16.978050, 3656.1960, 40.793732, 3540.4387, 3002.3821,
16.991270, 3693.4636, 40.764988, 3554.8412, 3010.8621,
17.004499, 3700.2320, 39.577347, 3569.3074, 3019.3740,
17.017719, 4359.3856, 43.891224, 3583.7156, 3027.9054,
17.030951, 5950.0267, 54.494736, 3597.9882, 3036.4700,
17.044161, 4983.5336, 52.411434, 3611.9896, 3045.0468,
17.057381, 3897.8283, 46.444992, 3625.6517, 3053.6556,
17.070601, 3751.1323, 43.558239, 3638.8632, 3062.2902,
17.083811, 3876.5750, 44.483124, 3651.5140, 3070.9444,
17.097019, 3696.2972, 41.211933, 3663.5105, 3079.6233,
17.110229, 3766.8957, 43.039818, 3674.7543, 3088.3293,
17.123430, 3638.8216, 42.685493, 3685.1342, 3097.0550,
17.136641, 3728.5039, 42.592392, 3694.5621, 3105.8132,
17.149839, 3742.4936, 41.317204, 3702.9200, 3114.5898,
17.163040, 3706.7731, 44.036140, 3710.1135, 3123.3939,
17.176229, 3636.3768, 41.050468, 3716.0319, 3132.2166,
17.189430, 3720.9263, 42.733067, 3720.6107, 3141.0733,
17.202620, 3773.5898, 44.908066, 3723.8890, 3149.9488,
17.215811, 3721.1835, 45.213593, 3725.9484, 3158.8521,
17.229000, 3629.4573, 44.313183, 3726.8642, 3167.7807,
17.242180, 3744.7529, 45.436066, 3726.7126, 3176.7297,
17.255369, 3835.9411, 49.509399, 3725.5679, 3185.7119,
17.268551, 3743.2386, 46.585255, 3723.5052, 3194.7160,
17.281719, 3795.9822, 45.964287, 3720.6007, 3203.7380,
17.294901, 3877.0118, 49.014465, 3716.9211, 3212.7965,
17.308069, 3963.8879, 51.006691, 3712.5459, 3221.8731,
17.321251, 3907.6948, 46.430779, 3707.5379, 3230.9865,
17.334410, 3965.1385, 47.986588, 3701.9825, 3240.1117,
17.347580, 4119.9632, 51.195389, 3695.9369, 3249.2727,
17.360750, 4019.4046, 52.061794, 3689.4760, 3258.4617,
17.373911, 4154.8544, 56.337986, 3682.6751, 3267.6723,
17.387070, 4080.5268, 56.281830, 3675.6005, 3276.9098,
17.400230, 4124.2170, 57.609535, 3668.3199, 3286.1773,
17.413380, 3966.0638, 54.120369, 3660.9102, 3295.4655,
17.426540, 4033.9001, 55.610535, 3653.4279, 3304.7906,
17.439690, 3967.0711, 53.988934, 3645.9553, 3314.1369,
17.452841, 3918.2449, 60.605194, 3638.5541, 3323.5138,
17.465981, 3874.2745, 54.775528, 3631.3008, 3332.9122,
17.479130, 3807.4892, 53.936481, 3624.2532, 3342.3472,
17.492270, 3685.2644, 51.445969, 3617.4909, 3351.8054,
17.505409, 3621.7832, 49.911140, 3611.0782, 3361.2938,
17.518551, 3659.8688, 52.154930, 3605.0839, 3370.8142,
17.531679, 3579.3128, 53.645218, 3599.5845, 3380.3557,
17.544821, 3648.6876, 55.530258, 3594.6389, 3389.9380,
17.557949, 3605.9773, 55.038155, 3590.3279, 3399.5419,
17.571079, 3551.2953, 56.323425, 3586.7165, 3409.1787,
17.584200, 3520.9197, 56.302853, 3583.8622, 3418.8404,
17.597330, 3606.7024, 58.991112, 3581.7517, 3428.5413,
17.610451, 3676.3581, 61.097328, 3580.3628, 3438.2677,
17.623569, 3555.7967, 59.727158, 3579.6693, 3448.0253,
17.636690, 3762.3892, 73.391121, 3579.6466, 3457.8176,
17.649799, 3458.0236, 62.627186, 3580.2705, 3467.6346,
17.662910, 3567.3447, 64.970680, 3581.5175, 3477.4868,
17.676029, 3788.2367, 60.580688, 3583.3660, 3487.3789,
17.689131, 3884.0097, 71.614929, 3585.7892, 3497.2924,
17.702240, 3715.9757, 72.439209, 3588.7691, 3507.2464,
17.715349, 3649.8768, 70.042244, 3592.2826, 3517.2356,
17.728451, 3597.2822, 71.885567, 3596.3058, 3527.2545,
17.741550, 3856.8435, 68.165070, 3600.8188, 3537.3078,
17.754641, 3889.1806, 54.088623, 3605.7976, 3547.3901,
17.767740, 3810.7861, 49.657280, 3611.2290, 3557.5163,
17.780830, 3795.3644, 56.391804, 3617.0849, 3567.6722,
17.793921, 3784.9206, 51.395977, 3623.3494, 3577.8656,
17.807011, 3730.6062, 48.100639, 3630.0027, 3588.0968,
17.820101, 3881.8577, 52.635303, 3637.0256, 3598.3664,
17.833179, 3791.5487, 50.131119, 3644.3922, 3608.6657,
17.846270, 3723.0067, 46.566288, 3652.0967, 3619.0133,
17.859341, 3799.6168, 47.401516, 3660.1021, 3629.3853,
17.872419, 3887.3929, 52.712788, 3668.4060, 3639.8036,
17.885500, 3982.8285, 56.515198, 3676.9868, 3650.2639,
17.898569, 3822.2768, 55.992725, 3685.8173, 3660.7562,
17.911640, 3767.6308, 54.620247, 3694.8884, 3671.2915,
17.924709, 3658.2302, 52.876095, 3704.1798, 3681.8673,
17.937780, 3949.5468, 89.448296, 3713.6765, 3692.4873,
17.941250, 3789.9496, 52.724480, 3716.2292, 3695.3133,
17.955721, 3775.1983, 50.440987, 3727.0113, 3707.1338,
17.970181, 3770.8392, 51.081581, 3737.9841, 3718.9986,
17.984650, 3887.8728, 52.259739, 3749.1401, 3730.9258,
17.999109, 3769.5529, 53.392456, 3760.4416, 3742.9003,
18.013571, 3706.3680, 55.209526, 3771.8744, 3754.9323,
18.028021, 3808.0856, 53.400002, 3783.4047, 3767.0116,
18.042480, 3915.9119, 51.806652, 3795.0266, 3779.1565,
18.056931, 3786.6870, 48.231529, 3806.7019, 3791.3517,
18.071381, 3731.2456, 47.372066, 3818.4198, 3803.6061,
18.085819, 3791.5794, 49.562004, 3830.1693, 3815.9108,
18.100269, 3912.8431, 51.932690, 3841.9716, 3828.2863,
18.114710, 4091.1725, 53.746384, 3853.8122, 3840.7154,
18.129150, 3840.7669, 50.556953, 3865.7016, 3853.2072,
18.143579, 3977.0655, 50.951744, 3877.6330, 3865.7526,
18.158020, 3815.6295, 48.688026, 3889.6279, 3878.3727,
18.172449, 3996.2249, 51.731228, 3901.6703, 3891.0482,
18.186880, 4056.2129, 52.001137, 3913.7739, 3903.7918,
18.201300, 4029.6797, 51.444706, 3925.9304, 3916.5928,
18.215719, 3862.4207, 47.790695, 3938.1522, 3929.4622,
18.230150, 3863.6239, 45.961426, 3950.4521, 3942.4113,
18.244560, 3986.8433, 46.140419, 3962.8054, 3955.4121,
18.258980, 4017.6147, 47.447407, 3975.2412, 3968.4931,
18.273390, 4014.0461, 49.923206, 3987.7461, 3981.6381,
18.287800, 4078.0819, 52.706230, 4000.3316, 3994.8569,
18.302210, 4128.6879, 52.177177, 4013.0009, 4008.1505,
18.316620, 4075.1529, 48.030308, 4025.7572, 4021.5203,
18.331020, 4068.7969, 45.902000, 4038.5954, 4034.9583,
18.345421, 4126.5861, 46.302193, 4051.5273, 4048.4748,
18.359819, 4075.7583, 46.648979, 4064.5548, 4062.0690,
18.374210, 4227.7802, 51.637379, 4077.6760, 4075.7368,
18.388611, 4098.7608, 51.569080, 4090.9103, 4089.4958,
18.403000, 4119.2043, 49.595627, 4104.2421, 4103.3272,
18.417379, 4119.9526, 49.796909, 4117.6767, 4117.2340,
18.431770, 4094.1688, 49.088463, 4131.2377, 4131.2377,
18.446150, 4095.3231, 47.487225, 4144.9060, 4145.3168,
18.460529, 4227.5400, 50.257172, 4158.6883, 4159.4792,
18.474911, 4207.3280, 51.248844, 4172.5815, 4173.7228,
18.489281, 4352.5817, 51.267593, 4186.5673, 4188.0307,
18.503660, 4202.5751, 48.186569, 4200.6611, 4202.4197,
18.518030, 4185.0445, 46.187538, 4214.8392, 4216.8669,
18.532391, 4307.7846, 46.037468, 4229.0965, 4231.3685,
18.546761, 4338.0572, 48.021507, 4243.4470, 4245.9399,
18.561119, 4218.1566, 50.284332, 4257.8651, 4260.5561,
18.575480, 4386.9952, 54.344620, 4272.3594, 4275.2268,
18.589840, 4436.4908, 53.787159, 4286.9233, 4289.9464,
18.604191, 4356.2326, 50.683922, 4301.5424, 4304.7014,
18.618549, 4576.6407, 50.807644, 4316.2297, 4319.5056,
18.632900, 4429.2157, 48.012180, 4330.9650, 4334.3397,
18.647240, 4497.5870, 51.427658, 4345.7400, 4349.1960,
18.661591, 4713.9014, 54.460953, 4360.5738, 4364.0945,
18.675930, 5257.1734, 58.492355, 4375.4382, 4379.0079,
18.690269, 8242.1182, 73.884178, 4390.3409, 4393.9444,
18.704611, 16883.080, 106.86073, 4405.2795, 4408.9022,
18.718941, 14348.627, 94.685287, 4420.2357, 4423.8640,
18.733271, 6614.5147, 62.661461, 4435.2173, 4438.8379,
18.747601, 4805.6752, 55.538559, 4450.2199, 4453.8203,
18.761930, 4766.4747, 57.469315, 4465.2395, 4468.8077,
18.776260, 4770.5154, 58.184067, 4480.2717, 4483.7965,
18.790581, 4655.7452, 56.170204, 4495.3024, 4498.7730,
18.804899, 4737.4545, 53.612385, 4510.3354, 4513.7417,
18.819220, 4709.2270, 53.309860, 4525.3705, 4528.7030,
18.833530, 4801.7346, 55.335129, 4540.3915, 4543.6412,
18.847839, 4704.2974, 55.714794, 4555.4023, 4558.5608,
18.862150, 4695.6800, 60.406517, 4570.4027, 4573.4621,
18.876459, 4787.3990, 64.353638, 4585.3845, 4588.3376,
18.890770, 4855.5948, 61.773590, 4600.3476, 4603.1877,
18.905069, 4897.5307, 61.380371, 4615.2737, 4617.9947,
18.919371, 4758.9872, 57.547619, 4630.1726, 4632.7691,
18.933670, 4978.7167, 59.126823, 4645.0361, 4647.5032,
18.947960, 5007.0438, 65.635262, 4659.8520, 4662.1856,
18.962250, 4786.8956, 65.894165, 4674.6260, 4676.8224,
18.976540, 4939.4717, 64.819794, 4689.3538, 4691.4100,
18.990829, 5144.0631, 67.325073, 4704.0309, 4705.9447,
19.005119, 5076.6622, 72.707390, 4718.6530, 4720.4228,
19.019400, 4864.2885, 59.840408, 4733.2059, 4734.8311,
19.033680, 4941.4656, 64.131912, 4747.6950, 4749.1754,
19.047960, 4947.5497, 65.643478, 4762.1158, 4763.4520,
19.062229, 5009.4348, 70.118439, 4776.4522, 4777.6459,
19.076500, 4865.3244, 77.737282, 4790.7130, 4791.7666,
19.090771, 4758.9762, 67.003029, 4804.8917, 4805.8084,
19.105040, 4959.4946, 69.181343, 4818.9816, 4819.7657,
19.119310, 5207.1002, 71.902992, 4832.9818, 4833.6383,
19.133570, 4845.7861, 67.783401, 4846.8743, 4847.4096,
19.147829, 4991.8805, 73.522141, 4860.6654, 4861.0867,
19.162090, 5140.8286, 79.343445, 4874.3521, 4874.6676,
19.176340, 4948.0930, 79.535515, 4887.9165, 4888.1358,
19.190599, 4877.1653, 81.281509, 4901.3734, 4901.5071,
19.204849, 5108.4845, 81.623062, 4914.6995, 4914.7598,
19.219101, 4856.8325, 75.289543, 4927.9004, 4927.9004,
19.233339, 4644.8680, 68.999702, 4940.9592, 4940.9131,
19.247580, 5152.1517, 82.340958, 4953.8973, 4953.8182,
19.261820, 4991.7704, 71.807999, 4966.7227, 4966.6222,
19.276060, 4905.2236, 85.422539, 4979.4453, 4979.3331,
19.290300, 5352.1922, 87.823318, 4992.0746, 4991.9593,
19.304529, 5083.4600, 95.389420, 5004.6101, 5004.4987,
19.318760, 5183.0318, 95.023094, 5017.0732, 5016.9712,
19.332991, 4975.1330, 91.417496, 5029.4716, 5029.3834,
19.347219, 5168.2658, 89.311668, 5041.8129, 5041.7415,
19.361441, 5189.6790, 89.724258, 5054.1018, 5054.0488,
19.375660, 5152.1074, 96.068825, 5066.3523, 5066.3182,
19.389879, 4629.2340, 85.911865, 5078.5754, 5078.5594,
19.404100, 5104.5229, 94.311005, 5090.7820, 5090.7820,
19.418310, 5164.3416, 94.385696, 5102.9698, 5102.9825,
19.432520, 5403.7040, 101.39777, 5115.1578, 5115.1788,
