# wave, flux, fluxerr, continuum, continuum_plateau
9.9725246, 111.52292, 33.487793, 111.52292, 111.52292,
9.9806166, 96.213731, 35.996983, 111.91793, 111.91779,
9.9887066, 159.14551, 24.023584, 112.32044, 112.31990,
9.9967957, 133.77435, 21.440102, 112.73049, 112.72933,
10.004880, 129.61762, 33.277855, 113.14789, 113.14592,
10.012970, 150.08240, 35.006912, 113.57319, 113.57024,
10.021050, 137.13160, 29.754568, 114.00560, 114.00152,
10.029140, 139.02660, 30.267920, 114.44615, 114.44082,
10.037220, 166.10825, 35.139984, 114.89376, 114.88710,
10.045300, 130.16024, 30.207804, 115.34902, 115.34095,
10.053380, 144.86579, 28.367956, 115.81200, 115.80248,
10.061460, 144.30149, 31.554804, 116.28261, 116.27161,
10.069540, 120.04810, 30.868141, 116.76099, 116.74850,
10.077610, 117.99599, 27.377396, 117.24647, 117.23249,
10.085690, 124.78845, 28.567892, 117.74027, 117.72484,
10.093760, 96.690790, 31.207743, 118.24126, 118.22443,
10.101830, 144.75964, 29.907234, 118.75006, 118.73187,
10.109900, 149.46104, 28.278654, 119.26674, 119.24728,
10.117970, 147.83341, 31.350672, 119.79122, 119.77057,
10.126040, 144.79285, 32.216053, 120.32360, 120.30186,
10.134100, 125.17636, 29.750113, 120.86320, 120.84048,
10.142170, 145.93495, 32.415607, 121.41148, 121.38788,
10.150230, 126.36667, 34.537052, 121.96711, 121.94276,
10.158300, 142.36158, 34.430538, 122.53145, 122.50648,
10.166360, 204.21955, 34.678242, 123.10313, 123.07769,
10.174420, 94.097521, 34.509350, 123.68302, 123.65723,
10.182470, 141.94374, 37.132214, 124.27031, 124.24432,
10.190530, 169.11922, 35.542725, 124.86652, 124.84048,
10.198590, 117.25105, 33.456123, 125.47107, 125.44512,
10.206640, 118.97205, 38.169640, 126.08316, 126.05745,
10.214690, 151.77637, 39.115726, 126.70361, 126.67828,
10.222750, 121.75082, 36.384998, 127.33323, 127.30842,
10.230800, 147.06061, 41.046711, 127.97061, 127.94645,
10.238850, 152.63147, 43.389385, 128.61653, 128.59316,
10.246890, 78.273531, 40.939941, 129.27027, 129.24782,
10.254940, 131.98784, 39.517170, 129.93347, 129.91204,
10.262990, 185.41104, 48.638203, 130.60541, 130.58511,
10.271030, 100.20819, 47.938679, 131.28535, 131.26628,
10.279070, 175.68581, 48.845440, 131.97408, 131.95632,
10.287120, 160.67721, 50.997265, 132.67266, 132.65629,
10.295150, 228.10332, 61.358570, 133.37850, 133.36357,
10.303190, 227.28823, 59.982159, 134.09435, 134.08091,
10.311230, 147.60481, 55.332943, 134.81929, 134.80735,
10.319270, 184.77103, 64.233177, 135.55357, 135.54315,
10.327300, 226.69023, 73.008919, 136.29622, 136.28729,
10.335340, 132.11997, 65.847939, 137.04917, 137.04171,
10.343370, 153.38629, 20.514919, 137.81081, 137.80476,
10.351400, 181.12109, 71.479431, 138.58194, 138.57722,
10.359430, 90.968381, 63.189663, 139.36275, 139.35925,
10.367460, 82.600470, 47.602978, 140.15333, 140.15092,
10.375480, 144.13048, 63.123825, 140.95273, 140.95124,
10.383510, 139.89500, 26.808142, 141.76314, 141.76238,
10.391530, 114.29520, 24.260239, 142.58263, 142.58239,
10.399560, 171.57133, 48.847351, 143.41327, 143.41330,
10.407580, 119.41961, 37.401875, 144.25319, 144.25319,
10.415600, 137.99978, 36.706924, 145.10332, 145.10299,
10.423620, 177.98002, 39.966595, 145.96374, 145.96278,
10.431640, 145.14939, 38.325050, 146.83405, 146.83221,
10.439650, 224.16260, 39.883266, 147.71312, 147.71018,
10.447670, 191.26846, 38.834316, 148.60297, 148.59873,
10.455680, 148.10993, 36.683731, 149.50111, 149.49540,
10.463700, 179.40635, 36.371307, 150.40970, 150.40238,
10.471710, 232.43071, 42.450787, 151.32620, 151.31716,
10.479720, 136.54110, 39.254211, 152.25162, 152.24078,
10.487730, 211.30165, 41.442795, 153.18580, 153.17307,
10.495730, 268.69760, 46.400043, 154.12743, 154.11279,
10.503740, 359.54455, 54.705402, 155.07861, 155.06202,
10.511750, 464.12069, 59.134304, 156.03806, 156.01950,
10.519750, 273.26761, 51.643391, 157.00434, 156.98384,
10.527750, 208.78865, 60.392838, 157.97866, 157.95624,
10.535750, 251.87963, 70.784218, 158.96075, 158.93646,
10.543750, 207.65712, 72.355644, 159.95035, 159.92423,
10.551750, 234.87991, 81.287643, 160.94753, 160.91966,
10.559750, -22.875352, 92.341469, 161.95191, 161.92237,
10.567850, 219.98176, 28.345068, 162.97629, 162.94515,
10.576350, 174.74859, 27.627207, 164.05894, 164.02623,
10.584840, 179.96720, 29.227587, 165.14799, 165.11385,
10.593340, 227.48942, 27.197184, 166.24597, 166.21052,
10.601830, 197.89201, 25.757669, 167.34999, 167.31338,
10.610330, 190.77781, 28.055826, 168.46261, 168.42499,
10.618820, 206.07924, 28.601507, 169.58106, 169.54258,
10.627310, 208.87238, 26.476532, 170.70627, 170.66710,
10.635800, 205.27896, 27.780815, 171.83836, 171.79865,
10.644280, 207.30727, 29.813818, 172.97561, 172.93553,
10.652770, 200.43096, 28.345840, 174.12056, 174.08028,
10.661250, 182.06140, 25.580948, 175.27048, 175.23016,
10.669740, 180.89892, 27.989357, 176.42779, 176.38760,
10.678220, 219.50033, 31.025871, 177.58975, 177.54986,
10.686700, 189.57215, 28.089781, 178.75751, 178.71806,
10.695180, 242.94739, 29.387436, 179.93091, 179.89207,
10.703650, 211.15884, 30.622147, 181.10847, 181.07039,
10.712130, 206.90514, 31.642401, 182.29257, 182.25540,
10.720600, 222.42726, 29.563013, 183.48067, 183.44455,
10.729080, 190.75302, 29.967087, 184.67517, 184.64023,
10.737550, 190.10235, 32.142082, 185.87309, 185.83946,
10.746020, 186.45680, 30.531260, 187.07592, 187.04370,
10.754490, 217.85521, 31.001350, 188.28324, 188.25255,
10.762960, 176.00310, 30.399576, 189.49518, 189.46611,
10.771420, 180.36778, 34.462536, 190.70983, 190.68246,
10.779890, 215.17269, 34.692852, 191.93033, 191.90475,
10.788350, 247.48174, 36.827854, 193.15340, 193.12966,
10.796810, 194.34701, 37.076580, 194.38040, 194.35855,
10.805270, 239.50820, 41.866604, 195.61121, 195.59128,
10.813730, 221.46013, 39.569874, 196.84570, 196.82771,
10.822190, 186.45085, 37.930515, 198.08373, 198.06768,
10.830650, 234.91362, 44.426563, 199.32517, 199.31106,
10.839100, 261.48601, 48.532032, 200.56836, 200.55616,
10.847560, 204.39906, 42.687042, 201.81625, 201.80591,
10.856010, 225.84850, 46.410583, 203.06576, 203.05722,
10.864460, 239.81968, 54.585785, 204.31803, 204.31122,
10.872910, 268.45512, 57.879929, 205.57307, 205.56789,
10.881360, 184.44116, 51.159485, 206.83091, 206.82724,
10.889800, 195.05359, 55.717182, 208.08970, 208.08742,
10.898250, 177.92174, 61.157520, 209.35233, 209.35127,
10.906690, 195.70620, 63.567078, 210.61581, 210.61581,
10.915140, 253.11635, 62.518055, 211.88304, 211.88391,
10.923580, 231.28117, 72.008339, 213.15082, 213.15238,
10.932020, 338.41123, 85.948738, 214.42071, 214.42279,
10.940460, 330.22043, 82.489037, 215.69267, 215.69512,
10.948890, 295.26204, 86.270164, 216.96511, 216.96778,
10.957330, 321.09946, 97.108513, 218.24115, 218.24391,
10.965760, 384.64333, 98.091919, 219.51774, 219.52047,
10.974200, 333.03299, 104.87286, 220.79776, 220.80034,
10.982630, 330.44256, 97.793030, 222.07814, 222.08047,
10.991060, 218.53534, 118.06232, 223.36059, 223.36258,
10.999490, 420.47966, 125.79481, 224.64479, 224.64636,
11.007920, 327.73027, 130.60368, 225.93103, 225.93210,
11.016340, 401.61290, 141.47984, 227.21752, 227.21802,
11.024770, 542.77133, 157.30228, 228.50731, 228.50719,
11.033190, 52.857158, 219.36812, 229.79745, 229.79666,
11.041610, 369.33534, 200.89372, 231.08939, 231.08789,
11.050030, 255.37485, 101.49966, 232.38310, 232.38086,
11.058450, 317.24566, 127.42466, 233.67857, 233.67555,
11.066870, 351.65351, 32.005131, 234.97578, 234.97197,
11.075290, 358.89253, 36.348988, 236.27471, 236.27009,
11.083700, 512.57525, 241.79591, 237.57386, 237.56843,
11.092120, 328.74670, 50.646713, 238.87618, 238.86993,
11.100530, 516.55474, 166.79692, 240.17853, 240.17147,
11.108940, 378.77910, 64.402962, 241.48268, 241.47482,
11.117350, 422.86207, 78.363579, 242.78831, 242.77967,
11.120570, 395.83621, 30.880119, 243.28875, 243.27981,
11.129530, 415.55192, 29.342661, 244.68225, 244.67251,
11.138500, 474.90203, 29.932016, 246.07919, 246.06867,
11.147460, 535.20656, 32.392174, 247.47629, 247.46504,
11.156430, 636.09152, 34.369919, 248.87681, 248.86485,
11.165390, 754.46405, 34.409374, 250.27745, 250.26484,
11.174350, 914.30785, 36.111584, 251.67982, 251.66661,
11.183300, 1039.9097, 40.070019, 253.08244, 253.06867,
11.192260, 1201.8809, 42.438290, 254.48825, 254.47399,
11.201220, 1251.0360, 40.850391, 255.89577, 255.88107,
11.210170, 1280.0985, 40.520916, 257.30346, 257.28840,
11.219120, 1239.7820, 42.273335, 258.71283, 258.69745,
11.228070, 1229.0716, 41.862118, 260.12385, 260.10823,
11.237020, 1268.7734, 39.608547, 261.53635, 261.52057,
11.245970, 1221.9601, 39.407654, 262.95064, 262.93477,
11.254920, 1165.1196, 39.634480, 264.36655, 264.35065,
11.263860, 1183.3273, 39.620350, 265.78240, 265.76655,
11.272800, 1161.7278, 37.283894, 267.20000, 267.18427,
11.281750, 1137.9348, 37.559315, 268.62054, 268.60501,
11.290690, 1061.8244, 37.658718, 270.04129, 270.02604,
11.299630, 1055.6252, 37.312187, 271.46346, 271.44856,
11.308560, 1008.1893, 35.303528, 272.88566, 272.87119,
11.317500, 949.80735, 34.469700, 274.31092, 274.29696,
11.326430, 917.84349, 35.593472, 275.73621, 275.72283,
11.335370, 900.75044, 35.027130, 277.16454, 277.15182,
11.344300, 834.24507, 32.523342, 278.59288, 278.58088,
11.353230, 862.49232, 33.421124, 280.02273, 280.01152,
11.362160, 806.52080, 34.333103, 281.45394, 281.44359,
11.371080, 749.67155, 32.684753, 282.88527, 282.87586,
11.380010, 732.15181, 31.437860, 284.31948, 284.31106,
11.388930, 734.95409, 31.886566, 285.75380, 285.74644,
11.397850, 684.04021, 32.806499, 287.18945, 287.18321,
11.406780, 693.24632, 32.892933, 288.62828, 288.62321,
11.415700, 653.18412, 30.895132, 290.06690, 290.06305,
11.424610, 641.77091, 31.502495, 291.50545, 291.50288,
11.433530, 619.56791, 32.983501, 292.94702, 292.94576,
11.442450, 604.74579, 32.461330, 294.39006, 294.39016,
11.451360, 589.39143, 30.733971, 295.83302, 295.83452,
11.460270, 573.23636, 31.783401, 297.27745, 297.28037,
11.469180, 565.67728, 33.103199, 298.72335, 298.72771,
11.478090, 543.24269, 33.318325, 300.17071, 300.17655,
11.487000, 540.12393, 31.909187, 301.61953, 301.62686,
11.495910, 529.18735, 32.698360, 303.06967, 303.07849,
11.504810, 488.11806, 33.423489, 304.51987, 304.53019,
11.513710, 506.10731, 34.509785, 305.97138, 305.98319,
11.522620, 497.61411, 31.981558, 307.42607, 307.43937,
11.531520, 466.51194, 29.835073, 308.88052, 308.89529,
11.540420, 468.85386, 36.103031, 310.33643, 310.35266,
11.549310, 495.42748, 37.398670, 311.79226, 311.80990,
11.558210, 470.11796, 35.581692, 313.25128, 313.27030,
11.567100, 465.23271, 36.139706, 314.70991, 314.73026,
11.576000, 449.60800, 38.642216, 316.17190, 316.19353,
11.584890, 477.92062, 44.391216, 317.63365, 317.65650,
11.593780, 449.53320, 38.419872, 319.09674, 319.12074,
11.602670, 396.38554, 37.367161, 320.56148, 320.58655,
11.611560, 408.53192, 40.359249, 322.02773, 322.05377,
11.620440, 385.96230, 40.805252, 323.49375, 323.52067,
11.629330, 392.57126, 40.548389, 324.96302, 324.99072,
11.638210, 457.07832, 42.406406, 326.43224, 326.46059,
11.647090, 378.38711, 43.311550, 327.90282, 327.93170,
11.655970, 378.60155, 45.061977, 329.37495, 329.40421,
11.664850, 401.25060, 35.779427, 330.84877, 330.87827,
11.673730, 394.79468, 26.341623, 332.32400, 332.35357,
11.682600, 412.85452, 29.417480, 333.79919, 333.82867,
11.691480, 389.47771, 30.055170, 335.27755, 335.30675,
11.700350, 411.26785, 31.291855, 336.75591, 336.78463,
11.709220, 393.02583, 31.621653, 338.23585, 338.26388,
11.718090, 368.97091, 31.453619, 339.71739, 339.74453,
11.726960, 378.41042, 33.962963, 341.20055, 341.22655,
11.735830, 400.05928, 35.021427, 342.68534, 342.70995,
11.744690, 380.14106, 36.245441, 344.17001, 344.19297,
11.753560, 369.74931, 35.031551, 345.65808, 345.67912,
11.762420, 353.21829, 37.588505, 347.14606, 347.16489,
11.771280, 414.79193, 60.632442, 348.63588, 348.65220,
11.775020, 365.62892, 26.190386, 349.26512, 349.28029,
11.784500, 388.13346, 27.786837, 350.86181, 350.87378,
11.793980, 372.14329, 26.847841, 352.46029, 352.46869,
11.803460, 327.83477, 23.660955, 354.06092, 354.06533,
11.812940, 361.49086, 24.296289, 355.66338, 355.66338,
11.822420, 350.02653, 25.012182, 357.26788, 357.26302,
11.831890, 366.82147, 25.235205, 358.87169, 358.86157,
11.841360, 395.62782, 24.873053, 360.47567, 360.45992,
11.850840, 393.90383, 24.090998, 362.08052, 362.05880,
11.860310, 404.32840, 25.125221, 363.68208, 363.65409,
11.869770, 423.88145, 25.641813, 365.27943, 365.24493,
11.879240, 434.17704, 25.011312, 366.87489, 366.83363,
11.888710, 432.34759, 24.090261, 368.46590, 368.41771,
11.898170, 404.81912, 24.073029, 370.04995, 369.99470,
11.907630, 435.33323, 25.352463, 371.62756, 371.56514,
11.917090, 427.57891, 24.217630, 373.19812, 373.12847,
11.926550, 444.35116, 23.894129, 374.76039, 374.68350,
11.936010, 446.42447, 24.322592, 376.31375, 376.22965,
11.945470, 436.63155, 25.000097, 377.85695, 377.76571,
11.954920, 464.87596, 25.020266, 379.38767, 379.28943,
11.964370, 430.65012, 23.604364, 380.90654, 380.80146,
11.973830, 444.03064, 23.753908, 382.41428, 382.30259,
11.983280, 458.47804, 25.024673, 383.90659, 383.78859,
11.992720, 457.89495, 24.840532, 385.38257, 385.25861,
12.002170, 446.27171, 23.892820, 386.84456, 386.71503,
12.011610, 425.68349, 23.537781, 388.28848, 388.15387,
12.021060, 430.09456, 24.744272, 389.71629, 389.57714,
12.030500, 432.25752, 24.777822, 391.12414, 390.98106,
12.039940, 451.54646, 24.556208, 392.51236, 392.36604,
12.049380, 437.45034, 23.989784, 393.88026, 393.73147,
12.058820, 410.05481, 24.642725, 395.22657, 395.07616,
12.068250, 457.45543, 26.379013, 396.54911, 396.39802,
12.077690, 433.95268, 25.100782, 397.84968, 397.69895,
12.087120, 418.67183, 24.224388, 399.12439, 398.97515,
12.096550, 435.38187, 25.805399, 400.37367, 400.22716,
12.105980, 419.74936, 26.265348, 401.59651, 401.45407,
12.115410, 431.96589, 26.517838, 402.79188, 402.65497,
12.124830, 397.84709, 24.914816, 403.95756, 403.82775,
12.134260, 408.65296, 26.062887, 405.09488, 404.97387,
12.143680, 410.88393, 27.611984, 406.20036, 406.08998,
12.153100, 439.57699, 28.778452, 407.27433, 407.17655,
12.162520, 389.35617, 25.414581, 408.31560, 408.23254,
12.171940, 414.93513, 27.719055, 409.32298, 409.25689,
12.181360, 418.83844, 28.980005, 410.29559, 410.24890,
12.190770, 400.18376, 29.808578, 411.23117, 411.20645,
12.200180, 417.87505, 29.416307, 412.12973, 412.12973,
12.209600, 410.02489, 29.086035, 412.99136, 413.01898,
12.219010, 413.72648, 30.868011, 413.81450, 413.87241,
12.228420, 380.21981, 31.137503, 414.60077, 414.69142,
12.237820, 417.60170, 32.092617, 415.34996, 415.47554,
12.247230, 431.82699, 32.441364, 416.06436, 416.22693,
12.256630, 429.07674, 33.407597, 416.74305, 416.94434,
12.266040, 541.52955, 38.231453, 417.38798, 417.62964,
12.275440, 775.65479, 44.051189, 417.99843, 418.28179,
12.284840, 642.27022, 41.000332, 418.57556, 418.90182,
12.294230, 425.61357, 36.365185, 419.11953, 419.48965,
12.303630, 470.53965, 50.667877, 419.63185, 420.04672,
12.313030, 464.61780, 41.791897, 420.11261, 420.57288,
12.322420, 474.71041, 40.528625, 420.56177, 421.06789,
12.331810, 486.58476, 32.839329, 420.98042, 421.53273,
12.341200, 474.56830, 27.435022, 421.36904, 421.96772,
12.350590, 447.68597, 27.697044, 421.72813, 422.37323,
12.359980, 480.80639, 29.658346, 422.05817, 422.74958,
12.369360, 498.28691, 29.566977, 422.35933, 423.09679,
12.378750, 455.86530, 28.926981, 422.63271, 423.41588,
12.388130, 490.03943, 30.022661, 422.87818, 423.70655,
12.397510, 482.30520, 32.018208, 423.09647, 423.96942,
12.406890, 481.73823, 32.707081, 423.28806, 424.20489,
12.416270, 507.80627, 34.370647, 423.45335, 424.41324,
12.425640, 469.65569, 33.231541, 423.59261, 424.59460,
12.435020, 487.09509, 36.212032, 423.70657, 424.74968,
12.444390, 512.79574, 36.266109, 423.79537, 424.87846,
12.453760, 521.76884, 34.968189, 423.85954, 424.98142,
12.463130, 517.92647, 36.440037, 423.89947, 425.05888,
12.472500, 526.79129, 41.173092, 423.91554, 425.11112,
12.481870, 516.48379, 48.130932, 423.90811, 425.13845,
12.489420, 554.88056, 30.463541, 423.88528, 425.14255,
12.499490, 546.96245, 30.962488, 423.83177, 425.12341,
12.509550, 555.95635, 29.839170, 423.75239, 425.07651,
12.519610, 546.16790, 28.392220, 423.64752, 425.00222,
12.529670, 556.12775, 28.469309, 423.51758, 424.90090,
12.539730, 584.24327, 30.308945, 423.36297, 424.77286,
12.549780, 601.88894, 31.127161, 423.18426, 424.61864,
12.559840, 587.41803, 28.347214, 422.98149, 424.43825,
12.569890, 603.17604, 28.175314, 422.75544, 424.23240,
12.579940, 623.70403, 29.574114, 422.50629, 424.00125,
12.589990, 628.68766, 29.404726, 422.23438, 423.74513,
12.600040, 652.20247, 29.108957, 421.94004, 423.46433,
12.610090, 647.93269, 27.977827, 421.62367, 423.15923,
12.620130, 685.71807, 31.031935, 421.28593, 422.83047,
12.630170, 654.75162, 28.830002, 420.92679, 422.47803,
12.640210, 637.35740, 28.606752, 420.54661, 422.10224,
12.650250, 640.47428, 27.400133, 420.14569, 421.70342,
12.660290, 628.55436, 26.747583, 419.72436, 421.28190,
12.670330, 640.66509, 27.534433, 419.28285, 420.83791,
12.680360, 648.55131, 28.188730, 418.82196, 420.37229,
12.690390, 644.39734, 27.140799, 418.34154, 419.88486,
12.700420, 697.26477, 27.698227, 417.84178, 419.37588,
12.710450, 695.38582, 27.678177, 417.32307, 418.84573,
12.720480, 707.20252, 29.332743, 416.78560, 418.29464,
12.730500, 672.30950, 26.961296, 416.23016, 417.72346,
12.740530, 689.75886, 27.479223, 415.65593, 417.13136,
12.750550, 674.22410, 26.851128, 415.06425, 416.51976,
12.760570, 666.42455, 27.681360, 414.45486, 415.88842,
12.770590, 683.03292, 28.051157, 413.82787, 415.23751,
12.780610, 696.00297, 28.182922, 413.18355, 414.56735,
12.790620, 697.11457, 28.463745, 412.52281, 413.87893,
12.800640, 828.94445, 29.813246, 411.84447, 413.17107,
12.810650, 1169.8092, 35.889690, 411.15015, 412.44552,
12.820660, 892.88789, 32.103466, 410.43933, 411.70180,
12.830670, 611.52300, 26.472296, 409.71213, 410.94008,
12.840680, 596.54605, 26.586281, 408.96887, 410.16076,
12.850680, 537.91975, 26.248665, 408.21037, 409.36480,
12.860690, 524.25755, 26.668167, 407.43537, 408.55090,
12.870690, 496.11619, 25.513891, 406.64549, 407.72088,
12.880690, 488.55789, 25.044312, 405.84023, 406.87429,
12.890690, 469.37852, 25.239832, 405.01960, 406.01119,
12.900680, 450.15383, 25.393805, 404.18470, 405.13285,
12.910680, 455.97792, 26.019323, 403.33391, 404.23764,
12.920670, 431.75659, 24.749155, 402.46914, 403.32768,
12.930670, 425.31868, 24.886347, 401.58871, 402.40129,
12.940660, 397.42281, 24.970016, 400.69450, 401.46055,
12.950640, 413.32789, 26.771070, 399.78684, 400.50590,
12.960630, 371.72170, 25.274042, 398.86377, 399.53539,
12.970620, 390.63119, 25.441397, 397.92650, 398.55041,
12.980600, 401.44468, 26.333216, 396.97597, 397.55205,
12.990580, 366.21337, 27.018652, 396.01147, 396.53970,
13.000560, 383.20065, 27.447321, 395.03291, 395.51337,
13.010540, 378.54687, 31.293070, 394.04048, 394.47337,
13.020520, 392.76658, 31.416222, 393.03423, 393.41992,
13.030490, 402.01059, 29.074570, 392.01534, 392.35434,
13.040470, 384.78147, 30.231054, 390.98172, 391.27461,
13.050440, 375.86430, 30.131117, 389.93562, 390.18320,
13.060410, 393.58403, 30.645029, 388.87601, 389.07918,
13.070380, 387.23247, 30.487267, 387.80284, 387.96265,
13.080350, 410.61982, 33.480915, 386.71637, 386.83403,
13.090310, 385.81731, 33.844746, 385.61759, 385.69449,
13.100280, 363.59501, 33.193027, 384.50446, 384.54205,
13.110240, 387.68330, 33.762623, 383.37912, 383.37912,
13.120200, 384.41325, 35.678478, 382.24066, 382.20486,
13.130160, 395.38673, 37.491726, 381.08964, 381.01981,
13.140110, 368.03246, 29.735407, 379.92795, 379.82584,
13.150070, 395.08334, 23.720678, 378.75378, 378.62106,
13.160020, 395.60470, 24.328484, 377.57028, 377.40859,
13.169980, 386.46963, 27.928305, 376.37558, 376.18650,
13.179930, 393.01381, 26.716850, 375.17285, 374.95796,
13.189870, 382.90207, 27.394270, 373.96263, 373.72348,
13.199820, 371.73502, 26.764517, 372.74325, 372.48129,
13.209770, 391.65220, 27.618063, 371.51637, 371.23306,
13.219710, 348.19782, 26.284851, 370.28404, 369.98082,
13.229650, 383.87587, 29.095606, 369.04572, 368.72399,
13.239590, 379.93245, 29.911566, 367.80179, 367.46293,
13.249530, 379.38834, 28.986685, 366.55300, 366.19834,
13.259470, 357.03882, 27.867844, 365.29997, 364.93082,
13.269410, 380.87893, 31.635118, 364.04331, 363.66097,
13.279340, 338.40341, 33.915859, 362.78497, 362.39074,
13.289270, 337.87784, 34.784939, 361.52412, 361.11924,
13.299200, 415.96663, 37.932713, 360.26161, 359.84733,
13.309130, 360.40474, 37.625141, 358.99795, 358.57546,
13.318260, 367.63071, 25.996246, 357.83548, 357.40652,
13.328980, 371.13853, 24.947266, 356.47066, 356.03535,
13.339690, 383.67170, 25.623301, 355.10796, 354.66766,
13.350400, 366.56217, 26.016846, 353.74681, 353.30285,
13.361120, 380.20372, 26.154795, 352.38666, 351.94032,
13.371830, 377.32518, 24.504019, 351.03092, 350.58349,
13.382530, 378.60377, 24.126831, 349.68025, 349.23298,
13.393240, 365.24265, 24.790411, 348.33300, 347.88713,
13.403940, 359.09883, 24.862787, 346.99236, 346.54907,
13.414650, 402.50556, 28.499258, 345.65670, 345.21717,
13.425350, 353.55812, 22.724127, 344.32919, 343.89456,
13.436050, 360.70098, 22.951254, 343.00941, 342.58080,
13.446740, 358.43748, 23.102213, 341.69943, 341.27790,
13.457440, 381.42659, 24.435104, 340.39746, 339.98407,
13.468130, 366.07170, 22.526131, 339.10685, 338.70259,
13.478830, 390.06062, 22.703184, 337.82585, 337.43171,
13.489520, 383.10030, 25.554001, 336.55778, 336.17467,
13.500200, 430.37513, 24.270197, 335.30329, 334.93208,
13.510890, 372.89824, 22.594549, 334.06095, 333.70248,
13.521570, 363.77182, 21.557327, 332.83379, 332.48883,
13.532260, 394.71259, 21.530760, 331.62042, 331.28973,
13.542940, 390.81404, 21.763939, 330.42385, 330.10807,
13.553620, 382.39485, 22.508860, 329.24381, 328.94355,
13.564290, 383.77723, 22.108238, 328.08227, 327.79806,
13.574970, 387.73426, 21.535204, 326.93780, 326.67012,
13.585640, 365.32208, 20.300446, 325.81347, 325.56270,
13.596320, 356.36752, 20.938643, 324.70796, 324.47443,
13.606990, 377.34841, 21.831011, 323.62428, 323.40820,
13.617650, 381.09641, 21.893766, 322.56316, 322.36466,
13.628320, 365.70747, 20.648546, 321.52359, 321.34272,
13.638980, 352.28206, 20.493666, 320.50830, 320.34499,
13.649650, 363.28059, 21.211103, 319.51639, 319.37048,
13.660310, 366.34186, 22.059616, 318.55054, 318.42174,
13.670970, 336.40385, 22.139700, 317.61076, 317.49866,
13.681630, 349.98407, 20.785093, 316.69799, 316.60207,
13.692280, 324.04658, 20.631111, 315.81403, 315.73360,
13.702940, 321.83735, 20.987875, 314.95808, 314.89236,
13.713590, 327.56692, 22.228922, 314.13280, 314.08081,
13.724240, 346.76295, 21.908279, 313.33823, 313.29887,
13.734890, 334.78513, 21.660875, 312.57550, 312.54749,
13.745530, 330.74379, 21.838888, 311.84618, 311.82806,
13.756180, 334.07498, 22.620569, 311.14997, 311.14012,
13.766820, 307.68043, 22.886953, 310.48915, 310.48573,
13.777460, 313.33950, 23.087908, 309.86411, 309.86512,
13.788100, 338.33948, 22.724030, 309.27592, 309.27911,
13.798740, 295.67781, 22.096720, 308.72563, 308.72857,
13.809380, 290.91660, 23.058832, 308.21438, 308.21438,
13.820010, 303.98382, 23.906418, 307.74318, 307.73741,
13.830640, 312.15420, 24.040581, 307.31072, 307.29652,
13.841270, 306.27746, 23.870325, 306.91563, 306.89057,
13.851900, 327.40638, 24.695227, 306.55670, 306.51856,
13.862530, 313.01777, 61.455978, 306.23261, 306.17940,
13.873150, 323.99130, 26.498957, 305.94237, 305.87232,
13.883780, 305.08999, 26.458771, 305.68421, 305.59571,
13.894400, 298.74814, 25.917078, 305.45737, 305.34904,
13.905020, 304.46756, 27.004961, 305.26039, 305.13100,
13.915640, 319.52854, 28.645308, 305.09208, 304.94058,
13.926250, 365.68300, 30.538042, 304.95136, 304.77689,
13.936870, 339.86195, 30.114649, 304.83681, 304.63862,
13.947480, 341.65587, 29.044670, 304.74746, 304.52498,
13.958090, 328.71327, 30.535309, 304.68205, 304.43486,
13.968700, 320.26659, 30.337845, 304.63944, 304.36723,
13.979310, 326.48939, 29.126015, 304.61850, 304.32109,
13.989910, 320.29718, 29.117380, 304.61809, 304.29547,
14.000520, 334.09766, 31.561300, 304.63710, 304.28932,
14.011120, 314.82579, 33.573795, 304.67438, 304.30166,
14.021720, 319.05429, 35.523373, 304.72886, 304.33149,
14.032320, 355.28638, 38.503815, 304.79945, 304.37783,
14.042920, 308.19988, 35.701996, 304.88505, 304.43970,
14.053510, 316.24889, 36.575333, 304.98449, 304.51603,
14.064110, 354.55426, 39.031994, 305.09690, 304.60600,
14.074700, 342.11869, 40.634045, 305.22100, 304.70847,
14.085290, 365.51655, 43.915424, 305.35582, 304.82253,
14.095870, 335.63307, 31.051336, 305.50018, 304.94711,
14.106460, 309.95598, 24.442343, 305.65329, 305.08147,
14.117040, 349.24564, 25.629675, 305.81384, 305.22440,
14.127630, 353.02000, 27.335352, 305.98108, 305.37521,
14.138210, 315.45172, 28.135658, 306.15365, 305.53264,
14.148790, 343.63839, 29.146246, 306.33067, 305.69589,
14.159370, 326.18743, 27.794580, 306.51112, 305.86398,
14.169940, 323.33986, 28.897949, 306.69378, 306.03579,
14.180520, 292.63776, 52.769863, 306.87797, 306.21071,
14.182090, 382.01265, 27.175634, 306.90536, 306.23686,
14.193560, 408.11566, 29.045837, 307.10533, 306.42892,
14.205030, 369.91948, 26.282160, 307.30423, 306.62195,
14.216500, 363.52964, 27.353926, 307.50069, 306.81469,
14.227970, 371.37021, 26.957954, 307.69342, 307.00593,
14.239430, 365.37254, 25.271164, 307.88095, 307.19432,
14.250890, 357.29642, 23.612038, 308.06212, 307.37877,
14.262350, 342.81460, 24.642868, 308.23563, 307.55811,
14.273810, 324.35055, 23.986389, 308.40015, 307.73109,
14.285270, 342.68747, 24.780067, 308.55435, 307.89649,
14.296730, 344.22595, 22.951159, 308.69690, 308.05312,
14.308180, 324.94141, 21.936056, 308.82637, 308.19961,
14.319630, 336.10758, 22.709146, 308.94153, 308.33489,
14.331080, 331.81015, 23.870087, 309.04105, 308.45774,
14.342530, 331.32869, 23.703211, 309.12357, 308.56694,
14.353970, 343.19744, 22.373713, 309.18768, 308.66117,
14.365410, 331.87290, 21.601822, 309.23210, 308.73933,
14.376860, 326.76351, 21.962738, 309.25546, 308.80022,
14.388300, 297.41405, 22.404909, 309.25633, 308.84251,
14.399730, 330.26030, 23.143448, 309.23338, 308.86501,
14.411170, 298.44231, 20.986757, 309.18516, 308.86653,
14.422600, 323.76262, 21.188192, 309.11033, 308.84582,
14.434030, 316.60071, 21.053686, 309.00745, 308.80165,
14.445460, 315.26294, 22.201385, 308.87504, 308.73278,
14.456890, 310.30043, 21.858030, 308.71169, 308.63794,
14.468320, 303.41788, 20.763395, 308.51590, 308.51590,
14.479740, 303.89535, 19.528854, 308.28698, 308.36594,
14.491160, 309.70291, 19.771677, 308.02618, 308.18878,
14.502580, 314.40089, 21.284231, 307.73548, 307.98568,
14.514000, 315.49551, 21.240837, 307.41678, 307.75782,
14.525420, 316.30465, 20.678616, 307.07205, 307.50643,
14.536830, 310.97615, 18.983946, 306.70356, 307.23298,
14.548240, 308.51720, 19.336185, 306.31290, 306.93848,
14.559650, 300.60605, 19.875826, 305.90194, 306.62408,
14.571060, 276.54049, 19.838669, 305.47264, 306.29105,
14.582470, 324.12898, 20.540098, 305.02683, 305.94055,
14.593870, 311.74296, 20.851477, 304.56679, 305.57409,
14.605270, 299.74018, 19.253382, 304.09399, 305.19257,
14.616670, 281.03955, 19.300352, 303.61034, 304.79721,
14.628070, 310.28543, 22.539810, 303.11760, 304.38912,
14.639470, 292.75299, 20.388075, 302.61766, 303.96952,
14.650860, 312.42675, 19.957367, 302.11281, 303.53998,
14.662260, 312.74664, 20.250269, 301.60397, 303.10089,
14.673650, 289.57074, 20.071974, 301.09391, 302.65423,
14.685040, 317.53223, 22.076895, 300.58393, 302.20073,
14.696420, 305.95188, 22.023626, 300.07643, 301.74205,
14.707810, 309.19442, 21.540991, 299.57222, 301.27845,
14.719190, 303.59228, 21.522978, 299.07413, 300.81201,
14.730570, 297.92334, 21.508371, 298.58345, 300.34341,
14.741950, 310.72732, 23.351480, 298.10204, 299.87383,
14.753330, 314.69607, 23.668589, 297.63176, 299.40444,
14.764700, 329.93178, 22.182770, 297.17485, 298.93684,
14.776080, 298.42407, 20.974562, 296.73233, 298.47133,
14.787450, 297.73252, 22.588343, 296.30686, 298.00991,
14.798820, 298.88340, 24.245703, 295.89988, 297.55334,
14.810190, 305.84134, 24.283621, 295.51323, 297.10271,
14.821550, 317.91298, 24.365049, 295.14916, 296.65966,
14.832920, 293.45144, 23.456556, 294.80890, 296.22454,
14.844280, 286.45485, 22.848595, 294.49491, 295.79927,
14.855640, 281.42162, 24.365646, 294.20882, 295.38463,
14.866990, 293.00744, 25.119928, 293.95276, 294.98215,
14.878350, 260.15113, 24.475744, 293.72818, 294.59227,
14.889710, 309.26233, 25.403986, 293.53730, 294.21652,
14.901060, 302.52655, 24.723425, 293.38220, 293.85641,
14.912410, 307.30334, 26.327957, 293.26467, 293.51274,
14.923760, 261.12137, 25.890905, 293.18669, 293.18669,
14.935100, 293.03325, 28.217875, 293.14980, 292.87950,
14.946450, 301.94893, 27.967890, 293.15346, 292.59055,
14.957790, 323.03619, 28.204712, 293.19672, 292.32016,
14.969130, 294.25919, 28.828880, 293.27861, 292.06782,
14.980470, 308.28899, 30.079809, 293.39825, 291.83325,
14.991810, 323.69201, 32.253185, 293.55473, 291.61624,
15.003140, 255.75065, 30.155222, 293.74698, 291.41671,
15.014480, 299.11730, 30.302765, 293.97447, 291.23411,
15.025810, 277.34532, 31.309044, 294.23599, 291.06849,
15.037140, 289.21441, 32.291977, 294.53086, 290.91950,
15.048460, 300.79438, 35.426037, 294.85798, 290.78699,
15.059790, 262.29803, 34.422836, 295.21713, 290.67053,
15.071110, 313.50360, 34.822598, 295.60691, 290.57010,
15.082440, 293.29333, 25.848145, 296.02725, 290.48531,
15.093750, 288.88932, 21.202820, 296.47618, 290.41616,
15.105070, 316.96382, 23.054895, 296.95419, 290.36223,
15.116390, 293.42053, 23.679771, 297.46015, 290.32339,
15.127700, 277.68308, 23.087873, 297.99283, 290.29946,
15.139020, 298.03635, 25.550863, 298.55253, 290.29018,
15.150330, 291.26204, 24.943428, 299.13753, 290.29538,
15.162390, 269.85000, 27.862724, 299.78902, 290.31665,
15.174730, 324.02371, 27.993101, 300.48441, 290.35496,
15.187070, 292.99688, 27.380705, 301.20798, 290.40977,
15.199410, 311.38247, 28.553770, 301.95902, 290.48084,
15.211740, 299.37727, 27.345289, 302.73594, 290.56785,
15.224080, 334.98722, 39.825634, 303.53938, 290.67072,
15.236410, 301.93172, 35.045116, 304.36713, 290.78904,
15.248740, 342.87109, 35.758446, 305.21911, 290.92265,
15.261060, 306.98621, 34.869308, 306.09381, 291.07122,
15.273390, 317.83758, 33.528446, 306.99197, 291.23475,
15.285710, 300.12908, 26.379150, 307.91142, 291.41278,
15.298030, 338.45717, 33.207581, 308.85205, 291.60520,
15.310350, 304.62593, 29.676065, 309.81332, 291.81181,
15.322660, 307.97160, 31.030237, 310.79361, 292.03221,
15.334980, 295.80557, 30.850922, 311.79384, 292.26655,
15.347290, 298.63076, 31.631372, 312.81180, 292.51425,
15.359600, 318.25103, 28.776726, 313.84760, 292.77530,
15.371900, 307.35659, 28.113525, 314.89968, 293.04926,
15.384210, 321.91115, 29.960321, 315.96920, 293.33640,
15.396510, 308.28348, 27.921530, 317.05381, 293.63606,
15.408810, 335.85738, 31.830719, 318.15361, 293.94826,
15.421110, 290.17705, 26.891806, 319.26817, 294.27284,
15.433410, 306.24898, 24.664083, 320.39672, 294.60958,
15.445700, 302.68410, 24.719862, 321.53792, 294.95804,
15.457990, 367.01612, 26.919090, 322.69233, 295.31831,
15.470280, 319.50203, 27.513010, 323.85970, 295.69021,
15.482570, 327.50562, 25.478765, 325.03980, 296.07356,
15.494860, 344.04967, 24.584177, 326.23241, 296.46819,
15.507140, 322.79312, 22.955042, 327.43636, 296.87361,
15.519420, 327.46977, 23.112467, 328.65226, 297.28994,
15.531700, 410.58922, 25.794159, 329.88010, 297.71706,
15.543980, 902.75902, 33.727402, 331.11947, 298.15475,
15.556260, 1200.3075, 37.828220, 332.37039, 298.60292,
15.568530, 578.96590, 26.825943, 333.63148, 299.06098,
15.580800, 345.58008, 21.964478, 334.90362, 299.52916,
15.593070, 320.14999, 22.290565, 336.18664, 300.00730,
15.605340, 345.71553, 23.352484, 337.48038, 300.49525,
15.617600, 342.57050, 22.489920, 338.78363, 300.99248,
15.629860, 351.23428, 21.348009, 340.09716, 301.49917,
15.642120, 354.33532, 20.138060, 341.42100, 302.01525,
15.654380, 338.17826, 35.341797, 342.75481, 302.54051,
15.666640, 326.60544, 34.312611, 344.09866, 303.07488,
15.678890, 345.74402, 33.496746, 345.45113, 303.61771,
15.691140, 376.69679, 34.343990, 346.81326, 304.16933,
15.703390, 340.09913, 30.451517, 348.18491, 304.72960,
15.715640, 379.17867, 31.548132, 349.56596, 305.29839,
15.727890, 339.28244, 30.398651, 350.95630, 305.87556,
15.740130, 401.81739, 33.091652, 352.35473, 306.46052,
15.752370, 370.69153, 30.187668, 353.76211, 307.05355,
15.764610, 361.84640, 29.475210, 355.17857, 307.65461,
15.776850, 374.59803, 31.293022, 356.60378, 308.26349,
15.789090, 354.40059, 29.262777, 358.03788, 308.88016,
15.801320, 373.37955, 30.233648, 359.47943, 309.50391,
15.813550, 350.61623, 31.379578, 360.92959, 310.13514,
15.825780, 370.94675, 30.201365, 362.38827, 310.77375,
15.838010, 396.20084, 29.653259, 363.85541, 311.41961,
15.850230, 367.68400, 28.905594, 365.32978, 312.07209,
15.862450, 384.80253, 29.258423, 366.81235, 312.73153,
15.874670, 392.85114, 31.619730, 368.30330, 313.39793,
15.886890, 386.89699, 30.313280, 369.80245, 314.07112,
15.899110, 372.28414, 30.442255, 371.30964, 314.75094,
15.911320, 369.06026, 28.109690, 372.82377, 315.43680,
15.923540, 380.41658, 29.581335, 374.34727, 316.12971,
15.935750, 387.91209, 31.168205, 375.87750, 316.82838,
15.947960, 377.99340, 30.707880, 377.41572, 317.53330,
15.960160, 375.85505, 30.054077, 378.96071, 318.24381,
15.972370, 436.13425, 32.635113, 380.51486, 318.96092,
15.984570, 370.80969, 28.898787, 382.07561, 319.68336,
15.996770, 326.48112, 28.057495, 383.64438, 320.41169,
16.008961, 371.72122, 30.327955, 385.21983, 321.14519,
16.021160, 384.81868, 31.134048, 386.80428, 321.88485,
16.033350, 393.61988, 31.539824, 388.39538, 322.62947,
16.045549, 405.61205, 31.145666, 389.99562, 323.38014,
16.057739, 381.82634, 29.822062, 391.60252, 324.13557,
16.069920, 403.76194, 32.153316, 393.21607, 324.89568,
16.082109, 385.24362, 31.372095, 394.83881, 325.66155,
16.094290, 365.99288, 31.186808, 396.46823, 326.43191,
16.106470, 389.42733, 32.602036, 398.10561, 327.20726,
16.118650, 526.42101, 146.61693, 399.75099, 327.98751,
16.130831, 355.48055, 63.104633, 401.40440, 328.77258,
16.143009, 278.97421, 75.874962, 403.06562, 329.56227,
16.155180, 296.40148, 70.848030, 404.73391, 330.35610,
16.167351, 373.23844, 100.42837, 406.41034, 331.15449,
16.179520, 394.22633, 72.328606, 408.09471, 331.95723,
16.191681, 359.69598, 50.906109, 409.78628, 332.76386,
16.203850, 379.11263, 67.076912, 411.48721, 333.57531,
16.216009, 395.56813, 63.627399, 413.19519, 334.39036,
16.228170, 388.32736, 80.716743, 414.91188, 335.20969,
16.240330, 455.82893, 66.750946, 416.63680, 336.03296,
16.252489, 396.86893, 65.255554, 418.37033, 336.86024,
16.264641, 454.56643, 60.007465, 420.11142, 337.69091,
16.276791, 395.96369, 64.174980, 421.86075, 338.52530,
16.288950, 397.32915, 63.890915, 423.61877, 339.36411,
16.301090, 437.59680, 84.221428, 425.37992, 340.20530,
16.313240, 446.21297, 74.100433, 427.14691, 341.05077,
16.325380, 585.19743, 86.214531, 428.91556, 341.89912,
16.337530, 433.50148, 57.020977, 430.68722, 342.75162,
16.349670, 454.77912, 44.334362, 432.45769, 343.60686,
16.361799, 492.90430, 43.732586, 434.22528, 344.46461,
16.373940, 455.93035, 52.184551, 435.99191, 345.32645,
16.386070, 583.30568, 52.128723, 437.75311, 346.19080,
16.398211, 598.58425, 54.767254, 439.51023, 347.05896,
16.410339, 540.18547, 44.455288, 441.25881, 347.92936,
16.422461, 633.44330, 47.967133, 442.99800, 348.80220,
16.434589, 630.08689, 53.572796, 444.72856, 349.67852,
16.446711, 577.61061, 48.610626, 446.44689, 350.55714,
16.458839, 573.02261, 37.797562, 448.15370, 351.43912,
16.470961, 598.55846, 52.661053, 449.84540, 352.32327,
16.483070, 493.21363, 45.394733, 451.52006, 353.20925,
16.495190, 480.92506, 61.205738, 453.17911, 354.09853,
16.500280, 604.59363, 39.475281, 453.87059, 354.47283,
16.513599, 549.02297, 34.975315, 455.66359, 355.45423,
16.526911, 507.29169, 31.337898, 457.43066, 356.43802,
16.540211, 534.13981, 32.559208, 459.16935, 357.42383,
16.553520, 481.83584, 32.182301, 460.88044, 358.41314,
16.566820, 516.09012, 33.866283, 462.55944, 359.40446,
16.580120, 471.03063, 32.632248, 464.20558, 360.39841,
16.593420, 460.90694, 29.715918, 465.81679, 361.39491,
16.606710, 481.15655, 30.184813, 467.38990, 362.39317,
16.620001, 435.99411, 25.592529, 468.92468, 363.39384,
16.633301, 487.86125, 31.395273, 470.42367, 364.39754,
16.646589, 483.58615, 32.083523, 471.88667, 365.40263,
16.659870, 488.18999, 30.774828, 473.31630, 366.40932,
16.673149, 518.46422, 25.738270, 474.71533, 367.41795,
16.686440, 499.87529, 28.369431, 476.08722, 368.42948,
16.699711, 487.24395, 28.382601, 477.43091, 369.44151,
16.712990, 551.63078, 31.987204, 478.75120, 370.45599,
16.726271, 526.54809, 31.510611, 480.04954, 371.47243,
16.739540, 527.59048, 30.276327, 481.32665, 372.48972,
16.752810, 504.47170, 28.481100, 482.58568, 373.50868,
16.766081, 510.41317, 27.898214, 483.82879, 374.52937,
16.779341, 500.13495, 28.573618, 485.05675, 375.55070,
16.792601, 538.81519, 30.667624, 486.27259, 376.57347,
16.805870, 540.51553, 30.437387, 487.47915, 377.59837,
16.819120, 495.57218, 28.550097, 488.67579, 378.62310,
16.832380, 484.34593, 26.238333, 489.86705, 379.64980,
16.845631, 485.21770, 25.199951, 491.05318, 380.67695,
16.858891, 496.43269, 26.393732, 492.23781, 381.70593,
16.872141, 488.84888, 27.556488, 493.42118, 382.73521,
16.885380, 477.44627, 27.531046, 494.60507, 383.76457,
16.898630, 508.64645, 27.752874, 495.79346, 384.79572,
16.911869, 486.28704, 25.667542, 496.98522, 385.82682,
16.925110, 517.73865, 26.739777, 498.17844, 386.85883,
16.938351, 516.75501, 27.832041, 499.36883, 387.89154,
16.951580, 505.41184, 28.940216, 500.55124, 388.92399,
16.964821, 504.46256, 29.125834, 501.72359, 389.95790,
16.978050, 500.39024, 28.259064, 502.87972, 390.99142,
16.991270, 552.94633, 28.565598, 504.01571, 392.02463,
17.004499, 537.89400, 27.078379, 505.12904, 393.05896,
17.017719, 650.80052, 29.648994, 506.21397, 394.09284,
17.030951, 940.37110, 36.128586, 507.26803, 395.12786,
17.044161, 814.31674, 35.735683, 508.28447, 396.16141,
17.057381, 561.06688, 30.060740, 509.26148, 397.19582,
17.070601, 540.59237, 28.526834, 510.19407, 398.23027,
17.083811, 552.48514, 29.254263, 511.07736, 399.26395,
17.097019, 557.30671, 28.694687, 511.90762, 400.29740,
17.110229, 538.09797, 30.471170, 512.68078, 401.33085,
17.123430, 529.51615, 31.323950, 513.39186, 402.36333,
17.136641, 529.22822, 30.385424, 514.03749, 403.39628,
17.149839, 520.55700, 28.806597, 514.61223, 404.42798,
17.163040, 531.20268, 28.859156, 515.11226, 405.45943,
17.176229, 514.27902, 27.439596, 515.53264, 406.48951,
17.189430, 496.15907, 28.583664, 515.86952, 407.51993,
17.202620, 545.10710, 30.681885, 516.11770, 408.54886,
17.215811, 512.82949, 30.123091, 516.27445, 409.57727,
17.229000, 512.21383, 29.220232, 516.34292, 410.60479,
17.242180, 522.04313, 29.607550, 516.32792, 411.63077,
17.255369, 558.09449, 30.694122, 516.23409, 412.65662,
17.268551, 529.09774, 31.447973, 516.06617, 413.68094,
17.281719, 515.52923, 32.224903, 515.82898, 414.70323,
17.294901, 527.06351, 34.723248, 515.52656, 415.72549,
17.308069, 518.72344, 35.186672, 515.16401, 416.74558,
17.321251, 542.10938, 32.957996, 514.74503, 417.76551,
17.334410, 580.81177, 34.150299, 514.27524, 418.78240,
17.347580, 619.91030, 36.541870, 513.75786, 419.79885,
17.360750, 587.97231, 36.226562, 513.19761, 420.81389,
17.373911, 602.08202, 38.784531, 512.59925, 421.82674,
17.387070, 555.00243, 36.884495, 511.96677, 422.83790,
17.400230, 564.51897, 37.318771, 511.30424, 423.84761,
17.413380, 562.33394, 35.532116, 510.61661, 424.85477,
17.426540, 555.06808, 36.184895, 509.90689, 425.86107,
17.439690, 530.26730, 36.373104, 509.18053, 426.86468,
17.452841, 523.13616, 38.895737, 508.44099, 427.86657,
17.465981, 540.53801, 39.294117, 507.69323, 428.86563,
17.479130, 543.75660, 39.828720, 506.94022, 429.86340,
17.492270, 539.48309, 38.995972, 506.18722, 430.85836,
17.505409, 475.50192, 36.781059, 505.43784, 431.85117,
17.518551, 512.07072, 38.594654, 504.69615, 432.84188,
17.531679, 514.79157, 39.903378, 503.96716, 433.82929,
17.544821, 489.62736, 39.707794, 503.25357, 434.81532,
17.557949, 520.21149, 39.963566, 502.56100, 435.79790,
17.571079, 494.21878, 40.109661, 501.89282, 436.77811,
17.584200, 507.03386, 40.502213, 501.25379, 437.75501,
17.597330, 499.62048, 41.450092, 500.64720, 438.72995,
17.610451, 552.71522, 44.147903, 500.07817, 439.70144,
17.623569, 485.06732, 42.904526, 499.55058, 440.66996,
17.636690, 517.42626, 53.970627, 499.06857, 441.63573,
17.649799, 448.59952, 47.536411, 498.63574, 442.59768,
17.662910, 491.53454, 50.068069, 498.25022, 443.55673,
17.676029, 482.49728, 46.051769, 497.90938, 444.51320,
17.689131, 481.39699, 51.103382, 497.61135, 445.46521,
17.702240, 426.60390, 54.262562, 497.35310, 446.41449,
17.715349, 415.60644, 51.738804, 497.13238, 447.36040,
17.728451, 477.37183, 55.375942, 496.94690, 448.30231,
17.741550, 506.55010, 50.768604, 496.79418, 449.24055,
17.754641, 509.72699, 38.577747, 496.67193, 450.17450,
17.767740, 490.88895, 35.722744, 496.57762, 451.10543,
17.780830, 476.09163, 39.099323, 496.50912, 452.03191,
17.793921, 513.48832, 38.411591, 496.46403, 452.95452,
17.807011, 484.34150, 35.011486, 496.44010, 453.87318,
17.820101, 497.56096, 39.012516, 496.43507, 454.78781,
17.833179, 501.65288, 38.404434, 496.44666, 455.69751,
17.846270, 502.42290, 36.973175, 496.47267, 456.60380,
17.859341, 495.83790, 38.226536, 496.51080, 457.50446,
17.872419, 479.39488, 40.928768, 496.55889, 458.40126,
17.885500, 514.02431, 44.852619, 496.61474, 459.29371,
17.898569, 483.69211, 44.394825, 496.67606, 460.18080,
17.911640, 489.17609, 43.648899, 496.74073, 461.06336,
17.924709, 449.16643, 42.310932, 496.80653, 461.94102,
17.937780, 484.50019, 71.353241, 496.87128, 462.81396,
17.941250, 497.86280, 38.844204, 496.88801, 463.04484,
17.955721, 464.98513, 35.539028, 496.95442, 464.00401,
17.970181, 468.02807, 35.099506, 497.01311, 464.95619,
17.984650, 458.54211, 34.840351, 497.06118, 465.90262,
17.999109, 509.67791, 37.001747, 497.09558, 466.84192,
18.013571, 483.23778, 37.303680, 497.11334, 467.77469,
18.028021, 491.86419, 35.529392, 497.11147, 468.69995,
18.042480, 501.45267, 35.431259, 497.08692, 469.61889,
18.056931, 512.99767, 34.761295, 497.03671, 470.53015,
18.071381, 508.68004, 34.899933, 496.95775, 471.43420,
18.085819, 482.56977, 35.861942, 496.84708, 472.33017,
18.100269, 464.29826, 36.317600, 496.70249, 473.21934,
18.114710, 515.68965, 37.158833, 496.52641, 474.10027,
18.129150, 493.96588, 34.650208, 496.32204, 474.97338,
18.143579, 507.84361, 33.532520, 496.09281, 475.83783,
18.158020, 465.10458, 31.103966, 495.84161, 476.69484,
18.172449, 505.13991, 35.210484, 495.57205, 477.54289,
18.186880, 508.00650, 35.880024, 495.28708, 478.38260,
18.201300, 492.89210, 36.147678, 494.99018, 479.21304,
18.215719, 526.23114, 35.783020, 494.68429, 480.03471,
18.230150, 497.24856, 32.053474, 494.37232, 480.84808,
18.244560, 488.68333, 31.079000, 494.05815, 481.65116,
18.258980, 498.29716, 31.096994, 493.74426, 482.44548,
18.273390, 521.36992, 33.339680, 493.43423, 483.22982,
18.287800, 482.14239, 33.713123, 493.13099, 484.00451,
18.302210, 480.90284, 33.098053, 492.83771, 484.76939,
18.316620, 539.92917, 32.958401, 492.55755, 485.52425,
18.331020, 474.01699, 30.670229, 492.29387, 486.26843,
18.345421, 507.52874, 32.279701, 492.04964, 487.00223,
18.359819, 484.57630, 32.362514, 491.82810, 487.72536,
18.374210, 466.71688, 34.017071, 491.63252, 488.43735,
18.388611, 500.90404, 35.121063, 491.46591, 489.13884,
18.403000, 489.35183, 32.912220, 491.33175, 489.82861,
18.417379, 484.77872, 31.109900, 491.23323, 490.50657,
18.431770, 483.57441, 30.691559, 491.17350, 491.17350,
18.446150, 484.32629, 30.309906, 491.15531, 491.82836,
18.460529, 513.83624, 33.744629, 491.17861, 492.47271,
18.474911, 503.14531, 35.337982, 491.24276, 493.10786,
18.489281, 604.64352, 38.145065, 491.34706, 493.73448,
18.503660, 515.27919, 33.241425, 491.49108, 494.35473,
18.518030, 508.55630, 30.950052, 491.67409, 494.96903,
18.532391, 487.78052, 29.181747, 491.89547, 495.57861,
18.546761, 513.01809, 31.127548, 492.15506, 496.18554,
18.561119, 505.07328, 32.376217, 492.45199, 496.79014,
18.575480, 511.95513, 34.312283, 492.78609, 497.39423,
18.589840, 545.27499, 35.364071, 493.15690, 497.99894,
18.604191, 532.17814, 34.095287, 493.56378, 498.60511,
18.618549, 505.97760, 32.892658, 494.00686, 499.21469,
18.632900, 523.36940, 32.464970, 494.48535, 499.82826,
18.647240, 502.65563, 34.145782, 494.99875, 500.44689,
18.661591, 552.86886, 36.406750, 495.54763, 501.07279,
18.675930, 647.11259, 38.873463, 496.13087, 501.70619,
18.690269, 944.43369, 44.897335, 496.74867, 502.34884,
18.704611, 1846.7210, 57.919922, 497.40095, 503.00204,
18.718941, 1673.4908, 53.641224, 498.08689, 503.66643,
18.733271, 748.71738, 38.061405, 498.80688, 504.34376,
18.747601, 557.72267, 36.372082, 499.56079, 505.03526,
18.761930, 548.68399, 38.413342, 500.34855, 505.74220,
18.776260, 583.93780, 40.766495, 501.17010, 506.46583,
18.790581, 564.48604, 39.143898, 502.02482, 507.20689,
18.804899, 578.01731, 36.308956, 502.91312, 507.96703,
18.819220, 561.70130, 34.782284, 503.83525, 508.74771,
18.833530, 556.26201, 35.533375, 504.79050, 509.54956,
18.847839, 565.61115, 36.044369, 505.77939, 510.37425,
18.862150, 554.26653, 38.998425, 506.80228, 511.22329,
18.876459, 573.03243, 42.312710, 507.85901, 512.09773,
18.890770, 596.46494, 41.739468, 508.95002, 512.99911,
18.905069, 602.16674, 42.159378, 510.07442, 513.92786,
18.919371, 575.63204, 40.225616, 511.23341, 514.88611,
18.933670, 574.24347, 40.366180, 512.42690, 515.87494,
18.947960, 597.43933, 44.472813, 513.65447, 516.89509,
18.962250, 557.16144, 44.391224, 514.91716, 517.94855,
18.976540, 570.70893, 46.301716, 516.21528, 519.03666,
18.990829, 620.21053, 46.578186, 517.54914, 520.16076,
19.005119, 596.14185, 45.434032, 518.91910, 521.32221,
19.019400, 559.21867, 42.027828, 520.32458, 522.52157,
19.033680, 551.88518, 41.334324, 521.76688, 523.76098,
19.047960, 588.83143, 45.570751, 523.24643, 525.04182,
19.062229, 574.96076, 49.663738, 524.76247, 526.36441,
19.076500, 556.05099, 57.450169, 526.31685, 527.73136,
19.090771, 557.79054, 47.551640, 527.90989, 529.14392,
19.105040, 572.65365, 47.929108, 529.54191, 530.60332,
19.119310, 557.82864, 48.481487, 531.21391, 532.11139,
19.133570, 616.00758, 46.901810, 532.92490, 533.66813,
19.147829, 583.97793, 49.494614, 534.67682, 535.27621,
19.162090, 581.07088, 52.122936, 536.47057, 536.93733,
19.176340, 550.06249, 53.890198, 538.30513, 538.65139,
19.190599, 513.83989, 57.019684, 540.18391, 540.42240,
19.204849, 572.88379, 57.737995, 542.10514, 542.24953,
19.219101, 595.25543, 55.839016, 544.07112, 544.13574,
19.233339, 513.08856, 51.125381, 546.08050, 546.08050,
19.247580, 516.66628, 56.868214, 548.13561, 548.08639,
19.261820, 532.50844, 50.727871, 550.23395, 550.14975,
19.276060, 513.78868, 57.816631, 552.37269, 552.26621,
19.290300, 591.44895, 59.797901, 554.54904, 554.43140,
19.304529, 557.59207, 62.997746, 556.75845, 556.63917,
19.318760, 598.00658, 65.063545, 559.00022, 558.88721,
19.332991, 618.32299, 67.130867, 561.27133, 561.17092,
19.347219, 515.19102, 62.220917, 563.56880, 563.48566,
19.361441, 587.06175, 66.200966, 565.88900, 565.82618,
19.375660, 585.87024, 72.899780, 568.23019, 568.18910,
19.389879, 529.90920, 65.307144, 570.59007, 570.57047,
19.404100, 564.13591, 70.260117, 572.96632, 572.96632,
19.418310, 557.21576, 68.333595, 575.35410, 575.37013,
19.432520, 627.70048, 73.618874, 577.75273, 577.77956,
