# wave, flux, fluxerr, continuum, continuum_plateau
9.9725246, 7931.4954, 99.369942, 7931.4954, 7931.4954,
9.9806166, 7516.9021, 107.95694, 7955.3019, 7955.2990,
9.9887066, 8309.6040, 101.80472, 7979.3033, 7979.2921,
9.9967957, 8066.7396, 93.438263, 8003.4989, 8003.4747,
10.004880, 8077.8173, 95.556839, 8027.8739, 8027.8325,
10.012970, 8282.7788, 95.825912, 8052.4564, 8052.3943,
10.021050, 8243.3011, 87.133049, 8077.1969, 8077.1111,
10.029140, 8084.0539, 87.843170, 8102.1503, 8102.0384,
10.037220, 8179.2472, 94.165855, 8127.2519, 8127.1118,
10.045300, 8197.9499, 87.615875, 8152.5307, 8152.3608,
10.053380, 8105.5515, 83.521088, 8177.9866, 8177.7859,
10.061460, 8232.4630, 89.673721, 8203.6106, 8203.3784,
10.069540, 8293.8764, 89.286850, 8229.4057, 8229.1418,
10.077610, 8262.0230, 82.549606, 8255.3322, 8255.0365,
10.085690, 8143.8695, 83.600327, 8281.4514, 8281.1244,
10.093760, 8250.9199, 88.814850, 8307.6989, 8307.3413,
10.101830, 8445.4504, 86.756050, 8334.1024, 8333.7152,
10.109900, 8357.8728, 81.579247, 8360.6625, 8360.2469,
10.117970, 8522.6829, 86.992538, 8387.3700, 8386.9275,
10.126040, 8655.9466, 88.061188, 8414.2253, 8413.7576,
10.134100, 8795.0583, 84.348450, 8441.1906, 8440.6997,
10.142170, 8540.4445, 84.324081, 8468.3334, 8467.8213,
10.150230, 8577.5538, 89.325943, 8495.5837, 8495.0527,
10.158300, 8800.2243, 87.281532, 8523.0035, 8522.4559,
10.166360, 8706.1907, 82.521187, 8550.5222, 8549.9605,
10.174420, 8667.0069, 86.271217, 8578.1760, 8577.6028,
10.182470, 8804.3193, 87.851273, 8605.9230, 8605.3409,
10.190530, 9195.3601, 83.639534, 8633.8298, 8633.2415,
10.198590, 8955.6958, 82.190277, 8661.8644, 8661.2727,
10.206640, 8988.3632, 88.546509, 8689.9845, 8689.3920,
10.214690, 9262.4998, 88.580032, 8718.2241, 8717.6336,
10.222750, 9079.9465, 83.397804, 8746.6145, 8746.0288,
10.230800, 8953.4076, 87.092667, 8775.0862, 8774.5080,
10.238850, 9102.7651, 91.616417, 8803.6706, 8803.1024,
10.246890, 9235.8744, 87.533051, 8832.3313, 8831.7757,
10.254940, 9003.6617, 84.819351, 8861.1340, 8860.5936,
10.262990, 8959.9334, 91.018387, 8890.0427, 8889.5198,
10.271030, 9241.2937, 94.143425, 8919.0207, 8918.5176,
10.279070, 9396.5649, 92.024117, 8948.0967, 8947.6155,
10.287120, 9419.4930, 95.448540, 8977.3101, 8976.8529,
10.295150, 9174.2716, 100.37494, 9006.5479, 9006.1164,
10.303190, 9398.8661, 100.06494, 9035.9189, 9035.5148,
10.311230, 9303.7727, 96.835121, 9065.3796, 9065.0043,
10.319270, 9355.1500, 104.34708, 9094.9348, 9094.5897,
10.327300, 9470.3891, 111.14278, 9124.5404, 9124.2264,
10.335340, 9437.5988, 106.84823, 9154.2681, 9153.9862,
10.343370, 9296.2874, 100.93542, 9184.0491, 9183.7998,
10.351400, 9169.3033, 114.58234, 9213.9095, 9213.6931,
10.359430, 9506.9609, 118.23372, 9243.8510, 9243.6677,
10.367460, 9580.9092, 112.97281, 9273.8717, 9273.7212,
10.375480, 9293.4922, 124.88111, 9303.9304, 9303.8121,
10.383510, 9294.7745, 134.39478, 9334.1037, 9334.0170,
10.391530, 9351.4876, 130.13432, 9364.3148, 9364.2585,
10.399560, 9253.1917, 99.788445, 9394.6335, 9394.6062,
10.407580, 9375.0739, 81.619553, 9424.9860, 9424.9860,
10.415600, 9491.1184, 84.840775, 9455.4042, 9455.4295,
10.423620, 9654.0585, 87.018394, 9485.8993, 9485.9482,
10.431640, 11091.172, 92.392975, 9516.4693, 9516.5404,
10.439650, 11222.893, 91.953575, 9547.0865, 9547.1788,
10.447670, 10235.513, 87.550858, 9577.8330, 9577.9458,
10.455680, 9700.0001, 82.171471, 9608.6334, 9608.7664,
10.463700, 9703.7396, 79.507027, 9639.5739, 9639.7270,
10.471710, 9872.0998, 84.034683, 9670.5788, 9670.7522,
10.479720, 10396.092, 87.301659, 9701.6940, 9701.8882,
10.487730, 12701.517, 91.171608, 9732.9247, 9733.1405,
10.495730, 27276.914, 129.39136, 9764.2391, 9764.4774,
10.503740, 75247.852, 268.19061, 9795.7172, 9795.9792,
10.511750, 87371.735, 295.45184, 9827.3272, 9827.6144,
10.519750, 34598.323, 159.73598, 9859.0329, 9859.3469,
10.527750, 10937.308, 102.55685, 9890.8851, 9891.2276,
10.535750, 10016.406, 106.12659, 9922.8855, 9923.2584,
10.543750, 10154.186, 107.72829, 9955.0358, 9955.4412,
10.551750, 10188.349, 112.87868, 9987.3493, 9987.7892,
10.559750, 10062.053, 123.52336, 10019.824, 10020.301,
10.567850, 10207.146, 94.989479, 10052.883, 10053.399,
10.576350, 10764.426, 100.50485, 10087.768, 10088.328,
10.584840, 11057.257, 101.92007, 10122.815, 10123.422,
10.593340, 10233.012, 91.504761, 10158.119, 10158.775,
10.601830, 10071.104, 89.420212, 10193.599, 10194.306,
10.610330, 10218.273, 94.708237, 10229.350, 10230.111,
10.618820, 10324.316, 93.531586, 10265.295, 10266.113,
10.627310, 10145.258, 86.609528, 10301.477, 10302.353,
10.635800, 10063.686, 87.629211, 10337.912, 10338.848,
10.644280, 10246.367, 93.275940, 10374.557, 10375.554,
10.652770, 10421.400, 90.415794, 10411.506, 10412.567,
10.661250, 10284.908, 86.097473, 10448.683, 10449.808,
10.669740, 10330.003, 90.416084, 10486.181, 10487.370,
10.678220, 10351.021, 93.491730, 10523.921, 10525.175,
10.686700, 10578.618, 91.278000, 10561.955, 10563.272,
10.695180, 10430.735, 88.033066, 10600.288, 10601.669,
10.703650, 10554.245, 93.235863, 10638.887, 10640.329,
10.712130, 10620.056, 94.197220, 10677.840, 10679.342,
10.720600, 11029.545, 91.263969, 10717.077, 10718.637,
10.729080, 10900.951, 91.885468, 10756.691, 10758.304,
10.737550, 10920.873, 96.695541, 10796.595, 10798.257,
10.746020, 10898.813, 94.263580, 10836.852, 10838.557,
10.754490, 10775.476, 89.853172, 10877.459, 10879.203,
10.762960, 10845.392, 92.390388, 10918.436, 10920.211,
10.771420, 10921.227, 98.390373, 10959.730, 10961.527,
10.779890, 10926.454, 95.853424, 11001.460, 11003.272,
10.788350, 11034.804, 95.025841, 11043.529, 11045.344,
10.796810, 10980.758, 99.482544, 11085.995, 11087.802,
10.805270, 11170.127, 104.53384, 11128.868, 11130.655,
10.813730, 11379.870, 102.24498, 11172.157, 11173.910,
10.822190, 11229.836, 98.963730, 11215.871, 11217.574,
10.830650, 11103.729, 104.76671, 11260.018, 11261.655,
10.839100, 11277.746, 107.12155, 11304.554, 11306.105,
10.847560, 11387.607, 103.04170, 11349.597, 11351.043,
10.856010, 11233.021, 102.86157, 11395.051, 11396.370,
10.864460, 11294.756, 111.93592, 11440.970, 11442.140,
10.872910, 11540.059, 114.64128, 11487.370, 11488.364,
10.881360, 11661.716, 110.15359, 11534.265, 11535.057,
10.889800, 11491.340, 112.03695, 11581.602, 11582.162,
10.898250, 11668.944, 120.68472, 11629.502, 11629.798,
10.906690, 11823.484, 121.80599, 11677.868, 11677.868,
10.915140, 11665.636, 115.53369, 11726.822, 11726.490,
10.923580, 11739.935, 123.22797, 11776.237, 11775.541,
10.932020, 11922.150, 133.79425, 11826.167, 11825.077,
10.940460, 11843.289, 130.74794, 11876.604, 11875.092,
10.948890, 12494.952, 133.97243, 11927.477, 11925.520,
10.957330, 12351.276, 141.41151, 11978.906, 11976.480,
10.965760, 12215.043, 111.78831, 12030.761, 12027.848,
10.974200, 12394.991, 104.90952, 12083.153, 12079.736,
10.982630, 12732.033, 101.92793, 12135.952, 12132.015,
10.991060, 12846.039, 104.97674, 12189.220, 12184.751,
10.999490, 12786.323, 105.53384, 12242.940, 12237.928,
11.007920, 12914.498, 106.97006, 12297.117, 12291.554,
11.016340, 12822.510, 105.78492, 12351.671, 12345.550,
11.024770, 12723.207, 109.81225, 12406.724, 12400.042,
11.033190, 13081.501, 130.26514, 12462.148, 12454.901,
11.041610, 13044.756, 128.75385, 12517.997, 12510.185,
11.050030, 12770.470, 110.07448, 12574.266, 12565.890,
11.058450, 12869.968, 120.62045, 12630.949, 12622.011,
11.066870, 13155.805, 120.06034, 12688.041, 12678.544,
11.075290, 13104.560, 122.47037, 12745.535, 12735.486,
11.083700, 13278.910, 160.42029, 12803.362, 12792.767,
11.092120, 13305.557, 126.62068, 12861.646, 12850.514,
11.100530, 13338.705, 206.94435, 12920.243, 12908.585,
11.108940, 13578.812, 186.69467, 12979.229, 12967.054,
11.117350, 13452.510, 216.26129, 13038.584, 13025.905,
11.120570, 13793.003, 125.48264, 13061.414, 13048.544,
11.129530, 14069.349, 119.56199, 13125.211, 13111.825,
11.138500, 14368.327, 117.90363, 13189.497, 13175.610,
11.147460, 14689.524, 121.53032, 13254.117, 13239.747,
11.156430, 15614.816, 126.25838, 13319.215, 13304.381,
11.165390, 16286.131, 121.38307, 13384.634, 13369.356,
11.174350, 17420.469, 121.82959, 13450.445, 13434.745,
11.183300, 18300.171, 128.94487, 13516.572, 13500.472,
11.192260, 19751.606, 133.73442, 13583.151, 13566.673,
11.201220, 20330.744, 128.43854, 13650.107, 13633.274,
11.210170, 20316.950, 125.97342, 13717.362, 13700.200,
11.219120, 20367.256, 131.31882, 13784.984, 13767.516,
11.228070, 20554.253, 131.39349, 13852.968, 13835.220,
11.237020, 20517.207, 123.24907, 13921.302, 13903.300,
11.245970, 20387.515, 122.47148, 13989.996, 13971.767,
11.254920, 20140.102, 125.48688, 14059.038, 14040.609,
11.263860, 20120.175, 124.16248, 14128.344, 14109.741,
11.272800, 19994.223, 117.89936, 14197.997, 14179.247,
11.281750, 19839.379, 118.23283, 14268.053, 14249.184,
11.290690, 19730.593, 121.57088, 14338.373, 14319.413,
11.299630, 20200.583, 122.02221, 14409.015, 14389.991,
11.308560, 20321.900, 118.06949, 14479.904, 14460.845,
11.317500, 19258.317, 115.28930, 14551.190, 14532.123,
11.326430, 18931.743, 119.20203, 14622.717, 14603.669,
11.335370, 18755.371, 117.49277, 14694.635, 14675.633,
11.344300, 18429.613, 112.26207, 14766.785, 14747.857,
11.353230, 18325.336, 112.43518, 14839.242, 14820.415,
11.362160, 18188.097, 117.47044, 14911.996, 14893.296,
11.371080, 18067.524, 115.40326, 14984.979, 14966.433,
11.380010, 17943.040, 111.30579, 15058.331, 15039.964,
11.388930, 17859.586, 112.14787, 15131.906, 15113.744,
11.397850, 17811.513, 117.10309, 15205.765, 15187.833,
11.406780, 17736.322, 116.51512, 15280.000, 15262.323,
11.415700, 17694.017, 112.50012, 15354.434, 15337.035,
11.424610, 17263.866, 113.44212, 15429.072, 15411.974,
11.433530, 17609.732, 120.81585, 15504.071, 15487.296,
11.442450, 17553.801, 120.23027, 15579.349, 15562.919,
11.451360, 17585.494, 115.70346, 15654.822, 15638.758,
11.460270, 17389.410, 118.58549, 15730.570, 15714.892,
11.469180, 17320.630, 122.48567, 15806.590, 15791.316,
11.478090, 17397.287, 124.80194, 15882.879, 15868.028,
11.487000, 17331.164, 120.08853, 15959.437, 15945.026,
11.495910, 17419.737, 123.36299, 16036.252, 16022.297,
11.504810, 17101.517, 125.89029, 16113.257, 16099.773,
11.513710, 17196.208, 128.00787, 16190.516, 16177.516,
11.522620, 17260.728, 125.34328, 16268.127, 16255.625,
11.531520, 17624.439, 128.55170, 16345.905, 16333.912,
11.540420, 17372.163, 134.33199, 16423.941, 16412.467,
11.549310, 17821.151, 137.92140, 16502.149, 16491.202,
11.558210, 17885.149, 134.00813, 16580.703, 16570.293,
11.567100, 17778.345, 134.20155, 16659.410, 16649.541,
11.576000, 17567.635, 140.70390, 16738.470, 16729.148,
11.584890, 17663.312, 143.74608, 16817.688, 16808.915,
11.593780, 17837.581, 142.00832, 16897.147, 16888.925,
11.602670, 17683.183, 141.30139, 16976.862, 16969.192,
11.611560, 17319.613, 147.34177, 17056.826, 17049.706,
11.620440, 17681.983, 152.16629, 17136.942, 17130.368,
11.629330, 17808.027, 152.93005, 17217.398, 17211.367,
11.638210, 17976.204, 153.65431, 17298.013, 17292.518,
11.647090, 17440.504, 157.96118, 17378.864, 17373.896,
11.655970, 17694.346, 165.56548, 17459.959, 17455.508,
11.664850, 17793.441, 130.97246, 17541.306, 17537.360,
11.673730, 17692.844, 101.53470, 17622.887, 17619.432,
11.682600, 17643.491, 109.12251, 17704.623, 17701.643,
11.691480, 17698.875, 111.23524, 17786.689, 17784.167,
11.700350, 17646.425, 114.29599, 17868.909, 17866.824,
11.709220, 17979.747, 119.31745, 17951.371, 17949.701,
11.718090, 18085.741, 119.96230, 18034.074, 18032.795,
11.726960, 17851.773, 123.83723, 18117.018, 18116.104,
11.735830, 18001.442, 126.24370, 18200.205, 18199.627,
11.744690, 18303.547, 130.30577, 18283.534, 18283.262,
11.753560, 18333.183, 128.83020, 18367.205, 18367.205,
11.762420, 18472.878, 135.33923, 18451.013, 18451.251,
11.771280, 18724.973, 199.09697, 18535.045, 18535.486,
11.775020, 18257.175, 123.12007, 18570.566, 18571.083,
11.784500, 18344.627, 126.91064, 18660.759, 18661.444,
11.793980, 18599.270, 126.94146, 18751.110, 18751.928,
11.803460, 18597.623, 164.44780, 18841.604, 18842.522,
11.812940, 18563.064, 117.95712, 18932.190, 18933.176,
11.822420, 18773.969, 122.31104, 19022.852, 19023.877,
11.831890, 18936.281, 122.75005, 19113.447, 19114.483,
11.841360, 19157.232, 118.42044, 19204.044, 19205.064,
11.850840, 19154.793, 115.35832, 19294.699, 19295.678,
11.860310, 19086.638, 118.27773, 19385.197, 19386.112,
11.869770, 19212.711, 119.33282, 19475.505, 19476.334,
11.879240, 19655.775, 117.10457, 19565.772, 19566.496,
11.888710, 19412.789, 112.39764, 19655.873, 19656.473,
11.898170, 19485.161, 115.11859, 19745.685, 19746.144,
11.907630, 19721.836, 118.02392, 19835.256, 19835.559,
11.917090, 19816.503, 114.18896, 19924.571, 19924.705,
11.926550, 19923.955, 112.38609, 20013.579, 20013.532,
11.936010, 20002.520, 113.65930, 20102.263, 20102.026,
11.945470, 20199.136, 117.56259, 20190.572, 20190.137,
11.954920, 20542.845, 116.33833, 20278.393, 20277.755,
11.964370, 20648.249, 113.66167, 20365.781, 20364.937,
11.973830, 20667.927, 113.75477, 20452.799, 20451.746,
11.983280, 20719.127, 117.71606, 20539.219, 20537.959,
11.992720, 20868.927, 117.07196, 20625.008, 20623.545,
12.002170, 20968.872, 114.36311, 20710.324, 20708.663,
12.011610, 21000.374, 114.31215, 20794.950, 20793.100,
12.021060, 21091.987, 118.94341, 20879.024, 20876.994,
12.030500, 21114.849, 119.04210, 20962.339, 20960.145,
12.039940, 21221.212, 117.42532, 21044.937, 21042.596,
12.049380, 21279.140, 116.22662, 21126.801, 21124.333,
12.058820, 21429.700, 121.96489, 21207.878, 21205.305,
12.068250, 21895.624, 124.65154, 21288.060, 21285.409,
12.077690, 21663.344, 121.65845, 21367.480, 21364.782,
12.087120, 21469.755, 118.42853, 21445.926, 21443.215,
12.096550, 21559.965, 122.80267, 21523.450, 21520.764,
12.105980, 21767.618, 127.99557, 21600.015, 21597.396,
12.115410, 21933.480, 127.85950, 21675.584, 21673.078,
12.124830, 21802.362, 124.71118, 21750.044, 21747.703,
12.134260, 21648.254, 127.18958, 21823.509, 21821.389,
12.143680, 22125.558, 133.62241, 21895.784, 21893.945,
12.153100, 22323.352, 137.41818, 21966.921, 21965.429,
12.162520, 21920.818, 184.45139, 22036.873, 22035.799,
12.171940, 22190.490, 133.80725, 22105.594, 22105.016,
12.181360, 22147.385, 139.00981, 22173.059, 22173.059,
12.190770, 22362.070, 143.03052, 22239.158, 22239.823,
12.200180, 22244.532, 139.42410, 22303.981, 22305.392,
12.209600, 22162.726, 139.95493, 22367.622, 22369.854,
12.219010, 22243.570, 144.86040, 22429.962, 22433.082,
12.228420, 22439.203, 150.88086, 22491.098, 22495.166,
12.237820, 22500.601, 151.25272, 22550.984, 22556.053,
12.247230, 22632.926, 150.27719, 22609.778, 22615.896,
12.256630, 22551.759, 153.20494, 22667.376, 22674.583,
12.266040, 22980.302, 162.11655, 22723.917, 22732.250,
12.275440, 23760.828, 165.87682, 22779.306, 22788.795,
12.284840, 23697.263, 166.61554, 22833.618, 22844.287,
12.294230, 23077.170, 165.17581, 22886.831, 22898.698,
12.303630, 23442.227, 211.81004, 22939.062, 22952.143,
12.313030, 23338.793, 181.49039, 22990.287, 23004.592,
12.322420, 22943.427, 243.14081, 23040.465, 23055.998,
12.331810, 23191.915, 138.99323, 23089.672, 23106.435,
12.341200, 23374.622, 116.87900, 23137.928, 23155.917,
12.350590, 23779.679, 120.26820, 23185.251, 23204.459,
12.359980, 25127.346, 127.96655, 23231.659, 23252.076,
12.369360, 27859.062, 138.06773, 23277.125, 23298.736,
12.378750, 26404.686, 137.97110, 23321.758, 23344.547,
12.388130, 24373.798, 135.29074, 23365.486, 23389.430,
12.397510, 23744.372, 133.10521, 23408.367, 23433.443,
12.406890, 24058.892, 131.54646, 23450.426, 23476.608,
12.416270, 24103.079, 133.95882, 23491.676, 23518.934,
12.425640, 23986.943, 130.56784, 23532.088, 23560.390,
12.435020, 24084.428, 134.56311, 23571.768, 23601.082,
12.444390, 24002.524, 132.19467, 23610.644, 23640.932,
12.453760, 23781.220, 125.85620, 23648.776, 23680.000,
12.463130, 23778.974, 129.86235, 23686.178, 23718.299,
12.472500, 24163.040, 141.48862, 23722.867, 23755.842,
12.481870, 24504.282, 167.06293, 23758.857, 23792.643,
12.489420, 24505.098, 140.93098, 23787.359, 23821.766,
12.499490, 24336.830, 143.08218, 23824.694, 23859.882,
12.509550, 24654.985, 140.33324, 23861.234, 23897.149,
12.519610, 24782.676, 135.85622, 23897.034, 23933.619,
12.529670, 24912.212, 135.28119, 23932.106, 23969.305,
12.539730, 25164.464, 141.07524, 23966.474, 24004.228,
12.549780, 25280.211, 138.90071, 24000.117, 24038.367,
12.559840, 25534.738, 135.00037, 24033.120, 24071.807,
12.569890, 25698.256, 132.95499, 24065.431, 24104.494,
12.579940, 25800.702, 135.88728, 24097.101, 24136.479,
12.589990, 25981.671, 137.08356, 24128.144, 24167.776,
12.600040, 26183.000, 134.74858, 24158.578, 24198.404,
12.610090, 26207.612, 131.98602, 24188.414, 24228.372,
12.620130, 26074.404, 141.18509, 24217.638, 24257.667,
12.630170, 26283.764, 134.41624, 24246.299, 24286.338,
12.640210, 26454.921, 135.04878, 24274.408, 24314.397,
12.650250, 26419.163, 129.71724, 24301.980, 24341.858,
12.660290, 26299.646, 128.37123, 24329.026, 24368.734,
12.670330, 26236.326, 130.11156, 24355.564, 24395.044,
12.680360, 26536.599, 133.01404, 24381.579, 24420.773,
12.690390, 27294.340, 130.98198, 24407.112, 24445.962,
12.700420, 29726.346, 135.27005, 24432.179, 24470.629,
12.710450, 29251.304, 134.88002, 24456.786, 24494.783,
12.720480, 28041.766, 138.29547, 24480.951, 24518.440,
12.730500, 27767.016, 181.45267, 24504.662, 24541.592,
12.740530, 27646.682, 130.47169, 24527.978, 24564.297,
12.750550, 27493.259, 128.14218, 24550.866, 24586.525,
12.760570, 27827.850, 133.02782, 24573.359, 24608.310,
12.770590, 28457.656, 136.07069, 24595.473, 24629.670,
12.780610, 29803.922, 137.83273, 24617.217, 24650.616,
12.790620, 36022.728, 145.31180, 24638.582, 24671.141,
12.800640, 73258.702, 205.75752, 24659.623, 24691.300,
12.810650, 166340.20, 585.03973, 24680.308, 24711.065,
12.820660, 104449.79, 323.75925, 24700.670, 24730.470,
12.830670, 31217.805, 141.13962, 24720.723, 24749.531,
12.840680, 27007.118, 131.50429, 24740.473, 24768.256,
12.850680, 26840.732, 135.21364, 24759.915, 24786.645,
12.860690, 26527.182, 137.70621, 24779.097, 24804.744,
12.870690, 26243.914, 134.71530, 24797.993, 24822.532,
12.880690, 25955.696, 132.54518, 24816.630, 24840.038,
12.890690, 25803.359, 134.11444, 24835.023, 24857.279,
12.900680, 25859.449, 138.46730, 24853.160, 24874.247,
12.910680, 25972.731, 140.22917, 24871.091, 24890.992,
12.920670, 25966.941, 137.22151, 24888.788, 24907.491,
12.930670, 25409.064, 136.63644, 24906.299, 24923.791,
12.940660, 25207.200, 140.51930, 24923.597, 24939.872,
12.950640, 25231.917, 145.06522, 24940.692, 24955.745,
12.960630, 25015.008, 142.71410, 24957.631, 24971.459,
12.970620, 25284.735, 142.85802, 24974.403, 24987.007,
12.980600, 25546.357, 146.31883, 24991.004, 25002.388,
12.990580, 25439.566, 152.37955, 25007.459, 25017.628,
13.000560, 24991.723, 150.92020, 25023.779, 25032.743,
13.010540, 25267.229, 152.32637, 25039.973, 25047.743,
13.020520, 25301.492, 151.54054, 25056.051, 25062.642,
13.030490, 25237.868, 156.74969, 25072.005, 25077.436,
13.040470, 25100.541, 162.04015, 25087.879, 25092.169,
13.050440, 25429.935, 165.09727, 25103.648, 25106.822,
13.060410, 25245.193, 162.49373, 25119.338, 25121.424,
13.070380, 25260.944, 163.44052, 25134.961, 25135.987,
13.080350, 25040.383, 170.36749, 25150.523, 25150.523,
13.090310, 24984.071, 174.28481, 25166.019, 25165.029,
13.100280, 25222.025, 176.49840, 25181.483, 25179.538,
13.110240, 25445.302, 176.01894, 25196.890, 25194.026,
13.120200, 25419.757, 181.88945, 25212.258, 25208.511,
13.130160, 25376.583, 189.31891, 25227.593, 25222.996,
13.140110, 25407.312, 151.74323, 25242.881, 25237.470,
13.150070, 25077.354, 119.22060, 25258.158, 25251.966,
13.160020, 24991.380, 121.20143, 25273.397, 25266.458,
13.169980, 25116.657, 138.40720, 25288.634, 25280.981,
13.179930, 25319.968, 132.75787, 25303.840, 25295.506,
13.189870, 25166.773, 136.05582, 25319.022, 25310.040,
13.199820, 25309.198, 136.46323, 25334.211, 25324.613,
13.209770, 25107.063, 134.27625, 25349.398, 25339.218,
13.219710, 25163.981, 133.23587, 25364.571, 25353.839,
13.229650, 25108.503, 135.89146, 25379.747, 25368.496,
13.239590, 25375.689, 138.44177, 25394.934, 25383.195,
13.249530, 24973.544, 135.27808, 25410.134, 25397.938,
13.259470, 24855.327, 134.65535, 25425.350, 25412.728,
13.269410, 25505.272, 143.81134, 25440.587, 25427.569,
13.279340, 25694.250, 153.90694, 25455.833, 25442.450,
13.289270, 25579.907, 155.92897, 25471.109, 25457.390,
13.299200, 25668.325, 160.49889, 25486.415, 25472.392,
13.309130, 25593.925, 168.99623, 25501.758, 25487.459,
13.318260, 25674.050, 156.07658, 25515.902, 25501.374,
13.328980, 25839.719, 151.76340, 25532.556, 25517.792,
13.339690, 25604.927, 153.36028, 25549.249, 25534.283,
13.350400, 25529.312, 158.30557, 25566.004, 25550.869,
13.361120, 25559.202, 157.22627, 25582.842, 25567.570,
13.371830, 25669.829, 152.29955, 25599.735, 25584.358,
13.382530, 25555.619, 149.48917, 25616.689, 25601.239,
13.393240, 25803.695, 156.35039, 25633.739, 25618.248,
13.403940, 25653.117, 158.84076, 25650.861, 25635.360,
13.414650, 25732.563, 162.01695, 25668.090, 25652.610,
13.425350, 25656.167, 152.15558, 25685.401, 25669.972,
13.436050, 25893.472, 154.69089, 25702.815, 25687.466,
13.446740, 25749.811, 156.13618, 25720.318, 25705.079,
13.457440, 25980.869, 160.05075, 25737.952, 25722.851,
13.468130, 26192.008, 154.21182, 25755.686, 25740.751,
13.478830, 26099.896, 150.26978, 25773.562, 25758.821,
13.489520, 25970.632, 148.61606, 25791.550, 25777.029,
13.500200, 25937.465, 151.20026, 25809.656, 25795.382,
13.510890, 26043.552, 148.95490, 25827.918, 25813.917,
13.521570, 26228.079, 144.39468, 25846.310, 25832.605,
13.532260, 26597.355, 140.49042, 25864.869, 25851.487,
13.542940, 26449.753, 139.34531, 25883.570, 25870.532,
13.553620, 26604.157, 143.28366, 25902.433, 25889.762,
13.564290, 26613.778, 140.61667, 25921.447, 25909.165,
13.574970, 26575.046, 135.38860, 25940.653, 25928.781,
13.585640, 26593.908, 130.71185, 25960.022, 25948.579,
13.596320, 26539.043, 133.89838, 25979.597, 25968.603,
13.606990, 26673.884, 135.58923, 25999.345, 25988.818,
13.617650, 26453.037, 133.30104, 26019.275, 26009.230,
13.628320, 26435.476, 128.32336, 26039.428, 26029.882,
13.638980, 26674.539, 128.12857, 26059.774, 26050.742,
13.649650, 26328.882, 128.45187, 26080.357, 26071.852,
13.660310, 26606.620, 134.50525, 26101.146, 26093.180,
13.670970, 25957.334, 145.66200, 26122.166, 26114.750,
13.681630, 26503.854, 125.38364, 26143.425, 26136.568,
13.692280, 26635.743, 127.43097, 26164.907, 26158.617,
13.702940, 26539.022, 128.23244, 26186.662, 26180.946,
13.713590, 26589.412, 132.01332, 26208.654, 26203.516,
13.724240, 26513.572, 129.19942, 26230.914, 26226.358,
13.734890, 26662.935, 128.23734, 26253.445, 26249.472,
13.745530, 26425.516, 127.90353, 26276.235, 26272.846,
13.756180, 26294.747, 129.89571, 26299.334, 26296.526,
13.766820, 26572.036, 135.00432, 26322.707, 26320.477,
13.777460, 27289.619, 138.03026, 26346.383, 26344.724,
13.788100, 26187.877, 127.92780, 26370.369, 26369.274,
13.798740, 26135.486, 129.59619, 26394.674, 26394.132,
13.809380, 26283.107, 134.70251, 26419.303, 26419.303,
13.820010, 26698.832, 137.60582, 26444.244, 26444.771,
13.830640, 26791.212, 138.32916, 26469.510, 26470.550,
13.841270, 26837.326, 136.21906, 26495.098, 26496.640,
13.851900, 26698.383, 136.69858, 26520.999, 26523.029,
13.862530, 26641.501, 167.88528, 26547.206, 26549.713,
13.873150, 26850.528, 145.19759, 26573.690, 26576.663,
13.883780, 26742.462, 145.23341, 26600.492, 26603.920,
13.894400, 27191.882, 146.33737, 26627.558, 26631.431,
13.905020, 26563.155, 146.07539, 26654.905, 26659.214,
13.915640, 26996.777, 153.56229, 26682.528, 26687.263,
13.926250, 27162.340, 156.58705, 26710.396, 26715.547,
13.936870, 27288.745, 158.37347, 26738.550, 26744.108,
13.947480, 27057.779, 153.42981, 26766.940, 26772.894,
13.958090, 27290.739, 161.68449, 26795.580, 26801.922,
13.968700, 27408.598, 165.33812, 26824.469, 26831.190,
13.979310, 27271.700, 170.65158, 26853.598, 26860.687,
13.989910, 27381.498, 168.04008, 26882.937, 26890.384,
14.000520, 27219.453, 166.73993, 26912.534, 26920.329,
14.011120, 27386.073, 176.12924, 26942.330, 26950.462,
14.021720, 27835.204, 185.58580, 26972.348, 26980.806,
14.032320, 27696.944, 191.19824, 27002.582, 27011.355,
14.042920, 27736.836, 186.32533, 27033.029, 27042.104,
14.053510, 27806.945, 191.32335, 27063.651, 27073.016,
14.064110, 27704.270, 192.95557, 27094.507, 27104.148,
14.074700, 27231.618, 198.67099, 27125.533, 27135.436,
14.085290, 27286.783, 209.09290, 27156.750, 27166.900,
14.095870, 27236.211, 151.10831, 27188.127, 27198.509,
14.106460, 27545.386, 125.29076, 27219.718, 27230.315,
14.117040, 27383.286, 124.75365, 27251.460, 27262.255,
14.127630, 27065.790, 127.67278, 27283.411, 27294.385,
14.138210, 27570.474, 137.66187, 27315.503, 27326.637,
14.148790, 27527.863, 140.56145, 27347.764, 27359.037,
14.159370, 27421.725, 138.91867, 27380.189, 27391.580,
14.169940, 27923.625, 143.74348, 27412.743, 27424.228,
14.180520, 28513.313, 241.56467, 27445.487, 27457.043,
14.182090, 28225.988, 149.97206, 27450.358, 27461.923,
14.193560, 27930.257, 144.55730, 27486.053, 27497.662,
14.205030, 27693.102, 147.15907, 27521.927, 27533.549,
14.216500, 28267.526, 154.90932, 27557.968, 27569.571,
14.227970, 28295.475, 152.38068, 27594.177, 27605.724,
14.239430, 28263.357, 145.67981, 27630.517, 27641.973,
14.250890, 27822.164, 139.19078, 27667.012, 27678.338,
14.262350, 27613.105, 143.72285, 27703.664, 27714.820,
14.273810, 27699.256, 146.09076, 27740.466, 27751.408,
14.285270, 27990.998, 148.12228, 27777.410, 27788.096,
14.296730, 28044.960, 140.65689, 27814.499, 27824.881,
14.308180, 27684.253, 137.26761, 27851.692, 27861.722,
14.319630, 27646.237, 140.33467, 27889.019, 27898.647,
14.331080, 28039.000, 147.64932, 27926.480, 27935.652,
14.342530, 28253.761, 149.58676, 27964.064, 27972.725,
14.353970, 28412.976, 142.76761, 28001.736, 28009.829,
14.365410, 28629.697, 142.32428, 28039.531, 28046.997,
14.376860, 28421.507, 144.43672, 28077.473, 28084.249,
14.388300, 28076.297, 151.07907, 28115.497, 28121.518,
14.399730, 28501.119, 154.00192, 28153.594, 28158.794,
14.411170, 28067.047, 147.06761, 28191.832, 28196.141,
14.422600, 28124.271, 146.03609, 28230.138, 28233.484,
14.434030, 28097.921, 147.08952, 28268.543, 28270.852,
14.445460, 28152.938, 156.90404, 28307.047, 28308.241,
14.456890, 28262.237, 157.54645, 28345.640, 28345.640,
14.468320, 28396.313, 156.05957, 28384.325, 28383.050,
14.479740, 28818.793, 151.22775, 28423.071, 28420.451,
14.491160, 28452.012, 150.53583, 28461.915, 28457.889,
14.502580, 28556.490, 156.30431, 28500.856, 28495.377,
14.514000, 28967.492, 155.21786, 28539.904, 28532.937,
14.525420, 28732.280, 148.59607, 28579.062, 28570.579,
14.536830, 28850.530, 139.39084, 28618.295, 28608.286,
14.548240, 28731.659, 138.84518, 28657.645, 28646.107,
14.559650, 28498.456, 157.55547, 28697.118, 28684.059,
14.571060, 29017.556, 141.84164, 28736.713, 28722.153,
14.582470, 29255.002, 138.88232, 28776.435, 28760.407,
14.593870, 29184.035, 132.06400, 28816.256, 28798.803,
14.605270, 29228.449, 131.18495, 28856.214, 28837.390,
14.616670, 29121.427, 132.24641, 28896.310, 28876.179,
14.628070, 29220.679, 136.75925, 28936.553, 28915.192,
14.639470, 29353.928, 133.45407, 28976.947, 28954.442,
14.650860, 29389.743, 128.06651, 29017.456, 28993.907,
14.662260, 29476.271, 128.56595, 29058.162, 29033.676,
14.673650, 29362.613, 129.62529, 29098.993, 29073.692,
14.685040, 29208.239, 133.05420, 29139.995, 29114.008,
14.696420, 29764.754, 135.43800, 29181.128, 29154.598,
14.707810, 29670.337, 131.86765, 29222.480, 29195.558,
14.719190, 29598.641, 131.50894, 29263.972, 29236.822,
14.730570, 29634.350, 132.21201, 29305.654, 29278.449,
14.741950, 29998.502, 141.08107, 29347.529, 29320.453,
14.753330, 29993.811, 140.21219, 29389.600, 29362.850,
14.764700, 29951.825, 139.10834, 29431.835, 29405.615,
14.776080, 30039.774, 138.23502, 29474.317, 29448.844,
14.787450, 30156.287, 140.55431, 29516.973, 29492.473,
14.798820, 30135.750, 148.09961, 29559.847, 29536.558,
14.810190, 29995.193, 148.67285, 29602.949, 29581.119,
14.821550, 30378.519, 149.79637, 29646.241, 29626.127,
14.832920, 30278.228, 149.49164, 29689.805, 29671.677,
14.844280, 30039.182, 151.38437, 29733.574, 29717.710,
14.855640, 30424.217, 157.84572, 29777.590, 29764.280,
14.866990, 30270.834, 157.64609, 29821.820, 29811.360,
14.878350, 29768.008, 155.90448, 29866.350, 29859.054,
14.889710, 30208.362, 156.11819, 29911.147, 29907.335,
14.901060, 29771.603, 153.31740, 29956.175, 29956.175,
14.912410, 29835.377, 159.17648, 30001.481, 30005.631,
14.923760, 30197.524, 165.05087, 30047.066, 30055.704,
14.935100, 30301.004, 171.16580, 30092.877, 30106.329,
14.946450, 30328.981, 169.80499, 30139.003, 30157.602,
14.957790, 30321.574, 169.19641, 30185.352, 30209.416,
14.969130, 30538.024, 176.60310, 30231.959, 30261.805,
14.980470, 30292.514, 180.03627, 30278.829, 30314.771,
14.991810, 30287.419, 186.60010, 30325.955, 30368.302,
15.003140, 30766.429, 190.55280, 30373.295, 30422.346,
15.014480, 30373.902, 185.31252, 30420.921, 30476.981,
15.025810, 30348.326, 192.45491, 30468.760, 30532.117,
15.037140, 30313.812, 197.71806, 30516.840, 30587.784,
15.048460, 30367.705, 209.67270, 30565.123, 30643.932,
15.059790, 30103.875, 211.72638, 30613.687, 30700.649,
15.071110, 29776.001, 207.60765, 30662.449, 30757.833,
15.082440, 29652.366, 157.13762, 30711.494, 30815.578,
15.093750, 29536.242, 130.95799, 30760.683, 30873.717,
15.105070, 29749.707, 139.53822, 30810.150, 30932.404,
15.116390, 30008.043, 147.90823, 30859.849, 30991.580,
15.127700, 29873.012, 150.78954, 30909.733, 31051.181,
15.139020, 29971.479, 160.70430, 30959.891, 31111.314,
15.150330, 29973.058, 160.99913, 31010.230, 31171.860,
15.162390, 29617.921, 192.95464, 31064.158, 31236.934,
15.174730, 29883.834, 193.67122, 31119.606, 31304.058,
15.187070, 29908.939, 198.51770, 31175.315, 31371.713,
15.199410, 29551.196, 207.19058, 31231.294, 31439.901,
15.211740, 29882.918, 205.51813, 31287.486, 31508.546,
15.224080, 30494.114, 198.99216, 31343.994, 31577.769,
15.236410, 29609.590, 178.38118, 31400.716, 31647.439,
15.248740, 29726.685, 173.68030, 31457.701, 31717.608,
15.261060, 30114.274, 180.14389, 31514.898, 31788.209,
15.273390, 30267.748, 177.03952, 31572.407, 31859.354,
15.285710, 30846.796, 173.84692, 31630.132, 31930.922,
15.298030, 30749.730, 157.86899, 31688.114, 32002.956,
15.310350, 30528.733, 154.21021, 31746.362, 32075.459,
15.322660, 30229.512, 155.83810, 31804.822, 32148.359,
15.334980, 30510.769, 157.92235, 31863.590, 32221.766,
15.347290, 31039.288, 159.96300, 31922.576, 32295.562,
15.359600, 31335.714, 150.24081, 31981.825, 32369.796,
15.371900, 31372.151, 147.95650, 32041.288, 32444.399,
15.384210, 33148.610, 157.88994, 32101.068, 32519.492,
15.396510, 34714.583, 166.77817, 32161.067, 32594.947,
15.408810, 33326.862, 171.46768, 32221.331, 32670.811,
15.421110, 32166.870, 157.87099, 32281.868, 32747.090,
15.433410, 31713.772, 151.09723, 32342.672, 32823.765,
15.445700, 32085.555, 153.34418, 32403.701, 32900.779,
15.457990, 32420.299, 157.87816, 32465.004, 32978.184,
15.470280, 33084.551, 167.71646, 32526.582, 33055.975,
15.482570, 33397.123, 161.79192, 32588.435, 33134.148,
15.494860, 34325.509, 158.16492, 32650.566, 33212.696,
15.507140, 36299.072, 159.93311, 32712.927, 33291.554,
15.519420, 42710.818, 172.92792, 32775.563, 33370.770,
15.531700, 75342.869, 235.80940, 32838.487, 33450.354,
15.543980, 232358.00, 944.64056, 32901.689, 33530.286,
15.556260, 222390.46, 1008.9752, 32965.182, 33610.575,
15.568530, 119208.53, 373.13190, 33028.909, 33691.141,
15.580800, 36643.635, 165.83009, 33092.927, 33772.048,
15.593070, 33669.778, 169.81662, 33157.237, 33853.291,
15.605340, 33775.219, 175.14977, 33221.844, 33934.866,
15.617600, 33728.944, 175.44446, 33286.698, 34016.704,
15.629860, 33961.352, 171.56970, 33351.849, 34098.859,
15.642120, 33731.647, 164.18767, 33417.310, 34181.338,
15.654380, 33568.114, 167.07068, 33483.074, 34264.124,
15.666640, 33681.007, 167.34747, 33549.154, 34347.227,
15.678890, 33982.760, 165.90453, 33615.493, 34430.563,
15.691140, 34333.587, 158.12848, 33682.151, 34514.201,
15.703390, 34394.301, 147.01010, 33749.132, 34598.137,
15.715640, 34789.145, 148.88812, 33816.441, 34682.365,
15.727890, 34503.031, 149.50139, 33884.081, 34766.883,
15.740130, 34295.390, 151.69238, 33952.004, 34851.621,
15.752370, 34359.516, 148.48221, 34020.263, 34936.634,
15.764610, 35049.591, 143.87373, 34088.873, 35021.931,
15.776850, 35278.324, 145.87091, 34157.829, 35107.496,
15.789090, 35040.988, 145.46906, 34227.146, 35193.339,
15.801320, 34864.382, 149.32385, 34296.765, 35279.375,
15.813550, 35479.249, 157.19652, 34366.751, 35365.674,
15.825780, 35521.242, 152.69675, 34437.111, 35452.234,
15.838010, 35373.315, 152.08762, 34507.849, 35539.050,
15.850230, 35293.549, 153.54932, 34578.918, 35626.052,
15.862450, 35314.929, 158.10641, 34650.372, 35713.298,
15.874670, 35357.899, 168.06990, 34722.231, 35800.797,
15.886890, 35372.013, 167.36446, 34794.494, 35888.539,
15.899110, 36792.358, 174.10764, 34867.165, 35976.516,
15.911320, 35483.618, 164.83238, 34940.198, 36064.661,
15.923540, 36258.445, 170.37914, 35013.722, 36153.117,
15.935750, 35940.469, 176.42328, 35087.617, 36241.728,
15.947960, 35431.755, 178.45096, 35161.955, 36330.568,
15.960160, 35654.069, 178.94296, 35236.687, 36419.564,
15.972370, 36153.233, 183.82335, 35311.936, 36508.853,
15.984570, 36650.579, 183.56178, 35387.588, 36598.285,
15.996770, 36215.132, 185.42026, 35463.724, 36687.942,
16.008961, 36229.825, 194.53929, 35540.286, 36777.742,
16.021160, 37165.911, 202.87238, 35617.398, 36867.819,
16.033350, 36656.595, 205.59399, 35694.955, 36958.034,
16.045549, 36582.945, 204.61142, 35773.089, 37048.527,
16.057739, 36799.922, 206.54807, 35851.687, 37139.153,
16.069920, 36610.524, 215.28131, 35930.759, 37229.911,
16.082109, 36791.073, 223.41931, 36010.440, 37320.939,
16.094290, 36540.485, 229.80066, 36090.617, 37412.093,
16.106470, 36875.750, 231.08333, 36171.364, 37503.442,
16.118650, 37443.256, 227.96062, 36252.691, 37594.983,
16.130831, 36525.443, 222.05499, 36334.612, 37686.714,
16.143009, 36404.230, 220.41092, 36417.125, 37778.620,
16.155180, 37034.075, 221.76276, 36500.205, 37870.653,
16.167351, 37422.420, 231.67824, 36583.915, 37962.871,
16.179520, 37228.935, 222.59747, 36668.257, 38055.255,
16.191681, 36486.520, 209.18665, 36753.202, 38147.761,
16.203850, 37199.399, 218.39833, 36838.873, 38240.503,
16.216009, 37317.644, 218.05670, 36925.163, 38333.348,
16.228170, 37731.572, 235.14886, 37012.166, 38426.381,
16.240330, 36279.552, 220.66901, 37099.872, 38519.571,
16.252489, 37054.855, 226.38046, 37188.308, 38612.930,
16.264641, 37076.167, 222.41867, 37277.436, 38706.400,
16.276791, 37799.396, 235.00089, 37367.311, 38800.021,
16.288950, 37188.661, 235.21588, 37458.034, 38893.879,
16.301090, 37932.052, 264.14807, 37549.407, 38987.754,
16.313240, 38431.932, 261.65146, 37641.662, 39081.863,
16.325380, 38613.548, 272.97708, 37734.669, 39176.057,
16.337530, 39198.589, 193.22513, 37828.593, 39270.483,
16.349670, 38910.453, 167.12329, 37923.304, 39364.992,
16.361799, 39004.365, 165.89209, 38018.803, 39459.565,
16.373940, 40389.721, 185.27744, 38115.289, 39554.381,
16.386070, 40583.451, 184.03635, 38212.615, 39649.274,
16.398211, 40637.062, 188.34119, 38310.953, 39744.392,
16.410339, 39538.436, 180.75188, 38410.153, 39839.569,
16.422461, 40222.386, 191.43182, 38510.265, 39934.833,
16.434589, 40204.708, 202.76956, 38611.437, 40030.303,
16.446711, 40023.489, 204.69260, 38713.562, 40125.857,
16.458839, 39978.237, 197.84122, 38816.791, 40221.614,
16.470961, 39831.018, 205.83412, 38921.017, 40317.454,
16.483070, 39222.743, 195.00323, 39026.229, 40413.343,
16.495190, 39802.720, 265.52896, 39132.632, 40509.447,
16.500280, 40952.021, 237.91293, 39177.663, 40549.857,
16.513599, 41044.425, 220.41989, 39296.439, 40655.698,
16.526911, 40093.367, 198.52014, 39416.561, 40761.643,
16.540211, 40256.215, 196.05444, 39538.026, 40867.661,
16.553520, 40199.489, 193.71996, 39661.060, 40973.916,
16.566820, 40392.046, 192.86523, 39785.524, 41080.255,
16.580120, 40400.928, 188.22910, 39911.543, 41186.754,
16.593420, 39785.871, 173.95122, 40039.155, 41293.410,
16.606710, 40512.360, 175.37842, 40168.306, 41400.146,
16.620001, 40012.435, 174.52557, 40299.097, 41507.037,
16.633301, 40129.938, 180.21524, 40431.508, 41614.159,
16.646589, 40710.562, 190.26331, 40565.186, 41721.342,
16.659870, 40906.399, 186.18077, 40700.023, 41828.614,
16.673149, 41192.745, 180.25793, 40835.934, 41936.022,
16.686440, 41058.858, 176.30536, 40972.914, 42043.672,
16.699711, 41320.879, 180.12650, 41110.507, 42151.316,
16.712990, 41346.982, 190.00426, 41248.849, 42259.169,
16.726271, 42390.043, 198.77533, 41387.740, 42367.184,
16.739540, 42052.500, 193.73035, 41526.902, 42475.252,
16.752810, 41871.104, 189.52213, 41666.313, 42583.464,
16.766081, 42251.076, 189.68211, 41805.856, 42691.836,
16.779341, 42227.342, 198.04132, 41945.251, 42800.258,
16.792601, 41919.204, 210.10498, 42084.479, 42908.821,
16.805870, 42496.134, 216.74161, 42223.502, 43017.605,
16.819120, 42510.291, 208.87283, 42361.882, 43126.372,
16.832380, 43045.732, 195.59097, 42499.778, 43235.358,
16.845631, 42295.941, 180.46292, 42636.853, 43344.405,
16.858891, 41919.220, 177.60434, 42773.164, 43453.670,
16.872141, 43390.870, 183.85202, 42908.394, 43562.994,
16.885380, 43214.058, 179.98227, 43042.481, 43672.362,
16.898630, 42958.006, 172.84093, 43175.630, 43781.962,
16.911869, 42527.918, 162.30180, 43307.583, 43891.603,
16.925110, 43517.455, 162.41217, 43438.448, 44001.397,
16.938351, 43607.854, 166.91208, 43568.176, 44111.327,
16.951580, 43472.048, 171.97276, 43696.628, 44221.297,
16.964821, 43384.544, 176.71001, 43823.996, 44331.497,
16.978050, 44402.384, 177.72374, 43950.028, 44441.738,
16.991270, 45282.891, 179.16943, 44074.716, 44552.033,
17.004499, 44263.165, 172.10489, 44198.205, 44662.542,
17.017719, 44584.927, 175.05707, 44320.285, 44773.106,
17.030951, 45037.709, 182.68443, 44441.116, 44883.900,
17.044161, 45419.637, 191.65945, 44560.369, 44994.651,
17.057381, 45333.077, 190.40158, 44678.283, 45105.617,
17.070601, 45920.508, 190.23651, 44794.738, 45216.716,
17.083811, 45977.213, 191.40358, 44909.613, 45327.868,
17.097019, 45505.535, 191.08691, 45022.937, 45439.138,
17.110229, 46173.195, 206.52411, 45134.704, 45550.558,
17.123430, 45531.030, 214.67023, 45244.779, 45662.031,
17.136641, 45429.517, 215.36844, 45353.279, 45773.718,
17.149839, 45598.131, 215.59604, 45459.990, 45885.442,
17.163040, 45161.241, 206.42963, 45564.979, 45997.316,
17.176229, 45377.559, 203.18973, 45668.095, 46109.227,
17.189430, 45933.691, 207.27493, 45769.508, 46221.370,
17.202620, 46269.855, 207.04755, 45869.165, 46333.550,
17.215811, 46345.902, 201.52032, 45967.323, 46445.881,
17.229000, 46196.582, 191.57216, 46064.112, 46558.330,
17.242180, 47441.906, 192.10095, 46159.629, 46670.834,
17.255369, 46557.167, 185.16547, 46254.167, 46783.556,
17.268551, 46223.327, 189.00873, 46347.756, 46896.348,
17.281719, 46164.419, 191.45776, 46440.508, 47009.162,
17.294901, 47564.835, 206.18427, 46532.763, 47122.228,
17.308069, 48661.207, 216.61145, 46624.486, 47235.316,
17.321251, 47100.519, 198.09850, 46716.013, 47348.658,
17.334410, 47967.970, 205.95244, 46807.243, 47461.941,
17.347580, 48460.475, 215.56419, 46898.564, 47575.462,
17.360750, 48115.559, 220.96045, 46990.048, 47689.123,
17.373911, 49088.980, 231.26187, 47081.778, 47802.842,
17.387070, 48592.133, 228.54736, 47173.957, 47916.685,
17.400230, 49091.865, 231.17776, 47266.762, 48030.687,
17.413380, 47828.578, 220.70081, 47360.250, 48144.732,
17.426540, 48583.245, 230.07309, 47454.734, 48259.020,
17.439690, 47876.166, 234.11319, 47550.202, 48373.353,
17.452841, 48145.837, 248.51500, 47646.902, 48487.847,
17.465981, 48505.019, 256.68756, 47744.887, 48602.388,
17.479130, 49748.604, 265.02548, 47844.468, 48717.158,
17.492270, 48677.146, 345.98633, 47945.654, 48831.993,
17.505409, 47916.730, 267.00165, 48048.672, 48946.976,
17.518551, 48170.389, 273.85587, 48153.696, 49062.126,
17.531679, 48471.365, 279.44156, 48260.758, 49177.310,
17.544821, 48375.531, 279.05054, 48370.235, 49292.763,
17.557949, 47838.490, 265.98843, 48482.065, 49408.251,
17.571079, 49474.311, 265.75073, 48596.537, 49523.910,
17.584200, 48235.968, 252.63834, 48713.664, 49639.641,
17.597330, 49058.387, 255.33969, 48833.540, 49755.612,
17.610451, 47834.401, 253.39664, 48955.866, 49871.657,
17.623569, 49144.195, 258.90170, 49080.589, 49987.844,
17.636690, 50604.685, 294.58594, 49207.624, 50104.208,
17.649799, 48556.021, 266.50006, 49336.721, 50220.632,
17.662910, 48701.437, 273.34076, 49467.891, 50337.237,
17.676029, 50698.524, 266.76450, 49601.079, 50454.074,
17.689131, 50594.792, 295.71442, 49735.915, 50570.924,
17.702240, 49431.959, 303.64221, 49872.538, 50688.009,
17.715349, 48629.506, 295.43796, 50010.759, 50805.264,
17.728451, 49731.349, 309.78558, 50150.384, 50922.622,
17.741550, 50215.057, 280.78461, 50291.361, 51040.135,
17.754641, 51388.340, 218.51596, 50433.499, 51157.736,
17.767740, 50627.907, 206.90988, 50576.894, 51275.598,
17.780830, 51225.259, 222.65372, 50721.230, 51393.553,
17.793921, 50491.350, 209.53575, 50866.504, 51511.686,
17.807011, 49345.050, 200.64680, 51012.610, 51630.001,
17.820101, 52114.533, 263.35513, 51159.442, 51748.498,
17.833179, 50749.194, 211.85594, 51306.764, 51867.077,
17.846270, 50525.585, 212.51074, 51454.729, 51985.946,
17.859341, 52119.564, 227.54697, 51602.888, 52104.831,
17.872419, 54101.904, 253.43701, 51751.438, 52223.976,
17.885500, 54928.586, 273.79648, 51900.211, 52343.332,
17.898569, 54124.899, 278.08600, 52048.949, 52462.778,
17.911640, 51880.848, 268.68011, 52197.702, 52582.438,
17.924709, 52445.353, 272.54282, 52346.323, 52702.281,
17.937780, 55165.735, 412.22644, 52494.750, 52822.343,
17.941250, 52736.622, 291.11172, 52534.098, 52854.245,
17.955721, 51903.324, 280.68594, 52697.931, 52987.465,
17.970181, 53322.688, 280.16064, 52861.069, 53120.833,
17.984650, 53042.239, 265.55548, 53023.606, 53254.547,
17.999109, 52605.803, 256.62146, 53185.187, 53388.434,
18.013571, 53609.372, 254.73071, 53345.797, 53522.602,
18.028021, 53056.493, 236.04642, 53505.145, 53656.932,
18.042480, 54739.673, 232.19629, 53663.318, 53791.622,
18.056931, 53901.203, 220.63263, 53819.963, 53926.497,
18.071381, 53306.429, 218.60443, 53975.038, 54061.652,
18.085819, 53424.263, 227.78627, 54128.316, 54196.981,
18.100269, 54503.621, 240.67044, 54280.101, 54332.704,
18.114710, 55340.210, 244.83932, 54430.270, 54468.628,
18.129150, 54947.496, 235.47574, 54579.022, 54604.846,
18.143579, 54737.932, 229.47571, 54726.340, 54741.254,
18.158020, 54315.946, 227.39621, 54872.552, 54878.073,
18.172449, 55808.491, 250.29210, 55017.522, 55015.090,
18.186880, 55352.664, 261.42413, 55161.479, 55152.437,
18.201300, 55826.934, 272.63065, 55304.386, 55289.989,
18.215719, 54762.132, 269.51349, 55446.448, 55427.862,
18.230150, 55160.154, 263.77802, 55587.870, 55566.169,
18.244560, 56021.510, 254.97641, 55728.427, 55704.604,
18.258980, 55423.980, 245.98352, 55868.507, 55843.465,
18.273390, 55665.489, 242.86224, 56008.015, 55982.573,
18.287800, 56302.386, 240.42029, 56147.135, 56122.024,
18.302210, 56628.067, 231.88914, 56285.956, 56261.825,
18.316620, 56538.259, 216.84174, 56424.567, 56401.980,
18.331020, 56486.995, 208.95499, 56562.966, 56542.401,
18.345421, 57102.538, 213.46384, 56701.333, 56683.188,
18.359819, 56880.576, 217.18616, 56839.740, 56824.325,
18.374210, 58430.157, 240.00009, 56978.220, 56965.764,
18.388611, 56743.945, 237.75311, 57117.028, 57107.677,
18.403000, 57306.614, 231.50600, 57256.050, 57249.865,
18.417379, 57485.773, 227.76950, 57395.393, 57392.351,
18.431770, 57122.907, 224.50638, 57535.350, 57535.350,
18.446150, 57123.554, 228.16263, 57675.768, 57678.634,
18.460529, 58637.900, 248.45151, 57816.745, 57822.296,
18.474911, 59516.127, 267.93018, 57958.268, 57966.328,
18.489281, 61141.905, 280.88171, 58100.173, 58110.571,
18.503660, 58650.331, 271.30655, 58242.634, 58255.207,
18.518030, 57350.904, 256.69290, 58385.431, 58400.020,
18.532391, 58670.174, 245.46851, 58528.532, 58544.981,
18.546761, 58765.491, 238.69774, 58672.096, 58690.259,
18.561119, 58070.424, 238.82089, 58815.883, 58835.614,
18.575480, 60442.359, 245.33757, 58959.997, 58981.155,
18.589840, 60742.473, 238.87561, 59104.387, 59126.837,
18.604191, 60046.598, 228.20119, 59248.928, 59272.538,
18.618549, 61608.906, 227.27859, 59393.763, 59418.406,
18.632900, 61458.766, 222.71948, 59538.709, 59564.261,
18.647240, 63442.734, 241.50397, 59683.697, 59710.036,
18.661591, 68076.239, 260.06168, 59828.930, 59855.941,
18.675930, 85931.616, 292.33044, 59974.147, 60001.715,
18.690269, 169729.34, 423.14117, 60119.435, 60147.450,
18.704611, 386997.22, 1435.6265, 60264.784, 60293.140,
18.718941, 333145.04, 1199.6810, 60410.031, 60438.623,
18.733271, 119858.05, 358.21002, 60555.261, 60583.989,
18.747601, 65563.374, 273.98334, 60700.448, 60729.214,
18.761930, 62902.129, 284.44464, 60845.560, 60874.272,
18.776260, 62220.155, 302.08813, 60990.571, 61019.136,
18.790581, 61692.577, 304.80103, 61135.354, 61163.684,
18.804899, 61570.569, 287.37854, 61279.957, 61307.968,
18.819220, 62503.314, 278.96713, 61424.390, 61452.001,
18.833530, 62481.457, 268.63208, 61568.509, 61595.642,
18.847839, 61691.916, 259.14398, 61712.361, 61738.941,
18.862150, 62049.902, 265.28516, 61855.955, 61881.910,
18.876459, 62854.239, 275.92975, 61999.224, 62024.486,
18.890770, 64014.916, 270.65454, 62142.174, 62166.680,
18.905069, 63820.300, 267.96487, 62284.643, 62308.333,
18.919371, 62847.729, 256.76874, 62426.734, 62449.552,
18.933670, 63379.753, 261.68283, 62568.378, 62590.272,
18.947960, 65440.638, 294.04568, 62709.469, 62730.391,
18.962250, 63745.139, 304.42776, 62850.070, 62869.978,
18.976540, 64567.462, 304.49493, 62990.150, 63009.005,
18.990829, 64728.792, 299.61563, 63129.676, 63147.445,
19.005119, 63857.898, 299.64044, 63268.617, 63285.271,
19.019400, 63575.845, 292.42957, 63406.846, 63422.364,
19.033680, 63623.642, 294.80917, 63544.424, 63558.788,
19.047960, 64589.646, 319.45203, 63681.316, 63694.515,
19.062229, 67455.734, 356.41876, 63817.380, 63829.411,
19.076500, 66955.297, 383.73956, 63952.709, 63963.573,
19.090771, 63207.247, 360.63013, 64087.248, 64096.955,
19.105040, 64617.536, 359.12177, 64220.945, 64229.512,
19.119310, 68309.915, 351.36526, 64353.799, 64361.249,
19.133570, 65585.387, 326.18973, 64485.649, 64492.015,
19.147829, 65119.307, 323.92841, 64616.563, 64621.888,
19.162090, 66265.027, 332.73077, 64746.522, 64750.854,
19.176340, 64912.027, 328.60864, 64875.365, 64878.765,
19.190599, 65842.908, 341.66037, 65003.242, 65005.778,
19.204849, 68042.833, 349.66245, 65129.941, 65131.695,
19.219101, 66468.139, 331.81085, 65255.524, 65256.586,
19.233339, 63447.431, 313.78439, 65379.815, 65380.289,
19.247580, 66716.054, 363.71338, 65502.905, 65502.905,
19.261820, 65997.609, 337.36542, 65624.761, 65624.409,
19.276060, 64885.294, 368.74081, 65745.462, 65744.870,
19.290300, 69301.136, 400.33936, 65865.115, 65864.381,
19.304529, 66679.481, 389.82574, 65983.731, 65982.937,
19.318760, 67605.541, 396.80392, 66101.526, 66100.742,
19.332991, 67806.924, 410.82440, 66218.588, 66217.869,
19.347219, 67235.972, 411.74811, 66335.005, 66334.394,
19.361441, 67556.388, 422.79251, 66450.833, 66450.361,
19.375660, 69163.926, 477.72540, 66566.222, 66565.905,
19.389879, 62733.752, 452.19800, 66681.288, 66681.133,
19.404100, 67979.498, 475.82214, 66796.150, 66796.150,
19.418310, 65875.505, 447.36151, 66910.800, 66910.937,
19.432520, 68228.069, 449.45139, 67025.433, 67025.676,
