# wave, flux, fluxerr, continuum, continuum_plateau
9.9725246, 112.29894, 22.124710, 111.77303, 111.77222,
9.9806166, 92.637660, 24.622147, 111.60461, 111.60442,
9.9887066, 122.51603, 21.778870, 111.44388, 111.44388,
9.9967957, 94.041655, 19.465027, 111.29092, 111.29074,
10.004880, 135.72510, 21.200731, 111.14592, 111.14522,
10.012970, 115.74855, 19.979986, 111.00881, 111.00729,
10.021050, 102.26501, 17.052006, 110.87996, 110.87736,
10.029140, 153.98990, 18.630182, 110.75919, 110.75528,
10.037220, 95.677368, 19.818754, 110.64692, 110.64151,
10.045300, 146.97364, 18.333162, 110.54311, 110.53604,
10.053380, 120.78676, 16.830498, 110.44789, 110.43903,
10.061460, 143.90457, 19.443419, 110.36141, 110.35066,
10.069540, 84.131596, 17.623751, 110.28377, 110.27106,
10.077610, 110.15675, 16.138779, 110.21520, 110.20050,
10.085690, 116.58305, 17.368736, 110.15568, 110.13896,
10.093760, 161.76398, 19.833775, 110.10548, 110.08675,
10.101830, 93.528028, 16.715113, 110.06466, 110.04395,
10.109900, 158.20965, 17.270760, 110.03336, 110.01073,
10.117970, 105.46255, 18.346586, 110.01173, 109.98726,
10.126040, 110.16516, 18.249849, 109.99993, 109.97370,
10.134100, 90.198409, 16.447956, 109.99809, 109.97022,
10.142170, 116.71440, 17.887573, 110.00636, 109.97698,
10.150230, 109.19269, 19.691208, 110.02487, 109.99412,
10.158300, 115.03880, 18.895479, 110.05383, 110.02186,
10.166360, 105.12918, 17.382084, 110.09332, 110.06030,
10.174420, 108.67471, 19.116705, 110.14354, 110.10964,
10.182470, 64.339989, 19.735687, 110.20456, 110.16997,
10.190530, 69.925006, 18.456589, 110.27670, 110.24161,
10.198590, 109.00521, 18.191467, 110.36008, 110.32468,
10.206640, 88.677319, 19.428486, 110.45471, 110.41921,
10.214690, 102.85407, 18.874195, 110.56089, 110.52548,
10.222750, 114.49781, 17.547966, 110.67892, 110.64382,
10.230800, 84.539987, 18.456341, 110.80872, 110.77411,
10.238850, 74.389970, 19.361153, 110.95060, 110.91668,
10.246890, 91.629735, 18.756563, 111.10455, 111.07151,
10.254940, 99.668436, 17.571556, 111.27112, 111.23915,
10.262990, 147.50150, 20.855667, 111.45033, 111.41961,
10.271030, 121.34549, 21.103090, 111.64214, 111.61283,
10.279070, 130.22315, 19.976177, 111.84692, 111.81917,
10.287120, 139.20531, 21.194859, 112.06519, 112.03914,
10.295150, 98.227243, 22.976749, 112.29629, 112.27206,
10.303190, 105.34194, 21.767344, 112.54130, 112.51899,
10.311230, 140.31222, 21.031963, 112.80009, 112.77979,
10.319270, 108.57547, 22.355923, 113.07293, 113.05470,
10.327300, 165.50382, 25.674118, 113.35963, 113.34350,
10.335340, 127.25237, 22.828911, 113.66111, 113.64710,
10.343370, 119.51542, 19.201042, 113.97693, 113.96501,
10.351400, 150.19348, 26.215305, 114.30758, 114.29770,
10.359430, 49.177257, 26.082794, 114.65332, 114.64540,
10.367460, 153.43435, 24.817982, 115.01438, 115.00831,
10.375480, 79.238552, 26.668987, 115.39051, 115.38612,
10.383510, 109.34136, 31.867601, 115.78291, 115.78002,
10.391530, 102.24289, 31.164076, 116.19086, 116.18923,
10.399560, 151.54111, 25.056194, 116.61558, 116.61493,
10.407580, 101.41452, 20.970125, 117.05630, 117.05630,
10.415600, 96.146328, 20.988770, 117.51359, 117.51388,
10.423620, 133.93665, 21.583693, 117.98721, 117.98746,
10.431640, 133.15700, 20.924572, 118.47656, 118.47647,
10.439650, 155.78660, 20.920872, 118.98061, 118.97992,
10.447670, 110.78429, 20.268761, 119.50015, 119.49865,
10.455680, 131.03575, 19.793600, 120.03337, 120.03086,
10.463700, 126.26146, 19.891626, 120.58118, 120.57750,
10.471710, 66.702149, 21.989803, 121.14171, 121.13673,
10.479720, 122.05277, 21.961624, 121.71520, 121.70881,
10.487730, 137.55552, 21.813005, 122.30119, 122.29332,
10.495730, 116.67142, 23.170786, 122.89852, 122.88910,
10.503740, 172.01296, 28.078125, 123.50817, 123.49716,
10.511750, 195.27996, 30.057785, 124.12898, 124.11637,
10.519750, 124.61862, 26.329052, 124.75968, 124.74547,
10.527750, 58.934376, 30.806677, 125.40071, 125.38491,
10.535750, 121.32056, 36.615990, 126.05157, 126.03420,
10.543750, 125.01168, 36.048485, 126.71174, 126.69285,
10.551750, 170.70296, 39.679310, 127.38095, 127.36058,
10.559750, 56.861556, 43.327965, 128.05861, 128.03683,
10.567850, 94.306873, 17.828491, 128.75308, 128.72994,
10.576350, 147.82641, 18.185324, 129.49026, 129.46578,
10.584840, 181.19599, 18.621216, 130.23467, 130.20895,
10.593340, 151.52754, 16.208729, 130.98764, 130.96079,
10.601830, 139.36380, 15.611284, 131.74682, 131.71893,
10.610330, 123.63801, 16.781609, 132.51357, 132.48476,
10.618820, 142.19743, 16.651253, 133.28560, 133.25598,
10.627310, 140.96517, 14.963795, 134.06317, 134.03286,
10.635800, 148.74239, 15.782606, 134.84597, 134.81509,
10.644280, 125.45618, 16.537037, 135.63244, 135.60110,
10.652770, 169.46352, 16.343599, 136.42394, 136.39226,
10.661250, 136.54218, 14.810598, 137.21821, 137.18630,
10.669740, 127.86087, 15.826812, 138.01654, 137.98451,
10.678220, 141.79436, 16.725161, 138.81665, 138.78462,
10.686700, 116.76033, 15.017044, 139.61895, 139.58702,
10.695180, 154.19182, 15.511730, 140.42295, 140.39123,
10.703650, 137.04388, 16.618950, 141.22727, 141.19584,
10.712130, 118.73441, 16.590462, 142.03312, 142.00210,
10.720600, 142.67960, 15.671947, 142.83841, 142.80788,
10.729080, 146.77189, 15.965724, 143.64436, 143.61442,
10.737550, 196.81880, 18.810503, 144.44859, 144.41932,
10.746020, 165.26061, 17.676319, 145.25170, 145.22319,
10.754490, 166.54716, 16.485430, 146.05303, 146.02535,
10.762960, 117.97981, 16.173409, 146.85228, 146.82550,
10.771420, 175.70897, 19.042532, 147.64778, 147.62198,
10.779890, 168.31221, 18.326824, 148.44122, 148.41646,
10.788350, 142.14214, 17.265354, 149.23005, 149.20640,
10.796810, 150.19052, 19.572355, 150.01476, 149.99230,
10.805270, 182.76754, 21.527557, 150.79488, 150.77366,
10.813730, 157.18250, 20.352579, 151.56990, 151.55000,
10.822190, 139.28764, 19.356243, 152.33935, 152.32083,
10.830650, 104.53161, 20.848148, 153.10273, 153.08566,
10.839100, 148.86017, 23.564548, 153.85861, 153.84307,
10.847560, 141.20152, 21.196495, 154.60838, 154.59444,
10.856010, 157.45887, 22.335360, 155.34977, 155.33751,
10.864460, 109.22369, 24.162178, 156.08304, 156.07255,
10.872910, 141.47631, 25.153208, 156.80779, 156.79916,
10.881360, 137.90729, 23.268265, 157.52358, 157.51693,
10.889800, 196.62920, 26.139297, 158.22897, 158.22440,
10.898250, 187.80956, 28.893185, 158.92513, 158.92277,
10.906690, 105.96887, 27.282810, 159.60997, 159.60997,
10.915140, 152.83132, 26.231682, 160.28474, 160.28725,
10.923580, 154.81089, 29.156248, 160.94791, 160.95305,
10.932020, 205.14063, 34.896904, 161.60058, 161.60845,
10.940460, 174.92643, 32.437283, 162.24302, 162.25369,
10.948890, 117.74262, 32.011993, 162.87471, 162.88823,
10.957330, 208.77136, 36.305328, 163.49749, 163.51387,
10.965760, 179.87297, 28.055035, 164.11013, 164.12937,
10.974200, 230.28757, 27.208107, 164.71426, 164.73635,
10.982630, 250.41032, 25.637009, 165.30872, 165.33360,
10.991060, 223.34253, 27.764679, 165.89456, 165.92219,
10.999490, 306.36765, 32.231251, 166.47190, 166.50220,
11.007920, 304.66019, 32.024349, 167.04112, 167.07400,
11.016340, 261.36753, 31.541513, 167.60170, 167.63705,
11.024770, 251.87326, 32.945877, 168.15522, 168.19292,
11.033190, 335.74812, 41.709164, 168.70065, 168.74059,
11.041610, 346.47985, 53.453667, 169.23886, 169.28090,
11.050030, 204.46211, 29.063133, 169.77010, 169.81408,
11.058450, 241.44296, 33.195091, 170.29458, 170.34036,
11.066870, 260.15397, 30.768044, 170.81254, 170.85996,
11.075290, 189.21626, 31.238762, 171.32420, 171.37309,
11.083700, 150.30391, 50.297318, 171.82923, 171.87942,
11.092120, 244.31793, 34.905411, 172.32899, 172.38032,
11.100530, 322.88078, 71.029396, 172.82252, 172.87480,
11.108940, 268.34265, 60.083954, 173.31071, 173.36378,
11.117350, 341.49611, 71.906464, 173.79369, 173.84736,
11.120570, 256.56118, 20.159384, 173.97733, 174.03118,
11.129530, 285.94983, 19.008520, 174.48451, 174.53874,
11.138500, 296.71018, 18.819212, 174.98702, 175.04143,
11.147460, 326.92046, 20.082104, 175.48394, 175.53832,
11.156430, 370.43671, 20.909435, 175.97669, 176.03086,
11.165390, 467.68703, 20.825710, 176.46438, 176.51814,
11.174350, 536.32101, 21.147243, 176.94784, 177.00101,
11.183300, 631.64095, 23.455658, 177.42681, 177.47922,
11.192260, 651.60408, 23.635006, 177.90258, 177.95405,
11.201220, 737.13728, 23.324316, 178.37489, 178.42525,
11.210170, 699.03508, 22.306629, 178.84347, 178.89258,
11.219120, 711.90016, 23.832376, 179.30910, 179.35679,
11.228070, 742.91301, 24.209822, 179.77202, 179.81816,
11.237020, 716.47921, 22.155115, 180.23243, 180.27688,
11.245970, 714.11612, 22.345898, 180.69067, 180.73331,
11.254920, 712.63526, 23.115993, 181.14694, 181.18766,
11.263860, 647.36415, 22.053610, 181.60096, 181.63966,
11.272800, 664.82122, 21.021509, 182.05355, 182.09014,
11.281750, 649.19067, 21.346226, 182.50534, 182.53974,
11.290690, 610.81806, 21.657051, 182.95572, 182.98786,
11.299630, 590.02009, 21.313330, 183.40530, 183.43512,
11.308560, 573.36907, 20.190872, 183.85391, 183.88137,
11.317500, 518.14657, 19.673651, 184.30274, 184.32780,
11.326430, 475.04798, 20.251947, 184.75108, 184.77372,
11.335370, 477.56191, 20.025942, 185.20013, 185.22034,
11.344300, 446.19260, 18.769869, 185.64918, 185.66695,
11.353230, 429.84825, 18.858664, 186.09894, 186.11429,
11.362160, 408.48841, 19.800037, 186.54961, 186.56256,
11.371080, 419.76998, 19.762163, 187.00105, 187.01163,
11.380010, 398.99619, 18.748960, 187.45436, 187.46263,
11.388930, 380.25780, 18.630032, 187.90893, 187.91493,
11.397850, 379.57715, 19.889170, 188.36537, 188.36917,
11.406780, 359.53141, 19.678551, 188.82453, 188.82620,
11.415700, 336.07244, 18.243118, 189.28557, 189.28520,
11.424610, 327.84707, 19.198269, 189.74877, 189.74645,
11.433530, 341.11114, 20.968096, 190.21538, 190.21121,
11.442450, 321.86394, 20.534126, 190.68514, 190.67923,
11.451360, 329.55983, 19.536909, 191.15780, 191.15027,
11.460270, 317.94568, 20.573997, 191.63410, 191.62508,
11.469180, 318.34864, 21.705694, 192.11429, 192.10391,
11.478090, 331.37344, 22.824493, 192.59863, 192.58702,
11.487000, 292.95865, 21.117052, 193.08737, 193.07467,
11.495910, 284.38023, 22.134697, 193.58070, 193.56706,
11.504810, 277.70873, 23.019283, 194.07845, 194.06401,
11.513710, 295.55744, 24.740950, 194.58129, 194.56621,
11.522620, 228.09982, 22.696608, 195.09014, 195.07456,
11.531520, 238.52735, 23.924438, 195.60405, 195.58813,
11.540420, 252.97508, 26.632200, 196.12388, 196.10777,
11.549310, 304.07035, 28.587299, 196.64932, 196.63317,
11.558210, 222.66739, 24.986858, 197.18183, 197.16578,
11.567100, 262.55803, 26.410172, 197.72034, 197.70454,
11.576000, 258.48850, 28.474442, 198.26652, 198.25111,
11.584890, 229.57128, 28.922201, 198.81929, 198.80439,
11.593780, 251.76202, 28.462524, 199.37949, 199.36523,
11.602670, 278.75497, 31.358744, 199.94753, 199.93402,
11.611560, 338.99307, 32.472916, 200.52360, 200.51095,
11.620440, 280.77976, 31.637545, 201.10731, 201.09560,
11.629330, 229.82187, 30.675732, 201.70029, 201.68962,
11.638210, 227.15992, 31.242197, 202.30151, 202.29192,
11.647090, 227.20952, 33.468513, 202.91180, 202.90336,
11.655970, 264.70590, 35.436169, 203.53153, 203.52425,
11.664850, 249.38187, 27.197334, 204.16103, 204.15493,
11.673730, 206.29830, 18.494579, 204.80048, 204.79555,
11.682600, 223.16499, 22.362871, 205.44953, 205.44573,
11.691480, 222.54937, 22.390930, 206.10987, 206.10714,
11.700350, 205.13000, 22.209703, 206.78038, 206.77863,
11.709220, 210.43152, 23.758514, 207.46207, 207.46119,
11.718090, 231.92699, 25.400570, 208.15525, 208.15508,
11.726960, 214.04321, 26.524929, 208.86021, 208.86059,
11.735830, 330.40799, 29.009409, 209.57728, 209.57798,
11.744690, 226.91525, 28.589878, 210.30590, 210.30668,
11.753560, 181.92291, 26.877567, 211.04812, 211.04867,
11.762420, 248.64811, 31.205078, 211.80249, 211.80249,
11.771280, 191.32736, 46.076633, 212.57010, 212.56919,
11.775020, 210.19885, 16.681192, 212.89784, 212.89643,
11.784500, 211.13936, 17.378740, 213.73822, 213.73530,
11.793980, 232.98471, 17.453852, 214.59119, 214.58644,
11.803460, 221.28889, 18.554411, 215.45583, 215.44894,
11.812940, 225.60336, 15.788151, 216.33084, 216.32154,
11.822420, 282.47318, 17.500889, 217.21530, 217.20336,
11.831890, 250.45548, 16.804874, 218.10703, 218.09224,
11.841360, 240.75212, 15.857649, 219.00590, 218.98809,
11.850840, 276.89154, 15.979944, 219.91173, 219.89075,
11.860310, 261.00623, 16.289265, 220.82161, 220.79734,
11.869770, 267.84996, 16.491058, 221.73443, 221.70677,
11.879240, 233.94544, 15.210972, 222.65095, 222.61982,
11.888710, 241.99563, 14.697091, 223.56917, 223.53451,
11.898170, 262.75207, 15.552259, 224.48706, 224.44885,
11.907630, 266.16050, 16.075560, 225.40437, 225.36261,
11.917090, 245.20970, 15.197262, 226.32022, 226.27491,
11.926550, 269.33548, 15.049864, 227.23332, 227.18450,
11.936010, 261.15589, 15.133493, 228.14278, 228.09051,
11.945470, 226.42612, 15.103401, 229.04733, 228.99170,
11.954920, 246.23836, 15.066774, 229.94507, 229.88618,
11.964370, 284.41428, 15.136694, 230.83582, 230.77381,
11.973830, 263.60250, 14.975051, 231.71948, 231.65451,
11.983280, 259.66942, 15.545780, 232.59299, 232.52526,
11.992720, 268.24044, 15.660700, 233.45528, 233.38502,
12.002170, 268.08881, 15.034825, 234.30719, 234.23464,
12.011610, 255.43549, 14.921659, 235.14580, 235.07126,
12.021060, 258.50927, 15.843044, 235.97170, 235.89550,
12.030500, 260.03495, 15.918653, 236.78212, 236.70463,
12.039940, 250.19998, 15.301479, 237.57671, 237.49834,
12.049380, 283.30306, 15.750836, 238.35451, 238.27573,
12.058820, 253.66508, 16.194489, 239.11424, 239.03557,
12.068250, 242.33968, 16.404306, 239.85412, 239.77612,
12.077690, 238.04514, 15.833372, 240.57458, 240.49787,
12.087120, 249.23202, 15.637209, 241.27289, 241.19816,
12.096550, 271.42092, 16.983620, 241.94871, 241.87671,
12.105980, 229.12994, 16.903221, 242.60089, 242.53245,
12.115410, 257.68620, 17.536839, 243.22827, 243.16429,
12.124830, 243.20232, 16.724789, 243.82909, 243.77055,
12.134260, 235.98661, 17.263847, 244.40339, 244.35137,
12.143680, 222.56876, 18.093567, 244.94878, 244.90442,
12.153100, 256.06655, 19.098486, 245.46476, 245.42934,
12.162520, 251.77706, 21.183226, 245.95010, 245.92497,
12.171940, 231.50305, 18.389936, 246.40352, 246.39016,
12.181360, 241.41201, 19.740334, 246.82392, 246.82392,
12.190770, 278.87663, 21.113371, 247.20991, 247.22492,
12.200180, 230.55082, 19.602528, 247.56240, 247.59396,
12.209600, 259.52991, 20.498762, 247.88244, 247.93196,
12.219010, 255.68388, 21.667055, 248.17004, 248.23871,
12.228420, 248.46107, 22.604977, 248.42627, 248.51517,
12.237820, 261.96037, 23.177258, 248.65157, 248.76162,
12.247230, 284.99760, 23.375778, 248.84715, 248.97916,
12.256630, 261.26799, 23.902403, 249.01323, 249.16785,
12.266040, 347.38875, 27.595402, 249.15083, 249.32861,
12.275440, 451.34471, 29.847073, 249.26031, 249.46166,
12.284840, 359.94175, 28.546555, 249.34246, 249.56768,
12.294230, 257.28377, 26.901121, 249.39789, 249.64716,
12.303630, 223.12102, 35.844429, 249.42732, 249.70076,
12.313030, 290.02924, 32.154236, 249.43129, 249.72893,
12.322420, 282.46796, 36.645462, 249.41046, 249.73216,
12.331810, 294.66656, 24.738907, 249.36543, 249.71104,
12.341200, 287.31178, 20.826048, 249.29679, 249.66605,
12.350590, 265.28822, 21.066662, 249.20513, 249.59772,
12.359980, 313.63697, 22.831072, 249.09101, 249.50653,
12.369360, 295.65932, 22.395996, 248.95516, 249.39312,
12.378750, 254.92218, 23.044907, 248.79785, 249.25775,
12.388130, 262.51445, 25.497959, 248.61997, 249.10118,
12.397510, 265.78061, 25.656120, 248.42191, 248.92382,
12.406890, 256.31505, 25.239481, 248.20419, 248.72609,
12.416270, 310.16682, 28.083035, 247.96735, 248.50851,
12.425640, 261.79492, 26.898039, 247.71221, 248.27184,
12.435020, 298.33750, 30.160917, 247.43872, 248.01602,
12.444390, 302.77802, 29.562593, 247.14800, 247.74211,
12.453760, 286.64418, 26.518476, 246.84027, 247.45030,
12.463130, 251.95215, 27.076355, 246.51603, 247.14106,
12.472500, 288.09134, 32.369148, 246.17576, 246.81487,
12.481870, 284.64515, 39.757053, 245.81997, 246.47219,
12.489420, 299.84132, 18.282227, 245.52230, 246.18439,
12.499490, 335.28916, 19.489290, 245.11053, 245.78477,
12.509550, 319.69666, 18.608364, 244.68283, 245.36806,
12.519610, 337.34817, 18.029402, 244.23941, 244.93446,
12.529670, 310.91205, 17.303240, 243.78090, 244.48457,
12.539730, 304.23014, 17.871571, 243.30776, 244.01889,
12.549780, 334.32046, 19.639929, 242.82114, 243.53851,
12.559840, 335.00423, 17.457388, 242.32057, 243.04301,
12.569890, 342.34271, 16.985279, 241.80765, 242.53398,
12.579940, 317.49045, 17.018675, 241.28243, 242.01145,
12.589990, 354.70524, 17.662554, 240.74544, 241.47599,
12.600040, 312.28677, 16.238491, 240.19717, 240.92809,
12.610090, 342.47232, 16.191692, 239.63827, 240.36841,
12.620130, 370.32342, 18.322422, 239.06982, 239.79805,
12.630170, 379.45655, 17.290854, 238.49171, 239.21692,
12.640210, 364.62819, 17.218765, 237.90451, 238.62561,
12.650250, 343.92948, 15.950386, 237.30876, 238.02467,
12.660290, 355.37466, 16.127634, 236.70502, 237.41470,
12.670330, 365.69271, 16.315742, 236.09370, 236.79613,
12.680360, 357.20253, 16.606581, 235.47601, 236.17020,
12.690390, 390.06977, 16.617998, 234.85183, 235.53682,
12.700420, 388.93431, 16.175520, 234.22161, 234.89646,
12.710450, 400.84340, 16.444544, 233.58596, 234.24977,
12.720480, 411.66067, 17.527264, 232.94533, 233.59723,
12.730500, 375.04489, 18.963839, 232.30084, 232.93999,
12.740530, 395.25017, 16.339788, 231.65175, 232.27734,
12.750550, 396.83674, 16.026028, 230.99979, 231.61107,
12.760570, 389.75424, 16.579323, 230.34491, 230.94114,
12.770590, 390.75393, 16.753145, 229.68747, 230.26795,
12.780610, 400.20298, 16.859655, 229.02803, 229.59210,
12.790620, 417.05754, 17.940557, 228.36777, 228.91483,
12.800640, 716.10915, 20.606833, 227.70580, 228.23524,
12.810650, 1506.6117, 29.135181, 227.04400, 227.55527,
12.820660, 972.87944, 24.055929, 226.38215, 226.87476,
12.830670, 375.07231, 16.018383, 225.72068, 226.19415,
12.840680, 332.08812, 15.845257, 225.06021, 225.51410,
12.850680, 306.06583, 15.942410, 224.40180, 224.83572,
12.860690, 287.15915, 16.159025, 223.74467, 224.15824,
12.870690, 304.95560, 16.165995, 223.09056, 223.48347,
12.880690, 288.40569, 15.648090, 222.43941, 222.81137,
12.890690, 279.24425, 15.817978, 221.79157, 222.14231,
12.900680, 252.14347, 15.992950, 221.14828, 221.47760,
12.910680, 284.96089, 16.991032, 220.50867, 220.81636,
12.920670, 267.17194, 16.061089, 219.87458, 220.16049,
12.930670, 261.85763, 16.134319, 219.24519, 219.50916,
12.940660, 225.27168, 16.109818, 218.62223, 218.86420,
12.950640, 256.93464, 17.554039, 218.00633, 218.22622,
12.960630, 256.15112, 17.292723, 217.39655, 217.59431,
12.970620, 229.52226, 16.623251, 216.79418, 216.96978,
12.980600, 245.00611, 17.383280, 216.20022, 216.35368,
12.990580, 237.55989, 18.280415, 215.61467, 215.74601,
13.000560, 233.93713, 18.232256, 215.03792, 215.14717,
13.010540, 237.47909, 18.569555, 214.47054, 214.55777,
13.020520, 213.15212, 17.785234, 213.91304, 213.97832,
13.030490, 223.07064, 19.246330, 213.36653, 213.40996,
13.040470, 228.20901, 20.246786, 212.83037, 212.85202,
13.050440, 191.83448, 19.976978, 212.30622, 212.30622,
13.060410, 194.38243, 19.729696, 211.79393, 211.77239,
13.070380, 224.03455, 20.637724, 211.29340, 211.25050,
13.080350, 234.99285, 22.445704, 210.80460, 210.74056,
13.090310, 180.67651, 22.134201, 210.32776, 210.24289,
13.100280, 214.47552, 23.219732, 209.86185, 209.75645,
13.110240, 230.12754, 23.196106, 209.40760, 209.28209,
13.120200, 184.01119, 23.493210, 208.96445, 208.81924,
13.130160, 195.93059, 25.134497, 208.53225, 208.36783,
13.140110, 269.54765, 21.515736, 208.11133, 207.92824,
13.150070, 239.08443, 16.683832, 207.70067, 207.49944,
13.160020, 217.14953, 16.579193, 207.30102, 207.08227,
13.169980, 217.89797, 17.994827, 206.91143, 206.67578,
13.179930, 228.74771, 18.696571, 206.53261, 206.28073,
13.189870, 207.87625, 18.978697, 206.16438, 205.89698,
13.199820, 196.09829, 18.647440, 205.80593, 205.52373,
13.209770, 225.78990, 18.973505, 205.45751, 205.16124,
13.219710, 220.08092, 19.187616, 205.11938, 204.80985,
13.229650, 233.99871, 20.942354, 204.79114, 204.46912,
13.239590, 179.37961, 20.711205, 204.47261, 204.13894,
13.249530, 225.91325, 21.688602, 204.16376, 203.81925,
13.259470, 143.14437, 19.999920, 203.86450, 203.51001,
13.269410, 182.03455, 21.335865, 203.57475, 203.21114,
13.279340, 219.84277, 26.478582, 203.29474, 202.92289,
13.289270, 177.29802, 25.729513, 203.02406, 202.64485,
13.299200, 212.69019, 27.346493, 202.76269, 202.37700,
13.309130, 234.27464, 29.228127, 202.51055, 202.11928,
13.318260, 227.10463, 16.887360, 202.28679, 201.89118,
13.328980, 207.52737, 15.613422, 202.03390, 201.63417,
13.339690, 219.17786, 16.213856, 201.79179, 201.38900,
13.350400, 204.39160, 16.616861, 201.56016, 201.15534,
13.361120, 249.29836, 17.305122, 201.33874, 200.93293,
13.371830, 209.60882, 15.359749, 201.12790, 200.72213,
13.382530, 206.83881, 15.097948, 200.92754, 200.52283,
13.393240, 186.55030, 15.482677, 200.73727, 200.33463,
13.403940, 246.41042, 16.862291, 200.55739, 200.15780,
13.414650, 224.26657, 18.395844, 200.38753, 199.99197,
13.425350, 238.66751, 15.790318, 200.22797, 199.83739,
13.436050, 210.61400, 14.856115, 200.07853, 199.69385,
13.446740, 223.87681, 15.282774, 199.93931, 199.56142,
13.457440, 203.67188, 15.135739, 199.81002, 199.43981,
13.468130, 226.83886, 14.780954, 199.69090, 199.32920,
13.478830, 230.10198, 14.424057, 199.58171, 199.22934,
13.489520, 238.68045, 14.469604, 199.48265, 199.14037,
13.500200, 261.39614, 15.468966, 199.39369, 199.06223,
13.510890, 241.14884, 14.721362, 199.31466, 198.99472,
13.521570, 240.71205, 14.298857, 199.24572, 198.93794,
13.532260, 249.87351, 13.980267, 199.18675, 198.89174,
13.542940, 239.16863, 14.039316, 199.13788, 198.85619,
13.553620, 237.62860, 14.641645, 199.09905, 198.83119,
13.564290, 229.66509, 14.268470, 199.07033, 198.81673,
13.574970, 233.40927, 13.853468, 199.05168, 198.81276,
13.585640, 244.39828, 13.590137, 199.04317, 198.81924,
13.596320, 235.48633, 13.999023, 199.04481, 198.83618,
13.606990, 225.73951, 14.383781, 199.05665, 198.86351,
13.617650, 228.27240, 14.294255, 199.07870, 198.90118,
13.628320, 223.05764, 13.614842, 199.11105, 198.94925,
13.638980, 216.83570, 13.657238, 199.15369, 199.00760,
13.649650, 241.02230, 14.513536, 199.20675, 199.07633,
13.660310, 231.22551, 14.970256, 199.27021, 199.15529,
13.670970, 212.60453, 16.249712, 199.34416, 199.24453,
13.681630, 207.59827, 13.957245, 199.42869, 199.34404,
13.692280, 216.80822, 14.483515, 199.52376, 199.45370,
13.702940, 234.03030, 15.229059, 199.62964, 199.57370,
13.713590, 207.61403, 15.557018, 199.74621, 199.70381,
13.724240, 212.58837, 15.569906, 199.87365, 199.84415,
13.734890, 225.73317, 15.822025, 200.01205, 199.99468,
13.745530, 249.76857, 16.638206, 200.16137, 200.15527,
13.756180, 222.22887, 16.412506, 200.32198, 200.32621,
13.766820, 206.96933, 17.527660, 200.49369, 200.50719,
13.777460, 190.68463, 17.624567, 200.67676, 200.69836,
13.788100, 232.80818, 16.910789, 200.87129, 200.89972,
13.798740, 203.73109, 16.846613, 201.07741, 201.11128,
13.809380, 226.23629, 18.375845, 201.29523, 201.33303,
13.820010, 199.21776, 18.245903, 201.52469, 201.56479,
13.830640, 204.64050, 18.559086, 201.76608, 201.80674,
13.841270, 224.43907, 18.689972, 202.01959, 202.05893,
13.851900, 212.39161, 18.509525, 202.28530, 202.32132,
13.862530, 239.79698, 25.813591, 202.56339, 202.59396,
13.873150, 225.59485, 20.882389, 202.85376, 202.87660,
13.883780, 227.46736, 21.382412, 203.15707, 203.16976,
13.894400, 199.74225, 20.600588, 203.47294, 203.47294,
13.905020, 189.10824, 21.326065, 203.80166, 203.78632,
13.915640, 175.45202, 21.905039, 204.14259, 204.10937,
13.926250, 245.62881, 24.369221, 204.49462, 204.44118,
13.936870, 201.59512, 23.641357, 204.85756, 204.78169,
13.947480, 234.90659, 23.299858, 205.23007, 205.12975,
13.958090, 198.03793, 24.246044, 205.61161, 205.48497,
13.968700, 201.23778, 24.962622, 206.00150, 205.84681,
13.979310, 198.24025, 26.528599, 206.39888, 206.21459,
13.989910, 242.61089, 26.824100, 206.80268, 206.58740,
14.000520, 221.92362, 25.781727, 207.21287, 206.96529,
14.011120, 227.86385, 28.017593, 207.62794, 207.34699,
14.021720, 186.84461, 28.617111, 208.04751, 207.73221,
14.032320, 202.92584, 30.583321, 208.47084, 208.12037,
14.042920, 188.68035, 28.887165, 208.89717, 208.51084,
14.053510, 219.75643, 30.271048, 209.32533, 208.90265,
14.064110, 207.94336, 30.505100, 209.75543, 209.29595,
14.074700, 216.77563, 34.943474, 210.18591, 209.68941,
14.085290, 171.21288, 35.219795, 210.61637, 210.08273,
14.095870, 262.09444, 25.948441, 211.04572, 210.47500,
14.106460, 234.42525, 20.643095, 211.47399, 210.86633,
14.117040, 220.34615, 20.143991, 211.89968, 211.25540,
14.127630, 208.79419, 22.231602, 212.32283, 211.64235,
14.138210, 244.00787, 24.131859, 212.74187, 212.02580,
14.148790, 220.28814, 23.369938, 213.15647, 212.40556,
14.159370, 193.05224, 22.736694, 213.56589, 212.78100,
14.169940, 248.05129, 23.835022, 213.96897, 213.15116,
14.180520, 268.10427, 44.983425, 214.36577, 213.51617,
14.182090, 268.49253, 20.318495, 214.42403, 213.56982,
14.193560, 207.46003, 17.401306, 214.84450, 213.95754,
14.205030, 199.82943, 17.587132, 215.25516, 214.33722,
14.216500, 253.28496, 19.234928, 215.65497, 214.70802,
14.227970, 265.65389, 18.942680, 216.04298, 215.06920,
14.239430, 224.69578, 16.748653, 216.41792, 215.41968,
14.250890, 234.85972, 16.081289, 216.77909, 215.75897,
14.262350, 239.80116, 16.625908, 217.12556, 216.08634,
14.273810, 226.56465, 16.590775, 217.45631, 216.40099,
14.285270, 210.94739, 16.220772, 217.77029, 216.70211,
14.296730, 218.33242, 15.046791, 218.06655, 216.98896,
14.308180, 219.52167, 14.645211, 218.34379, 217.26048,
14.319630, 214.01137, 14.787230, 218.60125, 217.51616,
14.331080, 230.27182, 15.979985, 218.83793, 217.75522,
14.342530, 232.60242, 15.976946, 219.05274, 217.97683,
14.353970, 229.94128, 14.756575, 219.24446, 218.18002,
14.365410, 232.66809, 14.496372, 219.41225, 218.36424,
14.376860, 237.06956, 14.701569, 219.55512, 218.52877,
14.388300, 247.84483, 15.877417, 219.67175, 218.67256,
14.399730, 236.31723, 15.670793, 219.76108, 218.79482,
14.411170, 207.73067, 14.065488, 219.82218, 218.89496,
14.422600, 219.51728, 14.149030, 219.85379, 218.97200,
14.434030, 199.32388, 13.878583, 219.85484, 219.02520,
14.445460, 228.08515, 15.530297, 219.82418, 219.05376,
14.456890, 225.90477, 15.111817, 219.76064, 219.05682,
14.468320, 229.61307, 14.601763, 219.66304, 219.03357,
14.479740, 222.01873, 13.719193, 219.53028, 218.98323,
14.491160, 218.48474, 13.581615, 219.36110, 218.90493,
14.502580, 215.52218, 14.262773, 219.15428, 218.79785,
14.514000, 219.74826, 14.457773, 218.90852, 218.66112,
14.525420, 231.54250, 14.218258, 218.62258, 218.49388,
14.536830, 203.90706, 12.549729, 218.29549, 218.29549,
14.548240, 201.78341, 12.815151, 217.92648, 218.06537,
14.559650, 234.49620, 16.390934, 217.51822, 217.80486,
14.571060, 213.71346, 14.195854, 217.07421, 217.51580,
14.582470, 231.88426, 14.152817, 216.59786, 217.19996,
14.593870, 214.59916, 14.861082, 216.09303, 216.85942,
14.605270, 238.80474, 14.484042, 215.56273, 216.49571,
14.616670, 229.84076, 14.388376, 215.01041, 216.11063,
14.628070, 217.96332, 16.848825, 214.43933, 215.70589,
14.639470, 238.61384, 15.702856, 213.85293, 215.28329,
14.650860, 210.92046, 14.367357, 213.25511, 214.84500,
14.662260, 226.00240, 14.940829, 212.64813, 214.39196,
14.673650, 229.27177, 15.400437, 212.03645, 213.92677,
14.685040, 220.69276, 16.399076, 211.42281, 213.45074,
14.696420, 210.51604, 16.466833, 210.81120, 212.96612,
14.707810, 234.11222, 16.481100, 210.20374, 212.47371,
14.719190, 232.16754, 16.671095, 209.60498, 211.97622,
14.730570, 236.98459, 17.108162, 209.01760, 211.47487,
14.741950, 237.56172, 18.681324, 208.44499, 210.97144,
14.753330, 222.79610, 18.450697, 207.89050, 210.46766,
14.764700, 230.96821, 18.246140, 207.35797, 209.96574,
14.776080, 226.12299, 17.620525, 206.84978, 209.46649,
14.787450, 203.45447, 17.123686, 206.37025, 208.97257,
14.798820, 206.59957, 18.437994, 205.92227, 208.48525,
14.810190, 187.49178, 17.845181, 205.50923, 208.00622,
14.821550, 211.41302, 17.838936, 205.13488, 207.53770,
14.832920, 202.17354, 17.594759, 204.80202, 207.08059,
14.844280, 193.49453, 16.690365, 204.51463, 206.63741,
14.855640, 235.04528, 19.019814, 204.27589, 206.20951,
14.866990, 205.40467, 18.553560, 204.08944, 205.79899,
14.878350, 232.10611, 19.105732, 203.95844, 205.40685,
14.889710, 200.19851, 18.125643, 203.88664, 205.03523,
14.901060, 211.52594, 17.861303, 203.87756, 204.68618,
14.912410, 193.47228, 18.256958, 203.93472, 204.36110,
14.923760, 220.16507, 19.745193, 204.06174, 204.06174,
14.935100, 190.94194, 20.122272, 204.26092, 203.78978,
14.946450, 204.20347, 20.224197, 204.53073, 203.54465,
14.957790, 226.03498, 20.075575, 204.86765, 203.32645,
14.969130, 204.71933, 20.699993, 205.26890, 203.13459,
14.980470, 223.53132, 22.001831, 205.73160, 202.96867,
14.991810, 215.70317, 22.905254, 206.25281, 202.82835,
15.003140, 232.03213, 23.335663, 206.82913, 202.71335,
15.014480, 237.16795, 22.870398, 207.45862, 202.62314,
15.025810, 212.04548, 23.184851, 208.13749, 202.55751,
15.037140, 220.79520, 23.512388, 208.86334, 202.51603,
15.048460, 250.81853, 26.723434, 209.63277, 202.49838,
15.059790, 216.70269, 26.181431, 210.44432, 202.50417,
15.071110, 230.47078, 25.870779, 211.29389, 202.53309,
15.082440, 225.40166, 19.538197, 212.18027, 202.58485,
15.093750, 213.37863, 16.012682, 213.09824, 202.65895,
15.105070, 222.71660, 17.388283, 214.04763, 202.75526,
15.116390, 239.39132, 19.097763, 215.02493, 202.87341,
15.127700, 210.90175, 18.250023, 216.02655, 203.01294,
15.139020, 240.28344, 19.875549, 217.05170, 203.17381,
15.150330, 243.53401, 19.658485, 218.09586, 203.35541,
15.162390, 249.12013, 21.204243, 219.22834, 203.57174,
15.174730, 209.75347, 19.921030, 220.40423, 203.81695,
15.187070, 229.59492, 20.862324, 221.59398, 204.08589,
15.199410, 246.73545, 22.240654, 222.79437, 204.37823,
15.211740, 239.20539, 21.074490, 224.00084, 204.69328,
15.224080, 249.99563, 19.846550, 225.21227, 205.03127,
15.236410, 243.85776, 18.308313, 226.42314, 205.39123,
15.248740, 230.43698, 18.169931, 227.63114, 205.77311,
15.261060, 204.67430, 19.417120, 228.83189, 206.17618,
15.273390, 217.05713, 19.394449, 230.02408, 206.60081,
15.285710, 261.28984, 19.601984, 231.20242, 207.04596,
15.298030, 250.52166, 18.454712, 232.36439, 207.51158,
15.310350, 211.51029, 17.396454, 233.50679, 207.99742,
15.322660, 218.57771, 18.781908, 234.62521, 208.50267,
15.334980, 221.50057, 19.629972, 235.71807, 209.02784,
15.347290, 231.72943, 20.402441, 236.78030, 209.57180,
15.359600, 248.24795, 19.286724, 237.80932, 210.13464,
15.371900, 192.03959, 17.492651, 238.80088, 210.71553,
15.384210, 234.34400, 19.667917, 239.75320, 211.31517,
15.396510, 247.94723, 20.481434, 240.66127, 211.93229,
15.408810, 234.88172, 22.788683, 241.52228, 212.56699,
15.421110, 263.47766, 20.343195, 242.33285, 213.21909,
15.433410, 227.21936, 17.329769, 243.08929, 213.88819,
15.445700, 237.51041, 17.273045, 243.78861, 214.57352,
15.457990, 252.35731, 17.973372, 244.43290, 215.27531,
15.470280, 270.60605, 19.556910, 245.02463, 215.99328,
15.482570, 244.79478, 17.680099, 245.56627, 216.72715,
15.494860, 242.99584, 16.556028, 246.06023, 217.47666,
15.507140, 235.29173, 15.750355, 246.50857, 218.24095,
15.519420, 250.56761, 16.154770, 246.91404, 219.02024,
15.531700, 285.51837, 17.644983, 247.27904, 219.81442,
15.543980, 583.37984, 22.055815, 247.60583, 220.62310,
15.556260, 754.50058, 23.757065, 247.89676, 221.44614,
15.568530, 415.12200, 17.941990, 248.15388, 222.28251,
15.580800, 241.43888, 15.143995, 248.37970, 223.13267,
15.593070, 257.18910, 16.700130, 248.57647, 223.99636,
15.605340, 229.61464, 16.427681, 248.74641, 224.87334,
15.617600, 245.39462, 16.442482, 248.89161, 225.76267,
15.629860, 270.24087, 15.726448, 249.01440, 226.66473,
15.642120, 219.80548, 13.919347, 249.11697, 227.57942,
15.654380, 249.62480, 15.049518, 249.20148, 228.50636,
15.666640, 237.66146, 15.158974, 249.27009, 229.44547,
15.678890, 259.65290, 15.960565, 249.32489, 230.39564,
15.691140, 262.86235, 15.612629, 249.36810, 231.35743,
15.703390, 243.10371, 14.379878, 249.40182, 232.33063,
15.715640, 259.56498, 15.405776, 249.42819, 233.31501,
15.727890, 229.04720, 15.555856, 249.44931, 234.31037,
15.740130, 268.91406, 17.075855, 249.46730, 235.31569,
15.752370, 262.84921, 16.885319, 249.48428, 236.33146,
15.764610, 288.66579, 17.145168, 249.50236, 237.35762,
15.776850, 274.55717, 17.492847, 249.52363, 238.39381,
15.789090, 251.20091, 17.143860, 249.55022, 239.43999,
15.801320, 280.17466, 18.979927, 249.58420, 240.49496,
15.813550, 260.32590, 19.660843, 249.62771, 241.55941,
15.825780, 289.99099, 19.990082, 249.68285, 242.63314,
15.838010, 273.46896, 19.227760, 249.75176, 243.71596,
15.850230, 264.21017, 18.975248, 249.83649, 244.80682,
15.862450, 275.85929, 19.353771, 249.93922, 245.90627,
15.874670, 283.26243, 20.770403, 250.06209, 247.01430,
15.886890, 271.12230, 20.043907, 250.20727, 248.13063,
15.899110, 284.36302, 20.579723, 250.37690, 249.25499,
15.911320, 277.04605, 19.295757, 250.57302, 250.38639,
15.923540, 272.89543, 19.767418, 250.79813, 251.52651,
15.935750, 254.52063, 20.164413, 251.05405, 252.67320,
15.947960, 274.76149, 20.990620, 251.34320, 253.82725,
15.960160, 309.92529, 21.718491, 251.66754, 254.98758,
15.972370, 285.95621, 21.490648, 252.02984, 256.15583,
15.984570, 295.85558, 21.073002, 252.43177, 257.32990,
15.996770, 267.23107, 20.711256, 252.87596, 258.51070,
16.008961, 281.06538, 22.194933, 253.36430, 259.69705,
16.021160, 299.48040, 23.063423, 253.89985, 260.89054,
16.033350, 322.09529, 23.832666, 254.48418, 262.08921,
16.045549, 270.68974, 21.662561, 255.12060, 263.29478,
16.057739, 275.96052, 22.140352, 255.81052, 264.50519,
16.069920, 290.78260, 23.504818, 256.55626, 265.72027,
16.082109, 277.59992, 23.049234, 257.36147, 266.94174,
16.094290, 261.51435, 23.565422, 258.22740, 268.16754,
16.106470, 282.04992, 25.269096, 259.15719, 269.39846,
16.118650, 240.88177, 24.083668, 260.15340, 270.63432,
16.130831, 211.39713, 21.877949, 261.21865, 271.87498,
16.143009, 276.67297, 24.352320, 262.35539, 273.12008,
16.155180, 266.77535, 26.043076, 263.56570, 274.36886,
16.167351, 244.65265, 32.046093, 264.85297, 275.62195,
16.179520, 306.50801, 29.238394, 266.21974, 276.87899,
16.191681, 280.56036, 26.347189, 267.66808, 278.13923,
16.203850, 274.19460, 30.334398, 269.20265, 279.40410,
16.216009, 274.85511, 30.871126, 270.82414, 280.67166,
16.228170, 298.25771, 38.158211, 272.53695, 281.94294,
16.240330, 250.40275, 34.230434, 274.34351, 283.21739,
16.252489, 272.92230, 36.691898, 276.24711, 284.49506,
16.264641, 283.95363, 34.874962, 278.24956, 285.77500,
16.276791, 248.48736, 37.930275, 280.35481, 287.05764,
16.288950, 251.51534, 38.076965, 282.56569, 288.34406,
16.301090, 344.89543, 50.377415, 284.86790, 289.63107,
16.313240, 300.78757, 47.959297, 287.25541, 290.92156,
16.325380, 330.79455, 50.787304, 289.71318, 292.21334,
16.337530, 369.01756, 33.744339, 292.23379, 293.50831,
16.349670, 357.41455, 28.663307, 294.80207, 294.80428,
16.361799, 336.85281, 26.704548, 297.40631, 296.10090,
16.373940, 339.05309, 30.783987, 300.04026, 297.40047,
16.386070, 316.32944, 29.888905, 302.68824, 298.70059,
16.398211, 448.36238, 31.866081, 305.34328, 300.00317,
16.410339, 400.42670, 28.090862, 307.98968, 301.30580,
16.422461, 424.56828, 29.577017, 310.61716, 302.60876,
16.434589, 462.24873, 33.086430, 313.21791, 303.91353,
16.446711, 359.64654, 30.844536, 315.77755, 305.21834,
16.458839, 373.68058, 27.666981, 318.28814, 306.52468,
16.470961, 444.49509, 33.948528, 320.73535, 307.83075,
16.483070, 411.54434, 31.994476, 323.10737, 309.13602,
16.495190, 354.12640, 42.586269, 325.39710, 310.44259,
16.500280, 393.25754, 26.790043, 326.33108, 310.99147,
16.513599, 370.93976, 23.486509, 328.68889, 312.42754,
16.526911, 349.72330, 21.392998, 330.90935, 313.86269,
16.540211, 331.43103, 21.353983, 332.97701, 315.29632,
16.553520, 361.49611, 22.524536, 334.87993, 316.73049,
16.566820, 324.01717, 22.617983, 336.60008, 318.16297,
16.580120, 341.44603, 23.455109, 338.12345, 319.59459,
16.593420, 313.91237, 21.130243, 339.43452, 321.02516,
16.606710, 322.98281, 22.101768, 340.51689, 322.45347,
16.620001, 341.03789, 22.307383, 341.36198, 323.88035,
16.633301, 383.20537, 23.615582, 341.98512, 325.30664,
16.646589, 352.64076, 23.286449, 342.40638, 326.72989,
16.659870, 332.12335, 21.283768, 342.64718, 328.15032,
16.673149, 280.27478, 18.768845, 342.72851, 329.56837,
16.686440, 342.26226, 18.948034, 342.67092, 330.98525,
16.699711, 348.93743, 19.194107, 342.49517, 332.39753,
16.712990, 335.65726, 20.004917, 342.22149, 333.80786,
16.726271, 330.27087, 20.189692, 341.87027, 335.21543,
16.739540, 334.56276, 19.262293, 341.46223, 336.61865,
16.752810, 348.31739, 18.587286, 341.01736, 338.01851,
16.766081, 329.89308, 17.799288, 340.55580, 339.41505,
16.779341, 357.58820, 19.191637, 340.09821, 340.80664,
16.792601, 351.90218, 20.079365, 339.66437, 342.19431,
16.805870, 391.13329, 20.717999, 339.27420, 343.57886,
16.819120, 347.72763, 19.304937, 338.94869, 344.95709,
16.832380, 363.18491, 18.001526, 338.70731, 346.33179,
16.845631, 340.41779, 16.774252, 338.57069, 347.70079,
16.858891, 341.39321, 17.404034, 338.55897, 349.06585,
16.872141, 381.60449, 19.630564, 338.69261, 350.42481,
16.885380, 322.51252, 18.684452, 338.99171, 351.77728,
16.898630, 312.12580, 18.553995, 339.47176, 353.12539,
16.911869, 337.32255, 18.644930, 340.12454, 354.46660,
16.925110, 371.21732, 19.293873, 340.93764, 355.80208,
16.938351, 365.91556, 20.276712, 341.89818, 357.13141,
16.951580, 358.00062, 21.053341, 342.99250, 358.45325,
16.964821, 340.04607, 21.319813, 344.20988, 359.76967,
16.978050, 359.94375, 21.078974, 345.53573, 361.07818,
16.991270, 367.87812, 20.114927, 346.95756, 362.37877,
17.004499, 374.32922, 18.776367, 348.46509, 363.67310,
17.017719, 444.50509, 19.800056, 350.04385, 364.95910,
17.030951, 647.47358, 23.201431, 351.68411, 366.23857,
17.044161, 552.76062, 22.976118, 353.36960, 367.50818,
17.057381, 353.76353, 19.291111, 355.09200, 368.77063,
17.070601, 376.81773, 19.202679, 356.83796, 370.02480,
17.083811, 377.76073, 19.714500, 358.59410, 371.26954,
17.097019, 349.57949, 18.268719, 360.34932, 372.50538,
17.110229, 324.61474, 19.241659, 362.09204, 373.73243,
17.123430, 359.61074, 20.780743, 363.80868, 374.94940,
17.136641, 337.53714, 20.013018, 365.48961, 376.15782,
17.149839, 358.00227, 19.469584, 367.12006, 377.35554,
17.163040, 393.00219, 20.626183, 368.68958, 378.54354,
17.176229, 362.27695, 18.937925, 370.18450, 379.72038,
17.189430, 382.40320, 19.970520, 371.59517, 380.88787,
17.202620, 394.03890, 21.603828, 372.90691, 382.04374,
17.215811, 384.16047, 21.373486, 374.10882, 383.18892,
17.229000, 372.16158, 21.067060, 375.18817, 384.32282,
17.242180, 399.95546, 22.718105, 376.13204, 385.44456,
17.255369, 394.03000, 23.644577, 376.92927, 386.55550,
17.268551, 359.46094, 23.926537, 377.56617, 387.65394,
17.281719, 344.06474, 23.317249, 378.03385, 388.73916,
17.294901, 390.31971, 27.217365, 378.33909, 389.81311,
17.308069, 388.65899, 29.087902, 378.49069, 390.87334,
17.321251, 391.68951, 25.706255, 378.49831, 391.92173,
17.334410, 392.23340, 25.386673, 378.37132, 392.95514,
17.347580, 427.97037, 26.436867, 378.11871, 393.97602,
17.360750, 421.78526, 26.703686, 377.74961, 394.98317,
17.373911, 427.05621, 27.972107, 377.27340, 395.97560,
17.387070, 414.19992, 27.359301, 376.69885, 396.95363,
17.400230, 339.19892, 25.417835, 376.03465, 397.91724,
17.413380, 348.25686, 23.599760, 375.29036, 398.86519,
17.426540, 392.12974, 25.429228, 374.47340, 399.79883,
17.439690, 379.55339, 25.415873, 373.59389, 400.71624,
17.452841, 359.49497, 27.027779, 372.65963, 401.61806,
17.465981, 329.43478, 26.540844, 371.68023, 402.50310,
17.479130, 377.88232, 28.017803, 370.66270, 403.37245,
17.492270, 330.81783, 26.397736, 369.61704, 404.22456,
17.505409, 365.93176, 26.372972, 368.55104, 405.05974,
17.518551, 347.20524, 27.023743, 367.47305, 405.87778,
17.531679, 364.53935, 28.203247, 366.39280, 406.67744,
17.544821, 363.83468, 28.974800, 365.31659, 407.46002,
17.557949, 305.83115, 27.503040, 364.25507, 408.22359,
17.571079, 358.17567, 30.466225, 363.21548, 408.96873,
17.584200, 367.42392, 31.261787, 362.20719, 409.69447,
17.597330, 346.80444, 31.394123, 361.23724, 410.40152,
17.610451, 469.75132, 35.878307, 360.31557, 411.08849,
17.623569, 387.54479, 32.709217, 359.45013, 411.75548,
17.636690, 261.04153, 46.689583, 358.64924, 412.40230,
17.649799, 327.26502, 39.593483, 357.92064, 413.02796,
17.662910, 347.64357, 41.546494, 357.26390, 413.63277,
17.676029, 418.53532, 38.356667, 356.67766, 414.21658,
17.689131, 391.02142, 47.147091, 356.16179, 414.77794,
17.702240, 346.20131, 46.816628, 355.71416, 415.31755,
17.715349, 379.75439, 44.429714, 355.33404, 415.83470,
17.728451, 272.40053, 42.735966, 355.02059, 416.32872,
17.741550, 392.01943, 39.496086, 354.77263, 416.79944,
17.754641, 398.29359, 30.103222, 354.58931, 417.24623,
17.767740, 351.19413, 26.373552, 354.46947, 417.66932,
17.780830, 381.66479, 31.374767, 354.41246, 418.06769,
17.793921, 383.27663, 28.821987, 354.41735, 418.44124,
17.807011, 411.39894, 27.657484, 354.48340, 418.78955,
17.820101, 416.63440, 30.529724, 354.60988, 419.11218,
17.833179, 345.69185, 29.203438, 354.79590, 419.40846,
17.846270, 309.12725, 27.316700, 355.04117, 419.67845,
17.859341, 375.61867, 28.582481, 355.34443, 419.92112,
17.872419, 425.32431, 32.807449, 355.70566, 420.13653,
17.885500, 427.40678, 35.995258, 356.12423, 420.32411,
17.898569, 358.21394, 34.223812, 356.59916, 420.48322,
17.911640, 367.70753, 34.109116, 357.13039, 420.61360,
17.924709, 318.66429, 31.875978, 357.71736, 420.71472,
17.937780, 372.99103, 56.341911, 358.35982, 420.78613,
17.941250, 382.64913, 27.536539, 358.53961, 420.80002,
17.955721, 336.48016, 24.867229, 359.33121, 420.83483,
17.970181, 385.32890, 25.724121, 360.18906, 420.83178,
17.984650, 392.80386, 25.610550, 361.11401, 420.79017,
17.999109, 352.55538, 25.153694, 362.10453, 420.70937,
18.013571, 338.14954, 26.355177, 363.16107, 420.58862,
18.028021, 361.19776, 25.656948, 364.28236, 420.42737,
18.042480, 352.98019, 25.861851, 365.46986, 420.22464,
18.056931, 400.45677, 25.958788, 366.72186, 419.97997,
18.071381, 385.83408, 26.496788, 368.03907, 419.69246,
18.085819, 297.09875, 25.289577, 369.42034, 419.36165,
18.100269, 363.17911, 27.287703, 370.86610, 418.98621,
18.114710, 400.53299, 27.275826, 372.36548, 418.56590,
18.129150, 371.34165, 24.857868, 373.90888, 418.09967,
18.143579, 398.28300, 23.194820, 375.48454, 417.58713,
18.158020, 408.28628, 22.382790, 377.08451, 417.02664,
18.172449, 389.39922, 23.817970, 378.69581, 416.41825,
18.186880, 381.72417, 24.840023, 380.30951, 415.76058,
18.201300, 370.24197, 25.164921, 381.91371, 415.05341,
18.215719, 448.34036, 25.935299, 383.49929, 414.29537,
18.230150, 423.99995, 23.383627, 385.05706, 413.48489,
18.244560, 408.24532, 22.233028, 386.57311, 412.62293,
18.258980, 379.59713, 21.866375, 388.04024, 411.70681,
18.273390, 383.23959, 23.177309, 389.44603, 410.73678,
18.287800, 351.03471, 23.806110, 390.78093, 409.71132,
18.302210, 370.47024, 24.250977, 392.03435, 408.62945,
18.316620, 394.85593, 24.167974, 393.19567, 407.49017,
18.331020, 380.28870, 23.618578, 394.25349, 406.29330,
18.345421, 362.93832, 24.218239, 395.19784, 405.03709,
18.359819, 372.15471, 24.628027, 396.01778, 403.72067,
18.374210, 367.42876, 26.431835, 396.70217, 402.34359,
18.388611, 402.45061, 25.813591, 397.24073, 400.90310,
18.403000, 388.15534, 23.825603, 397.62158, 399.40025,
18.417379, 400.03394, 22.966103, 397.83387, 397.83387,
18.431770, 386.06961, 21.456688, 397.86998, 396.20170,
18.446150, 412.45985, 21.575207, 397.73584, 394.51101,
18.460529, 474.40258, 24.623089, 397.44086, 392.76635,
18.474911, 403.38294, 24.600918, 396.99420, 390.97326,
18.489281, 442.64719, 25.976234, 396.40548, 389.13925,
18.503660, 409.60826, 23.794592, 395.68287, 387.26741,
18.518030, 377.79007, 21.838421, 394.83619, 385.36598,
18.532391, 412.65976, 21.434774, 393.87445, 383.44076,
18.546761, 407.53413, 22.205965, 392.80506, 381.49492,
18.561119, 396.08628, 23.126476, 391.63818, 379.53703,
18.575480, 402.40517, 25.720232, 390.38134, 377.57100,
18.589840, 406.47998, 26.956593, 389.04314, 375.60279,
18.604191, 423.30274, 26.431976, 387.63291, 373.63943,
18.618549, 416.98054, 26.285446, 386.15732, 371.68426,
18.632900, 426.74312, 25.951344, 384.62618, 369.74509,
18.647240, 408.67656, 27.115330, 383.04823, 367.82808,
18.661591, 393.19326, 26.838339, 381.42914, 365.93590,
18.675930, 564.87252, 29.049509, 379.77962, 364.07727,
18.690269, 859.01506, 32.397606, 378.10650, 362.25639,
18.704611, 2029.9275, 44.687859, 376.41766, 360.47875,
18.718941, 1937.7863, 41.786659, 374.72276, 358.75170,
18.733271, 788.79565, 28.385283, 373.02851, 357.07954,
18.747601, 460.03716, 25.563570, 371.34298, 355.46803,
18.761930, 462.93598, 28.108500, 369.67423, 353.92295,
18.776260, 454.41794, 29.368811, 368.03034, 352.45008,
18.790581, 394.13014, 27.163256, 366.42046, 351.05615,
18.804899, 453.07702, 26.112661, 364.85182, 349.74613,
18.819220, 465.60540, 25.709957, 363.33212, 348.52553,
18.833530, 456.96192, 26.866341, 361.87071, 347.40111,
18.847839, 465.55186, 27.445805, 360.47494, 346.37805,
18.862150, 443.24823, 29.614214, 359.15268, 345.46199,
18.876459, 457.68614, 34.589638, 357.91259, 344.65912,
18.890770, 445.16749, 33.840271, 356.76271, 343.97519,
18.905069, 425.22167, 33.607342, 355.71243, 343.41673,
18.919371, 457.53112, 33.274696, 354.76918, 342.98913,
18.933670, 448.73744, 33.005207, 353.94177, 342.69856,
18.947960, 398.18423, 34.618931, 353.23915, 342.55112,
18.962250, 449.03530, 34.352360, 352.66946, 342.55270,
18.976540, 457.28599, 35.517105, 352.24152, 342.70947,
18.990829, 427.30356, 34.241192, 351.96428, 343.02765,
19.005119, 459.80155, 33.405361, 351.84677, 343.51351,
19.019400, 453.08818, 30.711555, 351.89807, 344.17284,
19.033680, 465.59662, 30.686367, 352.12733, 345.01227,
19.047960, 452.45521, 32.114304, 352.54394, 346.03820,
19.062229, 497.70883, 37.353920, 353.15689, 347.25600,
19.076500, 457.82829, 45.029457, 353.97621, 348.67312,
19.090771, 482.82600, 37.991676, 355.01168, 350.29595,
19.105040, 414.90599, 34.829288, 356.27310, 352.13083,
19.119310, 528.60279, 40.785290, 357.77095, 354.18491,
19.133570, 434.14621, 34.928974, 359.51391, 356.46276,
19.147829, 425.00673, 38.379337, 361.51359, 358.97271,
19.162090, 446.24500, 43.274651, 363.78097, 361.72196,
19.176340, 419.36477, 46.122295, 366.32455, 364.71460,
19.190599, 387.02851, 50.294956, 369.15909, 367.96194,
19.204849, 507.50197, 54.201786, 372.29207, 371.46666,
19.219101, 430.77462, 48.499054, 375.73730, 375.23848,
19.233339, 359.21211, 41.336609, 379.50241, 379.28018,
19.247580, 409.97008, 49.011345, 383.60300, 383.60300,
19.261820, 384.86516, 41.525696, 388.04380, 388.20872,
19.276060, 333.19305, 45.519718, 392.80221, 393.07964,
19.290300, 490.91746, 48.725506, 397.84891, 398.19316,
19.304529, 461.48512, 51.588730, 403.15041, 403.52236,
19.318760, 454.94897, 50.621231, 408.68255, 409.04957,
19.332991, 492.30216, 51.310791, 414.41592, 414.75171,
19.347219, 386.54826, 46.874474, 420.32117, 420.60563,
19.361441, 502.86899, 51.854130, 426.36735, 426.58657,
19.375660, 483.27194, 56.563690, 432.52851, 432.67458,
19.389879, 438.78911, 50.284344, 438.77726, 438.84828,
19.404100, 385.79074, 53.819572, 445.08635, 445.08635,
19.418310, 389.65893, 52.938210, 451.42178, 451.36077,
19.432520, 527.92106, 62.594204, 457.76062, 457.65444,
