# wave, flux, fluxerr, continuum, continuum_plateau
9.9725246, 3185.1374, 65.243179, 3185.1374, 3185.1374,
9.9806166, 3130.6659, 74.719238, 3192.4198, 3192.4177,
9.9887066, 3408.4255, 66.698616, 3199.8167, 3199.8086,
9.9967957, 3220.8104, 61.536346, 3207.3283, 3207.3108,
10.004880, 3296.6381, 66.628784, 3214.9504, 3214.9204,
10.012970, 3431.5077, 67.721176, 3222.6923, 3222.6472,
10.021050, 3310.1824, 60.746445, 3230.5388, 3230.4765,
10.029140, 3284.6794, 60.818005, 3238.5081, 3238.4267,
10.037220, 3343.7303, 65.808418, 3246.5800, 3246.4779,
10.045300, 3334.4446, 60.550095, 3254.7641, 3254.6403,
10.053380, 3210.5458, 56.950226, 3263.0613, 3262.9149,
10.061460, 3181.8148, 60.640320, 3271.4691, 3271.2996,
10.069540, 3326.3722, 61.787022, 3279.9892, 3279.7964,
10.077610, 3194.8514, 55.690193, 3288.6090, 3288.3929,
10.085690, 3188.3704, 57.272705, 3297.3496, 3297.1105,
10.093760, 3154.9675, 60.056267, 3306.1901, 3305.9286,
10.101830, 3281.8762, 57.861076, 3315.1406, 3314.8573,
10.109900, 3302.2160, 56.352489, 3324.2018, 3323.8978,
10.117970, 3406.1860, 60.475357, 3333.3715, 3333.0479,
10.126040, 3394.2366, 60.921410, 3342.6507, 3342.3088,
10.134100, 3401.8873, 58.100830, 3352.0268, 3351.6681,
10.142170, 3418.6116, 60.522961, 3361.5242, 3361.1503,
10.150230, 3443.6757, 65.136497, 3371.1192, 3370.7319,
10.158300, 3514.3115, 64.466919, 3380.8346, 3380.4357,
10.166360, 3490.2144, 61.804440, 3390.6462, 3390.2376,
10.174420, 3497.2455, 66.277161, 3400.5677, 3400.1514,
10.182470, 3395.0821, 66.629135, 3410.5848, 3410.1630,
10.190530, 3446.3543, 63.489647, 3420.7225, 3420.2973,
10.198590, 3394.1617, 63.997402, 3430.9704, 3430.5438,
10.206640, 3439.3051, 70.735344, 3441.3137, 3440.8879,
10.214690, 3481.0527, 70.782578, 3451.7659, 3451.3431,
10.222750, 3473.1835, 68.422775, 3462.3397, 3461.9220,
10.230800, 3418.7121, 72.540451, 3473.0102, 3472.5997,
10.238850, 3434.0881, 75.600700, 3483.7902, 3483.3889,
10.246890, 3535.0185, 72.163338, 3494.6668, 3494.2767,
10.254940, 3395.9377, 67.908234, 3505.6662, 3505.2892,
10.262990, 3482.0798, 73.717255, 3516.7757, 3516.4136,
10.271030, 3512.3622, 74.248169, 3527.9824, 3527.6369,
10.279070, 3556.2332, 71.194923, 3539.2983, 3538.9708,
10.287120, 3529.6849, 72.257088, 3550.7401, 3550.4321,
10.295150, 3536.9966, 76.758331, 3562.2646, 3561.9773,
10.303190, 3677.8433, 76.066025, 3573.9158, 3573.6503,
10.311230, 3470.2874, 69.742531, 3585.6778, 3585.4349,
10.319270, 3552.8250, 75.031937, 3597.5539, 3597.3341,
10.327300, 3608.2226, 78.833649, 3609.5273, 3609.3312,
10.335340, 3499.0254, 72.275421, 3621.6285, 3621.4562,
10.343370, 3510.9874, 63.489666, 3633.8308, 3633.6822,
10.351400, 3394.9604, 74.866150, 3646.1461, 3646.0208,
10.359430, 3561.7749, 77.059998, 3658.5765, 3658.4738,
10.367460, 3613.6953, 73.581932, 3671.1226, 3671.0415,
10.375480, 3575.6386, 81.311531, 3683.7685, 3683.7076,
10.383510, 3424.2145, 86.763596, 3696.5478, 3696.5056,
10.391530, 3615.4165, 87.390602, 3709.4294, 3709.4038,
10.399560, 3695.9038, 68.657005, 3722.4448, 3722.4334,
10.407580, 3839.3408, 61.491791, 3735.5638, 3735.5638,
10.415600, 3692.3596, 61.382053, 3748.8006, 3748.8089,
10.423620, 3834.7981, 64.420937, 3762.1578, 3762.1716,
10.431640, 4564.4821, 69.298378, 3775.6313, 3775.6481,
10.439650, 4590.3901, 67.391228, 3789.2056, 3789.2233,
10.447670, 4055.8300, 62.293461, 3802.9138, 3802.9307,
10.455680, 3770.0044, 58.406223, 3816.7193, 3816.7339,
10.463700, 3761.3459, 55.008945, 3830.6574, 3830.6685,
10.471710, 3838.8259, 58.024734, 3844.6909, 3844.6977,
10.479720, 3988.8289, 59.473827, 3858.8373, 3858.8392,
10.487730, 4922.1280, 61.878670, 3873.0958, 3873.0925,
10.495730, 11378.133, 90.425247, 3887.4486, 3887.4399,
10.503740, 33364.836, 193.60960, 3901.9293, 3901.9153,
10.511750, 39690.396, 214.85152, 3916.5202, 3916.5012,
10.519750, 15573.536, 112.76799, 3931.2014, 3931.1779,
10.527750, 4445.0200, 73.076569, 3945.9931, 3945.9658,
10.535750, 3833.7128, 79.846298, 3960.8930, 3960.8627,
10.543750, 3878.5562, 81.313156, 3975.8988, 3975.8665,
10.551750, 3834.0839, 88.783966, 3991.0136, 3990.9803,
10.559750, 3794.5625, 103.15083, 4006.2334, 4006.2002,
10.567850, 4163.5935, 62.918102, 4021.7538, 4021.7221,
10.576350, 4434.2477, 67.161713, 4038.1565, 4038.1278,
10.584840, 4666.8092, 69.420883, 4054.6578, 4054.6337,
10.593340, 4350.9774, 62.922230, 4071.2980, 4071.2801,
10.601830, 4039.9156, 60.178188, 4088.0357, 4088.0257,
10.610330, 4170.3646, 65.533325, 4104.9118, 4104.9113,
10.618820, 4282.7295, 65.689743, 4121.8862, 4121.8970,
10.627310, 4215.0065, 61.183716, 4138.9756, 4138.9992,
10.635800, 4191.2600, 62.672939, 4156.1836, 4156.2216,
10.644280, 4210.5647, 66.615067, 4173.4864, 4173.5404,
10.652770, 4175.6655, 63.230148, 4190.9247, 4190.9961,
10.661250, 4186.1099, 60.218124, 4208.4592, 4208.5493,
10.669740, 4235.9352, 63.197891, 4226.1291, 4226.2392,
10.678220, 4209.4917, 65.203178, 4243.8946, 4244.0257,
10.686700, 4246.3633, 61.764847, 4261.7753, 4261.9284,
10.695180, 4280.7082, 61.194252, 4279.7712, 4279.9470,
10.703650, 4358.6580, 65.373291, 4297.8619, 4298.0609,
10.712130, 4482.6582, 67.136253, 4316.0859, 4316.3085,
10.720600, 4486.7477, 63.584930, 4334.4064, 4334.6527,
10.729080, 4421.8471, 64.334221, 4352.8628, 4353.1325,
10.737550, 4376.1596, 67.641098, 4371.4113, 4371.7042,
10.746020, 4292.0006, 65.336075, 4390.0771, 4390.3923,
10.754490, 4400.4101, 63.993790, 4408.8561, 4409.1926,
10.762960, 4405.2436, 65.585999, 4427.7526, 4428.1091,
10.771420, 4446.0357, 70.557014, 4446.7390, 4447.1138,
10.779890, 4385.7618, 67.924545, 4465.8669, 4466.2579,
10.788350, 4497.4736, 68.437492, 4485.0870, 4485.4918,
10.796810, 4409.1687, 71.821220, 4504.4233, 4504.8391,
10.805270, 4523.6959, 76.377464, 4523.8760, 4524.2995,
10.813730, 4560.0228, 75.219856, 4543.4456, 4543.8730,
10.822190, 4488.4369, 72.888023, 4563.1324, 4563.5596,
10.830650, 4443.2205, 78.711227, 4582.9367, 4583.3591,
10.839100, 4522.0753, 81.649704, 4602.8343, 4603.2468,
10.847560, 4530.6269, 79.302513, 4622.8751, 4623.2719,
10.856010, 4573.2099, 81.337128, 4643.0121, 4643.3871,
10.864460, 4530.7505, 88.970978, 4663.2662, 4663.6126,
10.872910, 4685.5125, 93.034904, 4683.6400, 4683.9506,
10.881360, 4608.9658, 88.430779, 4704.1366, 4704.4034,
10.889800, 4706.4414, 92.787170, 4724.7286, 4724.9431,
10.898250, 5209.3710, 109.74306, 4745.4655, 4745.6185,
10.906690, 4703.3279, 103.43796, 4766.3011, 4766.3830,
10.915140, 4588.9089, 97.786148, 4787.2858, 4787.2858,
10.923580, 4679.7754, 105.58356, 4808.3677, 4808.2750,
10.932020, 4755.0456, 115.24866, 4829.5719, 4829.3762,
10.940460, 5039.4688, 113.67537, 4850.8971, 4850.5887,
10.948890, 5170.3724, 116.03985, 4872.3153, 4871.8857,
10.957330, 5132.5474, 121.04819, 4893.8788, 4893.3197,
10.965760, 5140.3554, 89.401176, 4915.5351, 4914.8393,
10.974200, 5308.0552, 84.665138, 4937.3321, 4936.4929,
10.982630, 5656.2765, 84.189964, 4959.2169, 4958.2286,
10.991060, 5745.4152, 87.609489, 4981.2180, 4980.0753,
10.999490, 5713.3719, 88.132393, 5003.3294, 5002.0277,
11.007920, 5649.3578, 86.587822, 5025.5550, 5024.0903,
11.016340, 5628.5027, 86.334076, 5047.8635, 5046.2327,
11.024770, 5566.6214, 88.177406, 5070.3070, 5068.5071,
11.033190, 5655.4553, 110.79813, 5092.8337, 5090.8629,
11.041610, 5679.3035, 105.51323, 5115.4682, 5113.3246,
11.050030, 5359.2682, 79.577209, 5138.2094, 5135.8922,
11.058450, 5345.5695, 87.365295, 5161.0566, 5158.5651,
11.066870, 5665.6514, 80.640167, 5184.0089, 5181.3431,
11.075290, 5545.2550, 80.008553, 5207.0656, 5204.2260,
11.083700, 5520.4781, 137.18814, 5230.1995, 5227.1872,
11.092120, 5673.3694, 81.535614, 5253.4625, 5250.2786,
11.100530, 5780.9516, 186.02060, 5276.7984, 5273.4450,
11.108940, 5431.8118, 165.46402, 5300.2381, 5296.7175,
11.117350, 5590.4970, 177.99236, 5323.7758, 5320.0905,
11.120570, 6198.5463, 86.999100, 5332.8164, 5329.0689,
11.129530, 6331.7677, 83.146652, 5358.0447, 5354.1264,
11.138500, 6572.7612, 82.784088, 5383.4151, 5379.3300,
11.147460, 6853.9461, 86.750717, 5408.8677, 5404.6203,
11.156430, 7533.5111, 91.841751, 5434.4613, 5430.0564,
11.165390, 7947.1405, 88.989433, 5460.1355, 5455.5784,
11.174350, 8686.7498, 90.287796, 5485.9195, 5481.2160,
11.183300, 9646.0501, 98.921478, 5511.7852, 5506.9413,
11.192260, 10515.673, 103.11583, 5537.7872, 5532.8090,
11.201220, 11104.894, 100.49763, 5563.8975, 5558.7916,
11.210170, 10959.993, 98.032066, 5590.0876, 5584.8611,
11.219120, 11097.281, 103.12901, 5616.3848, 5611.0448,
11.228070, 11048.199, 102.94518, 5642.7888, 5637.3426,
11.237020, 10960.028, 96.240982, 5669.2964, 5663.7516,
11.245970, 11045.523, 96.859421, 5695.9128, 5690.2773,
11.254920, 10889.292, 98.942436, 5722.6350, 5716.9167,
11.263860, 10761.814, 97.566429, 5749.4311, 5743.6383,
11.272800, 10538.208, 91.959221, 5776.3351, 5770.4761,
11.281750, 10482.207, 92.895866, 5803.3698, 5797.4530,
11.290690, 10222.754, 94.571426, 5830.4833, 5824.5173,
11.299630, 10515.519, 95.443298, 5857.6983, 5851.6918,
11.308560, 10437.377, 91.698685, 5884.9884, 5878.9502,
11.317500, 9638.8213, 88.220406, 5912.4118, 5906.3507,
11.326430, 9380.3457, 90.997589, 5939.9099, 5933.8348,
11.335370, 9040.9197, 88.408295, 5967.5415, 5961.4612,
11.344300, 8837.8957, 84.432655, 5995.2476, 5989.1709,
11.353230, 8794.9873, 84.668671, 6023.0576, 6016.9935,
11.362160, 8646.4498, 88.230789, 6050.9686, 6044.9259,
11.371080, 8487.0597, 86.172447, 6078.9567, 6072.9441,
11.380010, 8351.4386, 83.048477, 6107.0759, 6101.1022,
11.388930, 8318.4007, 83.964851, 6135.2722, 6129.3460,
11.397850, 8207.1486, 87.531876, 6163.5698, 6157.6996,
11.406780, 8097.3926, 86.745728, 6192.0054, 6186.1997,
11.415700, 7998.7790, 83.531395, 6220.5124, 6214.7794,
11.424610, 7906.2572, 84.797897, 6249.0937, 6243.4416,
11.433530, 7950.2545, 89.869087, 6277.8109, 6272.2476,
11.442450, 7874.9116, 89.124344, 6306.6337, 6301.1670,
11.451360, 7745.7770, 85.097740, 6335.5316, 6330.1690,
11.460270, 7618.1984, 87.353226, 6364.5357, 6359.2844,
11.469180, 7622.1252, 91.597977, 6393.6463, 6388.5135,
11.478090, 7817.0765, 94.721390, 6422.8640, 6417.8565,
11.487000, 7615.0463, 90.313957, 6452.1893, 6447.3136,
11.495910, 7543.5863, 92.498642, 6481.6195, 6476.8818,
11.504810, 7413.9890, 95.832207, 6511.1297, 6506.5358,
11.513710, 7476.3564, 98.320595, 6540.7457, 6536.3012,
11.522620, 7318.4068, 95.816483, 6570.5063, 6566.2166,
11.531520, 7454.8406, 99.790741, 6600.3422, 6596.2119,
11.540420, 7431.9518, 105.02476, 6630.2889, 6626.3225,
11.549310, 7643.4281, 110.00866, 6660.3149, 6656.5162,
11.558210, 7552.4490, 107.49520, 6690.4885, 6686.8614,
11.567100, 7428.5275, 108.26411, 6720.7362, 6717.2835,
11.576000, 7264.9611, 114.17279, 6751.1367, 6747.8614,
11.584890, 7247.9368, 117.93048, 6781.6158, 6778.5198,
11.593780, 7269.7669, 117.28820, 6812.2070, 6809.2920,
11.602670, 7259.9996, 118.66458, 6842.9176, 6840.1847,
11.611560, 7085.7642, 126.03485, 6873.7454, 6871.1952,
11.620440, 7215.9488, 131.88226, 6904.6547, 6902.2870,
11.629330, 7274.8862, 133.50073, 6935.7195, 6933.5340,
11.638210, 7237.4565, 134.03351, 6966.8709, 6964.8661,
11.647090, 7078.3069, 139.88837, 6998.1399, 6996.3140,
11.655970, 7124.0823, 146.96237, 7029.5309, 7027.8814,
11.664850, 7252.1675, 114.82716, 7061.0485, 7059.5721,
11.673730, 7198.5324, 84.274796, 7092.6869, 7091.3799,
11.682600, 7383.5563, 81.737907, 7124.4167, 7123.2742,
11.691480, 7298.4259, 93.034424, 7156.3073, 7155.3242,
11.700350, 7257.8468, 94.192467, 7188.2915, 7187.4614,
11.709220, 7305.4320, 95.555641, 7220.4047, 7219.7207,
11.718090, 7431.3210, 95.939400, 7252.6483, 7252.1028,
11.726960, 7449.3876, 100.94443, 7285.0237, 7284.6080,
11.735830, 7375.7837, 100.35768, 7317.5324, 7317.2370,
11.744690, 7417.5989, 102.89973, 7350.1370, 7349.9516,
11.753560, 7375.4316, 100.96209, 7382.9163, 7382.8297,
11.762420, 7460.7647, 106.93291, 7415.7943, 7415.7943,
11.771280, 7281.5176, 152.11096, 7448.8122, 7448.8859,
11.775020, 7543.6585, 85.897217, 7462.7848, 7462.8858,
11.784500, 7607.0174, 89.047264, 7498.3026, 7498.4632,
11.793980, 7607.2089, 87.958572, 7533.9364, 7534.1433,
11.803460, 7665.3484, 114.81950, 7569.6764, 7569.9171,
11.812940, 7641.8897, 82.514404, 7605.4985, 7605.7611,
11.822420, 7702.8052, 85.354233, 7641.3931, 7641.6663,
11.831890, 7754.1895, 85.307121, 7677.3000, 7677.5733,
11.841360, 7885.6237, 82.883499, 7713.2420, 7713.5055,
11.850840, 7930.9440, 80.747208, 7749.2387, 7749.4831,
11.860310, 7917.6872, 83.083801, 7785.2009, 7785.4175,
11.869770, 8017.4104, 84.323929, 7821.1118, 7821.2927,
11.879240, 8144.3314, 82.318481, 7857.0271, 7857.1648,
11.888710, 8001.4195, 78.866829, 7892.8939, 7892.9816,
11.898170, 8080.0976, 81.202873, 7928.6593, 7928.6910,
11.907630, 8211.1857, 83.347473, 7964.3392, 7964.3094,
11.917090, 8242.4579, 80.704033, 7999.9240, 7999.8278,
11.926550, 8346.3680, 79.606934, 8035.3897, 8035.2230,
11.936010, 8279.3807, 80.021545, 8070.7266, 8070.4860,
11.945470, 8436.7759, 83.279518, 8105.9107, 8105.5936,
11.954920, 8507.0881, 81.950516, 8140.8935, 8140.4980,
11.964370, 8517.3833, 80.050385, 8175.6936, 8175.2185,
11.973830, 8427.3183, 79.416626, 8210.3322, 8209.7772,
11.983280, 8411.2842, 82.193649, 8244.7155, 8244.0813,
11.992720, 8470.6766, 81.684891, 8278.8271, 8278.1153,
12.002170, 8646.8717, 80.534111, 8312.7257, 8311.9386,
12.011610, 8468.2281, 79.652596, 8346.3221, 8345.4632,
12.021060, 8585.8865, 83.440765, 8379.6668, 8378.7407,
12.030500, 8583.2090, 83.509277, 8412.6752, 8411.6876,
12.039940, 8565.8041, 82.374115, 8445.3602, 8444.3179,
12.049380, 8532.4230, 81.263382, 8477.7107, 8476.6220,
12.058820, 8714.1160, 86.152504, 8509.7027, 8508.5768,
12.068250, 8882.2860, 87.910660, 8541.2897, 8540.1376,
12.077690, 8814.5533, 85.954071, 8572.5209, 8571.3549,
12.087120, 8740.6863, 83.810471, 8603.3087, 8602.1427,
12.096550, 8660.2910, 86.161858, 8633.6701, 8632.5194,
12.105980, 8789.9151, 90.159355, 8663.5865, 8662.4685,
12.115410, 8830.6539, 89.675186, 8693.0398, 8691.9734,
12.124830, 8705.1557, 86.989410, 8721.9821, 8720.9882,
12.134260, 8653.1555, 88.695496, 8750.4534, 8749.5550,
12.143680, 8768.3355, 93.117111, 8778.3744, 8777.5964,
12.153100, 9022.4484, 95.754761, 8805.7608, 8805.1305,
12.162520, 8996.4793, 122.05302, 8832.5905, 8832.1375,
12.171940, 8779.4414, 93.325752, 8858.8416, 8858.5978,
12.181360, 8839.6480, 97.357498, 8884.4998, 8884.4998,
12.190770, 8992.5739, 100.99240, 8909.5205, 8909.8002,
12.200180, 8814.3563, 97.435966, 8933.9394, 8934.5328,
12.209600, 8857.0012, 97.985031, 8957.7949, 8958.7329,
12.219010, 8889.2224, 101.98455, 8981.0457, 8982.3555,
12.228420, 8925.8242, 106.05498, 9003.7302, 9005.4366,
12.237820, 8971.0916, 106.19115, 9025.8357, 9027.9598,
12.247230, 9033.8038, 105.71647, 9047.4227, 9049.9840,
12.256630, 8944.0152, 108.25558, 9068.4562, 9071.4708,
12.266040, 9257.3036, 116.11369, 9088.9900, 9092.4721,
12.275440, 9978.0957, 121.24564, 9108.9931, 9112.9538,
12.284840, 9664.4066, 119.92616, 9128.4953, 9132.9437,
12.294230, 9125.9420, 117.24323, 9147.4918, 9152.4345,
12.303630, 9322.4507, 149.86606, 9166.0276, 9171.4700,
12.313030, 9304.3022, 133.14526, 9184.0972, 9190.0421,
12.322420, 9200.8193, 159.60347, 9201.6890, 9208.1371,
12.331810, 9188.4152, 100.17052, 9218.8334, 9225.7838,
12.341200, 9431.0513, 85.057571, 9235.5399, 9242.9901,
12.350590, 9554.0039, 87.880142, 9251.8181, 9259.7641,
12.359980, 10375.271, 95.171028, 9267.6773, 9276.1134,
12.369360, 11886.777, 103.89157, 9283.1112, 9292.0298,
12.378750, 11067.859, 102.81055, 9298.1603, 9307.5535,
12.388130, 9881.3715, 100.55885, 9312.8030, 9322.6606,
12.397510, 9553.0961, 101.25287, 9327.0621, 9337.3731,
12.406890, 9645.4498, 98.082069, 9340.9493, 9351.7016,
12.416270, 9747.1280, 101.25583, 9354.4716, 9365.6521,
12.425640, 9537.0726, 98.617027, 9367.6229, 9379.2171,
12.435020, 9639.9257, 104.10023, 9380.4410, 9392.4343,
12.444390, 9748.7272, 104.35988, 9392.9055, 9405.2815,
12.453760, 9538.7409, 98.970245, 9405.0389, 9417.7811,
12.463130, 9556.5318, 103.44803, 9416.8493, 9429.9403,
12.472500, 9734.5493, 113.83067, 9428.3445, 9441.7663,
12.481870, 9771.0481, 134.47458, 9439.5322, 9453.2663,
12.489420, 9933.2220, 99.467751, 9448.3290, 9462.3006,
12.499490, 10157.332, 102.41522, 9459.7652, 9474.0341,
12.509550, 10166.190, 99.192780, 9470.8613, 9485.4041,
12.519610, 10258.885, 96.307220, 9481.6375, 9496.4306,
12.529670, 10368.294, 96.042068, 9492.1016, 9507.1213,
12.539730, 10355.594, 99.385162, 9502.2648, 9517.4867,
12.549780, 10462.087, 98.224487, 9512.1246, 9527.5242,
12.559840, 10541.738, 95.422890, 9521.7103, 9537.2632,
12.569890, 10659.098, 94.282524, 9531.0106, 9546.6918,
12.579940, 10718.334, 96.908104, 9540.0440, 9555.8288,
12.589990, 10903.247, 97.845474, 9548.8190, 9564.6826,
12.600040, 10993.391, 96.101540, 9557.3447, 9573.2623,
12.610090, 10831.447, 92.136169, 9565.6275, 9581.5745,
12.620130, 10976.391, 111.71387, 9573.6682, 9589.6201,
12.630170, 11008.401, 95.567841, 9581.4843, 9597.4169,
12.640210, 11119.725, 96.122292, 9589.0829, 9604.9722,
12.650250, 11091.112, 92.090721, 9596.4718, 9612.2941,
12.660290, 11007.953, 91.173988, 9603.6581, 9619.3901,
12.670330, 10918.970, 91.895393, 9610.6509, 9626.2697,
12.680360, 11284.448, 95.128616, 9617.4501, 9632.9332,
12.690390, 11523.817, 93.467239, 9624.0706, 9639.3961,
12.700420, 12368.597, 95.451248, 9630.5205, 9645.6668,
12.710450, 12452.716, 96.346542, 9636.8058, 9651.7522,
12.720480, 11939.624, 98.111153, 9642.9347, 9657.6606,
12.730500, 11885.730, 130.49870, 9648.9087, 9663.3947,
12.740530, 11647.928, 93.340736, 9654.7465, 9668.9732,
12.750550, 11593.314, 90.907211, 9660.4440, 9674.3932,
12.760570, 11767.073, 94.471321, 9666.0135, 9679.6676,
12.770590, 12112.021, 96.974762, 9671.4632, 9684.8051,
12.780610, 12668.798, 98.311890, 9676.7993, 9689.8128,
12.790620, 15632.023, 105.58578, 9682.0236, 9694.6936,
12.800640, 35863.110, 160.77142, 9687.1539, 9699.4654,
12.810650, 92979.230, 276.10776, 9692.1862, 9704.1258,
12.820660, 59698.772, 216.73215, 9697.1330, 9708.6876,
12.830670, 14881.034, 102.36016, 9702.0014, 9713.1589,
12.840680, 11244.489, 92.409271, 9706.7973, 9717.5465,
12.850680, 10978.198, 94.264938, 9711.5234, 9721.8543,
12.860690, 10907.671, 96.144363, 9716.1954, 9726.0982,
12.870690, 10618.875, 93.176003, 9720.8113, 9730.2776,
12.880690, 10535.584, 91.746696, 9725.3815, 9734.4040,
12.890690, 10429.996, 92.743477, 9729.9138, 9738.4856,
12.900680, 10292.026, 94.801270, 9734.4096, 9742.5254,
12.910680, 10558.015, 96.934113, 9738.8849, 9746.5393,
12.920670, 10631.169, 95.245499, 9743.3369, 9750.5267,
12.930670, 10081.199, 93.067902, 9747.7816, 9754.5033,
12.940660, 9983.2131, 95.505928, 9752.2168, 9758.4687,
12.950640, 9962.0190, 98.630814, 9756.6480, 9762.4298,
12.960630, 9946.6763, 97.213593, 9761.0922, 9766.4032,
12.970620, 10002.943, 97.254288, 9765.5503, 9770.3914,
12.980600, 10011.347, 99.047058, 9770.0251, 9774.3985,
12.990580, 9917.9606, 103.03715, 9774.5270, 9778.4355,
13.000560, 9742.6232, 102.10008, 9779.0634, 9782.5106,
13.010540, 9897.0673, 103.17371, 9783.6405, 9786.6311,
13.020520, 10005.672, 102.91841, 9788.2649, 9790.8043,
13.030490, 9919.7771, 106.32638, 9792.9383, 9795.0334,
13.040470, 9878.1693, 110.10615, 9797.6772, 9799.3349,
13.050440, 9821.4226, 111.03962, 9802.4783, 9803.7072,
13.060410, 9895.9735, 110.25062, 9807.3532, 9808.1623,
13.070380, 9732.3205, 110.02417, 9812.3091, 9812.7082,
13.080350, 9869.0972, 116.02975, 9817.3517, 9817.3517,
13.090310, 9750.4777, 118.38850, 9822.4823, 9822.0950,
13.100280, 9838.8897, 120.05392, 9827.7120, 9826.9488,
13.110240, 10042.500, 120.31760, 9833.0309, 9831.9044,
13.120200, 10017.052, 124.18318, 9838.4443, 9836.9670,
13.130160, 9889.0513, 128.53842, 9843.9523, 9842.1370,
13.140110, 9972.1550, 103.33830, 9849.5495, 9847.4095,
13.150070, 9970.4261, 81.923523, 9855.2478, 9852.7962,
13.160020, 9842.1807, 82.534332, 9861.0357, 9858.2863,
13.169980, 9896.5812, 94.140022, 9866.9258, 9863.8921,
13.179930, 9960.7088, 91.140625, 9872.9061, 9869.6023,
13.189870, 9856.4755, 92.059380, 9878.9774, 9875.4177,
13.199820, 10044.619, 93.257637, 9885.1518, 9881.3504,
13.209770, 9941.6485, 91.119331, 9891.4247, 9887.3959,
13.219710, 9920.9195, 90.144661, 9897.7894, 9893.5478,
13.229650, 9809.5789, 91.744957, 9904.2523, 9899.8126,
13.239590, 10030.945, 94.802116, 9910.8154, 9906.1921,
13.249530, 9820.0648, 91.729355, 9917.4787, 9912.6866,
13.259470, 9663.2818, 89.783455, 9924.2431, 9919.2968,
13.269410, 9904.9745, 96.603371, 9931.1091, 9926.0234,
13.279340, 9999.5923, 103.86057, 9938.0702, 9932.8599,
13.289270, 10010.489, 105.55338, 9945.1352, 9939.8149,
13.299200, 10044.165, 108.65398, 9952.3035, 9946.8878,
13.309130, 9988.4939, 113.71809, 9959.5767, 9954.0801,
13.318260, 10210.159, 102.68397, 9966.3579, 9960.7996,
13.328980, 10277.085, 99.482056, 9974.4350, 9968.8198,
13.339690, 10124.883, 99.551987, 9982.6298, 9976.9741,
13.350400, 10157.130, 102.62447, 9990.9513, 9985.2715,
13.361120, 10175.199, 101.52834, 9999.4094, 9993.7214,
13.371830, 10207.349, 97.379326, 10007.989, 10002.308,
13.382530, 10233.081, 95.458649, 10016.691, 10011.034,
13.393240, 10269.831, 98.902214, 10025.534, 10019.915,
13.403940, 10213.518, 100.15157, 10034.504, 10028.937,
13.414650, 10321.768, 103.52466, 10043.617, 10038.118,
13.425350, 10233.401, 95.167290, 10052.859, 10047.441,
13.436050, 10434.455, 96.870682, 10062.240, 10056.917,
13.446740, 10275.675, 97.242180, 10071.753, 10066.537,
13.457440, 10438.489, 100.54266, 10081.418, 10076.322,
13.468130, 10383.622, 96.546738, 10091.218, 10086.254,
13.478830, 10424.254, 95.262779, 10101.174, 10096.353,
13.489520, 10511.621, 95.593872, 10111.269, 10106.601,
13.500200, 10533.534, 98.657898, 10121.506, 10117.001,
13.510890, 10486.486, 97.930038, 10131.904, 10127.572,
13.521570, 10667.498, 96.660225, 10142.448, 10138.297,
13.532260, 10719.942, 94.768341, 10153.159, 10149.196,
13.542940, 10663.490, 95.240158, 10164.019, 10160.252,
13.553620, 10619.789, 98.947182, 10175.042, 10171.476,
13.564290, 10729.696, 99.016228, 10186.217, 10182.857,
13.574970, 10658.055, 96.382416, 10197.571, 10194.421,
13.585640, 10638.458, 94.147629, 10209.083, 10206.146,
13.596320, 10679.005, 97.999069, 10220.778, 10218.057,
13.606990, 10754.314, 100.94334, 10232.637, 10230.132,
13.617650, 10537.377, 99.892387, 10244.662, 10242.374,
13.628320, 10654.036, 98.042114, 10256.879, 10254.805,
13.638980, 10648.669, 98.836418, 10269.267, 10267.406,
13.649650, 10510.175, 100.17970, 10281.854, 10280.201,
13.660310, 10632.362, 104.72163, 10294.618, 10293.168,
13.670970, 10579.938, 102.76540, 10307.575, 10306.322,
13.681630, 10571.893, 101.36273, 10320.728, 10319.664,
13.692280, 10613.582, 104.14370, 10334.067, 10333.182,
13.702940, 10669.418, 106.34346, 10347.622, 10346.905,
13.713590, 10765.532, 111.16177, 10361.369, 10360.809,
13.724240, 10503.298, 108.47115, 10375.327, 10374.909,
13.734890, 10565.056, 108.61861, 10389.497, 10389.205,
13.745530, 10620.288, 110.16520, 10403.871, 10403.688,
13.756180, 10472.334, 112.12434, 10418.478, 10418.385,
13.766820, 10578.767, 117.17896, 10433.297, 10433.272,
13.777460, 10868.862, 119.07301, 10448.344, 10448.365,
13.788100, 10405.035, 110.28506, 10463.624, 10463.666,
13.798740, 10362.264, 111.13384, 10479.141, 10479.176,
13.809380, 10466.242, 115.32890, 10494.897, 10494.897,
13.820010, 10643.769, 117.49225, 10510.884, 10510.818,
13.830640, 10597.175, 117.18891, 10527.106, 10526.946,
13.841270, 10619.147, 114.08025, 10543.559, 10543.277,
13.851900, 10490.335, 113.15984, 10560.230, 10559.802,
13.862530, 10482.361, 144.96471, 10577.114, 10576.517,
13.873150, 10599.221, 121.93684, 10594.187, 10593.400,
13.883780, 10595.299, 117.90276, 10611.472, 10610.476,
13.894400, 10839.821, 117.88631, 10628.931, 10627.709,
13.905020, 10555.097, 116.30908, 10646.570, 10645.107,
13.915640, 10670.759, 121.57372, 10664.382, 10662.666,
13.926250, 10726.600, 122.69077, 10682.345, 10680.362,
13.936870, 10883.199, 123.64308, 10700.480, 10698.221,
13.947480, 10800.318, 119.18336, 10718.751, 10716.208,
13.958090, 10866.754, 124.39391, 10737.164, 10734.329,
13.968700, 10698.785, 124.80039, 10755.714, 10752.583,
13.979310, 10792.190, 129.15770, 10774.392, 10770.960,
13.989910, 10806.746, 125.57289, 10793.175, 10789.440,
14.000520, 10798.757, 124.73390, 10812.090, 10808.051,
14.011120, 11037.449, 131.33452, 10831.095, 10826.752,
14.021720, 10979.165, 136.10556, 10850.200, 10845.556,
14.032320, 11089.129, 140.72739, 10869.399, 10864.456,
14.042920, 11011.124, 135.63809, 10888.685, 10883.447,
14.053510, 11027.549, 138.02014, 10908.031, 10902.505,
14.064110, 11073.176, 139.13002, 10927.469, 10921.662,
14.074700, 10877.178, 143.17184, 10946.956, 10940.876,
14.085290, 10822.119, 148.61632, 10966.501, 10960.156,
14.095870, 10923.562, 110.67635, 10986.080, 10979.483,
14.106460, 11008.185, 92.228806, 11005.723, 10998.884,
14.117040, 11091.111, 92.415497, 11025.387, 11018.321,
14.127630, 11001.595, 94.252243, 11045.103, 11037.823,
14.138210, 11019.809, 99.768188, 11064.826, 11057.347,
14.148790, 11089.509, 101.85949, 11084.568, 11076.907,
14.159370, 11006.741, 100.88850, 11104.322, 11096.497,
14.169940, 11160.180, 102.41891, 11124.062, 11116.093,
14.180520, 11491.875, 172.26077, 11143.822, 11135.727,
14.182090, 11619.634, 111.34256, 11146.753, 11138.642,
14.193560, 11380.007, 105.25681, 11168.164, 11159.945,
14.205030, 11248.220, 106.33171, 11189.558, 11181.258,
14.216500, 11652.993, 111.81764, 11210.924, 11202.572,
14.227970, 11588.420, 109.41951, 11232.255, 11223.880,
14.239430, 11667.232, 104.78452, 11253.525, 11245.158,
14.250890, 11430.219, 99.303696, 11274.741, 11266.416,
14.262350, 11409.732, 103.15529, 11295.898, 11287.649,
14.273810, 11370.562, 103.88014, 11316.986, 11308.849,
14.285270, 11493.290, 105.04826, 11337.995, 11330.008,
14.296730, 11550.286, 99.055206, 11358.919, 11351.121,
14.308180, 11454.712, 96.744171, 11379.730, 11372.162,
14.319630, 11302.502, 97.677475, 11400.437, 11393.142,
14.331080, 11622.077, 103.73323, 11421.034, 11414.057,
14.342530, 11507.649, 103.35712, 11441.509, 11434.895,
14.353970, 11696.313, 98.645706, 11461.835, 11455.634,
14.365410, 11763.760, 97.349823, 11482.025, 11476.285,
14.376860, 11623.103, 97.822922, 11502.084, 11496.859,
14.388300, 11515.203, 101.58527, 11521.971, 11517.313,
14.399730, 11707.816, 102.54980, 11541.674, 11537.640,
14.411170, 11540.947, 96.889748, 11561.221, 11557.869,
14.422600, 11601.523, 95.646858, 11580.566, 11577.956,
14.434030, 11571.741, 95.368759, 11599.719, 11597.913,
14.445460, 11536.232, 100.69753, 11618.672, 11617.735,
14.456890, 11593.594, 100.16019, 11637.411, 11637.411,
14.468320, 11742.245, 99.065582, 11655.936, 11656.940,
14.479740, 11743.245, 95.623131, 11674.248, 11676.315,
14.491160, 11675.517, 96.201096, 11692.388, 11695.570,
14.502580, 11725.865, 101.75189, 11710.378, 11714.717,
14.514000, 11876.082, 103.18465, 11728.246, 11733.774,
14.525420, 11683.421, 100.79778, 11746.013, 11752.754,
14.536830, 11795.681, 96.707901, 11763.687, 11771.656,
14.548240, 11812.511, 98.595741, 11781.310, 11790.511,
14.559650, 11931.912, 123.47803, 11798.904, 11809.335,
14.571060, 11856.902, 109.17644, 11816.493, 11828.141,
14.582470, 11909.792, 106.22719, 11834.100, 11846.945,
14.593870, 11843.585, 103.50690, 11851.735, 11865.745,
14.605270, 11933.858, 105.10506, 11869.436, 11884.573,
14.616670, 11943.454, 108.56636, 11887.226, 11903.441,
14.628070, 11961.586, 114.38174, 11905.130, 11922.368,
14.639470, 12059.783, 114.30650, 11923.173, 11941.366,
14.650860, 12019.547, 111.27235, 11941.359, 11960.433,
14.662260, 11939.288, 112.03370, 11959.748, 11979.619,
14.673650, 12039.027, 112.94516, 11978.329, 11998.903,
14.685040, 12083.363, 115.83768, 11997.145, 12018.319,
14.696420, 12225.345, 116.06767, 12016.199, 12037.861,
14.707810, 12191.319, 111.02657, 12035.554, 12057.583,
14.719190, 12171.220, 108.82903, 12055.195, 12077.461,
14.730570, 12216.707, 107.83893, 12075.167, 12097.529,
14.741950, 12466.673, 114.32475, 12095.495, 12117.803,
14.753330, 12301.819, 110.24032, 12116.202, 12138.296,
14.764700, 12268.565, 107.94556, 12137.295, 12159.005,
14.776080, 12417.329, 105.71863, 12158.837, 12179.982,
14.787450, 12421.321, 105.64333, 12180.814, 12201.205,
14.798820, 12387.774, 109.85988, 12203.271, 12222.707,
14.810190, 12394.709, 109.13663, 12226.236, 12244.505,
14.821550, 12460.980, 108.59183, 12249.711, 12266.592,
14.832920, 12471.134, 107.33086, 12273.764, 12289.023,
14.844280, 12399.050, 104.99957, 12298.381, 12311.775,
14.855640, 12604.432, 112.48174, 12323.609, 12334.882,
14.866990, 12579.610, 113.03555, 12349.451, 12358.337,
14.878350, 12310.527, 111.73344, 12375.981, 12382.200,
14.889710, 12444.965, 110.84753, 12403.204, 12406.464,
14.901060, 12481.923, 110.29197, 12431.121, 12431.121,
14.912410, 12409.981, 114.10047, 12459.777, 12456.207,
14.923760, 12508.212, 117.69843, 12489.154, 12481.722,
14.935100, 12663.256, 122.84848, 12519.190, 12507.630,
14.946450, 12638.219, 121.01581, 12549.919, 12533.980,
14.957790, 12705.767, 120.58533, 12581.252, 12560.714,
14.969130, 12702.827, 124.60425, 12613.187, 12587.849,
14.980470, 12617.562, 126.84774, 12645.702, 12615.386,
14.991810, 12752.880, 132.45836, 12678.768, 12643.315,
15.003140, 12760.321, 133.50638, 12712.329, 12671.608,
15.014480, 12655.721, 129.05138, 12746.413, 12700.306,
15.025810, 12621.184, 133.34349, 12780.940, 12729.359,
15.037140, 12720.480, 136.16269, 12815.909, 12758.782,
15.048460, 12691.869, 143.32098, 12851.265, 12788.548,
15.059790, 12765.635, 145.10507, 12887.044, 12818.701,
15.071110, 12657.765, 141.23427, 12923.159, 12849.186,
15.082440, 12642.192, 107.44156, 12959.648, 12880.053,
15.093750, 12570.277, 89.245544, 12996.385, 12911.211,
15.105070, 12672.525, 93.922165, 13033.448, 12942.741,
15.116390, 12783.130, 99.338921, 13070.776, 12974.610,
15.127700, 12806.087, 101.27426, 13108.310, 13006.784,
15.139020, 12900.395, 107.47060, 13146.097, 13039.318,
15.150330, 12717.375, 106.16856, 13184.040, 13072.148,
15.162390, 12841.127, 131.06877, 13224.685, 13107.511,
15.174730, 12902.980, 129.24614, 13266.442, 13144.068,
15.187070, 12974.324, 130.91310, 13308.333, 13180.995,
15.199410, 12795.175, 135.36977, 13350.334, 13218.292,
15.211740, 12780.969, 134.42200, 13392.370, 13255.915,
15.224080, 13159.551, 132.77298, 13434.490, 13293.929,
15.236410, 12881.351, 123.64638, 13476.585, 13332.262,
15.248740, 12869.462, 124.54173, 13518.662, 13370.940,
15.261060, 13017.278, 134.83450, 13560.654, 13409.927,
15.273390, 12991.943, 136.17938, 13602.601, 13449.283,
15.285710, 13425.353, 142.57062, 13644.403, 13488.940,
15.298030, 13306.291, 133.19473, 13686.059, 13528.919,
15.310350, 13297.077, 134.10832, 13727.544, 13569.224,
15.322660, 13209.028, 140.92740, 13768.788, 13609.812,
15.334980, 13308.993, 142.85474, 13809.827, 13650.743,
15.347290, 13463.087, 142.67119, 13850.566, 13691.951,
15.359600, 13419.174, 129.79350, 13891.005, 13733.463,
15.371900, 13514.000, 124.58200, 13931.078, 13775.238,
15.384210, 14438.371, 130.53055, 13970.822, 13817.344,
15.396510, 15235.184, 133.59761, 14010.140, 13859.707,
15.408810, 14669.084, 134.75143, 14049.026, 13902.355,
15.421110, 14004.560, 120.47515, 14087.456, 13945.288,
15.433410, 13754.630, 112.71681, 14125.389, 13988.496,
15.445700, 14031.001, 113.87263, 14162.778, 14031.945,
15.457990, 14167.673, 116.99361, 14199.667, 14075.665,
15.470280, 14409.158, 123.51386, 14236.084, 14119.652,
15.482570, 14811.397, 119.94759, 14272.053, 14163.901,
15.494860, 15248.500, 116.95617, 14307.600, 14208.410,
15.507140, 16125.374, 117.81931, 14342.723, 14253.140,
15.519420, 19174.272, 128.12834, 14377.472, 14298.118,
15.531700, 32702.102, 171.60023, 14411.878, 14343.347,
15.543980, 135759.99, 419.28278, 14445.960, 14388.819,
15.556260, 205539.49, 736.44849, 14479.747, 14434.535,
15.568530, 72142.741, 246.16844, 14513.233, 14480.450,
15.580800, 17889.174, 116.16019, 14546.470, 14526.600,
15.593070, 14856.258, 114.89903, 14579.482, 14572.981,
15.605340, 14772.354, 116.72620, 14612.294, 14619.590,
15.617600, 14720.623, 115.15899, 14644.903, 14666.387,
15.629860, 14883.556, 111.97591, 14677.356, 14713.403,
15.642120, 14851.374, 108.48109, 14709.682, 14760.640,
15.654380, 14752.765, 112.14599, 14741.899, 14808.089,
15.666640, 14763.742, 115.55103, 14774.035, 14855.755,
15.678890, 14941.646, 119.29670, 14806.083, 14903.589,
15.691140, 15107.097, 118.78445, 14838.095, 14951.630,
15.703390, 15079.179, 114.18002, 14870.093, 14999.874,
15.715640, 15319.381, 120.05348, 14902.100, 15048.319,
15.727890, 15348.300, 125.67837, 14934.140, 15096.962,
15.740130, 15072.324, 130.91965, 14966.211, 15145.763,
15.752370, 15158.760, 132.17776, 14998.358, 15194.752,
15.764610, 15433.413, 130.26660, 15030.610, 15243.935,
15.776850, 15546.655, 130.97914, 15062.984, 15293.302,
15.789090, 15505.879, 129.20930, 15095.510, 15342.857,
15.801320, 15383.610, 129.86182, 15128.179, 15392.551,
15.813550, 15617.937, 133.41980, 15161.043, 15442.426,
15.825780, 15598.004, 126.01990, 15194.126, 15492.477,
15.838010, 15673.895, 122.91235, 15227.451, 15542.703,
15.850230, 15601.300, 121.16718, 15261.016, 15593.063,
15.862450, 15660.739, 121.88731, 15294.867, 15643.588,
15.874670, 15629.623, 127.19313, 15329.035, 15694.284,
15.886890, 15619.124, 124.93469, 15363.540, 15745.147,
15.899110, 16346.561, 129.78339, 15398.404, 15796.168,
15.911320, 15715.662, 122.40587, 15433.628, 15847.310,
15.923540, 16186.756, 126.80431, 15469.292, 15898.655,
15.935750, 16076.899, 131.68683, 15505.362, 15950.113,
15.947960, 15775.869, 132.02417, 15541.892, 16001.725,
15.960160, 15885.410, 132.24272, 15578.880, 16053.449,
15.972370, 16174.233, 135.23607, 15616.408, 16105.364,
15.984570, 16201.215, 132.69197, 15654.441, 16157.382,
15.996770, 16241.595, 134.21037, 15693.040, 16209.551,
16.008961, 16053.141, 138.00749, 15732.198, 16261.824,
16.021160, 16501.199, 142.59686, 15771.999, 16314.276,
16.033350, 16456.326, 144.10767, 15812.413, 16366.827,
16.045549, 16304.644, 140.18976, 15853.528, 16419.558,
16.057739, 16544.817, 141.02080, 15895.310, 16472.385,
16.069920, 16450.219, 145.73398, 15937.783, 16525.305,
16.082109, 16425.941, 148.08209, 15981.045, 16578.401,
16.094290, 16236.024, 151.17033, 16025.055, 16631.586,
16.106470, 16295.539, 153.18898, 16069.876, 16684.901,
16.118650, 16711.808, 154.34489, 16115.539, 16738.344,
16.130831, 16333.409, 153.65665, 16162.074, 16791.914,
16.143009, 16340.223, 158.89429, 16209.503, 16845.600,
16.155180, 16489.009, 165.31696, 16257.835, 16899.376,
16.167351, 16788.968, 184.44658, 16307.130, 16953.274,
16.179520, 16808.497, 180.50639, 16357.413, 17007.283,
16.191681, 16225.006, 170.79225, 16408.692, 17061.377,
16.203850, 16793.982, 187.89767, 16461.063, 17115.622,
16.216009, 16682.761, 190.42761, 16514.488, 17169.940,
16.228170, 17339.301, 216.11902, 16569.049, 17224.380,
16.240330, 16161.913, 201.83400, 16624.763, 17278.925,
16.252489, 16507.540, 207.19058, 16681.676, 17333.581,
16.264641, 16447.463, 200.02313, 16739.771, 17388.313,
16.276791, 16952.164, 208.32971, 16799.034, 17443.145,
16.288950, 16626.930, 203.44604, 16859.469, 17498.127,
16.301090, 17183.174, 224.70830, 16920.878, 17553.128,
16.313240, 17104.210, 214.73050, 16983.352, 17608.278,
16.325380, 17405.459, 220.60083, 17046.740, 17663.487,
16.337530, 17962.705, 151.72908, 17111.090, 17718.843,
16.349670, 17887.831, 130.28407, 17176.251, 17774.255,
16.361799, 17907.184, 126.94987, 17242.159, 17829.715,
16.373940, 18598.219, 141.15239, 17308.887, 17885.325,
16.386070, 18515.904, 136.80812, 17376.271, 17940.990,
16.398211, 19050.229, 145.11475, 17444.368, 17996.794,
16.410339, 18560.400, 136.89557, 17513.010, 18052.641,
16.422461, 18785.107, 142.16830, 17582.169, 18108.546,
16.434589, 18831.971, 151.09927, 17651.883, 18164.580,
16.446711, 18637.465, 148.63950, 17722.018, 18220.670,
16.458839, 19007.132, 152.73596, 17792.612, 18276.886,
16.470961, 18626.751, 152.22583, 17863.530, 18333.156,
16.483070, 18285.384, 144.02925, 17934.701, 18389.462,
16.495190, 18180.947, 193.32077, 18006.202, 18445.900,
16.500280, 19181.937, 172.89224, 18036.306, 18469.633,
16.513599, 19144.491, 168.17961, 18115.232, 18531.798,
16.526911, 18483.131, 158.73114, 18194.300, 18594.030,
16.540211, 19023.099, 167.77821, 18273.424, 18656.311,
16.553520, 18672.759, 172.59708, 18352.669, 18718.737,
16.566820, 18849.980, 179.04475, 18431.858, 18781.218,
16.580120, 18902.082, 172.53906, 18510.986, 18843.797,
16.593420, 18374.700, 153.82533, 18589.992, 18906.473,
16.606710, 18722.159, 148.68889, 18668.758, 18969.200,
16.620001, 18598.524, 143.06342, 18747.288, 19032.022,
16.633301, 18746.325, 143.85422, 18825.629, 19094.983,
16.646589, 19068.879, 147.99602, 18903.656, 19157.983,
16.659870, 19235.904, 142.61842, 18981.391, 19221.039,
16.673149, 19155.510, 136.41153, 19058.869, 19284.176,
16.686440, 19275.303, 133.55649, 19136.166, 19347.458,
16.699711, 19435.359, 135.11328, 19213.103, 19410.738,
16.712990, 19486.203, 141.90990, 19289.835, 19474.143,
16.726271, 19964.165, 146.78828, 19366.327, 19537.644,
16.739540, 19648.834, 140.34155, 19442.501, 19601.176,
16.752810, 19564.410, 134.92213, 19518.421, 19664.794,
16.766081, 19912.749, 132.94290, 19594.097, 19728.506,
16.779341, 19779.685, 135.73793, 19669.451, 19792.247,
16.792601, 19645.125, 141.89569, 19744.545, 19856.070,
16.805870, 19897.401, 145.49779, 19819.432, 19920.022,
16.819120, 19800.407, 143.57896, 19893.948, 19983.964,
16.832380, 20172.318, 140.37808, 19968.251, 20048.032,
16.845631, 19981.046, 136.37465, 20042.233, 20112.135,
16.858891, 19537.451, 140.48846, 20115.995, 20176.363,
16.872141, 20478.548, 155.02267, 20189.423, 20240.623,
16.885380, 20410.614, 159.14355, 20262.468, 20304.906,
16.898630, 20146.365, 159.16620, 20335.208, 20369.323,
16.911869, 19921.929, 149.25449, 20407.474, 20433.760,
16.925110, 20312.983, 145.72630, 20479.290, 20498.283,
16.938351, 20483.019, 145.42599, 20550.601, 20562.882,
16.951580, 20458.926, 145.01328, 20621.297, 20627.500,
16.964821, 20407.848, 144.17068, 20691.453, 20692.248,
16.978050, 20741.361, 139.44611, 20760.901, 20757.015,
16.991270, 21324.725, 137.07916, 20829.603, 20821.808,
17.004499, 20832.959, 130.06862, 20897.611, 20886.722,
17.017719, 21159.863, 132.95125, 20964.776, 20951.661,
17.030951, 22068.148, 141.02534, 21031.157, 21016.729,
17.044161, 21940.748, 145.22122, 21096.540, 21081.765,
17.057381, 21393.035, 141.35129, 21161.027, 21146.920,
17.070601, 21616.423, 138.43266, 21224.520, 21212.145,
17.083811, 21860.658, 140.86575, 21286.923, 21277.394,
17.097019, 21435.678, 136.71239, 21348.219, 21342.704,
17.110229, 21925.618, 145.60526, 21408.373, 21408.093,
17.123430, 21600.243, 148.91589, 21467.282, 21473.505,
17.136641, 21421.320, 146.61804, 21524.974, 21539.033,
17.149839, 21654.964, 145.60262, 21581.304, 21604.573,
17.163040, 21505.237, 142.03662, 21636.273, 21670.192,
17.176229, 21604.593, 144.20436, 21689.771, 21735.822,
17.189430, 21808.909, 153.60843, 21741.863, 21801.577,
17.202620, 21875.150, 161.76506, 21792.558, 21867.343,
17.215811, 21914.262, 165.49098, 21842.037, 21933.187,
17.229000, 21482.029, 163.43382, 21890.414, 21999.088,
17.242180, 22440.055, 173.12003, 21937.788, 22065.009,
17.255369, 21996.279, 171.11638, 21984.354, 22131.045,
17.268551, 21811.954, 172.64835, 22030.178, 22197.110,
17.281719, 21857.285, 170.74136, 22075.365, 22263.175,
17.294901, 22360.432, 176.21774, 22120.133, 22329.374,
17.308069, 23220.001, 179.50069, 22164.515, 22395.572,
17.321251, 22411.420, 159.42912, 22208.725, 22461.905,
17.334410, 22849.866, 160.43298, 22252.765, 22528.188,
17.347580, 23339.059, 166.56940, 22296.874, 22594.596,
17.360750, 22870.227, 166.47835, 22341.138, 22661.071,
17.373911, 23518.720, 175.65862, 22385.648, 22727.563,
17.387070, 23330.452, 173.40588, 22430.553, 22794.113,
17.400230, 23602.879, 174.77931, 22475.991, 22860.738,
17.413380, 22839.411, 164.44513, 22522.038, 22927.373,
17.426540, 23392.648, 171.13080, 22568.900, 22994.132,
17.439690, 22791.910, 170.25320, 22616.620, 23060.899,
17.452841, 23093.389, 180.79814, 22665.371, 23127.743,
17.465981, 22990.555, 181.96204, 22715.229, 23194.595,
17.479130, 23234.436, 182.96008, 22766.400, 23261.563,
17.492270, 23362.094, 182.99249, 22818.937, 23328.549,
17.505409, 22943.298, 180.22009, 22873.004, 23395.603,
17.518551, 23158.163, 186.84464, 22928.740, 23462.733,
17.531679, 23010.177, 193.49089, 22986.208, 23529.863,
17.544821, 23005.982, 200.38583, 23045.655, 23597.128,
17.557949, 22674.102, 199.58119, 23107.094, 23664.393,
17.571079, 23657.845, 212.33705, 23170.727, 23731.737,
17.584200, 22977.644, 210.21217, 23236.589, 23799.099,
17.597330, 23538.060, 222.09485, 23304.708, 23866.579,
17.610451, 22916.299, 227.11024, 23374.874, 23934.079,
17.623569, 23180.171, 236.72705, 23447.018, 24001.638,
17.636690, 24384.226, 270.76642, 23521.053, 24069.276,
17.649799, 23062.736, 237.21869, 23596.796, 24136.925,
17.662910, 23151.058, 234.71970, 23674.219, 24204.653,
17.676029, 24170.848, 222.92076, 23753.253, 24272.492,
17.689131, 24104.203, 236.67924, 23833.645, 24340.313,
17.702240, 23980.185, 240.78116, 23915.445, 24408.244,
17.715349, 23158.911, 225.74280, 23998.505, 24476.246,
17.728451, 23779.317, 235.48836, 24082.675, 24544.281,
17.741550, 24069.076, 212.43619, 24167.894, 24612.379,
17.754641, 25164.388, 180.91541, 24254.011, 24680.499,
17.767740, 24266.661, 170.25461, 24341.054, 24748.743,
17.780830, 24846.065, 179.16653, 24428.801, 24817.010,
17.793921, 24685.472, 166.37398, 24517.218, 24885.352,
17.807011, 23882.937, 152.68555, 24606.208, 24953.768,
17.820101, 24937.755, 164.42307, 24695.676, 25022.260,
17.833179, 24475.724, 157.62277, 24785.449, 25090.767,
17.846270, 24476.861, 154.63535, 24875.588, 25159.411,
17.859341, 25099.373, 161.28912, 24965.788, 25228.032,
17.872419, 26204.212, 177.79807, 25056.139, 25296.770,
17.885500, 27240.145, 190.32596, 25146.508, 25365.596,
17.898569, 26259.375, 193.93349, 25236.707, 25434.441,
17.911640, 25096.170, 189.22375, 25326.734, 25503.375,
17.924709, 25295.956, 192.54086, 25416.470, 25572.380,
17.937780, 26573.879, 308.84891, 25505.844, 25641.475,
17.941250, 25657.723, 199.18343, 25529.492, 25659.829,
17.955721, 25260.504, 190.65698, 25627.732, 25736.443,
17.970181, 26002.348, 197.93958, 25725.161, 25813.099,
17.984650, 25731.759, 199.39430, 25821.791, 25889.907,
17.999109, 25578.021, 207.07162, 25917.363, 25966.768,
18.013571, 26422.561, 223.05370, 26011.824, 26043.743,
18.028021, 25917.951, 219.62897, 26104.956, 26120.762,
18.042480, 26787.157, 216.26106, 26196.761, 26197.939,
18.056931, 26275.347, 198.51454, 26286.986, 26275.172,
18.071381, 26114.103, 187.67551, 26375.594, 26352.515,
18.085819, 26340.371, 189.43338, 26462.575, 26429.906,
18.100269, 26609.893, 191.82977, 26548.159, 26507.470,
18.114710, 26962.347, 189.62389, 26632.316, 26585.095,
18.129150, 26870.391, 182.28848, 26715.193, 26662.834,
18.143579, 26948.059, 176.44455, 26796.818, 26740.627,
18.158020, 26588.462, 170.44768, 26877.409, 26818.598,
18.172449, 27520.846, 185.19772, 26956.927, 26896.625,
18.186880, 26930.611, 188.05450, 27035.536, 26974.782,
18.201300, 27431.742, 192.40059, 27113.250, 27052.998,
18.215719, 27053.304, 186.38745, 27190.218, 27131.336,
18.230150, 27000.760, 180.29836, 27266.588, 27209.860,
18.244560, 27371.077, 180.51149, 27342.272, 27288.396,
18.258980, 27286.251, 185.34494, 27417.518, 27367.111,
18.273390, 27513.966, 197.33540, 27492.309, 27445.902,
18.287800, 27691.908, 208.98750, 27566.781, 27524.824,
18.302210, 27681.616, 214.24612, 27641.017, 27603.878,
18.316620, 27541.535, 201.75699, 27715.101, 27683.066,
18.331020, 27730.266, 189.36633, 27789.066, 27762.337,
18.345421, 27793.823, 181.97285, 27863.047, 27841.746,
18.359819, 27621.671, 177.29025, 27937.116, 27921.284,
18.374210, 28596.779, 189.41631, 28011.327, 28000.920,
18.388611, 27810.767, 185.26755, 28085.852, 28080.753,
18.403000, 28066.270, 178.67989, 28160.667, 28160.667,
18.417379, 28125.916, 172.66074, 28235.844, 28240.671,
18.431770, 28203.602, 170.42529, 28311.481, 28320.860,
18.446150, 27931.801, 167.78255, 28387.426, 28401.082,
18.460529, 28859.820, 181.38216, 28463.705, 28481.375,
18.474911, 29051.218, 190.36906, 28540.299, 28561.725,
18.489281, 30212.870, 196.72942, 28617.105, 28642.032,
18.503660, 28802.791, 185.52867, 28694.203, 28722.388,
18.518030, 28210.696, 178.96805, 28771.460, 28802.662,
18.532391, 28729.243, 178.55405, 28848.846, 28882.829,
18.546761, 29083.454, 186.78001, 28926.432, 28962.969,
18.561119, 28619.587, 199.54637, 29004.075, 29042.941,
18.575480, 29749.157, 219.56084, 29081.817, 29122.794,
18.589840, 30017.177, 224.36359, 29159.618, 29202.492,
18.604191, 29455.128, 210.21791, 29237.394, 29281.958,
18.618549, 30589.227, 203.04056, 29315.210, 29361.262,
18.632900, 30430.496, 187.65262, 29392.952, 29440.293,
18.647240, 31478.432, 195.61240, 29470.571, 29519.006,
18.661591, 33743.010, 204.48831, 29548.158, 29597.501,
18.675930, 43814.308, 234.12094, 29625.562, 29675.628,
18.690269, 86630.446, 324.96887, 29702.812, 29753.423,
18.704611, 246631.09, 890.50092, 29779.890, 29830.872,
18.718941, 231379.84, 624.91425, 29856.693, 29907.878,
18.733271, 78117.208, 292.51425, 29933.252, 29984.475,
18.747601, 34251.765, 202.04797, 30009.537, 30060.640,
18.761930, 31284.019, 204.33780, 30085.515, 30136.344,
18.776260, 30872.019, 211.21788, 30161.157, 30211.563,
18.790581, 30068.015, 207.92682, 30236.381, 30286.221,
18.804899, 30354.763, 200.59958, 30311.195, 30360.332,
18.819220, 30525.257, 201.61078, 30385.588, 30433.888,
18.833530, 30784.814, 209.30960, 30459.468, 30506.806,
18.847839, 30336.734, 214.58749, 30532.843, 30579.097,
18.862150, 30400.138, 233.41809, 30605.698, 30650.755,
18.876459, 30868.475, 257.02567, 30677.982, 30721.733,
18.890770, 31229.682, 247.54257, 30749.680, 30792.023,
18.905069, 31543.367, 238.36784, 30820.691, 30861.532,
18.919371, 30925.357, 218.32222, 30891.049, 30930.298,
18.933670, 31231.895, 211.29324, 30960.698, 30998.276,
18.947960, 32321.575, 228.31860, 31029.567, 31065.401,
18.962250, 31360.607, 225.75301, 31097.666, 31131.692,
18.976540, 31677.465, 232.13574, 31164.960, 31197.120,
18.990829, 31744.871, 228.40076, 31231.410, 31261.656,
19.005119, 31826.434, 227.75595, 31296.980, 31325.272,
19.019400, 31228.051, 217.37730, 31361.586, 31387.895,
19.033680, 31582.689, 216.88037, 31425.235, 31449.541,
19.047960, 31960.208, 228.94281, 31487.887, 31510.180,
19.062229, 33310.594, 250.98692, 31549.452, 31569.733,
19.076500, 33375.455, 272.08041, 31609.947, 31628.228,
19.090771, 31056.830, 246.35455, 31669.321, 31685.626,
19.105040, 31549.535, 252.69678, 31727.526, 31741.889,
19.119310, 33841.327, 266.69110, 31784.531, 31797.001,
19.133570, 32685.684, 260.89487, 31840.241, 31850.880,
19.147829, 32312.036, 275.56241, 31894.656, 31903.540,
19.162090, 32496.104, 298.57272, 31947.737, 31954.954,
19.176340, 32117.646, 304.60934, 31999.387, 32005.045,
19.190599, 32344.736, 310.56094, 32049.636, 32053.852,
19.204849, 33399.944, 306.48792, 32098.366, 32101.278,
19.219101, 33015.844, 280.99200, 32145.566, 32147.330,
19.233339, 31299.606, 252.58427, 32191.137, 32191.924,
19.247580, 32794.716, 277.24509, 32235.077, 32235.077,
19.261820, 32532.265, 264.46387, 32277.358, 32276.774,
19.276060, 31532.955, 273.84485, 32318.087, 32317.104,
19.290300, 33952.614, 301.03503, 32357.404, 32356.182,
19.304529, 32844.569, 296.41769, 32395.415, 32394.092,
19.318760, 33063.997, 295.13275, 32432.293, 32430.986,
19.332991, 33374.631, 302.78281, 32468.171, 32466.972,
19.347219, 32931.473, 296.06476, 32503.177, 32502.158,
19.361441, 33242.769, 301.32910, 32537.432, 32536.644,
19.375660, 34583.601, 335.39841, 32571.085, 32570.557,
19.389879, 30524.598, 304.95508, 32604.273, 32604.014,
19.404100, 33257.711, 335.83994, 32637.133, 32637.133,
19.418310, 32021.845, 326.39853, 32669.767, 32669.995,
19.432520, 32797.911, 350.42932, 32702.332, 32702.738,
