# wave, flux, fluxerr, continuum, continuum_plateau
9.9725246, 479.47965, 23.222681, 479.47965, 479.47965,
9.9806166, 586.57340, 25.653385, 478.90882, 478.90710,
9.9887066, 479.34033, 21.870474, 478.40284, 478.39617,
9.9967957, 487.38529, 20.641008, 477.96192, 477.94740,
10.004880, 496.50896, 22.480318, 477.58652, 477.56155,
10.012970, 555.31674, 22.331009, 477.27648, 477.23877,
10.021050, 602.59111, 20.313805, 477.03270, 476.98026,
10.029140, 585.35258, 21.145380, 476.85495, 476.78604,
10.037220, 535.87371, 21.612663, 476.74405, 476.65723,
10.045300, 479.42137, 18.589283, 476.70010, 476.59419,
10.053380, 530.66713, 18.196461, 476.72354, 476.59759,
10.061460, 538.58311, 19.628151, 476.81477, 476.66807,
10.069540, 587.62474, 19.644114, 476.97426, 476.80634,
10.077610, 575.97298, 17.440310, 477.20211, 477.01274,
10.085690, 480.06172, 17.139923, 477.49935, 477.28846,
10.093760, 562.99072, 18.857426, 477.86578, 477.63353,
10.101830, 548.94686, 17.109673, 478.30219, 478.04892,
10.109900, 522.35645, 16.222713, 478.80918, 478.53541,
10.117970, 556.20637, 17.843708, 479.38716, 479.09356,
10.126040, 594.32626, 18.050051, 480.03675, 479.72415,
10.134100, 481.99739, 15.434171, 480.75753, 480.42694,
10.142170, 508.66261, 16.061302, 481.55196, 481.20446,
10.150230, 489.88528, 17.247377, 482.41869, 482.05554,
10.158300, 518.26221, 16.447161, 483.36039, 482.98292,
10.166360, 524.19392, 15.495066, 484.37535, 483.98502,
10.174420, 429.37783, 16.064163, 485.46553, 485.06389,
10.182470, 492.79787, 17.267719, 486.62994, 486.21860,
10.190530, 551.23355, 19.467051, 487.87213, 487.45278,
10.198590, 576.98845, 17.043213, 489.19165, 488.76602,
10.206640, 548.88144, 18.536301, 490.58720, 490.15710,
10.214690, 540.97671, 18.144989, 492.06122, 491.62846,
10.222750, 507.09164, 16.736469, 493.61633, 493.18276,
10.230800, 485.43061, 18.325281, 495.24964, 494.81711,
10.238850, 474.85422, 19.521027, 496.96375, 496.53412,
10.246890, 526.62624, 18.492514, 498.75729, 498.33240,
10.254940, 451.13351, 17.691099, 500.63537, 500.21703,
10.262990, 503.76633, 19.820515, 502.59675, 502.18675,
10.271030, 499.73957, 19.850666, 504.63984, 504.23991,
10.279070, 458.78994, 18.007584, 506.76755, 506.37936,
10.287120, 575.78763, 19.802177, 508.98398, 508.60914,
10.295150, 495.74021, 20.501457, 511.28150, 510.92149,
10.303190, 458.43306, 19.429981, 513.66964, 513.32590,
10.311230, 507.99323, 18.534184, 516.14614, 515.81998,
10.319270, 486.70497, 19.944353, 518.71258, 518.40517,
10.327300, 527.44910, 21.975670, 521.36615, 521.07853,
10.335340, 545.10483, 20.215439, 524.11451, 523.84759,
10.343370, 512.07736, 20.060980, 526.95252, 526.70701,
10.351400, 506.98038, 22.683268, 529.88380, 529.66026,
10.359430, 506.18195, 22.821095, 532.90978, 532.70857,
10.367460, 507.14589, 21.103935, 536.03158, 535.85286,
10.375480, 552.25422, 22.852596, 539.24607, 539.08977,
10.383510, 501.34701, 25.256367, 542.56283, 542.42868,
10.391530, 523.57803, 24.766455, 545.97479, 545.86224,
10.399560, 539.01881, 20.280048, 549.49128, 549.39956,
10.407580, 580.93975, 19.509014, 553.10518, 553.03320,
10.415600, 551.33116, 20.453035, 556.82142, 556.76781,
10.423620, 534.10934, 20.830585, 560.64214, 560.60526,
10.431640, 630.58090, 21.660194, 564.56777, 564.54562,
10.439650, 566.36086, 21.043869, 568.59520, 568.58545,
10.447670, 532.59491, 20.645300, 572.73588, 572.73588,
10.455680, 514.89793, 19.648251, 576.97964, 576.98646,
10.463700, 619.24481, 19.214489, 581.33535, 581.34626,
10.471710, 596.80921, 20.354206, 585.78869, 585.80123,
10.479720, 569.60887, 20.273838, 590.34239, 590.35438,
10.487730, 588.01758, 19.081303, 594.99357, 595.00309,
10.495730, 774.89993, 21.195480, 599.73367, 599.73903,
10.503740, 1366.4813, 28.310240, 604.57116, 604.57089,
10.511750, 1452.9011, 28.753942, 609.49763, 609.49048,
10.519750, 901.19372, 23.405476, 614.50368, 614.48859,
10.527750, 637.41391, 24.705841, 619.59353, 619.56965,
10.535750, 795.39369, 29.296848, 624.76388, 624.73049,
10.543750, 675.57562, 28.398134, 630.01135, 629.96793,
10.551750, 711.45016, 28.794254, 635.33449, 635.28066,
10.559750, 657.76710, 31.867702, 640.72936, 640.66485,
10.567850, 781.04811, 21.163445, 646.26340, 646.18796,
10.576350, 784.82313, 21.844324, 652.14424, 652.05733,
10.584840, 744.64084, 21.509251, 658.09018, 657.99192,
10.593340, 760.00636, 19.839474, 664.11275, 664.00338,
10.601830, 786.10405, 19.847893, 670.19398, 670.07386,
10.610330, 764.25061, 21.307793, 676.34579, 676.21533,
10.618820, 763.09326, 20.764879, 682.55061, 682.41036,
10.627310, 775.88253, 19.641697, 688.81154, 688.66208,
10.635800, 754.65773, 20.054279, 695.12693, 694.96892,
10.644280, 743.67119, 21.710215, 701.48515, 701.31932,
10.652770, 759.98449, 20.217350, 707.89818, 707.72528,
10.661250, 733.33540, 18.870243, 714.34861, 714.16945,
10.669740, 718.32336, 19.835154, 720.84796, 720.66336,
10.678220, 716.17851, 20.206837, 727.37865, 727.18947,
10.686700, 720.28787, 18.438292, 733.94498, 733.75209,
10.695180, 723.07677, 18.411015, 740.54399, 740.34830,
10.703650, 736.15740, 19.719263, 747.16527, 746.96766,
10.712130, 769.63513, 19.809559, 753.82003, 753.62141,
10.720600, 811.96358, 18.703583, 760.49188, 760.29314,
10.729080, 796.43175, 18.804832, 767.19217, 766.99419,
10.737550, 836.32584, 20.310530, 773.90214, 773.70583,
10.746020, 764.08530, 18.930140, 780.62794, 780.43415,
10.754490, 800.46933, 18.242418, 787.36513, 787.17474,
10.762960, 799.91890, 18.849043, 794.11234, 793.92618,
10.771420, 831.43359, 20.303085, 800.85678, 800.67568,
10.779890, 816.30551, 19.324013, 807.61381, 807.43858,
10.788350, 808.01947, 18.578188, 814.36303, 814.19446,
10.796810, 840.29382, 20.033590, 821.10994, 820.94879,
10.805270, 883.81722, 26.415878, 827.85164, 827.69867,
10.813730, 841.66797, 19.974319, 834.58525, 834.44119,
10.822190, 827.32094, 19.439432, 841.30787, 841.17345,
10.830650, 797.12743, 21.070078, 848.01662, 847.89255,
10.839100, 808.29230, 21.479700, 854.70031, 854.58727,
10.847560, 807.23643, 20.254999, 861.37264, 861.27133,
10.856010, 759.53705, 20.037905, 868.01491, 867.92600,
10.864460, 805.15102, 22.712238, 874.63101, 874.55518,
10.872910, 853.27321, 23.767996, 881.21878, 881.15671,
10.881360, 890.72585, 22.655022, 887.77605, 887.72843,
10.889800, 917.99273, 24.035528, 894.29107, 894.25859,
10.898250, 856.01478, 26.645699, 900.77637, 900.75977,
10.906690, 925.92634, 28.021957, 907.21439, 907.21439,
10.915140, 940.95536, 26.764505, 913.61810, 913.63548,
10.923580, 895.18272, 28.513847, 919.97198, 920.00735,
10.932020, 955.84487, 32.548306, 926.28501, 926.33890,
10.940460, 963.44868, 31.972872, 932.55819, 932.63101,
10.948890, 1076.5001, 32.547295, 938.78480, 938.87681,
10.957330, 1097.2436, 33.952904, 944.98130, 945.09273,
10.965760, 1174.5773, 27.585487, 951.13397, 951.26488,
10.974200, 1313.6158, 25.664801, 957.25769, 957.40811,
10.982630, 1480.4399, 25.060577, 963.33888, 963.50870,
10.991060, 1591.5464, 25.637589, 969.38680, 969.57586,
10.999490, 1694.5041, 29.370502, 975.40101, 975.60907,
11.007920, 1618.9574, 27.177994, 981.38380, 981.61056,
11.016340, 1616.7236, 27.403082, 987.32802, 987.57308,
11.024770, 1548.9066, 28.006413, 993.24871, 993.51167,
11.033190, 1471.0084, 30.159508, 999.13339, 999.41374,
11.041610, 1517.5733, 30.912281, 1004.9896, 1005.2869,
11.050030, 1471.4788, 29.540880, 1010.8184, 1011.1319,
11.058450, 1446.0702, 31.457251, 1016.6204, 1016.9496,
11.066870, 1448.4664, 32.558090, 1022.3967, 1022.7409,
11.075290, 1408.6180, 32.503284, 1028.1480, 1028.5066,
11.083700, 1464.6631, 35.877804, 1033.8688, 1034.2410,
11.092120, 1485.8881, 34.486317, 1039.5729, 1039.9579,
11.100530, 1657.3376, 45.402287, 1045.2475, 1045.6447,
11.108940, 1576.6913, 42.170959, 1050.9012, 1051.3098,
11.117350, 1577.1109, 55.760994, 1056.5337, 1056.9528,
11.120570, 1683.8618, 33.147011, 1058.6854, 1059.1084,
11.129530, 1800.1706, 32.075806, 1064.6568, 1065.0898,
11.138500, 1982.7592, 32.886433, 1070.6139, 1071.0561,
11.147460, 2213.0819, 35.516792, 1076.5438, 1076.9942,
11.156430, 2633.6132, 38.512791, 1082.4614, 1082.9192,
11.165390, 3161.6791, 39.446938, 1088.3538, 1088.8180,
11.174350, 3784.1093, 42.032978, 1094.2289, 1094.6987,
11.183300, 4556.7178, 47.999905, 1100.0815, 1100.5559,
11.192260, 5178.0953, 50.889740, 1105.9249, 1106.4030,
11.201220, 5432.0299, 49.519135, 1111.7539, 1112.2349,
11.210170, 5483.9387, 49.685410, 1117.5632, 1118.0463,
11.219120, 5491.6859, 52.294186, 1123.3600, 1123.8443,
11.228070, 5369.2478, 51.543743, 1129.1452, 1129.6300,
11.237020, 5288.0584, 48.264351, 1134.9191, 1135.4036,
11.245970, 5255.7208, 48.631931, 1140.6840, 1141.1673,
11.254920, 5191.6632, 49.840416, 1146.4400, 1146.9216,
11.263860, 5115.6336, 48.897541, 1152.1814, 1152.6605,
11.272800, 4917.5725, 45.370529, 1157.9165, 1158.3924,
11.281750, 4726.2614, 44.958355, 1163.6510, 1164.1232,
11.290690, 4592.0521, 45.593861, 1169.3749, 1169.8428,
11.299630, 4418.1683, 44.031681, 1175.0940, 1175.5570,
11.308560, 4185.3368, 41.271248, 1180.8037, 1181.2613,
11.317500, 4063.7789, 41.145962, 1186.5172, 1186.9689,
11.326430, 3800.4144, 41.477386, 1192.2230, 1192.6684,
11.335370, 3612.7758, 39.643337, 1197.9344, 1198.3731,
11.344300, 3423.3966, 37.260300, 1203.6401, 1204.0716,
11.353230, 3348.6329, 37.132740, 1209.3469, 1209.7710,
11.362160, 3218.1956, 38.108456, 1215.0554, 1215.4717,
11.371080, 3126.5699, 37.045586, 1220.7613, 1221.1697,
11.380010, 2981.1206, 34.902122, 1226.4768, 1226.8769,
11.388930, 2889.2428, 34.862965, 1232.1916, 1232.5833,
11.397850, 2731.4516, 35.581001, 1237.9115, 1238.2947,
11.406780, 2654.6002, 34.828220, 1243.6449, 1244.0194,
11.415700, 2568.3640, 32.992702, 1249.3791, 1249.7448,
11.424610, 2415.5025, 32.863533, 1255.1157, 1255.4725,
11.433530, 2412.8795, 34.623741, 1260.8678, 1261.2157,
11.442450, 2385.5501, 34.176247, 1266.6303, 1266.9693,
11.451360, 2283.1990, 32.075211, 1272.3978, 1272.7279,
11.460270, 2304.2019, 33.454967, 1278.1775, 1278.4987,
11.469180, 2269.7039, 34.634640, 1283.9703, 1284.2827,
11.478090, 2148.2174, 34.162926, 1289.7770, 1290.0807,
11.487000, 2083.8150, 32.466690, 1295.5987, 1295.8937,
11.495910, 2061.0851, 33.601620, 1301.4356, 1301.7221,
11.504810, 2028.2589, 34.737293, 1307.2837, 1307.5617,
11.513710, 1995.4958, 35.076309, 1313.1489, 1313.4186,
11.522620, 1954.0447, 33.771618, 1319.0397, 1319.3011,
11.531520, 1878.5090, 34.116512, 1324.9432, 1325.1965,
11.540420, 1891.4891, 36.088631, 1330.8672, 1331.1126,
11.549310, 1908.8176, 37.171982, 1336.8065, 1337.0440,
11.558210, 1799.8933, 35.273781, 1342.7752, 1343.0049,
11.567100, 1851.2377, 36.575844, 1348.7597, 1348.9817,
11.576000, 1751.3299, 37.962650, 1354.7763, 1354.9907,
11.584890, 1719.0993, 39.020657, 1360.8113, 1361.0181,
11.593780, 1716.4407, 38.545799, 1366.8721, 1367.0713,
11.602670, 1703.3672, 38.591736, 1372.9609, 1373.1525,
11.611560, 1678.6905, 41.250191, 1379.0781, 1379.2620,
11.620440, 1597.4494, 42.541477, 1385.2175, 1385.3937,
11.629330, 1572.0676, 42.306808, 1391.3946, 1391.5628,
11.638210, 1518.4428, 40.908192, 1397.5965, 1397.7566,
11.647090, 1512.6964, 44.629978, 1403.8302, 1403.9819,
11.655970, 1545.2265, 47.833035, 1410.0974, 1410.2404,
11.664850, 1493.9308, 35.938095, 1416.3999, 1416.5338,
11.673730, 1505.4979, 27.503159, 1422.7374, 1422.8616,
11.682600, 1552.3275, 29.631546, 1429.1047, 1429.2188,
11.691480, 1554.0725, 31.102575, 1435.5167, 1435.6199,
11.700350, 1569.0686, 31.923004, 1441.9606, 1442.0523,
11.709220, 1538.7251, 31.807186, 1448.4445, 1448.5237,
11.718090, 1532.0331, 32.532413, 1454.9695, 1455.0353,
11.726960, 1498.6266, 34.353703, 1461.5367, 1461.5880,
11.735830, 1546.7221, 35.151989, 1468.1472, 1468.1828,
11.744690, 1457.1507, 36.966850, 1474.7943, 1474.8129,
11.753560, 1465.7506, 35.009544, 1481.4950, 1481.4950,
11.762420, 1473.2841, 35.863255, 1488.2336, 1488.2134,
11.771280, 1464.5673, 60.674149, 1495.0154, 1494.9736,
11.775020, 1562.2351, 30.339211, 1497.8891, 1497.8379,
11.784500, 1531.1530, 31.258249, 1505.2034, 1505.1270,
11.793980, 1557.6313, 30.823175, 1512.5534, 1512.4506,
11.803460, 1604.4782, 32.945538, 1519.9355, 1519.8050,
11.812940, 1583.1388, 28.863791, 1527.3428, 1527.1838,
11.822420, 1601.0257, 29.929981, 1534.7719, 1534.5835,
11.831890, 1609.4254, 29.816158, 1542.2084, 1541.9900,
11.841360, 1610.6958, 28.660332, 1549.6556, 1549.4065,
11.850840, 1620.6049, 27.968525, 1557.1156, 1556.8355,
11.860310, 1681.9857, 29.461531, 1564.5684, 1564.2570,
11.869770, 1652.0236, 29.073433, 1572.0089, 1571.6660,
11.879240, 1693.1222, 28.215490, 1579.4468, 1579.0725,
11.888710, 1773.4804, 28.007891, 1586.8696, 1586.4639,
11.898170, 1774.4261, 39.397774, 1594.2647, 1593.8280,
11.907630, 1786.3301, 29.375362, 1601.6336, 1601.1663,
11.917090, 1811.9828, 28.906843, 1608.9726, 1608.4753,
11.926550, 1822.7360, 27.809095, 1616.2752, 1615.7486,
11.936010, 1839.7268, 28.292080, 1623.5377, 1622.9826,
11.945470, 1904.6975, 29.464794, 1630.7533, 1630.1709,
11.954920, 1907.1483, 28.662270, 1637.9105, 1637.3020,
11.964370, 1899.8507, 27.821259, 1645.0112, 1644.3782,
11.973830, 1918.5995, 28.274651, 1652.0582, 1651.4022,
11.983280, 1952.4429, 29.571724, 1659.0305, 1658.3533,
11.992720, 1923.5687, 28.960215, 1665.9230, 1665.2269,
12.002170, 1922.2604, 28.283005, 1672.7459, 1672.0331,
12.011610, 1909.6974, 28.018570, 1679.4793, 1678.7524,
12.021060, 1914.1611, 29.194620, 1686.1315, 1685.3935,
12.030500, 1871.1094, 28.837662, 1692.6837, 1691.9377,
12.039940, 1811.2898, 27.804028, 1699.1368, 1698.3863,
12.049380, 1856.0057, 27.733768, 1705.4865, 1704.7353,
12.058820, 1875.0971, 29.175501, 1711.7261, 1710.9784,
12.068250, 1834.0417, 29.428240, 1717.8447, 1717.1051,
12.077690, 1829.0749, 28.717949, 1723.8497, 1723.1231,
12.087120, 1829.7424, 28.194237, 1729.7223, 1729.0141,
12.096550, 1887.2355, 29.662762, 1735.4636, 1734.7797,
12.105980, 1821.0823, 30.190651, 1741.0680, 1740.4146,
12.115410, 1794.7255, 29.470135, 1746.5298, 1745.9138,
12.124830, 1794.0708, 28.811789, 1751.8380, 1751.2668,
12.134260, 1788.5602, 29.651474, 1756.9976, 1756.4791,
12.143680, 1780.4378, 30.964907, 1761.9919, 1761.5346,
12.153100, 1788.7802, 31.327446, 1766.8214, 1766.4344,
12.162520, 1792.1771, 33.542797, 1771.4795, 1771.1728,
12.171940, 1815.6565, 31.134895, 1775.9600, 1775.7440,
12.181360, 1766.5710, 32.089500, 1780.2577, 1780.1437,
12.190770, 1781.9660, 32.901474, 1784.3616, 1784.3616,
12.200180, 1768.4238, 32.029350, 1788.2721, 1788.3986,
12.209600, 1789.1907, 32.404972, 1791.9954, 1792.2602,
12.219010, 1753.6372, 33.527321, 1795.5266, 1795.9403,
12.228420, 1783.6731, 35.081890, 1798.8736, 1799.4457,
12.237820, 1791.2084, 34.899925, 1802.0364, 1802.7753,
12.247230, 1795.7503, 34.684563, 1805.0255, 1805.9390,
12.256630, 1822.6846, 35.828957, 1807.8379, 1808.9323,
12.266040, 2172.4672, 40.694016, 1810.4825, 1811.7637,
12.275440, 2992.8155, 47.135448, 1812.9572, 1814.4299,
12.284840, 2690.7214, 44.784462, 1815.2677, 1816.9359,
12.294230, 1990.4968, 39.743610, 1817.4155, 1819.2823,
12.303630, 1938.8324, 48.461716, 1819.4077, 1821.4756,
12.313030, 2002.1147, 43.888039, 1821.2454, 1823.5161,
12.322420, 1989.4080, 47.245922, 1822.9295, 1825.4038,
12.331810, 1987.8426, 33.817505, 1824.4652, 1827.1434,
12.341200, 2054.3428, 29.063950, 1825.8552, 1828.7370,
12.350590, 2117.1160, 30.526241, 1827.1024, 1830.1868,
12.359980, 2146.1387, 31.852730, 1828.2096, 1831.4951,
12.369360, 2169.7720, 32.622131, 1829.1786, 1832.6629,
12.378750, 2180.2844, 33.279907, 1830.0141, 1833.6947,
12.388130, 2141.2098, 33.588547, 1830.7169, 1834.5905,
12.397510, 2111.8243, 33.651505, 1831.2906, 1835.3536,
12.406890, 2180.1795, 33.143761, 1831.7377, 1835.9862,
12.416270, 2231.6119, 33.729069, 1832.0608, 1836.4903,
12.425640, 2203.2237, 34.058052, 1832.2622, 1836.8676,
12.435020, 2229.3552, 35.967567, 1832.3448, 1837.1210,
12.444390, 2333.4106, 37.096493, 1832.3107, 1837.2519,
12.453760, 2310.0016, 36.310814, 1832.1624, 1837.2628,
12.463130, 2287.1438, 37.194832, 1831.9023, 1837.1556,
12.472500, 2283.3093, 40.244614, 1831.5327, 1836.9324,
12.481870, 2453.0270, 49.541222, 1831.0558, 1836.5951,
12.489420, 2490.3674, 37.009323, 1830.5949, 1836.2416,
12.499490, 2564.4851, 38.313114, 1829.8759, 1835.6587,
12.509550, 2573.1096, 37.222321, 1829.0412, 1834.9512,
12.519610, 2551.2702, 35.609489, 1828.0925, 1834.1210,
12.529670, 2662.8802, 36.321136, 1827.0326, 1833.1706,
12.539730, 2633.3341, 37.421425, 1825.8639, 1832.1022,
12.549780, 2774.2328, 40.663689, 1824.5903, 1830.9195,
12.559840, 2775.0109, 36.706413, 1823.2116, 1829.6223,
12.569890, 2874.6628, 36.378532, 1821.7330, 1828.2156,
12.579940, 2851.8928, 37.112377, 1820.1556, 1826.7005,
12.589990, 2918.5201, 37.692726, 1818.4817, 1825.0791,
12.600040, 2992.0345, 37.117599, 1816.7134, 1823.3535,
12.610090, 3070.1892, 36.779057, 1814.8533, 1821.5264,
12.620130, 3137.4548, 44.808586, 1812.9056, 1819.6018,
12.630170, 3161.5493, 38.286789, 1810.8703, 1817.5799,
12.640210, 3144.2530, 38.121494, 1808.7498, 1815.4631,
12.650250, 3119.0622, 36.511868, 1806.5463, 1813.2535,
12.660290, 3085.7405, 36.213112, 1804.2619, 1810.9535,
12.670330, 3124.3176, 36.996029, 1801.8984, 1808.5648,
12.680360, 3186.4545, 38.037827, 1799.4606, 1806.0925,
12.690390, 3271.3320, 37.355591, 1796.9481, 1803.5361,
12.700420, 3398.4913, 37.538982, 1794.3626, 1800.8975,
12.710450, 3521.1089, 38.532402, 1791.7065, 1798.1794,
12.720480, 3562.4609, 40.332329, 1788.9815, 1795.3835,
12.730500, 3487.9162, 43.453243, 1786.1922, 1792.5148,
12.740530, 3517.0774, 38.529991, 1783.3352, 1789.5697,
12.750550, 3437.9599, 37.574429, 1780.4176, 1786.5560,
12.760570, 3445.7115, 39.069939, 1777.4391, 1783.4733,
12.770590, 3400.4775, 39.112144, 1774.4007, 1780.3229,
12.780610, 3446.3838, 38.667492, 1771.3045, 1777.1072,
12.790620, 3557.6612, 40.387474, 1768.1557, 1773.8316,
12.800640, 4234.9698, 43.072121, 1764.9493, 1770.4913,
12.810650, 6029.9626, 52.008987, 1761.6937, 1767.0953,
12.820660, 4459.3307, 44.470806, 1758.3874, 1763.6421,
12.830670, 3007.0386, 36.111691, 1755.0317, 1760.1333,
12.840680, 2879.3172, 35.989365, 1751.6288, 1756.5715,
12.850680, 2678.6218, 35.677624, 1748.1835, 1752.9619,
12.860690, 2508.8818, 35.259632, 1744.6906, 1749.2995,
12.870690, 2370.7698, 33.979370, 1741.1586, 1745.5933,
12.880690, 2256.4865, 32.799751, 1737.5860, 1741.8420,
12.890690, 2188.2847, 33.047676, 1733.9737, 1738.0468,
12.900680, 2099.0615, 33.385429, 1730.3274, 1734.2141,
12.910680, 2048.1639, 33.384453, 1726.6410, 1730.3378,
12.920670, 2017.8248, 32.438290, 1722.9238, 1726.4279,
12.930670, 1953.6009, 32.026672, 1719.1695, 1722.4780,
12.940660, 1907.1834, 32.981640, 1715.3871, 1718.4980,
12.950640, 1846.4403, 33.483742, 1711.5788, 1714.4906,
12.960630, 1870.7230, 33.125141, 1707.7375, 1710.4485,
12.970620, 1872.0796, 33.148186, 1703.8693, 1706.3786,
12.980600, 1792.6237, 33.079700, 1699.9791, 1702.2862,
12.990580, 1844.5360, 35.243603, 1696.0649, 1698.1698,
13.000560, 1771.9708, 34.630573, 1692.1275, 1694.0305,
13.010540, 1733.4388, 34.159328, 1688.1686, 1689.8704,
13.020520, 1753.3374, 34.103828, 1684.1897, 1685.6915,
13.030490, 1776.4460, 35.886051, 1680.1964, 1681.5000,
13.040470, 1711.0222, 36.529182, 1676.1816, 1677.2889,
13.050440, 1713.0872, 36.957920, 1672.1553, 1673.0690,
13.060410, 1716.9044, 36.647209, 1668.1145, 1668.8376,
13.070380, 1685.6158, 36.791531, 1664.0604, 1664.5963,
13.080350, 1695.9655, 39.134529, 1659.9949, 1660.3476,
13.090310, 1609.1474, 39.428627, 1655.9231, 1656.0971,
13.100280, 1694.2095, 40.062893, 1651.8384, 1651.8384,
13.110240, 1625.7901, 39.050594, 1647.7501, 1647.5815,
13.120200, 1634.0797, 41.232323, 1643.6551, 1643.3232,
13.130160, 1662.4024, 43.096172, 1639.5546, 1639.0647,
13.140110, 1725.7222, 35.235172, 1635.4538, 1634.8113,
13.150070, 1677.0373, 27.197376, 1631.3450, 1630.5550,
13.160020, 1685.7927, 27.818665, 1627.2378, 1626.3057,
13.169980, 1682.2904, 30.119936, 1623.1246, 1622.0556,
13.179930, 1682.2623, 30.726660, 1619.0150, 1617.8144,
13.189870, 1639.8860, 31.364166, 1614.9095, 1613.5827,
13.199820, 1691.9357, 31.551212, 1610.8012, 1609.3534,
13.209770, 1619.6397, 30.539476, 1606.6947, 1605.1310,
13.219710, 1681.4476, 31.669197, 1602.5956, 1600.9215,
13.229650, 1636.0785, 32.327526, 1598.5010, 1596.7216,
13.239590, 1651.0071, 33.041439, 1594.4110, 1592.5316,
13.249530, 1674.8313, 33.404526, 1590.3270, 1588.3528,
13.259470, 1647.5996, 32.592690, 1586.2499, 1584.1861,
13.269410, 1645.4276, 34.320198, 1582.1808, 1580.0327,
13.279340, 1618.3207, 37.447086, 1578.1248, 1575.8977,
13.289270, 1599.0337, 37.240532, 1574.0784, 1571.7773,
13.299200, 1629.7157, 38.554321, 1570.0431, 1567.6734,
13.309130, 1637.0210, 41.740738, 1566.0197, 1563.5866,
13.318260, 1627.3534, 31.307869, 1562.3313, 1559.8444,
13.328980, 1632.1010, 29.938154, 1558.0157, 1555.4712,
13.339690, 1596.1441, 30.020332, 1553.7214, 1551.1254,
13.350400, 1629.7324, 30.813391, 1549.4456, 1546.8040,
13.361120, 1664.3580, 30.689695, 1545.1854, 1542.5041,
13.371830, 1666.8436, 28.848785, 1540.9504, 1538.2353,
13.382530, 1601.8670, 27.998772, 1536.7413, 1533.9985,
13.393240, 1626.0791, 29.124180, 1532.5521, 1529.7872,
13.403940, 1594.9404, 29.169838, 1528.3914, 1525.6103,
13.414650, 1636.1629, 34.147503, 1524.2532, 1521.4615,
13.425350, 1600.1679, 27.588331, 1520.1461, 1517.3496,
13.436050, 1595.9793, 27.373011, 1516.0678, 1513.2721,
13.446740, 1612.3253, 27.875631, 1512.0236, 1509.2341,
13.457440, 1668.9607, 28.904703, 1508.0069, 1505.2291,
13.468130, 1666.8776, 27.547813, 1504.0268, 1501.2661,
13.478830, 1674.3100, 27.126209, 1500.0771, 1497.3388,
13.489520, 1679.4316, 27.011684, 1496.1668, 1493.4560,
13.500200, 1677.9902, 27.975840, 1492.2968, 1489.6186,
13.510890, 1708.3524, 27.880142, 1488.4618, 1485.8211,
13.521570, 1784.6232, 28.018269, 1484.6699, 1482.0715,
13.532260, 1781.0702, 27.052879, 1480.9159, 1478.3645,
13.542940, 1799.4002, 27.590870, 1477.2078, 1474.7079,
13.553620, 1803.8768, 28.816706, 1473.5439, 1471.0999,
13.564290, 1750.8431, 28.125906, 1469.9292, 1467.5452,
13.574970, 1736.1185, 27.069452, 1466.3580, 1464.0381,
13.585640, 1709.8810, 26.338301, 1462.8390, 1460.5869,
13.596320, 1719.3392, 27.353527, 1459.3667, 1457.1861,
13.606990, 1672.0401, 27.490997, 1455.9496, 1453.8439,
13.617650, 1704.2826, 27.963972, 1452.5888, 1450.5611,
13.628320, 1657.9948, 26.534519, 1449.2799, 1447.3333,
13.638980, 1671.6102, 26.701168, 1446.0305, 1444.1675,
13.649650, 1617.3685, 26.784410, 1442.8364, 1441.0595,
13.660310, 1623.3711, 27.799183, 1439.7050, 1438.0163,
13.670970, 1565.3638, 29.804958, 1436.6352, 1435.0365,
13.681630, 1527.9713, 25.979713, 1433.6287, 1432.1216,
13.692280, 1538.2671, 26.459419, 1430.6900, 1429.2756,
13.702940, 1518.5425, 26.872046, 1427.8153, 1426.4945,
13.713590, 1522.6950, 28.212780, 1425.0120, 1423.7852,
13.724240, 1494.6599, 27.405415, 1422.2788, 1421.1461,
13.734890, 1511.1428, 27.252428, 1419.6181, 1418.5792,
13.745530, 1447.1438, 26.780621, 1417.0338, 1416.0879,
13.756180, 1444.3927, 27.728172, 1414.5232, 1413.6693,
13.766820, 1404.5230, 28.192617, 1412.0928, 1411.3291,
13.777460, 1424.6276, 27.899302, 1409.7422, 1409.0668,
13.788100, 1360.1815, 26.739290, 1407.4735, 1406.8838,
13.798740, 1444.6078, 27.555092, 1405.2888, 1404.7816,
13.809380, 1403.2855, 28.561728, 1403.1903, 1402.7621,
13.820010, 1434.7559, 29.103418, 1401.1816, 1400.8280,
13.830640, 1430.1412, 28.625254, 1399.2631, 1398.9795,
13.841270, 1412.4849, 28.001316, 1397.4369, 1397.2178,
13.851900, 1405.7167, 28.206551, 1395.7054, 1395.5448,
13.862530, 1369.3124, 32.917568, 1394.0707, 1393.9620,
13.873150, 1391.0092, 29.419836, 1392.5365, 1392.4723,
13.883780, 1414.1019, 29.422447, 1391.1023, 1391.0747,
13.894400, 1363.5492, 28.478527, 1389.7732, 1389.7732,
13.905020, 1385.8827, 29.230331, 1388.5492, 1388.5676,
13.915640, 1394.3232, 30.515417, 1387.4275, 1387.4554,
13.926250, 1422.1335, 31.299088, 1386.4052, 1386.4345,
13.936870, 1469.9799, 31.406010, 1385.4769, 1385.5000,
13.947480, 1423.9276, 30.363895, 1384.6403, 1384.6503,
13.958090, 1520.2064, 32.771252, 1383.8911, 1383.8817,
13.968700, 1464.0379, 33.271610, 1383.2255, 1383.1909,
13.979310, 1505.5696, 34.770596, 1382.6402, 1382.5752,
13.989910, 1443.6703, 33.354637, 1382.1318, 1382.0317,
14.000520, 1471.7287, 33.586964, 1381.6961, 1381.5567,
14.011120, 1476.0667, 35.001720, 1381.3303, 1381.1479,
14.021720, 1458.0228, 36.539116, 1381.0305, 1380.8019,
14.032320, 1497.6673, 38.570534, 1380.7934, 1380.5157,
14.042920, 1496.1298, 37.607193, 1380.6155, 1380.2863,
14.053510, 1460.5321, 37.644917, 1380.4936, 1380.1111,
14.064110, 1543.8637, 39.610718, 1380.4241, 1379.9866,
14.074700, 1407.4223, 40.910667, 1380.4039, 1379.9102,
14.085290, 1493.1825, 43.481766, 1380.4295, 1379.8789,
14.095870, 1464.4176, 31.216837, 1380.4976, 1379.8896,
14.106460, 1446.5536, 25.501163, 1380.6051, 1379.9395,
14.117040, 1468.1709, 25.978544, 1380.7485, 1380.0257,
14.127630, 1447.4564, 27.658951, 1380.9249, 1380.1454,
14.138210, 1489.6662, 29.176825, 1381.1308, 1380.2954,
14.148790, 1539.7461, 30.218851, 1381.3632, 1380.4730,
14.159370, 1527.1667, 29.642166, 1381.6188, 1380.6754,
14.169940, 1540.5295, 30.188330, 1381.8942, 1380.8994,
14.180520, 1631.0813, 53.622650, 1382.1868, 1381.1426,
14.182090, 1591.9846, 30.252502, 1382.2314, 1381.1801,
14.193560, 1643.1780, 29.483999, 1382.5660, 1381.4642,
14.205030, 1670.3529, 30.605915, 1382.9122, 1381.7632,
14.216500, 1640.6977, 31.225451, 1383.2661, 1382.0733,
14.227970, 1654.5149, 30.819923, 1383.6236, 1382.3909,
14.239430, 1613.1665, 28.996891, 1383.9805, 1382.7122,
14.250890, 1585.8308, 27.856760, 1384.3329, 1383.0338,
14.262350, 1533.2327, 28.562984, 1384.6771, 1383.3520,
14.273810, 1566.4407, 29.586514, 1385.0090, 1383.6632,
14.285270, 1552.0850, 29.619616, 1385.3245, 1383.9638,
14.296730, 1528.4330, 27.583229, 1385.6198, 1384.2502,
14.308180, 1466.0333, 26.919525, 1385.8904, 1384.5185,
14.319630, 1473.3416, 27.785202, 1386.1328, 1384.7652,
14.331080, 1487.9177, 29.400034, 1386.3428, 1384.9869,
14.342530, 1442.0387, 28.773954, 1386.5164, 1385.1799,
14.353970, 1497.6198, 27.651875, 1386.6495, 1385.3403,
14.365410, 1501.2550, 27.159595, 1386.7381, 1385.4648,
14.376860, 1444.9326, 26.631222, 1386.7782, 1385.5498,
14.388300, 1448.8514, 27.866272, 1386.7656, 1385.5914,
14.399730, 1424.5019, 27.097101, 1386.6963, 1385.5861,
14.411170, 1370.6530, 25.096088, 1386.5659, 1385.5302,
14.422600, 1410.5529, 24.902626, 1386.3706, 1385.4203,
14.434030, 1389.2262, 24.768391, 1386.1061, 1385.2525,
14.445460, 1358.4492, 25.736691, 1385.7680, 1385.0231,
14.456890, 1383.0499, 25.306652, 1385.3521, 1384.7286,
14.468320, 1398.6126, 24.728508, 1384.8541, 1384.3651,
14.479740, 1408.5553, 23.770733, 1384.2701, 1383.9294,
14.491160, 1388.7919, 23.826866, 1383.5954, 1383.4175,
14.502580, 1349.0581, 24.645788, 1382.8256, 1382.8256,
14.514000, 1369.2701, 24.750641, 1381.9581, 1382.1514,
14.525420, 1398.4527, 24.583944, 1380.9982, 1381.3985,
14.536830, 1428.6072, 23.615040, 1379.9540, 1380.5726,
14.548240, 1379.4365, 23.807720, 1378.8318, 1379.6781,
14.559650, 1363.6306, 27.552826, 1377.6386, 1378.7197,
14.571060, 1341.7397, 25.021467, 1376.3817, 1377.7025,
14.582470, 1408.9063, 25.409550, 1375.0679, 1376.6315,
14.593870, 1397.9895, 28.985044, 1373.7055, 1375.5125,
14.605270, 1412.1247, 25.014364, 1372.3002, 1374.3494,
14.616670, 1371.2098, 25.122326, 1370.8592, 1373.1473,
14.628070, 1375.5344, 31.666397, 1369.3890, 1371.9108,
14.639470, 1340.8197, 25.828337, 1367.8968, 1370.6449,
14.650860, 1350.1600, 24.867207, 1366.3908, 1369.3556,
14.662260, 1392.0744, 25.531109, 1364.8750, 1368.0455,
14.673650, 1400.1462, 25.803486, 1363.3592, 1366.7217,
14.685040, 1364.7451, 26.271179, 1361.8487, 1365.3879,
14.696420, 1376.8626, 26.164661, 1360.3519, 1364.0502,
14.707810, 1370.3685, 25.037910, 1358.8727, 1362.7109,
14.719190, 1370.0267, 24.656803, 1357.4210, 1361.3774,
14.730570, 1391.7406, 24.641319, 1356.0019, 1360.0532,
14.741950, 1404.2967, 26.240997, 1354.6226, 1358.7431,
14.753330, 1357.8127, 25.597471, 1353.2898, 1357.4519,
14.764700, 1430.4310, 25.661312, 1352.0117, 1356.1858,
14.776080, 1310.5653, 24.222963, 1350.7928, 1354.9471,
14.787450, 1383.4999, 24.945957, 1349.6424, 1353.7429,
14.798820, 1375.6817, 26.280010, 1348.5663, 1352.5770,
14.810190, 1358.7486, 26.145380, 1347.5715, 1351.4541,
14.821550, 1389.0743, 26.445766, 1346.6658, 1350.3801,
14.832920, 1403.6781, 26.017622, 1345.8549, 1349.3579,
14.844280, 1333.5917, 25.398876, 1345.1471, 1348.3942,
14.855640, 1371.0711, 27.603786, 1344.5489, 1347.4928,
14.866990, 1351.3958, 27.749247, 1344.0680, 1346.6595,
14.878350, 1334.9572, 27.924255, 1343.7108, 1345.8975,
14.889710, 1392.6935, 28.080025, 1343.4850, 1345.2126,
14.901060, 1350.2047, 27.658340, 1343.3982, 1344.6102,
14.912410, 1323.9867, 28.841274, 1343.4574, 1344.0944,
14.923760, 1337.7660, 30.056015, 1343.6703, 1343.6703,
14.935100, 1333.2731, 31.569952, 1344.0419, 1343.3420,
14.946450, 1373.1212, 31.446594, 1344.5702, 1343.1087,
14.957790, 1392.9552, 31.865854, 1345.2497, 1342.9695,
14.969130, 1353.1251, 33.125572, 1346.0759, 1342.9230,
14.980470, 1377.8252, 34.631336, 1347.0445, 1342.9680,
14.991810, 1427.6833, 36.818340, 1348.1511, 1343.1031,
15.003140, 1400.4341, 36.536499, 1349.3899, 1343.3271,
15.014480, 1350.8087, 34.907738, 1350.7588, 1343.6390,
15.025810, 1372.8470, 36.301708, 1352.2513, 1344.0373,
15.037140, 1369.7791, 37.126747, 1353.8641, 1344.5210,
15.048460, 1401.0024, 39.530048, 1355.5916, 1345.0884,
15.059790, 1327.7159, 37.936863, 1357.4326, 1345.7394,
15.071110, 1311.7314, 37.180435, 1359.3800, 1346.4719,
15.082440, 1304.6878, 28.325382, 1361.4333, 1347.2860,
15.093750, 1302.4585, 23.678040, 1363.5826, 1348.1783,
15.105070, 1356.8774, 25.583227, 1365.8299, 1349.1501,
15.116390, 1340.5852, 26.679298, 1368.1694, 1350.1996,
15.127700, 1364.8483, 27.024412, 1370.5950, 1351.3247,
15.139020, 1392.5771, 28.911985, 1373.1075, 1352.5265,
15.150330, 1327.4577, 27.753918, 1375.6985, 1353.8017,
15.162390, 1356.5040, 33.381981, 1378.5462, 1355.2425,
15.174730, 1385.6854, 32.513821, 1381.5462, 1356.8022,
15.187070, 1388.7422, 32.678612, 1384.6284, 1358.4468,
15.199410, 1356.9650, 33.951332, 1387.7887, 1360.1754,
15.211740, 1385.3703, 32.917522, 1391.0191, 1361.9849,
15.224080, 1399.9665, 31.784773, 1394.3212, 1363.8775,
15.236410, 1371.6739, 29.840508, 1397.6846, 1365.8487,
15.248740, 1437.7622, 30.734699, 1401.1075, 1367.8989,
15.261060, 1385.9619, 32.194527, 1404.5826, 1370.0252,
15.273390, 1398.0608, 32.106106, 1408.1113, 1372.2299,
15.285710, 1361.5834, 31.403973, 1411.6836, 1374.5085,
15.298030, 1373.2123, 29.489674, 1415.2975, 1376.8613,
15.310350, 1452.8258, 30.399549, 1418.9493, 1379.2877,
15.322660, 1424.6410, 31.718449, 1422.6313, 1381.7842,
15.334980, 1376.0925, 31.749285, 1426.3452, 1384.3539,
15.347290, 1450.0207, 32.204350, 1430.0809, 1386.9918,
15.359600, 1503.5824, 29.684484, 1433.8371, 1389.6987,
15.371900, 1456.1658, 28.159584, 1437.6063, 1392.4714,
15.384210, 1455.0144, 28.582720, 1441.3908, 1395.3136,
15.396510, 1474.0616, 29.230770, 1445.1801, 1398.2196,
15.408810, 1478.5158, 30.167665, 1448.9728, 1401.1905,
15.421110, 1459.6172, 27.670698, 1452.7651, 1404.2259,
15.433410, 1429.0395, 26.395811, 1456.5524, 1407.3242,
15.445700, 1451.2603, 26.733395, 1460.3278, 1410.4824,
15.457990, 1449.7359, 27.765255, 1464.0914, 1413.7019,
15.470280, 1511.9862, 29.761299, 1467.8458, 1416.9819,
15.482570, 1464.5312, 28.013037, 1471.5949, 1420.3214,
15.494860, 1469.8530, 27.138939, 1475.3428, 1423.7197,
15.507140, 1475.9092, 26.837486, 1479.0904, 1427.1731,
15.519420, 1588.7189, 28.857363, 1482.8444, 1430.6832,
15.531700, 1976.3951, 33.478233, 1486.6092, 1434.2497,
15.543980, 4129.2427, 47.305607, 1490.3883, 1437.8712,
15.556260, 4971.2263, 48.911396, 1494.1862, 1441.5476,
15.568530, 2420.5060, 32.288544, 1498.0033, 1445.2744,
15.580800, 1583.5941, 27.055435, 1501.8468, 1449.0541,
15.593070, 1607.3646, 28.630026, 1505.7207, 1452.8859,
15.605340, 1534.4650, 27.890043, 1509.6291, 1456.7691,
15.617600, 1577.7175, 27.608864, 1513.5729, 1460.6998,
15.629860, 1528.7015, 25.620447, 1517.5587, 1464.6799,
15.642120, 1576.5506, 25.251659, 1521.5914, 1468.7094,
15.654380, 1578.5025, 26.466591, 1525.6744, 1472.7870,
15.666640, 1557.9435, 26.799261, 1529.8124, 1476.9126,
15.678890, 1574.3383, 27.412460, 1534.0057, 1481.0815,
15.691140, 1573.6267, 26.620640, 1538.2619, 1485.2966,
15.703390, 1592.1008, 25.250238, 1542.5852, 1489.5573,
15.715640, 1623.0411, 26.692713, 1546.9799, 1493.8628,
15.727890, 1598.7255, 27.243603, 1551.4503, 1498.2126,
15.740130, 1598.6587, 28.240528, 1555.9970, 1502.6025,
15.752370, 1616.2226, 28.494301, 1560.6276, 1507.0350,
15.764610, 1642.8118, 27.657293, 1565.3472, 1511.5100,
15.776850, 1664.4986, 27.548498, 1570.1595, 1516.0263,
15.789090, 1625.4394, 27.278988, 1575.0696, 1520.5841,
15.801320, 1595.9928, 27.397511, 1580.0776, 1525.1783,
15.813550, 1655.5854, 28.819782, 1585.1921, 1529.8123,
15.825780, 1728.5138, 27.980801, 1590.4177, 1534.4854,
15.838010, 1684.0244, 27.196522, 1595.7593, 1539.1973,
15.850230, 1740.8895, 27.691322, 1601.2172, 1543.9434,
15.862450, 1693.5730, 27.796112, 1606.8001, 1548.7266,
15.874670, 1728.4165, 29.736774, 1612.5136, 1553.5471,
15.886890, 1754.5907, 29.876333, 1618.3622, 1558.4040,
15.899110, 1817.2490, 30.720680, 1624.3507, 1563.2963,
15.911320, 1663.7670, 28.722321, 1630.4796, 1568.2201,
15.923540, 1749.7249, 29.848454, 1636.7643, 1573.1828,
15.935750, 1735.5199, 31.867352, 1643.1993, 1578.1755,
15.947960, 1716.6634, 32.727085, 1649.7952, 1583.2019,
15.960160, 1686.0015, 32.610432, 1656.5521, 1588.2576,
15.972370, 1785.3335, 34.518387, 1663.4861, 1593.3499,
15.984570, 1743.8382, 33.708027, 1670.5914, 1598.4700,
15.996770, 1761.3450, 34.800995, 1677.8803, 1603.6223,
16.008961, 1765.0714, 35.830376, 1685.3520, 1608.8018,
16.021160, 1831.9959, 36.875244, 1693.0235, 1614.0156,
16.033350, 1838.5576, 36.756935, 1700.8894, 1619.2557,
16.045549, 1734.2632, 34.439507, 1708.9682, 1624.5297,
16.057739, 1765.5135, 34.774647, 1717.2533, 1629.8290,
16.069920, 1763.8503, 35.567734, 1725.7508, 1635.1531,
16.082109, 1734.7124, 35.686943, 1734.4802, 1640.5098,
16.094290, 1715.5747, 36.353790, 1743.4346, 1645.8904,
16.106470, 1818.6965, 38.848351, 1752.6273, 1651.2986,
16.118650, 1727.4904, 36.426743, 1762.0652, 1656.7341,
16.130831, 1686.0351, 36.339275, 1771.7552, 1662.1963,
16.143009, 1726.2410, 37.263611, 1781.7027, 1667.6841,
16.155180, 1690.6906, 38.094990, 1791.9101, 1673.1944,
16.167351, 1769.9256, 40.747353, 1802.3909, 1678.7303,
16.179520, 1794.0528, 40.667946, 1813.1508, 1684.2905,
16.191681, 1767.1127, 39.772579, 1824.1920, 1689.8720,
16.203850, 1689.6559, 40.601913, 1835.5362, 1695.4814,
16.216009, 1866.4574, 43.104000, 1847.1754, 1701.1105,
16.228170, 1851.2195, 45.562698, 1859.1282, 1706.7641,
16.240330, 1861.7037, 46.697826, 1871.3992, 1712.4401,
16.252489, 1912.3796, 47.797783, 1883.9987, 1718.1390,
16.264641, 1847.8076, 47.579735, 1896.9191, 1723.8569,
16.276791, 1946.8832, 49.222652, 1910.1351, 1729.5961,
16.288950, 2014.6471, 49.203026, 1923.6206, 1735.3617,
16.301090, 1998.7529, 51.731316, 1937.3047, 1741.1398,
16.313240, 2083.4209, 53.254059, 1951.1810, 1746.9436,
16.325380, 2103.6980, 53.221222, 1965.1893, 1752.7637,
16.337530, 2144.2817, 37.069405, 1979.3132, 1758.6089,
16.349670, 2299.2222, 34.231998, 1993.4922, 1764.4697,
16.361799, 2404.4086, 34.333588, 2007.6858, 1770.3448,
16.373940, 2514.2835, 37.300129, 2021.8826, 1776.2450,
16.386070, 2692.7922, 38.547546, 2036.0200, 1782.1598,
16.398211, 2827.5421, 40.948605, 2050.0819, 1788.0982,
16.410339, 2823.5523, 40.356937, 2064.0059, 1794.0497,
16.422461, 2825.7350, 41.573391, 2077.7583, 1800.0157,
16.434589, 2867.7592, 44.830063, 2091.3184, 1806.0035,
16.446711, 2862.3517, 45.108974, 2104.6305, 1812.0052,
16.458839, 2777.3697, 45.738186, 2117.6729, 1818.0282,
16.470961, 2780.9412, 47.090767, 2130.3906, 1824.0646,
16.483070, 2651.0779, 44.631386, 2142.7416, 1830.1121,
16.495190, 2575.2121, 61.363342, 2154.7083, 1836.1810,
16.500280, 2615.6772, 46.048737, 2159.6080, 1838.7352,
16.513599, 2624.6700, 42.990944, 2172.0442, 1845.4311,
16.526911, 2430.6000, 39.586868, 2183.8781, 1852.1425,
16.540211, 2540.3642, 41.633400, 2195.0548, 1858.8669,
16.553520, 2406.0903, 41.757294, 2205.5390, 1865.6146,
16.566820, 2292.6341, 41.779449, 2215.2620, 1872.3757,
16.580120, 2286.1492, 40.751259, 2224.1778, 1879.1547,
16.593420, 2232.3218, 36.593174, 2232.2316, 1885.9511,
16.606710, 2231.5054, 35.187168, 2239.3638, 1892.7598,
16.620001, 2208.1296, 34.427620, 2245.5506, 1899.5854,
16.633301, 2238.7132, 35.316814, 2250.8680, 1906.4324,
16.646589, 2283.5010, 36.339069, 2255.4055, 1913.2897,
16.659870, 2235.5458, 34.569408, 2259.2631, 1920.1590,
16.673149, 2311.8244, 34.048019, 2262.5398, 1927.0428,
16.686440, 2330.6605, 33.421173, 2265.3344, 1933.9479,
16.699711, 2326.0136, 34.431068, 2267.7368, 1940.8581,
16.712990, 2351.4531, 37.089054, 2269.8477, 1947.7869,
16.726271, 2376.3995, 38.339619, 2271.7614, 1954.7311,
16.739540, 2336.8755, 36.545696, 2273.5712, 1961.6834,
16.752810, 2281.1565, 34.093346, 2275.3739, 1968.6496,
16.766081, 2292.4242, 32.817249, 2277.2645, 1975.6303,
16.779341, 2303.6793, 33.534496, 2279.3362, 1982.6182,
16.792601, 2285.9078, 34.774563, 2281.6853, 1989.6191,
16.805870, 2316.3911, 34.809200, 2284.4091, 1996.6377,
16.819120, 2311.3805, 33.768929, 2287.5966, 2003.6588,
16.832380, 2349.2667, 32.525616, 2291.3497, 2010.6970,
16.845631, 2320.4469, 31.330921, 2295.7589, 2017.7421,
16.858891, 2250.6811, 32.331551, 2300.9270, 2024.8039,
16.872141, 2254.5093, 33.969109, 2306.9140, 2031.8721,
16.885380, 2329.7308, 35.586220, 2313.6685, 2038.9453,
16.898630, 2340.6274, 35.403980, 2321.1249, 2046.0355,
16.911869, 2274.3639, 32.598038, 2329.1936, 2053.1302,
16.925110, 2378.8705, 32.790020, 2337.8054, 2060.2364,
16.938351, 2415.5455, 33.024574, 2346.8834, 2067.3527,
16.951580, 2383.4709, 33.230110, 2356.3434, 2074.4728,
16.964821, 2410.4503, 33.905876, 2366.1264, 2081.6088,
16.978050, 2465.4214, 33.169315, 2376.1402, 2088.7480,
16.991270, 2480.0162, 31.946190, 2386.3110, 2095.8913,
17.004499, 2454.5903, 31.087231, 2396.5785, 2103.0488,
17.017719, 2889.4059, 34.286957, 2406.8533, 2110.2098,
17.030951, 3812.4388, 41.406532, 2417.0770, 2117.3857,
17.044161, 3335.0582, 40.791203, 2427.1500, 2124.5584,
17.057381, 2620.9606, 36.206009, 2437.0209, 2131.7444,
17.070601, 2566.9608, 35.393227, 2446.6077, 2138.9383,
17.083811, 2570.3560, 35.905853, 2455.8287, 2146.1347,
17.097019, 2488.5707, 34.308792, 2464.6146, 2153.3375,
17.110229, 2593.8103, 36.638184, 2472.8925, 2160.5486,
17.123430, 2505.0368, 36.694649, 2480.5802, 2167.7615,
17.136641, 2515.1198, 35.765358, 2487.6127, 2174.9865,
17.149839, 2500.3817, 34.671230, 2493.9025, 2182.2118,
17.163040, 2467.0157, 34.044437, 2499.3801, 2189.4445,
17.176229, 2513.0935, 34.148048, 2503.9636, 2196.6772,
17.189430, 2523.7338, 35.830948, 2507.6055, 2203.9222,
17.202620, 2515.5932, 37.536736, 2510.3333, 2211.1666,
17.215811, 2576.5722, 38.172859, 2512.2062, 2218.4178,
17.229000, 2501.0147, 37.253292, 2513.2787, 2225.6733,
17.242180, 2559.6750, 36.848854, 2513.6057, 2232.9288,
17.255369, 2575.3067, 39.432297, 2513.2415, 2240.1945,
17.268551, 2583.7463, 39.078083, 2512.2399, 2247.4609,
17.281719, 2604.9738, 38.960289, 2510.6559, 2254.7245,
17.294901, 2737.0812, 40.334267, 2508.5389, 2262.0000,
17.308069, 2745.2159, 40.176125, 2505.9454, 2269.2723,
17.321251, 2656.9874, 37.179596, 2502.9222, 2276.5561,
17.334410, 2738.6703, 37.727184, 2499.5297, 2283.8311,
17.347580, 2875.5713, 39.942867, 2495.8108, 2291.1162,
17.360750, 2757.8007, 40.193169, 2491.8195, 2298.4047,
17.373911, 2883.8404, 43.629017, 2487.6101, 2305.6914,
17.387070, 2896.3263, 43.773430, 2483.2311, 2312.9801,
17.400230, 2906.1139, 44.049152, 2478.7319, 2320.2728,
17.413380, 2765.5276, 42.647137, 2474.1678, 2327.5620,
17.426540, 2799.2946, 45.003777, 2469.5813, 2334.8601,
17.439690, 2702.1131, 45.165451, 2465.0308, 2342.1543,
17.452841, 2640.2365, 46.324226, 2460.5621, 2349.4518,
17.465981, 2733.7365, 47.188496, 2456.2301, 2356.7450,
17.479130, 2581.9246, 45.720413, 2452.0785, 2364.0454,
17.492270, 2539.7498, 43.946472, 2448.1637, 2371.3422,
17.505409, 2497.5637, 43.093098, 2444.5335, 2378.6406,
17.518551, 2481.7995, 44.546928, 2441.2382, 2385.9414,
17.531679, 2491.5705, 45.958225, 2438.3324, 2393.2360,
17.544821, 2488.4256, 47.905960, 2435.8614, 2400.5390,
17.557949, 2338.3673, 45.828720, 2433.8818, 2407.8354,
17.571079, 2495.4216, 49.107094, 2432.4425, 2415.1335,
17.584200, 2418.5614, 46.947319, 2431.5841, 2422.4269,
17.597330, 2421.4363, 48.633659, 2431.2975, 2429.7258,
17.610451, 2377.7275, 49.982182, 2431.5629, 2437.0196,
17.623569, 2526.3376, 54.342583, 2432.3604, 2444.3123,
17.636690, 2596.6302, 55.481911, 2433.6709, 2451.6059,
17.649799, 2516.9453, 53.345005, 2435.4737, 2458.8927,
17.662910, 2576.0085, 52.351589, 2437.7515, 2466.1801,
17.676029, 2598.4925, 54.736099, 2440.4875, 2473.4710,
17.689131, 2644.3249, 55.679600, 2443.6582, 2480.7514,
17.702240, 2555.4330, 55.922806, 2447.2513, 2488.0350,
17.715349, 2505.1453, 56.047150, 2451.2478, 2495.3174,
17.728451, 2633.5842, 58.890846, 2455.6278, 2502.5942,
17.741550, 2450.9905, 50.728424, 2460.3759, 2509.8683,
17.754641, 2617.0100, 41.621494, 2465.4722, 2517.1353,
17.767740, 2548.2828, 40.551228, 2470.9078, 2524.4057,
17.780830, 2616.9615, 43.703255, 2476.6584, 2531.6688,
17.793921, 2634.2858, 42.137154, 2482.7120, 2538.9295,
17.807011, 2688.9583, 41.648991, 2489.0527, 2546.1878,
17.820101, 2738.7246, 43.894054, 2495.6649, 2553.4435,
17.833179, 2635.4693, 42.478703, 2502.5270, 2560.6900,
17.846270, 2531.7459, 40.240654, 2509.6358, 2567.9399,
17.859341, 2598.0710, 41.288689, 2516.9594, 2575.1761,
17.872419, 2740.4401, 46.524635, 2524.4975, 2582.4131,
17.885500, 2705.4938, 49.437786, 2532.2321, 2589.6477,
17.898569, 2683.8822, 49.976398, 2540.1405, 2596.8723,
17.911640, 2703.1395, 49.531723, 2548.2160, 2604.0941,
17.924709, 2602.5079, 47.440117, 2556.4417, 2611.3108,
17.937780, 2786.5551, 82.198898, 2564.8057, 2618.5243,
17.941250, 2703.4305, 45.962284, 2567.0470, 2620.4382,
17.955721, 2632.0714, 43.106819, 2576.4827, 2628.4179,
17.970181, 2642.2098, 43.555534, 2586.0374, 2636.3855,
17.984650, 2581.1154, 43.776512, 2595.7057, 2644.3524,
17.999109, 2566.6235, 44.634239, 2605.4560, 2652.3078,
18.013571, 2621.8132, 47.046425, 2615.2768, 2660.2578,
18.028021, 2587.5586, 46.092754, 2625.1402, 2668.1948,
18.042480, 2660.2704, 44.919716, 2635.0416, 2676.1300,
18.056931, 2660.9023, 42.414597, 2644.9490, 2684.0528,
18.071381, 2618.0960, 40.883057, 2654.8502, 2691.9681,
18.085819, 2571.8965, 41.337769, 2664.7214, 2699.8693,
18.100269, 2763.0859, 44.582684, 2674.5734, 2707.7688,
18.114710, 2843.0292, 44.060955, 2684.3898, 2715.6548,
18.129150, 2748.2587, 41.648514, 2694.1752, 2723.5322,
18.143579, 2642.3682, 40.063866, 2703.9197, 2731.3946,
18.158020, 2763.2794, 41.399803, 2713.6366, 2739.2541,
18.172449, 2802.1396, 44.375938, 2723.3085, 2747.0980,
18.186880, 2691.4593, 43.978836, 2732.9421, 2754.9333,
18.201300, 2700.1112, 43.486324, 2742.5264, 2762.7525,
18.215719, 2639.1565, 40.824574, 2752.0669, 2770.5614,
18.230150, 2702.5364, 39.078270, 2761.5688, 2778.3661,
18.244560, 2774.1944, 38.906368, 2771.0085, 2786.1486,
18.258980, 2828.1802, 40.665199, 2780.4038, 2793.9252,
18.273390, 2836.5794, 42.638554, 2789.7399, 2801.6853,
18.287800, 2823.2620, 44.109257, 2799.0205, 2809.4337,
18.302210, 2784.4127, 44.802872, 2808.2434, 2817.1702,
18.316620, 2831.5848, 43.017044, 2817.4060, 2824.8944,
18.331020, 2733.1866, 38.889675, 2826.4997, 2832.6010,
18.345421, 2818.1293, 39.510666, 2835.5282, 2840.2946,
18.359819, 2775.6813, 38.598736, 2844.4875, 2847.9741,
18.374210, 2853.1433, 41.023071, 2853.3716, 2855.6360,
18.388611, 2880.9992, 41.823059, 2862.1883, 2863.2891,
18.403000, 2801.4703, 39.610596, 2870.9220, 2870.9220,
18.417379, 2912.6077, 39.542450, 2879.5728, 2878.5363,
18.431770, 2906.3895, 39.930210, 2888.1585, 2886.1474,
18.446150, 2904.0286, 40.609901, 2896.6722, 2893.7483,
18.460529, 3008.3801, 43.703304, 2905.1273, 2901.3503,
18.474911, 3019.7419, 44.868988, 2913.5315, 2908.9595,
18.489281, 2972.7714, 43.363567, 2921.8838, 2916.5740,
18.503660, 2903.9824, 40.968422, 2930.2028, 2924.2101,
18.518030, 2898.2649, 39.028942, 2938.4840, 2931.8629,
18.532391, 2964.5757, 39.007401, 2946.7340, 2939.5374,
18.546761, 2971.3149, 40.452236, 2954.9701, 2947.2490,
18.561119, 3020.9232, 43.096313, 2963.1867, 2954.9917,
18.575480, 3081.9843, 46.071758, 2971.3979, 2962.7778,
18.589840, 3120.8039, 46.998337, 2979.6091, 2970.6115,
18.604191, 3029.9686, 43.572723, 2987.8212, 2978.4927,
18.618549, 3057.9722, 40.728649, 2996.0504, 2986.4361,
18.632900, 3096.6566, 39.741898, 3004.2944, 2994.4384,
18.647240, 3199.2535, 42.086933, 3012.5574, 3002.5027,
18.661591, 3311.8525, 44.098198, 3020.8591, 3010.6470,
18.675930, 3711.2608, 47.175674, 3029.1925, 3018.8638,
18.690269, 5578.6878, 57.421856, 3037.5709, 3027.1647,
18.704611, 10888.748, 79.184830, 3046.0019, 3035.5562,
18.718941, 9252.1335, 70.992531, 3054.4841, 3044.0357,
18.733271, 4406.1702, 50.489723, 3063.0308, 3052.6153,
18.747601, 3348.2098, 47.735115, 3071.6486, 3061.3003,
18.761930, 3251.0900, 48.512081, 3080.3443, 3070.0963,
18.776260, 3171.0856, 48.714108, 3089.1246, 3079.0085,
18.790581, 3251.3482, 48.172554, 3097.9904, 3088.0365,
18.804899, 3326.0156, 46.142426, 3106.9531, 3097.1904,
18.819220, 3365.3895, 45.811077, 3116.0221, 3106.4783,
18.833530, 3325.5009, 47.121323, 3125.1970, 3115.8981,
18.847839, 3240.9540, 47.234146, 3134.4897, 3125.4603,
18.862150, 3304.9207, 51.733433, 3143.9099, 3135.1732,
18.876459, 3260.2655, 53.460747, 3153.4622, 3145.0398,
18.890770, 3410.9351, 53.001549, 3163.1567, 3155.0684,
18.905069, 3355.3818, 49.865921, 3172.9915, 3165.2554,
18.919371, 3398.9094, 48.368298, 3182.9833, 3175.6159,
18.933670, 3395.8324, 47.153763, 3193.1372, 3186.1530,
18.947960, 3395.0165, 49.556625, 3203.4552, 3196.8667,
18.962250, 3434.5210, 52.069572, 3213.9521, 3207.7700,
18.976540, 3400.6034, 53.900261, 3224.6358, 3218.8689,
18.990829, 3524.8396, 55.737621, 3235.5146, 3230.1694,
19.005119, 3364.9313, 54.124893, 3246.5968, 3241.6776,
19.019400, 3393.9663, 53.475895, 3257.8832, 3253.3918,
19.033680, 3454.8429, 53.561871, 3269.3899, 3265.3259,
19.047960, 3514.2319, 56.856167, 3281.1256, 3277.4860,
19.062229, 3513.2934, 60.093979, 3293.0895, 3289.8686,
19.076500, 3518.0814, 73.741531, 3305.3018, 3302.4914,
19.090771, 3287.8565, 57.569752, 3317.7701, 3315.3591,
19.105040, 3506.5265, 59.588821, 3330.5023, 3328.4765,
19.119310, 3554.9043, 58.567577, 3343.5114, 3341.8538,
19.133570, 3553.4368, 58.357555, 3356.7948, 3355.4848,
19.147829, 3475.2353, 61.362091, 3370.3730, 3369.3868,
19.162090, 3567.3744, 66.327995, 3384.2581, 3383.5686,
19.176340, 3364.9298, 65.400948, 3398.4473, 3398.0235,
19.190599, 3392.6101, 67.341125, 3412.9722, 3412.7797,
19.204849, 3515.1094, 67.031868, 3427.8244, 3427.8244,
19.219101, 3449.2138, 62.114853, 3443.0211, 3443.1724,
19.233339, 3417.2588, 60.142467, 3458.5290, 3458.7932,
19.247580, 3525.0574, 64.491714, 3474.3426, 3474.6853,
19.261820, 3498.7984, 63.461342, 3490.4379, 3490.8291,
19.276060, 3625.2544, 68.841194, 3506.7937, 3507.2068,
19.290300, 3774.1924, 76.752167, 3523.3884, 3523.8009,
19.304529, 3440.0339, 72.109863, 3540.1876, 3540.5801,
19.318760, 3580.2296, 75.672615, 3557.1857, 3557.5428,
19.332991, 3645.9195, 78.385773, 3574.3597, 3574.6691,
19.347219, 3494.4823, 74.483070, 3591.6868, 3591.9395,
19.361441, 3526.9891, 75.888947, 3609.1393, 3609.3296,
19.375660, 3810.5883, 85.278381, 3626.7036, 3626.8290,
19.389879, 3438.6112, 76.987404, 3644.3619, 3644.4228,
19.404100, 3620.7111, 82.380920, 3662.0963, 3662.0963,
19.418310, 3632.1248, 83.783325, 3679.8699, 3679.8156,
19.432520, 3808.4460, 91.429626, 3697.6769, 3697.5778,
