# wave, flux, fluxerr, continuum, continuum_plateau
9.9725246, 184.41717, 23.386517, 184.41717, 184.41717,
9.9806166, 276.06608, 25.431351, 184.86903, 184.86857,
9.9887066, 236.74191, 20.888651, 185.34016, 185.33840,
9.9967957, 232.87303, 19.459005, 185.83058, 185.82676,
10.004880, 256.54251, 22.258093, 186.34001, 186.33345,
10.012970, 228.58638, 21.032940, 186.86910, 186.85919,
10.021050, 222.88442, 18.715223, 187.41679, 187.40303,
10.029140, 239.80841, 19.422003, 187.98439, 187.96631,
10.037220, 252.87525, 21.167028, 188.57046, 188.54771,
10.045300, 199.86989, 18.266336, 189.17573, 189.14799,
10.053380, 239.35423, 17.558823, 189.80027, 189.76731,
10.061460, 244.75460, 19.744183, 190.44393, 190.40557,
10.069540, 243.03458, 19.337444, 191.10688, 191.06300,
10.077610, 229.71511, 16.922985, 191.78815, 191.73870,
10.085690, 237.55656, 18.205515, 192.48945, 192.43442,
10.093760, 167.01738, 18.429775, 193.20915, 193.14859,
10.101830, 220.41107, 17.975811, 193.94809, 193.88209,
10.109900, 224.87876, 16.908222, 194.70639, 194.63509,
10.117970, 243.24154, 18.819668, 195.48390, 195.40748,
10.126040, 287.09056, 19.735788, 196.28076, 196.19944,
10.134100, 192.70444, 16.732927, 197.09593, 197.00999,
10.142170, 236.91951, 17.888401, 197.93159, 197.84130,
10.150230, 226.76645, 19.363880, 198.78572, 198.69141,
10.158300, 225.70356, 18.283752, 199.66040, 199.56242,
10.166360, 262.28060, 17.495171, 200.55352, 200.45225,
10.174420, 234.42792, 18.469513, 201.46638, 201.36221,
10.182470, 198.47619, 18.115097, 202.39772, 202.29108,
10.190530, 199.15641, 17.828190, 203.34993, 203.24124,
10.198590, 213.02971, 16.805061, 204.32211, 204.21183,
10.206640, 187.60890, 18.288166, 205.31295, 205.20153,
10.214690, 204.94959, 17.989250, 206.32377, 206.21169,
10.222750, 202.70304, 16.925089, 207.35591, 207.24363,
10.230800, 267.04120, 19.580608, 208.40702, 208.29502,
10.238850, 188.87169, 19.518118, 209.47843, 209.36717,
10.246890, 249.59191, 18.956242, 210.56893, 210.45889,
10.254940, 209.41181, 18.362595, 211.68122, 211.57286,
10.262990, 231.97575, 20.832323, 212.81415, 212.70791,
10.271030, 178.73371, 21.574593, 213.96645, 213.86278,
10.279070, 257.87981, 21.246496, 215.13945, 215.03876,
10.287120, 255.28227, 22.472050, 216.33499, 216.23769,
10.295150, 216.74326, 25.160002, 217.54863, 217.45510,
10.303190, 209.05260, 23.733953, 218.78509, 218.69568,
10.311230, 198.98656, 22.409000, 220.04280, 219.95785,
10.319270, 254.12695, 26.162117, 221.32221, 221.24201,
10.327300, 214.98304, 28.627388, 222.62162, 222.54643,
10.335340, 255.02270, 26.082603, 223.94443, 223.87448,
10.343370, 253.90781, 23.019381, 225.28783, 225.22329,
10.351400, 231.86651, 30.651775, 226.65323, 226.59425,
10.359430, 246.12313, 30.801779, 228.04097, 227.98764,
10.367460, 219.16968, 27.907673, 229.45123, 229.40359,
10.375480, 239.02954, 31.489313, 230.88231, 230.84034,
10.383510, 235.93262, 35.674301, 232.33815, 232.30180,
10.391530, 226.54481, 35.604324, 233.81533, 233.78445,
10.399560, 271.61826, 26.255220, 235.31755, 235.29197,
10.407580, 250.22497, 22.879736, 236.84147, 236.82091,
10.415600, 228.12418, 22.938301, 238.38888, 238.37302,
10.423620, 264.67186, 23.733692, 239.96037, 239.94881,
10.431640, 305.49872, 24.025024, 241.55580, 241.54805,
10.439650, 251.12414, 21.937153, 243.17363, 243.16914,
10.447670, 243.75508, 22.168770, 244.81816, 244.81629,
10.455680, 236.45294, 21.487480, 246.48533, 246.48533,
10.463700, 239.57648, 20.205732, 248.17964, 248.18072,
10.471710, 261.51803, 23.039324, 249.89630, 249.89772,
10.479720, 279.73764, 23.217949, 251.63706, 251.63815,
10.487730, 260.35352, 22.141726, 253.40146, 253.40164,
10.495730, 390.03670, 25.060240, 255.18692, 255.18566,
10.503740, 538.73935, 30.676601, 256.99725, 256.99410,
10.511750, 658.83528, 33.724869, 258.82989, 258.82446,
10.519750, 397.33896, 28.269512, 260.68198, 260.67394,
10.527750, 355.21736, 32.949524, 262.55569, 262.54478,
10.535750, 312.42926, 35.755039, 264.45039, 264.43639,
10.543750, 269.58190, 35.972496, 266.36544, 266.34818,
10.551750, 362.11110, 39.264927, 268.30088, 268.28024,
10.559750, 322.93940, 54.531151, 270.25584, 270.23175,
10.567850, 336.16043, 22.169931, 272.25522, 272.22760,
10.576350, 268.84100, 20.316458, 274.37412, 274.34280,
10.584840, 327.21936, 21.087326, 276.51128, 276.47633,
10.593340, 325.83445, 18.782770, 278.67154, 278.63304,
10.601830, 281.79670, 17.770538, 280.84910, 280.80718,
10.610330, 299.72349, 19.414097, 283.04889, 283.00371,
10.618820, 289.46193, 18.507761, 285.26527, 285.21703,
10.627310, 301.97855, 17.282684, 287.50002, 287.44893,
10.635800, 305.01375, 17.937433, 289.75320, 289.69950,
10.644280, 367.33005, 19.978636, 292.02130, 291.96527,
10.652770, 350.90034, 18.800085, 294.30926, 294.25117,
10.661250, 295.98493, 16.686184, 296.61151, 296.55165,
10.669740, 292.28531, 17.664335, 298.93281, 298.87150,
10.678220, 325.39391, 19.128384, 301.26754, 301.20508,
10.686700, 316.94298, 17.731802, 303.61787, 303.55460,
10.695180, 338.46281, 17.730015, 305.98341, 305.91966,
10.703650, 317.26586, 18.746845, 308.36108, 308.29717,
10.712130, 358.28332, 19.705067, 310.75555, 310.69182,
10.720600, 315.50010, 17.613178, 313.16159, 313.09836,
10.729080, 328.64100, 18.477108, 315.58395, 315.52156,
10.737550, 339.97803, 19.903963, 318.01654, 317.95528,
10.746020, 322.85582, 19.051113, 320.46223, 320.40242,
10.754490, 335.19879, 18.426634, 322.92009, 322.86203,
10.762960, 347.14303, 19.169731, 325.39031, 325.33427,
10.771420, 313.15560, 20.257980, 327.86887, 327.81512,
10.779890, 383.32626, 20.762987, 330.36211, 330.31091,
10.788350, 327.65222, 19.430698, 332.86322, 332.81478,
10.796810, 359.07190, 21.446556, 335.37491, 335.32945,
10.805270, 315.25411, 21.738281, 337.89683, 337.85453,
10.813730, 369.46333, 21.432159, 340.42861, 340.38964,
10.822190, 349.23765, 20.852360, 342.96991, 342.93441,
10.830650, 338.88088, 22.723812, 345.52038, 345.48845,
10.839100, 347.81501, 22.997873, 348.07648, 348.04820,
10.847560, 344.35224, 21.600241, 350.64422, 350.61965,
10.856010, 346.53751, 22.028076, 353.21718, 353.19634,
10.864460, 366.91305, 25.249197, 355.79762, 355.78048,
10.872910, 408.18147, 26.885902, 358.38548, 358.37201,
10.881360, 375.96065, 23.988249, 360.98073, 360.97084,
10.889800, 348.00119, 25.169437, 363.57950, 363.57307,
10.898250, 368.91105, 27.933331, 366.18762, 366.18451,
10.906690, 327.97454, 27.866661, 368.79888, 368.79888,
10.915140, 388.17434, 27.605682, 371.41919, 371.42208,
10.923580, 410.93331, 30.830873, 374.04186, 374.04743,
10.932020, 425.12843, 35.174622, 376.67003, 376.67809,
10.940460, 444.26050, 33.888046, 379.30358, 379.31393,
10.948890, 369.58857, 34.092026, 381.93908, 381.95158,
10.957330, 406.93146, 38.665382, 384.58299, 384.59749,
10.965760, 458.72350, 29.826065, 387.22891, 387.24528,
10.974200, 558.97574, 29.039642, 389.88271, 389.90083,
10.982630, 569.25177, 27.491436, 392.53797, 392.55774,
10.991060, 663.25169, 32.002590, 395.19817, 395.21950,
10.999490, 687.12879, 36.490944, 397.86259, 397.88541,
11.007920, 642.72029, 35.625114, 400.53173, 400.55596,
11.016340, 624.08153, 35.847813, 403.20184, 403.22743,
11.024770, 595.45975, 37.525661, 405.87916, 405.90606,
11.033190, 536.10690, 46.372189, 408.55752, 408.58569,
11.041610, 532.23785, 46.145782, 411.23984, 411.26925,
11.050030, 570.40846, 35.999638, 413.92601, 413.95663,
11.058450, 695.84959, 43.855186, 416.61592, 416.64775,
11.066870, 603.87127, 37.002350, 419.30947, 419.34249,
11.075290, 611.79821, 37.804565, 422.00655, 422.04076,
11.083700, 548.68867, 60.281029, 424.70400, 424.73939,
11.092120, 626.89856, 39.050053, 427.40782, 427.44442,
11.100530, 545.23690, 83.237183, 430.11150, 430.14930,
11.108940, 567.62275, 71.901154, 432.81860, 432.85761,
11.117350, 743.65653, 83.068932, 435.52840, 435.56865,
11.120570, 698.32894, 28.945086, 436.56694, 436.60767,
11.129530, 681.93449, 26.133368, 439.45841, 439.50049,
11.138500, 823.69180, 28.089893, 442.35642, 442.39986,
11.147460, 835.93867, 28.640062, 445.25406, 445.29891,
11.156430, 1041.8867, 31.678329, 448.15801, 448.20428,
11.165390, 1206.6852, 31.513954, 451.06136, 451.10908,
11.174350, 1428.0266, 32.513046, 453.96738, 454.01658,
11.183300, 1683.1054, 36.881718, 456.87286, 456.92357,
11.192260, 1880.4335, 38.547989, 459.78388, 459.83612,
11.201220, 1975.7658, 37.201923, 462.69723, 462.75103,
11.210170, 2012.0226, 37.034279, 465.60970, 465.66508,
11.219120, 1963.5328, 38.798759, 468.52426, 468.58125,
11.228070, 1906.3880, 38.135658, 471.44082, 471.49943,
11.237020, 2025.1550, 36.701614, 474.35894, 474.41919,
11.245970, 1941.3499, 36.423775, 477.27915, 477.34105,
11.254920, 1967.5331, 38.037605, 480.20101, 480.26458,
11.263860, 1909.3362, 36.924294, 483.12100, 483.18623,
11.272800, 1885.4970, 35.146179, 486.04273, 486.10963,
11.281750, 1787.0947, 35.000015, 488.96860, 489.03717,
11.290690, 1778.3640, 36.076126, 491.89289, 491.96312,
11.299630, 1691.6489, 35.040215, 494.81798, 494.88985,
11.308560, 1631.3727, 33.241722, 497.74096, 497.81446,
11.317500, 1636.7814, 34.082706, 500.66796, 500.74306,
11.326430, 1475.8988, 33.959061, 503.59263, 503.66931,
11.335370, 1476.8798, 33.924545, 506.52112, 506.59934,
11.344300, 1414.1169, 31.967953, 509.44706, 509.52679,
11.353230, 1344.5580, 31.793207, 512.37348, 512.45466,
11.362160, 1325.5255, 33.537647, 515.29995, 515.38255,
11.371080, 1209.3244, 31.801075, 518.22388, 518.30783,
11.380010, 1233.6638, 31.041204, 521.15078, 521.23602,
11.388930, 1204.2070, 31.385109, 524.07493, 524.16139,
11.397850, 1120.1091, 32.080887, 526.99871, 527.08632,
11.406780, 1093.2651, 31.878305, 529.92578, 530.01445,
11.415700, 1073.4788, 30.717806, 532.84915, 532.93880,
11.424610, 1053.6452, 31.313602, 535.76903, 535.85957,
11.433530, 1007.5149, 32.996094, 538.69157, 538.78290,
11.442450, 1026.3925, 33.015491, 541.61354, 541.70555,
11.451360, 1000.6420, 31.233936, 544.53171, 544.62429,
11.460270, 965.83736, 32.347576, 547.44909, 547.54213,
11.469180, 915.24643, 32.937042, 550.36559, 550.45897,
11.478090, 903.88038, 33.578651, 553.28109, 553.37469,
11.487000, 907.82699, 32.173527, 556.19550, 556.28917,
11.495910, 922.17348, 33.390255, 559.10838, 559.20201,
11.504810, 874.08938, 34.251091, 562.01716, 562.11059,
11.513710, 835.53378, 33.942612, 564.92420, 565.01729,
11.522620, 864.13150, 33.580044, 567.83315, 567.92575,
11.531520, 781.60840, 32.723442, 570.73704, 570.82900,
11.540420, 824.68578, 35.665283, 573.63920, 573.73036,
11.549310, 797.97907, 36.113014, 576.53641, 576.62660,
11.558210, 801.03590, 34.386086, 579.43508, 579.52415,
11.567100, 748.62776, 33.981392, 582.32796, 582.41574,
11.576000, 754.30097, 36.558212, 585.22239, 585.30872,
11.584890, 766.80921, 37.722130, 588.11114, 588.19583,
11.593780, 786.53759, 37.940613, 590.99718, 591.08008,
11.602670, 718.32675, 36.008217, 593.88103, 593.96195,
11.611560, 749.68385, 39.443054, 596.76227, 596.84104,
11.620440, 744.64491, 40.257084, 599.63738, 599.71383,
11.629330, 687.80128, 38.749474, 602.51305, 602.58701,
11.638210, 671.86945, 38.796158, 605.38269, 605.45398,
11.647090, 726.15143, 43.022366, 608.24895, 608.31740,
11.655970, 708.85380, 43.949139, 611.11204, 611.17747,
11.664850, 649.22852, 33.460030, 613.97213, 614.03438,
11.673730, 661.16011, 24.461098, 616.82850, 616.88741,
11.682600, 695.55570, 28.199923, 619.67828, 619.73368,
11.691480, 670.58273, 28.971029, 622.52747, 622.57920,
11.700350, 662.33038, 28.883213, 625.36983, 625.41774,
11.709220, 703.70580, 30.774122, 628.20830, 628.25224,
11.718090, 678.37173, 30.770336, 631.04276, 631.08259,
11.726960, 638.72431, 32.991318, 633.87309, 633.90868,
11.735830, 679.21754, 34.096016, 636.69916, 636.73037,
11.744690, 688.10176, 37.631248, 639.51751, 639.54423,
11.753560, 649.34472, 34.311985, 642.33468, 642.35679,
11.762420, 713.60923, 38.699852, 645.14389, 645.16130,
11.771280, 763.58103, 62.280689, 647.94864, 647.96125,
11.775020, 650.90221, 25.483519, 649.13084, 649.14141,
11.784500, 627.13365, 25.889576, 652.12413, 652.12945,
11.793980, 671.78952, 26.248072, 655.11130, 655.11130,
11.803460, 641.16797, 28.447172, 658.09260, 658.08722,
11.812940, 684.56315, 24.617657, 661.06643, 661.05560,
11.822420, 678.10999, 25.436714, 664.03221, 664.01584,
11.831890, 699.73846, 25.639645, 666.98517, 666.96316,
11.841360, 703.93000, 24.641495, 669.92744, 669.89967,
11.850840, 684.25597, 23.561041, 672.86075, 672.82709,
11.860310, 728.60348, 25.148161, 675.77802, 675.73833,
11.869770, 751.35720, 25.677874, 678.67809, 678.63224,
11.879240, 745.08781, 24.419579, 681.56561, 681.51345,
11.888710, 766.07169, 24.060648, 684.43644, 684.37782,
11.898170, 747.43082, 24.505373, 687.28650, 687.22129,
11.907630, 771.40893, 25.284863, 690.11721, 690.04526,
11.917090, 778.51379, 25.262157, 692.92790, 692.84910,
11.926550, 790.43856, 24.126163, 695.71679, 695.63102,
11.936010, 806.30931, 24.644039, 698.48321, 698.39038,
11.945470, 783.91682, 25.074982, 701.22535, 701.12540,
11.954920, 820.02417, 25.122952, 703.93953, 703.83242,
11.964370, 832.10912, 24.670477, 706.62726, 706.51300,
11.973830, 799.20578, 24.173151, 709.29022, 709.16883,
11.983280, 782.78017, 25.110836, 711.92125, 711.79281,
11.992720, 790.79486, 24.785976, 714.51914, 714.38380,
12.002170, 795.72547, 24.246777, 717.08840, 716.94633,
12.011610, 769.61520, 24.064396, 719.62226, 719.47374,
12.021060, 812.98672, 25.935215, 722.12456, 721.96988,
12.030500, 808.94921, 25.693951, 724.58890, 724.42848,
12.039940, 807.30172, 25.297279, 727.01627, 726.85060,
12.049380, 799.18183, 24.863422, 729.40582, 729.23545,
12.058820, 796.39901, 26.244410, 731.75570, 731.58133,
12.068250, 826.95227, 27.246183, 734.06249, 733.88489,
12.077690, 792.04014, 26.220585, 736.32969, 736.14976,
12.087120, 803.13293, 25.881804, 738.55089, 738.36965,
12.096550, 771.90613, 26.622028, 740.72721, 740.54582,
12.105980, 782.62513, 27.995789, 742.85725, 742.67700,
12.115410, 762.61194, 27.383156, 744.93957, 744.76191,
12.124830, 767.33094, 26.836075, 746.97069, 746.79722,
12.134260, 769.44182, 27.742943, 748.95327, 748.78578,
12.143680, 763.70049, 29.164238, 750.88162, 750.72207,
12.153100, 798.96526, 30.062397, 752.75667, 752.60721,
12.162520, 786.84096, 33.457718, 754.57671, 754.43971,
12.171940, 744.79429, 29.011425, 756.34005, 756.21807,
12.181360, 793.61542, 31.267685, 758.04550, 757.94134,
12.190770, 810.16671, 32.682472, 759.68950, 759.60618,
12.200180, 771.13995, 30.979862, 761.27242, 761.21322,
12.209600, 773.70587, 31.582750, 762.79431, 762.76281,
12.219010, 763.24232, 32.989258, 764.25016, 764.25016,
12.228420, 734.41297, 33.876530, 765.64055, 765.67604,
12.237820, 778.74971, 34.523808, 766.96471, 767.03940,
12.247230, 838.78651, 35.364365, 768.22676, 768.34404,
12.256630, 833.19574, 36.356022, 769.42513, 769.58797,
12.266040, 1046.3123, 41.604233, 770.56335, 770.77448,
12.275440, 1723.3839, 51.116665, 771.64020, 771.90190,
12.284840, 1348.4624, 46.570892, 772.65783, 772.97214,
12.294230, 870.49288, 39.796238, 773.61656, 773.98513,
12.303630, 918.30852, 59.270851, 774.51914, 774.94348,
12.313030, 834.59763, 44.199589, 775.36579, 775.84704,
12.322420, 874.71046, 50.571926, 776.15654, 776.69553,
12.331810, 817.10065, 33.084515, 776.89333, 777.49070,
12.341200, 861.09004, 28.085690, 777.57712, 778.23326,
12.350590, 851.11095, 28.820877, 778.20885, 778.92391,
12.359980, 923.35062, 31.014816, 778.78943, 779.56334,
12.369360, 936.92575, 31.368071, 779.31925, 780.15168,
12.378750, 941.64175, 32.898525, 779.80028, 780.69080,
12.388130, 855.04246, 33.096764, 780.23241, 781.18028,
12.397510, 905.26922, 34.075890, 780.61696, 781.62133,
12.406890, 883.14124, 32.488480, 780.95485, 782.01469,
12.416270, 920.98019, 34.918816, 781.24687, 782.36098,
12.425640, 895.05345, 34.003452, 781.49356, 782.66055,
12.435020, 938.91979, 37.069447, 781.69628, 782.91470,
12.444390, 961.89815, 36.423828, 781.85535, 783.12352,
12.453760, 950.59705, 34.029026, 781.97177, 783.28794,
12.463130, 956.55014, 36.173618, 782.04631, 783.40860,
12.472500, 1018.8195, 42.549416, 782.07969, 783.48611,
12.481870, 984.90257, 48.125828, 782.07264, 783.52110,
12.489420, 1019.4306, 31.254578, 782.03802, 783.51877,
12.499490, 980.93250, 31.163139, 781.95234, 783.47387,
12.509550, 1020.2990, 30.536835, 781.82242, 783.38199,
12.519610, 1032.2168, 29.555481, 781.64904, 783.24385,
12.529670, 1059.4120, 29.706711, 781.43304, 783.06020,
12.539730, 1057.9934, 30.586456, 781.17517, 782.83175,
12.549780, 1065.3883, 33.025742, 780.87658, 782.55953,
12.559840, 1088.9007, 29.324993, 780.53740, 782.24369,
12.569890, 1081.5402, 28.444695, 780.15911, 781.88560,
12.579940, 1123.3893, 29.759449, 779.74210, 781.48566,
12.589990, 1111.0091, 29.739248, 779.28710, 781.04456,
12.600040, 1145.5692, 29.334028, 778.79478, 780.56295,
12.610090, 1162.6479, 28.339666, 778.26592, 780.04160,
12.620130, 1178.5611, 32.314365, 777.70177, 779.48175,
12.630170, 1210.1182, 29.679609, 777.10240, 778.88351,
12.640210, 1205.3986, 29.855562, 776.46853, 778.24757,
12.650250, 1178.9261, 28.291677, 775.80080, 777.57461,
12.660290, 1147.0080, 27.663723, 775.09990, 776.86536,
12.670330, 1150.0348, 28.056641, 774.36632, 776.12033,
12.680360, 1217.2061, 29.156639, 773.60155, 775.34106,
12.690390, 1243.4581, 28.751232, 772.80543, 774.52744,
12.700420, 1303.3317, 28.708496, 771.97846, 773.68003,
12.710450, 1280.5108, 28.653601, 771.12137, 772.79960,
12.720480, 1336.1475, 30.647293, 770.23463, 771.88673,
12.730500, 1315.7667, 34.603920, 769.31969, 770.94292,
12.740530, 1318.3227, 29.054871, 768.37534, 769.96702,
12.750550, 1276.3898, 28.008390, 767.40389, 768.96149,
12.760570, 1245.3991, 28.713284, 766.40508, 767.92611,
12.770590, 1314.3701, 29.433857, 765.37922, 766.86131,
12.780610, 1322.1715, 29.241007, 764.32689, 765.76777,
12.790620, 1322.6053, 31.061691, 763.24974, 764.64728,
12.800640, 1591.8044, 31.622723, 762.14597, 763.49808,
12.810650, 2321.5574, 38.471073, 761.01835, 762.32317,
12.820660, 1732.6110, 33.653976, 759.86622, 761.12194,
12.830670, 1153.5932, 27.337078, 758.68989, 759.89485,
12.840680, 1039.6044, 26.529333, 757.49003, 758.64271,
12.850680, 1012.7907, 26.963530, 756.26813, 757.36720,
12.860690, 1023.5013, 27.957092, 755.02230, 756.06647,
12.870690, 946.23667, 26.542625, 753.75530, 754.74355,
12.880690, 863.05176, 25.001408, 752.46649, 753.39790,
12.890690, 876.80852, 25.928364, 751.15603, 752.02983,
12.900680, 846.29403, 26.296467, 749.82583, 750.64149,
12.910680, 851.86018, 26.621113, 748.47347, 749.23051,
12.920670, 830.56713, 25.723583, 747.10217, 747.80041,
12.930670, 809.67258, 25.637856, 745.70941, 746.34871,
12.940660, 804.62246, 26.517481, 744.29833, 744.87887,
12.950640, 794.06566, 27.575958, 742.86961, 743.39178,
12.960630, 784.28122, 27.003731, 741.42032, 741.88454,
12.970620, 802.29000, 27.284599, 739.95256, 740.35955,
12.980600, 772.49684, 27.286745, 738.46796, 738.81866,
12.990580, 749.61851, 28.659464, 736.96557, 737.26112,
13.000560, 764.08614, 28.640728, 735.44544, 735.68714,
13.010540, 721.10270, 27.822203, 733.90801, 734.09739,
13.020520, 757.85588, 28.522078, 732.35358, 732.49240,
13.030490, 756.50137, 29.839857, 730.78412, 730.87440,
13.040470, 689.32650, 30.043285, 729.19660, 729.24050,
13.050440, 722.07573, 31.025103, 727.59464, 727.59464,
13.060410, 747.95085, 31.071375, 725.97693, 725.93563,
13.070380, 722.11877, 31.278795, 724.34382, 724.26379,
13.080350, 729.82906, 33.507309, 722.69621, 722.57994,
13.090310, 727.69482, 34.603500, 721.03611, 720.88601,
13.100280, 724.71976, 34.757236, 719.36091, 719.17925,
13.110240, 726.35464, 34.284389, 717.67436, 717.46341,
13.120200, 719.12943, 36.021973, 715.97542, 715.73734,
13.130160, 732.34755, 38.235703, 714.26466, 714.00150,
13.140110, 755.89309, 30.755806, 712.54442, 712.25823,
13.150070, 731.84020, 24.139988, 710.81163, 710.50432,
13.160020, 706.61848, 23.985760, 709.07047, 708.74392,
13.169980, 746.49337, 27.224770, 707.31780, 706.97382,
13.179930, 735.30527, 27.154114, 705.55784, 705.19819,
13.189870, 711.40364, 27.691061, 703.79098, 703.41736,
13.199820, 763.39549, 27.884663, 702.01435, 701.62839,
13.209770, 735.80750, 27.585762, 700.22998, 699.83326,
13.219710, 683.38752, 26.788433, 698.44046, 698.03453,
13.229650, 722.97984, 28.852461, 696.64459, 696.23093,
13.239590, 735.91567, 30.217712, 694.84255, 694.42258,
13.249530, 741.87327, 29.538336, 693.03500, 692.61012,
13.259470, 682.43038, 27.870115, 691.22246, 690.79400,
13.269410, 718.06566, 29.778240, 689.40542, 688.97470,
13.279340, 727.40301, 35.627769, 687.58632, 687.15459,
13.289270, 696.16454, 35.015434, 685.76357, 685.33204,
13.299200, 750.75070, 37.180641, 683.93801, 683.50786,
13.309130, 811.11005, 41.660049, 682.10997, 681.68233,
13.318260, 711.52659, 25.921745, 680.42728, 680.00294,
13.328980, 700.60989, 24.629875, 678.44999, 678.03065,
13.339690, 681.94922, 24.775326, 676.47348, 676.06032,
13.350400, 689.82262, 25.545456, 674.49642, 674.09059,
13.361120, 741.53642, 26.261572, 672.51751, 672.12012,
13.371830, 717.57778, 24.412077, 670.54123, 670.15333,
13.382530, 727.26752, 24.271046, 668.56804, 668.19063,
13.393240, 698.43222, 24.746149, 666.59503, 666.22907,
13.403940, 716.43116, 25.570284, 664.62634, 664.27274,
13.414650, 665.27015, 27.715698, 662.65909, 662.31872,
13.425350, 721.51951, 24.160027, 660.69739, 660.37107,
13.436050, 716.85633, 24.508013, 658.74013, 658.42862,
13.446740, 709.81100, 24.820919, 656.78984, 656.49385,
13.457440, 721.22204, 25.607830, 654.84331, 654.56353,
13.468130, 716.99803, 24.381941, 652.90500, 652.64203,
13.478830, 679.62636, 22.984482, 650.97173, 650.72616,
13.489520, 720.08784, 23.978811, 649.04794, 648.82025,
13.500200, 709.66143, 24.740438, 647.13406, 646.92470,
13.510890, 736.26459, 24.629902, 645.22731, 645.03669,
13.521570, 757.61295, 24.305231, 643.33175, 643.16018,
13.532260, 767.18660, 23.675205, 641.44463, 641.29240,
13.542940, 760.45717, 23.492281, 639.56998, 639.43727,
13.553620, 748.89126, 24.240425, 637.70676, 637.59371,
13.564290, 740.71471, 23.776022, 635.85744, 635.76410,
13.574970, 743.70438, 23.087372, 634.01906, 633.94543,
13.585640, 728.96816, 22.049854, 632.19589, 632.14186,
13.596320, 738.11391, 22.931232, 630.38503, 630.35044,
13.606990, 728.09151, 23.195530, 628.59070, 628.57529,
13.617650, 689.32827, 22.342871, 626.81341, 626.81680,
13.628320, 698.91152, 21.668360, 625.05065, 625.07243,
13.638980, 712.36044, 21.881332, 623.30628, 623.34590,
13.649650, 707.95076, 22.225988, 621.57788, 621.63472,
13.660310, 681.23822, 22.484020, 619.86926, 619.94255,
13.670970, 683.77384, 24.853661, 618.17958, 618.26847,
13.681630, 669.41526, 21.422848, 616.50956, 616.61309,
13.692280, 646.34838, 21.616030, 614.86157, 614.97862,
13.702940, 650.23863, 22.126253, 613.23308, 613.36245,
13.713590, 608.98901, 22.422598, 611.62807, 611.76840,
13.724240, 642.03833, 22.520826, 610.04552, 610.19534,
13.734890, 645.97577, 22.419884, 608.48651, 608.64417,
13.745530, 630.59936, 22.276611, 606.95302, 607.11674,
13.756180, 613.17284, 22.796803, 605.44309, 605.61095,
13.766820, 609.69129, 23.987066, 603.96023, 604.13012,
13.777460, 611.37500, 24.251844, 602.50388, 602.67353,
13.788100, 605.25526, 22.585752, 601.07486, 601.24183,
13.798740, 630.13907, 23.776037, 599.67399, 599.83565,
13.809380, 558.26204, 23.468399, 598.30224, 598.45577,
13.820010, 599.17674, 24.567440, 596.96141, 597.10380,
13.830640, 610.03220, 25.022093, 595.65135, 595.77938,
13.841270, 609.95931, 24.861195, 594.37271, 594.48293,
13.851900, 595.95216, 24.905449, 593.12660, 593.21535,
13.862530, 617.12721, 33.480469, 591.91381, 591.97719,
13.873150, 590.03985, 26.455360, 590.73630, 590.77020,
13.883780, 603.49036, 27.350845, 589.59287, 589.59287,
13.894400, 592.16470, 26.917654, 588.48619, 588.44779,
13.905020, 545.14223, 26.641558, 587.41450, 587.33344,
13.915640, 558.02293, 28.561102, 586.37675, 586.24919,
13.926250, 579.28139, 29.349598, 585.37279, 585.19533,
13.936870, 611.81938, 30.702644, 584.39990, 584.16941,
13.947480, 605.77280, 29.330923, 583.45865, 583.17246,
13.958090, 550.44945, 30.000824, 582.54734, 582.20310,
13.968700, 666.12419, 33.943878, 581.66481, 581.26054,
13.979310, 612.45457, 33.892921, 580.81028, 580.34431,
13.989910, 597.49993, 33.134010, 579.98344, 579.45451,
14.000520, 597.28722, 33.070854, 579.18185, 578.58893,
14.011120, 536.40242, 33.739044, 578.40605, 577.74852,
14.021720, 601.75336, 37.386078, 577.65437, 576.93188,
14.032320, 592.00449, 39.180016, 576.92591, 576.13843,
14.042920, 582.83983, 37.620869, 576.21977, 575.36755,
14.053510, 583.96134, 38.564182, 575.53574, 574.61940,
14.064110, 622.17438, 40.749256, 574.87157, 573.89190,
14.074700, 519.99978, 40.589798, 574.22765, 573.18585,
14.085290, 576.92460, 45.520687, 573.60258, 572.50007,
14.095870, 579.25278, 32.038883, 572.99598, 571.83449,
14.106460, 616.25292, 27.324028, 572.40591, 571.18736,
14.117040, 592.06520, 26.320902, 571.83260, 570.55926,
14.127630, 600.19340, 28.981216, 571.27413, 569.94845,
14.138210, 647.14688, 30.888201, 570.73079, 569.35557,
14.148790, 588.75559, 30.234232, 570.20119, 568.77944,
14.159370, 639.79365, 31.034607, 569.68453, 568.21950,
14.169940, 669.88483, 31.929214, 569.18049, 567.67574,
14.180520, 622.73676, 57.290714, 568.68728, 567.14651,
14.182090, 660.81890, 27.489180, 568.61501, 567.06924,
14.193560, 646.00245, 26.288197, 568.09380, 566.51419,
14.205030, 642.76871, 27.110592, 567.58378, 565.97539,
14.216500, 609.27016, 27.684654, 567.08403, 565.45222,
14.227970, 592.28290, 26.745659, 566.59350, 564.94395,
14.239430, 628.62148, 25.380581, 566.11160, 564.45029,
14.250890, 595.49593, 23.613842, 565.63697, 563.97017,
14.262350, 627.28204, 25.144798, 565.16854, 563.50281,
14.273810, 586.52475, 24.579405, 564.70538, 563.04759,
14.285270, 619.22431, 24.879089, 564.24654, 562.60386,
14.296730, 597.59599, 22.684664, 563.79097, 562.17086,
14.308180, 583.23737, 21.999630, 563.33815, 561.74834,
14.319630, 590.76568, 22.496454, 562.88669, 561.33523,
14.331080, 581.85920, 23.566887, 562.43557, 560.93082,
14.342530, 562.53614, 22.758358, 561.98391, 560.53451,
14.353970, 595.55076, 21.809711, 561.53110, 560.14596,
14.365410, 577.21931, 20.911669, 561.07574, 559.76410,
14.376860, 560.58364, 20.932720, 560.61650, 559.38799,
14.388300, 568.20173, 22.510771, 560.15317, 559.01759,
14.399730, 584.60869, 22.592098, 559.68483, 558.65226,
14.411170, 541.48604, 20.636898, 559.20965, 558.29067,
14.422600, 572.91388, 20.728195, 558.72752, 557.93282,
14.434030, 546.08247, 20.474680, 558.23702, 557.57773,
14.445460, 564.93170, 22.180218, 557.73714, 557.22471,
14.456890, 559.40550, 21.827084, 557.22695, 556.87315,
14.468320, 546.59954, 20.985641, 556.70544, 556.52239,
14.479740, 564.83385, 20.802940, 556.17204, 556.17204,
14.491160, 558.87682, 20.955910, 555.62589, 555.82136,
14.502580, 551.14449, 22.039577, 555.06887, 555.47072,
14.514000, 588.05793, 22.760326, 554.50324, 555.12058,
14.525420, 566.15445, 21.786608, 553.93145, 554.77149,
14.536830, 584.28563, 20.366882, 553.35639, 554.42431,
14.548240, 560.29980, 20.078947, 552.77991, 554.07923,
14.559650, 559.29512, 25.761742, 552.20432, 553.73676,
14.571060, 547.41065, 20.914745, 551.63208, 553.39749,
14.582470, 542.92057, 20.283249, 551.06552, 553.06190,
14.593870, 532.11936, 21.328163, 550.50746, 552.73081,
14.605270, 564.63465, 20.131598, 549.95980, 552.40446,
14.616670, 549.88705, 20.074751, 549.42496, 552.08340,
14.628070, 530.23407, 23.127247, 548.90521, 551.76812,
14.639470, 527.72343, 20.467590, 548.40301, 551.45917,
14.650860, 536.38108, 19.931749, 547.92116, 551.15735,
14.662260, 570.37226, 20.658131, 547.46119, 550.86265,
14.673650, 573.66981, 21.105839, 547.02635, 550.57614,
14.685040, 567.81128, 22.086758, 546.61859, 550.29805,
14.696420, 577.85814, 22.373812, 546.24075, 550.02922,
14.707810, 569.87162, 21.828556, 545.89451, 549.76963,
14.719190, 574.61577, 21.797743, 545.58303, 549.52036,
14.730570, 574.02370, 22.052372, 545.30838, 549.28164,
14.741950, 580.33081, 24.152403, 545.07309, 549.05406,
14.753330, 628.77263, 24.429722, 544.87967, 548.83814,
14.764700, 604.95716, 24.060566, 544.73074, 548.63462,
14.776080, 555.82767, 23.078590, 544.62859, 548.44366,
14.787450, 550.50371, 23.704617, 544.57597, 548.26618,
14.798820, 558.47084, 25.715641, 544.57534, 548.10253,
14.810190, 540.05877, 25.348724, 544.62933, 547.95326,
14.821550, 562.54927, 25.775835, 544.74045, 547.81906,
14.832920, 534.98126, 25.043911, 544.91153, 547.70024,
14.844280, 540.14658, 24.966484, 545.14499, 547.59757,
14.855640, 545.45406, 26.957323, 545.44366, 547.51150,
14.866990, 576.49620, 27.424887, 545.80990, 547.44265,
14.878350, 540.16571, 26.778475, 546.24718, 547.39147,
14.889710, 535.53099, 25.986862, 546.75798, 547.35858,
14.901060, 533.67016, 25.900562, 547.34459, 547.34459,
14.912410, 575.00942, 27.578045, 548.00927, 547.34987,
14.923760, 552.34665, 28.344753, 548.74986, 547.37433,
14.935100, 570.37025, 29.729990, 549.56220, 547.41767,
14.946450, 596.85623, 29.488655, 550.44474, 547.47972,
14.957790, 578.76012, 28.980600, 551.39261, 547.56012,
14.969130, 545.85410, 29.690819, 552.40338, 547.65869,
14.980470, 565.75248, 30.439774, 553.47413, 547.77520,
14.991810, 572.19551, 32.286041, 554.60169, 547.90942,
15.003140, 525.59591, 30.874500, 555.78200, 548.06097,
15.014480, 509.68433, 30.437889, 557.01392, 548.22988,
15.025810, 546.03637, 32.006580, 558.29261, 548.41568,
15.037140, 521.09990, 31.723698, 559.61588, 548.61823,
15.048460, 516.84770, 34.490101, 560.97974, 548.83717,
15.059790, 537.33983, 34.731918, 562.38355, 549.07263,
15.071110, 545.47894, 34.277672, 563.82206, 549.32401,
15.082440, 538.84438, 25.266644, 565.29492, 549.59156,
15.093750, 573.55737, 21.697111, 566.79512, 549.87431,
15.105070, 533.41411, 22.366079, 568.32395, 550.17282,
15.116390, 549.49571, 24.188576, 569.87719, 550.48663,
15.127700, 538.79541, 24.206644, 571.45054, 550.81525,
15.139020, 552.71118, 25.576817, 573.04409, 551.15908,
15.150330, 552.22703, 25.648052, 574.65209, 551.51730,
15.162390, 538.25749, 27.614180, 576.38118, 551.91529,
15.174730, 568.09589, 28.024258, 578.16239, 552.33938,
15.187070, 556.39301, 27.924400, 579.95192, 552.78024,
15.199410, 583.56430, 30.216007, 581.74643, 553.23772,
15.211740, 575.11476, 29.535112, 583.54051, 553.71110,
15.224080, 547.35764, 28.178183, 585.33388, 554.20104,
15.236410, 540.81703, 25.986931, 587.11975, 554.70644,
15.248740, 569.91067, 26.407749, 588.89604, 555.22750,
15.261060, 587.32073, 28.333536, 590.65764, 555.76354,
15.273390, 559.32479, 26.814426, 592.40394, 556.31526,
15.285710, 576.40360, 26.896120, 594.12848, 556.88155,
15.298030, 583.61171, 24.401356, 595.82885, 557.46259,
15.310350, 559.17842, 23.640860, 597.50167, 558.05826,
15.322660, 513.23777, 24.018429, 599.14177, 558.66780,
15.334980, 543.78133, 24.924137, 600.74815, 559.29199,
15.347290, 608.67433, 26.596670, 602.31462, 559.92969,
15.359600, 531.47694, 23.134861, 603.83875, 560.58117,
15.371900, 567.23112, 23.729328, 605.31555, 561.24567,
15.384210, 563.55567, 24.824913, 606.74380, 561.92415,
15.396510, 540.45957, 25.198551, 608.11739, 562.61533,
15.408810, 660.38240, 28.938074, 609.43353, 563.31948,
15.421110, 613.93408, 26.266464, 610.68860, 564.03654,
15.433410, 615.34230, 25.109833, 611.87853, 564.76623,
15.445700, 563.32941, 24.346554, 612.99868, 565.50786,
15.457990, 608.24111, 25.845991, 614.04606, 566.26181,
15.470280, 618.57869, 27.135189, 615.01669, 567.02792,
15.482570, 594.00307, 24.961205, 615.90656, 567.80602,
15.494860, 598.24992, 23.661732, 616.71308, 568.59597,
15.507140, 660.46000, 24.001545, 617.43895, 569.39696,
15.519420, 645.45060, 23.837477, 618.08944, 570.20940,
15.531700, 770.53562, 26.029593, 618.66927, 571.03326,
15.543980, 1744.2703, 36.542458, 619.18292, 571.86826,
15.556260, 2132.6650, 38.819878, 619.63500, 572.71437,
15.568530, 1003.3944, 26.290850, 620.02968, 573.57066,
15.580800, 632.84328, 21.985548, 620.37181, 574.43770,
15.593070, 616.20111, 23.452808, 620.66584, 575.31535,
15.605340, 657.72560, 24.439182, 620.91617, 576.20347,
15.617600, 610.80088, 23.362404, 621.12703, 577.10121,
15.629860, 634.67424, 22.525539, 621.30298, 578.00907,
15.642120, 647.91395, 22.255219, 621.44837, 578.92705,
15.654380, 584.88785, 22.392614, 621.56750, 579.85488,
15.666640, 601.32038, 22.907902, 621.66468, 580.79257,
15.678890, 621.47747, 23.326195, 621.74414, 581.73911,
15.691140, 637.68809, 22.493290, 621.81023, 582.69518,
15.703390, 637.49386, 21.058014, 621.86721, 583.66066,
15.715640, 641.91029, 21.737080, 621.91935, 584.63542,
15.727890, 654.60613, 22.462761, 621.97089, 585.61934,
15.740130, 631.35538, 22.974430, 622.02604, 586.61154,
15.752370, 635.98040, 22.453608, 622.08909, 587.61259,
15.764610, 651.30307, 21.981905, 622.16429, 588.62252,
15.776850, 681.49808, 22.952049, 622.25588, 589.64108,
15.789090, 664.46233, 23.112389, 622.36814, 590.66831,
15.801320, 675.41181, 24.233021, 622.50523, 591.70313,
15.813550, 657.82692, 25.306301, 622.67149, 592.74632,
15.825780, 657.25051, 24.335587, 622.87123, 593.79777,
15.838010, 694.05836, 25.312992, 623.10876, 594.85738,
15.850230, 639.06797, 24.535927, 623.38817, 595.92422,
15.862450, 660.49282, 25.993988, 623.71396, 596.99892,
15.874670, 694.10543, 28.552721, 624.09055, 598.08157,
15.886890, 692.56359, 28.298698, 624.52232, 599.17197,
15.899110, 662.61533, 28.264339, 625.01365, 600.26996,
15.911320, 665.19756, 26.897322, 625.56857, 601.37466,
15.923540, 655.55883, 27.443829, 626.19251, 602.48779,
15.935750, 690.77909, 29.658424, 626.88890, 603.60735,
15.947960, 678.06323, 29.871315, 627.66283, 604.73421,
15.960160, 673.29032, 29.389809, 628.51818, 605.86739,
15.972370, 725.82000, 29.817326, 629.46095, 607.00859,
15.984570, 701.55500, 28.828259, 630.49427, 608.15584,
15.996770, 695.51260, 29.226973, 631.62373, 609.31014,
16.008961, 754.88915, 31.564377, 632.85303, 610.47041,
16.021160, 660.87529, 30.116009, 634.18884, 611.63829,
16.033350, 712.89882, 31.401237, 635.63404, 612.81196,
16.045549, 653.51786, 28.885086, 637.19586, 613.99320,
16.057739, 727.84716, 31.277956, 638.87685, 615.18008,
16.069920, 721.77969, 31.709257, 640.68180, 616.37251,
16.082109, 629.24562, 30.479540, 642.61868, 617.57229,
16.094290, 655.22112, 31.906662, 644.68966, 618.77747,
16.106470, 680.85088, 33.255005, 646.90148, 619.98893,
16.118650, 693.89083, 33.871292, 649.25948, 621.20658,
16.130831, 682.76368, 33.955917, 651.76910, 622.43038,
16.143009, 692.69001, 34.142456, 654.43540, 623.66005,
16.155180, 676.35487, 34.599419, 657.26255, 624.89496,
16.167351, 667.23017, 38.118366, 660.25783, 626.13580,
16.179520, 679.59458, 36.442177, 663.42648, 627.38233,
16.191681, 715.21698, 34.763405, 666.77267, 628.63388,
16.203850, 635.15417, 35.988922, 670.30653, 629.89198,
16.216009, 663.88328, 37.101250, 674.02907, 631.15478,
16.228170, 718.22427, 43.576279, 677.94975, 632.42342,
16.240330, 625.24509, 39.837498, 682.07360, 633.69745,
16.252489, 709.21029, 42.372673, 686.40756, 634.97700,
16.264641, 698.38019, 40.993980, 690.95111, 636.26121,
16.276791, 680.97796, 44.214256, 695.69243, 637.55064,
16.288950, 744.19880, 45.834068, 700.61848, 638.84646,
16.301090, 773.73968, 55.759819, 705.69990, 640.14555,
16.313240, 787.40377, 53.147385, 710.93100, 641.45093,
16.325380, 818.67622, 58.429230, 716.28619, 642.76050,
16.337530, 864.28041, 40.241928, 721.75657, 644.07627,
16.349670, 904.28838, 35.450958, 727.31631, 645.39613,
16.361799, 863.90435, 33.619003, 732.94713, 646.71982,
16.373940, 926.31611, 39.599522, 738.64253, 648.04979,
16.386070, 985.32511, 38.628670, 744.37561, 649.38370,
16.398211, 1102.1653, 42.130688, 750.13829, 650.72361,
16.410339, 1085.4672, 38.485336, 755.90358, 652.06717,
16.422461, 1119.5433, 40.475529, 761.65627, 653.41474,
16.434589, 1039.9793, 42.159470, 767.38657, 654.76798,
16.446711, 1050.4447, 41.304764, 773.07027, 656.12515,
16.458839, 1023.7693, 38.050659, 778.69747, 657.48794,
16.470961, 949.19338, 41.092560, 784.24401, 658.85458,
16.483070, 965.06940, 40.837814, 789.69125, 660.22461,
16.495190, 922.58664, 54.028416, 795.03152, 661.60036,
16.500280, 968.21197, 37.888809, 797.23737, 662.17962,
16.513599, 963.67422, 35.689194, 802.89204, 663.69899,
16.526911, 894.06289, 31.394108, 808.35669, 665.22301,
16.540211, 937.01617, 32.401764, 813.60714, 666.75118,
16.553520, 902.36797, 32.146984, 818.62854, 668.28587,
16.566820, 880.38757, 32.250034, 823.39040, 669.82486,
16.580120, 815.96806, 30.605284, 827.87296, 671.36919,
16.593420, 811.81778, 28.562313, 832.05258, 672.91884,
16.606710, 835.39912, 29.132824, 835.90281, 674.47266,
16.620001, 826.25055, 29.120584, 839.41126, 676.03173,
16.633301, 890.07852, 32.297577, 842.59838, 677.59713,
16.646589, 908.72389, 33.752274, 845.48579, 679.16638,
16.659870, 883.26416, 31.689108, 848.10127, 680.73988,
16.673149, 851.76555, 29.607790, 850.47239, 682.31827,
16.686440, 835.14858, 28.092371, 852.62727, 683.90314,
16.699711, 850.20688, 28.364183, 854.58698, 685.49080,
16.712990, 865.62497, 29.980238, 856.38139, 687.08442,
16.726271, 892.00481, 30.305141, 858.03516, 688.68331,
16.739540, 853.75120, 28.339239, 859.57226, 690.28583,
16.752810, 866.75484, 27.178211, 861.01954, 691.89333,
16.766081, 841.05393, 26.052517, 862.40251, 693.50603,
16.779341, 860.92060, 27.348061, 863.74511, 695.12228,
16.792601, 895.58169, 29.639080, 865.07375, 696.74347,
16.805870, 858.88442, 29.897945, 866.41459, 698.37074,
16.819120, 859.55503, 29.601624, 867.78991, 700.00057,
16.832380, 862.40983, 27.448147, 869.22786, 701.63646,
16.845631, 867.79192, 25.861553, 870.75157, 703.27605,
16.858891, 851.59449, 26.172527, 872.38856, 704.92168,
16.872141, 874.72790, 27.688128, 874.15494, 706.57099,
16.885380, 905.41863, 28.165482, 876.04126, 708.22371,
16.898630, 918.75668, 27.426001, 878.03511, 709.88271,
16.911869, 896.68811, 26.032120, 880.11745, 711.54510,
16.925110, 898.67728, 26.024582, 882.27473, 713.21255,
16.938351, 904.71177, 27.060303, 884.49119, 714.88483,
16.951580, 930.50256, 28.891094, 886.74941, 716.56048,
16.964821, 902.01806, 29.734470, 889.03788, 718.24240,
16.978050, 906.73272, 29.237839, 891.33727, 719.92768,
16.991270, 927.32852, 29.203381, 893.63256, 721.61656,
17.004499, 987.80170, 28.980858, 895.91169, 723.31147,
17.017719, 1262.2793, 31.657135, 898.15605, 725.00998,
17.030951, 1939.9461, 39.834324, 900.35381, 726.71479,
17.044161, 1579.9023, 37.611156, 902.48425, 728.42173,
17.057381, 987.83825, 29.867197, 904.53695, 730.13473,
17.070601, 963.88990, 28.852631, 906.49489, 731.85258,
17.083811, 1007.2403, 30.293007, 908.34123, 733.57404,
17.097019, 957.72134, 28.009256, 910.06161, 735.30011,
17.110229, 953.48788, 29.868622, 911.64087, 737.03131,
17.123430, 885.97273, 29.644936, 913.06205, 738.76614,
17.136641, 968.14950, 30.782505, 914.31136, 740.50712,
17.149839, 926.85894, 29.433651, 915.37094, 742.25150,
17.163040, 892.19141, 28.861101, 916.22602, 744.00106,
17.176229, 926.79766, 29.561810, 916.85981, 745.75404,
17.189430, 917.30215, 30.279541, 917.25713, 747.51351,
17.202620, 885.53381, 30.451641, 917.40084, 749.27644,
17.215811, 890.06744, 30.017197, 917.28047, 751.04461,
17.229000, 967.30315, 30.278318, 916.90768, 752.81756,
17.242180, 938.13857, 29.994810, 916.30014, 754.59426,
17.255369, 955.66960, 29.476358, 915.47396, 756.37731,
17.268551, 939.51755, 31.579416, 914.44698, 758.16443,
17.281719, 875.68996, 30.667938, 913.23683, 759.95485,
17.294901, 962.50136, 34.941330, 911.85761, 761.75223,
17.308069, 953.98738, 36.125584, 910.32855, 763.55295,
17.321251, 956.06721, 33.159271, 908.66293, 765.36071,
17.334410, 996.49159, 35.186653, 906.88170, 767.17056,
17.347580, 1035.1809, 37.596920, 904.99656, 768.98725,
17.360750, 944.30971, 36.906715, 903.02511, 770.80924,
17.373911, 1089.9002, 41.415066, 900.98491, 772.63523,
17.387070, 1041.1202, 39.322445, 898.89085, 774.46633,
17.400230, 1006.0738, 38.389851, 896.75828, 776.30310,
17.413380, 990.77376, 36.109959, 894.60528, 778.14371,
17.426540, 993.93117, 37.375122, 892.44401, 779.99141,
17.439690, 953.09927, 36.365524, 890.29411, 781.84302,
17.452841, 918.38231, 38.386703, 888.16925, 783.70046,
17.465981, 963.51434, 38.764179, 886.08744, 785.56189,
17.479130, 990.93582, 39.936184, 884.06123, 787.43032,
17.492270, 922.06674, 37.899647, 882.10950, 789.30309,
17.505409, 882.57490, 36.993759, 880.24671, 791.18160,
17.518551, 910.25014, 39.780575, 878.48863, 793.06617,
17.531679, 911.17943, 42.265675, 876.85320, 794.95467,
17.544821, 883.45204, 41.896770, 875.35327, 796.85099,
17.557949, 876.64057, 40.814312, 874.00809, 798.75131,
17.571079, 878.29805, 41.738129, 872.83220, 800.65792,
17.584200, 843.48922, 40.007240, 871.83890, 802.56918,
17.597330, 882.28111, 41.410778, 871.02344, 804.48795,
17.610451, 933.47246, 43.163551, 870.37982, 806.41148,
17.623569, 923.82338, 42.934593, 869.90040, 808.34096,
17.636690, 886.53062, 54.844219, 869.57807, 810.27701,
17.649799, 869.47971, 47.076492, 869.40614, 812.21771,
17.662910, 914.90831, 50.545734, 869.37754, 814.16510,
17.676029, 875.90800, 45.301563, 869.48573, 816.12010,
17.689131, 964.99936, 57.379784, 869.72381, 818.07908,
17.702240, 905.92318, 58.050987, 870.08558, 820.04581,
17.715349, 915.78728, 55.766426, 870.56454, 822.01922,
17.728451, 890.47228, 57.742851, 871.15398, 823.99823,
17.741550, 887.07192, 51.731171, 871.84777, 825.98377,
17.754641, 989.36763, 41.185097, 872.63920, 827.97476,
17.767740, 930.24497, 35.693947, 873.52329, 829.97416,
17.780830, 901.41122, 40.372650, 874.49270, 831.97916,
17.793921, 849.93630, 36.240120, 875.54203, 833.99128,
17.807011, 905.26649, 35.626461, 876.66533, 836.01060,
17.820101, 929.74312, 39.701820, 877.85669, 838.03721,
17.833179, 928.12366, 39.034538, 879.10913, 840.06941,
17.846270, 922.87878, 36.157360, 880.41901, 842.11085,
17.859341, 963.01771, 37.859146, 881.77746, 844.15686,
17.872419, 986.65213, 42.457157, 883.18145, 846.21168,
17.885500, 960.32648, 45.682678, 884.62469, 848.27452,
17.898569, 917.48770, 45.712471, 886.09998, 850.34337,
17.911640, 919.05854, 45.927650, 887.60314, 852.42042,
17.924709, 955.94349, 44.583752, 889.12807, 854.50517,
17.937780, 904.25049, 77.000801, 890.66961, 856.59832,
17.941250, 915.52664, 37.555271, 891.08081, 857.15528,
17.955721, 876.53243, 36.263073, 892.80179, 859.48462,
17.970181, 887.80866, 37.006050, 894.52514, 861.82233,
17.984650, 867.89989, 35.682438, 896.24576, 864.17195,
17.999109, 899.07044, 36.139534, 897.95379, 866.53052,
18.013571, 938.05780, 36.804237, 899.64296, 868.90006,
18.028021, 866.18907, 34.384369, 901.30413, 871.27852,
18.042480, 892.05488, 33.753601, 902.93208, 873.66950,
18.056931, 926.37047, 33.384453, 904.51701, 876.07001,
18.071381, 894.90525, 33.396286, 906.05444, 878.48179,
18.085819, 943.06537, 36.265045, 907.54617, 880.90307,
18.100269, 967.72222, 38.551872, 908.99959, 883.33787,
18.114710, 940.30300, 38.145496, 910.41760, 885.78282,
18.129150, 918.32564, 34.677635, 911.80615, 888.23969,
18.143579, 915.41940, 32.847969, 913.16912, 890.70672,
18.158020, 926.96877, 31.544609, 914.51362, 893.18798,
18.172449, 940.18089, 33.982956, 915.84243, 895.67973,
18.186880, 906.79286, 34.466331, 917.16169, 898.18445,
18.201300, 967.20868, 35.857418, 918.47508, 900.70001,
18.215719, 891.83769, 33.121605, 919.78854, 903.22858,
18.230150, 900.46854, 32.509827, 921.10799, 905.77238,
18.244560, 954.96976, 33.065514, 922.43535, 908.32588,
18.258980, 949.78756, 33.027809, 923.77830, 910.89468,
18.273390, 912.35759, 33.053162, 925.13996, 913.47560,
18.287800, 926.01495, 33.503647, 926.52614, 916.07053,
18.302210, 929.26059, 33.125534, 927.94174, 918.67971,
18.316620, 949.12696, 31.506643, 929.39173, 921.30334,
18.331020, 963.02205, 31.062433, 930.88007, 923.93991,
18.345421, 921.60246, 31.612162, 932.41272, 926.59137,
18.359819, 957.73317, 32.805573, 933.99448, 929.25761,
18.374210, 958.95035, 36.832241, 935.62973, 931.93778,
18.388611, 979.71920, 37.140007, 937.32555, 934.63532,
18.403000, 951.45874, 34.001270, 939.08458, 937.34656,
18.417379, 938.69271, 32.244656, 940.91211, 940.07206,
18.431770, 942.67632, 31.357285, 942.81606, 942.81606,
18.446150, 902.03734, 29.881193, 944.79741, 945.57442,
18.460529, 979.21518, 33.146225, 946.85662, 948.34943,
18.474911, 978.40186, 35.233479, 948.99173, 951.14154,
18.489281, 1033.9395, 35.882839, 951.19850, 953.94823,
18.503660, 987.71423, 34.068466, 953.47801, 956.77369,
18.518030, 999.06407, 33.421986, 955.82516, 959.61426,
18.532391, 997.49416, 32.501984, 958.23779, 962.47001,
18.546761, 1036.8136, 33.032906, 960.71714, 965.34485,
18.561119, 973.69534, 32.953003, 963.25765, 968.23468,
18.575480, 1003.7961, 35.287777, 965.85975, 971.14228,
18.589840, 1036.6760, 35.437347, 968.52129, 974.06740,
18.604191, 1017.5638, 33.825409, 971.23866, 977.00820,
18.618549, 1079.3341, 34.594093, 974.01336, 979.96833,
18.632900, 1080.8094, 33.879921, 976.84075, 982.94477,
18.647240, 1024.3438, 36.102905, 979.71832, 985.93684,
18.661591, 1058.5198, 38.489998, 982.64906, 988.94946,
18.675930, 1298.9174, 42.051884, 985.62673, 991.97797,
18.690269, 1980.0406, 48.809261, 988.65209, 995.02493,
18.704611, 3971.2506, 64.978203, 991.72408, 998.09090,
18.718941, 3477.6610, 57.379890, 994.83832, 1001.1732,
18.733271, 1539.7805, 39.108295, 997.99581, 1004.2744,
18.747601, 1115.8615, 36.682892, 1001.1952, 1007.3946,
18.761930, 1080.2536, 38.949837, 1004.4350, 1010.5342,
18.776260, 1059.7023, 40.260605, 1007.7141, 1013.6932,
18.790581, 1037.5357, 39.466637, 1011.0288, 1016.8698,
18.804899, 1028.9255, 37.962471, 1014.3795, 1020.0657,
18.819220, 1029.0135, 37.736931, 1017.7661, 1023.2821,
18.833530, 1084.3243, 38.195049, 1021.1844, 1026.5165,
18.847839, 1088.1000, 37.424900, 1024.6351, 1029.7709,
18.862150, 1058.5296, 39.721203, 1028.1179, 1033.0464,
18.876459, 1129.7096, 43.406769, 1031.6308, 1036.3424,
18.890770, 1133.5359, 42.572834, 1035.1736, 1039.6598,
18.905069, 1103.6687, 41.809544, 1038.7419, 1042.9959,
18.919371, 1065.8042, 39.886749, 1042.3378, 1046.3540,
18.933670, 1104.9802, 41.705063, 1045.9594, 1049.7334,
18.947960, 1158.1661, 48.001720, 1049.6037, 1053.1326,
18.962250, 1152.6313, 48.323723, 1053.2720, 1056.5540,
18.976540, 1162.6941, 49.502254, 1056.9635, 1059.9980,
18.990829, 1128.4313, 48.551506, 1060.6770, 1063.4648,
19.005119, 1076.2412, 45.176308, 1064.4116, 1066.9547,
19.019400, 1064.3668, 41.978104, 1068.1639, 1070.4655,
19.033680, 1122.2521, 43.394176, 1071.9355, 1074.0000,
19.047960, 1126.3786, 45.234364, 1075.7253, 1077.5585,
19.062229, 1071.6487, 48.284016, 1079.5295, 1081.1382,
19.076500, 1135.9590, 61.260628, 1083.3507, 1084.7430,
19.090771, 1045.0360, 48.731983, 1087.1876, 1088.3726,
19.105040, 1092.7137, 50.229805, 1091.0387, 1092.0268,
19.119310, 1117.2763, 51.126865, 1094.9042, 1095.7070,
19.133570, 1159.1107, 48.631432, 1098.7796, 1099.4100,
19.147829, 1091.1550, 49.571808, 1102.6673, 1103.1391,
19.162090, 1165.7232, 55.034649, 1106.5669, 1106.8952,
19.176340, 1118.1420, 56.605579, 1110.4740, 1110.6751,
19.190599, 1093.9633, 58.245090, 1114.3934, 1114.4847,
19.204849, 1102.9253, 59.477940, 1118.3192, 1118.3192,
19.219101, 1149.2996, 57.310062, 1122.2539, 1122.1819,
19.233339, 1127.2659, 52.845299, 1126.1934, 1126.0674,
19.247580, 1126.4028, 63.757343, 1130.1421, 1129.9784,
19.261820, 1120.7595, 54.514191, 1134.0999, 1133.9130,
19.276060, 1143.3362, 64.391518, 1138.0670, 1137.8698,
19.290300, 1297.8416, 62.507416, 1142.0438, 1141.8473,
19.304529, 1184.9172, 67.789391, 1146.0274, 1145.8409,
19.318760, 1147.8325, 66.723488, 1150.0218, 1149.8529,
19.332991, 1071.4076, 64.294678, 1154.0268, 1153.8815,
19.347219, 1063.2082, 62.303791, 1158.0423, 1157.9247,
19.361441, 1290.5464, 70.475891, 1162.0669, 1161.9794,
19.375660, 1132.0064, 74.616753, 1166.1027, 1166.0459,
19.389879, 1033.4499, 67.172134, 1170.1504, 1170.1234,
19.404100, 1159.9417, 76.749344, 1174.2111, 1174.2111,
19.418310, 1216.3238, 76.004440, 1178.2813, 1178.3037,
19.432520, 1329.3339, 83.078415, 1182.3647, 1182.4032,
