# wave, flux, fluxerr, continuum, continuum_plateau
9.9725246, 53.094190, 36.464779, 53.094190, 53.094190,
9.9806166, 96.291167, 38.989372, 53.828583, 53.828493,
9.9887066, 104.47437, 32.481873, 54.567001, 54.566651,
9.9967957, 80.546174, 30.056587, 55.309539, 55.308779,
10.004880, 113.64924, 33.954872, 56.055854, 56.054553,
10.012970, 95.243175, 31.530321, 56.806930, 56.804972,
10.021050, 95.443252, 28.774101, 57.561361, 57.558647,
10.029140, 130.84821, 32.462841, 58.320943, 58.317390,
10.037220, 104.24818, 32.233879, 59.083811, 59.079352,
10.045300, 164.52014, 32.245449, 59.850965, 59.845547,
10.053380, 95.289115, 28.445526, 60.622515, 60.616097,
10.061460, 92.700292, 31.946718, 61.398297, 61.390854,
10.069540, 53.378638, 28.731117, 62.178515, 62.170034,
10.077610, 128.89309, 29.432823, 62.962079, 62.952558,
10.085690, 112.17610, 30.473804, 63.750953, 63.740401,
10.093760, 150.36647, 34.134750, 64.543300, 64.531737,
10.101830, 142.03882, 30.585146, 65.340071, 65.327528,
10.109900, 95.786977, 28.377293, 66.141389, 66.127904,
10.117970, 141.23899, 33.485035, 66.947088, 66.932711,
10.126040, 91.153609, 30.644405, 67.757293, 67.742078,
10.134100, 57.721302, 26.599670, 68.570968, 68.554980,
10.142170, 143.62851, 31.984320, 69.390263, 69.373570,
10.150230, 93.718050, 31.298618, 70.213175, 70.195854,
10.158300, 128.58869, 29.670185, 71.041683, 71.023814,
10.166360, 77.666333, 25.840908, 71.873764, 71.855433,
10.174420, 90.244902, 28.018349, 72.710624, 72.691920,
10.182470, 118.64849, 29.094910, 73.551102, 73.532119,
10.190530, 91.622092, 28.476934, 74.397324, 74.378156,
10.198590, 82.833880, 24.785324, 75.248436, 75.229180,
10.206640, 116.20209, 28.328484, 76.103258, 76.084013,
10.214690, 70.197907, 25.291920, 76.962936, 76.943799,
10.222750, 74.870457, 22.971117, 77.828536, 77.809606,
10.230800, 128.63495, 27.090727, 78.698051, 78.679426,
10.238850, 97.725406, 28.593813, 79.572546, 79.554321,
10.246890, 77.956581, 23.935913, 80.451020, 80.433288,
10.254940, 81.093793, 24.608524, 81.335602, 81.318453,
10.262990, 115.59215, 28.957630, 82.225299, 82.208819,
10.271030, 98.511554, 28.889833, 83.119095, 83.103366,
10.279070, 31.715578, 30.046238, 84.017984, 84.003080,
10.287120, 67.567029, 28.851727, 84.923303, 84.909297,
10.295150, 74.030770, 31.300865, 85.831662, 85.818615,
10.303190, 123.84839, 30.906841, 86.746557, 86.734525,
10.311230, 143.52032, 30.100880, 87.666748, 87.655778,
10.319270, 91.779697, 31.573845, 88.592508, 88.582639,
10.327300, 49.013089, 33.883057, 89.522565, 89.513823,
10.335340, 108.78431, 25.590195, 90.459297, 90.451700,
10.343370, 134.07562, 34.489029, 91.400650, 91.394203,
10.351400, 139.49501, 38.590202, 92.347569, 92.342266,
10.359430, 44.475661, 37.327354, 93.300226, 93.296046,
10.367460, 141.09553, 36.649940, 94.258684, 94.255593,
10.375480, 116.56024, 36.694065, 95.221743, 95.219691,
10.383510, 123.99375, 42.873466, 96.191988, 96.190911,
10.391530, 109.63475, 41.562943, 97.167065, 97.166882,
10.399560, 63.216238, 34.156506, 98.149362, 98.149975,
10.407580, 97.130106, 29.245209, 99.136615, 99.137905,
10.415600, 105.70940, 31.791862, 100.12994, 100.13177,
10.423620, 119.67502, 31.892773, 101.12964, 101.13186,
10.431640, 81.521630, 29.349152, 102.13556, 102.13798,
10.439650, 111.80498, 31.808369, 103.14667, 103.14911,
10.447670, 99.884994, 32.886795, 104.16560, 104.16781,
10.455680, 132.63034, 31.458050, 105.18974, 105.19149,
10.463700, 108.98201, 31.396255, 106.22185, 106.22288,
10.471710, 61.955867, 35.121735, 107.25933, 107.25933,
10.479720, 96.944956, 36.660870, 108.30356, 108.30222,
10.487730, 135.78350, 35.942013, 109.35439, 109.35141,
10.495730, 129.11905, 35.572044, 110.41038, 110.40551,
10.503740, 173.08221, 43.884869, 111.47388, 111.46686,
10.511750, 164.11518, 43.023777, 112.54345, 112.53408,
10.519750, 155.88138, 42.201813, 113.61750, 113.60559,
10.527750, 165.89656, 48.596802, 114.69738, 114.68277,
10.535750, 201.55866, 58.957363, 115.78280, 115.76535,
10.543750, 113.85498, 52.472313, 116.87345, 116.85304,
10.551750, 152.98870, 53.466030, 117.96942, 117.94596,
10.559750, 123.21926, 58.449982, 119.07029, 119.04370,
10.567850, 121.86727, 38.111923, 120.19002, 120.16020,
10.576350, 137.33165, 30.018545, 121.37014, 121.33690,
10.584840, 160.68996, 29.253674, 122.55389, 122.51722,
10.593340, 110.35458, 24.691174, 123.74400, 123.70390,
10.601830, 158.54380, 26.849028, 124.93734, 124.89384,
10.610330, 109.85899, 26.802942, 126.13665, 126.08979,
10.618820, 165.43373, 28.493076, 127.33892, 127.28878,
10.627310, 173.75571, 26.823521, 128.54517, 128.49183,
10.635800, 127.37034, 26.548111, 129.75547, 129.69903,
10.644280, 149.79812, 29.568037, 130.96801, 130.90860,
10.652770, 107.33864, 25.323864, 132.18545, 132.12320,
10.661250, 151.13137, 26.722332, 133.40487, 133.33994,
10.669740, 117.52801, 27.051819, 134.62883, 134.56138,
10.678220, 144.99133, 28.941656, 135.85440, 135.78462,
10.686700, 138.12785, 26.325256, 137.08276, 137.01085,
10.695180, 163.21735, 27.869421, 138.31373, 138.23990,
10.703650, 102.66005, 27.667643, 139.54573, 139.47022,
10.712130, 109.85392, 28.001331, 140.78123, 140.70426,
10.720600, 121.35558, 26.665920, 142.01753, 141.93937,
10.729080, 141.28867, 28.469576, 143.25710, 143.17802,
10.737550, 144.63938, 31.032936, 144.49684, 144.41710,
10.746020, 147.06683, 29.365927, 145.73823, 145.65814,
10.754490, 118.67977, 27.114204, 146.98083, 146.90068,
10.762960, 153.15088, 30.735441, 148.22471, 148.14483,
10.771420, 71.785344, 28.897526, 149.46790, 149.38860,
10.779890, 179.15076, 32.723991, 150.71357, 150.63519,
10.788350, 117.18386, 28.834621, 151.95832, 151.88121,
10.796810, 116.00611, 31.378132, 153.20351, 153.12804,
10.805270, 176.31762, 35.914772, 154.44897, 154.37551,
10.813730, 117.61743, 29.768578, 155.69453, 155.62344,
10.822190, 131.96979, 30.609695, 156.93999, 156.87169,
10.830650, 170.96386, 34.972569, 158.18519, 158.12007,
10.839100, 131.28944, 33.171291, 159.42840, 159.36689,
10.847560, 174.92355, 32.193531, 160.67254, 160.61506,
10.856010, 166.81907, 32.007652, 161.91448, 161.86147,
10.864460, 115.49615, 32.939598, 163.15531, 163.10722,
10.872910, 119.57810, 33.271595, 164.39500, 164.35229,
10.881360, 127.16681, 30.765411, 165.63349, 165.59664,
10.889800, 128.08815, 32.446575, 166.86895, 166.83844,
10.898250, 170.81402, 37.241150, 168.10412, 168.08045,
10.906690, 179.91233, 37.819584, 169.33604, 169.31972,
10.915140, 181.59947, 35.334145, 170.56745, 170.55902,
10.923580, 147.07686, 37.528713, 171.79511, 171.79511,
10.932020, 158.42190, 44.240459, 173.02040, 173.02937,
10.940460, 191.96498, 43.126225, 174.24323, 174.26168,
10.948890, 167.47596, 42.275108, 175.46202, 175.49043,
10.957330, 134.68572, 45.272694, 176.67975, 176.71857,
10.965760, 186.23372, 37.175579, 177.89346, 177.94308,
10.974200, 226.48102, 35.103683, 179.10583, 179.16663,
10.982630, 295.11136, 34.370651, 180.31391, 180.38622,
10.991060, 231.01195, 34.898167, 181.51929, 181.60341,
10.999490, 372.11131, 55.065685, 182.72162, 182.81782,
11.007920, 207.89732, 43.750969, 183.92111, 184.02962,
11.016340, 148.74491, 45.326828, 185.11607, 185.23707,
11.024770, 216.35329, 47.229729, 186.30928, 186.44295,
11.033190, 198.05714, 51.702896, 187.49795, 187.64441,
11.041610, 272.00035, 56.384357, 188.68337, 188.84273,
11.050030, 170.14980, 57.262737, 189.86547, 190.03780,
11.058450, 157.32585, 61.510162, 191.04418, 191.22952,
11.066870, 227.96182, 63.083740, 192.21942, 192.41779,
11.075290, 281.77803, 69.104668, 193.39112, 193.60249,
11.083700, 295.22980, 66.764694, 194.55788, 194.78220,
11.092120, 231.99196, 74.314034, 195.72228, 195.95947,
11.100530, 317.69340, 93.544067, 196.88146, 197.13142,
11.108940, 294.68544, 79.661812, 198.03693, 198.29953,
11.117350, 311.77224, 108.15804, 199.18835, 199.46343,
11.120570, 236.05333, 30.304920, 199.62826, 199.90807,
11.129530, 295.37745, 29.925682, 200.84897, 201.14179,
11.138500, 286.64105, 29.358711, 202.06643, 202.37204,
11.147460, 317.05290, 31.171209, 203.27770, 203.59579,
11.156430, 374.05425, 33.092335, 204.48550, 204.81580,
11.165390, 468.34538, 33.298630, 205.68691, 206.02906,
11.174350, 526.32015, 34.468651, 206.88324, 207.23689,
11.183300, 617.59250, 38.588692, 208.07313, 208.43788,
11.192260, 676.74884, 39.639492, 209.25899, 209.63444,
11.201220, 746.77354, 39.270508, 210.43946, 210.82518,
11.210170, 766.48805, 39.560589, 211.61316, 212.00869,
11.219120, 745.76441, 41.336517, 212.78126, 213.18612,
11.228070, 757.86336, 41.545372, 213.94364, 214.35732,
11.237020, 727.60765, 38.391441, 215.10006, 215.52205,
11.245970, 774.41259, 40.568493, 216.25065, 216.68041,
11.254920, 726.76903, 41.382801, 217.39516, 217.83214,
11.263860, 697.61624, 40.160065, 218.53216, 218.97578,
11.272800, 758.46717, 40.415321, 219.66298, 220.11265,
11.281750, 669.27434, 39.261257, 220.78845, 221.24358,
11.290690, 617.99942, 39.408203, 221.90630, 222.36626,
11.299630, 627.95572, 39.948090, 223.01735, 223.48152,
11.308560, 632.80163, 39.124500, 224.12043, 224.58816,
11.317500, 580.96052, 39.226189, 225.21776, 225.68841,
11.326430, 597.33608, 42.052666, 226.30687, 226.77977,
11.335370, 548.63073, 40.330933, 227.38994, 227.86444,
11.344300, 542.89584, 38.949642, 228.46454, 228.93996,
11.353230, 510.38507, 38.832748, 229.53168, 230.00735,
11.362160, 479.48377, 40.225712, 230.59110, 231.06634,
11.371080, 491.51333, 39.616722, 231.64179, 232.11590,
11.380010, 502.16950, 39.764202, 232.68560, 233.15791,
11.388930, 439.53934, 38.472088, 233.72039, 234.19021,
11.397850, 405.64775, 39.616936, 234.74690, 235.21356,
11.406780, 434.92482, 40.932793, 235.76629, 236.22910,
11.415700, 393.86815, 37.995392, 236.77601, 237.23430,
11.424610, 372.52532, 39.292072, 237.77604, 238.22915,
11.433530, 392.89218, 43.344738, 238.76837, 239.21561,
11.442450, 402.36877, 43.343460, 239.75174, 240.19248,
11.451360, 350.41594, 39.406311, 240.72497, 241.15857,
11.460270, 378.35082, 43.233425, 241.68895, 242.11477,
11.469180, 356.10024, 44.959133, 242.64350, 243.06093,
11.478090, 361.69999, 44.984058, 243.58846, 243.99689,
11.487000, 309.90662, 41.141758, 244.52365, 244.92250,
11.495910, 331.43285, 43.915237, 245.44879, 245.83750,
11.504810, 374.35198, 47.767693, 246.36294, 246.74096,
11.513710, 339.15386, 46.107956, 247.26670, 247.63351,
11.522620, 311.54719, 43.171898, 248.16104, 248.51612,
11.531520, 351.64655, 46.090431, 249.04366, 249.38656,
11.540420, 305.62581, 46.129868, 249.91543, 250.24570,
11.549310, 344.47086, 48.474728, 250.77525, 251.09247,
11.558210, 290.86554, 43.733658, 251.62485, 251.92862,
11.567100, 315.72678, 45.467121, 252.46193, 252.75192,
11.576000, 330.66691, 50.018394, 253.28845, 253.56432,
11.584890, 393.66163, 59.116425, 254.10217, 254.36365,
11.593780, 516.93398, 55.443859, 254.90377, 255.15061,
11.602670, 302.96755, 47.519154, 255.69320, 255.92521,
11.611560, 243.32496, 48.962982, 256.47017, 256.68718,
11.620440, 272.47529, 51.800613, 257.23357, 257.43548,
11.629330, 290.22905, 50.120796, 257.98496, 258.17169,
11.638210, 292.15206, 51.046227, 258.72243, 258.89398,
11.647090, 293.91817, 55.979656, 259.44648, 259.60289,
11.655970, 197.00260, 53.215401, 260.15696, 260.29832,
11.664850, 252.90828, 42.380089, 260.85371, 260.98016,
11.673730, 250.89591, 31.050020, 261.53633, 261.64808,
11.682600, 268.03822, 34.466835, 262.20395, 262.30128,
11.691480, 228.38783, 35.631859, 262.85774, 262.94098,
11.700350, 293.07031, 38.322880, 263.49605, 263.56561,
11.709220, 286.93353, 37.912750, 264.11933, 264.17569,
11.718090, 271.59000, 38.039288, 264.72733, 264.77101,
11.726960, 303.67349, 43.321693, 265.31976, 265.35140,
11.735830, 292.17471, 44.632240, 265.89637, 265.91665,
11.744690, 241.35463, 49.671440, 266.45623, 266.46594,
11.753560, 224.73919, 42.804970, 267.00037, 267.00037,
11.762420, 244.27192, 45.873894, 267.52732, 267.51854,
11.771280, 332.46139, 77.222122, 268.03797, 268.02128,
11.775020, 251.50908, 30.977247, 268.24863, 268.22885,
11.784500, 250.49526, 32.466270, 268.76999, 268.74301,
11.793980, 308.69953, 33.289749, 269.27331, 269.23997,
11.803460, 279.90957, 30.334715, 269.75900, 269.72007,
11.812940, 280.95611, 30.012135, 270.22726, 270.18344,
11.822420, 267.77852, 31.260494, 270.67849, 270.63043,
11.831890, 249.13277, 29.949375, 271.11244, 271.06075,
11.841360, 258.03585, 28.584585, 271.52993, 271.47513,
11.850840, 245.53424, 28.129604, 271.93161, 271.87420,
11.860310, 314.95942, 31.327766, 272.31697, 272.25739,
11.869770, 282.60052, 29.904694, 272.68631, 272.62497,
11.879240, 278.30369, 28.934864, 273.04065, 272.97791,
11.888710, 268.43344, 27.898296, 273.37986, 273.31604,
11.898170, 309.03244, 30.205822, 273.70387, 273.63928,
11.907630, 243.46778, 28.459248, 274.01326, 273.94816,
11.917090, 310.32954, 25.757721, 274.30834, 274.24296,
11.926550, 313.70500, 29.723305, 274.58927, 274.52384,
11.936010, 300.97015, 29.808460, 274.85636, 274.79106,
11.945470, 317.92201, 30.943920, 275.10977, 275.04478,
11.954920, 304.81535, 29.465569, 275.34953, 275.28501,
11.964370, 303.73986, 28.939659, 275.57612, 275.51221,
11.973830, 320.62367, 30.219463, 275.78999, 275.72683,
11.983280, 309.10543, 30.927830, 275.99086, 275.92860,
11.992720, 330.80960, 31.256027, 276.17900, 276.11775,
12.002170, 310.63392, 30.564909, 276.35503, 276.29491,
12.011610, 327.29152, 31.232725, 276.51876, 276.45991,
12.021060, 294.09498, 31.426863, 276.67073, 276.61328,
12.030500, 324.28245, 32.344009, 276.81082, 276.75490,
12.039940, 298.71632, 31.295267, 276.93937, 276.88511,
12.049380, 289.98452, 30.430672, 277.05659, 277.00415,
12.058820, 276.04437, 31.549429, 277.16262, 277.11217,
12.068250, 308.71983, 33.656147, 277.25758, 277.20929,
12.077690, 319.34498, 33.464760, 277.34183, 277.29591,
12.087120, 302.37091, 32.563576, 277.41536, 277.37201,
12.096550, 242.78618, 31.997032, 277.47843, 277.43789,
12.105980, 309.98152, 35.626438, 277.53121, 277.49374,
12.115410, 285.27347, 34.515572, 277.57384, 277.53974,
12.124830, 294.12126, 34.239368, 277.60647, 277.57604,
12.134260, 275.58891, 35.578136, 277.62931, 277.60290,
12.143680, 284.28148, 37.011868, 277.64246, 277.62044,
12.153100, 295.83140, 37.716293, 277.64610, 277.62888,
12.162520, 287.89013, 36.964104, 277.64037, 277.62839,
12.171940, 267.29237, 37.504181, 277.62540, 277.61916,
12.181360, 256.15346, 38.880890, 277.60135, 277.60135,
12.190770, 275.57889, 40.765438, 277.56838, 277.57517,
12.200180, 301.09189, 40.999702, 277.52666, 277.54074,
12.209600, 304.03419, 41.828529, 277.47629, 277.49815,
12.219010, 285.30288, 43.965172, 277.41757, 277.44761,
12.228420, 302.44710, 47.622688, 277.35062, 277.38920,
12.237820, 278.07887, 45.409889, 277.27569, 277.32314,
12.247230, 259.07093, 44.942162, 277.19279, 277.24940,
12.256630, 306.90688, 49.406639, 277.10226, 277.16826,
12.266040, 417.01083, 57.021454, 277.00407, 277.07968,
12.275440, 669.61592, 66.920456, 276.89859, 276.98397,
12.284840, 543.73285, 61.854626, 276.78589, 276.88116,
12.294230, 286.08505, 51.560711, 276.66622, 276.77147,
12.303630, 341.17892, 58.920700, 276.53951, 276.65484,
12.313030, 266.99262, 56.999344, 276.40603, 276.53144,
12.322420, 350.41511, 59.067467, 276.26607, 276.40158,
12.331810, 271.98430, 43.202141, 276.11965, 276.26522,
12.341200, 295.46920, 36.853027, 275.96690, 276.12249,
12.350590, 309.34998, 39.380260, 275.80798, 275.97350,
12.359980, 345.42910, 41.273163, 275.64301, 275.81836,
12.369360, 349.90245, 40.961319, 275.47231, 275.65737,
12.378750, 373.57853, 42.877525, 275.29568, 275.49029,
12.388130, 292.99385, 41.220909, 275.11360, 275.31760,
12.397510, 293.86543, 42.061123, 274.92605, 275.13924,
12.406890, 317.12930, 39.954910, 274.73313, 274.95529,
12.416270, 365.04883, 42.551033, 274.53497, 274.76589,
12.425640, 365.05768, 44.470608, 274.33193, 274.57136,
12.435020, 343.05218, 46.759758, 274.12369, 274.37138,
12.444390, 307.62819, 45.290760, 273.91084, 274.16649,
12.453760, 353.18531, 48.569515, 273.69326, 273.95660,
12.463130, 379.16786, 51.024590, 273.47108, 273.74180,
12.472500, 412.75708, 57.310303, 273.24442, 273.52221,
12.481870, 381.73299, 63.783588, 273.01338, 273.29792,
12.489420, 354.87012, 37.269249, 272.82412, 273.11385,
12.499490, 385.70654, 38.792725, 272.56750, 272.86381,
12.509550, 351.07522, 35.999863, 272.30647, 272.60895,
12.519610, 396.76850, 35.582626, 272.04092, 272.34915,
12.529670, 352.80340, 33.684814, 271.77102, 272.08457,
12.539730, 343.19906, 34.632118, 271.49685, 271.81529,
12.549780, 406.72375, 40.468193, 271.21886, 271.54174,
12.559840, 414.99153, 34.811756, 270.93661, 271.26349,
12.569890, 412.64204, 33.723766, 270.65081, 270.98124,
12.579940, 338.50294, 31.755978, 270.36130, 270.69481,
12.589990, 404.95302, 33.819801, 270.06820, 270.40435,
12.600040, 434.60418, 33.273895, 269.77163, 270.10993,
12.610090, 411.89497, 31.248856, 269.47175, 269.81175,
12.620130, 420.38714, 32.302067, 269.16898, 269.51020,
12.630170, 443.67325, 33.625504, 268.86311, 269.20508,
12.640210, 421.99435, 34.053005, 268.55428, 268.89654,
12.650250, 524.96347, 33.213608, 268.24261, 268.58468,
12.660290, 459.46137, 32.088745, 267.92826, 268.26967,
12.670330, 405.05308, 30.680464, 267.61127, 267.95157,
12.680360, 419.24295, 31.326532, 267.29214, 267.63085,
12.690390, 428.41407, 30.806755, 266.97065, 267.30731,
12.700420, 414.74544, 29.697340, 266.64688, 266.98103,
12.710450, 418.05912, 30.007498, 266.32101, 266.65219,
12.720480, 432.93394, 31.929001, 265.99313, 266.32088,
12.730500, 471.96049, 32.552307, 265.66365, 265.98754,
12.740530, 494.03207, 32.266876, 265.33206, 265.65164,
12.750550, 454.85459, 30.222755, 264.99911, 265.31394,
12.760570, 447.16286, 31.331161, 264.66463, 264.97427,
12.770590, 461.69278, 31.927597, 264.32865, 264.63268,
12.780610, 464.29440, 31.118835, 263.99132, 264.28931,
12.790620, 502.40477, 41.479626, 263.65311, 263.94466,
12.800640, 1044.3557, 44.538429, 263.31342, 263.59809,
12.810650, 1963.5317, 58.523727, 262.97305, 263.25047,
12.820660, 957.10237, 41.224129, 262.63177, 262.90153,
12.830670, 419.42895, 29.250565, 262.28965, 262.55135,
12.840680, 367.53946, 28.554638, 261.94687, 262.20013,
12.850680, 347.78789, 28.820690, 261.60381, 261.84827,
12.860690, 357.40827, 30.213104, 261.25994, 261.49522,
12.870690, 321.41451, 28.348675, 260.91602, 261.14175,
12.880690, 329.50827, 28.758808, 260.57185, 260.78769,
12.890690, 320.35500, 28.926785, 260.22748, 260.43307,
12.900680, 308.70480, 29.872681, 259.88341, 260.07842,
12.910680, 367.45699, 32.306625, 259.53901, 259.72311,
12.920670, 314.42149, 29.656273, 259.19512, 259.36798,
12.930670, 265.75667, 28.522411, 258.85112, 259.01241,
12.940660, 293.55581, 29.981380, 258.50781, 258.65722,
12.950640, 259.61663, 30.266634, 258.16535, 258.30259,
12.960630, 306.47618, 32.532394, 257.82306, 257.94782,
12.970620, 307.27321, 32.172192, 257.48148, 257.59346,
12.980600, 231.25931, 29.926010, 257.14100, 257.23993,
12.990580, 260.49488, 33.637215, 256.80143, 256.88703,
13.000560, 304.84519, 34.499325, 256.46282, 256.53482,
13.010540, 252.99299, 32.714390, 256.12531, 256.18342,
13.020520, 246.50307, 32.601746, 255.78900, 255.83296,
13.030490, 296.16595, 36.820629, 255.45435, 255.48392,
13.040470, 235.70906, 35.762192, 255.12077, 255.13567,
13.050440, 239.67559, 36.245033, 254.78906, 254.78906,
13.060410, 236.85867, 36.024525, 254.45896, 254.44382,
13.070380, 265.53604, 37.145348, 254.13045, 254.09994,
13.080350, 259.59190, 40.603546, 253.80358, 253.75750,
13.090310, 280.61433, 43.169754, 253.47861, 253.41682,
13.100280, 289.91838, 42.924080, 253.15491, 253.07726,
13.110240, 263.19644, 41.813885, 252.83308, 252.73947,
13.120200, 215.68145, 42.414242, 252.51282, 252.40315,
13.130160, 304.28472, 48.114449, 252.19409, 252.06832,
13.140110, 239.19212, 28.980137, 251.87724, 251.73535,
13.150070, 256.67184, 30.108238, 251.56158, 251.40353,
13.160020, 225.99460, 30.193842, 251.24777, 251.07360,
13.169980, 278.72559, 31.725250, 250.93513, 250.74487,
13.179930, 237.73276, 31.876850, 250.62433, 250.41805,
13.189870, 217.46121, 33.746334, 250.31532, 250.09312,
13.199820, 220.07058, 34.022812, 250.00750, 249.76948,
13.209770, 226.43300, 32.243481, 249.70113, 249.44742,
13.219710, 282.97641, 35.016407, 249.39655, 249.12732,
13.229650, 297.11116, 39.967403, 249.09348, 248.80891,
13.239590, 257.46705, 38.977077, 248.79184, 248.49213,
13.249530, 272.83179, 38.852577, 248.49166, 248.17703,
13.259470, 245.55706, 36.810238, 248.19294, 247.86363,
13.269410, 311.67543, 29.978632, 247.89567, 247.55195,
13.279340, 185.75528, 44.029999, 247.60017, 247.24233,
13.289270, 255.35351, 45.913651, 247.30609, 246.93443,
13.299200, 281.71502, 47.803612, 247.01348, 246.62834,
13.309130, 243.28646, 49.547409, 246.72232, 246.32404,
13.318260, 250.16265, 26.594725, 246.45587, 246.04583,
13.328980, 270.24029, 25.758724, 246.14460, 245.72114,
13.339690, 243.30994, 25.451563, 245.83531, 245.39894,
13.350400, 276.45198, 26.841805, 245.52771, 245.07890,
13.361120, 267.56580, 26.415556, 245.22150, 244.76077,
13.371830, 269.75719, 24.615765, 244.91728, 244.44517,
13.382530, 244.69655, 23.849121, 244.61503, 244.13211,
13.393240, 259.81286, 24.840130, 244.31421, 243.82106,
13.403940, 249.55294, 24.881973, 244.01537, 243.51259,
13.414650, 267.47046, 28.865498, 243.71797, 243.20618,
13.425350, 267.45962, 23.632187, 243.42255, 242.90240,
13.436050, 232.55986, 22.311584, 243.12886, 242.60102,
13.446740, 230.37172, 23.007351, 242.83719, 242.30235,
13.457440, 293.37907, 24.854292, 242.54698, 242.00583,
13.468130, 332.74175, 25.099047, 242.25880, 241.71208,
13.478830, 235.82541, 21.674007, 241.97209, 241.42054,
13.489520, 245.23383, 22.515810, 241.68745, 241.13182,
13.500200, 272.63991, 24.496384, 241.40483, 240.84592,
13.510890, 279.21344, 23.978495, 241.12376, 240.56236,
13.521570, 303.92165, 24.683659, 240.84474, 240.28167,
13.532260, 299.33887, 23.825623, 240.56730, 240.00338,
13.542940, 265.99313, 23.682390, 240.29194, 239.72803,
13.553620, 269.37840, 25.051888, 240.01843, 239.45539,
13.564290, 285.95461, 25.193813, 239.74705, 239.18577,
13.574970, 276.02500, 24.179123, 239.47729, 238.91866,
13.585640, 282.37676, 23.848112, 239.20969, 238.65463,
13.596320, 303.11197, 25.625084, 238.94374, 238.39318,
13.606990, 280.32962, 25.308628, 238.68000, 238.13487,
13.617650, 250.21516, 24.354752, 238.41844, 237.87970,
13.628320, 268.74065, 23.793972, 238.15863, 237.62725,
13.638980, 245.37870, 23.555895, 237.90104, 237.37800,
13.649650, 260.25907, 24.774025, 237.64525, 237.13155,
13.660310, 243.37386, 24.983963, 237.39173, 236.88838,
13.670970, 242.91283, 24.518742, 237.14027, 236.64829,
13.681630, 245.83148, 24.045729, 236.89090, 236.41133,
13.692280, 258.50330, 25.303633, 236.64390, 236.17776,
13.702940, 267.91791, 26.142708, 236.39879, 235.94717,
13.713590, 281.40077, 28.092178, 236.15609, 235.72003,
13.724240, 241.97129, 25.721342, 235.91557, 235.49616,
13.734890, 243.24636, 25.784712, 235.67729, 235.27561,
13.745530, 234.59092, 25.911327, 235.44148, 235.05862,
13.756180, 224.40414, 26.888210, 235.20775, 234.84482,
13.766820, 238.95442, 28.086575, 234.97654, 234.63465,
13.777460, 236.09636, 27.374950, 234.74768, 234.42796,
13.788100, 253.90490, 28.137997, 234.52120, 234.22477,
13.798740, 235.69455, 28.050644, 234.29714, 234.02515,
13.809380, 200.71259, 28.703354, 234.07555, 233.82914,
13.820010, 241.59376, 30.825136, 233.85663, 233.63694,
13.830640, 240.13307, 30.581797, 233.64025, 233.44843,
13.841270, 216.32356, 29.748692, 233.42641, 233.26364,
13.851900, 247.92122, 32.162003, 233.21520, 233.08263,
13.862530, 239.13720, 33.394287, 233.00663, 232.90545,
13.873150, 235.96956, 34.077320, 232.80093, 232.73228,
13.883780, 228.78963, 34.109779, 232.59778, 232.56287,
13.894400, 253.69874, 34.539429, 232.39757, 232.39757,
13.905020, 200.45092, 34.194237, 232.20022, 232.23629,
13.915640, 243.07902, 37.890816, 232.00593, 232.07913,
13.926250, 228.41177, 38.051659, 231.81512, 231.92637,
13.936870, 222.99904, 37.634361, 231.62773, 231.77786,
13.947480, 268.95911, 39.307468, 231.44431, 231.63399,
13.958090, 274.16463, 41.903160, 231.26498, 231.49475,
13.968700, 188.56192, 40.808189, 231.08996, 231.36027,
13.979310, 254.15215, 46.174587, 230.91954, 231.23069,
13.989910, 261.13412, 44.996338, 230.75412, 231.10625,
14.000520, 243.02426, 45.585205, 230.59365, 230.98684,
14.011120, 234.46688, 46.508522, 230.43870, 230.87282,
14.021720, 215.68951, 49.542671, 230.28938, 230.76422,
14.032320, 226.57728, 53.360077, 230.14597, 230.66116,
14.042920, 235.44472, 52.540504, 230.00872, 230.56378,
14.053510, 198.92726, 52.815075, 229.87804, 230.47230,
14.064110, 168.38946, 54.716003, 229.75395, 230.38667,
14.074700, 197.00010, 56.894257, 229.63696, 230.30721,
14.085290, 313.36478, 74.173225, 229.52725, 230.23396,
14.095870, 239.91695, 48.764229, 229.42518, 230.16713,
14.106460, 227.11496, 37.666130, 229.33084, 230.10673,
14.117040, 258.80662, 42.025520, 229.24471, 230.05300,
14.127630, 220.13387, 55.608746, 229.16691, 230.00600,
14.138210, 273.32030, 47.340607, 229.09789, 229.96594,
14.148790, 253.22322, 46.043747, 229.03787, 229.93294,
14.159370, 291.63947, 47.791786, 228.98715, 229.90713,
14.169940, 178.45939, 41.122643, 228.94607, 229.88867,
14.180520, 153.13553, 79.031403, 228.91487, 229.87768,
14.182090, 284.79055, 39.529842, 228.91111, 229.87669,
14.193560, 268.79485, 37.051044, 228.89053, 229.87464,
14.205030, 224.98040, 37.897118, 228.88245, 229.88178,
14.216500, 197.72721, 36.951256, 228.88727, 229.89829,
14.227970, 265.43615, 37.173428, 228.90541, 229.92438,
14.239430, 294.78030, 35.383045, 228.93727, 229.96020,
14.250890, 244.49644, 31.784113, 228.98328, 230.00596,
14.262350, 246.23540, 32.871876, 229.04390, 230.06187,
14.273810, 255.80373, 33.560390, 229.11955, 230.12812,
14.285270, 241.96669, 32.132233, 229.21068, 230.20491,
14.296730, 274.39185, 29.292706, 229.31778, 230.29246,
14.308180, 223.28829, 26.510269, 229.44117, 230.39086,
14.319630, 223.10444, 26.927759, 229.58142, 230.50041,
14.331080, 230.89454, 28.679405, 229.73904, 230.62132,
14.342530, 223.28814, 26.380228, 229.91447, 230.75378,
14.353970, 235.67349, 24.885735, 230.10804, 230.89788,
14.365410, 202.19420, 23.199654, 230.32044, 231.05396,
14.376860, 255.62289, 24.481987, 230.55236, 231.22237,
14.388300, 217.08250, 24.269291, 230.80395, 231.40305,
14.399730, 228.92293, 23.724419, 231.07565, 231.59617,
14.411170, 248.10089, 22.708281, 231.36851, 231.80231,
14.422600, 221.19599, 21.063400, 231.68254, 232.02132,
14.434030, 239.05143, 22.128078, 232.01857, 232.25360,
14.445460, 238.77222, 23.175131, 232.37720, 232.49942,
14.456890, 230.66570, 22.077906, 232.75895, 232.75895,
14.468320, 222.39816, 21.324074, 233.16404, 233.03233,
14.479740, 232.90722, 21.088512, 233.59075, 233.31896,
14.491160, 243.93094, 22.085480, 234.03764, 233.61858,
14.502580, 252.26708, 23.720592, 234.50295, 233.93069,
14.514000, 227.41561, 23.135628, 234.98501, 234.25488,
14.525420, 241.97791, 22.799103, 235.48207, 234.59064,
14.536830, 245.82581, 21.887020, 235.99193, 234.93718,
14.548240, 252.97887, 23.275152, 236.51333, 235.29434,
14.559650, 239.66550, 23.583405, 237.04463, 235.66169,
14.571060, 226.96280, 23.924355, 237.58403, 236.03870,
14.582470, 254.13481, 24.310513, 238.12988, 236.42495,
14.593870, 209.31028, 25.181526, 238.68005, 236.81965,
14.605270, 287.02600, 25.933151, 239.23329, 237.22265,
14.616670, 240.04879, 24.288620, 239.78788, 237.63347,
14.628070, 228.48266, 29.299656, 240.34223, 238.05173,
14.639470, 239.41621, 25.345963, 240.89462, 238.47694,
14.650860, 238.99475, 24.838081, 241.44286, 238.90824,
14.662260, 251.53085, 25.977947, 241.98628, 239.34599,
14.673650, 227.65977, 25.521330, 242.52219, 239.78893,
14.685040, 217.77096, 27.251810, 243.04946, 240.23706,
14.696420, 254.73399, 28.359556, 243.56585, 240.68944,
14.707810, 241.63131, 27.749462, 244.07069, 241.14652,
14.719190, 217.11376, 26.912022, 244.56127, 241.60696,
14.730570, 200.57019, 27.499989, 245.03646, 242.07080,
14.741950, 218.74122, 30.490339, 245.49449, 242.53757,
14.753330, 243.99842, 31.362768, 245.93366, 243.00683,
14.764700, 263.51666, 32.401863, 246.35185, 243.47769,
14.776080, 248.48788, 31.640606, 246.74812, 243.95060,
14.787450, 216.84338, 31.256428, 247.11998, 244.42424,
14.798820, 238.73799, 35.673080, 247.46606, 244.89860,
14.810190, 211.22067, 34.049274, 247.78462, 245.37330,
14.821550, 268.39689, 37.439606, 248.07361, 245.84741,
14.832920, 230.62554, 33.978443, 248.33174, 246.32134,
14.844280, 222.61432, 34.071072, 248.55678, 246.79384,
14.855640, 223.08857, 35.920151, 248.74714, 247.26489,
14.866990, 240.11158, 36.775528, 248.90087, 247.73361,
14.878350, 277.21197, 38.902924, 249.01641, 248.20044,
14.889710, 240.17614, 34.935448, 249.09172, 248.66449,
14.901060, 229.80411, 34.535988, 249.12491, 249.12491,
14.912410, 231.07537, 36.153755, 249.11486, 249.58177,
14.923760, 267.35696, 39.054703, 249.06311, 250.03509,
14.935100, 192.49489, 37.086754, 248.97197, 250.48441,
14.946450, 256.09180, 38.693188, 248.84346, 250.93071,
14.957790, 260.67735, 37.670883, 248.67998, 251.37316,
14.969130, 208.83062, 37.528557, 248.48362, 251.81220,
14.980470, 241.37913, 39.225300, 248.25647, 252.24794,
14.991810, 284.02658, 43.129147, 248.00067, 252.68041,
15.003140, 255.28175, 40.318981, 247.71858, 253.10928,
15.014480, 213.78518, 39.938793, 247.41185, 253.53529,
15.025810, 178.76441, 37.421139, 247.08304, 253.95785,
15.037140, 239.20865, 38.716324, 246.73401, 254.37728,
15.048460, 196.51904, 41.965858, 246.36712, 254.79333,
15.059790, 177.94264, 40.021297, 245.98380, 255.20673,
15.071110, 201.45244, 39.231667, 245.58674, 255.61683,
15.082440, 241.61524, 31.674240, 245.17727, 256.02441,
15.093750, 220.99448, 25.632025, 244.75857, 256.42838,
15.105070, 183.47514, 27.381508, 244.33152, 256.82991,
15.116390, 208.40753, 27.491737, 243.89852, 257.22867,
15.127700, 218.44541, 28.480368, 243.46199, 257.62433,
15.139020, 266.51933, 30.641989, 243.02314, 258.01767,
15.150330, 213.99654, 27.590736, 242.58478, 258.40801,
15.162390, 204.58508, 30.541416, 242.11970, 258.82138,
15.174730, 230.77108, 30.047749, 241.64883, 259.24134,
15.187070, 262.68002, 31.917862, 241.18566, 259.65829,
15.199410, 194.67318, 31.541214, 240.73274, 260.07231,
15.211740, 225.51250, 30.788040, 240.29314, 260.48307,
15.224080, 280.44300, 31.314663, 239.86866, 260.89136,
15.236410, 274.37244, 29.744165, 239.46270, 261.29651,
15.248740, 206.25387, 30.073429, 239.07753, 261.69892,
15.261060, 213.47641, 32.961746, 238.71610, 262.09829,
15.273390, 191.04079, 30.404417, 238.38047, 262.49536,
15.285710, 239.49663, 32.664612, 238.07386, 262.88952,
15.298030, 223.83176, 28.369480, 237.79870, 263.28111,
15.310350, 225.95949, 30.775827, 237.55767, 263.67021,
15.322660, 227.46359, 32.624630, 237.35368, 264.05653,
15.334980, 219.90509, 33.074806, 237.18912, 264.44074,
15.347290, 223.66418, 33.686394, 237.06703, 264.82228,
15.359600, 247.62459, 32.461922, 236.99004, 265.20149,
15.371900, 233.01270, 32.401085, 236.96097, 265.57810,
15.384210, 263.36394, 35.702843, 236.98259, 265.95280,
15.396510, 183.71212, 34.637760, 237.05776, 266.32501,
15.408810, 277.74306, 40.851868, 237.18932, 266.69504,
15.421110, 267.14458, 37.876045, 237.38022, 267.06299,
15.433410, 236.75141, 34.427307, 237.63339, 267.42884,
15.445700, 223.25667, 34.353333, 237.95154, 267.79238,
15.457990, 226.00608, 35.201012, 238.33696, 268.15393,
15.470280, 236.59896, 37.234272, 238.78824, 268.51354,
15.482570, 243.26889, 33.552856, 239.30309, 268.87124,
15.494860, 229.84084, 30.451508, 239.87927, 269.22707,
15.507140, 236.95525, 28.462702, 240.51404, 269.58079,
15.519420, 247.80097, 30.634523, 241.20560, 269.93269,
15.531700, 324.13712, 32.571331, 241.95192, 270.28287,
15.543980, 630.76100, 39.642632, 242.75076, 270.63130,
15.556260, 627.87439, 36.979202, 243.60017, 270.97808,
15.568530, 411.93930, 33.838730, 244.49723, 271.32292,
15.580800, 290.61309, 31.220461, 245.44063, 271.66616,
15.593070, 270.78553, 26.927273, 246.42836, 272.00782,
15.605340, 272.89278, 26.316097, 247.45846, 272.34795,
15.617600, 302.00121, 26.519388, 248.52811, 272.68632,
15.629860, 269.01278, 23.192289, 249.63608, 273.02320,
15.642120, 260.31224, 22.374239, 250.78065, 273.35867,
15.654380, 245.02974, 23.495695, 251.95975, 273.69272,
15.666640, 263.18782, 25.345425, 253.17169, 274.02544,
15.678890, 287.42044, 26.952263, 254.41347, 274.35655,
15.691140, 229.78584, 23.912861, 255.68426, 274.68636,
15.703390, 273.26924, 24.455116, 256.98227, 275.01492,
15.715640, 270.91451, 25.799103, 258.30569, 275.34224,
15.727890, 251.58118, 26.084763, 259.65274, 275.66837,
15.740130, 223.86698, 26.697495, 261.02058, 275.99308,
15.752370, 288.95843, 28.826910, 262.40837, 276.31664,
15.764610, 278.07626, 27.329857, 263.81460, 276.63913,
15.776850, 270.75695, 27.858173, 265.23731, 276.96052,
15.789090, 283.12648, 29.182365, 266.67500, 277.28090,
15.801320, 284.10573, 31.129662, 268.12458, 277.60000,
15.813550, 263.37690, 32.559422, 269.58559, 277.91813,
15.825780, 294.01289, 33.029785, 271.05631, 278.23531,
15.838010, 292.84442, 34.122074, 272.53507, 278.55158,
15.850230, 281.62571, 34.339195, 274.01900, 278.86672,
15.862450, 279.55208, 36.943508, 275.50746, 279.18099,
15.874670, 277.85146, 39.734863, 276.99899, 279.49445,
15.886890, 286.72456, 40.286812, 278.49182, 279.80712,
15.899110, 300.50544, 40.526131, 279.98414, 280.11901,
15.911320, 250.44658, 35.845772, 281.47323, 280.42991,
15.923540, 244.90517, 36.472427, 282.95985, 280.74038,
15.935750, 328.59572, 42.224667, 284.43978, 281.04991,
15.947960, 286.15755, 39.947933, 285.91260, 281.35878,
15.960160, 326.77217, 41.673908, 287.37551, 281.66680,
15.972370, 310.76877, 38.999565, 288.82910, 281.97446,
15.984570, 285.62733, 37.483772, 290.26929, 282.28130,
15.996770, 288.98465, 37.584999, 291.69575, 282.58763,
16.008961, 396.03100, 44.673172, 293.10558, 282.89321,
16.021160, 302.61300, 39.344452, 294.49915, 283.19853,
16.033350, 277.18829, 38.555527, 295.87268, 283.50316,
16.045549, 276.68078, 33.827038, 297.22659, 283.80760,
16.057739, 290.78016, 36.317814, 298.55702, 284.11141,
16.069920, 304.32331, 35.564026, 299.86229, 284.41461,
16.082109, 237.25995, 32.635780, 301.14266, 284.71772,
16.094290, 227.32076, 34.979469, 302.39436, 285.02027,
16.106470, 289.35628, 66.006737, 303.61661, 285.32253,
16.118650, 301.72703, 37.946159, 304.80762, 285.62454,
16.130831, 301.53335, 36.961899, 305.96556, 285.92631,
16.143009, 323.06039, 38.379280, 307.08841, 286.22783,
16.155180, 267.41874, 38.072044, 308.17385, 286.52898,
16.167351, 301.04819, 42.040115, 309.22070, 286.82998,
16.179520, 291.25673, 42.094456, 310.22693, 287.13081,
16.191681, 293.85037, 42.414650, 311.19019, 287.43136,
16.203850, 293.83356, 44.235077, 312.10975, 287.73202,
16.216009, 247.30649, 44.672447, 312.98238, 288.03240,
16.228170, 277.60659, 48.790108, 313.80696, 288.33281,
16.240330, 309.94704, 53.305916, 314.58122, 288.63318,
16.252489, 303.03128, 51.622658, 315.30325, 288.93358,
16.264641, 293.35729, 53.909126, 315.97061, 289.23386,
16.276791, 422.75521, 62.159256, 316.58158, 289.53418,
16.288950, 251.75076, 56.509026, 317.13582, 289.83485,
16.301090, 312.01333, 69.088104, 317.63631, 290.13519,
16.313240, 337.05957, 69.995262, 318.08970, 290.43594,
16.325380, 371.90843, 74.789368, 318.50068, 290.73664,
16.337530, 365.93632, 52.605278, 318.87528, 291.03780,
16.349670, 346.24330, 50.741592, 319.21826, 291.33897,
16.361799, 407.29384, 47.991421, 319.53498, 291.64013,
16.373940, 355.22247, 49.723061, 319.83134, 291.94188,
16.386070, 339.01592, 50.952324, 320.11214, 292.24372,
16.398211, 399.07343, 52.522301, 320.38311, 292.54614,
16.410339, 386.49810, 47.176231, 320.64907, 292.84867,
16.422461, 390.63344, 51.778053, 320.91538, 293.15141,
16.434589, 451.63622, 57.476494, 321.18767, 293.45478,
16.446711, 385.01071, 52.939064, 321.47086, 293.75842,
16.458839, 437.74448, 61.829826, 321.77059, 294.06274,
16.470961, 471.24961, 54.833344, 322.09177, 294.36738,
16.483070, 424.47150, 61.830612, 322.43954, 294.67228,
16.495190, 392.81454, 72.506523, 322.81981, 294.97799,
16.500280, 446.99459, 50.393867, 322.99044, 295.10658,
16.513599, 368.78097, 41.989426, 323.47108, 295.44353,
16.526911, 311.95136, 34.919453, 324.00659, 295.78106,
16.540211, 367.57999, 38.968800, 324.60380, 296.11911,
16.553520, 346.78219, 39.590698, 325.27082, 296.45824,
16.566820, 366.82853, 42.480728, 326.01389, 296.79802,
16.580120, 357.32848, 39.910019, 326.84071, 297.13872,
16.593420, 337.94378, 38.156769, 327.75859, 297.48037,
16.606710, 345.58243, 39.567818, 328.77413, 297.82277,
16.620001, 333.47977, 40.009350, 329.89534, 298.16621,
16.633301, 464.68841, 51.561905, 331.13064, 298.51097,
16.646589, 325.43157, 45.077850, 332.48560, 298.85653,
16.659870, 322.84034, 41.052460, 333.96797, 299.20305,
16.673149, 387.85427, 41.912010, 335.58594, 299.55070,
16.686440, 302.82965, 34.667522, 337.34496, 299.89988,
16.699711, 338.97388, 36.434143, 339.22827, 300.24982,
16.712990, 365.90649, 36.499046, 341.22289, 300.60126,
16.726271, 370.77918, 34.617210, 343.31151, 300.95410,
16.739540, 369.23117, 32.283417, 345.47548, 301.30802,
16.752810, 381.72146, 30.782082, 347.70015, 301.66336,
16.766081, 385.07307, 28.477423, 349.96948, 302.02022,
16.779341, 337.73701, 27.416626, 352.26484, 302.37827,
16.792601, 384.45519, 30.493771, 354.57187, 302.73787,
16.805870, 391.95435, 31.397564, 356.87594, 303.09932,
16.819120, 382.72147, 31.067688, 359.15584, 303.46188,
16.832380, 359.65629, 28.702568, 361.40022, 303.82638,
16.845631, 336.12013, 27.914936, 363.58956, 304.19232,
16.858891, 362.19251, 31.030800, 365.71067, 304.56029,
16.872141, 414.62052, 34.378410, 367.74413, 304.92979,
16.885380, 396.19804, 34.909172, 369.67347, 305.30082,
16.898630, 338.19950, 32.114147, 371.48554, 305.67406,
16.911869, 387.33269, 33.094627, 373.16071, 306.04891,
16.925110, 357.78261, 32.510796, 374.68824, 306.42580,
16.938351, 386.29071, 35.667297, 376.07145, 306.80471,
16.951580, 389.50257, 38.338509, 377.31682, 307.18536,
16.964821, 355.88106, 39.746819, 378.43392, 307.56846,
16.978050, 380.18568, 40.561180, 379.42817, 307.95339,
16.991270, 405.90036, 39.559444, 380.30722, 308.34025,
17.004499, 432.23052, 39.525440, 381.07952, 308.72965,
17.017719, 625.29930, 44.654770, 381.75106, 309.12107,
17.030951, 953.18601, 52.740116, 382.32991, 309.51519,
17.044161, 622.03127, 43.340660, 382.82172, 309.91109,
17.057381, 440.72269, 35.764332, 383.23466, 310.30973,
17.070601, 419.76693, 32.943260, 383.57520, 310.71088,
17.083811, 371.13094, 29.566162, 383.84999, 311.11429,
17.097019, 376.29810, 29.384844, 384.06602, 311.52025,
17.110229, 378.87102, 30.806751, 384.23010, 311.92892,
17.123430, 428.47816, 32.348175, 384.34880, 312.34002,
17.136641, 412.95706, 30.666164, 384.42896, 312.75417,
17.149839, 399.34704, 29.722656, 384.47708, 313.17079,
17.163040, 382.50124, 32.753860, 384.49986, 313.59033,
17.176229, 370.50421, 32.884487, 384.50387, 314.01244,
17.189430, 364.42907, 32.106888, 384.49466, 314.43790,
17.202620, 405.73780, 35.301384, 384.47359, 314.86604,
17.215811, 389.57174, 35.099037, 384.44097, 315.29733,
17.229000, 374.94560, 34.119526, 384.39712, 315.73171,
17.242180, 398.62354, 34.426003, 384.34235, 316.16899,
17.255369, 402.63767, 40.588375, 384.27690, 316.60986,
17.268551, 373.74218, 42.066822, 384.20111, 317.05381,
17.281719, 383.74131, 40.670834, 384.11532, 317.50069,
17.294901, 363.05598, 42.865498, 384.01963, 317.95149,
17.308069, 441.12249, 46.268169, 383.91448, 318.40534,
17.321251, 407.96260, 43.903214, 383.79994, 318.86323,
17.334410, 457.60810, 48.868195, 383.67656, 319.32397,
17.347580, 444.93383, 50.125923, 383.54428, 319.78881,
17.360750, 394.51732, 47.841125, 383.40345, 320.25743,
17.373911, 376.10214, 50.953545, 383.25440, 320.72954,
17.387070, 391.62176, 47.855820, 383.09730, 321.20549,
17.400230, 387.18429, 43.256737, 382.93232, 321.68548,
17.413380, 402.86783, 42.539032, 382.75984, 322.16909,
17.426540, 419.33157, 45.208626, 382.57979, 322.65723,
17.439690, 409.83421, 44.025734, 382.39268, 323.14913,
17.452841, 331.94751, 40.555168, 382.19854, 323.64535,
17.465981, 373.56700, 41.190140, 381.99776, 324.14546,
17.479130, 460.45399, 45.023048, 381.79023, 324.65034,
17.492270, 396.17904, 39.173939, 381.57643, 325.15931,
17.505409, 369.64924, 37.399647, 381.35641, 325.67283,
17.518551, 396.01028, 41.724461, 381.13030, 326.19105,
17.531679, 311.52706, 41.079582, 380.89857, 326.71344,
17.544821, 401.10749, 46.877548, 380.66090, 327.24114,
17.557949, 402.23214, 46.749710, 380.41797, 327.77316,
17.571079, 399.34880, 46.391994, 380.16965, 328.31020,
17.584200, 422.51689, 48.467239, 379.91633, 328.85185,
17.597330, 365.44635, 48.658493, 379.65780, 329.39901,
17.610451, 341.99094, 50.044518, 379.39468, 329.95095,
17.623569, 368.98603, 53.682117, 379.12736, 330.50808,
17.636690, 392.48289, 60.709518, 378.85637, 331.07065,
17.649799, 327.57092, 55.821503, 378.58261, 331.63816,
17.662910, 421.46019, 62.976135, 378.30640, 332.21129,
17.676029, 355.42309, 66.405792, 378.02824, 332.79037,
17.689131, 351.83053, 74.164154, 377.74925, 333.37440,
17.702240, 395.54856, 75.770790, 377.46952, 333.96457,
17.715349, 386.53381, 81.857925, 377.18981, 334.56064,
17.728451, 367.91483, 81.084091, 376.91089, 335.16235,
17.741550, 457.01620, 72.697243, 376.63324, 335.77006,
17.754641, 369.61620, 56.302177, 376.35763, 336.38351,
17.767740, 385.41319, 48.604019, 376.08425, 337.00368,
17.780830, 345.31252, 51.463577, 375.81412, 337.62978,
17.793921, 444.01408, 49.278679, 375.54764, 338.26236,
17.807011, 380.78447, 47.276119, 375.28542, 338.90153,
17.820101, 306.04303, 42.783493, 375.02807, 339.54738,
17.833179, 402.56472, 44.777992, 374.77643, 340.19946,
17.846270, 441.54808, 44.156517, 374.53068, 340.85902,
17.859341, 441.80415, 42.755775, 374.29200, 341.52462,
17.872419, 428.25060, 43.306648, 374.06053, 342.19773,
17.885500, 444.39096, 48.041485, 373.83700, 342.87817,
17.898569, 330.83267, 46.008110, 373.62227, 343.56536,
17.911640, 312.10443, 46.501869, 373.41675, 344.26010,
17.924709, 319.07980, 46.351513, 373.22114, 344.96232,
17.937780, 270.30922, 79.012611, 373.03603, 345.67234,
17.941250, 370.23363, 39.357658, 372.98875, 345.86211,
17.955721, 350.00235, 37.710403, 372.80033, 346.65962,
17.970181, 354.47145, 39.609749, 372.62688, 347.46629,
17.984650, 362.56574, 41.790146, 372.46907, 348.28345,
17.999109, 308.35653, 42.064835, 372.32802, 349.11020,
18.013571, 345.37449, 44.907654, 372.20455, 349.94736,
18.028021, 378.16003, 47.071823, 372.09971, 350.79434,
18.042480, 398.33382, 44.498085, 372.01431, 351.65253,
18.056931, 396.72836, 45.438934, 371.94944, 352.52101,
18.071381, 387.35870, 47.764847, 371.90603, 353.40051,
18.085819, 390.96086, 52.645599, 371.88510, 354.29052,
18.100269, 389.03536, 55.574753, 371.88765, 355.19264,
18.114710, 384.64313, 55.951767, 371.91471, 356.10578,
18.129150, 360.39807, 45.805176, 371.96734, 357.03071,
18.143579, 404.01212, 42.856407, 372.04656, 357.96690,
18.158020, 359.47979, 38.073952, 372.15349, 358.91604,
18.172449, 351.69969, 38.616478, 372.28865, 359.87684,
18.186880, 374.43829, 38.577057, 372.45274, 360.85038,
18.201300, 326.14727, 35.339531, 372.64620, 361.83598,
18.215719, 408.70416, 35.517330, 372.86980, 362.83462,
18.230150, 400.70107, 34.274193, 373.12444, 363.84734,
18.244560, 357.65551, 33.640518, 373.41019, 364.87207,
18.258980, 363.11280, 36.225159, 373.72836, 365.91120,
18.273390, 343.34568, 37.475929, 374.07927, 366.96359,
18.287800, 374.04257, 41.413139, 374.46387, 368.03017,
18.302210, 405.49153, 43.006416, 374.88296, 369.11118,
18.316620, 365.22883, 39.343826, 375.33737, 370.20686,
18.331020, 374.45608, 39.891296, 375.82759, 371.31673,
18.345421, 416.24807, 44.603607, 376.35479, 372.44177,
18.359819, 404.83356, 45.986565, 376.91980, 373.58208,
18.374210, 406.50294, 52.586430, 377.52326, 374.73745,
18.388611, 356.90792, 49.491768, 378.16687, 375.90955,
18.403000, 387.67482, 46.419796, 378.85066, 377.09692,
18.417379, 373.04062, 39.800766, 379.57564, 378.29997,
18.431770, 409.39712, 38.735214, 380.34394, 379.52074,
18.446150, 364.32787, 34.801403, 381.15540, 380.75757,
18.460529, 372.97136, 36.207073, 382.01172, 382.01172,
18.474911, 363.08722, 35.596558, 382.91360, 383.28340,
18.489281, 400.27503, 35.740181, 383.85853, 384.57045,
18.503660, 365.59987, 33.067989, 384.84568, 385.87354,
18.518030, 369.17873, 32.729012, 385.87162, 387.18975,
18.532391, 414.17014, 34.915634, 386.93415, 388.51785,
18.546761, 385.11264, 36.509056, 388.03260, 389.85840,
18.561119, 331.48380, 36.747734, 389.16332, 391.20828,
18.575480, 374.38494, 40.968994, 390.32528, 392.56752,
18.589840, 379.83644, 41.757507, 391.51633, 393.93478,
18.604191, 353.96952, 40.902466, 392.73368, 395.30796,
18.618549, 359.31929, 40.414753, 393.97681, 396.68752,
18.632900, 352.72542, 41.711895, 395.24246, 398.07083,
18.647240, 396.47101, 49.527252, 396.52833, 399.45633,
18.661591, 462.28758, 54.925873, 397.83457, 400.84506,
18.675930, 551.40213, 58.718243, 399.15719, 402.23365,
18.690269, 1122.2027, 70.762596, 400.49537, 403.62203,
18.704611, 2366.6763, 88.256142, 401.84741, 405.00921,
18.718941, 1676.8769, 64.156937, 403.21019, 406.39274,
18.733271, 641.79730, 41.059494, 404.58295, 407.77256,
18.747601, 417.72010, 39.442547, 405.96384, 409.14751,
18.761930, 431.09241, 42.959751, 407.35105, 410.51641,
18.776260, 367.72211, 38.681694, 408.74275, 411.87808,
18.790581, 361.62261, 37.208229, 410.13620, 413.23047,
18.804899, 471.58223, 40.640213, 411.53031, 414.57313,
18.819220, 455.51556, 40.728569, 412.92364, 415.90524,
18.833530, 477.63584, 43.002525, 414.31328, 417.22457,
18.847839, 423.29100, 41.575813, 415.69814, 418.53065,
18.862150, 361.78400, 45.901718, 417.07680, 419.82265,
18.876459, 418.61112, 50.277966, 418.44705, 421.09905,
18.890770, 437.98489, 50.072445, 419.80743, 422.35898,
18.905069, 393.30057, 48.367832, 421.15486, 423.60009,
18.919371, 430.56030, 51.934120, 422.48877, 424.82238,
18.933670, 457.85969, 57.007835, 423.80695, 426.02429,
18.947960, 404.22217, 59.115837, 425.10686, 427.20402,
18.962250, 416.56527, 62.546978, 426.38751, 428.36115,
18.976540, 334.72914, 59.174530, 427.64702, 429.49447,
18.990829, 523.30116, 71.759216, 428.88349, 430.60275,
19.005119, 418.89659, 52.033031, 430.09501, 431.68476,
19.019400, 448.54478, 50.203072, 431.27885, 432.73857,
19.033680, 402.42251, 45.840286, 432.43389, 433.76366,
19.047960, 451.66673, 49.003731, 433.55815, 434.75878,
19.062229, 445.64018, 51.802437, 434.64877, 435.72191,
19.076500, 350.16695, 53.601227, 435.70480, 436.65271,
19.090771, 408.10567, 50.241920, 436.72405, 437.54979,
19.105040, 438.82673, 53.918732, 437.70431, 438.41174,
19.119310, 446.06618, 48.928280, 438.64376, 439.23749,
19.133570, 420.90212, 51.554554, 439.53944, 440.02502,
19.147829, 444.47166, 56.810448, 440.38996, 440.77368,
19.162090, 410.12558, 62.179123, 441.19323, 441.48224,
19.176340, 412.14998, 65.365021, 441.94635, 442.14875,
19.190599, 431.94901, 69.673767, 442.64816, 442.77285,
19.204849, 389.81954, 66.870598, 443.29544, 443.35236,
19.219101, 507.73149, 72.204330, 443.88641, 443.88641,
19.233339, 356.84097, 68.154221, 444.41919, 444.37379,
19.247580, 533.09105, 90.601166, 444.89715, 444.81710,
19.261820, 394.37397, 77.700302, 445.32398, 445.21897,
19.276060, 517.12469, 87.446411, 445.70338, 445.58209,
19.290300, 438.79183, 86.112831, 446.03902, 445.90914,
19.304529, 456.56762, 74.747734, 446.33434, 446.20255,
19.318760, 483.04831, 75.957886, 446.59324, 446.46530,
19.332991, 415.88101, 67.198410, 446.81928, 446.69997,
19.347219, 600.38434, 78.480392, 447.01597, 446.90919,
19.361441, 445.93481, 60.911850, 447.18679, 447.09552,
19.375660, 495.43746, 72.134216, 447.33536, 447.26166,
19.389879, 523.23891, 75.961273, 447.46518, 447.41027,
19.404100, 489.64940, 73.943275, 447.57975, 447.54396,
19.418310, 518.51754, 83.345856, 447.68242, 447.66522,
19.432520, 447.77676, 84.076431, 447.77676, 447.77676,
