# wave, flux, fluxerr, continuum, continuum_plateau
9.9725246, 814.00292, 26.263632, 784.47782, 784.47515,
9.9806166, 781.84531, 28.132019, 781.84531, 781.84531,
9.9887066, 812.24547, 26.114002, 779.33825, 779.33577,
9.9967957, 833.30081, 25.342339, 776.95675, 776.94721,
10.004880, 868.56297, 26.240995, 774.70230, 774.68163,
10.012970, 890.67906, 26.070312, 772.57252, 772.53716,
10.021050, 829.50067, 22.791656, 770.57189, 770.51879,
10.029140, 917.71510, 24.278442, 768.69629, 768.62281,
10.037220, 846.14986, 25.482466, 766.95093, 766.85497,
10.045300, 755.07285, 22.197075, 765.33397, 765.21380,
10.053380, 840.63004, 21.850225, 763.84591, 763.70020,
10.061460, 758.96408, 23.043461, 762.48780, 762.31564,
10.069540, 752.70228, 22.465939, 761.26006, 761.06090,
10.077610, 807.67317, 20.841211, 760.16498, 759.93865,
10.085690, 780.48319, 21.513577, 759.20061, 758.94720,
10.093760, 754.92440, 22.644533, 758.37005, 758.09004,
10.101830, 725.98387, 20.453829, 757.67296, 757.36706,
10.109900, 820.65468, 20.552631, 757.11016, 756.77938,
10.117970, 798.84547, 21.995567, 756.68272, 756.32831,
10.126040, 920.89655, 22.964722, 756.39152, 756.01495,
10.134100, 791.98347, 20.449173, 756.23765, 755.84065,
10.142170, 779.97693, 20.950872, 756.22174, 755.80615,
10.150230, 899.80926, 23.625095, 756.34490, 755.91280,
10.158300, 828.74521, 22.366730, 756.60851, 756.16208,
10.166360, 842.81756, 21.033342, 757.01301, 756.55458,
10.174420, 865.67472, 23.175678, 757.55987, 757.09188,
10.182470, 845.68976, 23.684538, 758.24925, 757.77422,
10.190530, 853.46096, 23.955441, 759.08406, 758.60456,
10.198590, 832.28674, 22.413111, 760.06493, 759.58359,
10.206640, 781.14522, 24.307549, 761.19151, 760.71096,
10.214690, 835.49333, 24.410631, 762.46628, 761.98918,
10.222750, 827.75552, 23.182148, 763.89238, 763.42135,
10.230800, 798.99759, 25.416920, 765.46783, 765.00544,
10.238850, 773.08583, 27.106102, 767.19564, 766.74441,
10.246890, 820.82782, 25.547668, 769.07495, 768.63729,
10.254940, 800.30611, 24.706930, 771.11171, 770.68995,
10.262990, 795.10522, 26.712494, 773.30532, 772.90165,
10.271030, 869.49462, 27.914450, 775.65447, 775.27089,
10.279070, 855.31269, 25.791235, 778.16296, 777.80131,
10.287120, 840.65984, 26.325672, 780.83628, 780.49824,
10.295150, 777.06235, 28.218180, 783.66568, 783.35261,
10.303190, 881.58014, 28.324902, 786.66335, 786.37645,
10.311230, 807.10861, 25.275871, 789.82706, 789.56723,
10.319270, 835.02253, 27.942062, 793.15936, 792.92719,
10.327300, 771.92753, 29.139858, 796.65703, 796.45277,
10.335340, 863.89618, 28.689173, 800.33063, 800.15424,
10.343370, 833.61815, 23.366810, 804.17383, 804.02483,
10.351400, 804.06407, 29.845541, 808.19192, 808.06946,
10.359430, 825.26874, 30.304991, 812.38732, 812.29015,
10.367460, 796.21139, 27.907530, 816.76207, 816.68848,
10.375480, 899.74709, 32.584724, 821.31217, 821.25993,
10.383510, 812.64946, 35.386215, 826.05164, 826.01809,
10.391530, 790.39435, 35.148846, 830.97084, 830.95274,
10.399560, 858.05047, 28.120750, 836.08366, 836.07725,
10.407580, 851.83752, 24.406967, 841.38021, 841.38112,
10.415600, 817.54636, 24.474089, 846.86806, 846.87132,
10.423620, 874.42930, 25.363007, 852.55085, 852.55085,
10.431640, 848.60391, 24.807314, 858.42843, 858.41912,
10.439650, 870.33713, 24.470156, 864.49080, 864.46655,
10.447670, 935.39292, 25.007706, 870.74871, 870.70447,
10.455680, 986.23809, 24.524117, 877.18137, 877.11271,
10.463700, 915.19487, 22.647562, 883.80128, 883.70426,
10.471710, 877.85140, 24.498547, 890.58679, 890.45808,
10.479720, 932.96715, 25.546068, 897.54220, 897.37891,
10.487730, 1008.4466, 25.409304, 904.66326, 904.46298,
10.495730, 1173.2162, 27.086140, 911.93701, 911.69783,
10.503740, 1645.5532, 34.325878, 919.37666, 919.09700,
10.511750, 1752.4838, 35.367104, 926.96951, 926.64822,
10.519750, 1290.4454, 30.320095, 934.70124, 934.33761,
10.527750, 933.32542, 32.817039, 942.57862, 942.17224,
10.535750, 997.93979, 37.178612, 950.59674, 950.14754,
10.543750, 1077.1751, 37.597668, 958.75064, 958.25886,
10.551750, 1211.6005, 41.771725, 967.03835, 966.50452,
10.559750, 957.60320, 43.892879, 975.45399, 974.87890,
10.567850, 1177.4471, 26.321793, 984.10337, 983.48760,
10.576350, 1187.6626, 25.968475, 993.31293, 992.65588,
10.584840, 1248.1129, 26.474350, 1002.6431, 1001.9465,
10.593340, 1236.2512, 24.398182, 1012.1124, 1011.3782,
10.601830, 1140.2965, 23.497459, 1021.6929, 1020.9234,
10.610330, 1265.4010, 26.292507, 1031.4040, 1030.6014,
10.618820, 1259.7316, 25.739042, 1041.2182, 1040.3852,
10.627310, 1147.1088, 23.288803, 1051.1409, 1050.2802,
10.635800, 1093.6245, 23.772526, 1061.1700, 1060.2844,
10.644280, 1201.8731, 26.372833, 1071.2874, 1070.3799,
10.652770, 1158.4442, 24.462921, 1081.5127, 1080.5864,
10.661250, 1147.7322, 23.328854, 1091.8187, 1090.8768,
10.669740, 1091.3947, 24.066078, 1102.2242, 1101.2699,
10.678220, 1093.4605, 24.918026, 1112.7017, 1111.7384,
10.686700, 1119.2525, 23.443731, 1123.2587, 1122.2896,
10.695180, 1118.9208, 23.121294, 1133.8909, 1132.9195,
10.703650, 1105.8201, 24.648878, 1144.5820, 1143.6118,
10.712130, 1163.4132, 25.338913, 1155.3509, 1154.3852,
10.720600, 1281.3115, 24.500128, 1166.1716, 1165.2139,
10.729080, 1259.8588, 24.713768, 1177.0631, 1176.1168,
10.737550, 1276.5160, 26.370342, 1187.9957, 1187.0642,
10.746020, 1289.9871, 25.477238, 1198.9799, 1198.0666,
10.754490, 1294.4546, 24.467766, 1210.0093, 1209.1175,
10.762960, 1242.8140, 24.779480, 1221.0822, 1220.2153,
10.771420, 1276.8014, 26.798626, 1232.1784, 1231.3396,
10.779890, 1256.7320, 25.699036, 1243.3238, 1242.5164,
10.788350, 1221.0505, 24.841833, 1254.4857, 1253.7127,
10.796810, 1205.5192, 26.463024, 1265.6738, 1264.9383,
10.805270, 1194.7640, 27.667778, 1276.8841, 1276.1892,
10.813730, 1262.4027, 27.310242, 1288.1127, 1287.4613,
10.822190, 1180.7803, 25.844574, 1299.3555, 1298.7506,
10.830650, 1247.8942, 29.273186, 1310.6087, 1310.0530,
10.839100, 1168.0706, 28.934441, 1321.8543, 1321.3504,
10.847560, 1282.5920, 28.823273, 1333.1162, 1332.6669,
10.856010, 1303.0770, 29.500977, 1344.3639, 1343.9717,
10.864460, 1331.0134, 33.682369, 1355.6049, 1355.2722,
10.872910, 1355.8038, 34.394634, 1366.8363, 1366.5657,
10.881360, 1398.3317, 33.270309, 1378.0557, 1377.8494,
10.889800, 1351.9489, 35.092052, 1389.2438, 1389.1040,
10.898250, 1311.5824, 38.111183, 1400.4232, 1400.3523,
10.906690, 1404.2791, 40.242756, 1411.5648, 1411.5648,
10.915140, 1419.9479, 38.260605, 1422.6917, 1422.7647,
10.923580, 1570.0655, 43.853344, 1433.7757, 1433.9236,
10.932020, 1480.6614, 47.321350, 1444.8310, 1445.0553,
10.940460, 1552.1950, 46.401348, 1455.8576, 1456.1598,
10.948890, 1579.8153, 46.517334, 1466.8420, 1467.2234,
10.957330, 1759.2510, 53.078152, 1477.8118, 1478.2734,
10.965760, 1799.6931, 38.286774, 1488.7410, 1489.2836,
10.974200, 1969.0075, 36.797070, 1499.6545, 1500.2789,
10.982630, 2224.3109, 37.111916, 1510.5266, 1511.2332,
10.991060, 2331.3451, 39.934227, 1521.3722, 1522.1613,
10.999490, 2474.2200, 43.300266, 1532.1889, 1533.0606,
11.007920, 2505.4585, 42.650551, 1542.9792, 1543.9336,
11.016340, 2358.5578, 42.301258, 1553.7288, 1554.7655,
11.024770, 2242.7088, 42.061104, 1564.4632, 1565.5821,
11.033190, 2329.0124, 51.120815, 1575.1582, 1576.3587,
11.041610, 2262.4423, 49.398911, 1585.8262, 1587.1075,
11.050030, 2150.4966, 37.704391, 1596.4671, 1597.8285,
11.058450, 2120.8589, 41.954773, 1607.0810, 1608.5216,
11.066870, 2183.5012, 39.630646, 1617.6680, 1619.1867,
11.075290, 2028.1077, 39.154259, 1628.2281, 1629.8237,
11.083700, 2147.2758, 58.274872, 1638.7494, 1640.4206,
11.092120, 2186.9460, 42.392555, 1649.2559, 1651.0013,
11.100530, 2381.8224, 77.718338, 1659.7226, 1661.5405,
11.108940, 2549.8523, 69.798653, 1670.1638, 1672.0525,
11.117350, 2353.3581, 81.248810, 1680.5772, 1682.5349,
11.120570, 2670.6012, 40.478027, 1684.5581, 1686.5418,
11.129530, 2815.7560, 38.923649, 1695.6126, 1697.6670,
11.138500, 3088.5493, 39.960464, 1706.6498, 1708.7727,
11.147460, 3543.7704, 43.899319, 1717.6438, 1719.8326,
11.156430, 4296.0033, 48.500584, 1728.6203, 1730.8725,
11.165390, 4996.5384, 49.175968, 1739.5536, 1741.8666,
11.174350, 6045.3080, 52.682632, 1750.4565, 1752.8276,
11.183300, 7154.1247, 59.867695, 1761.3175, 1763.7437,
11.192260, 8163.6981, 63.835388, 1772.1597, 1774.6381,
11.201220, 8590.8996, 62.360313, 1782.9713, 1785.4990,
11.210170, 8553.5902, 61.705017, 1793.7408, 1796.3146,
11.219120, 8525.2762, 64.616714, 1804.4798, 1807.0965,
11.228070, 8531.5645, 64.658020, 1815.1880, 1817.8445,
11.237020, 8503.8314, 60.697937, 1825.8643, 1828.5572,
11.245970, 8325.6546, 60.605064, 1836.5108, 1839.2368,
11.254920, 8101.2316, 61.270226, 1847.1263, 1849.8820,
11.263860, 8133.2065, 65.673019, 1857.6983, 1860.4801,
11.272800, 7871.7479, 56.682018, 1868.2401, 1871.0447,
11.281750, 7485.0691, 56.073448, 1878.7607, 1881.5845,
11.290690, 7075.4274, 56.051373, 1889.2396, 1892.0791,
11.299630, 6946.3449, 55.014305, 1899.6857, 1902.5372,
11.308560, 6653.4097, 51.818474, 1910.0889, 1912.9489,
11.317500, 6219.4979, 50.428761, 1920.4712, 1923.3360,
11.326430, 6024.0006, 51.761417, 1930.8102, 1933.6763,
11.335370, 5813.9855, 49.999458, 1941.1279, 1943.9916,
11.344300, 5461.2686, 46.765686, 1951.4019, 1954.2597,
11.353230, 5217.4276, 45.952873, 1961.6432, 1964.4914,
11.362160, 5141.1750, 48.017609, 1971.8504, 1974.6854,
11.371080, 4910.7004, 46.021778, 1982.0146, 1984.8328,
11.380010, 4696.6750, 43.586090, 1992.1551, 1994.9530,
11.388930, 4489.0622, 43.154308, 2002.2521, 2005.0262,
11.397850, 4379.8094, 44.811722, 2012.3141, 2015.0609,
11.406780, 4282.2189, 43.985706, 2022.3537, 2025.0698,
11.415700, 4104.3157, 41.539024, 2032.3470, 2035.0289,
11.424610, 3973.6447, 41.996819, 2042.2948, 2044.9393,
11.433530, 3863.6463, 43.686485, 2052.2182, 2054.8220,
11.442450, 3722.5312, 42.585541, 2062.1062, 2064.6660,
11.451360, 3622.6632, 40.249989, 2071.9479, 2074.4607,
11.460270, 3536.0497, 41.259369, 2081.7536, 2084.2163,
11.469180, 3513.9428, 43.006142, 2091.5230, 2093.9326,
11.478090, 3401.0591, 42.767616, 2101.2556, 2103.6093,
11.487000, 3226.9693, 40.281597, 2110.9512, 2113.2462,
11.495910, 3203.5103, 41.725224, 2120.6083, 2122.8418,
11.504810, 3112.6457, 42.942543, 2130.2183, 2132.3879,
11.513710, 3085.3389, 43.480797, 2139.7892, 2141.8923,
11.522620, 3011.7386, 41.935768, 2149.3327, 2151.3670,
11.531520, 2978.8740, 42.803120, 2158.8259, 2160.7893,
11.540420, 3023.2957, 45.572151, 2168.2798, 2170.1701,
11.549310, 2948.5330, 46.277058, 2177.6837, 2179.4992,
11.558210, 2913.1048, 44.628017, 2187.0584, 2188.7972,
11.567100, 2771.1841, 44.553108, 2196.3803, 2198.0409,
11.576000, 2798.7798, 47.974297, 2205.6731, 2207.2538,
11.584890, 2758.7219, 48.982506, 2214.9132, 2216.4128,
11.593780, 2659.3169, 47.788681, 2224.1101, 2225.5277,
11.602670, 2585.9875, 47.469719, 2233.2654, 2234.5999,
11.611560, 2645.6723, 51.392456, 2242.3775, 2243.6282,
11.620440, 2527.8957, 52.369919, 2251.4352, 2252.6016,
11.629330, 2479.2831, 51.959503, 2260.4593, 2261.5411,
11.638210, 2467.3073, 51.773441, 2269.4290, 2270.4261,
11.647090, 2361.4426, 55.906631, 2278.3524, 2279.2649,
11.655970, 2469.6721, 59.606270, 2287.2299, 2288.0582,
11.664850, 2378.6643, 45.353050, 2296.0619, 2296.8065,
11.673730, 2423.6606, 34.148235, 2304.8458, 2305.5077,
11.682600, 2470.3389, 39.070221, 2313.5726, 2314.1528,
11.691480, 2470.9730, 42.153931, 2322.2605, 2322.7603,
11.700350, 2337.5365, 38.620232, 2330.8900, 2331.3112,
11.709220, 2447.7822, 40.735867, 2339.4700, 2339.8145,
11.718090, 2428.3427, 41.109787, 2347.9997, 2348.2697,
11.726960, 2329.2267, 41.897923, 2356.4785, 2356.6764,
11.735830, 2389.4604, 42.902397, 2364.9055, 2365.0342,
11.744690, 2473.5861, 47.083679, 2373.2703, 2373.3330,
11.753560, 2307.2536, 42.338417, 2381.5919, 2381.5919,
11.762420, 2295.8955, 44.630436, 2389.8497, 2389.7908,
11.771280, 2441.7640, 71.628311, 2398.0529, 2397.9387,
11.775020, 2323.0352, 35.923992, 2401.4978, 2401.3612,
11.784500, 2391.5389, 37.706787, 2410.1851, 2409.9944,
11.793980, 2361.2327, 36.814034, 2418.8031, 2418.5616,
11.803460, 2341.5016, 38.083477, 2427.3513, 2427.0623,
11.812940, 2418.9202, 34.745510, 2435.8259, 2435.4922,
11.822420, 2398.1575, 35.881882, 2444.2264, 2443.8506,
11.831890, 2411.5233, 35.671677, 2452.5405, 2452.1251,
11.841360, 2488.7575, 34.892029, 2460.7753, 2460.3225,
11.850840, 2484.6408, 33.890938, 2468.9367, 2468.4486,
11.860310, 2533.4166, 35.161659, 2477.0059, 2476.4845,
11.869770, 2638.0017, 35.967831, 2484.9810, 2484.4280,
11.879240, 2644.8511, 34.633183, 2492.8756, 2492.2926,
11.888710, 2698.8394, 33.849735, 2500.6793, 2500.0678,
11.898170, 2685.4780, 34.585266, 2508.3819, 2507.7434,
11.907630, 2680.5702, 35.248684, 2515.9881, 2515.3240,
11.917090, 2794.5092, 35.687653, 2523.4970, 2522.8085,
11.926550, 2767.5950, 33.866489, 2530.9047, 2530.1931,
11.936010, 2805.5385, 34.369232, 2538.2100, 2537.4765,
11.945470, 2805.5650, 35.353840, 2545.4089, 2544.6548,
11.954920, 2910.6650, 35.055603, 2552.4924, 2551.7191,
11.964370, 2925.8858, 34.313705, 2559.4654, 2558.6741,
11.973830, 2872.9306, 34.094322, 2566.3325, 2565.5248,
11.983280, 2964.2194, 35.744316, 2573.0760, 2572.2533,
11.992720, 2949.7468, 35.302544, 2579.6934, 2578.8574,
12.002170, 2951.8145, 34.430656, 2586.1967, 2585.3492,
12.011610, 2876.3827, 34.127892, 2592.5692, 2591.7123,
12.021060, 2850.8321, 35.361336, 2598.8211, 2597.9568,
12.030500, 2826.2103, 35.126434, 2604.9368, 2604.0675,
12.039940, 2851.5181, 34.645798, 2610.9190, 2610.0474,
12.049380, 2816.7218, 34.041958, 2616.7662, 2615.8952,
12.058820, 2818.7077, 35.701004, 2622.4740, 2621.6069,
12.068250, 2880.0703, 36.677673, 2628.0345, 2627.1747,
12.077690, 2791.4016, 35.264313, 2633.4563, 2632.6079,
12.087120, 2783.6415, 34.649235, 2638.7242, 2637.8914,
12.096550, 2731.2329, 35.552242, 2643.8411, 2643.0288,
12.105980, 2794.4968, 37.237038, 2648.8039, 2648.0171,
12.115410, 2745.0428, 36.452103, 2653.6091, 2652.8537,
12.124830, 2733.1796, 35.575958, 2658.2489, 2657.5309,
12.134260, 2703.1878, 36.384850, 2662.7293, 2662.0555,
12.143680, 2706.6802, 37.905518, 2667.0372, 2666.4149,
12.153100, 2797.6600, 38.961838, 2671.1748, 2670.6119,
12.162520, 2705.0907, 41.499954, 2675.1379, 2674.6432,
12.171940, 2667.4883, 37.759003, 2678.9227, 2678.5053,
12.181360, 2757.1627, 39.936752, 2682.5262, 2682.1962,
12.190770, 2715.7801, 40.524273, 2685.9406, 2685.7087,
12.200180, 2709.2286, 39.638695, 2689.1663, 2689.0441,
12.209600, 2668.7693, 39.526043, 2692.2027, 2692.2027,
12.219010, 2669.6152, 41.258705, 2695.0403, 2695.1754,
12.228420, 2697.6201, 42.905025, 2697.6851, 2697.9674,
12.237820, 2663.6558, 42.435783, 2700.1378, 2700.5781,
12.247230, 2841.1128, 43.620037, 2702.4073, 2703.0157,
12.256630, 3191.0257, 47.785667, 2704.4922, 2705.2773,
12.266040, 3372.5792, 50.404972, 2706.4000, 2707.3698,
12.275440, 4363.8687, 57.246777, 2708.1300, 2709.2913,
12.284840, 3657.8902, 52.951477, 2709.6874, 2711.0460,
12.294230, 2896.9867, 47.982346, 2711.0743, 2712.6349,
12.303630, 2922.0221, 62.559387, 2712.2962, 2714.0631,
12.313030, 3095.5395, 54.996422, 2713.3550, 2715.3316,
12.322420, 3017.4827, 59.432144, 2714.2525, 2716.4410,
12.331810, 3029.0705, 42.178154, 2714.9930, 2717.3950,
12.341200, 3088.9036, 35.558788, 2715.5793, 2718.1959,
12.350590, 3131.2831, 39.566833, 2716.0142, 2718.8456,
12.359980, 3204.1316, 38.934971, 2716.3006, 2719.3462,
12.369360, 3290.6968, 39.768955, 2716.4409, 2719.6997,
12.378750, 3198.8710, 40.118782, 2716.4382, 2719.9086,
12.388130, 3194.2449, 41.301659, 2716.2952, 2719.9746,
12.397510, 3126.8637, 41.155212, 2716.0144, 2719.9001,
12.406890, 3198.8966, 40.715946, 2715.5983, 2719.6869,
12.416270, 3372.0647, 42.703892, 2715.0495, 2719.3371,
12.425640, 3251.3788, 42.145817, 2714.3712, 2718.8533,
12.435020, 3203.3503, 43.531803, 2713.5643, 2718.2363,
12.444390, 3374.2708, 45.042732, 2712.6329, 2717.4894,
12.453760, 3418.0415, 43.971344, 2711.5785, 2716.6139,
12.463130, 3335.2076, 45.086647, 2710.4035, 2715.6117,
12.472500, 3476.5054, 50.652435, 2709.1099, 2714.4847,
12.481870, 3523.1807, 59.841038, 2707.7000, 2713.2347,
12.489420, 3565.1978, 43.583351, 2706.4808, 2712.1392,
12.499490, 3668.2467, 45.089256, 2704.7412, 2710.5574,
12.509550, 3741.7878, 44.112354, 2702.8762, 2708.8413,
12.519610, 3806.2600, 42.933311, 2700.8867, 2706.9919,
12.529670, 3795.7912, 42.621078, 2698.7755, 2705.0113,
12.539730, 3873.3416, 44.783195, 2696.5444, 2702.9015,
12.549780, 3988.7012, 48.874176, 2694.1987, 2700.6673,
12.559840, 4070.5955, 43.746620, 2691.7358, 2698.3061,
12.569890, 4146.1560, 43.198799, 2689.1631, 2695.8250,
12.579940, 4197.9392, 44.640263, 2686.4804, 2693.2237,
12.589990, 4265.4394, 45.114597, 2683.6900, 2690.5043,
12.600040, 4433.9815, 44.915070, 2680.7937, 2687.6687,
12.610090, 4417.7131, 43.517662, 2677.7942, 2684.7193,
12.620130, 4373.0957, 49.153954, 2674.6967, 2681.6614,
12.630170, 4473.9441, 45.172760, 2671.4998, 2678.4936,
12.640210, 4537.0892, 45.647449, 2668.2059, 2675.2181,
12.650250, 4491.2291, 43.570213, 2664.8169, 2671.8371,
12.660290, 4474.2217, 43.395042, 2661.3351, 2668.3528,
12.670330, 4525.3613, 44.330967, 2657.7619, 2664.7665,
12.680360, 4524.0187, 44.995670, 2654.1033, 2661.0844,
12.690390, 4733.4828, 44.803967, 2650.3574, 2657.3048,
12.700420, 5003.0883, 45.385292, 2646.5257, 2653.4293,
12.710450, 5082.9672, 46.132114, 2642.6108, 2649.4604,
12.720480, 5042.8325, 47.882339, 2638.6140, 2645.3998,
12.730500, 5071.4001, 51.412712, 2634.5409, 2641.2533,
12.740530, 4987.5462, 45.702965, 2630.3856, 2637.0148,
12.750550, 4931.1778, 44.689537, 2626.1576, 2632.6944,
12.760570, 4967.0326, 46.538689, 2621.8549, 2628.2902,
12.770590, 4997.4935, 46.963364, 2617.4785, 2623.8033,
12.780610, 5069.3460, 46.959835, 2613.0303, 2619.2360,
12.790620, 5241.7882, 50.655926, 2608.5166, 2614.5949,
12.800640, 6945.9556, 54.509624, 2603.9295, 2609.8721,
12.810650, 11763.939, 72.439590, 2599.2800, 2605.0794,
12.820660, 8366.5521, 61.623718, 2594.5650, 2600.2135,
12.830670, 4477.1541, 44.006020, 2589.7854, 2595.2758,
12.840680, 4115.7102, 43.060852, 2584.9435, 2590.2689,
12.850680, 3849.5747, 42.863167, 2580.0450, 2585.1991,
12.860690, 3648.3209, 42.775551, 2575.0819, 2580.0583,
12.870690, 3540.2629, 41.547340, 2570.0651, 2574.8581,
12.880690, 3367.6519, 40.163712, 2564.9917, 2569.5959,
12.890690, 3214.6834, 40.002277, 2559.8619, 2564.2724,
12.900680, 3063.6513, 40.297588, 2554.6831, 2558.8954,
12.910680, 3038.7392, 40.558483, 2549.4457, 2553.4554,
12.920670, 2954.3074, 39.292030, 2544.1619, 2547.9653,
12.930670, 2889.1391, 39.077950, 2538.8218, 2542.4155,
12.940660, 2769.6310, 39.423836, 2533.4373, 2536.8186,
12.950640, 2741.5880, 40.752907, 2528.0108, 2531.1775,
12.960630, 2674.0774, 39.667435, 2522.5311, 2525.4810,
12.970620, 2705.7365, 39.922264, 2517.0061, 2519.7376,
12.980600, 2662.9329, 40.257607, 2511.4416, 2513.9541,
12.990580, 2657.0512, 42.328266, 2505.8341, 2508.1271,
13.000560, 2521.9196, 41.055958, 2500.1837, 2502.2571,
13.010540, 2542.0032, 41.549549, 2494.4920, 2496.3464,
13.020520, 2557.2888, 41.269348, 2488.7600, 2490.3965,
13.030490, 2478.9684, 42.403179, 2482.9949, 2484.4154,
13.040470, 2502.2284, 44.224739, 2477.1856, 2478.3920,
13.050440, 2498.4970, 44.746124, 2471.3454, 2472.3406,
13.060410, 2577.3959, 44.937401, 2465.4692, 2466.2564,
13.070380, 2463.0663, 44.464417, 2459.5574, 2460.1406,
13.080350, 2454.4025, 47.011414, 2453.6122, 2453.9957,
13.090310, 2411.9749, 47.936840, 2447.6398, 2447.8288,
13.100280, 2490.2716, 48.733208, 2441.6295, 2441.6295,
13.110240, 2417.7637, 47.733139, 2435.5942, 2435.4115,
13.120200, 2433.7350, 49.830460, 2429.5303, 2429.1709,
13.130160, 2448.9564, 52.064503, 2423.4400, 2422.9102,
13.140110, 2477.5999, 41.791344, 2417.3322, 2416.6382,
13.150070, 2489.7025, 32.903111, 2411.1963, 2410.3440,
13.160020, 2439.7258, 33.057297, 2405.0476, 2404.0432,
13.169980, 2475.6482, 35.169353, 2398.8754, 2397.7248,
13.179930, 2489.9436, 36.564861, 2392.6950, 2391.4044,
13.189870, 2440.4386, 37.294613, 2386.5082, 2385.0837,
13.199820, 2463.8638, 37.507374, 2380.3054, 2378.7529,
13.209770, 2456.1059, 36.876358, 2374.0942, 2372.4197,
13.219710, 2403.0343, 36.688480, 2367.8841, 2366.0937,
13.229650, 2399.0853, 38.264496, 2361.6714, 2359.7711,
13.239590, 2424.6061, 39.173695, 2355.4572, 2353.4531,
13.249530, 2322.5225, 37.355156, 2349.2443, 2347.1424,
13.259470, 2385.6358, 37.588562, 2343.0350, 2340.8414,
13.269410, 2418.2230, 39.844551, 2336.8316, 2334.5524,
13.279340, 2297.0039, 42.550751, 2330.6430, 2328.2842,
13.289270, 2346.0022, 44.249527, 2324.4642, 2322.0320,
13.299200, 2459.7998, 46.463417, 2318.2987, 2315.7992,
13.309130, 2393.7078, 48.473747, 2312.1483, 2309.5875,
13.318260, 2409.4926, 37.361824, 2306.5081, 2303.8963,
13.328980, 2469.1398, 36.281254, 2299.9069, 2297.2418,
13.339690, 2408.2555, 36.194889, 2293.3377, 2290.6264,
13.350400, 2440.5967, 37.078667, 2286.7969, 2284.0465,
13.361120, 2483.4892, 37.005611, 2280.2810, 2277.4985,
13.371830, 2448.6713, 34.571762, 2273.8058, 2270.9983,
13.382530, 2380.9700, 33.526093, 2267.3734, 2264.5479,
13.393240, 2420.6786, 34.823990, 2260.9754, 2258.1388,
13.403940, 2428.6847, 35.212856, 2254.6262, 2251.7853,
13.414650, 2333.4605, 38.771854, 2248.3173, 2245.4791,
13.425350, 2431.2220, 33.278221, 2242.0632, 2239.2343,
13.436050, 2387.1174, 32.847763, 2235.8610, 2233.0483,
13.446740, 2442.7824, 33.745598, 2229.7200, 2226.9298,
13.457440, 2438.0389, 34.335865, 2223.6310, 2220.8700,
13.468130, 2476.6683, 33.028755, 2217.6091, 2214.8835,
13.478830, 2470.3795, 32.291424, 2211.6457, 2208.9618,
13.489520, 2464.8972, 32.187820, 2205.7555, 2203.1193,
13.500200, 2507.8487, 33.699162, 2199.9410, 2197.3583,
13.510890, 2530.9523, 33.337379, 2194.1950, 2191.6715,
13.521570, 2615.1521, 33.314430, 2188.5310, 2186.0721,
13.532260, 2682.0725, 32.773407, 2182.9421, 2180.5532,
13.542940, 2705.9553, 33.393284, 2177.4415, 2175.1275,
13.553620, 2661.4482, 34.486904, 2172.0276, 2169.7932,
13.564290, 2674.5945, 34.157520, 2166.7089, 2164.5585,
13.574970, 2565.2060, 32.591663, 2161.4783, 2159.4162,
13.585640, 2539.6703, 31.742407, 2156.3495, 2154.3793,
13.596320, 2488.3924, 32.548248, 2151.3158, 2149.4412,
13.606990, 2504.5818, 33.395123, 2146.3908, 2144.6147,
13.617650, 2502.3942, 33.305210, 2141.5772, 2139.9021,
13.628320, 2442.2999, 31.972982, 2136.8699, 2135.2981,
13.638980, 2424.7229, 32.074276, 2132.2810, 2130.8142,
13.649650, 2406.8010, 32.692307, 2127.8060, 2126.4456,
13.660310, 2366.0297, 33.429901, 2123.4566, 2122.2031,
13.670970, 2321.1735, 36.245602, 2119.2324, 2118.0862,
13.681630, 2320.5679, 32.071541, 2115.1374, 2114.0979,
13.692280, 2315.3885, 32.686810, 2111.1792, 2110.2453,
13.702940, 2253.4442, 33.104252, 2107.3540, 2106.5241,
13.713590, 2238.7494, 34.741623, 2103.6733, 2102.9450,
13.724240, 2194.6813, 33.474758, 2100.1369, 2099.5070,
13.734890, 2210.0503, 33.881680, 2096.7496, 2096.2143,
13.745530, 2170.9962, 33.839226, 2093.5181, 2093.0726,
13.756180, 2173.4791, 34.928635, 2090.4407, 2090.0796,
13.766820, 2132.2276, 35.638618, 2087.5272, 2087.2441,
13.777460, 2181.1879, 36.290283, 2084.7793, 2084.5667,
13.788100, 2101.1057, 33.898674, 2082.2012, 2082.0510,
13.798740, 2097.9556, 33.993244, 2079.7974, 2079.7002,
13.809380, 2094.7982, 35.412209, 2077.5727, 2077.5182,
13.820010, 2068.5257, 35.339035, 2075.5331, 2075.5098,
13.830640, 2032.2301, 34.971058, 2073.6816, 2073.6768,
13.841270, 2098.7706, 34.788750, 2072.0224, 2072.0224,
13.851900, 2038.6929, 34.633141, 2070.5590, 2070.5491,
13.862530, 2121.8929, 44.874393, 2069.2859, 2069.2522,
13.873150, 2087.0460, 36.791733, 2068.1974, 2068.1271,
13.883780, 2105.2448, 36.841022, 2067.2846, 2067.1660,
13.894400, 2079.1085, 36.031555, 2066.5425, 2066.3647,
13.905020, 2075.4697, 36.561874, 2065.9635, 2065.7169,
13.915640, 2083.5760, 38.193321, 2065.5410, 2065.2166,
13.926250, 2059.8259, 38.651684, 2065.2687, 2064.8586,
13.936870, 2126.0165, 38.746548, 2065.1396, 2064.6367,
13.947480, 2140.0359, 37.921677, 2065.1476, 2064.5455,
13.958090, 2243.7729, 40.815796, 2065.2862, 2064.5793,
13.968700, 2147.8599, 40.868389, 2065.5492, 2064.7325,
13.979310, 2203.3569, 42.938080, 2065.9302, 2064.9996,
13.989910, 2161.5538, 41.193863, 2066.4226, 2065.3747,
14.000520, 2155.5445, 41.349442, 2067.0212, 2065.8529,
14.011120, 2125.4525, 42.767757, 2067.7189, 2066.4280,
14.021720, 2105.0430, 44.780495, 2068.5101, 2067.0949,
14.032320, 2186.4554, 47.346172, 2069.3889, 2067.8481,
14.042920, 2117.3975, 45.221970, 2070.3493, 2068.6822,
14.053510, 2180.2816, 47.272602, 2071.3842, 2069.5909,
14.064110, 2204.3156, 48.505878, 2072.4900, 2070.5706,
14.074700, 2110.9323, 49.643902, 2073.6587, 2071.6141,
14.085290, 2205.4283, 53.840019, 2074.8853, 2072.7167,
14.095870, 2174.0799, 38.512470, 2076.1629, 2073.8721,
14.106460, 2176.8890, 31.634409, 2077.4881, 2075.0770,
14.117040, 2111.8375, 31.419975, 2078.8528, 2076.3241,
14.127630, 2207.0564, 34.822624, 2080.2539, 2077.6102,
14.138210, 2197.4350, 35.519852, 2081.6828, 2078.9276,
14.148790, 2261.5725, 36.620697, 2083.1353, 2080.2722,
14.159370, 2308.7460, 36.796070, 2084.6056, 2081.6387,
14.169940, 2264.0377, 36.390053, 2086.0867, 2083.0204,
14.180520, 2341.3186, 64.784882, 2087.5758, 2084.4147,
14.182090, 2393.7118, 36.524925, 2087.7969, 2084.6222,
14.193560, 2400.4141, 35.217316, 2089.4116, 2086.1409,
14.205030, 2403.5680, 36.053123, 2091.0192, 2087.6592,
14.216500, 2415.2155, 37.416828, 2092.6124, 2089.1699,
14.227970, 2382.6706, 36.523052, 2094.1839, 2090.6666,
14.239430, 2380.8962, 34.700451, 2095.7252, 2092.1412,
14.250890, 2346.4662, 33.272648, 2097.2305, 2093.5881,
14.262350, 2287.1096, 34.463535, 2098.6925, 2095.0009,
14.273810, 2243.2773, 34.863373, 2100.1040, 2096.3727,
14.285270, 2290.4867, 35.550697, 2101.4576, 2097.6965,
14.296730, 2288.1687, 33.340546, 2102.7461, 2098.9660,
14.308180, 2196.9644, 32.436699, 2103.9610, 2100.1731,
14.319630, 2207.9634, 33.437382, 2105.0961, 2101.3122,
14.331080, 2227.0259, 35.468555, 2106.1442, 2102.3767,
14.342530, 2161.9979, 34.984230, 2107.0975, 2103.3595,
14.353970, 2181.9973, 33.099709, 2107.9481, 2104.2533,
14.365410, 2290.4051, 33.221756, 2108.6892, 2105.0522,
14.376860, 2164.4500, 32.280632, 2109.3138, 2105.7498,
14.388300, 2111.4490, 33.114243, 2109.8131, 2106.3381,
14.399730, 2125.4226, 32.721050, 2110.1799, 2106.8106,
14.411170, 2073.1149, 30.443501, 2110.4069, 2107.1612,
14.422600, 2119.1121, 30.151773, 2110.4860, 2107.3823,
14.434030, 2078.8900, 29.796406, 2110.4096, 2107.4676,
14.445460, 2064.5512, 31.209377, 2110.1697, 2107.4099,
14.456890, 2093.7627, 30.668818, 2109.7583, 2107.2025,
14.468320, 2085.4124, 29.744881, 2109.1673, 2106.8382,
14.479740, 2100.6688, 28.904221, 2108.3893, 2106.3107,
14.491160, 2100.0825, 28.970135, 2107.4156, 2105.6126,
14.502580, 2105.4962, 30.525402, 2106.2379, 2104.7370,
14.514000, 2112.1285, 30.622972, 2104.8476, 2103.6767,
14.525420, 2108.2566, 29.883930, 2103.2362, 2102.4246,
14.536830, 2083.9804, 28.156660, 2101.3969, 2100.9749,
14.548240, 2132.5551, 29.212397, 2099.3196, 2099.3196,
14.559650, 2081.4002, 35.145256, 2096.9999, 2097.4545,
14.571060, 2090.4056, 30.733648, 2094.4527, 2095.3896,
14.582470, 2084.4528, 30.015947, 2091.6971, 2093.1376,
14.593870, 2003.8177, 32.169552, 2088.7546, 2090.7136,
14.605270, 2085.2635, 30.207668, 2085.6420, 2088.1286,
14.616670, 2030.4656, 30.407768, 2082.3783, 2085.3956,
14.628070, 2052.0210, 35.933762, 2078.9818, 2082.5269,
14.639470, 2086.9543, 32.312992, 2075.4714, 2079.5355,
14.650860, 2097.7850, 31.418133, 2071.8692, 2076.4371,
14.662260, 2047.4790, 31.216812, 2068.1871, 2073.2387,
14.673650, 2087.9295, 31.605698, 2064.4504, 2069.9587,
14.685040, 2064.8283, 32.359497, 2060.6739, 2066.6067,
14.696420, 2125.2943, 32.665298, 2056.8803, 2063.1990,
14.707810, 2057.7909, 30.990744, 2053.0804, 2059.7414,
14.719190, 2067.6566, 30.499012, 2049.3002, 2056.2534,
14.730570, 2037.1488, 30.140799, 2045.5540, 2052.7438,
14.741950, 2080.8086, 32.077763, 2041.8606, 2049.2256,
14.753330, 2072.0987, 31.689157, 2038.2385, 2045.7112,
14.764700, 2128.0121, 31.685658, 2034.7092, 2042.2165,
14.776080, 2061.2510, 30.509356, 2031.2850, 2038.7475,
14.787450, 2094.3561, 30.940863, 2027.9905, 2035.3233,
14.798820, 2087.1203, 32.636871, 2024.8413, 2031.9532,
14.810190, 2057.0470, 32.266815, 2021.8558, 2028.6494,
14.821550, 2051.6746, 32.188992, 2019.0553, 2025.4277,
14.832920, 2064.5845, 32.022778, 2016.4540, 2022.2951,
14.844280, 2036.6827, 31.573141, 2014.0748, 2019.2694,
14.855640, 2060.3059, 34.121552, 2011.9347, 2016.3605,
14.866990, 2037.8214, 34.070374, 2010.0543, 2013.5834,
14.878350, 2014.1468, 34.086880, 2008.4493, 2010.9458,
14.889710, 2011.2961, 33.819355, 2007.1409, 2008.4629,
14.901060, 2013.6278, 33.686607, 2006.1494, 2006.1494,
14.912410, 2033.8412, 35.562523, 2005.4880, 2004.0131,
14.923760, 1957.8352, 36.076054, 2005.1509, 2002.0541,
14.935100, 2025.3396, 38.694859, 2005.1275, 2000.2718,
14.946450, 2039.4619, 38.335106, 2005.4075, 1998.6604,
14.957790, 2106.9911, 39.025452, 2005.9800, 1997.2207,
14.969130, 2043.2069, 40.171158, 2006.8349, 1995.9490,
14.980470, 2008.8833, 41.067848, 2007.9623, 1994.8429,
14.991810, 2079.0656, 43.978821, 2009.3525, 1993.9002,
15.003140, 2118.2482, 44.352226, 2010.9941, 1993.1195,
15.014480, 2086.2802, 43.190861, 2012.8802, 1992.4974,
15.025810, 1967.4676, 43.185661, 2014.9984, 1992.0325,
15.037140, 1958.5275, 43.356422, 2017.3404, 1991.7225,
15.048460, 2025.0670, 46.637375, 2019.8950, 1991.5653,
15.059790, 2010.5170, 46.172493, 2022.6573, 1991.5585,
15.071110, 1982.4123, 44.718094, 2025.6136, 1991.7003,
15.082440, 1965.6071, 33.620869, 2028.7602, 1991.9888,
15.093750, 2013.9120, 28.182724, 2032.0791, 1992.4213,
15.105070, 2050.7455, 29.999905, 2035.5708, 1992.9967,
15.116390, 2077.2906, 31.659962, 2039.2234, 1993.7129,
15.127700, 2033.8866, 31.777756, 2043.0247, 1994.5672,
15.139020, 2094.3240, 34.222763, 2046.9732, 1995.5592,
15.150330, 1988.5929, 32.571392, 2051.0532, 1996.6854,
15.162390, 2049.0678, 39.375809, 2055.5433, 1998.0331,
15.174730, 2094.4217, 38.540058, 2060.2763, 1999.5666,
15.187070, 2074.0042, 38.433357, 2065.1384, 2001.2542,
15.199410, 2024.8425, 39.655975, 2070.1197, 2003.0939,
15.211740, 2036.5269, 38.254528, 2075.2043, 2005.0813,
15.224080, 2102.1263, 37.492310, 2080.3912, 2007.2181,
15.236410, 2073.8762, 35.449875, 2085.6607, 2009.4983,
15.248740, 2081.0578, 36.093563, 2091.0067, 2011.9217,
15.261060, 2069.3821, 38.460857, 2096.4142, 2014.4838,
15.273390, 2107.0972, 38.548180, 2101.8822, 2017.1871,
15.285710, 2173.2394, 39.411240, 2107.3913, 2020.0252,
15.298030, 2140.0329, 36.361809, 2112.9352, 2022.9978,
15.310350, 2053.9787, 35.923103, 2118.5044, 2026.1036,
15.322660, 2026.5307, 37.711693, 2124.0835, 2029.3375,
15.334980, 2105.8023, 38.944687, 2129.6714, 2032.7029,
15.347290, 2134.5063, 38.736595, 2135.2492, 2036.1928,
15.359600, 2141.4571, 35.345345, 2140.8110, 2039.8079,
15.371900, 2156.7032, 34.295971, 2146.3420, 2043.5431,
15.384210, 2186.0114, 35.175152, 2151.8413, 2047.4030,
15.396510, 2188.1415, 35.592396, 2157.2898, 2051.3796,
15.408810, 2228.1482, 37.119675, 2162.6810, 2055.4738,
15.421110, 2200.1899, 34.154873, 2168.0056, 2059.6846,
15.433410, 2182.6169, 32.343414, 2173.2524, 2064.0096,
15.445700, 2183.9059, 32.586689, 2178.4076, 2068.4440,
15.457990, 2125.3641, 33.277084, 2183.4680, 2072.9894,
15.470280, 2199.9609, 35.814743, 2188.4403, 2077.6443,
15.482570, 2244.7707, 34.500553, 2193.3339, 2082.4072,
15.494860, 2204.7316, 33.079975, 2198.1586, 2087.2763,
15.507140, 2293.6700, 33.268379, 2202.9203, 2092.2464,
15.519420, 2401.3391, 35.097313, 2207.6318, 2097.3192,
15.531700, 2683.6091, 38.525360, 2212.3035, 2102.4940,
15.543980, 5033.8359, 51.857182, 2216.9442, 2107.7685,
15.556260, 6232.0054, 55.800762, 2221.5639, 2113.1422,
15.568530, 3362.0673, 38.416897, 2226.1679, 2118.6084,
15.580800, 2381.0297, 32.522778, 2230.7695, 2124.1704,
15.593070, 2317.8307, 33.679707, 2235.3782, 2129.8267,
15.605340, 2361.5994, 33.805580, 2240.0034, 2135.5760,
15.617600, 2409.3026, 33.407959, 2244.6509, 2141.4123,
15.629860, 2369.3674, 31.331640, 2249.3334, 2147.3383,
15.642120, 2354.6185, 30.196146, 2254.0611, 2153.3535,
15.654380, 2397.0824, 31.662167, 2258.8426, 2159.4559,
15.666640, 2435.4399, 32.784523, 2263.6883, 2165.6450,
15.678890, 2393.1571, 33.196945, 2268.6031, 2171.9138,
15.691140, 2418.6808, 32.599277, 2273.6006, 2178.2662,
15.703390, 2376.9622, 30.858173, 2278.6905, 2184.7010,
15.715640, 2430.7107, 32.595116, 2283.8823, 2191.2171,
15.727890, 2452.4379, 34.061653, 2289.1859, 2197.8132,
15.740130, 2423.2022, 35.105255, 2294.6067, 2204.4831,
15.752370, 2429.1050, 35.331219, 2300.1581, 2211.2300,
15.764610, 2462.4796, 34.782440, 2305.8510, 2218.0539,
15.776850, 2519.4149, 35.199806, 2311.6944, 2224.9526,
15.789090, 2512.6430, 34.710747, 2317.6992, 2231.9262,
15.801320, 2545.3728, 35.403240, 2323.8697, 2238.9669,
15.813550, 2578.4472, 36.763309, 2330.2213, 2246.0796,
15.825780, 2530.5712, 34.681763, 2336.7643, 2253.2633,
15.838010, 2596.3081, 34.738312, 2343.5090, 2260.5168,
15.850230, 2538.8410, 34.040565, 2350.4604, 2267.8335,
15.862450, 2563.4049, 34.882637, 2357.6337, 2275.2174,
15.874670, 2622.1781, 37.155586, 2365.0409, 2282.6687,
15.886890, 2561.7282, 36.572540, 2372.6922, 2290.1858,
15.899110, 2692.4283, 38.178341, 2380.5979, 2297.7671,
15.911320, 2630.1281, 36.463596, 2388.7633, 2305.4063,
15.923540, 2680.9229, 38.127701, 2397.2131, 2313.1150,
15.935750, 2630.4304, 39.741287, 2405.9442, 2320.8789,
15.947960, 2572.7596, 40.384430, 2414.9752, 2328.7039,
15.960160, 2598.7292, 41.096180, 2424.3104, 2336.5828,
15.972370, 2531.8137, 41.249214, 2433.9764, 2344.5271,
15.984570, 2714.3909, 42.305702, 2443.9692, 2352.5228,
15.996770, 2652.1147, 42.475925, 2454.3100, 2360.5765,
16.008961, 2717.1450, 44.759804, 2465.0020, 2368.6803,
16.021160, 2640.7834, 44.107983, 2476.0735, 2376.8456,
16.033350, 2717.0224, 44.839836, 2487.5210, 2385.0592,
16.045549, 2615.0188, 41.892509, 2499.3753, 2393.3333,
16.057739, 2677.3536, 42.282181, 2511.6310, 2401.6541,
16.069920, 2667.7717, 43.145157, 2524.3005, 2410.0207,
16.082109, 2639.5870, 43.012585, 2537.4175, 2418.4454,
16.094290, 2590.5213, 43.345665, 2550.9751, 2426.9142,
16.106470, 2646.8817, 46.544960, 2564.9975, 2435.4331,
16.118650, 2617.7037, 44.255249, 2579.4992, 2444.0011,
16.130831, 2633.9412, 44.112728, 2594.4947, 2452.6176,
16.143009, 2572.8839, 44.827679, 2609.9963, 2461.2806,
16.155180, 2657.6283, 47.529755, 2626.0114, 2469.9850,
16.167351, 2684.9766, 52.653286, 2642.5649, 2478.7358,
16.179520, 2715.2847, 51.582012, 2659.6697, 2487.5306,
16.191681, 2665.7676, 48.631199, 2677.3331, 2496.3648,
16.203850, 2762.6129, 53.453571, 2695.5935, 2505.2487,
16.216009, 2709.0736, 54.365036, 2714.4417, 2514.1690,
16.228170, 2783.2475, 61.390411, 2733.9115, 2523.1336,
16.240330, 2691.2666, 58.982178, 2754.0143, 2532.1388,
16.252489, 2696.1215, 59.259495, 2774.7705, 2541.1855,
16.264641, 2762.7858, 58.533390, 2796.1694, 2550.2673,
16.276791, 2940.4313, 61.696999, 2818.1638, 2559.3879,
16.288950, 2835.3566, 60.023712, 2840.7035, 2568.5551,
16.301090, 2983.1190, 67.719803, 2863.6640, 2577.7469,
16.313240, 3112.1983, 67.607422, 2887.0282, 2586.9842,
16.325380, 3136.0832, 68.561920, 2910.6891, 2596.2519,
16.337530, 3378.2302, 48.654148, 2934.6135, 2605.5640,
16.349670, 3465.0029, 43.159401, 2958.6938, 2614.9053,
16.361799, 3575.1158, 42.273201, 2982.8559, 2624.2736,
16.373940, 3841.9316, 48.116035, 3007.0757, 2633.6861,
16.386070, 4163.9790, 49.517593, 3031.2414, 2643.1260,
16.398211, 4352.6192, 52.361488, 3055.3213, 2652.6076,
16.410339, 4195.1730, 49.198517, 3079.2040, 2662.1138,
16.422461, 4289.3999, 51.728767, 3102.8276, 2671.6472,
16.434589, 4291.1920, 55.491802, 3126.1520, 2681.2192,
16.446711, 4210.2954, 54.522881, 3149.0777, 2690.8171,
16.458839, 4173.7842, 55.584221, 3171.5634, 2700.4526,
16.470961, 4102.2942, 56.022182, 3193.5102, 2710.1131,
16.483070, 3943.1639, 54.077892, 3214.8418, 2719.7949,
16.495190, 3801.7516, 72.128525, 3235.5244, 2729.5143,
16.500280, 4136.1483, 57.185207, 3243.9963, 2733.6058,
16.513599, 3873.6830, 51.162540, 3265.5075, 2744.3348,
16.526911, 3703.4706, 47.711803, 3285.9847, 2755.0924,
16.540211, 3552.7391, 48.012409, 3305.3284, 2765.8747,
16.553520, 3503.8209, 49.489258, 3323.4726, 2776.6983,
16.566820, 3564.5475, 51.168556, 3340.2940, 2787.5468,
16.580120, 3430.2484, 48.463020, 3355.7079, 2798.4276,
16.593420, 3367.9688, 43.969967, 3369.6154, 2809.3400,
16.606710, 3367.9809, 42.845592, 3381.9081, 2820.2755,
16.620001, 3326.4496, 41.686749, 3392.5413, 2831.2414,
16.633301, 3416.8928, 43.669071, 3401.6468, 2842.2450,
16.646589, 3523.6363, 45.068920, 3409.3810, 2853.2684,
16.659870, 3488.7718, 52.794361, 3415.9182, 2864.3141,
16.673149, 3508.3110, 41.738743, 3421.4308, 2875.3863,
16.686440, 3431.3664, 40.370522, 3426.0912, 2886.4957,
16.699711, 3474.4860, 41.651161, 3430.0562, 2897.6161,
16.712990, 3481.4092, 44.470024, 3433.5014, 2908.7694,
16.726271, 3594.2427, 46.794197, 3436.5909, 2919.9503,
16.739540, 3630.3791, 45.292320, 3439.4879, 2931.1469,
16.752810, 3533.4599, 42.413952, 3442.3606, 2942.3684,
16.766081, 3494.5066, 40.380615, 3445.3751, 2953.6160,
16.779341, 3432.4013, 40.807247, 3448.6936, 2964.8777,
16.792601, 3542.4257, 46.789131, 3452.4839, 2976.1629,
16.805870, 3789.3642, 44.301697, 3456.9154, 2987.4790,
16.819120, 3492.3050, 41.289822, 3462.1439, 2998.8013,
16.832380, 3551.0184, 39.575363, 3468.3463, 3010.1536,
16.845631, 3423.3089, 37.517120, 3475.6808, 3021.5193,
16.858891, 3425.5610, 39.210125, 3484.3260, 3032.9141,
16.872141, 3520.7302, 42.263306, 3494.3876, 3044.3212,
16.885380, 3501.0113, 42.979095, 3505.7797, 3055.7386,
16.898630, 3501.4521, 42.827785, 3518.3910, 3067.1854,
16.911869, 3503.4617, 40.820122, 3532.0700, 3078.6414,
16.925110, 3608.6775, 40.317440, 3546.7001, 3090.1179,
16.938351, 3540.2650, 40.025467, 3562.1508, 3101.6126,
16.951580, 3536.5677, 40.447464, 3578.2801, 3113.1152,
16.964821, 3660.9632, 41.794601, 3594.9883, 3124.6451,
16.978050, 3707.0976, 40.714890, 3612.1196, 3136.1821,
16.991270, 3803.4538, 39.991192, 3629.5490, 3147.7273,
17.004499, 3774.9584, 39.011993, 3647.1752, 3159.2970,
17.017719, 4326.3399, 42.082615, 3664.8469, 3170.8740,
17.030951, 5464.9793, 49.901093, 3682.4659, 3182.4764,
17.044161, 4784.7352, 49.056660, 3699.8631, 3194.0753,
17.057381, 3913.9504, 44.386116, 3716.9530, 3205.6971,
17.070601, 3867.8314, 43.503147, 3733.5965, 3217.3331,
17.083811, 3949.0777, 44.761063, 3749.6557, 3228.9743,
17.097019, 3853.5512, 42.983650, 3765.0138, 3240.6272,
17.110229, 3852.0486, 44.687519, 3779.5483, 3252.2948,
17.123430, 3857.5141, 45.175045, 3793.1196, 3263.9665,
17.136641, 3868.5138, 44.066326, 3805.6193, 3275.6588,
17.149839, 3898.5153, 43.037621, 3816.8990, 3287.3527,
17.163040, 3849.4794, 43.621666, 3826.8418, 3299.0599,
17.176229, 3782.6073, 41.927227, 3835.3092, 3310.7679,
17.189430, 3794.8849, 43.524292, 3842.2213, 3322.4968,
17.202620, 3851.0589, 45.900578, 3847.6180, 3334.2258,
17.215811, 3817.9782, 46.150185, 3851.5937, 3345.9666,
17.229000, 3858.1146, 46.382545, 3854.2336, 3357.7152,
17.242180, 3876.7586, 47.395878, 3855.6235, 3369.4646,
17.255369, 3940.9545, 49.889862, 3855.8500, 3381.2315,
17.268551, 3892.5905, 49.272083, 3854.9965, 3393.0000,
17.281719, 3865.3320, 48.023643, 3853.1492, 3404.7649,
17.294901, 4061.7463, 50.356609, 3850.3867, 3416.5495,
17.308069, 4155.4998, 51.306099, 3846.7964, 3428.3298,
17.321251, 4013.4468, 46.185452, 3842.4525, 3440.1291,
17.334410, 4167.1461, 47.520657, 3837.4485, 3451.9148,
17.347580, 4268.9548, 49.522087, 3831.8524, 3463.7172,
17.360750, 4167.4824, 50.071941, 3825.7484, 3475.5258,
17.373911, 4300.7679, 54.075569, 3819.2211, 3487.3317,
17.387070, 4248.7603, 53.732460, 3812.3463, 3499.1413,
17.400230, 4261.3116, 54.141808, 3805.2011, 3510.9578,
17.413380, 4098.7511, 51.866013, 3797.8717, 3522.7689,
17.426540, 4120.7729, 54.473740, 3790.4241, 3534.5948,
17.439690, 4042.9517, 54.788116, 3782.9497, 3546.4145,
17.452841, 4051.9270, 57.741962, 3775.5195, 3558.2398,
17.465981, 3974.4223, 56.536884, 3768.2192, 3570.0583,
17.479130, 4090.2358, 56.927803, 3761.1156, 3581.8886,
17.492270, 3868.2284, 53.494186, 3754.2976, 3593.7132,
17.505409, 3798.3640, 52.267807, 3747.8387, 3605.5403,
17.518551, 3778.2297, 54.189087, 3741.8168, 3617.3714,
17.531679, 3785.0509, 56.005550, 3736.3175, 3629.1924,
17.544821, 3787.1649, 57.349480, 3731.4089, 3641.0270,
17.557949, 3727.3617, 57.111389, 3727.1809, 3652.8508,
17.571079, 3774.9025, 59.381081, 3723.7077, 3664.6773,
17.584200, 3655.5547, 58.567463, 3721.0721, 3676.4959,
17.597330, 3686.8302, 60.739754, 3719.3328, 3688.3234,
17.610451, 3760.7116, 64.119934, 3718.4806, 3700.1422,
17.623569, 3660.6876, 65.151688, 3718.4842, 3711.9591,
17.636690, 3891.5066, 76.155350, 3719.3143, 3723.7770,
17.649799, 3815.2474, 67.270615, 3720.9407, 3735.5837,
17.662910, 3677.8254, 65.484955, 3723.3360, 3747.3908,
17.676029, 3857.0805, 67.024048, 3726.4745, 3759.2033,
17.689131, 4070.1896, 71.941505, 3730.3223, 3770.9983,
17.702240, 3847.9844, 70.135208, 3734.8592, 3782.7980,
17.715349, 3816.9307, 68.945808, 3740.0570, 3794.5952,
17.728451, 3861.4480, 71.247284, 3745.8862, 3806.3827,
17.741550, 3844.4131, 63.618549, 3752.3234, 3818.1653,
17.754641, 3998.2431, 51.476154, 3759.3389, 3829.9358,
17.767740, 3938.6107, 48.899670, 3766.9184, 3841.7111,
17.780830, 4023.2308, 53.669930, 3775.0266, 3853.4738,
17.793921, 4002.7109, 50.402557, 3783.6449, 3865.2319,
17.807011, 3956.8987, 48.905914, 3792.7498, 3876.9853,
17.820101, 3976.5516, 51.356815, 3802.3179, 3888.7337,
17.833179, 4053.0639, 51.501961, 3812.3174, 3900.4663,
17.846270, 3965.1458, 49.010998, 3822.7430, 3912.2035,
17.859341, 3923.6052, 48.819031, 3833.5476, 3923.9175,
17.872419, 4083.0459, 53.753822, 3844.7308, 3935.6320,
17.885500, 4189.3073, 58.907181, 3856.2660, 3947.3415,
17.898569, 4099.3392, 58.887871, 3868.1196, 3959.0337,
17.911640, 3928.7137, 57.225197, 3880.2817, 3970.7202,
17.924709, 3865.6322, 54.683632, 3892.7275, 3982.3974,
17.937780, 4095.7753, 92.981644, 3905.4396, 3994.0682,
17.941250, 4014.2919, 55.101719, 3908.8556, 3997.1646,
17.955721, 3963.6437, 52.128525, 3923.2799, 4010.0731,
17.970181, 4014.4943, 52.456192, 3937.9563, 4022.9606,
17.984650, 3977.6738, 52.843624, 3952.8779, 4035.8454,
17.999109, 4003.1604, 54.123066, 3967.9975, 4048.7098,
18.013571, 4000.0933, 56.333458, 3983.2993, 4061.5638,
18.028021, 3944.4410, 55.444233, 3998.7417, 4074.3949,
18.042480, 4056.8548, 54.517994, 4014.3199, 4087.2213,
18.056931, 4059.6536, 51.212101, 4029.9861, 4100.0257,
18.071381, 4031.4791, 49.814774, 4045.7236, 4112.8159,
18.085819, 3925.7818, 49.770405, 4061.4958, 4125.5814,
18.100269, 4154.8484, 52.246277, 4077.3160, 4138.3420,
18.114710, 4358.3116, 53.937252, 4093.1522, 4151.0785,
18.129150, 4119.3961, 50.338654, 4109.0062, 4163.7990,
18.143579, 4095.4390, 49.218922, 4124.8566, 4176.4929,
18.158020, 4139.3252, 49.656464, 4140.7197, 4189.1798,
18.172449, 4192.3915, 53.699253, 4156.5616, 4201.8390,
18.186880, 4223.6364, 54.777817, 4172.3882, 4214.4819,
18.201300, 4215.0440, 53.602455, 4188.1762, 4227.0961,
18.215719, 4156.7856, 50.623199, 4203.9292, 4239.6913,
18.230150, 4174.0028, 48.026062, 4219.6509, 4252.2767,
18.244560, 4137.5873, 47.085106, 4235.2972, 4264.8238,
18.258980, 4173.6773, 48.213665, 4250.8925, 4277.3584,
18.273390, 4299.0020, 51.181255, 4266.4071, 4289.8635,
18.287800, 4381.8641, 54.093117, 4281.8424, 4302.3468,
18.302210, 4297.9582, 54.441910, 4297.1894, 4314.8077,
18.316620, 4404.3348, 52.776764, 4312.4390, 4327.2458,
18.331020, 4293.0848, 48.166561, 4327.5721, 4339.6521,
18.345421, 4373.9361, 49.006729, 4342.5895, 4352.0344,
18.359819, 4312.6582, 47.749931, 4357.4800, 4364.3904,
18.374210, 4514.5864, 51.749706, 4372.2284, 4376.7148,
18.388611, 4346.2919, 50.898655, 4386.8426, 4389.0214,
18.403000, 4377.2066, 49.537834, 4401.2919, 4401.2919,
18.417379, 4422.4926, 48.601852, 4415.5722, 4413.5285,
18.431770, 4345.8822, 48.367023, 4429.7113, 4425.7544,
18.446150, 4387.8002, 49.199699, 4443.6970, 4437.9565,
18.460529, 4480.5502, 52.788914, 4457.5509, 4450.1512,
18.474911, 4562.3059, 54.310936, 4471.2848, 4462.3464,
18.489281, 4657.7388, 53.910141, 4484.8961, 4474.5374,
18.503660, 4550.7799, 50.716042, 4498.4146, 4486.7485,
18.518030, 4454.9825, 47.996433, 4511.8321, 4498.9698,
18.532391, 4541.8819, 47.553993, 4525.1587, 4511.2078,
18.546761, 4578.7591, 49.595516, 4538.4217, 4523.4854,
18.561119, 4417.0692, 51.469017, 4551.6113, 4535.7909,
18.575480, 4704.6546, 57.074757, 4564.7494, 4548.1423,
18.589840, 4816.6649, 58.905186, 4577.8439, 4560.5446,
18.604191, 4614.8488, 54.156742, 4590.8956, 4572.9958,
18.618549, 4812.0578, 52.483177, 4603.9294, 4585.5174,
18.632900, 4642.8759, 49.345085, 4616.9411, 4598.1027,
18.647240, 4756.3884, 52.064724, 4629.9365, 4610.7546,
18.661591, 4952.2184, 54.254398, 4642.9459, 4623.5001,
18.675930, 5540.7622, 58.102081, 4655.9579, 4636.3252,
18.690269, 8181.7607, 69.305214, 4668.9922, 4649.2468,
18.704611, 16299.498, 98.306168, 4682.0601, 4662.2733,
18.718941, 14418.120, 90.859314, 4695.1587, 4675.3990,
18.733271, 6804.7220, 63.367058, 4708.3080, 4688.6411,
18.747601, 5027.1924, 57.889591, 4721.5173, 4702.0062,
18.761930, 5026.1018, 59.865448, 4734.7964, 4715.5010,
18.776260, 5033.2931, 60.502022, 4748.1547, 4729.1325,
18.790581, 4939.0764, 58.590530, 4761.5929, 4742.8980,
18.804899, 4928.5822, 55.556770, 4775.1278, 4756.8118,
18.819220, 4952.9175, 55.085865, 4788.7727, 4770.8844,
18.833530, 5013.5793, 57.663845, 4802.5265, 4785.1113,
18.847839, 5000.2540, 58.485298, 4816.4064, 4799.5069,
18.862150, 5020.6872, 64.006813, 4830.4260, 4814.0821,
18.876459, 5075.2699, 69.315475, 4844.5916, 4828.8399,
18.890770, 5140.8477, 66.759567, 4858.9174, 4843.7916,
18.905069, 5178.2363, 64.192596, 4873.4002, 4858.9301,
18.919371, 5076.8423, 59.971752, 4888.0636, 4874.2765,
18.933670, 5230.0600, 59.975616, 4902.9145, 4889.8341,
18.947960, 5374.6714, 64.453476, 4917.9553, 4905.6015,
18.962250, 5084.4383, 64.102989, 4933.2068, 4921.5965,
18.976540, 5283.8608, 67.865845, 4948.6799, 4937.8265,
18.990829, 5438.8204, 69.817184, 4964.3859, 4954.2990,
19.005119, 5235.8771, 67.695610, 4980.3361, 4971.0216,
19.019400, 5143.6445, 65.727814, 4996.5310, 4987.9905,
19.033680, 5057.0665, 64.586395, 5012.9931, 5005.2244,
19.047960, 5144.9985, 67.903732, 5029.7341, 5022.7311,
19.062229, 5341.3022, 72.952606, 5046.7524, 5040.5042,
19.076500, 5362.7668, 88.037636, 5064.0760, 5058.5678,
19.090771, 5073.5786, 70.547577, 5081.7150, 5076.9276,
19.105040, 5210.4449, 71.235596, 5099.6798, 5095.5892,
19.119310, 5397.9765, 74.261162, 5117.9883, 5114.5656,
19.133570, 5297.7007, 71.181892, 5136.6361, 5133.8471,
19.147829, 5247.5604, 76.565605, 5155.6514, 5153.4570,
19.162090, 5401.6391, 84.150459, 5175.0504, 5173.4065,
19.176340, 5402.3933, 86.519920, 5194.8287, 5193.6850,
19.190599, 5256.9378, 86.684479, 5215.0296, 5214.3308,
19.204849, 5465.8785, 86.156067, 5235.6407, 5235.3251,
19.219101, 5219.4250, 77.091095, 5256.6931, 5256.6931,
19.233339, 5029.9336, 72.243164, 5278.1713, 5278.4150,
19.247580, 5311.2909, 81.479301, 5300.0737, 5300.4950,
19.261820, 5253.8741, 78.898682, 5322.3661, 5322.9061,
19.276060, 5232.6770, 82.572060, 5345.0176, 5345.6246,
19.290300, 5726.6625, 94.882965, 5367.9972, 5368.6266,
19.304529, 5344.8040, 90.625221, 5391.2556, 5391.8697,
19.318760, 5547.8074, 93.609688, 5414.7839, 5415.3517,
19.332991, 5539.3382, 95.126602, 5438.5490, 5439.0461,
19.347219, 5430.4367, 91.306702, 5462.5177, 5462.9261,
19.361441, 5694.8965, 94.473541, 5486.6504, 5486.9586,
19.375660, 5732.5929, 101.31772, 5510.9271, 5511.1297,
19.389879, 5038.9267, 88.685913, 5535.3216, 5535.4193,
19.404100, 5657.0867, 100.86556, 5559.8076, 5559.8076,
19.418310, 5668.8628, 100.77203, 5584.3330, 5584.2483,
19.432520, 5701.5690, 109.01558, 5608.8880, 5608.7378,
