# wave, flux, fluxerr, continuum, continuum_plateau
9.9725246, 755.64903, 28.542847, 722.95941, 722.95109,
9.9806166, 691.84605, 29.443996, 720.94817, 720.94616,
9.9887066, 720.13931, 25.030516, 719.03995, 719.03995,
9.9967957, 706.02989, 23.040501, 717.23496, 717.23310,
10.004880, 721.53544, 26.031258, 715.53447, 715.52733,
10.012970, 801.57602, 26.222881, 713.93684, 713.92140,
10.021050, 741.46538, 22.372591, 712.44557, 712.41923,
10.029140, 707.10678, 22.782515, 711.05775, 711.01826,
10.037220, 743.67325, 24.687321, 709.77740, 709.72293,
10.045300, 792.41249, 22.496059, 708.60330, 708.53233,
10.053380, 739.48492, 20.823524, 707.53601, 707.44737,
10.061460, 710.45612, 22.558010, 706.57647, 706.46930,
10.069540, 710.07367, 22.066635, 705.72517, 705.59892,
10.077610, 721.16158, 19.915865, 704.98387, 704.83830,
10.085690, 721.06382, 20.962708, 704.35149, 704.18658,
10.093760, 708.47796, 22.014511, 703.83031, 703.64634,
10.101830, 725.61740, 20.218267, 703.42035, 703.21780,
10.109900, 743.30805, 19.667862, 703.12243, 702.90202,
10.117970, 746.08352, 21.284491, 702.93749, 702.70012,
10.126040, 773.12332, 21.683397, 702.86639, 702.61317,
10.134100, 804.64330, 20.297028, 702.90993, 702.64215,
10.142170, 708.69352, 19.838902, 703.06917, 702.78823,
10.150230, 678.96358, 21.378553, 703.34474, 703.05220,
10.158300, 728.90354, 20.940765, 703.73828, 703.43581,
10.166360, 785.56866, 20.216377, 704.24984, 703.93921,
10.174420, 738.28779, 21.347382, 704.88099, 704.56406,
10.182470, 744.68944, 21.693714, 705.63173, 705.31042,
10.190530, 712.14381, 21.056341, 706.50501, 706.18128,
10.198590, 694.24795, 19.282711, 707.50130, 707.17713,
10.206640, 736.87160, 21.489347, 708.62014, 708.29753,
10.214690, 704.05306, 20.390308, 709.86394, 709.54490,
10.222750, 755.39227, 19.255224, 711.23564, 710.92213,
10.230800, 685.23434, 20.113579, 712.73326, 712.42720,
10.238850, 658.91215, 20.958961, 714.35964, 714.06289,
10.246890, 672.58558, 19.268059, 716.11395, 715.82828,
10.254940, 694.64922, 19.045864, 718.00170, 717.72879,
10.262990, 706.09556, 21.171680, 720.02228, 719.76368,
10.271030, 753.42527, 21.810902, 722.17447, 721.93158,
10.279070, 729.25583, 20.414419, 724.46174, 724.23582,
10.287120, 775.56474, 21.518011, 726.88909, 726.68123,
10.295150, 810.83398, 23.655972, 729.44855, 729.25959,
10.303190, 760.19627, 22.482887, 732.15117, 731.98178,
10.311230, 735.39283, 21.064716, 734.99491, 734.84551,
10.319270, 780.73736, 23.300898, 737.98206, 737.85281,
10.327300, 732.40350, 25.247404, 741.10974, 741.00048,
10.335340, 643.76990, 21.832073, 744.38741, 744.29774,
10.343370, 671.77581, 22.900932, 747.80941, 747.73855,
10.351400, 759.97075, 26.347094, 751.38047, 751.32732,
10.359430, 777.88064, 27.057659, 755.10276, 755.06585,
10.367460, 767.84966, 25.617939, 758.97808, 758.95556,
10.375480, 730.67828, 29.400497, 763.00292, 762.99250,
10.383510, 714.69483, 33.047943, 767.18969, 767.18867,
10.391530, 724.50796, 32.323265, 771.52989, 771.53510,
10.399560, 789.66075, 25.773796, 776.03578, 776.04358,
10.407580, 792.54988, 21.369530, 780.69867, 780.70491,
10.415600, 777.80287, 22.528502, 785.52523, 785.52523,
10.423620, 767.92249, 22.608181, 790.51772, 790.50643,
10.431640, 799.69019, 21.891342, 795.67211, 795.64484,
10.439650, 861.18742, 23.079224, 800.97882, 800.93142,
10.447670, 797.68678, 22.991053, 806.44744, 806.37619,
10.455680, 790.94496, 21.812168, 812.05997, 811.96168,
10.463700, 795.53678, 21.567892, 817.82747, 817.69933,
10.471710, 828.48631, 23.990452, 823.73124, 823.57093,
10.479720, 865.37108, 25.015369, 829.77517, 829.58073,
10.487730, 928.63333, 24.131428, 835.95572, 835.72558,
10.495730, 1107.0601, 26.014900, 842.26179, 841.99477,
10.503740, 1957.1705, 35.636269, 848.70493, 848.40011,
10.511750, 2008.1404, 35.504017, 855.27428, 854.93110,
10.519750, 1297.9665, 29.868271, 861.95757, 861.57582,
10.527750, 951.03307, 32.326607, 868.76077, 868.34047,
10.535750, 1007.8526, 36.732983, 875.67975, 875.22118,
10.543750, 992.41206, 36.460945, 882.71035, 882.21405,
10.551750, 859.20979, 40.558815, 889.85095, 889.31767,
10.559750, 929.98389, 42.675167, 897.09658, 896.52732,
10.567850, 1038.4291, 26.321520, 904.53835, 903.93385,
10.576350, 1074.8454, 26.260761, 912.45673, 911.81676,
10.584840, 1056.5995, 25.981480, 920.47352, 919.79987,
10.593340, 1009.8829, 23.133270, 928.60475, 927.89929,
10.601830, 1051.5402, 23.258171, 936.82656, 936.09144,
10.610330, 1040.5583, 24.758411, 945.15555, 944.39298,
10.618820, 1054.3220, 24.138054, 953.56838, 952.78077,
10.627310, 1011.4342, 22.199612, 962.06972, 961.25957,
10.635800, 1028.7825, 23.034742, 970.65780, 969.82773,
10.644280, 1012.8709, 24.362909, 979.31729, 978.47000,
10.652770, 998.64804, 23.069664, 988.06500, 987.20325,
10.661250, 982.58407, 21.600800, 996.87769, 996.00434,
10.669740, 1058.4240, 23.620052, 1005.7716, 1004.8896,
10.678220, 1050.9846, 24.146814, 1014.7233, 1013.8354,
10.686700, 1075.9972, 22.570358, 1023.7390, 1022.8484,
10.695180, 1094.9194, 22.486034, 1032.8154, 1031.9250,
10.703650, 1070.2738, 23.661657, 1041.9387, 1041.0514,
10.712130, 1137.3367, 24.423220, 1051.1248, 1050.2436,
10.720600, 1120.5726, 22.519896, 1060.3517, 1059.4797,
10.729080, 1132.8176, 23.200840, 1069.6357, 1068.7759,
10.737550, 1156.4931, 24.758173, 1078.9515, 1078.1067,
10.746020, 1054.8360, 23.062416, 1088.3081, 1087.4813,
10.754490, 1138.3605, 22.791531, 1097.7000, 1096.8941,
10.762960, 1059.8961, 22.716562, 1107.1260, 1106.3439,
10.771420, 1104.8305, 24.833630, 1116.5688, 1115.8132,
10.779890, 1152.8922, 24.358730, 1126.0506, 1125.3243,
10.788350, 1089.6565, 23.181511, 1135.5435, 1134.8491,
10.796810, 1099.1492, 24.949667, 1145.0558, 1144.3961,
10.805270, 1174.0329, 26.743311, 1154.5843, 1153.9617,
10.813730, 1181.7864, 26.027613, 1164.1255, 1163.5426,
10.822190, 1116.0194, 24.709209, 1173.6761, 1173.1353,
10.830650, 1112.1354, 27.204773, 1183.2328, 1182.7365,
10.839100, 1126.6251, 27.755060, 1192.7804, 1192.3309,
10.847560, 1132.3144, 26.301971, 1202.3393, 1201.9388,
10.856010, 1151.5054, 26.874491, 1211.8835, 1211.5342,
10.864460, 1096.1434, 29.137167, 1221.4193, 1221.1234,
10.872910, 1107.6144, 29.513824, 1230.9446, 1230.7040,
10.881360, 1219.0977, 28.572706, 1240.4571, 1240.2738,
10.889800, 1178.4489, 29.320265, 1249.9405, 1249.8165,
10.898250, 1226.8525, 32.476898, 1259.4142, 1259.3513,
10.906690, 1356.4158, 44.571224, 1268.8532, 1268.8532,
10.915140, 1266.2458, 30.690304, 1278.2774, 1278.3421,
10.923580, 1316.3031, 33.553871, 1287.6629, 1287.7938,
10.932020, 1360.4762, 36.906563, 1297.0216, 1297.2201,
10.940460, 1447.8838, 36.196087, 1306.3538, 1306.6212,
10.948890, 1515.6679, 36.350365, 1315.6482, 1315.9853,
10.957330, 1454.0181, 38.109047, 1324.9280, 1325.3359,
10.965760, 1632.6886, 31.365816, 1334.1715, 1334.6507,
10.974200, 1862.2521, 30.110210, 1343.3998, 1343.9510,
10.982630, 2013.4683, 29.175480, 1352.5910, 1353.2145,
10.991060, 2087.2832, 30.827770, 1361.7581, 1362.4541,
10.999490, 2230.3497, 35.091610, 1370.8989, 1371.6675,
11.007920, 2221.0008, 33.590076, 1380.0158, 1380.8570,
11.016340, 2126.5199, 33.214924, 1389.0967, 1390.0101,
11.024770, 2036.7398, 33.753098, 1398.1631, 1399.1486,
11.033190, 2002.5556, 38.025112, 1407.1948, 1408.2518,
11.041610, 1994.5410, 38.591198, 1416.2022, 1417.3301,
11.050030, 1898.5488, 36.031265, 1425.1854, 1426.3834,
11.058450, 1908.0186, 39.164047, 1434.1446, 1435.4119,
11.066870, 1959.6121, 40.622387, 1443.0797, 1444.4155,
11.075290, 1932.1214, 41.688206, 1451.9911, 1453.3941,
11.083700, 1906.8724, 42.424393, 1460.8686, 1462.3378,
11.092120, 2065.7341, 45.280396, 1469.7326, 1471.2666,
11.100530, 2036.6211, 52.595062, 1478.5621, 1480.1595,
11.108940, 2041.4979, 49.059280, 1487.3692, 1489.0285,
11.117350, 2004.2587, 67.601463, 1496.1519, 1497.8717,
11.120570, 2280.6041, 37.953701, 1499.5093, 1501.2517,
11.129530, 2498.4558, 36.960747, 1508.8317, 1510.6359,
11.138500, 2676.9135, 37.333000, 1518.1387, 1520.0028,
11.147460, 3011.2037, 40.625435, 1527.4086, 1529.3304,
11.156430, 3616.8978, 43.797024, 1536.6631, 1538.6405,
11.165390, 4277.3481, 44.201351, 1545.8808, 1547.9114,
11.174350, 5210.5439, 46.898663, 1555.0724, 1557.1538,
11.183300, 6131.3738, 52.702778, 1564.2283, 1566.3580,
11.192260, 6954.3179, 55.919323, 1573.3681, 1575.5435,
11.201220, 7492.0550, 54.927757, 1582.4819, 1584.7005,
11.210170, 7358.4435, 53.476967, 1591.5601, 1593.8192,
11.219120, 7296.3704, 55.918411, 1600.6125, 1602.9094,
11.228070, 7300.3148, 55.740517, 1609.6390, 1611.9709,
11.237020, 7206.2553, 51.863678, 1618.6388, 1621.0028,
11.245970, 7080.1005, 51.686321, 1627.6136, 1630.0069,
11.254920, 6918.9285, 52.655899, 1636.5626, 1638.9822,
11.263860, 6845.1905, 51.865509, 1645.4752, 1647.9182,
11.272800, 6629.2647, 48.754379, 1654.3629, 1656.8262,
11.281750, 6401.8973, 48.430023, 1663.2332, 1665.7139,
11.290690, 6088.2477, 48.638882, 1672.0690, 1674.5639,
11.299630, 5950.8365, 47.817760, 1680.8778, 1683.3840,
11.308560, 5715.0925, 45.542233, 1689.6512, 1692.1654,
11.317500, 5446.4076, 45.169647, 1698.4079, 1700.9271,
11.326430, 5190.9710, 46.124161, 1707.1289, 1709.6501,
11.335370, 4964.2621, 44.735199, 1715.8330, 1718.3529,
11.344300, 4691.2494, 42.022980, 1724.5014, 1727.0170,
11.353230, 4533.1382, 41.853336, 1733.1434, 1735.6516,
11.362160, 4386.4309, 43.370144, 1741.7578, 1744.2555,
11.371080, 4242.7345, 41.985168, 1750.3374, 1752.8215,
11.380010, 4055.3515, 39.741467, 1758.8984, 1761.3659,
11.388930, 3854.4505, 39.442955, 1767.4242, 1769.8721,
11.397850, 3770.9028, 41.065014, 1775.9221, 1778.3474,
11.406780, 3595.9380, 39.974136, 1784.4028, 1786.8024,
11.415700, 3528.5241, 38.391071, 1792.8461, 1795.2172,
11.424610, 3394.4585, 38.841824, 1801.2530, 1803.5927,
11.433530, 3435.4332, 41.279556, 1809.6412, 1811.9467,
11.442450, 3268.6910, 40.160957, 1818.0016, 1820.2700,
11.451360, 3090.5686, 37.508507, 1826.3250, 1828.5537,
11.460270, 3093.8907, 39.419525, 1834.6202, 1836.8065,
11.469180, 2965.3008, 40.229851, 1842.8871, 1845.0284,
11.478090, 2872.3043, 40.619812, 1851.1253, 1853.2192,
11.487000, 2894.9449, 39.488224, 1859.3348, 1861.3786,
11.495910, 2817.2970, 40.411369, 1867.5143, 1869.5058,
11.504810, 2729.8550, 41.820751, 1875.6567, 1877.5936,
11.513710, 2621.2430, 42.030369, 1883.7688, 1885.6490,
11.522620, 2732.4330, 41.866405, 1891.8607, 1893.6819,
11.531520, 2647.5420, 42.742237, 1899.9130, 1901.6734,
11.540420, 2517.2419, 44.263741, 1907.9351, 1909.6327,
11.549310, 2500.1560, 44.971333, 1915.9182, 1917.5513,
11.558210, 2525.1910, 43.614948, 1923.8798, 1925.4467,
11.567100, 2459.4130, 43.549046, 1931.8001, 1933.2994,
11.576000, 2381.1515, 46.234573, 1939.6993, 1941.1294,
11.584890, 2322.6315, 46.418350, 1947.5574, 1948.9172,
11.593780, 2349.0493, 45.675816, 1955.3827, 1956.6710,
11.602670, 2305.0809, 45.356758, 1963.1765, 1964.3923,
11.611560, 2185.1415, 46.669254, 1970.9377, 1972.0801,
11.620440, 2155.0664, 47.415718, 1978.6567, 1979.7251,
11.629330, 2101.4070, 46.677792, 1986.3515, 1987.3454,
11.638210, 2157.6587, 47.324776, 1994.0043, 1994.9233,
11.647090, 2068.7520, 48.593941, 2001.6223, 2002.4662,
11.655970, 2113.6519, 51.494961, 2009.2058, 2009.9747,
11.664850, 2091.6467, 39.779297, 2016.7553, 2017.4492,
11.673730, 2057.0588, 29.218052, 2024.2688, 2024.8881,
11.682600, 2102.1373, 32.635380, 2031.7385, 2032.2840,
11.691480, 2072.5822, 32.897209, 2039.1802, 2039.6524,
11.700350, 2035.5938, 33.449326, 2046.5774, 2046.9775,
11.709220, 2133.3778, 35.490295, 2053.9377, 2054.2668,
11.718090, 2058.7596, 35.270779, 2061.2607, 2061.5202,
11.726960, 2029.8772, 36.938862, 2068.5458, 2068.7373,
11.735830, 2131.9985, 38.254898, 2075.7926, 2075.9180,
11.744690, 2034.4403, 40.117268, 2082.9920, 2083.0536,
11.753560, 2034.7771, 38.037254, 2090.1607, 2090.1607,
11.762420, 2080.9113, 40.612358, 2097.2810, 2097.2221,
11.771280, 2168.6766, 63.499676, 2104.3607, 2104.2453,
11.775020, 2037.9331, 32.449673, 2107.3357, 2107.1972,
11.784500, 2104.6091, 34.237061, 2114.8431, 2114.6479,
11.793980, 2070.8549, 33.110680, 2122.2979, 2122.0484,
11.803460, 2163.6915, 36.227280, 2129.6994, 2129.3981,
11.812940, 2115.3358, 31.418671, 2137.0441, 2136.6933,
11.822420, 2166.5088, 32.948566, 2144.3315, 2143.9334,
11.831890, 2166.5789, 32.525372, 2151.5508, 2151.1075,
11.841360, 2217.6109, 31.784451, 2158.7080, 2158.2216,
11.850840, 2235.4448, 30.965233, 2165.8082, 2165.2805,
11.860310, 2265.6595, 32.322277, 2172.8348, 2172.2678,
11.869770, 2294.9431, 32.717964, 2179.7860, 2179.1817,
11.879240, 2320.4077, 31.526432, 2186.6736, 2186.0338,
11.888710, 2366.7734, 30.918941, 2193.4884, 2192.8148,
11.898170, 2394.6050, 31.788620, 2200.2213, 2199.5160,
11.907630, 2419.3060, 32.854588, 2206.8765, 2206.1413,
11.917090, 2450.0314, 32.833305, 2213.4530, 2212.6898,
11.926550, 2420.5807, 31.041508, 2219.9471, 2219.1579,
11.936010, 2451.2540, 31.189503, 2226.3579, 2225.5448,
11.945470, 2452.1397, 32.174850, 2232.6817, 2231.8469,
11.954920, 2522.2373, 31.855350, 2238.9106, 2238.0563,
11.964370, 2577.0964, 31.502155, 2245.0487, 2244.1772,
11.973830, 2541.4319, 31.403152, 2251.1000, 2250.2140,
11.983280, 2572.3843, 32.979515, 2257.0489, 2256.1509,
11.992720, 2595.5448, 32.739059, 2262.8931, 2261.9861,
12.002170, 2549.1757, 31.703159, 2268.6431, 2267.7301,
12.011610, 2523.3343, 31.366417, 2274.2841, 2273.3686,
12.021060, 2565.5538, 33.032928, 2279.8250, 2278.9104,
12.030500, 2522.2278, 32.761387, 2285.2520, 2284.3422,
12.039940, 2492.4982, 31.781425, 2290.5676, 2289.6667,
12.049380, 2489.6848, 31.488270, 2295.7701, 2294.8826,
12.058820, 2487.3287, 33.156700, 2300.8558, 2299.9864,
12.068250, 2491.7818, 33.686256, 2305.8175, 2304.9713,
12.077690, 2477.1295, 32.898224, 2310.6630, 2309.8456,
12.087120, 2438.1476, 32.039249, 2315.3786, 2314.5959,
12.096550, 2416.6211, 33.272636, 2319.9670, 2319.2253,
12.105980, 2445.0450, 34.851730, 2324.4252, 2323.7314,
12.115410, 2440.5386, 35.532547, 2328.7503, 2328.1118,
12.124830, 2421.1727, 33.412220, 2332.9351, 2332.3596,
12.134260, 2406.3223, 34.682148, 2336.9852, 2336.4811,
12.143680, 2416.2897, 36.251331, 2340.8887, 2340.4651,
12.153100, 2396.0867, 36.505463, 2344.6477, 2344.3139,
12.162520, 2356.8198, 38.808243, 2348.2584, 2348.0248,
12.171940, 2346.1605, 35.726521, 2351.7174, 2351.5948,
12.181360, 2376.2452, 37.397484, 2355.0222, 2355.0222,
12.190770, 2332.0422, 38.123138, 2358.1665, 2358.3010,
12.200180, 2363.8430, 37.484390, 2361.1560, 2361.4362,
12.209600, 2371.1920, 38.119118, 2363.9964, 2364.4328,
12.219010, 2329.4262, 39.523113, 2366.6841, 2367.2858,
12.228420, 2377.1660, 41.330482, 2369.2249, 2370.0004,
12.237820, 2375.7372, 41.322178, 2371.6187, 2372.5753,
12.247230, 2386.9615, 40.889870, 2373.8735, 2375.0181,
12.256630, 2473.3238, 43.018738, 2375.9868, 2377.3251,
12.266040, 2804.0283, 47.805885, 2377.9654, 2379.5026,
12.275440, 3661.6633, 54.049679, 2379.8077, 2381.5478,
12.284840, 3317.3327, 52.097439, 2381.5178, 2383.4645,
12.294230, 2613.7673, 48.042645, 2383.0969, 2385.2527,
12.303630, 2563.2336, 65.810226, 2384.5500, 2386.9173,
12.313030, 2596.4280, 52.866711, 2385.8781, 2388.4583,
12.322420, 2543.1194, 55.998154, 2387.0818, 2389.8756,
12.331810, 2663.7852, 41.128716, 2388.1648, 2391.1724,
12.341200, 2740.7446, 35.171654, 2389.1292, 2392.3503,
12.350590, 2760.8112, 36.302292, 2389.9770, 2393.4106,
12.359980, 2817.0839, 37.932400, 2390.7102, 2394.3550,
12.369360, 2921.9597, 39.148258, 2391.3302, 2395.1840,
12.378750, 2897.6167, 40.698544, 2391.8402, 2395.9007,
12.388130, 2788.6732, 42.842545, 2392.2410, 2396.5051,
12.397510, 2771.5396, 41.441170, 2392.5351, 2396.9995,
12.406890, 2824.3456, 40.902470, 2392.7242, 2397.3851,
12.416270, 2883.4266, 42.508942, 2392.8102, 2397.6635,
12.425640, 2857.8115, 42.655807, 2392.7949, 2397.8357,
12.435020, 2882.3678, 44.872623, 2392.6799, 2397.9036,
12.444390, 2941.9593, 43.799370, 2392.4672, 2397.8683,
12.453760, 2970.4298, 41.919121, 2392.1584, 2397.7313,
12.463130, 2962.7223, 43.375351, 2391.7550, 2397.4939,
12.472500, 3080.1251, 48.932571, 2391.2587, 2397.1574,
12.481870, 3131.3401, 58.457138, 2390.6710, 2396.7231,
12.489420, 3189.0553, 40.489662, 2390.1320, 2396.3028,
12.499490, 3289.5674, 41.901196, 2389.3236, 2395.6458,
12.509550, 3360.3838, 41.288731, 2388.4156, 2394.8808,
12.519610, 3367.1973, 39.536133, 2387.4090, 2394.0088,
12.529670, 3441.9551, 39.871048, 2386.3057, 2393.0314,
12.539730, 3451.1056, 41.207016, 2385.1072, 2391.9499,
12.549780, 3541.0805, 44.280861, 2383.8165, 2390.7671,
12.559840, 3590.3726, 40.250313, 2382.4328, 2389.4821,
12.569890, 3689.8850, 39.562622, 2380.9605, 2388.0991,
12.579940, 3697.2082, 40.568939, 2379.3997, 2386.6181,
12.589990, 3790.1497, 41.224186, 2377.7520, 2385.0407,
12.600040, 3951.7708, 40.805908, 2376.0188, 2383.3680,
12.610090, 3947.9285, 39.680092, 2374.2018, 2381.6018,
12.620130, 3970.6329, 44.773407, 2372.3043, 2379.7453,
12.630170, 4039.4119, 41.203964, 2370.3258, 2377.7979,
12.640210, 4013.6006, 41.305046, 2368.2677, 2375.7612,
12.650250, 3995.5544, 39.620922, 2366.1315, 2373.6365,
12.660290, 3980.0339, 39.119987, 2363.9186, 2371.4253,
12.670330, 4001.2868, 39.851704, 2361.6300, 2369.1286,
12.680360, 4059.5936, 40.620739, 2359.2695, 2366.7504,
12.690390, 4276.3521, 40.612316, 2356.8362, 2364.2897,
12.700420, 4400.0200, 40.508133, 2354.3309, 2361.7475,
12.710450, 4510.5313, 41.348026, 2351.7553, 2359.1255,
12.720480, 4478.6958, 42.887547, 2349.1104, 2356.4249,
12.730500, 4483.9038, 47.089443, 2346.3998, 2353.6495,
12.740530, 4460.4631, 41.010605, 2343.6196, 2350.7952,
12.750550, 4392.1932, 39.937187, 2340.7760, 2347.8688,
12.760570, 4410.1469, 41.481380, 2337.8679, 2344.8691,
12.770590, 4448.7289, 41.818886, 2334.8956, 2341.7968,
12.780610, 4433.2476, 41.468506, 2331.8605, 2338.6532,
12.790620, 4626.7125, 44.717113, 2328.7668, 2335.4430,
12.800640, 6084.4775, 47.649857, 2325.6091, 2332.1607,
12.810650, 9197.9861, 60.139069, 2322.3947, 2328.8143,
12.820660, 6471.3151, 50.948864, 2319.1215, 2325.4015,
12.830670, 3964.4598, 38.980476, 2315.7899, 2321.9233,
12.840680, 3556.6455, 37.452961, 2312.4014, 2318.3813,
12.850680, 3395.8198, 37.757561, 2308.9600, 2314.7798,
12.860690, 3248.4322, 37.873405, 2305.4598, 2311.1131,
12.870690, 3106.5071, 36.643200, 2301.9083, 2307.3894,
12.880690, 2966.3386, 35.539925, 2298.3034, 2303.6065,
12.890690, 2818.0371, 35.093918, 2294.6452, 2299.7649,
12.900680, 2714.1860, 35.707813, 2290.9386, 2295.8702,
12.910680, 2687.7347, 36.035625, 2287.1766, 2291.9152,
12.920670, 2635.2408, 34.897095, 2283.3678, 2287.9093,
12.930670, 2538.5732, 34.521049, 2279.5048, 2283.8452,
12.940660, 2463.6491, 35.407036, 2275.5962, 2279.7321,
12.950640, 2424.4249, 36.254490, 2271.6433, 2275.5719,
12.960630, 2406.3658, 35.679123, 2267.6379, 2271.3561,
12.970620, 2386.7692, 35.476986, 2263.5854, 2267.0910,
12.980600, 2381.7098, 36.264481, 2259.4899, 2262.7813,
12.990580, 2353.2737, 37.828224, 2255.3487, 2258.4244,
13.000560, 2289.4091, 37.151943, 2251.1614, 2254.0204,
13.010540, 2320.5444, 37.537506, 2246.9290, 2249.5708,
13.020520, 2253.3023, 36.889336, 2242.6521, 2245.0766,
13.030490, 2221.7689, 38.035847, 2238.3357, 2240.5436,
13.040470, 2274.7499, 40.058628, 2233.9712, 2235.9632,
13.050440, 2226.3007, 40.106941, 2229.5683, 2231.3460,
13.060410, 2236.9250, 39.894043, 2225.1229, 2226.6882,
13.070380, 2204.8494, 40.270138, 2220.6350, 2221.9903,
13.080350, 2226.2161, 42.941921, 2216.1059, 2217.2542,
13.090310, 2141.3560, 43.207573, 2211.5400, 2212.4850,
13.100280, 2196.0382, 44.167351, 2206.9290, 2207.6745,
13.110240, 2295.7553, 45.065430, 2202.2820, 2202.8327,
13.120200, 2232.8122, 46.044937, 2197.5950, 2197.9562,
13.130160, 2143.5861, 46.645493, 2192.8684, 2193.0458,
13.140110, 2207.0055, 38.972027, 2188.1077, 2188.1077,
13.150070, 2179.1062, 30.173780, 2183.3033, 2183.1325,
13.160020, 2178.0283, 30.472900, 2178.4674, 2178.1328,
13.169980, 2193.8887, 33.436035, 2173.5920, 2173.1000,
13.179930, 2207.9934, 33.755104, 2168.6896, 2168.0470,
13.189870, 2181.7423, 34.380215, 2163.7622, 2162.9755,
13.199820, 2201.3126, 34.534443, 2158.8024, 2157.8778,
13.209770, 2162.4463, 33.711056, 2153.8167, 2152.7605,
13.219710, 2159.8363, 33.751671, 2148.8130, 2147.6316,
13.229650, 2169.4022, 34.924240, 2143.7888, 2142.4882,
13.239590, 2167.8363, 36.071724, 2138.7454, 2137.3316,
13.249530, 2154.1683, 35.388939, 2133.6852, 2132.1643,
13.259470, 2093.0519, 34.160183, 2128.6106, 2126.9884,
13.269410, 2115.0422, 36.938610, 2123.5237, 2121.8061,
13.279340, 2174.7171, 42.184315, 2118.4319, 2116.6249,
13.289270, 2087.5560, 40.682041, 2113.3317, 2111.4410,
13.299200, 2147.1749, 42.772072, 2108.2260, 2106.2574,
13.309130, 2159.0747, 45.494724, 2103.1167, 2101.0758,
13.318260, 2183.0097, 35.892311, 2098.4171, 2096.3148,
13.328980, 2179.4600, 34.659245, 2092.8997, 2090.7313,
13.339690, 2147.0762, 34.911263, 2087.3909, 2085.1629,
13.350400, 2160.9698, 36.020630, 2081.8878, 2079.6068,
13.361120, 2244.9988, 36.191471, 2076.3879, 2074.0601,
13.371830, 2188.5602, 33.895363, 2070.9045, 2068.5364,
13.382530, 2096.3511, 32.354385, 2065.4398, 2063.0377,
13.393240, 2185.5688, 34.406380, 2059.9868, 2057.5570,
13.403940, 2162.0946, 34.466209, 2054.5579, 2052.1065,
13.414650, 2157.0127, 40.334900, 2049.1462, 2046.6793,
13.425350, 2173.2249, 32.270645, 2043.7639, 2041.2876,
13.436050, 2191.1297, 31.967390, 2038.4090, 2035.9294,
13.446740, 2146.7994, 31.884245, 2033.0894, 2030.6123,
13.457440, 2187.7941, 32.669968, 2027.7975, 2025.3288,
13.468130, 2221.0702, 31.368263, 2022.5463, 2020.0917,
13.478830, 2203.8583, 30.485561, 2017.3283, 2014.8935,
13.489520, 2187.9259, 30.057434, 2012.1566, 2009.7471,
13.500200, 2258.7824, 31.355137, 2007.0334, 2004.6546,
13.510890, 2246.3094, 30.784405, 2001.9524, 1999.6095,
13.521570, 2301.0142, 30.348385, 1996.9254, 1994.6235,
13.532260, 2365.8614, 29.750952, 1991.9463, 1989.6906,
13.542940, 2377.9388, 29.962360, 1987.0269, 1984.8221,
13.553620, 2368.0729, 30.916599, 1982.1656, 1980.0163,
13.564290, 2349.1552, 30.338758, 1977.3701, 1975.2807,
13.574970, 2288.1079, 28.935032, 1972.6339, 1970.6087,
13.585640, 2280.4140, 28.039770, 1967.9691, 1966.0122,
13.596320, 2247.5667, 28.753265, 1963.3698, 1961.4848,
13.606990, 2256.0742, 29.335411, 1958.8478, 1957.0383,
13.617650, 2211.5326, 28.998758, 1954.4057, 1952.6748,
13.628320, 2216.9798, 28.012539, 1950.0386, 1948.3894,
13.638980, 2225.0062, 28.154221, 1945.7574, 1944.1924,
13.649650, 2138.2932, 28.038599, 1941.5577, 1940.0792,
13.660310, 2159.4837, 29.124001, 1937.4500, 1936.0599,
13.670970, 2129.6756, 31.106207, 1933.4338, 1932.1337,
13.681630, 2109.0609, 27.711630, 1929.5124, 1928.3035,
13.692280, 2079.6929, 28.094494, 1925.6928, 1924.5756,
13.702940, 2062.4851, 28.561810, 1921.9708, 1920.9457,
13.713590, 2032.3845, 30.574749, 1918.3571, 1917.4238,
13.724240, 2005.1516, 28.786537, 1914.8510, 1914.0088,
13.734890, 1982.8971, 28.640793, 1911.4567, 1910.7044,
13.745530, 1969.4190, 28.772926, 1908.1802, 1907.5158,
13.756180, 1958.9694, 29.535353, 1905.0192, 1904.4405,
13.766820, 1963.8858, 30.882078, 1901.9830, 1901.4868,
13.777460, 1987.9820, 31.530552, 1899.0723, 1898.6549,
13.788100, 1896.9384, 29.275108, 1896.2907, 1895.9478,
13.798740, 1905.0714, 30.136499, 1893.6421, 1893.3686,
13.809380, 1908.9738, 31.579754, 1891.1304, 1890.9205,
13.820010, 1897.3765, 31.785307, 1888.7612, 1888.6081,
13.830640, 1902.7087, 32.171978, 1886.5364, 1886.4327,
13.841270, 1930.9024, 32.159718, 1884.4595, 1884.3970,
13.851900, 1866.5616, 31.945910, 1882.5351, 1882.5045,
13.862530, 1918.9922, 41.574066, 1880.7670, 1880.7581,
13.873150, 1881.3029, 34.818581, 1879.1607, 1879.1623,
13.883780, 1805.7279, 34.050495, 1877.7175, 1877.7175,
13.894400, 1864.7684, 34.531696, 1876.4426, 1876.4281,
13.905020, 1917.7959, 35.867550, 1875.3307, 1875.2895,
13.915640, 1930.9215, 37.939941, 1874.3761, 1874.2972,
13.926250, 1954.4184, 38.763687, 1873.5739, 1873.4472,
13.936870, 1918.2235, 38.778431, 1872.9173, 1872.7337,
13.947480, 1936.5295, 37.739422, 1872.4018, 1872.1532,
13.958090, 1974.5214, 40.078728, 1872.0216, 1871.7007,
13.968700, 1962.8853, 40.759491, 1871.7714, 1871.3717,
13.979310, 1983.0185, 42.507206, 1871.6458, 1871.1618,
13.989910, 1969.9142, 41.200035, 1871.6396, 1871.0666,
14.000520, 1991.1084, 47.775925, 1871.7477, 1871.0815,
14.011120, 1903.6998, 42.640499, 1871.9648, 1871.2022,
14.021720, 1945.6550, 45.121502, 1872.2858, 1871.4242,
14.032320, 1975.9112, 47.435715, 1872.7059, 1871.7432,
14.042920, 1962.6898, 45.126221, 1873.2200, 1872.1550,
14.053510, 1946.6056, 46.380863, 1873.8225, 1872.6546,
14.064110, 1958.5799, 47.269825, 1874.5098, 1873.2388,
14.074700, 1945.2786, 51.521755, 1875.2758, 1873.9022,
14.085290, 1971.7926, 52.970901, 1876.1161, 1874.6410,
14.095870, 1970.9641, 37.618431, 1877.0252, 1875.4503,
14.106460, 1973.0181, 31.101686, 1878.0000, 1876.3272,
14.117040, 1977.4421, 30.885746, 1879.0340, 1877.2660,
14.127630, 1986.9929, 33.087669, 1880.1245, 1878.2642,
14.138210, 1989.1760, 34.685966, 1881.2647, 1879.3157,
14.148790, 2037.0763, 36.348656, 1882.4510, 1880.4173,
14.159370, 2055.0560, 35.377159, 1883.6788, 1881.5649,
14.169940, 2114.5779, 36.880051, 1884.9422, 1882.7529,
14.180520, 2098.8479, 64.068390, 1886.2391, 1883.9797,
14.182090, 2138.6620, 35.419868, 1886.4340, 1884.1646,
14.193560, 2167.7751, 33.905922, 1887.8752, 1885.5372,
14.205030, 2171.8267, 34.758080, 1889.3425, 1886.9431,
14.216500, 2248.6882, 36.350838, 1890.8299, 1888.3769,
14.227970, 2230.0890, 35.454674, 1892.3316, 1889.8335,
14.239430, 2146.0612, 32.953117, 1893.8408, 1891.3062,
14.250890, 2160.0035, 31.737707, 1895.3526, 1892.7910,
14.262350, 2067.7572, 32.260632, 1896.8617, 1894.2829,
14.273810, 2093.7434, 32.725243, 1898.3621, 1895.7764,
14.285270, 2029.2928, 32.362782, 1899.8479, 1897.2662,
14.296730, 2042.5009, 30.700365, 1901.3136, 1898.7473,
14.308180, 1980.7204, 29.475216, 1902.7521, 1900.2130,
14.319630, 1995.3640, 30.286678, 1904.1588, 1901.6595,
14.331080, 2008.2156, 31.940039, 1905.5281, 1903.0814,
14.342530, 2040.2775, 32.158775, 1906.8540, 1904.4735,
14.353970, 2026.9581, 30.210796, 1908.1295, 1905.8294,
14.365410, 2068.4887, 30.225262, 1909.3503, 1907.1451,
14.376860, 2019.1641, 30.289438, 1910.5112, 1908.4164,
14.388300, 1946.1442, 31.565361, 1911.6044, 1909.6358,
14.399730, 1954.7222, 31.678246, 1912.6241, 1910.7982,
14.411170, 1902.1342, 29.612301, 1913.5662, 1911.9004,
14.422600, 1924.4297, 29.682360, 1914.4230, 1912.9352,
14.434030, 1895.5145, 29.208281, 1915.1893, 1913.8981,
14.445460, 1897.9581, 30.658413, 1915.8592, 1914.7841,
14.456890, 1921.2571, 29.897892, 1916.4264, 1915.5877,
14.468320, 1903.3616, 28.674770, 1916.8848, 1916.3035,
14.479740, 1945.6641, 27.887896, 1917.2279, 1916.9259,
14.491160, 1889.4649, 27.231709, 1917.4500, 1917.4500,
14.502580, 1901.8303, 28.428852, 1917.5473, 1917.8724,
14.514000, 1946.9292, 28.665022, 1917.5263, 1918.1971,
14.525420, 1910.7317, 27.594551, 1917.3962, 1918.4299,
14.536830, 1912.5275, 25.797260, 1917.1661, 1918.5767,
14.548240, 1902.6995, 26.060492, 1916.8449, 1918.6435,
14.559650, 1888.4864, 30.514755, 1916.4415, 1918.6361,
14.571060, 1881.3480, 27.171059, 1915.9648, 1918.5603,
14.582470, 1911.6220, 26.888458, 1915.4237, 1918.4219,
14.593870, 1886.1005, 28.819370, 1914.8273, 1918.2268,
14.605270, 1940.3490, 26.798565, 1914.1841, 1917.9808,
14.616670, 1887.0430, 26.513834, 1913.5028, 1917.6895,
14.628070, 1901.8474, 30.956894, 1912.7919, 1917.3587,
14.639470, 1890.4870, 27.874481, 1912.0603, 1916.9941,
14.650860, 1929.5939, 26.849537, 1911.3173, 1916.6018,
14.662260, 1886.0596, 26.884834, 1910.5702, 1916.1868,
14.673650, 1881.1027, 27.600256, 1909.8289, 1915.7555,
14.685040, 1905.7535, 29.140379, 1909.1015, 1915.3133,
14.696420, 1903.1263, 29.476131, 1908.3974, 1914.8663,
14.707810, 1905.3838, 28.817190, 1907.7237, 1914.4192,
14.719190, 1918.8188, 29.436234, 1907.0905, 1913.9788,
14.730570, 1915.5946, 29.801249, 1906.5057, 1913.5501,
14.741950, 1897.3569, 31.643993, 1905.9781, 1913.1388,
14.753330, 1923.5181, 31.716982, 1905.5164, 1912.7507,
14.764700, 1936.3911, 31.375648, 1905.1297, 1912.3918,
14.776080, 1940.3580, 30.770378, 1904.8261, 1912.0671,
14.787450, 1876.9037, 30.425964, 1904.6148, 1911.7828,
14.798820, 1900.7283, 32.323784, 1904.5046, 1911.5443,
14.810190, 1875.8093, 31.821384, 1904.5042, 1911.3573,
14.821550, 1946.3131, 32.226795, 1904.6225, 1911.2277,
14.832920, 1924.3677, 31.783957, 1904.8686, 1911.1609,
14.844280, 1925.8469, 31.560825, 1905.2513, 1911.1627,
14.855640, 1912.6727, 33.633324, 1905.7797, 1911.2388,
14.866990, 1888.8337, 33.461418, 1906.4624, 1911.3947,
14.878350, 1916.5539, 33.768066, 1907.3098, 1911.6365,
14.889710, 1922.3957, 33.250908, 1908.3307, 1911.9698,
14.901060, 1894.6586, 32.804100, 1909.5334, 1912.4000,
14.912410, 1934.7471, 34.298153, 1910.9281, 1912.9331,
14.923760, 1943.5922, 35.419590, 1912.5246, 1913.5749,
14.935100, 1905.9066, 36.889061, 1914.3304, 1914.3304,
14.946450, 1870.1150, 36.069408, 1916.3563, 1915.2058,
14.957790, 1917.2915, 36.355774, 1918.5938, 1916.1991,
14.969130, 1911.5202, 37.594357, 1921.0376, 1917.3092,
14.980470, 1908.7729, 38.380039, 1923.6811, 1918.5349,
14.991810, 1925.9658, 40.737679, 1926.5172, 1919.8746,
15.003140, 1912.6592, 40.348526, 1929.5367, 1921.3256,
15.014480, 1928.9027, 39.565727, 1932.7376, 1922.8885,
15.025810, 1919.4447, 41.376617, 1936.1084, 1924.5597,
15.037140, 1889.7022, 41.748653, 1939.6449, 1926.3386,
15.048460, 1905.5403, 44.998783, 1943.3375, 1928.2224,
15.059790, 1923.8143, 45.741035, 1947.1863, 1930.2129,
15.071110, 1871.3039, 44.207024, 1951.1785, 1932.3052,
15.082440, 1946.4235, 34.236824, 1955.3150, 1934.5018,
15.093750, 1940.0672, 28.149502, 1959.5780, 1936.7952,
15.105070, 1949.5864, 29.771753, 1963.9731, 1939.1901,
15.116390, 1941.3829, 31.463295, 1968.4904, 1941.6833,
15.127700, 1929.0543, 31.255455, 1973.1196, 1944.2710,
15.139020, 1913.3735, 32.754452, 1977.8635, 1946.9567,
15.150330, 1978.6682, 33.211830, 1982.7075, 1949.7342,
15.162390, 1926.8013, 39.518841, 1987.9814, 1952.7985,
15.174730, 1917.9926, 38.366287, 1993.4868, 1956.0420,
15.187070, 1874.7598, 37.853016, 1999.0946, 1959.3929,
15.199410, 1933.5460, 39.490799, 2004.7982, 1962.8501,
15.211740, 1972.3426, 38.107483, 2010.5847, 1966.4086,
15.224080, 2000.4270, 36.382034, 2016.4576, 1970.0735,
15.236410, 1975.8760, 33.273445, 2022.3993, 1973.8368,
15.248740, 2003.1045, 32.979347, 2028.4075, 1977.7001,
15.261060, 2010.2460, 34.824047, 2034.4702, 1981.6586,
15.273390, 1972.0248, 34.190933, 2040.5906, 1985.7176,
15.285710, 2085.5076, 34.786957, 2046.7517, 1989.8692,
15.298030, 2063.7220, 32.003586, 2052.9508, 1994.1148,
15.310350, 2028.4858, 31.727686, 2059.1820, 1998.4537,
15.322660, 1983.6947, 33.017715, 2065.4325, 2002.8805,
15.334980, 2002.8111, 34.124161, 2071.7055, 2007.4009,
15.347290, 2017.1243, 34.948647, 2077.9845, 2012.0069,
15.359600, 2046.6477, 32.956615, 2084.2675, 2016.7005,
15.371900, 2021.0652, 32.904026, 2090.5422, 2021.4764,
15.384210, 2052.0639, 34.700542, 2096.8124, 2026.3415,
15.396510, 2072.8280, 35.247711, 2103.0611, 2031.2867,
15.408810, 2223.0532, 38.050644, 2109.2858, 2036.3143,
15.421110, 2071.8843, 33.720367, 2115.4806, 2041.4236,
15.433410, 2097.8519, 32.153099, 2121.6376, 2046.6130,
15.445700, 2065.0952, 31.939547, 2127.7475, 2051.8774,
15.457990, 2150.3032, 33.525017, 2133.8184, 2057.2197,
15.470280, 2163.3482, 35.220432, 2139.8550, 2062.6390,
15.482570, 2131.0782, 33.224525, 2145.8624, 2068.1339,
15.494860, 2125.9371, 31.722921, 2151.8456, 2073.7036,
15.507140, 2186.4352, 31.504009, 2157.8049, 2079.3425,
15.519420, 2280.0931, 32.316956, 2163.7493, 2085.0534,
15.531700, 2824.2724, 37.003754, 2169.6847, 2090.8363,
15.543980, 6014.0369, 52.251179, 2175.6152, 2096.6891,
15.556260, 7638.8143, 58.977116, 2181.5464, 2102.6119,
15.568530, 3733.3997, 40.544010, 2187.4778, 2108.5979,
15.580800, 2283.1104, 32.153358, 2193.4194, 2114.6514,
15.593070, 2206.6095, 33.543034, 2199.3760, 2120.7714,
15.605340, 2217.4437, 33.983398, 2205.3526, 2126.9569,
15.617600, 2226.8559, 32.875668, 2211.3493, 2133.2021,
15.629860, 2245.3609, 30.821058, 2217.3753, 2139.5103,
15.642120, 2242.8293, 29.425182, 2223.4365, 2145.8818,
15.654380, 2233.3317, 29.852642, 2229.5369, 2152.3146,
15.666640, 2247.9656, 30.062141, 2235.6823, 2158.8089,
15.678890, 2243.8316, 30.080559, 2241.8721, 2165.3576,
15.691140, 2307.1698, 29.556538, 2248.1163, 2171.9654,
15.703390, 2277.2210, 27.626801, 2254.4202, 2178.6316,
15.715640, 2325.0624, 28.709869, 2260.7888, 2185.3553,
15.727890, 2300.3497, 29.315134, 2267.2272, 2192.1357,
15.740130, 2337.6430, 30.898046, 2273.7354, 2198.9667,
15.752370, 2326.8039, 30.527908, 2280.3230, 2205.8522,
15.764610, 2408.8449, 30.143343, 2286.9965, 2212.7925,
15.776850, 2438.2482, 31.382687, 2293.7599, 2219.7857,
15.789090, 2380.1307, 31.453682, 2300.6197, 2226.8323,
15.801320, 2358.7343, 32.738098, 2307.5746, 2233.9248,
15.813550, 2398.2387, 35.019447, 2314.6360, 2241.0685,
15.825780, 2370.1662, 33.864281, 2321.8094, 2248.2628,
15.838010, 2409.4035, 34.081352, 2329.1002, 2255.5068,
15.850230, 2402.4274, 33.775856, 2336.5082, 2262.7943,
15.862450, 2474.8700, 34.867386, 2344.0441, 2270.1295,
15.874670, 2414.2923, 36.399555, 2351.7148, 2277.5131,
15.886890, 2444.0258, 36.008064, 2359.5256, 2284.9436,
15.899110, 2545.0677, 37.040783, 2367.4817, 2292.4199,
15.911320, 2486.0136, 35.548756, 2375.5832, 2299.9361,
15.923540, 2533.4834, 36.516758, 2383.8495, 2307.5038,
15.935750, 2444.2569, 37.530251, 2392.2725, 2315.1095,
15.947960, 2412.0937, 38.047977, 2400.8655, 2322.7589,
15.960160, 2444.6563, 38.329407, 2409.6277, 2330.4455,
15.972370, 2456.2066, 39.120346, 2418.5793, 2338.1807,
15.984570, 2522.2841, 38.839050, 2427.7120, 2345.9511,
15.996770, 2520.9521, 39.720543, 2437.0408, 2353.7636,
16.008961, 2523.7121, 41.338528, 2446.5641, 2361.6107,
16.021160, 2639.7264, 43.438446, 2456.3029, 2369.5035,
16.033350, 2556.9856, 43.295738, 2466.2494, 2377.4298,
16.045549, 2539.5209, 42.042885, 2476.4263, 2385.4014,
16.057739, 2647.5918, 43.813156, 2486.8248, 2393.4054,
16.069920, 2506.1981, 43.525436, 2497.4516, 2401.4410,
16.082109, 2525.9159, 43.326611, 2508.3307, 2409.5204,
16.094290, 2495.8557, 43.301548, 2519.4526, 2417.6304,
16.106470, 2460.0734, 46.122475, 2530.8333, 2425.7769,
16.118650, 2541.1822, 43.191090, 2542.4806, 2433.9593,
16.130831, 2463.0050, 40.868248, 2554.4024, 2442.1771,
16.143009, 2464.4666, 41.714302, 2566.6048, 2450.4286,
16.155180, 2470.3839, 42.923828, 2579.0900, 2458.7093,
16.167351, 2546.6900, 48.208359, 2591.8738, 2467.0240,
16.179520, 2631.3689, 46.312473, 2604.9627, 2475.3710,
16.191681, 2489.9975, 42.477451, 2618.3589, 2483.7457,
16.203850, 2524.5759, 46.708710, 2632.0879, 2492.1582,
16.216009, 2557.1949, 47.119633, 2646.1394, 2500.5963,
16.228170, 2745.5491, 55.871380, 2660.5355, 2509.0673,
16.240330, 2564.3036, 50.568550, 2675.2809, 2517.5684,
16.252489, 2687.0032, 53.909859, 2690.3875, 2526.1002,
16.264641, 2683.9290, 52.769318, 2705.8479, 2534.6571,
16.276791, 2771.1528, 57.489021, 2721.6421, 2543.2426,
16.288950, 2714.6884, 59.002357, 2737.7513, 2551.8645,
16.301090, 2802.4303, 68.984062, 2754.1035, 2560.5020,
16.313240, 2859.7284, 67.340462, 2770.7032, 2569.1751,
16.325380, 2980.2698, 71.815285, 2787.4910, 2577.8697,
16.337530, 3137.5364, 49.832535, 2804.4598, 2586.5992,
16.349670, 3215.2591, 42.459629, 2821.5498, 2595.3495,
16.361799, 3270.1030, 41.533169, 2838.7247, 2604.1188,
16.373940, 3629.2524, 50.060616, 2855.9839, 2612.9232,
16.386070, 3688.6690, 47.529636, 2873.2646, 2621.7472,
16.398211, 3948.7517, 51.978497, 2890.5609, 2630.6044,
16.410339, 3861.1476, 47.306671, 2907.8099, 2639.4790,
16.422461, 3883.2470, 48.834572, 2924.9841, 2648.3735,
16.434589, 4001.9756, 54.934067, 2942.0723, 2657.2988,
16.446711, 3955.1817, 52.944038, 2959.0198, 2666.2432,
16.458839, 4059.5569, 47.459782, 2975.8149, 2675.2178,
16.470961, 3769.6549, 53.405334, 2992.4032, 2684.2108,
16.483070, 3635.8239, 50.264351, 3008.7469, 2693.2192,
16.495190, 3568.7686, 68.966751, 3024.8409, 2702.2582,
16.500280, 3779.6651, 54.133785, 3031.5147, 2706.0620,
16.513599, 3594.2006, 46.868393, 3048.7105, 2716.0332,
16.526911, 3450.2433, 42.448536, 3065.4772, 2726.0262,
16.540211, 3439.8003, 42.724426, 3081.7660, 2736.0377,
16.553520, 3328.6354, 42.776741, 3097.5574, 2746.0830,
16.566820, 3339.2149, 44.122208, 3112.7833, 2756.1475,
16.580120, 3269.3434, 43.681381, 3127.4092, 2766.2379,
16.593420, 3193.3318, 41.033371, 3141.3891, 2776.3539,
16.606710, 3176.3754, 41.722183, 3154.6668, 2786.4879,
16.620001, 3111.2594, 41.349251, 3167.2056, 2796.6468,
16.633301, 3090.0936, 41.484081, 3178.9862, 2806.8375,
16.646589, 3264.9678, 43.662758, 3190.0418, 2817.0436,
16.659870, 3287.2724, 41.620522, 3200.4484, 2827.2677,
16.673149, 3314.8134, 40.097771, 3210.2818, 2837.5139,
16.686440, 3249.3753, 38.375088, 3219.6214, 2847.7921,
16.699711, 3315.2377, 39.393837, 3228.5163, 2858.0785,
16.712990, 3399.4795, 42.272720, 3237.0546, 2868.3933,
16.726271, 3360.6424, 47.453743, 3245.3014, 2878.7320,
16.739540, 3365.8292, 41.442581, 3253.3181, 2889.0837,
16.752810, 3274.6394, 39.430748, 3261.1808, 2899.4570,
16.766081, 3300.0833, 39.284721, 3268.9594, 2909.8533,
16.779341, 3344.0867, 40.805248, 3276.7148, 2920.2618,
16.792601, 3297.1817, 41.608356, 3284.5224, 2930.6910,
16.805870, 3282.6401, 40.696129, 3292.4566, 2941.1484,
16.819120, 3257.2377, 39.102676, 3300.5689, 2951.6110,
16.832380, 3323.9484, 36.791885, 3308.9454, 2962.1012,
16.845631, 3296.8376, 34.727478, 3317.6428, 2972.6036,
16.858891, 3252.9758, 35.227879, 3326.7431, 2983.1331,
16.872141, 3373.0828, 37.566032, 3336.2825, 2993.6744,
16.885380, 3386.8707, 37.915314, 3346.2292, 3004.2255,
16.898630, 3388.3047, 37.544609, 3356.5515, 3014.8047,
16.911869, 3312.6470, 35.689499, 3367.1828, 3025.3932,
16.925110, 3401.4905, 36.891937, 3378.0849, 3036.0016,
16.938351, 3435.8414, 38.823395, 3389.2081, 3046.6282,
16.951580, 3405.7119, 40.523220, 3400.4943, 3057.2635,
16.964821, 3433.0435, 41.366901, 3411.9151, 3067.9257,
16.978050, 3444.0871, 39.659698, 3423.4028, 3078.5961,
16.991270, 3607.4478, 39.438866, 3434.9111, 3089.2762,
17.004499, 3546.3564, 37.563915, 3446.4088, 3099.9810,
17.017719, 3926.0788, 39.600342, 3457.8317, 3110.6949,
17.030951, 4930.0351, 46.109791, 3469.1500, 3121.4349,
17.044161, 4483.3807, 46.093670, 3480.2884, 3132.1743,
17.057381, 3684.1470, 41.736012, 3491.2247, 3142.9378,
17.070601, 3610.0696, 40.328541, 3501.9030, 3153.7174,
17.083811, 3696.5806, 42.656197, 3512.2676, 3164.5052,
17.097019, 3559.4781, 40.304657, 3522.2766, 3175.3073,
17.110229, 3684.2539, 43.810032, 3531.8843, 3186.1265,
17.123430, 3623.4192, 44.780170, 3541.0341, 3196.9534,
17.136641, 3566.0112, 43.489902, 3549.6901, 3207.8034,
17.149839, 3544.2925, 40.956490, 3557.7893, 3218.6591,
17.163040, 3573.4538, 42.209053, 3565.2910, 3229.5314,
17.176229, 3586.2875, 39.530842, 3572.1381, 3240.4091,
17.189430, 3563.9248, 39.936146, 3578.3071, 3251.3110,
17.202620, 3592.7319, 41.085911, 3583.8106, 3262.2179,
17.215811, 3579.5551, 40.705883, 3588.6925, 3273.1408,
17.229000, 3665.1594, 40.430069, 3592.9889, 3284.0764,
17.242180, 3720.9576, 41.264206, 3596.7348, 3295.0183,
17.255369, 3694.4528, 42.682312, 3599.9723, 3305.9821,
17.268551, 3681.3977, 43.498917, 3602.7332, 3316.9534,
17.281719, 3688.7836, 44.483406, 3605.0533, 3327.9274,
17.294901, 3735.6774, 48.053890, 3606.9729, 3338.9262,
17.308069, 3937.5201, 51.766960, 3608.5234, 3349.9274,
17.321251, 3799.0324, 46.086029, 3609.7430, 3360.9531,
17.334410, 3996.0756, 47.945587, 3610.6635, 3371.9731,
17.347580, 4041.7631, 49.631893, 3611.3224, 3383.0158,
17.360750, 4037.1016, 50.482101, 3611.7532, 3394.0716,
17.373911, 4108.1052, 53.054768, 3611.9902, 3405.1325,
17.387070, 4023.3756, 52.399273, 3612.0677, 3416.2047,
17.400230, 4129.2018, 53.967560, 3612.0200, 3427.2913,
17.413380, 3966.6060, 49.846786, 3611.8810, 3438.3810,
17.426540, 3962.7369, 51.332680, 3611.6844, 3449.4930,
17.439690, 3871.4037, 51.026840, 3611.4643, 3460.6079,
17.452841, 3739.5889, 54.471741, 3611.2543, 3471.7369,
17.465981, 3782.1605, 54.763306, 3611.0884, 3482.8687,
17.479130, 3783.9872, 56.068794, 3610.9999, 3494.0209,
17.492270, 3735.7610, 54.636406, 3611.0229, 3505.1772,
17.505409, 3537.1481, 51.209175, 3611.1910, 3516.3458,
17.518551, 3647.3609, 52.456242, 3611.5383, 3527.5281,
17.531679, 3633.1468, 53.273403, 3612.0981, 3538.7111,
17.544821, 3609.0790, 53.984230, 3612.9057, 3549.9176,
17.557949, 3529.3492, 52.140522, 3613.9937, 3561.1246,
17.571079, 3708.6000, 54.351517, 3615.3974, 3572.3451,
17.584200, 3604.6258, 52.837589, 3617.1435, 3583.5693,
17.597330, 3625.3330, 53.671745, 3619.2370, 3594.8135,
17.610451, 3688.0236, 56.296379, 3621.6709, 3606.0614,
17.623569, 3610.8246, 56.851761, 3624.4426, 3617.3193,
17.636690, 3732.5370, 70.573441, 3627.5496, 3628.5905,
17.649799, 3517.9050, 62.283058, 3630.9850, 3639.8635,
17.662910, 3680.7660, 66.648918, 3634.7491, 3651.1498,
17.676029, 3782.6336, 63.505348, 3638.8410, 3662.4542,
17.689131, 3809.3429, 71.572227, 3643.2502, 3673.7554,
17.702240, 3728.1663, 74.651428, 3647.9822, 3685.0747,
17.715349, 3689.6277, 69.910805, 3653.0325, 3696.4056,
17.728451, 3667.8985, 71.317223, 3658.3957, 3707.7413,
17.741550, 3712.5809, 64.554001, 3664.0723, 3719.0868,
17.754641, 3881.3110, 50.683441, 3670.0568, 3730.4355,
17.767740, 3868.9849, 47.020393, 3676.3567, 3741.8040,
17.780830, 3907.7948, 53.867119, 3682.9616, 3753.1756,
17.793921, 3863.2003, 49.701542, 3689.8749, 3764.5586,
17.807011, 3753.8666, 46.349419, 3697.0960, 3775.9530,
17.820101, 3877.0875, 51.393875, 3704.6242, 3787.3589,
17.833179, 3835.4432, 50.332764, 3712.4522, 3798.7662,
17.846270, 3776.1227, 48.589256, 3720.5934, 3810.1949,
17.859341, 3757.6408, 48.914932, 3729.0285, 3821.6185,
17.872419, 3853.3283, 55.028839, 3737.7747, 3833.0601,
17.885500, 3900.1545, 58.063232, 3746.8286, 3844.5148,
17.898569, 3878.3021, 57.755424, 3756.1815, 3855.9710,
17.911640, 3821.2291, 55.896923, 3765.8431, 3867.4404,
17.924709, 3762.8214, 53.959957, 3775.8117, 3878.9196,
17.937780, 4051.9469, 88.909790, 3786.0912, 3890.4120,
17.941250, 3884.7127, 55.217010, 3788.8719, 3893.4644,
17.955721, 3761.7116, 50.410507, 3800.7067, 3906.2046,
17.970181, 3838.1468, 50.395561, 3812.9154, 3918.9490,
17.984650, 3816.8609, 49.028625, 3825.5180, 3931.7160,
17.999109, 3823.6341, 48.778900, 3838.5007, 3944.4890,
18.013571, 3906.0903, 50.721420, 3851.8764, 3957.2780,
18.028021, 3873.6583, 48.549618, 3865.6357, 3970.0713,
18.042480, 3920.2060, 48.660561, 3879.8022, 3982.8876,
18.056931, 3903.9677, 48.184692, 3894.3611, 3995.7099,
18.071381, 3831.5815, 48.955708, 3909.3259, 4008.5469,
18.085819, 3872.8199, 50.337227, 3924.6829, 4021.3884,
18.100269, 4018.0543, 51.779274, 3940.4324, 4034.2548,
18.114710, 4106.4300, 51.724312, 3956.5221, 4047.1276,
18.129150, 4105.7752, 49.219780, 3972.9329, 4060.0153,
18.143579, 4023.2790, 46.987450, 3989.6224, 4072.9078,
18.158020, 3911.2529, 45.013557, 4006.5883, 4085.8257,
18.172449, 4087.9597, 50.114902, 4023.7752, 4098.7486,
18.186880, 4002.5194, 51.690319, 4041.1703, 4111.6884,
18.201300, 4148.9031, 53.772648, 4058.7290, 4124.6334,
18.215719, 4091.5331, 51.378834, 4076.4373, 4137.5940,
18.230150, 4037.0846, 46.839287, 4094.2811, 4150.5805,
18.244560, 4097.4572, 45.577198, 4112.1927, 4163.5638,
18.258980, 4126.2225, 45.094933, 4130.1820, 4176.5717,
18.273390, 4135.0246, 46.357349, 4148.1975, 4189.5869,
18.287800, 4181.3627, 47.506145, 4166.2236, 4202.6183,
18.302210, 4227.4683, 47.848549, 4184.2326, 4215.6660,
18.316620, 4223.3950, 46.095779, 4202.1968, 4228.7301,
18.331020, 4193.8459, 45.413383, 4220.0770, 4241.8021,
18.345421, 4276.1712, 48.107563, 4237.8571, 4254.8908,
18.359819, 4207.7538, 47.878407, 4255.5073, 4267.9947,
18.374210, 4280.6517, 51.211170, 4272.9928, 4281.1086,
18.388611, 4245.0026, 50.253204, 4290.3065, 4294.2485,
18.403000, 4278.6348, 47.763111, 4307.3953, 4307.3953,
18.417379, 4401.9989, 47.705376, 4324.2401, 4320.5513,
18.431770, 4330.6882, 46.504604, 4340.8702, 4333.7387,
18.446150, 4274.8687, 45.668571, 4357.2702, 4346.9395,
18.460529, 4418.8159, 50.600166, 4373.4642, 4360.1676,
18.474911, 4427.2191, 53.516384, 4389.4650, 4373.4280,
18.489281, 4586.3638, 54.984879, 4405.2684, 4386.7116,
18.503660, 4382.9947, 49.881737, 4420.9081, 4400.0410,
18.518030, 4289.8892, 46.254810, 4436.3734, 4413.4020,
18.532391, 4435.3025, 44.821209, 4451.6749, 4426.7975,
18.546761, 4428.0841, 44.989170, 4466.8428, 4440.2489,
18.561119, 4356.8643, 46.255886, 4481.8650, 4453.7397,
18.575480, 4560.8075, 49.837799, 4496.7653, 4467.2857,
18.589840, 4603.5059, 50.628098, 4511.5514, 4480.8886,
18.604191, 4562.7030, 49.473618, 4526.2232, 4494.5425,
18.618549, 4698.8136, 50.464321, 4540.8078, 4508.2672,
18.632900, 4688.9191, 49.986897, 4555.2991, 4522.0515,
18.647240, 4702.2870, 52.244621, 4569.7028, 4535.8949,
18.661591, 4916.7020, 54.704048, 4584.0512, 4549.8231,
18.675930, 5463.1128, 59.554039, 4598.3306, 4563.8171,
18.690269, 8282.1704, 71.664848, 4612.5617, 4577.8916,
18.704611, 16537.627, 101.26385, 4626.7556, 4592.0519,
18.718941, 14624.969, 93.372299, 4640.9082, 4606.2882,
18.733271, 6904.0781, 64.086868, 4655.0399, 4620.6154,
18.747601, 5025.7685, 58.651539, 4669.1599, 4635.0370,
18.761930, 4936.7050, 59.228882, 4683.2771, 4649.5565,
18.776260, 4930.0804, 61.673691, 4697.4006, 4664.1776,
18.790581, 4822.6032, 58.033081, 4711.5301, 4678.8940,
18.804899, 4846.2728, 53.570213, 4725.6822, 4693.7172,
18.819220, 4899.8062, 51.871307, 4739.8697, 4708.6547,
18.833530, 5050.4886, 53.273418, 4754.0904, 4723.6982,
18.847839, 4930.2098, 52.408573, 4768.3608, 4738.8594,
18.862150, 4913.2088, 55.837822, 4782.6939, 4754.1461,
18.876459, 5050.9456, 60.800827, 4797.0952, 4769.5580,
18.890770, 5090.7295, 60.467171, 4811.5777, 4785.1030,
18.905069, 5109.3220, 61.883564, 4826.1371, 4800.7703,
18.919371, 4917.2979, 59.146103, 4840.7963, 4816.5785,
18.933670, 5047.6679, 60.043037, 4855.5609, 4832.5272,
18.947960, 5135.9253, 65.737183, 4870.4322, 4848.6117,
18.962250, 4913.8125, 63.716984, 4885.4298, 4864.8467,
18.976540, 5111.9576, 67.002342, 4900.5632, 4881.2361,
18.990829, 5183.0073, 66.300293, 4915.8423, 4897.7841,
19.005119, 5216.7075, 66.102936, 4931.2769, 4914.4948,
19.019400, 5086.9335, 62.806633, 4946.8665, 4931.3612,
19.033680, 5007.1619, 62.743240, 4962.6316, 4948.3985,
19.047960, 5081.8702, 67.089012, 4978.5823, 4965.6110,
19.062229, 5256.2249, 74.856705, 4994.7161, 4982.9890,
19.076500, 5329.1008, 92.018761, 5011.0582, 5000.5531,
19.090771, 4923.1054, 69.511894, 5027.6173, 5018.3052,
19.105040, 5197.4290, 69.263443, 5044.4018, 5036.2474,
19.119310, 5423.4900, 70.649643, 5061.4272, 5054.3892,
19.133570, 5140.0340, 64.740707, 5078.6885, 5072.7178,
19.147829, 5080.3335, 67.461838, 5096.2107, 5091.2524,
19.162090, 5030.3671, 71.144974, 5114.0075, 5110.0002,
19.176340, 5171.9690, 74.995178, 5132.0737, 5128.9481,
19.190599, 5196.1857, 80.210991, 5150.4479, 5148.1288,
19.204849, 5422.2546, 83.670685, 5169.1176, 5167.5215,
19.219101, 5305.7568, 79.964119, 5188.1098, 5187.1465,
19.233339, 4994.9078, 72.578842, 5207.4164, 5206.9875,
19.247580, 5320.0882, 83.020668, 5227.0706, 5227.0706,
19.261820, 5234.5676, 72.282066, 5247.0753, 5247.3941,
19.276060, 5280.0324, 84.437660, 5267.4069, 5267.9437,
19.290300, 5593.6374, 83.227959, 5288.0344, 5288.7011,
19.304529, 5301.8686, 90.213882, 5308.9102, 5309.6310,
19.318760, 5458.3986, 92.013855, 5330.0231, 5330.7347,
19.332991, 5402.1311, 93.590195, 5351.3401, 5351.9912,
19.347219, 5392.1234, 91.786423, 5372.8281, 5373.3797,
19.361441, 5632.9240, 98.954109, 5394.4484, 5394.8733,
19.375660, 5693.0782, 106.72911, 5416.1797, 5416.4626,
19.389879, 5033.3390, 89.881927, 5437.9951, 5438.1324,
19.404100, 5488.5777, 98.271347, 5459.8678, 5459.8678,
19.418310, 5449.2379, 94.282043, 5481.7478, 5481.6304,
19.432520, 5635.1064, 99.703285, 5503.6229, 5503.4198,
