# wave, flux, fluxerr, continuum, continuum_plateau
9.9725246, 503.72703, 24.193008, 539.70717, 539.63481,
9.9806166, 507.96466, 25.683701, 537.27887, 537.23033,
9.9887066, 515.08446, 22.463047, 534.93242, 534.90243,
9.9967957, 526.29194, 21.591614, 532.66812, 532.65184,
10.004880, 504.00801, 23.063189, 530.48758, 530.48060,
10.012970, 477.50198, 22.507315, 528.38863, 528.38695,
10.021050, 542.44475, 20.584156, 526.37585, 526.37585,
10.029140, 484.83141, 20.658813, 524.44517, 524.44361,
10.037220, 623.09308, 23.820663, 522.60208, 522.59609,
10.045300, 530.12897, 20.547638, 520.84474, 520.83180,
10.053380, 531.77131, 19.675440, 519.17371, 519.15165,
10.061460, 529.99737, 21.265879, 517.59016, 517.55711,
10.069540, 585.37190, 21.149248, 516.09451, 516.04892,
10.077610, 528.44837, 18.291355, 514.68954, 514.63018,
10.085690, 521.51010, 18.962523, 513.37256, 513.29845,
10.093760, 481.88766, 19.540934, 512.14756, 512.05802,
10.101830, 565.88475, 18.483486, 511.01379, 510.90839,
10.109900, 526.10073, 17.337688, 509.97204, 509.85057,
10.117970, 499.81417, 18.367537, 509.02347, 508.88597,
10.126040, 539.09027, 18.473370, 508.16889, 508.01561,
10.134100, 505.90593, 16.510977, 507.41020, 507.24160,
10.142170, 499.80472, 16.916832, 506.74640, 506.56309,
10.150230, 536.29257, 18.424145, 506.18017, 505.98297,
10.158300, 489.53694, 16.929314, 505.71120, 505.50105,
10.166360, 538.61230, 16.385048, 505.34169, 505.11970,
10.174420, 569.22970, 17.950390, 505.07202, 504.83942,
10.182470, 538.86955, 18.215763, 504.90348, 504.66162,
10.190530, 562.33822, 19.709759, 504.83677, 504.58707,
10.198590, 483.11606, 16.371704, 504.87330, 504.61729,
10.206640, 470.19346, 18.136494, 505.01401, 504.75327,
10.214690, 531.68403, 18.176563, 505.26008, 504.99624,
10.222750, 507.80965, 16.675056, 505.61320, 505.34792,
10.230800, 489.68538, 18.156158, 506.07378, 505.80876,
10.238850, 452.58155, 19.253157, 506.64345, 506.38039,
10.246890, 476.54917, 18.170921, 507.32264, 507.06319,
10.254940, 563.23558, 19.180182, 508.11427, 507.86010,
10.262990, 516.33705, 21.413914, 509.01895, 508.77166,
10.271030, 527.84445, 21.981083, 510.03680, 509.79791,
10.279070, 547.23282, 20.504366, 511.17006, 510.94104,
10.287120, 540.80034, 21.230698, 512.42198, 512.20421,
10.295150, 547.81788, 23.062332, 513.78907, 513.58377,
10.303190, 524.04635, 21.386879, 515.27778, 515.08609,
10.311230, 523.43591, 20.035475, 516.88773, 516.71061,
10.319270, 537.93411, 21.969940, 518.62083, 518.45909,
10.327300, 487.29943, 22.701384, 520.47596, 520.33020,
10.335340, 562.85700, 21.595537, 522.45932, 522.32998,
10.343370, 556.48029, 21.630957, 524.56809, 524.45535,
10.351400, 495.36303, 23.462713, 526.80571, 526.70952,
10.359430, 438.06839, 22.676643, 529.17408, 529.09414,
10.367460, 529.34418, 22.203419, 531.67493, 531.61065,
10.375480, 602.05611, 24.430220, 534.30647, 534.25696,
10.383510, 608.87834, 34.833023, 537.07737, 537.04144,
10.391530, 852.52969, 36.323986, 539.98253, 539.95864,
10.399560, 813.53194, 23.097504, 543.03072, 543.01697,
10.407580, 530.12356, 19.251085, 546.21655, 546.21067,
10.415600, 566.12208, 20.923328, 549.54506, 549.54438,
10.423620, 507.45623, 20.974621, 553.01898, 553.02041,
10.431640, 571.63135, 20.622639, 556.63946, 556.63946,
10.439650, 527.39952, 20.676147, 560.40335, 560.39808,
10.447670, 610.58809, 21.778526, 564.31726, 564.30315,
10.455680, 588.68087, 20.592194, 568.36718, 568.34109,
10.463700, 576.01461, 19.894350, 572.55998, 572.51912,
10.471710, 556.23068, 22.387016, 576.88098, 576.82298,
10.479720, 556.48337, 21.970995, 581.33191, 581.25472,
10.487730, 616.21934, 20.913671, 585.90913, 585.81104,
10.495730, 745.47185, 22.538773, 590.60336, 590.48299,
10.503740, 1161.6457, 28.551500, 595.42223, 595.27843,
10.511750, 1241.1302, 29.108173, 600.35665, 600.18858,
10.519750, 890.46698, 25.080614, 605.39642, 605.20354,
10.527750, 644.44400, 26.137486, 610.54507, 610.32702,
10.535750, 676.55438, 29.953213, 615.79854, 615.55519,
10.543750, 643.79113, 28.938810, 621.15275, 620.88420,
10.551750, 661.16499, 29.893263, 626.60556, 626.31209,
10.559750, 731.31144, 34.383110, 632.15230, 631.83436,
10.567850, 737.84977, 22.000048, 637.86206, 637.51997,
10.576350, 714.13170, 22.086264, 643.95023, 643.58366,
10.584840, 725.65183, 22.253983, 650.12588, 649.73590,
10.593340, 798.24664, 20.955879, 656.40032, 655.98807,
10.601830, 735.16410, 20.198750, 662.75413, 662.32097,
10.610330, 732.41730, 21.772465, 669.19911, 668.74644,
10.618820, 700.00040, 20.816547, 675.71621, 675.24560,
10.627310, 730.58431, 19.852301, 682.30800, 681.82109,
10.635800, 682.28252, 20.148239, 688.97215, 688.47064,
10.644280, 718.66214, 21.887375, 695.69573, 695.18142,
10.652770, 699.56702, 20.549938, 702.49082, 701.96554,
10.661250, 758.27985, 20.193251, 709.33837, 708.80402,
10.669740, 769.42516, 21.622381, 716.25005, 715.70852,
10.678220, 762.15821, 22.203934, 723.20656, 722.65982,
10.686700, 752.78281, 20.567436, 730.21192, 729.66194,
10.695180, 757.07897, 20.418999, 737.26243, 736.71118,
10.703650, 739.80923, 21.464275, 744.34638, 743.79584,
10.712130, 801.27855, 21.608816, 751.47525, 750.92739,
10.720600, 803.59020, 20.142050, 758.63092, 758.08770,
10.729080, 790.32806, 20.332848, 765.82505, 765.28844,
10.737550, 905.53862, 22.372002, 773.03699, 772.50891,
10.746020, 814.90535, 20.773861, 780.27280, 779.75515,
10.754490, 805.07674, 19.598967, 787.52721, 787.02188,
10.762960, 745.09576, 19.689137, 794.79824, 794.30708,
10.771420, 781.07080, 21.264828, 802.07159, 801.59639,
10.779890, 792.24236, 20.339931, 809.36332, 808.90588,
10.788350, 822.27528, 19.859186, 816.65094, 816.21300,
10.796810, 788.00602, 20.701281, 823.93988, 823.52314,
10.805270, 758.33410, 21.324131, 831.22652, 830.83265,
10.813730, 802.60679, 20.684183, 838.50727, 838.13791,
10.822190, 780.28181, 19.964294, 845.77851, 845.43527,
10.830650, 784.68376, 21.737375, 853.03664, 852.72108,
10.839100, 797.41616, 22.254742, 860.26907, 859.98270,
10.847560, 773.54582, 20.748997, 867.49016, 867.23452,
10.856010, 822.07887, 21.393082, 874.67918, 874.45573,
10.864460, 800.41764, 23.438179, 881.83987, 881.65007,
10.872910, 836.19587, 24.253799, 888.96942, 888.81471,
10.881360, 854.42650, 22.987324, 896.06499, 895.94683,
10.889800, 878.79426, 24.197762, 903.11341, 903.03318,
10.898250, 903.06593, 27.039776, 910.12775, 910.08693,
10.906690, 930.72701, 27.903225, 917.08853, 917.08853,
10.915140, 941.19197, 26.753601, 924.00937, 924.05167,
10.923580, 931.66349, 28.593643, 930.87331, 930.95912,
10.932020, 1005.5621, 33.041939, 937.68996, 937.82036,
10.940460, 967.11799, 32.058056, 944.46030, 944.63619,
10.948890, 1029.4407, 32.747681, 951.17695, 951.39902,
10.957330, 1037.1522, 35.003899, 957.85760, 958.12645,
10.965760, 1133.5719, 28.742619, 964.48731, 964.80331,
10.974200, 1344.5533, 27.520554, 971.08201, 971.44547,
10.982630, 1429.1388, 26.702526, 977.62698, 978.03795,
10.991060, 1510.2561, 27.279530, 984.13207, 984.59055,
10.999490, 1594.9243, 31.702858, 990.59671, 991.10255,
11.007920, 1599.6028, 29.644192, 997.02325, 997.57617,
11.016340, 1546.2602, 29.237534, 1003.4039, 1004.0035,
11.024770, 1447.6882, 29.347183, 1009.7547, 1010.4005,
11.033190, 1425.2815, 30.923550, 1016.0621, 1016.7534,
11.041610, 1474.1819, 32.173473, 1022.3342, 1023.0704,
11.050030, 1380.0545, 31.515259, 1028.5718, 1029.3521,
11.058450, 1403.5533, 33.557430, 1034.7758, 1035.5992,
11.066870, 1411.7403, 34.754478, 1040.9468, 1041.8126,
11.075290, 1459.1588, 35.506226, 1047.0859, 1047.9929,
11.083700, 1409.2413, 33.644760, 1053.1867, 1054.1338,
11.092120, 1444.6650, 36.585762, 1059.2641, 1060.2501,
11.100530, 1440.7560, 39.138905, 1065.3042, 1066.3280,
11.108940, 1624.5018, 40.045876, 1071.3162, 1072.3764,
11.117350, 1547.1173, 54.127720, 1077.2994, 1078.3947,
11.120570, 1716.5233, 34.872349, 1079.5835, 1080.6919,
11.129530, 1762.2556, 33.138771, 1085.9172, 1087.0609,
11.138500, 1953.3265, 34.081444, 1092.2285, 1093.4060,
11.147460, 2193.1828, 36.822987, 1098.5035, 1099.7130,
11.156430, 2630.0503, 40.060246, 1104.7578, 1105.9977,
11.165390, 3135.8721, 41.007370, 1110.9776, 1112.2461,
11.174350, 3817.1712, 43.840664, 1117.1712, 1118.4664,
11.183300, 4485.0561, 49.559410, 1123.3327, 1124.6530,
11.192260, 5043.1469, 52.308662, 1129.4763, 1130.8198,
11.201220, 5322.4351, 50.888103, 1135.5962, 1136.9611,
11.210170, 5323.5877, 50.746086, 1141.6867, 1143.0711,
11.219120, 5371.1607, 53.832184, 1147.7552, 1149.1573,
11.228070, 5322.8247, 53.402214, 1153.8025, 1155.2205,
11.237020, 5299.5110, 50.296680, 1159.8288, 1161.2609,
11.245970, 5343.2975, 51.199070, 1165.8362, 1167.2804,
11.254920, 5258.9491, 52.766880, 1171.8249, 1173.2794,
11.263860, 5137.4512, 51.835907, 1177.7886, 1179.2517,
11.272800, 5048.2770, 49.135624, 1183.7358, 1185.2056,
11.281750, 4749.3184, 48.342865, 1189.6723, 1191.1471,
11.290690, 4572.6175, 49.048767, 1195.5876, 1197.0656,
11.299630, 4365.3109, 47.084541, 1201.4875, 1202.9670,
11.308560, 4228.2779, 44.738831, 1207.3671, 1208.8463,
11.317500, 3969.1118, 43.838371, 1213.2397, 1214.7170,
11.326430, 3791.7529, 44.473701, 1219.0937, 1220.5673,
11.335370, 3698.9586, 43.242802, 1224.9421, 1226.4106,
11.344300, 3453.0687, 40.205399, 1230.7734, 1232.2350,
11.353230, 3346.3513, 39.875992, 1236.5944, 1238.0478,
11.362160, 3257.4201, 41.035492, 1242.4054, 1243.8489,
11.371080, 3080.9188, 39.336372, 1248.2021, 1249.6343,
11.380010, 3018.8849, 37.540077, 1253.9965, 1255.4159,
11.388930, 2872.2295, 37.011959, 1259.7781, 1261.1834,
11.397850, 2781.1538, 38.155334, 1265.5526, 1266.9424,
11.406780, 2640.3402, 36.810299, 1271.3281, 1272.7012,
11.415700, 2593.7257, 35.057751, 1277.0919, 1278.4469,
11.424610, 2536.7589, 35.623432, 1282.8452, 1284.1810,
11.433530, 2527.6303, 37.346611, 1288.6011, 1289.9165,
11.442450, 2409.4254, 36.319126, 1294.3543, 1295.6481,
11.451360, 2300.6536, 33.880257, 1300.0992, 1301.3705,
11.460270, 2284.8951, 35.109173, 1305.8427, 1307.0904,
11.469180, 2190.8040, 35.872784, 1311.5856, 1312.8088,
11.478090, 2167.3343, 35.922249, 1317.3286, 1318.5263,
11.487000, 2094.1092, 34.054790, 1323.0724, 1324.2437,
11.495910, 2059.9616, 35.096329, 1328.8171, 1329.9613,
11.504810, 1999.0062, 35.867313, 1334.5586, 1335.6747,
11.513710, 1945.0911, 35.998329, 1340.3024, 1341.3899,
11.522620, 1859.4954, 34.412670, 1346.0566, 1347.1147,
11.531520, 1938.0919, 35.927872, 1351.8086, 1352.8367,
11.540420, 1881.5321, 37.527382, 1357.5657, 1358.5631,
11.549310, 1850.7854, 38.101067, 1363.3225, 1364.2888,
11.558210, 1792.1200, 36.328381, 1369.0927, 1370.0272,
11.567100, 1855.5356, 37.552078, 1374.8627, 1375.7652,
11.576000, 1767.0758, 39.143284, 1380.6483, 1381.5181,
11.584890, 1679.8896, 39.337505, 1386.4359, 1387.2727,
11.593780, 1769.1961, 39.692665, 1392.2323, 1393.0358,
11.602670, 1690.9609, 38.993896, 1398.0397, 1398.8095,
11.611560, 1671.5005, 41.631233, 1403.8580, 1404.5938,
11.620440, 1635.1361, 43.194798, 1409.6812, 1410.3828,
11.629330, 1682.0625, 43.358566, 1415.5238, 1416.1908,
11.638210, 1463.1291, 40.509689, 1421.3733, 1422.0057,
11.647090, 1494.8874, 44.441582, 1427.2361, 1427.8336,
11.655970, 1657.3069, 49.141438, 1433.1137, 1433.6762,
11.664850, 1532.5799, 36.414223, 1439.0074, 1439.5347,
11.673730, 1536.6465, 28.347383, 1444.9167, 1445.4086,
11.682600, 1556.1078, 30.549646, 1450.8366, 1451.2931,
11.691480, 1580.9275, 32.554573, 1456.7807, 1457.2016,
11.700350, 1472.6141, 32.397552, 1462.7370, 1463.1222,
11.709220, 1533.2963, 33.802933, 1468.7125, 1469.0620,
11.718090, 1559.9991, 34.908279, 1474.7082, 1475.0218,
11.726960, 1560.9299, 36.896900, 1480.7248, 1481.0023,
11.735830, 1535.6633, 37.551872, 1486.7630, 1487.0044,
11.744690, 1517.7327, 40.882339, 1492.8166, 1493.0218,
11.753560, 1436.0966, 37.063789, 1498.9007, 1499.0694,
11.762420, 1508.4830, 38.698963, 1505.0016, 1505.1338,
11.771280, 1597.4508, 67.179657, 1511.1282, 1511.2235,
11.775020, 1543.2852, 32.384521, 1513.7214, 1513.8012,
11.784500, 1500.7660, 32.920998, 1520.3169, 1520.3570,
11.793980, 1553.9221, 32.965496, 1526.9428, 1526.9428,
11.803460, 1484.1098, 33.582317, 1533.6002, 1533.5598,
11.812940, 1552.6308, 30.638029, 1540.2842, 1540.2032,
11.822420, 1538.4038, 31.416389, 1546.9914, 1546.8696,
11.831890, 1532.2028, 31.130421, 1553.7089, 1553.5465,
11.841360, 1626.2627, 30.822571, 1560.4394, 1560.2365,
11.850840, 1680.8690, 30.508705, 1567.1851, 1566.9419,
11.860310, 1617.9077, 30.828440, 1573.9277, 1573.6447,
11.869770, 1678.7867, 31.252869, 1580.6624, 1580.3403,
11.879240, 1671.5068, 29.888515, 1587.3982, 1587.0375,
11.888710, 1722.0908, 29.479813, 1594.1236, 1593.7252,
11.898170, 1715.8409, 30.167908, 1600.8272, 1600.3919,
11.907630, 1755.4109, 31.001228, 1607.5104, 1607.0394,
11.917090, 1815.6077, 30.527092, 1614.1698, 1613.6642,
11.926550, 1826.6008, 29.712090, 1620.7994, 1620.2606,
11.936010, 1828.9128, 29.964886, 1627.3959, 1626.8253,
11.945470, 1846.4537, 30.977619, 1633.9531, 1633.3524,
11.954920, 1839.1720, 30.139626, 1640.4605, 1639.8315,
11.964370, 1846.0371, 29.305891, 1646.9200, 1646.2647,
11.973830, 1906.7364, 30.036720, 1653.3339, 1652.6543,
11.983280, 1886.4342, 31.003012, 1659.6832, 1658.9818,
11.992720, 1943.5719, 31.092812, 1665.9634, 1665.2427,
12.002170, 1939.4312, 30.220293, 1672.1836, 1671.4463,
12.011610, 1929.2520, 29.918680, 1678.3258, 1677.5749,
12.021060, 1878.9966, 30.750807, 1684.3975, 1683.6363,
12.030500, 1808.7307, 30.196960, 1690.3817, 1689.6137,
12.039940, 1882.1845, 29.990883, 1696.2791, 1695.5079,
12.049380, 1829.0281, 29.219406, 1702.0858, 1701.3157,
12.058820, 1839.0040, 30.689629, 1707.7959, 1707.0311,
12.068250, 1896.8703, 31.631760, 1713.3993, 1712.6445,
12.077690, 1855.9381, 30.610453, 1718.9028, 1718.1632,
12.087120, 1755.7087, 29.172113, 1724.2893, 1723.5703,
12.096550, 1763.2996, 30.439459, 1729.5599, 1728.8673,
12.105980, 1774.4095, 31.573483, 1734.7093, 1734.0495,
12.115410, 1825.1399, 31.365004, 1739.7326, 1739.1122,
12.124830, 1733.8413, 29.890366, 1744.6196, 1744.0458,
12.134260, 1792.6577, 31.456427, 1749.3751, 1748.8556,
12.143680, 1788.8249, 32.689053, 1753.9836, 1753.5267,
12.153100, 1815.5883, 33.081917, 1758.4458, 1758.0601,
12.162520, 1717.0190, 34.669876, 1762.7557, 1762.4508,
12.171940, 1803.1824, 32.609016, 1766.9075, 1766.6934,
12.181360, 1737.5936, 33.476990, 1770.8968, 1770.7841,
12.190770, 1814.1319, 34.888184, 1774.7133, 1774.7133,
12.200180, 1747.7541, 33.431011, 1778.3575, 1778.4820,
12.209600, 1770.9045, 33.783318, 1781.8350, 1782.0951,
12.219010, 1717.5435, 34.896442, 1785.1409, 1785.5465,
12.228420, 1768.3875, 36.593864, 1788.2823, 1788.8425,
12.237820, 1759.9085, 36.201550, 1791.2590, 1791.9816,
12.247230, 1790.6867, 36.207161, 1794.0805, 1794.9728,
12.256630, 1863.1598, 37.831276, 1796.7436, 1797.8117,
12.266040, 2244.9127, 43.174530, 1799.2565, 1800.5060,
12.275440, 3220.4765, 50.777931, 1801.6168, 1803.0522,
12.284840, 2812.6220, 47.403702, 1803.8298, 1805.4548,
12.294230, 2084.0788, 42.322353, 1805.8965, 1807.7139,
12.303630, 1979.8564, 51.386288, 1807.8232, 1809.8356,
12.313030, 1997.3385, 45.791904, 1809.6108, 1811.8197,
12.322420, 2013.6594, 49.251682, 1811.2598, 1813.6660,
12.331810, 1984.2518, 35.213417, 1812.7747, 1815.3785,
12.341200, 1971.9091, 29.730402, 1814.1580, 1816.9591,
12.350590, 2006.0727, 31.004440, 1815.4120, 1818.4095,
12.359980, 2048.6828, 32.489037, 1816.5390, 1819.7315,
12.369360, 2155.2999, 33.717785, 1817.5405, 1820.9258,
12.378750, 2144.6322, 34.474117, 1818.4207, 1821.9965,
12.388130, 2120.7123, 35.259274, 1819.1800, 1822.9431,
12.397510, 2106.1692, 35.266174, 1819.8214, 1823.7685,
12.406890, 2125.9264, 34.537086, 1820.3474, 1824.4745,
12.416270, 2139.6800, 34.992710, 1820.7598, 1825.0627,
12.425640, 2074.8681, 34.293045, 1821.0605, 1825.5344,
12.435020, 2128.2499, 36.454803, 1821.2521, 1825.8921,
12.444390, 2257.5318, 37.513966, 1821.3362, 1826.1368,
12.453760, 2242.0112, 36.322044, 1821.3151, 1826.2706,
12.463130, 2289.4529, 38.208256, 1821.1905, 1826.2950,
12.472500, 2371.3048, 42.885990, 1820.9645, 1826.2117,
12.481870, 2353.4192, 49.788853, 1820.6389, 1826.0222,
12.489420, 2343.2473, 38.005619, 1820.3052, 1825.7933,
12.499490, 2471.9475, 39.810905, 1819.7630, 1825.3838,
12.509550, 2522.9273, 38.969345, 1819.1122, 1824.8574,
12.519610, 2496.4323, 37.327808, 1818.3547, 1824.2157,
12.529670, 2570.9833, 37.735603, 1817.4925, 1823.4606,
12.539730, 2573.7120, 39.203388, 1816.5275, 1822.5939,
12.549780, 2663.2600, 41.627541, 1815.4631, 1821.6185,
12.559840, 2717.4342, 38.353142, 1814.2989, 1820.5343,
12.569890, 2716.5421, 37.510017, 1813.0393, 1819.3453,
12.579940, 2718.6437, 38.583183, 1811.6851, 1818.0523,
12.589990, 2805.8757, 39.323650, 1810.2381, 1816.6570,
12.600040, 2942.2206, 39.235203, 1808.7000, 1815.1611,
12.610090, 2944.6888, 38.461212, 1807.0729, 1813.5666,
12.620130, 2972.6759, 46.764633, 1805.3603, 1811.8770,
12.630170, 2970.4821, 39.467690, 1803.5619, 1810.0921,
12.640210, 2961.3131, 39.627495, 1801.6798, 1808.2138,
12.650250, 2966.3300, 37.998566, 1799.7155, 1806.2439,
12.660290, 2946.6481, 37.836044, 1797.6709, 1804.1842,
12.670330, 3002.6134, 38.727707, 1795.5472, 1802.0360,
12.680360, 3031.0340, 39.376152, 1793.3485, 1799.8036,
12.690390, 3211.0454, 39.494530, 1791.0741, 1797.4864,
12.700420, 3280.0929, 39.298691, 1788.7254, 1795.0857,
12.710450, 3348.5545, 40.029583, 1786.3042, 1792.6037,
12.720480, 3379.3919, 41.817787, 1783.8118, 1790.0417,
12.730500, 3309.2248, 44.817673, 1781.2522, 1787.4040,
12.740530, 3380.0410, 40.071941, 1778.6217, 1784.6870,
12.750550, 3366.6386, 39.398849, 1775.9269, 1781.8975,
12.760570, 3349.2734, 40.775341, 1773.1669, 1779.0349,
12.770590, 3375.5904, 40.997101, 1770.3423, 1776.1000,
12.780610, 3328.8384, 40.000320, 1767.4550, 1773.0947,
12.790620, 3368.1977, 40.950317, 1764.5091, 1770.0239,
12.800640, 4027.9089, 44.004269, 1761.4998, 1766.8825,
12.810650, 5641.3092, 52.661278, 1758.4346, 1763.6788,
12.820660, 4320.6408, 45.788078, 1755.3117, 1760.4108,
12.830670, 2918.8384, 37.146618, 1752.1319, 1757.0799,
12.840680, 2685.7249, 36.167526, 1748.8969, 1753.6880,
12.850680, 2574.1720, 36.311695, 1745.6108, 1750.2398,
12.860690, 2467.1038, 36.270721, 1742.2685, 1746.7300,
12.870690, 2299.6600, 34.649235, 1738.8773, 1743.1669,
12.880690, 2203.4464, 33.559628, 1735.4356, 1739.5488,
12.890690, 2130.1798, 33.718620, 1731.9438, 1735.8767,
12.900680, 2049.4372, 34.149715, 1728.4069, 1732.1560,
12.910680, 1982.6552, 33.942970, 1724.8186, 1728.3806,
12.920670, 1976.5290, 32.981453, 1721.1875, 1724.5596,
12.930670, 1901.0335, 32.681572, 1717.5068, 1720.6866,
12.940660, 1853.8954, 33.457531, 1713.7849, 1716.7705,
12.950640, 1835.4066, 34.295826, 1710.0237, 1712.8138,
12.960630, 1781.4295, 33.212189, 1706.2154, 1708.8088,
12.970620, 1780.8876, 33.246525, 1702.3656, 1704.7616,
12.980600, 1787.4807, 34.071396, 1698.4787, 1700.6773,
12.990580, 1754.5862, 35.462608, 1694.5521, 1696.5537,
13.000560, 1678.9355, 34.649475, 1690.5862, 1692.3915,
13.010540, 1706.2590, 34.824104, 1686.5820, 1688.1923,
13.020520, 1711.3065, 34.744385, 1682.5404, 1683.9576,
13.030490, 1688.3287, 35.953110, 1678.4666, 1679.6931,
13.040470, 1730.4465, 37.805038, 1674.3529, 1675.3913,
13.050440, 1679.5908, 37.668262, 1670.2086, 1671.0624,
13.060410, 1632.6392, 36.914627, 1666.0303, 1666.7034,
13.070380, 1674.4641, 37.564163, 1661.8184, 1662.3152,
13.080350, 1645.2587, 39.803646, 1657.5744, 1657.8998,
13.090310, 1673.2264, 41.081448, 1653.3027, 1653.4625,
13.100280, 1644.5728, 41.058922, 1648.9961, 1648.9961,
13.110240, 1627.8640, 40.014130, 1644.6635, 1644.5104,
13.120200, 1654.0583, 42.734303, 1640.3023, 1640.0026,
13.130160, 1658.0724, 44.170860, 1635.9142, 1635.4742,
13.140110, 1675.5071, 36.105499, 1631.5053, 1630.9315,
13.150070, 1619.4341, 28.045870, 1627.0681, 1626.3664,
13.160020, 1596.5178, 28.254570, 1622.6133, 1621.7900,
13.169980, 1604.2532, 30.687408, 1618.1333, 1617.1940,
13.179930, 1608.7638, 31.365913, 1613.6389, 1612.5896,
13.189870, 1603.0071, 32.169746, 1609.1313, 1607.9778,
13.199820, 1593.9392, 32.011204, 1604.6035, 1603.3513,
13.209770, 1566.6950, 31.143110, 1600.0608, 1598.7155,
13.219710, 1606.2621, 31.756178, 1595.5101, 1594.0772,
13.229650, 1550.0685, 34.532967, 1590.9484, 1589.4333,
13.239590, 1612.7358, 33.738178, 1586.3765, 1584.7845,
13.249530, 1553.7429, 32.379425, 1581.7963, 1580.1326,
13.259470, 1593.8260, 32.665333, 1577.2094, 1575.4792,
13.269410, 1608.2899, 35.060295, 1572.6171, 1570.8255,
13.279340, 1549.1491, 37.514122, 1568.0259, 1566.1780,
13.289270, 1554.5882, 38.034023, 1563.4320, 1561.5327,
13.299200, 1568.2909, 39.286575, 1558.8378, 1556.8921,
13.309130, 1595.3419, 42.603333, 1554.2443, 1552.2570,
13.318260, 1531.8511, 31.349110, 1550.0225, 1548.0012,
13.328980, 1563.5357, 30.296127, 1545.0696, 1543.0134,
13.339690, 1550.6933, 30.597902, 1540.1276, 1538.0421,
13.350400, 1600.4112, 31.677557, 1535.1936, 1533.0841,
13.361120, 1576.7091, 31.061665, 1530.2646, 1528.1364,
13.371830, 1589.6158, 29.396309, 1525.3523, 1523.2106,
13.382530, 1578.5161, 28.905632, 1520.4580, 1518.3079,
13.393240, 1576.3009, 29.805820, 1515.5748, 1513.4215,
13.403940, 1581.6313, 30.191359, 1510.7135, 1508.5618,
13.414650, 1594.7331, 35.739204, 1505.8673, 1503.7221,
13.425350, 1566.8706, 28.573629, 1501.0467, 1498.9128,
13.436050, 1574.6186, 28.391741, 1496.2493, 1494.1313,
13.446740, 1599.1958, 29.280863, 1491.4817, 1489.3843,
13.457440, 1611.0159, 29.643557, 1486.7366, 1484.6641,
13.468130, 1660.7158, 28.880211, 1482.0252, 1479.9820,
13.478830, 1621.7214, 28.026272, 1477.3402, 1475.3305,
13.489520, 1653.8142, 28.232292, 1472.6928, 1470.7206,
13.500200, 1637.0093, 29.186447, 1468.0844, 1466.1538,
13.510890, 1656.9228, 29.076147, 1463.5089, 1461.6236,
13.521570, 1722.0408, 29.058615, 1458.9765, 1457.1401,
13.532260, 1781.1950, 28.787132, 1454.4811, 1452.6970,
13.542940, 1699.7041, 28.455189, 1450.0327, 1448.3043,
13.553620, 1741.3924, 30.035555, 1445.6294, 1443.9598,
13.564290, 1716.4562, 29.550259, 1441.2776, 1439.6697,
13.574970, 1681.0739, 28.277515, 1436.9709, 1435.4272,
13.585640, 1709.0745, 27.978996, 1432.7197, 1431.2428,
13.596320, 1614.2434, 28.253775, 1428.5179, 1427.1102,
13.606990, 1624.0009, 28.958923, 1424.3760, 1423.0392,
13.617650, 1648.2373, 29.191139, 1420.2955, 1419.0314,
13.628320, 1588.7572, 27.840399, 1416.2715, 1415.0815,
13.638980, 1582.3750, 27.748360, 1412.3133, 1411.1985,
13.649650, 1538.0607, 28.066181, 1408.4161, 1407.3775,
13.660310, 1513.8018, 28.827785, 1404.5892, 1403.6272,
13.670970, 1510.2954, 30.917933, 1400.8314, 1399.9462,
13.681630, 1490.3944, 27.172323, 1397.1450, 1396.3364,
13.692280, 1492.7862, 27.640738, 1393.5360, 1392.8033,
13.702940, 1450.8799, 27.667809, 1389.9995, 1389.3419,
13.713590, 1468.3650, 28.832512, 1386.5451, 1385.9611,
13.724240, 1440.4170, 27.547108, 1383.1714, 1382.6591,
13.734890, 1433.6507, 26.982533, 1379.8815, 1379.4387,
13.745530, 1398.2046, 26.678328, 1376.6803, 1376.3042,
13.756180, 1378.0735, 27.169819, 1373.5649, 1373.2522,
13.766820, 1399.9530, 27.948690, 1370.5433, 1370.2902,
13.777460, 1399.4272, 27.559074, 1367.6153, 1367.4175,
13.788100, 1370.3362, 26.665577, 1364.7837, 1364.6362,
13.798740, 1344.4119, 26.516245, 1362.0511, 1361.9484,
13.809380, 1322.3368, 27.491549, 1359.4205, 1359.3565,
13.820010, 1368.3162, 28.214487, 1356.8965, 1356.8643,
13.830640, 1344.4302, 27.704845, 1354.4800, 1354.4722,
13.841270, 1334.9296, 27.178215, 1352.1734, 1352.1817,
13.851900, 1365.7550, 27.944679, 1349.9801, 1349.9956,
13.862530, 1308.5856, 32.512207, 1347.9028, 1347.9158,
13.873150, 1355.7751, 29.425892, 1345.9462, 1345.9462,
13.883780, 1334.8509, 28.932495, 1344.1087, 1344.0846,
13.894400, 1364.7644, 28.829855, 1342.3908, 1342.3323,
13.905020, 1371.5670, 29.620926, 1340.7868, 1340.6842,
13.915640, 1416.9922, 31.117287, 1339.2929, 1339.1375,
13.926250, 1374.1505, 31.515141, 1337.9063, 1337.6903,
13.936870, 1343.9829, 30.878397, 1336.6209, 1336.3371,
13.947480, 1412.2432, 30.935923, 1335.4350, 1335.0770,
13.958090, 1475.9310, 33.117367, 1334.3438, 1333.9060,
13.968700, 1467.5673, 34.145172, 1333.3436, 1332.8210,
13.979310, 1401.6426, 34.658165, 1332.4308, 1331.8191,
13.989910, 1384.1785, 33.736294, 1331.6025, 1330.8981,
14.000520, 1376.3779, 33.524078, 1330.8535, 1330.0534,
14.011120, 1308.2165, 34.334641, 1330.1817, 1329.2835,
14.021720, 1394.5792, 37.398453, 1329.5830, 1328.5848,
14.032320, 1387.1118, 38.872681, 1329.0538, 1327.9544,
14.042920, 1394.9845, 37.890213, 1328.5906, 1327.3893,
14.053510, 1322.9834, 37.606846, 1328.1906, 1326.8872,
14.064110, 1370.8527, 39.284286, 1327.8493, 1326.4441,
14.074700, 1322.5064, 41.653736, 1327.5643, 1326.0581,
14.085290, 1377.4337, 43.987789, 1327.3318, 1325.7259,
14.095870, 1362.6732, 31.568825, 1327.1486, 1325.4449,
14.106460, 1350.7829, 25.830074, 1327.0111, 1325.2117,
14.117040, 1389.8829, 26.532806, 1326.9164, 1325.0239,
14.127630, 1394.6482, 28.364922, 1326.8609, 1324.8784,
14.138210, 1421.0393, 29.815088, 1326.8416, 1324.7727,
14.148790, 1395.5446, 30.189695, 1326.8552, 1324.7037,
14.159370, 1439.1595, 30.294939, 1326.8985, 1324.6687,
14.169940, 1439.6207, 30.482809, 1326.9682, 1324.6650,
14.180520, 1450.7751, 54.003208, 1327.0614, 1324.6896,
14.182090, 1481.9206, 29.955845, 1327.0770, 1324.6955,
14.193560, 1501.6018, 29.068846, 1327.2035, 1324.7550,
14.205030, 1513.6125, 30.171759, 1327.3492, 1324.8406,
14.216500, 1600.9423, 31.952568, 1327.5101, 1324.9488,
14.227970, 1528.2588, 31.023836, 1327.6821, 1325.0761,
14.239430, 1495.2879, 29.244350, 1327.8610, 1325.2188,
14.250890, 1449.1817, 27.988058, 1328.0431, 1325.3735,
14.262350, 1448.1469, 29.292347, 1328.2243, 1325.5368,
14.273810, 1453.8817, 30.077343, 1328.4008, 1325.7050,
14.285270, 1424.3238, 30.194870, 1328.5684, 1325.8748,
14.296730, 1413.2259, 28.223913, 1328.7232, 1326.0426,
14.308180, 1401.2881, 28.035671, 1328.8612, 1326.2047,
14.319630, 1400.9273, 28.694370, 1328.9784, 1326.3579,
14.331080, 1363.7234, 29.573696, 1329.0708, 1326.4986,
14.342530, 1363.2374, 29.121597, 1329.1345, 1326.6233,
14.353970, 1353.7195, 27.036621, 1329.1654, 1326.7284,
14.365410, 1431.6133, 27.223408, 1329.1595, 1326.8106,
14.376860, 1389.3924, 27.082773, 1329.1127, 1326.8663,
14.388300, 1294.8706, 27.239742, 1329.0211, 1326.8921,
14.399730, 1308.4776, 26.951359, 1328.8806, 1326.8843,
14.411170, 1313.1427, 25.473793, 1328.6870, 1326.8397,
14.422600, 1305.5339, 25.144051, 1328.4363, 1326.7546,
14.434030, 1321.0543, 25.101719, 1328.1244, 1326.6255,
14.445460, 1336.0264, 26.644066, 1327.7470, 1326.4490,
14.456890, 1306.6250, 25.689892, 1327.2998, 1326.2214,
14.468320, 1327.9394, 25.353426, 1326.7788, 1325.9392,
14.479740, 1339.8505, 24.382570, 1326.1801, 1325.5993,
14.491160, 1350.7768, 24.917248, 1325.4989, 1325.1977,
14.502580, 1274.4839, 25.252182, 1324.7310, 1324.7310,
14.514000, 1310.4691, 25.794186, 1323.8738, 1324.1968,
14.525420, 1348.0748, 25.724491, 1322.9320, 1323.5975,
14.536830, 1314.2649, 24.198893, 1321.9131, 1322.9376,
14.548240, 1309.4104, 24.718716, 1320.8228, 1322.2201,
14.559650, 1325.2532, 28.875675, 1319.6676, 1321.4488,
14.571060, 1324.0990, 26.548588, 1318.4540, 1320.6273,
14.582470, 1331.4161, 26.462652, 1317.1882, 1319.7594,
14.593870, 1300.3812, 30.138332, 1315.8779, 1318.8494,
14.605270, 1313.5704, 25.743929, 1314.5284, 1317.9002,
14.616670, 1271.0798, 25.625416, 1313.1460, 1316.9156,
14.628070, 1323.2933, 32.723312, 1311.7368, 1315.8991,
14.639470, 1298.9755, 26.233204, 1310.3073, 1314.8543,
14.650860, 1282.5958, 24.381014, 1308.8650, 1313.7858,
14.662260, 1323.2026, 24.832474, 1307.4137, 1312.6952,
14.673650, 1355.4368, 25.215164, 1305.9621, 1311.5883,
14.685040, 1309.5677, 25.595627, 1304.5152, 1310.4674,
14.696420, 1295.6113, 25.294880, 1303.0807, 1309.3374,
14.707810, 1300.7250, 24.506962, 1301.6620, 1308.1996,
14.719190, 1315.5431, 24.456038, 1300.2682, 1307.0599,
14.730570, 1324.5018, 24.497883, 1298.9041, 1305.9205,
14.741950, 1359.1902, 26.284374, 1297.5760, 1304.7853,
14.753330, 1328.3552, 25.853878, 1296.2903, 1303.6577,
14.764700, 1309.6474, 25.150854, 1295.0543, 1302.5423,
14.776080, 1302.5366, 24.681358, 1293.8721, 1301.4407,
14.787450, 1327.2514, 25.303556, 1292.7524, 1300.3585,
14.798820, 1335.8486, 26.897484, 1291.7002, 1299.2983,
14.810190, 1242.6654, 26.147091, 1290.7220, 1298.2634,
14.821550, 1278.0004, 26.457180, 1289.8251, 1297.2586,
14.832920, 1283.3700, 26.120399, 1289.0144, 1296.2855,
14.844280, 1282.3205, 26.188587, 1288.2977, 1295.3495,
14.855640, 1337.2299, 28.807434, 1287.6809, 1294.4533,
14.866990, 1287.4066, 28.553843, 1287.1711, 1293.6013,
14.878350, 1318.1022, 29.179375, 1286.7739, 1292.7955,
14.889710, 1325.2005, 29.092955, 1286.4965, 1292.0403,
14.901060, 1296.7762, 28.914709, 1286.3458, 1291.3399,
14.912410, 1292.5818, 30.468029, 1286.3283, 1290.6974,
14.923760, 1286.0436, 31.370779, 1286.4508, 1290.1161,
14.935100, 1362.9493, 34.123867, 1286.7201, 1289.6004,
14.946450, 1284.9800, 32.713799, 1287.1435, 1289.1529,
14.957790, 1308.9250, 33.124222, 1287.7274, 1288.7781,
14.969130, 1284.5478, 34.255585, 1288.4792, 1288.4792,
14.980470, 1270.4229, 34.845417, 1289.4037, 1288.2591,
14.991810, 1293.5203, 36.849079, 1290.4959, 1288.1175,
15.003140, 1288.6512, 36.404911, 1291.7472, 1288.0534,
15.014480, 1306.0029, 35.461723, 1293.1523, 1288.0657,
15.025810, 1374.0713, 37.416756, 1294.7019, 1288.1533,
15.037140, 1275.9845, 36.753433, 1296.3896, 1288.3152,
15.048460, 1305.9170, 39.548065, 1298.2069, 1288.5502,
15.059790, 1346.5652, 40.524975, 1300.1498, 1288.8576,
15.071110, 1244.2892, 37.453686, 1302.2082, 1289.2360,
15.082440, 1239.4077, 28.848825, 1304.3786, 1289.6852,
15.093750, 1220.8355, 23.894878, 1306.6482, 1290.2027,
15.105070, 1268.6165, 25.870798, 1309.0162, 1290.7892,
15.116390, 1277.9138, 27.217411, 1311.4739, 1291.4431,
15.127700, 1283.6207, 27.514641, 1314.0121, 1292.1629,
15.139020, 1303.0655, 29.297695, 1316.6290, 1292.9490,
15.150330, 1253.2827, 28.327070, 1319.3129, 1293.7991,
15.162390, 1270.4256, 33.550976, 1322.2442, 1294.7759,
15.174730, 1295.6215, 32.792732, 1325.3093, 1295.8495,
15.187070, 1270.1391, 32.808369, 1328.4323, 1296.9968,
15.199410, 1319.6739, 35.124832, 1331.6053, 1298.2169,
15.211740, 1236.0931, 32.914227, 1334.8164, 1299.5074,
15.224080, 1340.8851, 33.030529, 1338.0634, 1300.8697,
15.236410, 1268.4997, 30.505499, 1341.3320, 1302.3003,
15.248740, 1272.3022, 30.817726, 1344.6168, 1303.7993,
15.261060, 1338.8904, 33.475822, 1347.9064, 1305.3645,
15.273390, 1356.1627, 33.756584, 1351.1983, 1306.9973,
15.285710, 1397.7453, 34.263748, 1354.4787, 1308.6944,
15.298030, 1335.0173, 30.879066, 1357.7417, 1310.4556,
15.310350, 1313.9337, 30.243462, 1360.9793, 1312.2805,
15.322660, 1279.2181, 30.701832, 1364.1804, 1314.1662,
15.334980, 1294.4247, 30.785511, 1367.3417, 1316.1150,
15.347290, 1289.7465, 30.208530, 1370.4501, 1318.1229,
15.359600, 1324.9319, 27.942657, 1373.4994, 1320.1905,
15.371900, 1357.2452, 27.411535, 1376.4790, 1322.3151,
15.384210, 1334.6546, 27.776857, 1379.3852, 1324.4994,
15.396510, 1370.9837, 28.672974, 1382.2051, 1326.7391,
15.408810, 1413.0986, 30.217295, 1384.9320, 1329.0347,
15.421110, 1372.8813, 27.780731, 1387.5578, 1331.3859,
15.433410, 1394.5348, 27.034473, 1390.0735, 1333.7914,
15.445700, 1379.5328, 27.169758, 1392.4715, 1336.2487,
15.457990, 1390.3198, 28.444489, 1394.7589, 1338.7587,
15.470280, 1432.6764, 30.583138, 1396.9435, 1341.3209,
15.482570, 1424.3061, 29.247339, 1399.0329, 1343.9343,
15.494860, 1427.8584, 28.562992, 1401.0349, 1346.5982,
15.507140, 1424.1487, 28.160398, 1402.9555, 1349.3097,
15.519420, 1498.1787, 29.826107, 1404.8038, 1352.0700,
15.531700, 1825.1581, 33.781708, 1406.5876, 1354.8786,
15.543980, 3519.3642, 44.985519, 1408.3140, 1357.7346,
15.556260, 4162.9927, 46.357101, 1409.9907, 1360.6375,
15.568530, 2142.9608, 31.787889, 1411.6237, 1363.5840,
15.580800, 1475.7640, 27.081760, 1413.2217, 1366.5758,
15.593070, 1464.5925, 28.614019, 1414.7922, 1369.6122,
15.605340, 1460.9743, 28.526133, 1416.3424, 1372.6926,
15.617600, 1387.2043, 27.272305, 1417.8784, 1375.8139,
15.629860, 1438.8451, 26.104149, 1419.4087, 1378.9774,
15.642120, 1458.7453, 25.647963, 1420.9409, 1382.1832,
15.654380, 1482.5951, 27.095345, 1422.4818, 1385.4300,
15.666640, 1506.8536, 27.898695, 1424.0392, 1388.7178,
15.678890, 1445.1502, 27.942287, 1425.6187, 1392.0428,
15.691140, 1458.4547, 27.499470, 1427.2291, 1395.4071,
15.703390, 1480.2261, 26.134081, 1428.8777, 1398.8103,
15.715640, 1491.8006, 27.360609, 1430.5717, 1402.2517,
15.727890, 1506.6393, 28.360096, 1432.3186, 1405.7307,
15.740130, 1491.9571, 28.942808, 1434.1244, 1409.2440,
15.752370, 1447.0287, 27.893784, 1435.9976, 1412.7934,
15.764610, 1564.3417, 27.324211, 1437.9459, 1416.3790,
15.776850, 1595.7357, 27.131985, 1439.9766, 1419.9996,
15.789090, 1529.4125, 26.420254, 1442.0975, 1423.6553,
15.801320, 1521.3239, 26.954678, 1444.3141, 1427.3421,
15.813550, 1571.5045, 28.504984, 1446.6358, 1431.0625,
15.825780, 1591.2101, 27.295761, 1449.0703, 1434.8160,
15.838010, 1583.5345, 27.083363, 1451.6253, 1438.6022,
15.850230, 1581.4699, 27.140587, 1454.3064, 1442.4174,
15.862450, 1618.9341, 28.149757, 1457.1233, 1446.2640,
15.874670, 1607.2662, 29.997486, 1460.0843, 1450.1419,
15.886890, 1651.7583, 30.277981, 1463.1973, 1454.0504,
15.899110, 1678.9700, 31.004101, 1466.4700, 1457.9886,
15.911320, 1596.6862, 29.743801, 1469.9080, 1461.9534,
15.923540, 1605.8434, 30.550131, 1473.5255, 1465.9508,
15.935750, 1615.9105, 32.792870, 1477.3244, 1469.9734,
15.947960, 1587.3587, 33.918716, 1481.3163, 1474.0241,
15.960160, 1550.8487, 33.717831, 1485.5064, 1478.0995,
15.972370, 1608.1851, 35.125847, 1489.9098, 1482.2053,
15.984570, 1642.5048, 34.525654, 1494.5282, 1486.3344,
15.996770, 1621.9162, 34.912327, 1499.3744, 1490.4902,
16.008961, 1666.8329, 36.159023, 1504.4531, 1494.6687,
16.021160, 1703.9439, 36.911320, 1509.7809, 1498.8757,
16.033350, 1646.6087, 36.424805, 1515.3591, 1503.1045,
16.045549, 1564.0769, 34.380505, 1521.2058, 1507.3613,
16.057739, 1609.6470, 34.750523, 1527.3215, 1511.6390,
16.069920, 1599.3167, 35.464096, 1533.7152, 1515.9372,
16.082109, 1575.7285, 35.704178, 1540.4067, 1520.2623,
16.094290, 1568.2766, 36.591843, 1547.3955, 1524.6071,
16.106470, 1654.0963, 39.651649, 1554.6969, 1528.9745,
16.118650, 1606.3344, 37.147945, 1562.3211, 1533.3642,
16.130831, 1581.0145, 37.311119, 1570.2788, 1537.7759,
16.143009, 1568.3260, 37.868889, 1578.5792, 1542.2083,
16.155180, 1613.7934, 39.548832, 1587.2288, 1546.6592,
16.167351, 1639.4887, 42.372532, 1596.2438, 1551.1308,
16.179520, 1625.3033, 42.025108, 1605.6338, 1555.6222,
16.191681, 1537.0739, 40.263588, 1615.4055, 1560.1308,
16.203850, 1577.2580, 42.300392, 1625.5827, 1564.6619,
16.216009, 1617.2248, 42.617104, 1636.1628, 1569.2088,
16.228170, 1627.9033, 44.525196, 1647.1674, 1573.7755,
16.240330, 1643.4356, 44.776402, 1658.6054, 1578.3601,
16.252489, 1681.9404, 45.489056, 1670.4909, 1582.9630,
16.264641, 1610.8783, 44.487526, 1682.8195, 1587.5811,
16.276791, 1788.2972, 47.858543, 1695.5621, 1592.2161,
16.288950, 1837.5493, 47.833965, 1708.6877, 1596.8721,
16.301090, 1917.9656, 53.127445, 1722.1220, 1601.5378,
16.313240, 1920.3552, 53.101280, 1735.8531, 1606.2238,
16.325380, 1909.4769, 53.898067, 1749.8168, 1610.9226,
16.337530, 1968.1594, 37.998791, 1763.9924, 1615.6411,
16.349670, 2102.0652, 34.490646, 1778.3151, 1620.3717,
16.361799, 2185.9746, 34.714176, 1792.7398, 1625.1133,
16.373940, 2321.4674, 38.760155, 1807.2516, 1629.8746,
16.386070, 2532.2772, 40.511555, 1821.7830, 1634.6469,
16.398211, 2668.8244, 42.683388, 1836.3148, 1639.4376,
16.410339, 2649.1016, 41.162445, 1850.7795, 1644.2380,
16.422461, 2669.4355, 42.503220, 1865.1397, 1649.0494,
16.434589, 2689.5446, 46.362328, 1879.3712, 1653.8776,
16.446711, 2566.4010, 45.727482, 1893.4140, 1658.7161,
16.458839, 2559.1542, 47.047382, 1907.2431, 1663.5708,
16.470961, 2511.2957, 47.951107, 1920.7989, 1668.4353,
16.483070, 2391.7763, 44.917480, 1934.0350, 1673.3079,
16.495190, 2382.5652, 62.316040, 1946.9317, 1678.1965,
16.500280, 2411.8698, 48.025391, 1952.2343, 1680.2536,
16.513599, 2403.0321, 44.746948, 1965.7566, 1685.6457,
16.526911, 2221.2259, 40.809448, 1978.7178, 1691.0487,
16.540211, 2187.6411, 41.367928, 1991.0580, 1696.4607,
16.553520, 2127.7396, 41.155067, 2002.7385, 1701.8901,
16.566820, 2097.5314, 40.416794, 2013.6843, 1707.3286,
16.580120, 2033.4095, 38.658909, 2023.8452, 1712.7798,
16.593420, 2015.4447, 34.717842, 2033.1619, 1718.2433,
16.606710, 2051.3015, 34.139469, 2041.5686, 1723.7151,
16.620001, 1995.6140, 34.210670, 2049.0358, 1729.1985,
16.633301, 2112.0733, 40.862923, 2055.6255, 1734.6972,
16.646589, 2171.1023, 43.593307, 2061.4082, 1740.2024,
16.659870, 2039.2973, 39.929493, 2066.4676, 1745.7151,
16.673149, 2062.5641, 33.905029, 2070.8861, 1751.2374,
16.686440, 2014.8487, 33.054321, 2074.7467, 1756.7747,
16.699711, 2086.2866, 34.969505, 2078.1199, 1762.3138,
16.712990, 2075.3012, 37.303238, 2081.0915, 1767.8657,
16.726271, 2117.3373, 37.949108, 2083.7379, 1773.4275,
16.739540, 2053.5286, 35.584774, 2086.1348, 1778.9935,
16.752810, 2042.7915, 33.525154, 2088.3623, 1784.5681,
16.766081, 2084.9528, 32.661156, 2090.4982, 1790.1519,
16.779341, 2072.7805, 33.366707, 2092.6178, 1795.7388,
16.792601, 2100.3137, 35.199493, 2094.8004, 1801.3335,
16.805870, 2087.4409, 35.033298, 2097.1250, 1806.9397,
16.819120, 2095.7299, 34.327591, 2099.6639, 1812.5450,
16.832380, 2120.1286, 32.975025, 2102.4999, 1818.1612,
16.845631, 2053.8313, 32.411278, 2105.7065, 1823.7799,
16.858891, 2155.6697, 33.418789, 2109.3664, 1829.4090,
16.872141, 2133.5759, 36.022186, 2113.5309, 1835.0401,
16.885380, 2083.6263, 35.659111, 2118.1692, 1840.6721,
16.898630, 2259.2504, 35.423038, 2123.2389, 1846.3144,
16.911869, 3371.6100, 44.233009, 2128.6812, 1851.9570,
16.925110, 2146.9789, 31.057642, 2134.4515, 1857.6054,
16.938351, 2142.2129, 31.422125, 2140.4994, 1863.2585,
16.951580, 2153.8214, 32.294418, 2146.7701, 1868.9110,
16.964821, 2168.2904, 33.131859, 2153.2251, 1874.5726,
16.978050, 2173.2945, 32.213707, 2159.8045, 1880.2331,
16.991270, 2220.8020, 31.591885, 2166.4598, 1885.8931,
17.004499, 2269.9075, 31.410477, 2173.1519, 1891.5606,
17.017719, 2707.1338, 35.083954, 2179.8225, 1897.2269,
17.030951, 3911.3190, 44.532272, 2186.4333, 1902.9010,
17.044161, 3381.7753, 43.749847, 2192.9193, 1908.5686,
17.057381, 2306.7124, 36.331005, 2199.2470, 1914.2426,
17.070601, 2279.7465, 35.473438, 2205.3625, 1919.9186,
17.083811, 2291.5291, 35.536156, 2211.2128, 1925.5922,
17.097019, 2234.2091, 33.970428, 2216.7524, 1931.2665,
17.110229, 2292.4996, 36.145298, 2221.9335, 1936.9428,
17.123430, 2262.3246, 36.643036, 2226.7025, 1942.6160,
17.136641, 2235.3137, 35.628719, 2231.0164, 1948.2939,
17.149839, 2263.4540, 34.963989, 2234.8185, 1953.9675,
17.163040, 2220.2557, 34.824318, 2238.0627, 1959.6420,
17.176229, 2219.5445, 34.130554, 2240.6958, 1965.3115,
17.189430, 2248.5098, 36.425755, 2242.6712, 1970.9856,
17.202620, 2217.7805, 37.700752, 2243.9342, 1976.6543,
17.215811, 2259.2483, 38.546776, 2244.4349, 1982.3229,
17.229000, 2193.0997, 37.598541, 2244.1389, 1987.9896,
17.242180, 2303.5361, 36.805473, 2243.0850, 1993.6508,
17.255369, 2270.0310, 37.457661, 2241.3270, 1999.3145,
17.268551, 2315.5420, 36.962086, 2238.9218, 2004.9731,
17.281719, 2247.2716, 36.544418, 2235.9262, 2010.6238,
17.294901, 2358.9179, 38.340305, 2232.3881, 2016.2779,
17.308069, 2417.9582, 38.997559, 2228.3681, 2021.9236,
17.321251, 2431.4019, 36.790714, 2223.9114, 2027.5721,
17.334410, 2471.6320, 37.606750, 2219.0834, 2033.2077,
17.347580, 2482.6565, 39.366795, 2213.9248, 2038.8447,
17.360750, 2530.7662, 40.896492, 2208.4920, 2044.4780,
17.373911, 2617.1687, 44.510490, 2202.8414, 2050.1034,
17.387070, 2483.4644, 43.671852, 2197.0221, 2055.7237,
17.400230, 2480.5438, 44.364132, 2191.0842, 2061.3404,
17.413380, 2450.9327, 43.493927, 2185.0856, 2066.9474,
17.426540, 2440.0327, 44.738148, 2179.0677, 2072.5544,
17.439690, 2414.4608, 44.876194, 2173.0926, 2078.1512,
17.452841, 2329.5173, 45.826687, 2167.2058, 2083.7433,
17.465981, 2318.3873, 45.748161, 2161.4650, 2089.3247,
17.479130, 2331.2042, 46.017456, 2155.9126, 2094.9041,
17.492270, 2264.9185, 43.910442, 2150.6086, 2100.4732,
17.505409, 2117.7458, 42.237679, 2145.6009, 2106.0357,
17.518551, 2202.2122, 44.804111, 2140.9410, 2111.5921,
17.531679, 2139.3899, 45.732658, 2136.6861, 2117.1357,
17.544821, 2255.8158, 48.624508, 2132.8802, 2122.6775,
17.557949, 2131.3611, 47.719856, 2129.5839, 2128.2060,
17.571079, 2122.0455, 48.870548, 2126.8458, 2133.7274,
17.584200, 2115.6236, 47.706490, 2124.7212, 2139.2364,
17.597330, 2114.4182, 48.887733, 2123.2474, 2144.7410,
17.610451, 2140.1576, 49.963818, 2122.4137, 2150.2327,
17.623569, 2128.9782, 51.205357, 2122.1926, 2155.7145,
17.636690, 2321.2363, 54.001808, 2122.5587, 2161.1877,
17.649799, 2184.2059, 50.924362, 2123.4856, 2166.6465,
17.662910, 2138.3938, 49.747238, 2124.9489, 2172.0961,
17.676029, 2227.4541, 51.429562, 2126.9253, 2177.5387,
17.689131, 2246.8335, 54.117077, 2129.3865, 2182.9635,
17.702240, 2173.1499, 54.803650, 2132.3128, 2188.3806,
17.715349, 2231.7017, 56.002438, 2135.6793, 2193.7866,
17.728451, 2296.6802, 58.818645, 2139.4604, 2199.1780,
17.741550, 2312.2520, 53.134914, 2143.6345, 2204.5568,
17.754641, 2325.7358, 42.427006, 2148.1759, 2209.9197,
17.767740, 2332.4421, 41.190098, 2153.0688, 2215.2740,
17.780830, 2312.7807, 44.229630, 2158.2839, 2220.6118,
17.793921, 2293.3981, 41.991089, 2163.8026, 2225.9366,
17.807011, 2244.7994, 40.682220, 2169.6032, 2231.2481,
17.820101, 2263.0948, 42.655849, 2175.6640, 2236.5459,
17.833179, 2288.8808, 42.021557, 2181.9580, 2241.8251,
17.846270, 2229.1377, 39.770676, 2188.4750, 2247.0946,
17.859341, 2278.9414, 41.019932, 2195.1784, 2252.3419,
17.872419, 2359.6114, 46.428802, 2202.0608, 2257.5772,
17.885500, 2407.7969, 49.913277, 2209.0984, 2262.7980,
17.898569, 2306.2304, 49.628143, 2216.2631, 2267.9986,
17.911640, 2269.8509, 48.366428, 2223.5415, 2273.1840,
17.924709, 2176.6019, 46.886036, 2230.9109, 2278.3523,
17.937780, 2266.8124, 80.239914, 2238.3528, 2283.5047,
17.941250, 2236.5360, 44.485264, 2240.3376, 2284.8694,
17.955721, 2251.9798, 42.358116, 2248.6462, 2290.5487,
17.970181, 2309.3709, 43.479061, 2256.9764, 2296.2020,
17.984650, 2239.5085, 43.763279, 2265.3126, 2301.8370,
17.999109, 2238.2909, 45.026062, 2273.6162, 2307.4459,
18.013571, 2259.4418, 47.085159, 2281.8660, 2313.0324,
18.028021, 2373.9006, 45.697102, 2290.0269, 2318.5911,
18.042480, 2366.3412, 42.585190, 2298.0829, 2324.1294,
18.056931, 2326.3576, 39.987240, 2305.9955, 2329.6395,
18.071381, 2221.6601, 38.299194, 2313.7423, 2335.1246,
18.085819, 2308.2696, 40.099606, 2321.2953, 2340.5797,
18.100269, 2346.0832, 41.958202, 2328.6681, 2346.0130,
18.114710, 2402.7073, 42.887722, 2335.8574, 2351.4160,
18.129150, 2357.4702, 41.229359, 2342.8756, 2356.7917,
18.143579, 2358.1957, 40.655102, 2349.7245, 2362.1353,
18.158020, 2324.2073, 40.630829, 2356.4221, 2367.4548,
18.172449, 2419.1678, 43.363728, 2362.9647, 2372.7411,
18.186880, 2322.6596, 42.678764, 2369.3653, 2377.9985,
18.201300, 2350.7135, 42.686569, 2375.6250, 2383.2216,
18.215719, 2330.0622, 40.662094, 2381.7554, 2388.4139,
18.230150, 2358.1446, 38.786800, 2387.7679, 2393.5789,
18.244560, 2412.2083, 39.017990, 2393.6554, 2398.7045,
18.258980, 2317.6731, 39.261326, 2399.4369, 2403.8008,
18.273390, 2366.7854, 42.462288, 2405.1111, 2408.8604,
18.287800, 2475.2031, 44.512321, 2410.6878, 2413.8862,
18.302210, 2390.0658, 43.458908, 2416.1732, 2418.8773,
18.316620, 2453.7757, 40.160034, 2421.5734, 2423.8332,
18.331020, 2369.5708, 36.505386, 2426.8908, 2428.7499,
18.345421, 2455.5647, 37.547962, 2432.1348, 2433.6300,
18.359819, 2446.9993, 37.441650, 2437.3107, 2438.4722,
18.374210, 2505.6179, 40.395317, 2442.4221, 2443.2738,
18.388611, 2531.9136, 41.363014, 2447.4810, 2448.0399,
18.403000, 2414.2029, 39.055214, 2452.4855, 2452.7627,
18.417379, 2476.0015, 39.557281, 2457.4422, 2457.4422,
18.431770, 2452.0409, 39.482651, 2462.3641, 2462.0860,
18.446150, 2413.0522, 39.227947, 2467.2504, 2466.6934,
18.460529, 2528.4960, 42.045044, 2472.1121, 2471.2761,
18.474911, 2478.1507, 42.792740, 2476.9572, 2475.8429,
18.489281, 2630.4451, 43.160385, 2481.7882, 2480.3977,
18.503660, 2479.0669, 40.404732, 2486.6195, 2484.9552,
18.518030, 2464.7540, 38.497074, 2491.4518, 2489.5174,
18.532391, 2580.8343, 39.054665, 2496.2921, 2494.0925,
18.546761, 2608.6995, 40.811363, 2501.1542, 2498.6946,
18.561119, 2520.1879, 42.502861, 2506.0380, 2503.3250,
18.575480, 2628.6781, 45.493000, 2510.9553, 2507.9962,
18.589840, 2698.1882, 44.590664, 2515.9126, 2512.7156,
18.604191, 2610.9504, 40.677151, 2520.9138, 2517.4881,
18.618549, 2609.8871, 38.286221, 2525.9722, 2522.3276,
18.632900, 2590.4318, 37.381863, 2531.0897, 2527.2372,
18.647240, 2682.2834, 40.133392, 2536.2721, 2532.2233,
18.661591, 2820.8751, 42.873127, 2541.5351, 2537.3023,
18.675930, 3100.7781, 45.737251, 2546.8778, 2542.4743,
18.690269, 4668.7957, 56.062912, 2552.3118, 2547.7513,
18.704611, 9077.1679, 78.174599, 2557.8455, 2553.1425,
18.718941, 7612.2453, 69.272903, 2563.4812, 2558.6509,
18.733271, 3722.6709, 49.216881, 2569.2310, 2564.2891,
18.747601, 2859.2178, 46.270439, 2575.1027, 2570.0654,
18.761930, 2756.6694, 47.138248, 2581.1042, 2575.9882,
18.776260, 2744.2936, 48.207008, 2587.2436, 2582.0659,
18.790581, 2695.8448, 46.753258, 2593.5246, 2588.3027,
18.804899, 2742.4978, 44.480747, 2599.9586, 2594.7104,
18.819220, 2815.0556, 45.252739, 2606.5556, 2601.2990,
18.833530, 2767.0532, 46.334465, 2613.3187, 2608.0718,
18.847839, 2729.1871, 47.310307, 2620.2598, 2615.0407,
18.862150, 2839.0948, 51.455086, 2627.3894, 2622.2164,
18.876459, 2739.4945, 50.500061, 2634.7144, 2629.6056,
18.890770, 2902.2240, 49.381046, 2642.2457, 2637.2190,
18.905069, 2800.0064, 46.391464, 2649.9853, 2645.0582,
18.919371, 2810.0469, 45.225960, 2657.9493, 2653.1393,
18.933670, 2924.6961, 45.787956, 2666.1450, 2661.4689,
18.947960, 2955.2388, 49.460491, 2674.5775, 2670.0514,
18.962250, 2845.0071, 50.469154, 2683.2619, 2678.9014,
18.976540, 2892.0239, 53.262875, 2692.2080, 2688.0279,
18.990829, 2967.6723, 55.715916, 2701.4262, 2697.4404,
19.005119, 2968.1746, 55.098011, 2710.9266, 2707.1480,
19.019400, 2876.6702, 52.508888, 2720.7132, 2717.1534,
19.033680, 2811.4480, 51.104858, 2730.8031, 2727.4725,
19.047960, 2992.2998, 55.604588, 2741.2073, 2738.1148,
19.062229, 2903.3373, 58.249195, 2751.9282, 2749.0810,
19.076500, 2999.5156, 73.539215, 2762.9869, 2760.3908,
19.090771, 2807.8282, 56.657455, 2774.3939, 2772.0527,
19.105040, 2885.7193, 58.397228, 2786.1593, 2784.0747,
19.119310, 2945.2991, 57.605095, 2798.2987, 2796.4703,
19.133570, 2956.1704, 57.862236, 2810.8127, 2809.2376,
19.147829, 2896.7742, 61.415699, 2823.7238, 2822.3964,
19.162090, 2962.2829, 64.254776, 2837.0468, 2835.9591,
19.176340, 2861.5729, 61.913948, 2850.7821, 2849.9229,
19.190599, 2949.6635, 63.829102, 2864.9636, 2864.3188,
19.204849, 2950.2216, 63.221001, 2879.5864, 2879.1383,
19.219101, 2962.2155, 59.247272, 2894.6760, 2894.4036,
19.233339, 2888.0756, 57.635937, 2910.2305, 2910.1087,
19.247580, 2937.4103, 63.101746, 2926.2810, 2926.2810,
19.261820, 2928.9836, 61.404346, 2942.8313, 2942.9215,
19.276060, 2914.7198, 67.288322, 2959.8502, 2960.0016,
19.290300, 3066.2917, 74.291061, 2977.2973, 2977.4851,
19.304529, 2968.9645, 73.857635, 2995.1181, 2995.3210,
19.318760, 3067.1171, 75.571625, 3013.2892, 3013.4898,
19.332991, 3049.3904, 76.232132, 3031.7689, 3031.9531,
19.347219, 3016.3557, 74.064331, 3050.5155, 3050.6723,
19.361441, 2988.1230, 76.285645, 3069.4822, 3069.6039,
19.375660, 3150.1132, 84.489426, 3088.6377, 3088.7197,
19.389879, 2886.4113, 76.123650, 3107.9460, 3107.9864,
19.404100, 3152.4035, 83.218842, 3127.3711, 3127.3711,
19.418310, 3212.6189, 86.253159, 3146.8566, 3146.8200,
19.432520, 3235.3089, 91.571266, 3166.3796, 3166.3131,
