# wave, flux, fluxerr, continuum, continuum_plateau
9.9725246, 781.16658, 27.494112, 768.38942, 768.25255,
9.9806166, 901.82662, 30.254677, 765.93380, 765.83307,
9.9887066, 800.71355, 26.561754, 763.59235, 763.52126,
9.9967957, 714.62629, 24.530012, 761.36550, 761.31812,
10.004880, 818.91414, 27.357241, 759.25499, 759.22591,
10.012970, 766.01127, 25.811876, 757.25893, 757.24326,
10.021050, 804.27551, 24.039625, 755.38185, 755.37519,
10.029140, 760.36711, 24.734068, 753.62022, 753.61863,
10.037220, 665.97296, 25.324722, 751.97928, 751.97928,
10.045300, 756.83491, 24.209854, 750.45762, 750.45618,
10.053380, 772.44594, 23.422224, 749.05605, 749.05053,
10.061460, 767.48810, 25.284515, 747.77590, 747.76407,
10.069540, 727.90622, 23.910425, 746.61788, 746.59790,
10.077610, 815.59948, 22.932693, 745.58449, 745.55488,
10.085690, 796.12001, 23.312246, 744.67421, 744.63381,
10.093760, 726.62945, 23.725573, 743.89031, 743.83832,
10.101830, 723.54533, 21.698298, 743.23280, 743.16868,
10.109900, 831.33315, 22.139736, 742.70277, 742.62629,
10.117970, 806.44131, 23.370771, 742.30157, 742.21276,
10.126040, 778.90124, 22.849491, 742.03036, 741.92948,
10.134100, 792.26319, 21.263632, 741.89050, 741.77806,
10.142170, 797.01304, 21.775295, 741.88292, 741.75961,
10.150230, 782.51657, 23.004311, 742.00899, 741.87571,
10.158300, 838.92081, 22.311794, 742.27037, 742.12815,
10.166360, 774.99121, 20.617290, 742.66778, 742.51783,
10.174420, 761.29367, 21.932861, 743.20296, 743.04659,
10.182470, 777.66967, 22.606726, 743.87636, 743.71499,
10.190530, 828.25452, 24.458210, 744.69112, 744.52625,
10.198590, 776.72711, 21.248283, 745.64816, 745.48135,
10.206640, 770.76620, 23.138926, 746.74742, 746.58029,
10.214690, 714.55142, 21.531113, 747.99165, 747.82580,
10.222750, 744.69312, 20.759212, 749.38419, 749.22126,
10.230800, 725.54682, 22.240978, 750.92342, 750.76498,
10.238850, 801.79988, 24.277952, 752.61257, 752.46017,
10.246890, 772.53804, 22.053604, 754.45110, 754.30622,
10.254940, 785.93534, 22.429382, 756.44513, 756.30916,
10.262990, 813.61943, 25.149330, 758.59438, 758.46858,
10.271030, 770.78302, 24.042967, 760.89785, 760.78334,
10.279070, 739.44338, 21.994299, 763.35956, 763.25731,
10.287120, 805.55045, 23.597588, 765.98521, 765.89603,
10.295150, 821.57993, 25.461687, 768.76649, 768.69092,
10.303190, 797.49814, 23.603817, 771.71567, 771.65407,
10.311230, 843.44034, 22.928963, 774.83086, 774.78332,
10.319270, 837.22234, 24.831497, 778.11486, 778.08120,
10.327300, 815.30480, 25.645063, 781.56479, 781.54448,
10.335340, 777.87220, 23.616076, 785.19137, 785.18360,
10.343370, 840.02711, 24.134483, 788.98863, 788.99220,
10.351400, 723.82025, 25.457428, 792.96209, 792.97542,
10.359430, 816.05848, 26.687393, 797.11443, 797.13556,
10.367460, 853.61250, 25.085091, 801.44796, 801.47446,
10.375480, 754.53836, 26.173569, 805.95901, 805.98800,
10.383510, 791.11585, 29.648796, 810.66175, 810.68988,
10.391530, 850.54888, 29.517239, 815.54693, 815.57030,
10.399560, 821.24918, 24.258854, 820.62862, 820.64280,
10.407580, 777.21819, 21.307125, 825.89728, 825.89728,
10.415600, 785.69100, 22.687252, 831.35958, 831.34000,
10.423620, 894.77914, 24.300682, 837.01371, 836.96958,
10.431640, 871.47327, 22.984104, 842.85415, 842.78107,
10.439650, 883.51250, 23.660645, 848.87011, 848.76432,
10.447670, 899.57032, 24.564871, 855.07258, 854.93075,
10.455680, 884.37623, 22.942284, 861.44127, 861.26069,
10.463700, 886.62004, 22.685856, 867.98885, 867.76717,
10.471710, 948.19041, 25.269587, 874.69419, 874.42966,
10.479720, 878.89412, 24.524797, 881.56184, 881.25307,
10.487730, 881.66227, 23.242998, 888.58789, 888.23390,
10.495730, 1075.4671, 25.308363, 895.75986, 895.36011,
10.503740, 1550.9982, 33.380554, 903.09101, 902.64523,
10.511750, 1684.1051, 35.319969, 910.56912, 910.07742,
10.519750, 1247.1337, 28.818272, 918.18037, 917.64322,
10.527750, 997.29179, 29.212788, 925.93167, 925.34981,
10.535750, 925.27982, 31.715282, 933.81847, 933.19290,
10.543750, 1067.8180, 33.783211, 941.83616, 941.16815,
10.551750, 1139.6580, 34.369251, 949.98306, 949.27408,
10.559750, 1107.0745, 37.803200, 958.25364, 957.50542,
10.567850, 1121.0603, 29.042070, 966.75213, 965.96612,
10.576350, 1188.3347, 27.217094, 975.79938, 974.97603,
10.584840, 1194.9875, 27.065998, 984.96377, 984.10567,
10.593340, 1224.1067, 25.549400, 994.26380, 993.37365,
10.601830, 1160.8743, 24.997204, 1003.6724, 1002.7531,
10.610330, 1131.5012, 26.576084, 1013.2088, 1012.2633,
10.618820, 1158.0996, 26.254303, 1022.8464, 1021.8780,
10.627310, 1153.8770, 24.659208, 1032.5908, 1031.6026,
10.635800, 1185.6228, 25.960621, 1042.4402, 1041.4356,
10.644280, 1134.7100, 26.876892, 1052.3772, 1051.3595,
10.652770, 1139.3949, 25.901962, 1062.4214, 1061.3940,
10.661250, 1174.3656, 25.303141, 1072.5462, 1071.5126,
10.669740, 1104.8964, 26.408928, 1082.7706, 1081.7343,
10.678220, 1124.5424, 27.318552, 1093.0677, 1092.0321,
10.686700, 1170.7914, 26.040833, 1103.4453, 1102.4138,
10.695180, 1177.4842, 25.724197, 1113.8994, 1112.8755,
10.703650, 1215.3168, 27.650694, 1124.4145, 1123.4015,
10.712130, 1267.1683, 28.004827, 1135.0093, 1134.0104,
10.720600, 1204.1599, 25.397844, 1145.6585, 1144.6772,
10.729080, 1214.6936, 25.847500, 1156.3813, 1155.4207,
10.737550, 1270.1022, 27.957943, 1167.1487, 1166.2118,
10.746020, 1275.7203, 26.969875, 1177.9713, 1177.0612,
10.754490, 1246.7245, 25.256817, 1188.8432, 1187.9628,
10.762960, 1260.5640, 26.491274, 1199.7632, 1198.9152,
10.771420, 1237.7435, 27.459843, 1210.7114, 1209.8986,
10.779890, 1290.0836, 26.833607, 1221.7140, 1220.9389,
10.788350, 1219.8172, 25.274673, 1232.7388, 1232.0039,
10.796810, 1216.7193, 26.727591, 1243.7959, 1243.1034,
10.805270, 1210.8113, 27.892673, 1254.8816, 1254.2338,
10.813730, 1220.9484, 26.611572, 1265.9925, 1265.3912,
10.822190, 1223.7496, 26.166412, 1277.1249, 1276.5721,
10.830650, 1190.0424, 27.955799, 1288.2752, 1287.7726,
10.839100, 1231.8984, 28.876923, 1299.4261, 1298.9752,
10.847560, 1266.2850, 27.712013, 1310.6018, 1310.2040,
10.856010, 1251.3586, 27.878338, 1321.7721, 1321.4287,
10.864460, 1311.8460, 30.619438, 1332.9449, 1332.6570,
10.872910, 1304.2388, 30.658819, 1344.1180, 1343.8864,
10.881360, 1327.8049, 29.369343, 1355.2890, 1355.1146,
10.889800, 1315.2087, 30.132195, 1366.4393, 1366.3226,
10.898250, 1345.4841, 32.957012, 1377.5918, 1377.5334,
10.906690, 1391.4101, 33.471348, 1388.7179, 1388.7179,
10.915140, 1411.3729, 32.158928, 1399.8410, 1399.8997,
10.923580, 1480.1137, 34.368671, 1410.9330, 1411.0504,
10.932020, 1528.6143, 38.490814, 1422.0081, 1422.1841,
10.940460, 1541.3966, 38.114334, 1433.0663, 1433.3009,
10.948890, 1582.5302, 37.886509, 1444.0943, 1444.3871,
10.957330, 1608.3731, 40.076485, 1455.1196, 1455.4704,
10.965760, 1750.5954, 33.187302, 1466.1162, 1466.5246,
10.974200, 1936.9816, 30.734810, 1477.1092, 1477.5749,
10.982630, 2135.1383, 30.276291, 1488.0728, 1488.5950,
10.991060, 2268.5282, 31.025368, 1499.0219, 1499.6002,
10.999490, 2325.7291, 32.715366, 1509.9544, 1510.5879,
11.007920, 2292.0156, 31.619143, 1520.8728, 1521.5609,
11.016340, 2277.5696, 31.252468, 1531.7624, 1532.5042,
11.024770, 2233.2146, 32.698059, 1542.6495, 1543.4442,
11.033190, 2260.2133, 34.735508, 1553.5094, 1554.3560,
11.041610, 2228.0804, 35.312576, 1564.3547, 1565.2522,
11.050030, 2184.7870, 35.549713, 1575.1855, 1576.1328,
11.058450, 2108.7562, 37.143463, 1586.0019, 1586.9980,
11.066870, 2060.3864, 38.009712, 1596.8042, 1597.8478,
11.075290, 2107.9239, 39.461552, 1607.5923, 1608.6823,
11.083700, 2228.0679, 39.376690, 1618.3544, 1619.4894,
11.092120, 2164.2988, 41.380169, 1629.1148, 1630.2937,
11.100530, 2244.0773, 46.058846, 1639.8481, 1641.0695,
11.108940, 2349.4998, 44.949650, 1650.5692, 1651.8316,
11.117350, 2351.3810, 63.214417, 1661.2755, 1662.5776,
11.120570, 2543.0604, 41.397980, 1665.3722, 1666.6890,
11.129530, 2725.6528, 40.265453, 1676.7591, 1678.1160,
11.138500, 3033.2212, 41.779549, 1688.1444, 1689.5397,
11.147460, 3398.2034, 45.427814, 1699.5016, 1700.9334,
11.156430, 4056.8698, 49.622131, 1710.8574, 1712.3240,
11.165390, 4848.8048, 51.141190, 1722.1854, 1723.6849,
11.174350, 5786.5943, 54.677902, 1733.4989, 1735.0295,
11.183300, 6862.5816, 62.114151, 1744.7860, 1746.3459,
11.192260, 7723.6579, 65.710327, 1756.0710, 1757.6582,
11.201220, 8372.7358, 65.174576, 1767.3418, 1768.9544,
11.210170, 8346.6852, 64.713776, 1778.5867, 1780.2227,
11.219120, 8270.4652, 67.684151, 1789.8176, 1791.4751,
11.228070, 8321.6185, 68.032883, 1801.0347, 1802.7117,
11.237020, 8203.4490, 64.073860, 1812.2369, 1813.9314,
11.245970, 8220.0748, 64.920708, 1823.4266, 1825.1366,
11.254920, 8080.1913, 66.884308, 1834.6028, 1836.3262,
11.263860, 7919.1410, 66.017395, 1845.7524, 1847.4872,
11.272800, 7766.1687, 62.697075, 1856.8897, 1858.6340,
11.281750, 7418.7529, 62.377716, 1868.0244, 1869.7761,
11.290690, 7066.9029, 63.109592, 1879.1351, 1880.8922,
11.299630, 6906.2803, 61.898991, 1890.2314, 1891.9918,
11.308560, 6608.1817, 58.082981, 1901.3027, 1903.0645,
11.317500, 6257.7216, 56.772865, 1912.3728, 1914.1338,
11.326430, 5997.6565, 57.676003, 1923.4179, 1925.1763,
11.335370, 5757.3777, 55.497803, 1934.4619, 1936.2155,
11.344300, 5489.9224, 52.199783, 1945.4810, 1947.2281,
11.353230, 5237.1487, 51.277306, 1956.4872, 1958.2257,
11.362160, 5023.4883, 52.670006, 1967.4794, 1969.2072,
11.371080, 4842.3218, 50.688652, 1978.4481, 1980.1635,
11.380010, 4788.0984, 48.796513, 1989.4145, 1991.1155,
11.388930, 4589.8957, 48.212574, 2000.3575, 2002.0423,
11.397850, 4396.6369, 49.368504, 2011.2866, 2012.9533,
11.406780, 4253.3552, 48.133415, 2022.2157, 2023.8624,
11.415700, 4100.4996, 45.324402, 2033.1191, 2034.7442,
11.424610, 3953.9270, 45.518547, 2043.9982, 2045.5998,
11.433530, 3891.1553, 47.513779, 2054.8761, 2056.4525,
11.442450, 3804.3578, 46.559505, 2065.7412, 2067.2907,
11.451360, 3738.8384, 44.104179, 2076.5819, 2078.1030,
11.460270, 3627.0055, 44.995667, 2087.4099, 2088.9008,
11.469180, 3480.8183, 45.929672, 2098.2250, 2099.6843,
11.478090, 3407.8706, 45.477589, 2109.0273, 2110.4534,
11.487000, 3279.1052, 43.251293, 2119.8168, 2121.2082,
11.495910, 3281.9617, 44.810566, 2130.5923, 2131.9476,
11.504810, 3158.7277, 45.805557, 2141.3445, 2142.6624,
11.513710, 3139.7744, 46.148769, 2152.0826, 2153.3618,
11.522620, 3060.2853, 44.265221, 2162.8204, 2164.0596,
11.531520, 3073.8358, 45.675072, 2173.5326, 2174.7306,
11.540420, 2938.0808, 46.804993, 2184.2317, 2185.3875,
11.549310, 3043.4953, 48.471092, 2194.9063, 2196.0188,
11.558210, 2934.3736, 46.504051, 2205.5804, 2206.6484,
11.567100, 2898.2293, 47.252430, 2216.2276, 2217.2504,
11.576000, 2816.0365, 49.466629, 2226.8752, 2227.8518,
11.584890, 2814.7748, 50.422474, 2237.4970, 2238.4266,
11.593780, 2757.3873, 49.321465, 2248.1043, 2248.9862,
11.602670, 2719.1229, 49.106995, 2258.6993, 2259.5329,
11.611560, 2629.1019, 52.068844, 2269.2808, 2270.0655,
11.620440, 2589.3465, 53.716396, 2279.8362, 2280.5716,
11.629330, 2600.3072, 52.688023, 2290.3904, 2291.0760,
11.638210, 2536.6915, 52.476410, 2300.9196, 2301.5551,
11.647090, 2450.1164, 55.625286, 2311.4338, 2312.0190,
11.655970, 2492.1211, 58.740181, 2321.9340, 2322.4689,
11.664850, 2470.5912, 45.130901, 2332.4214, 2332.9057,
11.673730, 2499.4128, 35.470585, 2342.8935, 2343.3274,
11.682600, 2496.6233, 40.872852, 2353.3401, 2353.7239,
11.691480, 2479.7516, 39.853752, 2363.7837, 2364.1174,
11.700350, 2487.2246, 40.825699, 2374.2016, 2374.4857,
11.709220, 2452.3589, 41.254509, 2384.6049, 2384.8398,
11.718090, 2496.8021, 42.511120, 2394.9935, 2395.1799,
11.726960, 2478.2175, 44.830879, 2405.3673, 2405.5058,
11.735830, 2420.7834, 44.539551, 2415.7262, 2415.8175,
11.744690, 2502.4983, 48.675621, 2426.0577, 2426.1029,
11.753560, 2404.5336, 44.221886, 2436.3863, 2436.3863,
11.762420, 2418.4011, 46.104332, 2446.6869, 2446.6428,
11.771280, 2435.7153, 67.060112, 2456.9702, 2456.8832,
11.775020, 2443.5627, 41.016117, 2461.3037, 2461.1989,
11.784500, 2406.9957, 41.849030, 2472.2720, 2472.1228,
11.793980, 2501.9877, 41.744343, 2483.2097, 2483.0171,
11.803460, 2482.4138, 45.143337, 2494.1151, 2493.8801,
11.812940, 2533.2309, 39.255955, 2504.9823, 2504.7058,
11.822420, 2499.2431, 40.482948, 2515.8100, 2515.4927,
11.831890, 2520.1705, 40.281418, 2526.5811, 2526.2240,
11.841360, 2580.5865, 38.933708, 2537.3041, 2536.9078,
11.850840, 2621.6750, 38.255539, 2547.9859, 2547.5511,
11.860310, 2637.8844, 39.476753, 2558.6012, 2558.1286,
11.869770, 2683.3101, 39.855446, 2569.1464, 2568.6367,
11.879240, 2727.8457, 38.844231, 2579.6389, 2579.0928,
11.888710, 2811.9819, 38.212189, 2590.0643, 2589.4823,
11.898170, 2803.9982, 39.023418, 2600.4082, 2599.7912,
11.907630, 2845.2343, 39.898064, 2610.6763, 2610.0250,
11.917090, 2876.7160, 40.580082, 2620.8667, 2620.1821,
11.926550, 2891.3103, 38.244415, 2630.9736, 2630.2563,
11.936010, 2924.0252, 38.617542, 2640.9949, 2640.2461,
11.945470, 2942.5716, 39.879936, 2650.9247, 2650.1454,
11.954920, 3020.7741, 39.251724, 2660.7501, 2659.9416,
11.964370, 3053.9069, 38.392578, 2670.4771, 2669.6408,
11.973830, 3038.5982, 38.399414, 2680.1124, 2679.2497,
11.983280, 3034.9997, 39.673351, 2689.6303, 2688.7431,
11.992720, 3124.5980, 39.680290, 2699.0273, 2698.1174,
12.002170, 3108.4351, 38.743702, 2708.3199, 2707.3896,
12.011610, 3029.3748, 38.227253, 2717.4842, 2716.5361,
12.021060, 3012.7308, 39.534214, 2726.5347, 2725.5713,
12.030500, 3037.3049, 39.704300, 2735.4486, 2734.4730,
12.039940, 3021.9580, 38.761490, 2744.2301, 2743.2457,
12.049380, 3014.4769, 38.200584, 2752.8765, 2751.8870,
12.058820, 2959.8407, 39.307575, 2761.3816, 2760.3913,
12.068250, 3060.0800, 40.870548, 2769.7336, 2768.7469,
12.077690, 2969.8785, 39.212189, 2777.9457, 2776.9676,
12.087120, 3010.8614, 38.845901, 2785.9950, 2785.0311,
12.096550, 2997.9418, 40.104664, 2793.8863, 2792.9425,
12.105980, 2955.8716, 41.044922, 2801.6148, 2800.6977,
12.115410, 2965.9340, 40.552521, 2809.1759, 2808.2926,
12.124830, 2888.6515, 39.214077, 2816.5575, 2815.7157,
12.134260, 2889.1466, 40.244640, 2823.7697, 2822.9778,
12.143680, 2935.3243, 42.163284, 2830.7924, 2830.0595,
12.153100, 2937.1249, 42.611240, 2837.6295, 2836.9654,
12.162520, 2909.5556, 48.306164, 2844.2753, 2843.6905,
12.171940, 2927.0845, 42.083649, 2850.7241, 2850.2300,
12.181360, 2900.2137, 43.585186, 2856.9722, 2856.5811,
12.190770, 2877.1193, 44.118671, 2863.0071, 2862.7320,
12.200180, 2842.5572, 43.009834, 2868.8307, 2868.6856,
12.209600, 2881.8201, 43.527084, 2874.4439, 2874.4439,
12.219010, 2858.6949, 44.998543, 2879.8303, 2879.9909,
12.228420, 2912.0279, 46.993752, 2884.9988, 2885.3347,
12.237820, 2909.0348, 46.500526, 2889.9477, 2890.4720,
12.247230, 2994.3501, 46.985744, 2894.6919, 2895.4168,
12.256630, 2986.0076, 48.011341, 2899.2251, 2900.1612,
12.266040, 3573.4316, 54.920509, 2903.5600, 2904.7171,
12.275440, 5006.5689, 64.557777, 2907.6915, 2909.0777,
12.284840, 4299.5683, 59.556541, 2911.6272, 2913.2499,
12.294230, 3208.1277, 52.440266, 2915.3676, 2917.2328,
12.303630, 3190.7685, 61.868561, 2918.9231, 2921.0361,
12.313030, 3152.8428, 56.588821, 2922.2936, 2924.6588,
12.322420, 3193.2631, 66.912125, 2925.4788, 2928.0990,
12.331810, 3174.0347, 44.228020, 2928.4856, 2931.3632,
12.341200, 3229.0483, 37.667923, 2931.3172, 2934.4536,
12.350590, 3312.4593, 39.853367, 2933.9766, 2937.3726,
12.359980, 3441.2825, 41.963436, 2936.4670, 2940.1222,
12.369360, 3562.8795, 43.396503, 2938.7890, 2942.7023,
12.378750, 3498.9740, 43.619148, 2940.9502, 2945.1201,
12.388130, 3354.5042, 43.356552, 2942.9492, 2947.3731,
12.397510, 3392.5409, 43.633003, 2944.7907, 2949.4655,
12.406890, 3389.7624, 42.108112, 2946.4781, 2951.4001,
12.416270, 3455.2190, 42.206047, 2948.0137, 2953.1786,
12.425640, 3468.8940, 42.922581, 2949.3988, 2954.8014,
12.435020, 3499.5324, 45.138752, 2950.6390, 2956.2742,
12.444390, 3562.4866, 46.215984, 2951.7342, 2957.5958,
12.453760, 3619.4261, 46.393055, 2952.6883, 2958.7698,
12.463130, 3617.3942, 47.504494, 2953.5038, 2959.7984,
12.472500, 3702.9494, 52.137779, 2954.1831, 2960.6834,
12.481870, 3788.1418, 61.371517, 2954.7286, 2961.4269,
12.489420, 3815.5530, 50.027748, 2955.0723, 2961.9243,
12.499490, 3913.0667, 51.583393, 2955.4000, 2962.4484,
12.509550, 3928.6714, 50.146049, 2955.5806, 2962.8152,
12.519610, 4026.1649, 48.885597, 2955.6172, 2963.0275,
12.529670, 4040.3136, 48.693413, 2955.5126, 2963.0878,
12.539730, 4108.0383, 51.151840, 2955.2694, 2962.9983,
12.549780, 4125.0855, 60.388607, 2954.8905, 2962.7617,
12.559840, 4256.7854, 50.123680, 2954.3777, 2962.3796,
12.569890, 4338.1380, 49.054714, 2953.7346, 2961.8552,
12.579940, 4352.8299, 50.266884, 2952.9631, 2961.1904,
12.589990, 4395.7796, 50.542404, 2952.0656, 2960.3872,
12.600040, 4532.5432, 50.083702, 2951.0442, 2959.4480,
12.610090, 4594.8311, 49.064110, 2949.9015, 2958.3748,
12.620130, 4693.4872, 52.063892, 2948.6409, 2957.1713,
12.630170, 4676.9449, 51.101128, 2947.2634, 2955.8382,
12.640210, 4691.5081, 51.067383, 2945.7713, 2954.3778,
12.650250, 4671.8717, 48.826088, 2944.1665, 2952.7922,
12.660290, 4696.9069, 48.918827, 2942.4514, 2951.0837,
12.670330, 4720.1369, 49.764294, 2940.6276, 2949.2539,
12.680360, 4849.2810, 51.015759, 2938.6993, 2947.3071,
12.690390, 5005.5961, 50.528492, 2936.6667, 2945.2435,
12.700420, 5180.4955, 50.614059, 2934.5312, 2943.0649,
12.710450, 5299.5889, 51.464142, 2932.2953, 2940.7736,
12.720480, 5240.8401, 52.879726, 2929.9605, 2938.3715,
12.730500, 5310.6692, 59.771557, 2927.5309, 2935.8628,
12.740530, 5282.5554, 50.888023, 2925.0038, 2933.2449,
12.750550, 5229.8476, 49.898834, 2922.3854, 2930.5245,
12.760570, 5252.5486, 51.626549, 2919.6755, 2927.7013,
12.770590, 5309.0062, 52.293953, 2916.8752, 2924.7769,
12.780610, 5356.0961, 51.790359, 2913.9862, 2921.7531,
12.790620, 5714.1322, 62.935162, 2911.0133, 2918.6353,
12.800640, 9167.2327, 66.942329, 2907.9518, 2915.4188,
12.810650, 16477.436, 91.996666, 2904.8097, 2912.1120,
12.820660, 10506.600, 73.675064, 2901.5851, 2908.7136,
12.830670, 4966.4582, 48.875278, 2898.2792, 2905.2249,
12.840680, 4386.0098, 46.626083, 2894.8941, 2901.6483,
12.850680, 4145.0814, 46.643253, 2891.4341, 2897.9890,
12.860690, 3981.2832, 46.673664, 2887.8940, 2894.2416,
12.870690, 3821.0243, 44.949440, 2884.2819, 2890.4150,
12.880690, 3660.1013, 43.452301, 2880.5959, 2886.5079,
12.890690, 3498.5530, 43.169357, 2876.8368, 2882.5211,
12.900680, 3418.2754, 44.049728, 2873.0100, 2878.4612,
12.910680, 3449.6002, 44.644371, 2869.1089, 2874.3211,
12.920670, 3311.9053, 42.689529, 2865.1427, 2870.1114,
12.930670, 3215.0125, 42.516792, 2861.1042, 2865.8248,
12.940660, 3077.6379, 42.628208, 2857.0027, 2861.4716,
12.950640, 3129.0379, 44.329231, 2852.8402, 2857.0545,
12.960630, 3076.5352, 43.530792, 2848.6083, 2852.5650,
12.970620, 3052.3368, 43.263153, 2844.3131, 2848.0102,
12.980600, 3001.5247, 43.526764, 2839.9596, 2843.3957,
12.990580, 2970.7446, 45.382553, 2835.5449, 2838.7194,
13.000560, 2859.3643, 44.562874, 2831.0693, 2833.9818,
13.010540, 2913.9434, 45.124466, 2826.5342, 2829.1851,
13.020520, 2849.0839, 44.138245, 2821.9404, 2824.3308,
13.030490, 2934.1516, 46.697437, 2817.2938, 2819.4256,
13.040470, 2862.9945, 47.629303, 2812.5855, 2814.4610,
13.050440, 2845.0273, 48.168907, 2807.8262, 2809.4487,
13.060410, 2814.9853, 47.299618, 2803.0120, 2804.3853,
13.070380, 2805.4472, 47.309483, 2798.1431, 2799.2717,
13.080350, 2824.4165, 50.110260, 2793.2212, 2794.1105,
13.090310, 2797.4321, 51.096474, 2788.2516, 2788.9077,
13.100280, 2768.4882, 51.193359, 2783.2254, 2783.6548,
13.110240, 2738.8921, 50.348946, 2778.1530, 2778.3636,
13.120200, 2799.7791, 52.990738, 2773.0303, 2773.0303,
13.130160, 2737.0149, 54.539177, 2767.8584, 2767.6567,
13.140110, 2820.9772, 44.946754, 2762.6447, 2762.2505,
13.150070, 2765.1801, 35.235035, 2757.3807, 2756.8024,
13.160020, 2754.8664, 36.034004, 2752.0798, 2751.3260,
13.169980, 2766.5870, 38.371136, 2746.7330, 2745.8119,
13.179930, 2795.4896, 39.401085, 2741.3538, 2740.2736,
13.189870, 2776.3800, 40.932449, 2735.9443, 2734.7130,
13.199820, 2782.2531, 40.947662, 2730.4961, 2729.1214,
13.209770, 2756.7897, 40.089733, 2725.0162, 2723.5056,
13.219710, 2745.0061, 39.741554, 2719.5132, 2717.8743,
13.229650, 2753.9549, 41.403252, 2713.9840, 2712.2242,
13.239590, 2802.0278, 42.235958, 2708.4298, 2706.5561,
13.249530, 2760.2024, 41.262394, 2702.8532, 2700.8728,
13.259470, 2699.0694, 40.391357, 2697.2565, 2695.1764,
13.269410, 2730.5765, 42.375900, 2691.6419, 2689.4687,
13.279340, 2753.9762, 46.688316, 2686.0173, 2683.7580,
13.289270, 2747.3777, 47.826321, 2680.3787, 2678.0398,
13.299200, 2795.3225, 48.700901, 2674.7291, 2672.3172,
13.309130, 2795.7265, 51.797886, 2669.0701, 2666.5916,
13.318260, 2722.5649, 40.584934, 2663.8603, 2661.3261,
13.328980, 2682.8701, 38.661049, 2657.7378, 2655.1449,
13.339690, 2709.9602, 39.349453, 2651.6179, 2648.9736,
13.350400, 2734.1058, 40.236324, 2645.4972, 2642.8086,
13.361120, 2735.2861, 39.634983, 2639.3726, 2636.6465,
13.371830, 2720.5325, 37.483673, 2633.2585, 2630.5020,
13.382530, 2729.6438, 37.006313, 2627.1573, 2624.3769,
13.393240, 2755.2226, 38.140820, 2621.0606, 2618.2631,
13.403940, 2746.5307, 38.565834, 2614.9820, 2612.1739,
13.414650, 2754.7880, 41.545788, 2608.9133, 2606.1010,
13.425350, 2711.5488, 36.411621, 2602.8682, 2600.0580,
13.436050, 2710.3524, 36.198887, 2596.8437, 2594.0419,
13.446740, 2778.1946, 37.295525, 2590.8486, 2588.0612,
13.457440, 2760.3075, 37.760120, 2584.8738, 2582.1067,
13.468130, 2803.8586, 36.565712, 2578.9337, 2576.1927,
13.478830, 2798.7903, 35.983841, 2573.0194, 2570.3102,
13.489520, 2827.6674, 36.163330, 2567.1453, 2564.4734,
13.500200, 2864.3194, 37.716980, 2561.3134, 2558.6842,
13.510890, 2870.9483, 37.371616, 2555.5162, 2552.9348,
13.521570, 2967.6361, 37.398201, 2549.7667, 2547.2383,
13.532260, 3015.9254, 36.779652, 2544.0576, 2541.5869,
13.542940, 2978.2511, 37.210464, 2538.4018, 2535.9936,
13.553620, 2981.8182, 38.633446, 2532.7971, 2530.4557,
13.564290, 2906.6072, 37.822872, 2527.2517, 2524.9813,
13.574970, 2895.2886, 36.753006, 2521.7576, 2519.5624,
13.585640, 2877.7543, 35.944878, 2516.3286, 2514.2121,
13.596320, 2877.6240, 37.284618, 2510.9569, 2508.9227,
13.606990, 2834.4764, 37.561100, 2505.6559, 2503.7073,
13.617650, 2824.4850, 37.526035, 2500.4281, 2498.5678,
13.628320, 2795.0390, 36.017719, 2495.2671, 2493.4978,
13.638980, 2734.3396, 35.955074, 2490.1851, 2488.5091,
13.649650, 2726.1988, 36.822395, 2485.1761, 2483.5954,
13.660310, 2677.3431, 37.558331, 2480.2522, 2478.7682,
13.670970, 2652.0723, 44.894348, 2475.4120, 2474.0260,
13.681630, 2629.9954, 35.941917, 2470.6586, 2469.3713,
13.692280, 2611.7601, 36.500549, 2465.9999, 2464.8115,
13.702940, 2599.1399, 36.733734, 2461.4297, 2460.3403,
13.713590, 2547.2058, 37.707989, 2456.9606, 2455.9694,
13.724240, 2570.7664, 36.840553, 2452.5907, 2451.6967,
13.734890, 2499.6355, 35.750629, 2448.3243, 2447.5258,
13.745530, 2502.4028, 35.818535, 2444.1679, 2443.4628,
13.756180, 2490.4046, 36.845951, 2440.1177, 2439.5031,
13.766820, 2427.9995, 36.872196, 2436.1843, 2435.6569,
13.777460, 2464.3834, 36.492050, 2432.3676, 2431.9233,
13.788100, 2434.5757, 36.068935, 2428.6712, 2428.3052,
13.798740, 2460.0705, 36.170822, 2425.0986, 2424.8057,
13.809380, 2381.8342, 37.328758, 2421.6539, 2421.4278,
13.820010, 2410.8627, 37.760628, 2418.3431, 2418.1768,
13.830640, 2397.0360, 37.298550, 2415.1673, 2415.0533,
13.841270, 2445.1927, 37.303452, 2412.1299, 2412.0595,
13.851900, 2431.7031, 37.871941, 2409.2353, 2409.1990,
13.862530, 2388.9187, 43.661476, 2406.4872, 2406.4747,
13.873150, 2395.4951, 39.388416, 2403.8917, 2403.8917,
13.883780, 2381.8642, 39.101974, 2401.4469, 2401.4474,
13.894400, 2421.4775, 38.718842, 2399.1538, 2399.1435,
13.905020, 2398.6676, 39.455711, 2397.0053, 2396.9740,
13.915640, 2424.9661, 41.171131, 2394.9969, 2394.9351,
13.926250, 2441.3856, 41.916050, 2393.1254, 2393.0247,
13.936870, 2490.9368, 41.875618, 2391.3831, 2391.2360,
13.947480, 2448.2165, 40.768623, 2389.7683, 2389.5679,
13.958090, 2440.0991, 42.674515, 2388.2752, 2388.0157,
13.968700, 2546.6628, 45.295681, 2386.8992, 2386.5752,
13.979310, 2533.5307, 46.262737, 2385.6361, 2385.2432,
13.989910, 2479.6215, 44.824028, 2384.4824, 2384.0169,
14.000520, 2418.3751, 44.446945, 2383.4319, 2382.8907,
14.011120, 2442.8935, 46.092590, 2382.4823, 2381.8628,
14.021720, 2419.2675, 48.005749, 2381.6282, 2380.9287,
14.032320, 2430.0658, 50.030334, 2380.8658, 2380.0849,
14.042920, 2469.4440, 49.625233, 2380.1908, 2379.3279,
14.053510, 2410.5791, 49.406914, 2379.5997, 2378.6547,
14.064110, 2494.7901, 51.936249, 2379.0873, 2378.0605,
14.074700, 2403.0330, 52.589500, 2378.6507, 2377.5430,
14.085290, 2435.7927, 57.385494, 2378.2855, 2377.0982,
14.095870, 2520.4306, 42.188622, 2377.9879, 2376.7228,
14.106460, 2483.3876, 33.842823, 2377.7535, 2376.4129,
14.117040, 2498.4604, 35.010952, 2377.5788, 2376.1654,
14.127630, 2504.6977, 38.291767, 2377.4598, 2375.9765,
14.138210, 2520.6738, 39.174530, 2377.3929, 2375.8432,
14.148790, 2526.0143, 39.598125, 2377.3740, 2375.7619,
14.159370, 2546.5226, 39.724728, 2377.3995, 2375.7292,
14.169940, 2541.7940, 39.362888, 2377.4656, 2375.7416,
14.180520, 2670.4895, 68.618217, 2377.5686, 2375.7959,
14.182090, 2618.8154, 40.818924, 2377.5868, 2375.8073,
14.193560, 2644.5825, 39.943802, 2377.7409, 2375.9153,
14.205030, 2620.2651, 40.962708, 2377.9286, 2376.0637,
14.216500, 2683.3862, 42.606174, 2378.1453, 2376.2481,
14.227970, 2698.9288, 42.054718, 2378.3863, 2376.4643,
14.239430, 2658.1199, 40.119820, 2378.6467, 2376.7079,
14.250890, 2746.3593, 62.841499, 2378.9220, 2376.9746,
14.262350, 2654.7772, 40.544861, 2379.2077, 2377.2604,
14.273810, 2558.8245, 40.942165, 2379.4990, 2377.5609,
14.285270, 2612.5582, 41.743870, 2379.7914, 2377.8720,
14.296730, 2557.9052, 38.841030, 2380.0803, 2378.1893,
14.308180, 2502.0006, 38.019966, 2380.3607, 2378.5084,
14.319630, 2418.5433, 37.997467, 2380.6284, 2378.8254,
14.331080, 2505.6580, 40.001896, 2380.8786, 2379.1359,
14.342530, 2533.0857, 39.460152, 2381.1068, 2379.4359,
14.353970, 2548.4994, 36.762436, 2381.3081, 2379.7207,
14.365410, 2639.5896, 36.532318, 2381.4781, 2379.9866,
14.376860, 2515.8915, 35.517605, 2381.6123, 2380.2293,
14.388300, 2465.7055, 36.563713, 2381.7056, 2380.4444,
14.399730, 2472.0089, 35.994865, 2381.7536, 2380.6277,
14.411170, 2442.2326, 33.847672, 2381.7517, 2380.7752,
14.422600, 2359.9580, 32.365406, 2381.6949, 2380.8824,
14.434030, 2384.6519, 32.730911, 2381.5788, 2380.9453,
14.445460, 2405.0401, 34.458233, 2381.3983, 2380.9596,
14.456890, 2360.0676, 33.541576, 2381.1488, 2380.9211,
14.468320, 2394.3958, 33.005833, 2380.8254, 2380.8254,
14.479740, 2365.3136, 31.813110, 2380.4254, 2380.6699,
14.491160, 2379.3100, 32.308270, 2379.9531, 2380.4572,
14.502580, 2374.1408, 33.900696, 2379.4148, 2380.1911,
14.514000, 2412.0692, 34.302933, 2378.8167, 2379.8756,
14.525420, 2394.3762, 33.459991, 2378.1651, 2379.5148,
14.536830, 2437.0053, 32.230934, 2377.4668, 2379.1128,
14.548240, 2443.0909, 33.097057, 2376.7275, 2378.6734,
14.559650, 2411.4386, 38.728451, 2375.9532, 2378.2004,
14.571060, 2442.3808, 35.212891, 2375.1502, 2377.6979,
14.582470, 2441.8973, 34.524845, 2374.3246, 2377.1696,
14.593870, 2414.8598, 35.644485, 2373.4832, 2376.6200,
14.605270, 2460.4351, 34.943596, 2372.6314, 2376.0524,
14.616670, 2357.4389, 34.308819, 2371.7754, 2375.4710,
14.628070, 2279.8301, 37.658176, 2370.9210, 2374.8793,
14.639470, 2398.5572, 35.390709, 2370.0746, 2374.2814,
14.650860, 2409.9514, 33.666088, 2369.2428, 2373.6818,
14.662260, 2451.4594, 34.047848, 2368.4303, 2373.0831,
14.673650, 2387.4555, 33.535698, 2367.6446, 2372.4903,
14.685040, 2357.6489, 34.622559, 2366.8911, 2371.9068,
14.696420, 2399.1566, 34.528763, 2366.1766, 2371.3369,
14.707810, 2384.3712, 33.557434, 2365.5058, 2370.7835,
14.719190, 2400.8007, 33.322651, 2364.8862, 2370.2515,
14.730570, 2364.3725, 33.179367, 2364.3232, 2369.7442,
14.741950, 2447.5461, 35.491814, 2363.8231, 2369.2656,
14.753330, 2458.3286, 35.353451, 2363.3921, 2368.8193,
14.764700, 2397.6480, 34.420692, 2363.0367, 2368.4099,
14.776080, 2376.9747, 33.821465, 2362.7626, 2368.0403,
14.787450, 2411.6777, 34.231071, 2362.5765, 2367.7151,
14.798820, 2406.6091, 36.355042, 2362.4846, 2367.4379,
14.810190, 2366.2088, 35.859680, 2362.4933, 2367.2126,
14.821550, 2449.5641, 36.765400, 2362.6088, 2367.0433,
14.832920, 2394.8762, 35.434746, 2362.8378, 2366.9335,
14.844280, 2386.4626, 35.745853, 2363.1866, 2366.8874,
14.855640, 2366.5621, 37.686909, 2363.6617, 2366.9087,
14.866990, 2413.9203, 38.823112, 2364.2693, 2367.0014,
14.878350, 2358.5426, 38.855598, 2365.0173, 2367.1696,
14.889710, 2397.9029, 38.661572, 2365.9118, 2367.4172,
14.901060, 2348.6375, 38.228806, 2366.9586, 2367.7478,
14.912410, 2370.2701, 40.620544, 2368.1656, 2368.1656,
14.923760, 2342.0516, 41.827259, 2369.5377, 2368.6738,
14.935100, 2381.9658, 43.728165, 2371.0701, 2369.2714,
14.946450, 2361.0625, 43.145058, 2372.7610, 2369.9585,
14.957790, 2476.5166, 44.212490, 2374.6023, 2370.7326,
14.969130, 2401.7313, 45.381798, 2376.5904, 2371.5931,
14.980470, 2356.0725, 45.343544, 2378.7209, 2372.5390,
14.991810, 2426.8365, 47.444473, 2380.9889, 2373.5692,
15.003140, 2408.4998, 46.814560, 2383.3878, 2374.6816,
15.014480, 2441.2422, 45.948265, 2385.9168, 2375.8768,
15.025810, 2480.6977, 47.105042, 2388.5675, 2377.1522,
15.037140, 2369.1969, 46.773933, 2391.3373, 2378.5073,
15.048460, 2341.0422, 48.875256, 2394.2195, 2379.9400,
15.059790, 2375.9187, 49.178993, 2397.2145, 2381.4518,
15.071110, 2309.2774, 47.105537, 2400.3131, 2383.0390,
15.082440, 2379.8599, 37.241165, 2403.5166, 2384.7035,
15.093750, 2372.1866, 31.269007, 2406.8119, 2386.4397,
15.105070, 2342.4336, 32.493404, 2410.2037, 2388.2513,
15.116390, 2424.2039, 34.411629, 2413.6850, 2390.1358,
15.127700, 2387.5931, 34.578178, 2417.2486, 2392.0904,
15.139020, 2391.2096, 36.391258, 2420.8969, 2394.1179,
15.150330, 2391.6608, 35.677780, 2424.6193, 2396.2135,
15.162390, 2382.6106, 43.449371, 2428.6697, 2398.5244,
15.174730, 2412.1284, 42.449165, 2432.8960, 2400.9693,
15.187070, 2371.3414, 42.418488, 2437.1996, 2403.4941,
15.199410, 2397.9008, 44.573261, 2441.5763, 2406.0981,
15.211740, 2365.4242, 43.023151, 2446.0167, 2408.7775,
15.224080, 2374.7856, 41.799725, 2450.5243, 2411.5362,
15.236410, 2404.2747, 40.174583, 2455.0861, 2414.3683,
15.248740, 2423.6292, 41.784645, 2459.7014, 2417.2750,
15.261060, 2451.8364, 44.780682, 2464.3613, 2420.2528,
15.273390, 2427.0754, 44.017380, 2469.0690, 2423.3057,
15.285710, 2482.6934, 44.405888, 2473.8123, 2426.4278,
15.298030, 2449.2202, 40.729160, 2478.5897, 2429.6202,
15.310350, 2463.4382, 41.519077, 2483.3973, 2432.8825,
15.322660, 2371.3275, 41.639587, 2488.2261, 2436.2106,
15.334980, 2408.3049, 41.727192, 2493.0793, 2439.6090,
15.347290, 2488.7633, 42.019024, 2497.9448, 2443.0715,
15.359600, 2487.0655, 38.984333, 2502.8218, 2446.5999,
15.371900, 2483.6098, 38.137356, 2507.7015, 2450.1901,
15.384210, 2499.4811, 38.978523, 2512.5878, 2453.8475,
15.396510, 2508.4382, 40.106781, 2517.4680, 2457.5652,
15.408810, 2574.2493, 41.859756, 2522.3412, 2461.3448,
15.421110, 2507.8046, 38.651119, 2527.2034, 2465.1863,
15.433410, 2487.3722, 37.174507, 2532.0493, 2469.0881,
15.445700, 2537.7152, 37.926064, 2536.8728, 2473.0467,
15.457990, 2553.1053, 39.368874, 2541.6809, 2477.0642,
15.470280, 2596.8078, 42.130375, 2546.4789, 2481.1400,
15.482570, 2571.7632, 40.205692, 2551.2718, 2485.2732,
15.494860, 2593.6376, 39.153454, 2556.0647, 2489.4631,
15.507140, 2576.4016, 38.311768, 2560.8590, 2493.7056,
15.519420, 2729.8215, 40.366615, 2565.6631, 2498.0030,
15.531700, 2936.4125, 42.868046, 2570.4829, 2502.3551,
15.543980, 5074.3639, 54.163280, 2575.3227, 2506.7606,
15.556260, 5914.7994, 56.277744, 2580.1883, 2511.2195,
15.568530, 3519.2873, 40.472916, 2585.0804, 2515.7269,
15.580800, 2690.4429, 35.332726, 2590.0082, 2520.2859,
15.593070, 2676.6460, 37.087139, 2594.9768, 2524.8959,
15.605340, 2689.1046, 37.109703, 2599.9915, 2529.5562,
15.617600, 2728.1228, 36.715626, 2605.0534, 2534.2625,
15.629860, 2686.7579, 34.578941, 2610.1713, 2539.0174,
15.642120, 2660.9967, 33.490959, 2615.3512, 2543.8210,
15.654380, 2666.5147, 35.249184, 2620.5975, 2548.6720,
15.666640, 2687.8723, 36.571159, 2625.9165, 2553.5706,
15.678890, 2707.3940, 37.573765, 2631.3084, 2558.5115,
15.691140, 2711.2476, 36.514416, 2636.7831, 2563.4984,
15.703390, 2729.0094, 35.086769, 2642.3460, 2568.5306,
15.715640, 2726.3032, 36.509224, 2648.0027, 2573.6077,
15.727890, 2758.1383, 37.922371, 2653.7586, 2578.7290,
15.740130, 2797.3638, 39.522411, 2659.6148, 2583.8901,
15.752370, 2778.6035, 38.643303, 2665.5808, 2589.0939,
15.764610, 2794.2054, 36.740391, 2671.6633, 2594.3407,
15.776850, 2803.2886, 36.578461, 2677.8671, 2599.6293,
15.789090, 2823.2856, 36.730652, 2684.1990, 2604.9599,
15.801320, 2816.5005, 37.629848, 2690.6588, 2610.3271,
15.813550, 2882.7292, 39.586231, 2697.2577, 2615.7349,
15.825780, 2884.2854, 37.945297, 2704.0020, 2621.1828,
15.838010, 2855.6765, 37.634682, 2710.8976, 2626.6703,
15.850230, 2909.9413, 38.117622, 2717.9452, 2632.1928,
15.862450, 2933.5013, 39.222042, 2725.1558, 2637.7535,
15.874670, 2921.6234, 41.218452, 2732.5369, 2643.3530,
15.886890, 2921.5412, 41.493469, 2740.0944, 2648.9903,
15.899110, 3013.8190, 42.688892, 2747.8343, 2654.6645,
15.911320, 2862.9809, 40.647945, 2755.7574, 2660.3713,
15.923540, 2919.7979, 41.783298, 2763.8836, 2666.1196,
15.935750, 2980.7269, 45.014565, 2772.2058, 2671.8991,
15.947960, 2869.5677, 45.456512, 2780.7378, 2677.7144,
15.960160, 2893.4943, 46.399788, 2789.4798, 2683.5605,
15.972370, 2940.9025, 46.876659, 2798.4526, 2689.4461,
15.984570, 2988.4319, 46.176979, 2807.6487, 2695.3612,
15.996770, 2929.1683, 45.684608, 2817.0840, 2701.3110,
16.008961, 2973.3785, 47.586479, 2826.7577, 2707.2900,
16.021160, 2988.5672, 47.448532, 2836.6917, 2713.3067,
16.033350, 2919.6701, 46.838764, 2846.8792, 2719.3518,
16.045549, 2946.3444, 45.278412, 2857.3439, 2725.4344,
16.057739, 3002.1109, 45.343452, 2868.0778, 2731.5448,
16.069920, 2918.1408, 45.408260, 2879.0882, 2737.6825,
16.082109, 2810.2694, 45.212151, 2890.4010, 2743.8569,
16.094290, 2809.7493, 46.611511, 2902.0069, 2750.0579,
16.106470, 2889.8485, 53.067352, 2913.9235, 2756.2900,
16.118650, 2944.7278, 48.602062, 2926.1595, 2762.5531,
16.130831, 2983.6613, 48.958881, 2938.7241, 2768.8467,
16.143009, 2925.3247, 49.526901, 2951.6245, 2775.1697,
16.155180, 2938.4161, 51.391529, 2964.8635, 2781.5188,
16.167351, 2934.4260, 53.335449, 2978.4589, 2787.8976,
16.179520, 3020.7299, 54.817131, 2992.4180, 2794.3048,
16.191681, 2988.7115, 54.020294, 3006.7441, 2800.7372,
16.203850, 3002.6705, 55.921722, 3021.4651, 2807.2027,
16.216009, 3052.0508, 57.565849, 3036.5706, 2813.6917,
16.228170, 3110.6935, 59.819901, 3052.0850, 2820.2102,
16.240330, 2978.9447, 59.763844, 3068.0144, 2826.7559,
16.252489, 3079.8114, 59.652031, 3084.3722, 2833.3296,
16.264641, 3076.1038, 60.106323, 3101.1494, 2839.9269,
16.276791, 3176.3075, 62.547668, 3118.3180, 2846.5507,
16.288950, 3168.6869, 61.943146, 3135.8495, 2853.2070,
16.301090, 3344.7446, 68.304634, 3153.6578, 2859.8800,
16.313240, 3360.2547, 68.454628, 3171.7398, 2866.5851,
16.325380, 3364.1676, 68.160332, 3190.0231, 2873.3117,
16.337530, 3560.8812, 49.040989, 3208.4922, 2880.0701,
16.349670, 3681.4874, 46.318451, 3227.0740, 2886.8494,
16.361799, 3768.8826, 44.470741, 3245.7214, 2893.6485,
16.373940, 3987.9600, 48.107086, 3264.4257, 2900.4800,
16.386070, 4168.2137, 50.083973, 3283.1109, 2907.3319,
16.398211, 4432.8341, 52.524845, 3301.7624, 2914.2149,
16.410339, 4401.7925, 52.307232, 3320.3042, 2921.1168,
16.422461, 4472.5192, 55.402275, 3338.6987, 2928.0397,
16.434589, 4516.9049, 58.148651, 3356.9249, 2934.9920,
16.446711, 4385.0827, 57.784016, 3374.9162, 2941.9650,
16.458839, 4510.8873, 58.732796, 3392.6510, 2948.9673,
16.470961, 4250.3404, 58.698448, 3410.0628, 2955.9900,
16.483070, 4146.5393, 57.676033, 3427.1026, 2963.0306,
16.495190, 4136.3301, 76.789963, 3443.7555, 2970.1012,
16.500280, 4191.4991, 63.999756, 3450.6204, 2973.0785,
16.513599, 4061.4228, 57.291615, 3468.1853, 2980.8884,
16.526911, 3836.4862, 52.354824, 3485.1203, 2988.7231,
16.540211, 3835.8475, 54.035267, 3501.3619, 2996.5801,
16.553520, 3709.1931, 53.884178, 3516.8751, 3004.4717,
16.566820, 3708.8045, 54.278130, 3531.5768, 3012.3865,
16.580120, 3581.6297, 50.583431, 3545.4170, 3020.3299,
16.593420, 3553.7339, 47.411884, 3558.3335, 3028.3020,
16.606710, 3568.9657, 46.464714, 3570.2555, 3036.2968,
16.620001, 3529.2967, 45.960663, 3581.1575, 3044.3200,
16.633301, 3617.6516, 48.863556, 3591.1220, 3052.3772,
16.646589, 3640.9305, 49.627640, 3600.2364, 3060.4558,
16.659870, 3613.2592, 47.866730, 3608.6076, 3068.5578,
16.673149, 3652.5093, 47.121746, 3616.3417, 3076.6867,
16.686440, 3686.4401, 46.478035, 3623.5471, 3084.8507,
16.699711, 3659.5004, 47.732220, 3630.3089, 3093.0309,
16.712990, 3687.8965, 50.638741, 3636.7417, 3101.2436,
16.726271, 3709.3861, 51.109596, 3642.9429, 3109.4854,
16.739540, 3702.0654, 48.017159, 3649.0067, 3117.7480,
16.752810, 3726.6915, 45.378731, 3655.0384, 3126.0383,
16.766081, 3744.1780, 43.350815, 3661.1391, 3134.3576,
16.779341, 3622.3107, 43.295601, 3667.4022, 3142.6974,
16.792601, 3685.6954, 45.455349, 3673.9330, 3151.0650,
16.805870, 3690.7136, 45.890816, 3680.8367, 3159.4664,
16.819120, 3694.2342, 45.073494, 3688.1982, 3167.8834,
16.832380, 3739.1076, 43.363495, 3696.1335, 3176.3343,
16.845631, 3668.9940, 42.005016, 3704.7320, 3184.8068,
16.858891, 3647.9604, 43.911644, 3714.1076, 3193.3132,
16.872141, 3761.4728, 47.209183, 3724.3163, 3201.8414,
16.885380, 3753.0030, 47.733345, 3735.2970, 3210.3901,
16.898630, 3788.0810, 46.368347, 3746.9793, 3218.9741,
16.911869, 3710.1620, 42.835472, 3759.2542, 3227.5786,
16.925110, 3877.9799, 43.074451, 3772.0450, 3236.2124,
16.938351, 3808.5684, 43.351486, 3785.2620, 3244.8743,
16.951580, 3802.9294, 44.298763, 3798.8054, 3253.5568,
16.964821, 3829.1784, 45.639629, 3812.6113, 3262.2751,
16.978050, 3910.2926, 45.056656, 3826.5685, 3271.0142,
16.991270, 3935.6632, 43.575607, 3840.5917, 3279.7754,
17.004499, 3974.5049, 43.418911, 3854.6141, 3288.5715,
17.017719, 4593.5086, 47.646236, 3868.5285, 3297.3898,
17.030951, 6058.1565, 57.686226, 3882.2701, 3306.2445,
17.044161, 5373.5356, 57.899437, 3895.7183, 3315.1140,
17.057381, 4068.4535, 49.094986, 3908.8175, 3324.0189,
17.070601, 4026.8195, 47.256149, 3921.4702, 3332.9529,
17.083811, 3957.9837, 44.841736, 3933.5804, 3341.9097,
17.097019, 3944.8213, 44.227116, 3945.0677, 3350.8946,
17.110229, 4041.4475, 46.673798, 3955.8473, 3359.9104,
17.123430, 3989.6974, 47.248955, 3965.8218, 3368.9494,
17.136641, 4024.1613, 46.131882, 3974.9165, 3378.0248,
17.149839, 4040.8290, 45.491360, 3983.0273, 3387.1224,
17.163040, 3913.0150, 48.386944, 3990.0734, 3396.2515,
17.176229, 3984.8638, 45.943085, 3995.9580, 3405.4032,
17.189430, 4006.9120, 47.612503, 4000.6272, 3414.5934,
17.202620, 4034.1701, 49.663895, 4004.1184, 3423.8065,
17.215811, 4069.6413, 50.542290, 4006.5086, 3433.0519,
17.229000, 4014.1487, 49.442753, 4007.8685, 3442.3273,
17.242180, 4056.1417, 48.373871, 4008.2694, 3451.6274,
17.255369, 4076.1249, 48.313915, 4007.7819, 3460.9660,
17.268551, 4074.5852, 50.496223, 4006.4761, 3470.3312,
17.281719, 4064.7762, 50.141491, 4004.4233, 3479.7190,
17.294901, 4170.5744, 52.078156, 4001.6877, 3489.1489,
17.308069, 4218.3007, 51.865356, 3998.3427, 3498.6018,
17.321251, 4273.6812, 49.993191, 3994.4492, 3508.0974,
17.334410, 4267.2033, 50.372612, 3990.0854, 3517.6097,
17.347580, 4538.6892, 53.686058, 3985.3074, 3527.1639,
17.360750, 4394.2888, 54.118057, 3980.1853, 3536.7519,
17.373911, 4480.0355, 58.325905, 3974.7895, 3546.3671,
17.387070, 4451.8392, 58.308826, 3969.1832, 3556.0153,
17.400230, 4228.4636, 56.273949, 3963.4306, 3565.6998,
17.413380, 4257.1374, 56.424480, 3957.6033, 3575.4109,
17.426540, 4358.5938, 58.395107, 3951.7569, 3585.1659,
17.439690, 4204.5799, 57.721394, 3945.9672, 3594.9481,
17.452841, 4054.2668, 57.215832, 3940.2938, 3604.7679,
17.465981, 4200.8026, 58.612289, 3934.8079, 3614.6157,
17.479130, 4128.2028, 57.494789, 3929.5664, 3624.5074,
17.492270, 4056.0986, 55.751038, 3924.6429, 3634.4291,
17.505409, 3940.7479, 54.504711, 3920.0993, 3644.3885,
17.518551, 4048.5022, 57.502651, 3916.0013, 3654.3873,
17.531679, 3903.7376, 59.031700, 3912.4195, 3664.4143,
17.544821, 3999.4142, 61.623352, 3909.4134, 3674.4903,
17.557949, 3858.6640, 60.412380, 3907.0562, 3684.5953,
17.571079, 3883.6268, 61.017509, 3905.3965, 3694.7414,
17.584200, 3889.8383, 61.552689, 3904.4264, 3704.9202,
17.597330, 3952.7407, 64.082817, 3904.1209, 3715.1469,
17.610451, 3754.1697, 63.426949, 3904.4573, 3725.4072,
17.623569, 3903.0927, 66.364578, 3905.4122, 3735.7075,
17.636690, 3967.3729, 68.495300, 3906.9636, 3746.0511,
17.649799, 3871.5496, 65.573235, 3909.0872, 3756.4281,
17.662910, 3918.9320, 65.440025, 3911.7632, 3766.8495,
17.676029, 4176.1139, 70.718155, 3914.9719, 3777.3204,
17.689131, 4162.7752, 72.224747, 3918.6861, 3787.8215,
17.702240, 4026.9338, 70.868500, 3922.8915, 3798.3731,
17.715349, 4021.0833, 73.536537, 3927.5660, 3808.9697,
17.728451, 4066.6965, 76.061470, 3932.6866, 3819.6056,
17.741550, 4026.8825, 66.812744, 3938.2353, 3830.2860,
17.754641, 4083.2452, 51.734329, 3944.1892, 3841.0053,
17.767740, 4140.6271, 52.633461, 3950.5378, 3851.7795,
17.780830, 4062.9166, 53.390938, 3957.2531, 3862.5937,
17.793921, 4136.5388, 53.873589, 3964.3210, 3873.4562,
17.807011, 4068.5511, 51.480850, 3971.7233, 3884.3677,
17.820101, 4176.1171, 51.959038, 3979.4418, 3895.3288,
17.833179, 4136.8225, 49.942337, 3987.4515, 3906.3306,
17.846270, 4084.9936, 49.471687, 3995.7488, 3917.3928,
17.859341, 4106.2223, 51.327400, 4004.2965, 3928.4904,
17.872419, 4187.8176, 54.286705, 4013.0944, 3939.6467,
17.885500, 4258.8794, 57.886543, 4022.1218, 3950.8574,
17.898569, 4168.4269, 59.065746, 4031.3523, 3962.1119,
17.911640, 4134.8874, 59.028042, 4040.7781, 3973.4222,
17.924709, 4093.1434, 58.030575, 4050.3798, 3984.7858,
17.937780, 4251.0530, 92.618912, 4060.1435, 3996.2067,
17.941250, 4150.7977, 59.618164, 4062.7600, 3999.2477,
17.955721, 4047.4422, 56.280602, 4073.7760, 4011.9745,
17.970181, 4143.0887, 57.316467, 4084.9321, 4024.7617,
17.984650, 4140.6396, 58.511738, 4096.2224, 4037.6288,
17.999109, 4052.8477, 60.115990, 4107.6101, 4050.5600,
18.013571, 4026.0779, 61.786247, 4119.0820, 4063.5665,
18.028021, 4189.1708, 61.249649, 4130.6057, 4076.6375,
18.042480, 4240.8748, 57.258011, 4142.1762, 4089.7930,
18.056931, 4154.8767, 55.031738, 4153.7563, 4103.0168,
18.071381, 4086.2415, 53.947063, 4165.3321, 4116.3187,
18.085819, 4139.7668, 55.923985, 4176.8780, 4129.6895,
18.100269, 4204.9006, 58.355911, 4188.4179, 4143.1514,
18.114710, 4401.5129, 60.741512, 4199.9460, 4156.6863,
18.129150, 4242.9017, 57.523735, 4211.4807, 4170.3042,
18.143579, 4199.9482, 56.287514, 4223.0237, 4183.9956,
18.158020, 4176.4120, 55.778534, 4234.6044, 4197.7835,
18.172449, 4222.3563, 57.687634, 4246.2152, 4211.6474,
18.186880, 4314.0163, 57.846462, 4257.8778, 4225.6015,
18.201300, 4302.2018, 56.953690, 4269.5924, 4239.6341,
18.215719, 4171.1105, 53.703636, 4281.3792, 4253.7577,
18.230150, 4259.9603, 51.765022, 4293.2587, 4267.9851,
18.244560, 4399.1464, 52.045677, 4305.2152, 4282.2857,
18.258980, 4402.3632, 53.867393, 4317.2852, 4296.6911,
18.273390, 4396.5034, 56.362587, 4329.4640, 4311.1839,
18.287800, 4442.3686, 59.106804, 4341.7708, 4325.7750,
18.302210, 4489.8017, 58.996258, 4354.2171, 4340.4662,
18.316620, 4466.1184, 54.747910, 4366.8145, 4355.2589,
18.331020, 4322.9451, 50.920044, 4379.5660, 4370.1449,
18.345421, 4479.1495, 52.778946, 4392.4919, 4385.1357,
18.359819, 4421.3599, 52.319786, 4405.6022, 4400.2310,
18.374210, 4488.7682, 55.762199, 4418.9035, 4415.4263,
18.388611, 4414.4761, 56.511620, 4432.4240, 4430.7416,
18.403000, 4438.3858, 55.679012, 4446.1563, 4446.1563,
18.417379, 4396.5969, 54.022713, 4460.1105, 4461.6730,
18.431770, 4492.5545, 54.574516, 4474.3016, 4477.3109,
18.446150, 4435.9744, 53.599037, 4488.6980, 4493.0406,
18.460529, 4533.4510, 55.092121, 4503.3021, 4508.8701,
18.474911, 4508.5590, 56.097088, 4518.1072, 4524.7970,
18.489281, 4700.5874, 56.649662, 4533.0910, 4540.8021,
18.503660, 4625.5959, 53.823486, 4548.2670, 4556.9044,
18.518030, 4512.0740, 51.295540, 4563.6068, 4573.0781,
18.532391, 4640.2928, 51.779724, 4579.1021, 4589.3188,
18.546761, 4735.1006, 54.427505, 4594.7654, 4605.6438,
18.561119, 4596.7607, 56.724960, 4610.5662, 4622.0249,
18.575480, 4659.4456, 59.389202, 4626.5113, 4638.4730,
18.589840, 4779.3789, 59.537083, 4642.5910, 4654.9818,
18.604191, 4684.6208, 55.684566, 4658.7871, 4671.5360,
18.618549, 4767.0473, 53.310883, 4675.1115, 4688.1512,
18.632900, 4821.0189, 53.053120, 4691.5397, 4704.8056,
18.647240, 4847.1830, 56.165283, 4708.0599, 4721.4906,
18.661591, 5009.1474, 59.316780, 4724.6914, 4738.2285,
18.675930, 5642.3193, 64.364571, 4741.4006, 4754.9887,
18.690269, 8847.2749, 79.619736, 4758.1938, 4771.7802,
18.704611, 17848.316, 113.12906, 4775.0665, 4788.6012,
18.718941, 15071.343, 103.06008, 4791.9960, 4805.4321,
18.733271, 6986.7391, 68.767784, 4808.9890, 4822.2820,
18.747601, 5117.1731, 60.405109, 4826.0389, 4839.1469,
18.761930, 5064.4308, 61.584030, 4843.1389, 4856.0227,
18.776260, 5106.5831, 62.838341, 4860.2825, 4872.9054,
18.790581, 4914.2719, 60.536369, 4877.4516, 4889.7797,
18.804899, 5072.5449, 59.290916, 4894.6488, 4906.6504,
18.819220, 5141.1014, 59.844776, 4911.8721, 4923.5181,
18.833530, 5222.9136, 61.843185, 4929.1014, 4940.3651,
18.847839, 5036.5099, 61.787430, 4946.3392, 4957.1965,
18.862150, 5050.3812, 67.306580, 4963.5837, 4974.0126,
18.876459, 5179.0286, 68.929764, 4980.8239, 4990.8050,
18.890770, 5182.0999, 66.028450, 4998.0578, 5007.5739,
18.905069, 5255.7850, 64.057144, 5015.2630, 5024.2998,
18.919371, 5237.6236, 63.097549, 5032.4491, 5040.9942,
18.933670, 5357.7806, 63.784966, 5049.6050, 5057.6485,
18.947960, 5379.1643, 66.049309, 5066.7151, 5074.2498,
18.962250, 5308.7770, 70.615158, 5083.7842, 5090.8052,
18.976540, 5440.9526, 113.84221, 5100.8060, 5107.3105,
18.990829, 5628.9757, 108.13721, 5117.7738, 5123.7616,
19.005119, 5242.8587, 74.012657, 5134.6809, 5140.1544,
19.019400, 5280.8160, 102.68993, 5151.5095, 5156.4738,
19.033680, 5240.3187, 67.380890, 5168.2642, 5172.7266,
19.047960, 5374.2867, 70.783424, 5184.9382, 5188.9087,
19.062229, 5413.9771, 74.273323, 5201.5115, 5205.0028,
19.076500, 5396.5329, 81.493683, 5217.9927, 5221.0201,
19.090771, 5112.4457, 74.036880, 5234.3727, 5236.9540,
19.105040, 5401.3283, 76.328003, 5250.6424, 5252.7982,
19.119310, 5255.7692, 72.222534, 5266.7989, 5268.5526,
19.133570, 5297.4743, 73.973907, 5282.8201, 5284.1983,
19.147829, 5310.0708, 77.984375, 5298.7117, 5299.7436,
19.162090, 5383.1778, 83.535919, 5314.4684, 5315.1862,
19.176340, 5292.4111, 82.488419, 5330.0683, 5330.5074,
19.190599, 5237.9814, 83.107437, 5345.5266, 5345.7253,
19.204849, 5550.1746, 84.457016, 5360.8152, 5360.8152,
19.219101, 5442.2736, 80.007843, 5375.9419, 5375.7868,
19.233339, 5281.2350, 78.264420, 5390.9001, 5390.6305,
19.247580, 5509.7117, 84.885742, 5405.7184, 5405.3705,
19.261820, 5538.3513, 85.577011, 5420.4073, 5420.0129,
19.276060, 5480.5046, 90.088272, 5434.9790, 5434.5658,
19.290300, 5757.0784, 102.01303, 5449.4459, 5449.0375,
19.304529, 5322.1098, 93.312759, 5463.8086, 5463.4244,
19.318760, 5358.8172, 92.576103, 5478.0926, 5477.7482,
19.332991, 5458.0817, 93.666832, 5492.3080, 5492.0150,
19.347219, 5635.3289, 92.899826, 5506.4650, 5506.2309,
19.361441, 5462.2475, 88.873077, 5520.5697, 5520.3982,
19.375660, 5578.4483, 98.313164, 5534.6397, 5534.5306,
19.389879, 5229.9474, 95.110962, 5548.6887, 5548.6381,
19.404100, 5550.4415, 99.142563, 5562.7304, 5562.7304,
19.418310, 5659.5572, 103.63541, 5576.7635, 5576.8024,
19.432520, 5795.2576, 109.85342, 5590.8109, 5590.8732,
