# wave, flux, fluxerr, continuum, continuum_plateau
9.9725246, 98.822592, 22.950727, 98.822592, 98.822592,
9.9806166, 166.06413, 24.849937, 99.878355, 99.878510,
9.9887066, 129.79796, 20.551498, 100.92969, 100.93030,
9.9967957, 156.90244, 19.210190, 101.97668, 101.97800,
10.004880, 100.34727, 20.261621, 103.01876, 103.02104,
10.012970, 122.65313, 19.868322, 104.05724, 104.06069,
10.021050, 119.69796, 17.134525, 105.09010, 105.09492,
10.029140, 188.59481, 18.875551, 106.11972, 106.12607,
10.037220, 166.55818, 19.982208, 107.14348, 107.15151,
10.045300, 190.22403, 17.993034, 108.16267, 108.17250,
10.053380, 145.72914, 16.142944, 109.17734, 109.18908,
10.061460, 143.91996, 17.959019, 110.18718, 110.20092,
10.069540, 166.79405, 17.840614, 111.19238, 111.20817,
10.077610, 142.93039, 15.465677, 112.19144, 112.20933,
10.085690, 197.08129, 17.402136, 113.18679, 113.20680,
10.093760, 130.46845, 17.555880, 114.17600, 114.19813,
10.101830, 126.23120, 15.859859, 115.16018, 115.18443,
10.109900, 105.46029, 14.857904, 116.13937, 116.16572,
10.117970, 103.22935, 16.408243, 117.11328, 117.14168,
10.126040, 114.16709, 16.853712, 118.08194, 118.11234,
10.134100, 128.69370, 15.261248, 119.04403, 119.07636,
10.142170, 133.73690, 16.168522, 120.00199, 120.03616,
10.150230, 125.79399, 17.825521, 120.95335, 120.98927,
10.158300, 164.40503, 17.516655, 121.90029, 121.93786,
10.166360, 144.19865, 15.874040, 122.84037, 122.87947,
10.174420, 113.09368, 16.822699, 123.77488, 123.81538,
10.182470, 129.90426, 17.440681, 124.70239, 124.74416,
10.190530, 149.07507, 17.252193, 125.62515, 125.66805,
10.198590, 152.82780, 16.054659, 126.54208, 126.58594,
10.206640, 223.36127, 18.992783, 127.45178, 127.49646,
10.214690, 123.27137, 16.759657, 128.35538, 128.40072,
10.222750, 129.08810, 15.630552, 129.25385, 129.29968,
10.230800, 121.16067, 17.061310, 130.14497, 130.19111,
10.238850, 105.80781, 18.149839, 131.02971, 131.07599,
10.246890, 107.75094, 16.985867, 131.90695, 131.95320,
10.254940, 119.94235, 16.565086, 132.77867, 132.82471,
10.262990, 117.32859, 19.844807, 133.64373, 133.68938,
10.271030, 185.45769, 20.117672, 134.50102, 134.54612,
10.279070, 126.27554, 18.441219, 135.35137, 135.39573,
10.287120, 139.46446, 20.268059, 136.19587, 136.23934,
10.295150, 127.97385, 21.876167, 137.03125, 137.07364,
10.303190, 152.07037, 21.685385, 137.86057, 137.90174,
10.311230, 136.60208, 20.196508, 138.68255, 138.72233,
10.319270, 143.73169, 22.648403, 139.49726, 139.53551,
10.327300, 111.04044, 25.162647, 140.30346, 140.34004,
10.335340, 181.03949, 22.970701, 141.10305, 141.13782,
10.343370, 175.32890, 21.304554, 141.89411, 141.92695,
10.351400, 126.96614, 27.112495, 142.67728, 142.70809,
10.359430, 93.038315, 27.700712, 143.45256, 143.48124,
10.367460, 134.46381, 27.660885, 144.21982, 144.24629,
10.375480, 131.91285, 32.598843, 144.97796, 145.00215,
10.383510, 82.300817, 35.380314, 145.72884, 145.75069,
10.391530, 192.22639, 36.901276, 146.47046, 146.48994,
10.399560, 151.01259, 26.580868, 147.20447, 147.22156,
10.407580, 126.43891, 21.540987, 147.92898, 147.94369,
10.415600, 131.93615, 21.633099, 148.64467, 148.65702,
10.423620, 93.047304, 21.635311, 149.35158, 149.36161,
10.431640, 158.86208, 22.230465, 150.04939, 150.05718,
10.439650, 182.80285, 21.346077, 150.73726, 150.74290,
10.447670, 185.98519, 21.273205, 151.41676, 151.42036,
10.455680, 117.48525, 19.579912, 152.08598, 152.08769,
10.463700, 144.92824, 19.034323, 152.74652, 152.74652,
10.471710, 113.37281, 21.489471, 153.39660, 153.39509,
10.479720, 201.96112, 22.576786, 154.03734, 154.03450,
10.487730, 152.48415, 21.057627, 154.66908, 154.66507,
10.495730, 166.07593, 22.494696, 155.29140, 155.28638,
10.503740, 282.18544, 28.360443, 155.90612, 155.90022,
10.511750, 260.66255, 28.727310, 156.51281, 156.50615,
10.519750, 217.54584, 26.949780, 157.11103, 157.10371,
10.527750, 187.07447, 30.264870, 157.70195, 157.69408,
10.535750, 155.95293, 34.378761, 158.28584, 158.27750,
10.543750, 181.53811, 34.585258, 158.86294, 158.85419,
10.551750, 220.03906, 37.184227, 159.43370, 159.42461,
10.559750, 119.88920, 39.888599, 159.99831, 159.98894,
10.567850, 194.12927, 21.841413, 160.56417, 160.55455,
10.576350, 183.41332, 20.133057, 161.15192, 161.14210,
10.584840, 180.71895, 19.788586, 161.73317, 161.72319,
10.593340, 169.48249, 17.079775, 162.30972, 162.29961,
10.601830, 192.69178, 16.857597, 162.88052, 162.87031,
10.610330, 287.18304, 20.200615, 163.44734, 163.43706,
10.618820, 189.38463, 17.686554, 164.00922, 163.99888,
10.627310, 185.29331, 15.852058, 164.56709, 164.55673,
10.635800, 171.01517, 16.391741, 165.12145, 165.11108,
10.644280, 169.02398, 17.498539, 165.67192, 165.66155,
10.652770, 186.09371, 16.458731, 166.22016, 166.20981,
10.661250, 158.40722, 14.833121, 166.76529, 166.75499,
10.669740, 147.23484, 15.666968, 167.30891, 167.29866,
10.678220, 225.29273, 17.431000, 167.85016, 167.83997,
10.686700, 158.50529, 15.046490, 168.38999, 168.37990,
10.695180, 200.10522, 15.479397, 168.92878, 168.91879,
10.703650, 185.38835, 16.743055, 169.46627, 169.45641,
10.712130, 158.28599, 16.164394, 170.00397, 169.99425,
10.720600, 196.16543, 15.533064, 170.54115, 170.53160,
10.729080, 176.96989, 15.796820, 171.07931, 171.06996,
10.737550, 242.43521, 18.195919, 171.61755, 171.60841,
10.746020, 150.98663, 15.778184, 172.15694, 172.14805,
10.754490, 153.55485, 15.109305, 172.69772, 172.68909,
10.762960, 164.07614, 16.033424, 173.24036, 173.23204,
10.771420, 146.07411, 17.237663, 173.78444, 173.77644,
10.779890, 184.35225, 16.939030, 174.33177, 174.32412,
10.788350, 190.82583, 16.650259, 174.88130, 174.87403,
10.796810, 211.15277, 18.310471, 175.43406, 175.42720,
10.805270, 165.01568, 18.997997, 175.99042, 175.98399,
10.813730, 190.00891, 18.593882, 176.55072, 176.54476,
10.822190, 195.11402, 18.254608, 177.11534, 177.10985,
10.830650, 202.97028, 20.512432, 177.68464, 177.67965,
10.839100, 166.84638, 20.265810, 178.25826, 178.25378,
10.847560, 229.41102, 20.091389, 178.83800, 178.83403,
10.856010, 222.04289, 20.613739, 179.42284, 179.41940,
10.864460, 177.51737, 22.389421, 180.01373, 180.01082,
10.872910, 209.69506, 23.432539, 180.61112, 180.60871,
10.881360, 207.84515, 21.806601, 181.21544, 181.21352,
10.889800, 166.82181, 22.631182, 181.82622, 181.82477,
10.898250, 126.49894, 24.864975, 182.44529, 182.44426,
10.906690, 212.51212, 26.034056, 183.07164, 183.07097,
10.915140, 209.27173, 24.430519, 183.70711, 183.70675,
10.923580, 157.52061, 28.089302, 184.35051, 184.35038,
10.932020, 192.62168, 30.834478, 185.00301, 185.00301,
10.940460, 183.73224, 29.319139, 185.66489, 185.66491,
10.948890, 181.86879, 30.695850, 186.33515, 186.33511,
10.957330, 219.09316, 33.954559, 187.01523, 187.01505,
10.965760, 241.71274, 26.602974, 187.70328, 187.70291,
10.974200, 257.95678, 25.407909, 188.40060, 188.40002,
10.982630, 282.25017, 24.239866, 189.10531, 189.10450,
10.991060, 318.25675, 26.649567, 189.81811, 189.81707,
10.999490, 314.34050, 30.346848, 190.53861, 190.53736,
11.007920, 306.84614, 30.315001, 191.26674, 191.26531,
11.016340, 304.84980, 30.796068, 192.00128, 191.99971,
11.024770, 267.77872, 32.826702, 192.74373, 192.74208,
11.033190, 317.80609, 41.550709, 193.49220, 193.49052,
11.041610, 333.02761, 41.168358, 194.24731, 194.24567,
11.050030, 320.18813, 32.165920, 195.00882, 195.00731,
11.058450, 233.16244, 35.973705, 195.77652, 195.77522,
11.066870, 275.20868, 32.530674, 196.55019, 196.54919,
11.075290, 325.81845, 35.954773, 197.32962, 197.32902,
11.083700, 243.25717, 55.311375, 198.11369, 198.11359,
11.092120, 307.55920, 38.915077, 198.90398, 198.90448,
11.100530, 383.75329, 81.154900, 199.69840, 199.69959,
11.108940, 373.89666, 69.514282, 200.49779, 200.49979,
11.117350, 449.13910, 85.494026, 201.30179, 201.30469,
11.120570, 295.71106, 22.165989, 201.61089, 201.61417,
11.129530, 315.02659, 20.915724, 202.47418, 202.47858,
11.138500, 351.02742, 21.082397, 203.34323, 203.34887,
11.147460, 390.67396, 22.150827, 204.21576, 204.22276,
11.156430, 454.84842, 23.761028, 205.09358, 205.10204,
11.165390, 502.79094, 22.543713, 205.97438, 205.98441,
11.174350, 567.47185, 22.245682, 206.85894, 206.87064,
11.183300, 657.62191, 24.963982, 207.74607, 207.75954,
11.192260, 754.34934, 25.847111, 208.63742, 208.65275,
11.201220, 798.83554, 24.599770, 209.53181, 209.54908,
11.210170, 770.60630, 23.987087, 210.42804, 210.44732,
11.219120, 814.10634, 26.151611, 211.32682, 211.34818,
11.228070, 738.48420, 25.173372, 212.22792, 212.25142,
11.237020, 751.96081, 23.297543, 213.13100, 213.15669,
11.245970, 758.57619, 23.942242, 214.03603, 214.06395,
11.254920, 755.55246, 24.614899, 214.94265, 214.97284,
11.263860, 714.84157, 23.803974, 215.84959, 215.88206,
11.272800, 713.65646, 22.320015, 216.75776, 216.79253,
11.281750, 727.70208, 22.936291, 217.66770, 217.70477,
11.290690, 656.08176, 23.027540, 218.57744, 218.61680,
11.299630, 649.74716, 22.965136, 219.48751, 219.52915,
11.308560, 648.86204, 21.933647, 220.39682, 220.44070,
11.317500, 608.38314, 21.458941, 221.30706, 221.35316,
11.326430, 548.77602, 22.120125, 222.21607, 222.26433,
11.335370, 573.77918, 22.386684, 223.12556, 223.17591,
11.344300, 562.62575, 21.415241, 224.03334, 224.08573,
11.353230, 514.95300, 20.685680, 224.94017, 224.99450,
11.362160, 503.06052, 21.889084, 225.84570, 225.90189,
11.371080, 497.30995, 21.843649, 226.74894, 226.80689,
11.380010, 464.78718, 20.184351, 227.65138, 227.71098,
11.388930, 456.85367, 20.570963, 228.55107, 228.61220,
11.397850, 426.52291, 21.455824, 229.44854, 229.51107,
11.406780, 424.23494, 21.259558, 230.34469, 230.40850,
11.415700, 437.29350, 20.796553, 231.23720, 231.30213,
11.424610, 409.52313, 21.138847, 232.12593, 232.19184,
11.433530, 401.41956, 22.638716, 233.01254, 233.07927,
11.442450, 401.24936, 22.485439, 233.89585, 233.96323,
11.451360, 358.59150, 20.799664, 234.77468, 234.84253,
11.460270, 373.36929, 22.190582, 235.64973, 235.71789,
11.469180, 366.98876, 23.402697, 236.52077, 236.58905,
11.478090, 345.95367, 23.631418, 237.38755, 237.45577,
11.487000, 360.93386, 22.768583, 238.24983, 238.31781,
11.495910, 363.21539, 24.005421, 239.10728, 239.17482,
11.504810, 327.72301, 24.552462, 239.95893, 240.02583,
11.513710, 321.30237, 25.494129, 240.80526, 240.87134,
11.522620, 312.87824, 24.542763, 241.64711, 241.71218,
11.531520, 327.02984, 25.509708, 242.48226, 242.54611,
11.540420, 307.47208, 27.404690, 243.31143, 243.37389,
11.549310, 306.43561, 27.782997, 244.13351, 244.19439,
11.558210, 312.67744, 26.703444, 244.95009, 245.00921,
11.567100, 299.99614, 26.723145, 245.75891, 245.81608,
11.576000, 315.73157, 29.336575, 246.56178, 246.61685,
11.584890, 325.67549, 30.129019, 247.35647, 247.40927,
11.593780, 295.81997, 28.846298, 248.14359, 248.19397,
11.602670, 283.32213, 28.387846, 248.92304, 248.97085,
11.611560, 288.50743, 31.352234, 249.69448, 249.73959,
11.620440, 252.80796, 31.099323, 250.45673, 250.49904,
11.629330, 268.84000, 31.079067, 251.21134, 251.25073,
11.638210, 294.08715, 32.594193, 251.95632, 251.99271,
11.647090, 229.35211, 33.333527, 252.69214, 252.72547,
11.655970, 262.75431, 35.226494, 253.41861, 253.44882,
11.664850, 309.63785, 28.736099, 254.13552, 254.16258,
11.673730, 232.27042, 19.078674, 254.84243, 254.86634,
11.682600, 290.43502, 22.849083, 255.53840, 255.55918,
11.691480, 272.52440, 23.347397, 256.22463, 256.24233,
11.700350, 241.88095, 23.203783, 256.89936, 256.91406,
11.709220, 249.17031, 24.271885, 257.56305, 257.57484,
11.718090, 325.88461, 25.847450, 258.21539, 258.22441,
11.726960, 322.43293, 27.920649, 258.85609, 258.86250,
11.735830, 284.05886, 28.173092, 259.48484, 259.48886,
11.744690, 219.80467, 29.791683, 260.10062, 260.10249,
11.753560, 288.77154, 29.067623, 260.70457, 260.70457,
11.762420, 233.11889, 30.955601, 261.29504, 261.29348,
11.771280, 277.76889, 49.811989, 261.87288, 261.87005,
11.775020, 276.73741, 18.668037, 262.11297, 262.10969,
11.784500, 274.95188, 19.607759, 262.71175, 262.70748,
11.793980, 246.99409, 18.545053, 263.29637, 263.29134,
11.803460, 277.81492, 21.091225, 263.86713, 263.86151,
11.812940, 272.81978, 17.438229, 264.42409, 264.41803,
11.822420, 253.40044, 17.897968, 264.96752, 264.96112,
11.831890, 278.47435, 18.068995, 265.49696, 265.49030,
11.841360, 277.93698, 17.341587, 266.01316, 266.00629,
11.850840, 311.17328, 17.482851, 266.51679, 266.50973,
11.860310, 260.03491, 17.077446, 267.00698, 266.99972,
11.869770, 316.97658, 18.226460, 267.48392, 267.47644,
11.879240, 301.94688, 16.915823, 267.94870, 267.94095,
11.888710, 282.95816, 15.952248, 268.40098, 268.39291,
11.898170, 313.93061, 17.194681, 268.84045, 268.83198,
11.907630, 279.09401, 17.207514, 269.26767, 269.25872,
11.917090, 265.11154, 16.725163, 269.68283, 269.67332,
11.926550, 293.65136, 16.138887, 270.08599, 270.07580,
11.936010, 311.02202, 16.779945, 270.47734, 270.46638,
11.945470, 307.39327, 17.307440, 270.85691, 270.84507,
11.954920, 271.31337, 16.122898, 271.22449, 271.21167,
11.964370, 326.56157, 16.722729, 271.58057, 271.56668,
11.973830, 286.97343, 15.999771, 271.92563, 271.91057,
11.983280, 314.48547, 17.320753, 272.25900, 272.24268,
11.992720, 312.06878, 16.986284, 272.58081, 272.56317,
12.002170, 311.58980, 16.563173, 272.89188, 272.87285,
12.011610, 308.24681, 16.441053, 273.19162, 273.17115,
12.021060, 299.96251, 17.097755, 273.48072, 273.45879,
12.030500, 307.61542, 17.441231, 273.75868, 273.73528,
12.039940, 289.93948, 16.646391, 274.02586, 274.00099,
12.049380, 279.86188, 16.283285, 274.28236, 274.25607,
12.058820, 280.91756, 17.541651, 274.52822, 274.50056,
12.068250, 269.12409, 17.557943, 274.76329, 274.73436,
12.077690, 294.07579, 17.580578, 274.98813, 274.95804,
12.087120, 285.04657, 17.011091, 275.20231, 275.17120,
12.096550, 283.83785, 18.069914, 275.40612, 275.37419,
12.105980, 282.35300, 18.936152, 275.59963, 275.56710,
12.115410, 258.64118, 18.031418, 275.78288, 275.75001,
12.124830, 277.56019, 18.094015, 275.95575, 275.92284,
12.134260, 268.39572, 18.600176, 276.11864, 276.08602,
12.143680, 287.01825, 20.240356, 276.27122, 276.23929,
12.153100, 272.48120, 20.109821, 276.41375, 276.38294,
12.162520, 264.93390, 22.289314, 276.54624, 276.51703,
12.171940, 270.61863, 19.901436, 276.66870, 276.64163,
12.181360, 274.56773, 21.192429, 276.78119, 276.75684,
12.190770, 279.90138, 22.410133, 276.88361, 276.86261,
12.200180, 297.08439, 21.608717, 276.97611, 276.95916,
12.209600, 279.30301, 21.551928, 277.05878, 277.04665,
12.219010, 266.78650, 22.872417, 277.13147, 277.12497,
12.228420, 272.57265, 24.320831, 277.19427, 277.19427,
12.237820, 259.26397, 23.687645, 277.24717, 277.25458,
12.247230, 308.04524, 24.404627, 277.29036, 277.30607,
12.256630, 307.01757, 25.795401, 277.32387, 277.34866,
12.266040, 349.40677, 28.221626, 277.34787, 277.38248,
12.275440, 480.73774, 30.956879, 277.36241, 277.40750,
12.284840, 382.00427, 29.404797, 277.36764, 277.42377,
12.294230, 299.71767, 28.304598, 277.36364, 277.43134,
12.303630, 360.86119, 44.140022, 277.35051, 277.43026,
12.313030, 312.26339, 33.494385, 277.32833, 277.42053,
12.322420, 176.76772, 36.704449, 277.29724, 277.40222,
12.331810, 325.62369, 25.399540, 277.25730, 277.37534,
12.341200, 324.29642, 21.282764, 277.20859, 277.33992,
12.350590, 318.42223, 21.718153, 277.15119, 277.29600,
12.359980, 334.01367, 23.149990, 277.08518, 277.24359,
12.369360, 332.92957, 22.879101, 277.01071, 277.18278,
12.378750, 301.60653, 23.866989, 276.92770, 277.11348,
12.388130, 318.11860, 25.399271, 276.83639, 277.03584,
12.397510, 329.85559, 26.206196, 276.73677, 276.94984,
12.406890, 329.90272, 26.212555, 276.62889, 276.85547,
12.416270, 319.81651, 27.239725, 276.51282, 276.75276,
12.425640, 346.15174, 28.101225, 276.38876, 276.64186,
12.435020, 354.64483, 30.293150, 276.25648, 276.52253,
12.444390, 371.68307, 29.823317, 276.11633, 276.39507,
12.453760, 343.37049, 27.193411, 275.96823, 276.25935,
12.463130, 325.42381, 28.264114, 275.81221, 276.11539,
12.472500, 354.05985, 33.024551, 275.64833, 275.96321,
12.481870, 398.63543, 40.994953, 275.47662, 275.80281,
12.489420, 320.06238, 19.697090, 275.33259, 275.66759,
12.499490, 336.55637, 20.506426, 275.13266, 275.47896,
12.509550, 360.09310, 19.942627, 274.92401, 275.28107,
12.519610, 351.93289, 18.947605, 274.70651, 275.07376,
12.529670, 350.53245, 18.694508, 274.48022, 274.85705,
12.539730, 357.69439, 19.751862, 274.24511, 274.63092,
12.549780, 357.74879, 20.682083, 274.00151, 274.39563,
12.559840, 371.63536, 18.721907, 273.74894, 274.15070,
12.569890, 384.64100, 18.426575, 273.48793, 273.89665,
12.579940, 350.15586, 18.237782, 273.21826, 273.63323,
12.589990, 387.67027, 19.130632, 272.93995, 273.36044,
12.600040, 406.23714, 18.869619, 272.65297, 273.07825,
12.610090, 381.34927, 17.653893, 272.35740, 272.78672,
12.620130, 388.94055, 19.914507, 272.05354, 272.48613,
12.630170, 434.23620, 18.975012, 271.74106, 272.17615,
12.640210, 404.11684, 18.648090, 271.41999, 271.85681,
12.650250, 392.88654, 17.561018, 271.09034, 271.52810,
12.660290, 406.51837, 17.579391, 270.75212, 271.19004,
12.670330, 426.28655, 18.268637, 270.40527, 270.84256,
12.680360, 418.65034, 18.434601, 270.05018, 270.48606,
12.690390, 431.85107, 18.124374, 269.68648, 270.12017,
12.700420, 418.32730, 17.423416, 269.31413, 269.74485,
12.710450, 448.86502, 18.098717, 268.93316, 269.36014,
12.720480, 440.27458, 18.875059, 268.54353, 268.96600,
12.730500, 428.78311, 21.540697, 268.14559, 268.56280,
12.740530, 452.39168, 18.089489, 267.73855, 268.14975,
12.750550, 405.01692, 16.971561, 267.32315, 267.72763,
12.760570, 412.57739, 17.660549, 266.89903, 267.29606,
12.770590, 414.39923, 17.798286, 266.46604, 266.85494,
12.780610, 419.38801, 17.781597, 266.02421, 266.40428,
12.790620, 419.74635, 18.502666, 265.57395, 265.94456,
12.800640, 504.58928, 18.926586, 265.11427, 265.47478,
12.810650, 735.49012, 22.374817, 264.64609, 264.99589,
12.820660, 565.80472, 20.323456, 264.16887, 264.50739,
12.830670, 382.81776, 17.021477, 263.68252, 264.00920,
12.840680, 342.58671, 16.854994, 263.18705, 263.50137,
12.850680, 356.05176, 17.653038, 262.68285, 262.98434,
12.860690, 330.05005, 17.777483, 262.16888, 262.45707,
12.870690, 331.15664, 17.358561, 261.64605, 261.92054,
12.880690, 308.11040, 16.892763, 261.11386, 261.37427,
12.890690, 310.07237, 17.377563, 260.57213, 260.81812,
12.900680, 294.72404, 17.743965, 260.02140, 260.25270,
12.910680, 286.71508, 17.765495, 259.46044, 259.67678,
12.920670, 272.42118, 16.868025, 258.89033, 259.09153,
12.930670, 266.57026, 16.930302, 258.30979, 258.49568,
12.940660, 273.44554, 17.978598, 257.71988, 257.89037,
12.950640, 253.82303, 18.272356, 257.12064, 257.27572,
12.960630, 284.04307, 18.963299, 256.51061, 256.65025,
12.970620, 285.58758, 18.668886, 255.89041, 256.01469,
12.980600, 259.57113, 18.606720, 255.26048, 255.36954,
12.990580, 222.98813, 18.902060, 254.62019, 254.71423,
13.000560, 255.25201, 19.978239, 253.96930, 254.04856,
13.010540, 209.22660, 18.767307, 253.30774, 253.37255,
13.020520, 263.34536, 19.930176, 252.63540, 252.68615,
13.030490, 262.52685, 21.171055, 251.95286, 251.99004,
13.040470, 249.30928, 21.696836, 251.25856, 251.28269,
13.050440, 228.41108, 21.669949, 250.55382, 250.56554,
13.060410, 260.23727, 22.289520, 249.83778, 249.83778,
13.070380, 242.19091, 22.257854, 249.11035, 249.09939,
13.080350, 269.04037, 24.824045, 248.37215, 248.35098,
13.090310, 272.74650, 26.114563, 247.62443, 247.59379,
13.100280, 250.48072, 25.858532, 246.86636, 246.82692,
13.110240, 205.16818, 24.126364, 246.09997, 246.05243,
13.120200, 307.37601, 27.720852, 245.32515, 245.27014,
13.130160, 279.01755, 29.331238, 244.54246, 244.48063,
13.140110, 257.72141, 23.789133, 243.75334, 243.68530,
13.150070, 260.39903, 18.287502, 242.95670, 242.88304,
13.160020, 256.78929, 18.259369, 242.15479, 242.07611,
13.169980, 255.32562, 20.638313, 241.34650, 241.26336,
13.179930, 216.62629, 19.808521, 240.53411, 240.44707,
13.189870, 257.24700, 21.105690, 239.71811, 239.62774,
13.199820, 238.45502, 20.685652, 238.89752, 238.80434,
13.209770, 271.71942, 20.836224, 238.07359, 237.97815,
13.219710, 268.08352, 21.263437, 237.24786, 237.15068,
13.229650, 247.71441, 22.555824, 236.42009, 236.32169,
13.239590, 258.51766, 23.505009, 235.59070, 235.49158,
13.249530, 257.07656, 23.491615, 234.76031, 234.66100,
13.259470, 238.20239, 22.367865, 233.92950, 233.83049,
13.269410, 286.49884, 25.534386, 233.09882, 233.00061,
13.279340, 266.94819, 28.895712, 232.26972, 232.17280,
13.289270, 259.51045, 29.157272, 231.44180, 231.34665,
13.299200, 232.50384, 29.025658, 230.61577, 230.52288,
13.309130, 247.35958, 31.886623, 229.79212, 229.70196,
13.318260, 227.82574, 17.831512, 229.03734, 228.95012,
13.328980, 286.46968, 18.215504, 228.15491, 228.07162,
13.339690, 235.25535, 17.711596, 227.27807, 227.19925,
13.350400, 254.07296, 18.718151, 226.40669, 226.33285,
13.361120, 238.07909, 18.123417, 225.54061, 225.47227,
13.371830, 267.20602, 17.293045, 224.68226, 224.61990,
13.382530, 251.87127, 16.997942, 223.83225, 223.77635,
13.393240, 231.73680, 17.374580, 222.98979, 222.94082,
13.403940, 238.21127, 18.121902, 222.15710, 222.11549,
13.414650, 239.70982, 19.509073, 221.33343, 221.29962,
13.425350, 252.71740, 16.940313, 220.52098, 220.49535,
13.436050, 247.89638, 16.855789, 219.71973, 219.70266,
13.446740, 239.95380, 16.785088, 218.93121, 218.92302,
13.457440, 252.69915, 17.395336, 218.15460, 218.15562,
13.468130, 240.47801, 16.164471, 217.39218, 217.40268,
13.478830, 246.79292, 15.821551, 216.64320, 216.66342,
13.489520, 262.65438, 15.973629, 215.90990, 215.94002,
13.500200, 259.69574, 16.220661, 215.19293, 215.23308,
13.510890, 249.61680, 15.867502, 214.49177, 214.54207,
13.521570, 257.04972, 15.489483, 213.80846, 213.86894,
13.532260, 269.25942, 15.088023, 213.14257, 213.21322,
13.542940, 272.69750, 15.108568, 212.49607, 212.57679,
13.553620, 282.39784, 17.232794, 211.86915, 211.95981,
13.564290, 275.96573, 16.969761, 211.26322, 211.36358,
13.574970, 316.70561, 15.706983, 210.67789, 210.78765,
13.585640, 304.34436, 15.158550, 210.11514, 210.23391,
13.596320, 255.97814, 14.767425, 209.57469, 209.70201,
13.606990, 245.50313, 15.281112, 209.05844, 209.19373,
13.617650, 270.14880, 15.357725, 208.56713, 208.70971,
13.628320, 238.22177, 14.166552, 208.10074, 208.24983,
13.638980, 239.47715, 14.274569, 207.66098, 207.81568,
13.649650, 260.38033, 15.121625, 207.24793, 207.40723,
13.660310, 258.27614, 15.785540, 206.86322, 207.02598,
13.670970, 224.01756, 16.464649, 206.50738, 206.67231,
13.681630, 243.24743, 14.812150, 206.18132, 206.34699,
13.692280, 230.54163, 14.891518, 205.88624, 206.05107,
13.702940, 249.44380, 15.727735, 205.62249, 205.78475,
13.713590, 222.75596, 16.105129, 205.39154, 205.54934,
13.724240, 237.48730, 15.960187, 205.19407, 205.34532,
13.734890, 200.37386, 15.272482, 205.03108, 205.17352,
13.745530, 233.22961, 16.233013, 204.90364, 205.03483,
13.756180, 234.09265, 16.704632, 204.81253, 204.92979,
13.766820, 253.20882, 18.217232, 204.75893, 204.85940,
13.777460, 255.01985, 18.517704, 204.74377, 204.82436,
13.788100, 209.58200, 16.202772, 204.76810, 204.82548,
13.798740, 226.77563, 17.012764, 204.83298, 204.86358,
13.809380, 191.68759, 17.421726, 204.93948, 204.93948,
13.820010, 190.45709, 17.716022, 205.08810, 205.05353,
13.830640, 206.19508, 18.394760, 205.27764, 205.20477,
13.841270, 213.84205, 18.398726, 205.50646, 205.39185,
13.851900, 209.14664, 18.261196, 205.77283, 205.61340,
13.862530, 257.71263, 26.558231, 206.07511, 205.86808,
13.873150, 235.45326, 20.701214, 206.41135, 206.15426,
13.883780, 196.74833, 20.163626, 206.78052, 206.47113,
13.894400, 211.42521, 20.526299, 207.18034, 206.81679,
13.905020, 218.08155, 21.173296, 207.60953, 207.19017,
13.915640, 217.45415, 22.458467, 208.06650, 207.58996,
13.926250, 215.27598, 22.874348, 208.54923, 208.01444,
13.936870, 247.62395, 24.473698, 209.05697, 208.46301,
13.947480, 226.71250, 22.725344, 209.58736, 208.93366,
13.958090, 226.21558, 24.424864, 210.13920, 209.42537,
13.968700, 219.75975, 25.586094, 210.71106, 209.93694,
13.979310, 209.65385, 26.289118, 211.30131, 210.46697,
13.989910, 280.50645, 27.395752, 211.90792, 211.01372,
14.000520, 236.64541, 26.303669, 212.53049, 211.57688,
14.011120, 219.60655, 27.632650, 213.16638, 212.15414,
14.021720, 150.01148, 29.238573, 213.81467, 212.74472,
14.032320, 211.76410, 31.313330, 214.47385, 213.34734,
14.042920, 215.06779, 29.429121, 215.14245, 213.96073,
14.053510, 261.34380, 31.673159, 215.81831, 214.58296,
14.064110, 287.91783, 33.133926, 216.50129, 215.21402,
14.074700, 198.69160, 33.845055, 217.18864, 215.85142,
14.085290, 198.73086, 36.052834, 217.87942, 216.49440,
14.095870, 203.45013, 25.950205, 218.57161, 217.14117,
14.106460, 220.76740, 21.003193, 219.26500, 217.79162,
14.117040, 200.14931, 20.619473, 219.95687, 218.44331,
14.127630, 236.29102, 23.694435, 220.64706, 219.09621,
14.138210, 195.85360, 24.260427, 221.33274, 219.74776,
14.148790, 260.18377, 25.294292, 222.01314, 220.39733,
14.159370, 229.62185, 24.233513, 222.68677, 221.04367,
14.169940, 299.69003, 26.028080, 223.35153, 221.68486,
14.180520, 225.47842, 47.211605, 224.00725, 222.32092,
14.182090, 254.09321, 20.017942, 224.10362, 222.41473,
14.193560, 238.45200, 18.259048, 224.79987, 223.09503,
14.205030, 258.26401, 19.461794, 225.48089, 223.76528,
14.216500, 214.13977, 19.218246, 226.14468, 224.42373,
14.227970, 219.89088, 18.621960, 226.78938, 225.06883,
14.239430, 260.16902, 18.023483, 227.41257, 225.69844,
14.250890, 251.23642, 17.126297, 228.01283, 226.31142,
14.262350, 235.26942, 17.647436, 228.58832, 226.90625,
14.273810, 206.91078, 17.054913, 229.13707, 227.48125,
14.285270, 233.81936, 17.762453, 229.65706, 228.03474,
14.296730, 257.98702, 16.598190, 230.14641, 228.56518,
14.308180, 242.61040, 15.851802, 230.60270, 229.07043,
14.319630, 217.45710, 15.871604, 231.02440, 229.54934,
14.331080, 208.94227, 16.623861, 231.40953, 230.00031,
14.342530, 217.07270, 16.426056, 231.75599, 230.42162,
14.353970, 236.85678, 15.669466, 232.06151, 230.81130,
14.365410, 223.46186, 15.197037, 232.32440, 231.16812,
14.376860, 238.85062, 15.668427, 232.54270, 231.49065,
14.388300, 242.72618, 16.976576, 232.71395, 231.77668,
14.399730, 220.12958, 16.254583, 232.83614, 232.02460,
14.411170, 220.49889, 15.266100, 232.90735, 232.23319,
14.422600, 258.19305, 15.977003, 232.92528, 232.40039,
14.434030, 243.16150, 15.755512, 232.88784, 232.52471,
14.445460, 209.90948, 16.495419, 232.79279, 232.60445,
14.456890, 235.02681, 16.516136, 232.63791, 232.63791,
14.468320, 222.05684, 15.326198, 232.42183, 232.62390,
14.479740, 253.03492, 15.485556, 232.14706, 232.56344,
14.491160, 223.44809, 14.539567, 231.81657, 232.45802,
14.502580, 261.01349, 16.674463, 231.43350, 232.30910,
14.514000, 236.98716, 15.923024, 231.00085, 232.11811,
14.525420, 199.95535, 14.315967, 230.52172, 231.88652,
14.536830, 225.61959, 13.717001, 229.99962, 231.61602,
14.548240, 230.08842, 14.292423, 229.43714, 231.30786,
14.559650, 229.02861, 18.269640, 228.83722, 230.96342,
14.571060, 218.27023, 14.685501, 228.20292, 230.58418,
14.582470, 220.27801, 14.695637, 227.53714, 230.17151,
14.593870, 220.05781, 15.371869, 226.84340, 229.72722,
14.605270, 238.76083, 14.681816, 226.12407, 229.25235,
14.616670, 243.22114, 14.983465, 225.38213, 228.74834,
14.628070, 237.96102, 17.298281, 224.62033, 228.21650,
14.639470, 239.59114, 15.548624, 223.84161, 227.65824,
14.650860, 237.08279, 15.002184, 223.04960, 227.07548,
14.662260, 231.57759, 15.075541, 222.24568, 226.46852,
14.673650, 214.39609, 15.096020, 221.43420, 225.83983,
14.685040, 241.30476, 16.719864, 220.61721, 225.19019,
14.696420, 226.88184, 16.690968, 219.79843, 224.52166,
14.707810, 226.73103, 16.384697, 218.97908, 223.83426,
14.719190, 224.54622, 16.279781, 218.16363, 223.13072,
14.730570, 211.89495, 16.304005, 217.35404, 222.41163,
14.741950, 257.06162, 18.981228, 216.55321, 221.67838,
14.753330, 254.93377, 19.094341, 215.76400, 220.93233,
14.764700, 226.75966, 18.180571, 214.98997, 220.17549,
14.776080, 218.94491, 17.565678, 214.23253, 219.40782,
14.787450, 208.91994, 17.634832, 213.49595, 218.63204,
14.798820, 236.34522, 19.620861, 212.78240, 217.84878,
14.810190, 239.09823, 19.436348, 212.09470, 217.05931,
14.821550, 229.42058, 19.175667, 211.43638, 216.26574,
14.832920, 192.37453, 18.182060, 210.80920, 215.46799,
14.844280, 211.35123, 18.339008, 210.21712, 214.66872,
14.855640, 236.20590, 20.451780, 209.66253, 213.86858,
14.866990, 232.44702, 20.105089, 209.14884, 213.06963,
14.878350, 230.45165, 20.040886, 208.67804, 212.27171,
14.889710, 221.11094, 19.465279, 208.25363, 211.47686,
14.901060, 202.93154, 19.187855, 207.87894, 210.68715,
14.912410, 175.98980, 19.436363, 207.55657, 209.90314,
14.923760, 231.80147, 21.544750, 207.28955, 209.12609,
14.935100, 212.80911, 22.296713, 207.08116, 208.35816,
14.946450, 198.27598, 21.486553, 206.93408, 207.59911,
14.957790, 226.63709, 22.052227, 206.85172, 206.85172,
14.969130, 190.62713, 21.882700, 206.83616, 206.11644,
14.980470, 205.90931, 23.032021, 206.88596, 205.39323,
14.991810, 222.90859, 24.914221, 206.99884, 204.68202,
15.003140, 190.29783, 24.643871, 207.17235, 203.98325,
15.014480, 275.38027, 25.140354, 207.40452, 203.29568,
15.025810, 244.18284, 26.152971, 207.69278, 202.62021,
15.037140, 223.97047, 25.908283, 208.03507, 201.95623,
15.048460, 226.42547, 28.305536, 208.42890, 201.30411,
15.059790, 270.58706, 29.021278, 208.87279, 200.66262,
15.071110, 240.81827, 27.786224, 209.36390, 200.03272,
15.082440, 218.95988, 21.130947, 209.90100, 199.41316,
15.093750, 221.23287, 17.460508, 210.48048, 198.80554,
15.105070, 215.50472, 18.811642, 211.10186, 198.20803,
15.116390, 212.28711, 20.054773, 211.76257, 197.62108,
15.127700, 220.67718, 19.896494, 212.45996, 197.04511,
15.139020, 246.05604, 21.723303, 213.19333, 196.47892,
15.150330, 206.36555, 20.454725, 213.95935, 195.92347,
15.162390, 230.51073, 22.570610, 214.81072, 195.34227,
15.174730, 239.44122, 21.863237, 215.71635, 194.75930,
15.187070, 235.54730, 22.423136, 216.65429, 194.18811,
15.199410, 247.17426, 24.031368, 217.62220, 193.62848,
15.211740, 255.73165, 23.112558, 218.61662, 193.08082,
15.224080, 198.03347, 19.847679, 219.63695, 192.54399,
15.236410, 216.46777, 18.922745, 220.67895, 192.01881,
15.248740, 234.24525, 19.256878, 221.74105, 191.50470,
15.261060, 273.69886, 21.310301, 222.81993, 191.00196,
15.273390, 243.47626, 20.005707, 223.91504, 190.50960,
15.285710, 245.18734, 19.768839, 225.02220, 190.02832,
15.298030, 258.84318, 18.501230, 226.13981, 189.55764,
15.310350, 251.37468, 18.224987, 227.26567, 189.09738,
15.322660, 242.50940, 19.281694, 228.39635, 188.64784,
15.334980, 240.89283, 19.981754, 229.53135, 188.20818,
15.347290, 237.70408, 20.171867, 230.66656, 187.77898,
15.359600, 262.38148, 19.075251, 231.80048, 187.35977,
15.371900, 222.42471, 18.077753, 232.92983, 186.95081,
15.384210, 249.19364, 19.868393, 234.05416, 186.55129,
15.396510, 227.57226, 20.054012, 235.16929, 186.16177,
15.408810, 260.25946, 22.085876, 236.27365, 185.78186,
15.421110, 237.00945, 19.236013, 237.36506, 185.41141,
15.433410, 250.51457, 18.164682, 238.44098, 185.05038,
15.445700, 253.33252, 18.167656, 239.49829, 184.69893,
15.457990, 243.87341, 18.946104, 240.53546, 184.35667,
15.470280, 217.97515, 19.885277, 241.55009, 184.02352,
15.482570, 239.56687, 18.335194, 242.54031, 183.69941,
15.494860, 253.00249, 17.421434, 243.50632, 183.38423,
15.507140, 238.98269, 16.992893, 244.44815, 183.07814,
15.519420, 245.26306, 17.210594, 245.36719, 182.78085,
15.531700, 293.22919, 18.820381, 246.26429, 182.49222,
15.543980, 571.37321, 22.770554, 247.14000, 182.21222,
15.556260, 703.64747, 23.764225, 247.99514, 181.94074,
15.568530, 346.64108, 17.568975, 248.82959, 181.67794,
15.580800, 252.55457, 16.360062, 249.64477, 181.42352,
15.593070, 243.21755, 17.510584, 250.44130, 181.17740,
15.605340, 254.59603, 18.061010, 251.21983, 180.93953,
15.617600, 254.70282, 17.871117, 251.98039, 180.71001,
15.629860, 250.15507, 16.566406, 252.72416, 180.48860,
15.642120, 270.96076, 16.128067, 253.45186, 180.27521,
15.654380, 271.55937, 16.545078, 254.16396, 180.06982,
15.666640, 258.84796, 16.503498, 254.86118, 179.87232,
15.678890, 277.31559, 17.207895, 255.54344, 179.68283,
15.691140, 278.46905, 16.329029, 256.21194, 179.50114,
15.703390, 226.71980, 14.623725, 256.86722, 179.32718,
15.715640, 256.57987, 15.689425, 257.50985, 179.16089,
15.727890, 225.75892, 15.821269, 258.14037, 179.00224,
15.740130, 235.06675, 16.705288, 258.75885, 178.85129,
15.752370, 256.39959, 16.624338, 259.36628, 178.70786,
15.764610, 270.45529, 16.418484, 259.96327, 178.57190,
15.776850, 253.70300, 16.978434, 260.55026, 178.44338,
15.789090, 253.29056, 16.964701, 261.12786, 178.32223,
15.801320, 287.53979, 18.535900, 261.69604, 178.20851,
15.813550, 268.29652, 19.597116, 262.25582, 178.10209,
15.825780, 265.95355, 18.675177, 262.80770, 178.00292,
15.838010, 262.75382, 18.971384, 263.35217, 177.91097,
15.850230, 272.21480, 19.225971, 263.88931, 177.82625,
15.862450, 271.24568, 19.581726, 264.42000, 177.74867,
15.874670, 263.43179, 20.686752, 264.94480, 177.67819,
15.886890, 277.87677, 20.837990, 265.46416, 177.61477,
15.899110, 257.62904, 20.808010, 265.97851, 177.55839,
15.911320, 296.81235, 20.399746, 266.48798, 177.50906,
15.923540, 284.82125, 20.771492, 266.99387, 177.46666,
15.935750, 266.84505, 21.847013, 267.49579, 177.43125,
15.947960, 282.22094, 22.104954, 267.99465, 177.40275,
15.960160, 273.07175, 22.056297, 268.49051, 177.38117,
15.972370, 243.64466, 21.477089, 268.98463, 177.36644,
15.984570, 261.54105, 21.018482, 269.47665, 177.35857,
15.996770, 245.83375, 21.564342, 269.96750, 177.35752,
16.008961, 311.96722, 23.529694, 270.45723, 177.36327,
16.021160, 293.03107, 24.268097, 270.94702, 177.37581,
16.033350, 283.65316, 24.464218, 271.43661, 177.39511,
16.045549, 258.66337, 22.431202, 271.92722, 177.42118,
16.057739, 253.57011, 23.142822, 272.41854, 177.45397,
16.069920, 244.62140, 23.642437, 272.91104, 177.49346,
16.082109, 242.64006, 24.369951, 273.40595, 177.53969,
16.094290, 239.49845, 24.889034, 273.90295, 177.59260,
16.106470, 281.75680, 25.536617, 274.40290, 177.65219,
16.118650, 257.18825, 25.316710, 274.90626, 177.71848,
16.130831, 262.54841, 24.740341, 275.41349, 177.79145,
16.143009, 300.37407, 26.217918, 275.92499, 177.87109,
16.155180, 307.47276, 27.581457, 276.44099, 177.95735,
16.167351, 250.95563, 31.856258, 276.96226, 178.05028,
16.179520, 261.94039, 28.683975, 277.48921, 178.14987,
16.191681, 305.24857, 27.518520, 278.02206, 178.25606,
16.203850, 264.26611, 29.942932, 278.56196, 178.36899,
16.216009, 308.95206, 31.951599, 279.10863, 178.48851,
16.228170, 281.08677, 36.698589, 279.66306, 178.61473,
16.240330, 267.19946, 33.362991, 280.22558, 178.74762,
16.252489, 280.64997, 35.507633, 280.79677, 178.88720,
16.264641, 263.54677, 33.850586, 281.37675, 179.03339,
16.276791, 296.11071, 37.821121, 281.96631, 179.18627,
16.288950, 257.14352, 38.840797, 282.56673, 179.34600,
16.301090, 312.38058, 47.524536, 283.17817, 179.51222,
16.313240, 307.24290, 45.558548, 283.80389, 179.68531,
16.325380, 374.94192, 51.325829, 284.44473, 179.86503,
16.337530, 360.68651, 33.160851, 285.10351, 180.05168,
16.349670, 363.24614, 28.431980, 285.78105, 180.24498,
16.361799, 350.79248, 27.511986, 286.47904, 180.44491,
16.373940, 378.67977, 32.893929, 287.20065, 180.65187,
16.386070, 357.82668, 31.398344, 287.94650, 180.86552,
16.398211, 401.50835, 33.304474, 288.71967, 181.08624,
16.410339, 406.42114, 29.895784, 289.52069, 181.31365,
16.422461, 432.38941, 31.528086, 290.35166, 181.54785,
16.434589, 460.71414, 35.026367, 291.21555, 181.78916,
16.446711, 394.81845, 33.574982, 292.11322, 182.03731,
16.458839, 377.92749, 30.326374, 293.04775, 182.29264,
16.470961, 416.35464, 36.546364, 294.01994, 182.55486,
16.483070, 383.69735, 33.825825, 295.03140, 182.82392,
16.495190, 387.15419, 46.129616, 296.08589, 183.10030,
16.500280, 381.41587, 26.563431, 296.54192, 183.21853,
16.513599, 374.66165, 24.791750, 297.77311, 183.53386,
16.526911, 355.31457, 22.225063, 299.06082, 183.85772,
16.540211, 383.74382, 22.968071, 300.40736, 184.19005,
16.553520, 342.31520, 22.811916, 301.81764, 184.53144,
16.566820, 333.20424, 23.393589, 303.29252, 184.88146,
16.580120, 304.39748, 22.488907, 304.83587, 185.24040,
16.593420, 282.18548, 20.325979, 306.45064, 185.60834,
16.606710, 297.80587, 21.421446, 308.13858, 185.98506,
16.620001, 282.89638, 21.097361, 309.90207, 186.37089,
16.633301, 373.40771, 24.087009, 311.73659, 186.76620,
16.646589, 315.99192, 22.923216, 313.63163, 187.17041,
16.659870, 335.88315, 21.924856, 315.58007, 187.58372,
16.673149, 334.02674, 20.569462, 317.57516, 188.00635,
16.686440, 350.73054, 20.015692, 319.61149, 188.43883,
16.699711, 347.13536, 20.317629, 321.67691, 188.88023,
16.712990, 367.80245, 21.947165, 323.76810, 189.33151,
16.726271, 380.48955, 22.115616, 325.87677, 189.79257,
16.739540, 334.37589, 20.160534, 327.99341, 190.26304,
16.752810, 319.43509, 19.053459, 330.11244, 190.74338,
16.766081, 366.39448, 19.709465, 332.22679, 191.23376,
16.779341, 359.88451, 20.374237, 334.32697, 191.73378,
16.792601, 349.90173, 21.821404, 336.40743, 192.24394,
16.805870, 357.09825, 21.929024, 338.46226, 192.76473,
16.819120, 354.65294, 20.755985, 340.47966, 193.29512,
16.832380, 360.24599, 18.973049, 342.45660, 193.83633,
16.845631, 358.59496, 17.895493, 344.38281, 194.38770,
16.858891, 348.85744, 18.470819, 346.25358, 194.95014,
16.872141, 365.76781, 19.848013, 348.05871, 195.52294,
16.885380, 331.79004, 19.446066, 349.79056, 196.10610,
16.898630, 352.02070, 19.280977, 351.44455, 196.70077,
16.911869, 338.64023, 18.322910, 353.01166, 197.30601,
16.925110, 369.00399, 18.963158, 354.49317, 197.92256,
16.938351, 368.60708, 20.046185, 355.88988, 198.55046,
16.951580, 339.04126, 20.571892, 357.20166, 199.18927,
16.964821, 346.49826, 21.542379, 358.43168, 199.84022,
16.978050, 357.34335, 20.994877, 359.57869, 200.50233,
16.991270, 377.23967, 20.778004, 360.64386, 201.17579,
17.004499, 397.96123, 19.872488, 361.62947, 201.86171,
17.017719, 493.12641, 21.441355, 362.53482, 202.55926,
17.030951, 686.37755, 25.073494, 363.36197, 203.26967,
17.044161, 584.82122, 24.671707, 364.10959, 203.99134,
17.057381, 408.81406, 21.228138, 364.78007, 204.72607,
17.070601, 402.50554, 20.666737, 365.37334, 205.47349,
17.083811, 406.44304, 21.583128, 365.88952, 206.23321,
17.097019, 351.22542, 19.559767, 366.32941, 207.00581,
17.110229, 389.26160, 21.793039, 366.69350, 207.79166,
17.123430, 380.45945, 22.555498, 366.98184, 208.59025,
17.136641, 389.85365, 22.774860, 367.19512, 209.40289,
17.149839, 359.86152, 21.052336, 367.33324, 210.22845,
17.163040, 318.23811, 19.064522, 367.39658, 211.06793,
17.176229, 362.54144, 20.127443, 367.38529, 211.92064,
17.189430, 365.43480, 20.890253, 367.29940, 212.78824,
17.202620, 388.75543, 22.242657, 367.13912, 213.66941,
17.215811, 374.42131, 21.702349, 366.90432, 214.56521,
17.229000, 359.23352, 21.139977, 366.59501, 215.47557,
17.242180, 359.09610, 21.770220, 366.21136, 216.40014,
17.255369, 408.85501, 22.569237, 365.75265, 217.34044,
17.268551, 332.89387, 22.370007, 365.22048, 218.29547,
17.281719, 368.68477, 23.711832, 364.62112, 219.26496,
17.294901, 420.54151, 27.385090, 363.96042, 220.25109,
17.308069, 386.99974, 27.744604, 363.24671, 221.25208,
17.321251, 394.29002, 25.116827, 362.48554, 222.27016,
17.334410, 395.14443, 25.739344, 361.68599, 223.30274,
17.347580, 412.33223, 27.365032, 360.85293, 224.35271,
17.360750, 403.02630, 27.345915, 359.99394, 225.41940,
17.373911, 402.74595, 29.197626, 359.11655, 226.50225,
17.387070, 370.27951, 28.026081, 358.22711, 227.60210,
17.400230, 465.90401, 29.401440, 357.33222, 228.71951,
17.413380, 415.85109, 27.054853, 356.43962, 229.85355,
17.426540, 394.41664, 27.020599, 355.55461, 231.00646,
17.439690, 364.22344, 26.781479, 354.68554, 232.17646,
17.452841, 386.71678, 29.715445, 353.83837, 233.36498,
17.465981, 390.61815, 29.442373, 353.02078, 234.57106,
17.479130, 405.68252, 30.542011, 352.23832, 235.79687,
17.492270, 352.33398, 28.458933, 351.49902, 237.04090,
17.505409, 361.75804, 27.980297, 350.80919, 238.30430,
17.518551, 359.78114, 29.903841, 350.17569, 239.58753,
17.531679, 361.45894, 30.732130, 349.60615, 240.88935,
17.544821, 349.26046, 30.697012, 349.10640, 242.21269,
17.557949, 390.12856, 31.090061, 348.68452, 243.55516,
17.571079, 423.51428, 32.447643, 348.34700, 244.91858,
17.584200, 383.23001, 31.783653, 348.10118, 246.30203,
17.597330, 396.87759, 32.603458, 347.95392, 247.70782,
17.610451, 445.75624, 34.603981, 347.91266, 249.13423,
17.623569, 372.31425, 34.494652, 347.98457, 250.58236,
17.636690, 373.28756, 45.235558, 348.17703, 252.05296,
17.649799, 361.24548, 39.190918, 348.49717, 253.54481,
17.662910, 303.40492, 39.474831, 348.94997, 255.05974,
17.676029, 332.23365, 36.756702, 349.52973, 256.59876,
17.689131, 399.08812, 47.349960, 350.22653, 258.15929,
17.702240, 390.39334, 47.916378, 351.03298, 259.74458,
17.715349, 387.83759, 45.506390, 351.94016, 261.35409,
17.728451, 397.54816, 47.519215, 352.93899, 262.98720,
17.741550, 409.31473, 43.479301, 354.02140, 264.64496,
17.754641, 360.78820, 31.573671, 355.17833, 266.32674,
17.767740, 330.90934, 28.679028, 356.40317, 268.03535,
17.780830, 351.49036, 33.211800, 357.68588, 269.76869,
17.793921, 359.01108, 30.107897, 359.01913, 271.52836,
17.807011, 411.82583, 30.240627, 360.39476, 273.31475,
17.820101, 450.32691, 33.785667, 361.80462, 275.12826,
17.833179, 451.12510, 33.486469, 363.23931, 276.96765,
17.846270, 379.38994, 30.151758, 364.69326, 278.83657,
17.859341, 373.99186, 30.922323, 366.15497, 280.73103,
17.872419, 445.94494, 36.886600, 367.61937, 282.65529,
17.885500, 365.58291, 38.483288, 369.07774, 284.60895,
17.898569, 357.17165, 38.092735, 370.52053, 286.59043,
17.911640, 341.42941, 35.934433, 371.94118, 288.60214,
17.924709, 332.37426, 34.949230, 373.33118, 290.64396,
17.937780, 410.70738, 63.214275, 374.68285, 292.71692,
17.941250, 382.31174, 29.077269, 375.03412, 293.27238,
17.955721, 363.42318, 27.308834, 376.46045, 295.61320,
17.970181, 390.69344, 27.375235, 377.81481, 297.99127,
17.984650, 380.55186, 26.731382, 379.08808, 300.41068,
17.999109, 406.43419, 27.857826, 380.26739, 302.86890,
18.013571, 428.47860, 28.315491, 381.34253, 305.36852,
18.028021, 412.15072, 27.395157, 382.30130, 307.90785,
18.042480, 380.95152, 25.956467, 383.13371, 310.49127,
18.056931, 360.73409, 24.808889, 383.82719, 313.11607,
18.071381, 382.03821, 25.915039, 384.37530, 315.78466,
18.085819, 383.26140, 27.843330, 384.78888, 318.49558,
18.100269, 385.06816, 28.422533, 385.08412, 321.25388,
18.114710, 405.61302, 28.295107, 385.27603, 324.05630,
18.129150, 400.28279, 25.852325, 385.38019, 326.90542,
18.143579, 380.44275, 24.278185, 385.41190, 329.79970,
18.158020, 400.05252, 23.651077, 385.38644, 332.74450,
18.172449, 410.58181, 26.006292, 385.31902, 335.73597,
18.186880, 406.74638, 26.664341, 385.22475, 338.77765,
18.201300, 416.99481, 27.168438, 385.11885, 341.86748,
18.215719, 377.95920, 25.649399, 385.01632, 345.00871,
18.230150, 359.57946, 23.699093, 384.93217, 348.20474,
18.244560, 392.82296, 23.420553, 384.88166, 351.44921,
18.258980, 409.59928, 23.800873, 384.87974, 354.74982,
18.273390, 397.85117, 24.168037, 384.94155, 358.10309,
18.287800, 386.99884, 25.090652, 385.08223, 361.51210,
18.302210, 393.34302, 24.999706, 385.31701, 364.97778,
18.316620, 387.65875, 23.366024, 385.66118, 368.50108,
18.331020, 379.08063, 22.912123, 386.12977, 372.08057,
18.345421, 412.06662, 24.470165, 386.73842, 375.71953,
18.359819, 423.80132, 25.717728, 387.50254, 379.41846,
18.374210, 410.88769, 28.047155, 388.43734, 383.17684,
18.388611, 384.65902, 26.442661, 389.55974, 387.00019,
18.403000, 367.53820, 24.289442, 390.88398, 390.88398,
18.417379, 386.93793, 23.499504, 392.42105, 394.82813,
18.431770, 404.39703, 23.093204, 394.16564, 398.83205,
18.446150, 389.49098, 22.548273, 396.10273, 402.88151,
18.460529, 406.70289, 25.683058, 398.22158, 406.97184,
18.474911, 410.91316, 26.763252, 400.51055, 411.09578,
18.489281, 476.84055, 27.397816, 402.95556, 415.24165,
18.503660, 433.48729, 26.297565, 405.54848, 419.40772,
18.518030, 350.95095, 23.098097, 408.27430, 423.58066,
18.532391, 399.97796, 22.494476, 411.12131, 427.75269,
18.546761, 412.61828, 23.339994, 414.08194, 431.92157,
18.561119, 403.51862, 24.323114, 417.14057, 436.07345,
18.575480, 392.89482, 25.731300, 420.28878, 440.20442,
18.589840, 454.06469, 27.058226, 423.51505, 444.30617,
18.604191, 441.12272, 26.139982, 426.80612, 448.36822,
18.618549, 436.09766, 25.681643, 430.15490, 452.38766,
18.632900, 444.97292, 25.566971, 433.54691, 456.35241,
18.647240, 457.45726, 28.056398, 436.97024, 460.25373,
18.661591, 462.10321, 28.836403, 440.41949, 464.09004,
18.675930, 466.30583, 28.962164, 443.87832, 467.84737,
18.690269, 671.37020, 31.880184, 447.33862, 471.52099,
18.704611, 1240.9962, 38.387863, 450.79003, 475.10349,
18.718941, 1102.1248, 34.425678, 454.21852, 478.58374,
18.733271, 584.44075, 27.447544, 457.61602, 481.95674,
18.747601, 479.25050, 27.634537, 460.97167, 485.21456,
18.761930, 459.10924, 29.409077, 464.27460, 488.34921,
18.776260, 417.42205, 30.213640, 467.51387, 491.35272,
18.790581, 432.81849, 29.802580, 470.67645, 494.21517,
18.804899, 483.95540, 28.870163, 473.75308, 496.93021,
18.819220, 475.09243, 27.551121, 476.73354, 499.49046,
18.833530, 439.38082, 27.730499, 479.60439, 501.88585,
18.847839, 452.03403, 27.301188, 482.35610, 504.10971,
18.862150, 434.01123, 30.171076, 484.97810, 506.15439,
18.876459, 508.34662, 34.568996, 487.45833, 508.01109,
18.890770, 490.60502, 33.598270, 489.78596, 509.67197,
18.905069, 473.39236, 33.278088, 491.94739, 511.12734,
18.919371, 431.16631, 31.222425, 493.93310, 512.37033,
18.933670, 486.07271, 33.889771, 495.73074, 513.39213,
18.947960, 439.07747, 36.285702, 497.32762, 514.18395,
18.962250, 456.53762, 35.867119, 498.71293, 514.73797,
18.976540, 473.13551, 38.013412, 499.87441, 515.04555,
18.990829, 427.03227, 36.626617, 500.79965, 515.09796,
19.005119, 405.36984, 33.932335, 501.47609, 514.88643,
19.019400, 414.37151, 32.436020, 501.89075, 514.40253,
19.033680, 440.55141, 32.408916, 502.03124, 513.63728,
19.047960, 449.94351, 35.237186, 501.88443, 512.58169,
19.062229, 478.52098, 40.349525, 501.43744, 511.22791,
19.076500, 430.62059, 46.189163, 500.67662, 509.56583,
19.090771, 399.82448, 37.527016, 499.58823, 507.58640,
19.105040, 482.68542, 40.026424, 498.15846, 505.28063,
19.119310, 458.83048, 39.619476, 496.37267, 502.63853,
19.133570, 439.05028, 36.933823, 494.21838, 499.65341,
19.147829, 407.38875, 38.828838, 491.67952, 496.31374,
19.162090, 467.22719, 43.948914, 488.74063, 492.60933,
19.176340, 407.26866, 46.078472, 485.38953, 488.53429,
19.190599, 367.00782, 47.692135, 481.60572, 484.07281,
19.204849, 472.71182, 49.445721, 477.37833, 479.22092,
19.219101, 508.55007, 46.591358, 472.68804, 473.96499,
19.233339, 594.82418, 63.240128, 467.52385, 468.30096,
19.247580, 471.17248, 68.554298, 461.86387, 462.21301,
19.261820, 406.73648, 40.528744, 455.69149, 455.69149,
19.276060, 376.14410, 47.210339, 448.99893, 448.73303,
19.290300, 429.58021, 47.528156, 441.81762, 441.36263,
19.304529, 460.12065, 54.486450, 434.19482, 433.61865,
19.318760, 333.35000, 51.856781, 426.16438, 425.52605,
19.332991, 442.77003, 53.458965, 417.76755, 417.11757,
19.347219, 545.22573, 56.136810, 409.04550, 408.42605,
19.361441, 449.78489, 55.530029, 400.04175, 399.48679,
19.375660, 384.60481, 60.328453, 390.79242, 390.32789,
19.389879, 405.66418, 57.006901, 381.33559, 380.97953,
19.404100, 540.88340, 62.444565, 371.70906, 371.47175,
19.418310, 500.90328, 60.016304, 361.96096, 361.84486,
19.432520, 352.12244, 60.361839, 352.12244, 352.12244,
