# wave, flux, fluxerr, continuum, continuum_plateau
9.9725246, 79.567540, 22.582161, 84.156302, 84.153364,
9.9806166, 128.42750, 24.777725, 83.544675, 83.543415,
9.9887066, 69.312393, 19.572783, 82.946455, 82.946151,
9.9967957, 74.255266, 18.318575, 82.361783, 82.361783,
10.004880, 71.215529, 20.273241, 81.791140, 81.790858,
10.012970, 68.598222, 19.769003, 81.234012, 81.232927,
10.021050, 82.414277, 17.074615, 80.691667, 80.689322,
10.029140, 91.598372, 18.215847, 80.163055, 80.159049,
10.037220, 113.36820, 20.013504, 79.649716, 79.643711,
10.045300, 118.10308, 18.186211, 79.151191, 79.142903,
10.053380, 84.159000, 15.947670, 78.667665, 78.656862,
10.061460, 85.994936, 17.860790, 78.199495, 78.185998,
10.069540, 82.451429, 17.500591, 77.746818, 77.730496,
10.077610, 79.831020, 15.337473, 77.310498, 77.291271,
10.085690, 74.881270, 16.314041, 76.889705, 76.867528,
10.093760, 80.140141, 17.733263, 76.485690, 76.460568,
10.101830, 78.243646, 15.863981, 76.098207, 76.070182,
10.109900, 73.885960, 15.090611, 75.727480, 75.696628,
10.117970, 127.37769, 18.136381, 75.373866, 75.340300,
10.126040, 76.469108, 16.843998, 75.037594, 75.001456,
10.134100, 56.978332, 15.138794, 74.719343, 74.680810,
10.142170, 92.306722, 16.553350, 74.418567, 74.377835,
10.150230, 31.551780, 18.044174, 74.136301, 74.093594,
10.158300, 76.891664, 16.660992, 73.872166, 73.827728,
10.166360, 64.380314, 14.999257, 73.627110, 73.581204,
10.174420, 84.292752, 17.211061, 73.401048, 73.353953,
10.182470, 85.700861, 17.411730, 73.194570, 73.146578,
10.190530, 53.585298, 16.429779, 73.007467, 72.958877,
10.198590, 61.575824, 15.222213, 72.840285, 72.791406,
10.206640, 96.155055, 17.878803, 72.693545, 72.644689,
10.214690, 90.974869, 17.029531, 72.567335, 72.518815,
10.222750, 66.754965, 15.438678, 72.461867, 72.413996,
10.230800, 87.381081, 17.540844, 72.377721, 72.330805,
10.238850, 62.974593, 18.723026, 72.315096, 72.269433,
10.246890, 82.158694, 17.052681, 72.274366, 72.230243,
10.254940, 70.273161, 16.736462, 72.255779, 72.213470,
10.262990, 98.347627, 19.489346, 72.259746, 72.219509,
10.271030, 86.681267, 20.077030, 72.286579, 72.248645,
10.279070, 83.020952, 19.259457, 72.336620, 72.301201,
10.287120, 71.590778, 20.022650, 72.410348, 72.377630,
10.295150, 61.322204, 22.818092, 72.507812, 72.477941,
10.303190, 79.015092, 22.680763, 72.629715, 72.602812,
10.311230, 53.366043, 20.721786, 72.776310, 72.752455,
10.319270, 87.254621, 23.872637, 72.948019, 72.927251,
10.327300, 90.957704, 27.198915, 73.144945, 73.127253,
10.335340, 55.026128, 22.754911, 73.367975, 73.353307,
10.343370, 94.485475, 20.956898, 73.617016, 73.605259,
10.351400, 112.02493, 30.110626, 73.892667, 73.883657,
10.359430, 116.26675, 30.552591, 74.195374, 74.188885,
10.367460, 91.554650, 27.468573, 74.525559, 74.521300,
10.375480, 101.76560, 30.075603, 74.883166, 74.880777,
10.383510, 64.353399, 33.206829, 75.269566, 75.268619,
10.391530, 89.690041, 33.797642, 75.684242, 75.684227,
10.399560, 69.395303, 24.948730, 76.128629, 76.128959,
10.407580, 37.637847, 21.796738, 76.602127, 76.602127,
10.415600, 92.909353, 22.146513, 77.105423, 77.104360,
10.423620, 93.378092, 22.589443, 77.637989, 77.635182,
10.431640, 93.502546, 22.243576, 78.198837, 78.193681,
10.439650, 121.07401, 21.324463, 78.786457, 78.778424,
10.447670, 115.82170, 21.367325, 79.401473, 79.390096,
10.455680, 104.39170, 20.200434, 80.041435, 80.026320,
10.463700, 132.63286, 20.100502, 80.707183, 80.687988,
10.471710, 84.728397, 21.129990, 81.396146, 81.372596,
10.479720, 77.501614, 21.968458, 82.108355, 82.080223,
10.487730, 93.814004, 21.340620, 82.842993, 82.810102,
10.495730, 123.80165, 22.762552, 83.598335, 83.560561,
10.503740, 162.03102, 28.146921, 84.375374, 84.332626,
10.511750, 174.02989, 29.105015, 85.172422, 85.124652,
10.519750, 163.72808, 27.244911, 85.987598, 85.934805,
10.527750, 61.738579, 31.102013, 86.821245, 86.763454,
10.535750, 117.73302, 35.097496, 87.672480, 87.609748,
10.543750, 99.779685, 34.133106, 88.540416, 88.472832,
10.551750, 112.53597, 36.374371, 89.424483, 89.352160,
10.559750, 100.76450, 39.687752, 90.323695, 90.246772,
10.567850, 135.92001, 20.334789, 91.249022, 91.167605,
10.576350, 93.209636, 18.380857, 92.235088, 92.149157,
10.584840, 125.94440, 18.861393, 93.234465, 93.144251,
10.593340, 131.35004, 17.198484, 94.248713, 94.154456,
10.601830, 141.25431, 16.806046, 95.274419, 95.176389,
10.610330, 125.60378, 17.882545, 96.313216, 96.211684,
10.618820, 98.987582, 16.380020, 97.361755, 97.257018,
10.627310, 119.93899, 15.491980, 98.420182, 98.312542,
10.635800, 75.685381, 15.173631, 99.487839, 99.377608,
10.644280, 115.15548, 16.990736, 100.56238, 100.44988,
10.652770, 117.07086, 15.921166, 101.64546, 101.53102,
10.661250, 117.09417, 14.759472, 102.73375, 102.61770,
10.669740, 88.902696, 15.398385, 103.82882, 103.71150,
10.678220, 87.032641, 15.773379, 104.92733, 104.80908,
10.686700, 122.88343, 15.470806, 106.02962, 105.91079,
10.695180, 103.98574, 14.617182, 107.13482, 107.01575,
10.703650, 117.37858, 16.386911, 108.24080, 108.12184,
10.712130, 106.71570, 16.531654, 109.34905, 109.23055,
10.720600, 111.39383, 15.059126, 110.45644, 110.33877,
10.729080, 91.792272, 15.261244, 111.56448, 111.44798,
10.737550, 115.37191, 16.921846, 112.66967, 112.55469,
10.746020, 147.70235, 17.320024, 113.77264, 113.65954,
10.754490, 137.85167, 16.419857, 114.87225, 114.76139,
10.762960, 92.393911, 15.790238, 115.96788, 115.85963,
10.771420, 99.145686, 17.428959, 117.05706, 116.95178,
10.779890, 110.09287, 16.876101, 118.14185, 118.03992,
10.788350, 122.08067, 16.924757, 119.21858, 119.12037,
10.796810, 125.25222, 18.320471, 120.28771, 120.19359,
10.805270, 133.65579, 19.955585, 121.34835, 121.25873,
10.813730, 100.75940, 18.173506, 122.39962, 122.31490,
10.822190, 94.888941, 17.370802, 123.44065, 123.36123,
10.830650, 110.36707, 19.798153, 124.47054, 124.39685,
10.839100, 130.84408, 20.568012, 125.48714, 125.41961,
10.847560, 138.31035, 19.733856, 126.49209, 126.43119,
10.856010, 135.78988, 20.163754, 127.48211, 127.42830,
10.864460, 155.52884, 23.425978, 128.45733, 128.41110,
10.872910, 135.50535, 23.701595, 129.41697, 129.37885,
10.881360, 95.117439, 20.805233, 130.36022, 130.33075,
10.889800, 138.19641, 23.298937, 131.28493, 131.26466,
10.898250, 157.83640, 26.350315, 132.19239, 132.18194,
10.906690, 114.30829, 26.165161, 133.07961, 133.07961,
10.915140, 110.25324, 24.024712, 133.94802, 133.95913,
10.923580, 144.80371, 27.596977, 134.79562, 134.81844,
10.932020, 187.48049, 32.856327, 135.62393, 135.65897,
10.940460, 221.98950, 32.661541, 136.43332, 136.48103,
10.948890, 162.40965, 32.366997, 137.22322, 137.28396,
10.957330, 169.40079, 35.389587, 137.99598, 138.07008,
10.965760, 151.08288, 26.782410, 138.75014, 138.83784,
10.974200, 158.92055, 26.329559, 139.48778, 139.58929,
10.982630, 166.46315, 24.411587, 140.20753, 140.32296,
10.991060, 189.01955, 27.877396, 140.91076, 141.04019,
10.999490, 246.55807, 33.481838, 141.59767, 141.74113,
11.007920, 225.68735, 31.356728, 142.26877, 142.42624,
11.016340, 185.83473, 32.602749, 142.92353, 143.09493,
11.024770, 122.09849, 35.866283, 143.56387, 143.74909,
11.033190, 231.41634, 44.241219, 144.18867, 144.38754,
11.041610, 252.35262, 43.796082, 144.79901, 145.01135,
11.050030, 173.14943, 32.011784, 145.39522, 145.62080,
11.058450, 159.73642, 38.231251, 145.97764, 146.21619,
11.066870, 141.25666, 33.670002, 146.54660, 146.79783,
11.075290, 176.43183, 34.148811, 147.10242, 147.36601,
11.083700, 252.16893, 59.982033, 147.64482, 147.92040,
11.092120, 162.17376, 36.335854, 148.17534, 148.46254,
11.100530, 173.39814, 80.790543, 148.69304, 148.99146,
11.108940, 319.29212, 71.271179, 149.19897, 149.50816,
11.117350, 296.30472, 82.773987, 149.69330, 150.01284,
11.120570, 185.94966, 21.548815, 149.87963, 150.20300,
11.129530, 229.44246, 20.949665, 150.38947, 150.72317,
11.138500, 235.30947, 20.992344, 150.88765, 151.23112,
11.147460, 247.25996, 21.660727, 151.37335, 151.72602,
11.156430, 307.03136, 23.354446, 151.84808, 152.20938,
11.165390, 346.51232, 22.010241, 152.31107, 152.68039,
11.174350, 409.78759, 22.764807, 152.76324, 153.13998,
11.183300, 446.24186, 24.646423, 153.20447, 153.58801,
11.192260, 536.74634, 26.151693, 153.63605, 154.02577,
11.201220, 510.42264, 23.949232, 154.05784, 154.45312,
11.210170, 532.44832, 24.057117, 154.46975, 154.86995,
11.219120, 562.98545, 26.329531, 154.87256, 155.27706,
11.228070, 535.06399, 25.478479, 155.26662, 155.67478,
11.237020, 527.14638, 23.703428, 155.65220, 156.06339,
11.245970, 534.95831, 24.120012, 156.02971, 156.44332,
11.254920, 511.97857, 24.557743, 156.39945, 156.81485,
11.263860, 499.61522, 23.790417, 156.76131, 157.17789,
11.272800, 528.82410, 23.156750, 157.11609, 157.53324,
11.281750, 487.28092, 23.135731, 157.46440, 157.88151,
11.290690, 437.53010, 22.961199, 157.80588, 158.22237,
11.299630, 445.76686, 23.088396, 158.14114, 158.55644,
11.308560, 428.82625, 21.999466, 158.47020, 158.88373,
11.317500, 427.64049, 22.076807, 158.79406, 159.20527,
11.326430, 392.39164, 22.956837, 159.11234, 159.52069,
11.335370, 367.46320, 22.092402, 159.42603, 159.83098,
11.344300, 356.73552, 21.094084, 159.73476, 160.13581,
11.353230, 340.41907, 21.173304, 160.03916, 160.43583,
11.362160, 341.90542, 22.432419, 160.33952, 160.73132,
11.371080, 338.68064, 22.200739, 160.63588, 161.02235,
11.380010, 309.92157, 20.407118, 160.92911, 161.30980,
11.388930, 329.03521, 21.546209, 161.21894, 161.59344,
11.397850, 295.69370, 22.163811, 161.50592, 161.87383,
11.406780, 270.12376, 21.277325, 161.79072, 162.15165,
11.415700, 275.09969, 20.923389, 162.07296, 162.42654,
11.424610, 248.79588, 20.915768, 162.35298, 162.69887,
11.433530, 252.60245, 22.923140, 162.63165, 162.96953,
11.442450, 277.36278, 23.511147, 162.90899, 163.23855,
11.451360, 259.69957, 21.693075, 163.18498, 163.50595,
11.460270, 221.10888, 21.739885, 163.46021, 163.77233,
11.469180, 250.99934, 23.984972, 163.73498, 164.03801,
11.478090, 266.93740, 25.196733, 164.00958, 164.30330,
11.487000, 248.85764, 23.489830, 164.28429, 164.56851,
11.495910, 216.96413, 23.531712, 164.55939, 164.83393,
11.504810, 247.00656, 25.945807, 164.83492, 165.09964,
11.513710, 242.47603, 26.358559, 165.11142, 165.36618,
11.522620, 228.94380, 25.063148, 165.38952, 165.63420,
11.531520, 230.20518, 25.661697, 165.66887, 165.90339,
11.540420, 229.02261, 27.672970, 165.95009, 166.17437,
11.549310, 216.11493, 27.786467, 166.23315, 166.44717,
11.558210, 217.36411, 26.449997, 166.51901, 166.72270,
11.567100, 201.79412, 26.191193, 166.80723, 167.00061,
11.576000, 188.94455, 28.464293, 167.09886, 167.28191,
11.584890, 209.13438, 29.723974, 167.39347, 167.56624,
11.593780, 200.41120, 28.831957, 167.69168, 167.85420,
11.602670, 182.56594, 28.303143, 167.99383, 168.14616,
11.611560, 202.57924, 31.153490, 168.30020, 168.44241,
11.620440, 211.53827, 32.274109, 168.61071, 168.74290,
11.629330, 186.64189, 30.925076, 168.92640, 169.04867,
11.638210, 187.21272, 31.921700, 169.24686, 169.35933,
11.647090, 150.81283, 33.227955, 169.57269, 169.67548,
11.655970, 210.57373, 36.815865, 169.90423, 169.99749,
11.664850, 158.90474, 27.659079, 170.24181, 170.32570,
11.673730, 167.36724, 19.455954, 170.58568, 170.66035,
11.682600, 172.69316, 22.738121, 170.93580, 171.00143,
11.691480, 174.19147, 23.077484, 171.29323, 171.34999,
11.700350, 185.31476, 23.930527, 171.65752, 171.70560,
11.709220, 175.12115, 24.775705, 172.02935, 172.06894,
11.718090, 209.85509, 25.854198, 172.40905, 172.44033,
11.726960, 161.15044, 26.982304, 172.79693, 172.82010,
11.735830, 188.41815, 28.651318, 173.19331, 173.20857,
11.744690, 151.29275, 30.096542, 173.59804, 173.60557,
11.753560, 187.37851, 29.618467, 174.01238, 174.01238,
11.762420, 198.90860, 33.407242, 174.43556, 174.42822,
11.771280, 144.06391, 49.670002, 174.86768, 174.85320,
11.775020, 205.41792, 19.338509, 175.05258, 175.03515,
11.784500, 208.57074, 20.321335, 175.52775, 175.50303,
11.793980, 216.75833, 19.835472, 176.01151, 175.97975,
11.803460, 214.65666, 22.205013, 176.50327, 176.46476,
11.812940, 189.90395, 17.572300, 177.00228, 176.95731,
11.822420, 190.67188, 18.381790, 177.50797, 177.45684,
11.831890, 211.41043, 18.766870, 178.01906, 177.96209,
11.841360, 187.48252, 17.462866, 178.53546, 178.47296,
11.850840, 218.62400, 17.702805, 179.05704, 178.98932,
11.860310, 223.77341, 18.609648, 179.58208, 179.50949,
11.869770, 217.66298, 18.278595, 180.10994, 180.03280,
11.879240, 204.33210, 17.264284, 180.64102, 180.55967,
11.888710, 216.64039, 16.779711, 181.17415, 181.08892,
11.898170, 194.37296, 16.934706, 181.70813, 181.61938,
11.907630, 215.76211, 17.686829, 182.24281, 182.15087,
11.917090, 206.91248, 17.438368, 182.77764, 182.68287,
11.926550, 210.75649, 16.380667, 183.31186, 183.21461,
11.936010, 206.73204, 16.792900, 183.84495, 183.74556,
11.945470, 214.09240, 17.520739, 184.37615, 184.27498,
11.954920, 221.94620, 17.308102, 184.90433, 184.80174,
11.964370, 219.09061, 16.523537, 185.42938, 185.32574,
11.973830, 205.57624, 16.524078, 185.95123, 185.84690,
11.983280, 218.23657, 17.589636, 186.46808, 186.36343,
11.992720, 239.81888, 17.830469, 186.97929, 186.87470,
12.002170, 214.05253, 16.779295, 187.48534, 187.38121,
12.011610, 200.41885, 16.428530, 187.98452, 187.88123,
12.021060, 223.69946, 18.052954, 188.47717, 188.37513,
12.030500, 215.22979, 17.841465, 188.96165, 188.86127,
12.039940, 182.58848, 16.774439, 189.43774, 189.33946,
12.049380, 222.91760, 17.286156, 189.90489, 189.80916,
12.058820, 218.48619, 18.569056, 190.36234, 190.26961,
12.068250, 202.23614, 18.525536, 190.80902, 190.71976,
12.077690, 216.05849, 18.487125, 191.24521, 191.15994,
12.087120, 204.31718, 17.547625, 191.66927, 191.58850,
12.096550, 210.46402, 18.708675, 192.08101, 192.00529,
12.105980, 220.77587, 20.049641, 192.47975, 192.40966,
12.115410, 183.51011, 18.786200, 192.86481, 192.80096,
12.124830, 198.20221, 18.859051, 193.23514, 193.17816,
12.134260, 189.11233, 19.335369, 193.59079, 193.54137,
12.143680, 218.23240, 21.352243, 193.93032, 193.88916,
12.153100, 214.49571, 21.335041, 194.25345, 194.22132,
12.162520, 167.81734, 22.550924, 194.55945, 194.53716,
12.171940, 185.42574, 20.373989, 194.84758, 194.83598,
12.181360, 185.94130, 21.814266, 195.11719, 195.11719,
12.190770, 220.14503, 23.367329, 195.36742, 195.37995,
12.200180, 216.25654, 22.775057, 195.59881, 195.62473,
12.209600, 206.71599, 22.653868, 195.81194, 195.85205,
12.219010, 180.21924, 23.427620, 196.00673, 196.06168,
12.228420, 198.14265, 25.054211, 196.18379, 196.25417,
12.237820, 187.13903, 24.837599, 196.34330, 196.42960,
12.247230, 225.06723, 25.714836, 196.48599, 196.58866,
12.256630, 210.58452, 26.386007, 196.61190, 196.73125,
12.266040, 222.06356, 28.410309, 196.72162, 196.85796,
12.275440, 356.61355, 32.842506, 196.81528, 196.96878,
12.284840, 303.90445, 31.389151, 196.89332, 197.06412,
12.294230, 243.74718, 30.455669, 196.95604, 197.14419,
12.303630, 247.89995, 45.868988, 197.00386, 197.20938,
12.313030, 276.71360, 35.701508, 197.03704, 197.25990,
12.322420, 241.58910, 39.164356, 197.05590, 197.29596,
12.331810, 228.76170, 25.972275, 197.06076, 197.31787,
12.341200, 188.20971, 20.849209, 197.05195, 197.32590,
12.350590, 233.71193, 22.470966, 197.02977, 197.32031,
12.359980, 250.98335, 23.474808, 196.99449, 197.30133,
12.369360, 255.42533, 23.744740, 196.94649, 197.26926,
12.378750, 236.33239, 24.644144, 196.88594, 197.22429,
12.388130, 269.29642, 27.213072, 196.81325, 197.16675,
12.397510, 211.10090, 26.020073, 196.72865, 197.09686,
12.406890, 187.16420, 25.306673, 196.63241, 197.01484,
12.416270, 278.70206, 28.784861, 196.52480, 196.92095,
12.425640, 225.02345, 28.219444, 196.40622, 196.81555,
12.435020, 216.48171, 30.070713, 196.27668, 196.69864,
12.444390, 266.37862, 29.797394, 196.13673, 196.57072,
12.453760, 287.76473, 28.784609, 195.98647, 196.43190,
12.463130, 233.17675, 28.829323, 195.82618, 196.28242,
12.472500, 239.47213, 33.355225, 195.65609, 196.12251,
12.481870, 244.28459, 40.463577, 195.47645, 195.95240,
12.489420, 388.09650, 25.623140, 195.32492, 195.80806,
12.499490, 327.81716, 25.279985, 195.11364, 195.60570,
12.509550, 283.00558, 21.065430, 194.89235, 195.39252,
12.519610, 287.98466, 20.268904, 194.66115, 195.16863,
12.529670, 258.00834, 19.441132, 194.42034, 194.93434,
12.539730, 264.01487, 20.259090, 194.17016, 194.68987,
12.549780, 289.74493, 22.242550, 193.91120, 194.43579,
12.559840, 278.80004, 19.266794, 193.64319, 194.17185,
12.569890, 263.48594, 18.214758, 193.36695, 193.89887,
12.579940, 291.27666, 19.820923, 193.08250, 193.61686,
12.589990, 303.12677, 19.888689, 192.79009, 193.32609,
12.600040, 297.17985, 19.057487, 192.48996, 193.02679,
12.610090, 283.66396, 18.118774, 192.18242, 192.71929,
12.620130, 290.15071, 20.603092, 191.86805, 192.40418,
12.630170, 303.21028, 19.036766, 191.54674, 192.08135,
12.640210, 304.94224, 19.325708, 191.21878, 191.75111,
12.650250, 295.30297, 18.046534, 190.88442, 191.41372,
12.660290, 283.00235, 17.584318, 190.54394, 191.06948,
12.670330, 291.80934, 17.889347, 190.19752, 190.71859,
12.680360, 313.37503, 18.762794, 189.84580, 190.36170,
12.690390, 302.25937, 17.833445, 189.48868, 189.99873,
12.700420, 335.51872, 18.344868, 189.12635, 189.62989,
12.710450, 327.82063, 18.174908, 188.75911, 189.25550,
12.720480, 328.55718, 19.335865, 188.38718, 188.87580,
12.730500, 334.01110, 22.335466, 188.01113, 188.49141,
12.740530, 337.31321, 18.320229, 187.63050, 188.10184,
12.750550, 314.26439, 17.629347, 187.24622, 187.70810,
12.760570, 301.85214, 17.992867, 186.85821, 187.31010,
12.770590, 312.03289, 18.437447, 186.46662, 186.90803,
12.780610, 303.71636, 17.781448, 186.07171, 186.50218,
12.790620, 332.31790, 19.616945, 185.67413, 186.09322,
12.800640, 411.87195, 19.742044, 185.27325, 185.68055,
12.810650, 565.25932, 22.895269, 184.87015, 185.26528,
12.820660, 522.25149, 23.439440, 184.46462, 184.84724,
12.830670, 274.84434, 15.805600, 184.05685, 184.42663,
12.840680, 272.25345, 15.722088, 183.64713, 184.00378,
12.850680, 270.03353, 18.337488, 183.23603, 183.57931,
12.860690, 235.96629, 17.766203, 182.82299, 183.15265,
12.870690, 241.04868, 17.711290, 182.40901, 182.72487,
12.880690, 203.35483, 16.329472, 181.99395, 182.29584,
12.890690, 219.50699, 17.427420, 181.57795, 181.86573,
12.900680, 214.75946, 18.025774, 181.16169, 181.43529,
12.910680, 218.86913, 17.993320, 180.74453, 181.00385,
12.920670, 187.40634, 17.017044, 180.32754, 180.57257,
12.930670, 205.18847, 17.535946, 179.91007, 180.14078,
12.940660, 204.24230, 18.345924, 179.49317, 179.70960,
12.950640, 197.02000, 19.025818, 179.07712, 179.27935,
12.960630, 202.31563, 18.876141, 178.66119, 178.84930,
12.970620, 227.28332, 25.334419, 178.24611, 178.42022,
12.980600, 209.72288, 19.421282, 177.83245, 177.99272,
12.990580, 209.05346, 20.648598, 177.42006, 177.56669,
13.000560, 195.31664, 20.475595, 177.00908, 177.14228,
13.010540, 191.85676, 20.194038, 176.59977, 176.71979,
13.020520, 179.34549, 19.739580, 176.19234, 176.29946,
13.030490, 185.66744, 21.393360, 175.78742, 175.88197,
13.040470, 192.96318, 22.723440, 175.38440, 175.46669,
13.050440, 182.69366, 22.501171, 174.98432, 175.05475,
13.060410, 196.35745, 22.780613, 174.58699, 174.64594,
13.070380, 169.96939, 22.591419, 174.19258, 174.24048,
13.080350, 197.77547, 25.632067, 173.80139, 173.83870,
13.090310, 178.31822, 25.100645, 173.41398, 173.44118,
13.100280, 218.93248, 26.926121, 173.02982, 173.04741,
13.110240, 164.45475, 24.980040, 172.64987, 172.65839,
13.120200, 175.47147, 27.005869, 172.27399, 172.27399,
13.130160, 124.57339, 26.787193, 171.90236, 171.89442,
13.140110, 177.93787, 22.456551, 171.53539, 171.52009,
13.150070, 204.58243, 18.619072, 171.17227, 171.15019,
13.160020, 211.85823, 19.594866, 170.81376, 170.78548,
13.169980, 184.01952, 20.645576, 170.45909, 170.42517,
13.179930, 197.01802, 20.829197, 170.10897, 170.07000,
13.189870, 176.44184, 21.030067, 169.76335, 169.71991,
13.199820, 222.62437, 22.006325, 169.42156, 169.37420,
13.209770, 203.35367, 21.596325, 169.08389, 169.03316,
13.219710, 192.95881, 21.586792, 168.75069, 168.69716,
13.229650, 210.19649, 24.447256, 168.42165, 168.36586,
13.239590, 172.81566, 23.751738, 168.09669, 168.03917,
13.249530, 168.21297, 23.127687, 167.77583, 167.71712,
13.259470, 163.26574, 22.588644, 167.45906, 167.39969,
13.269410, 211.74348, 25.571377, 167.14640, 167.08686,
13.279340, 197.54561, 30.320538, 166.83815, 166.77894,
13.289270, 131.21551, 29.751526, 166.53397, 166.47557,
13.299200, 183.59721, 30.252304, 166.23389, 166.17679,
13.309130, 163.14207, 32.096413, 165.93791, 165.88255,
13.318260, 195.94941, 18.485775, 165.66936, 165.61600,
13.328980, 195.86415, 17.771290, 165.35848, 165.30793,
13.339690, 169.39837, 17.136496, 165.05268, 165.00541,
13.350400, 169.92371, 18.004168, 164.75168, 164.70815,
13.361120, 175.20219, 17.985130, 164.45518, 164.41583,
13.371830, 188.31011, 17.142019, 164.16379, 164.12903,
13.382530, 170.59711, 16.343903, 163.87749, 163.84770,
13.393240, 179.94830, 17.353636, 163.59579, 163.57132,
13.403940, 182.61142, 17.663376, 163.31920, 163.30039,
13.414650, 186.40411, 20.150833, 163.04726, 163.03442,
13.425350, 183.57895, 16.752386, 162.78048, 162.77386,
13.436050, 181.78674, 16.785313, 162.51863, 162.51849,
13.446740, 185.68178, 17.043467, 162.26201, 162.26853,
13.457440, 197.80012, 18.233723, 162.01013, 162.02351,
13.468130, 174.78002, 16.275959, 161.76352, 161.78388,
13.478830, 178.26137, 16.065907, 161.52173, 161.54919,
13.489520, 178.05427, 15.804564, 161.28528, 161.31990,
13.500200, 197.68320, 17.334612, 161.05417, 161.09596,
13.510890, 192.94091, 16.611328, 160.82803, 160.87699,
13.521570, 209.32491, 16.627155, 160.60730, 160.66336,
13.532260, 195.99387, 15.449545, 160.39163, 160.45472,
13.542940, 218.17928, 16.072449, 160.18147, 160.25142,
13.553620, 202.47910, 16.479002, 159.97666, 160.05329,
13.564290, 185.45768, 15.552809, 159.77745, 159.86052,
13.574970, 183.67829, 14.950850, 159.58351, 159.67274,
13.585640, 183.89575, 14.620598, 159.39526, 159.49032,
13.596320, 181.26802, 15.055822, 159.21241, 159.31291,
13.606990, 184.35031, 15.468514, 159.03536, 159.14087,
13.617650, 196.90020, 15.688784, 158.86416, 158.97418,
13.628320, 200.88890, 15.145109, 158.69856, 158.81255,
13.638980, 191.67501, 14.978655, 158.53893, 158.65628,
13.649650, 173.04007, 14.943411, 158.38504, 158.50510,
13.660310, 175.45666, 15.432388, 158.23726, 158.35930,
13.670970, 178.66334, 17.328890, 158.09551, 158.21875,
13.681630, 183.42477, 15.185526, 157.95987, 158.08347,
13.692280, 157.67207, 15.042752, 157.83055, 157.95359,
13.702940, 171.33690, 15.672105, 157.70738, 157.82887,
13.713590, 182.94322, 16.767517, 157.59068, 157.70959,
13.724240, 172.12811, 16.067856, 157.48041, 157.59561,
13.734890, 165.68865, 15.895084, 157.37667, 157.48698,
13.745530, 150.98256, 15.606543, 157.27965, 157.38380,
13.756180, 168.68436, 16.822998, 157.18924, 157.28591,
13.766820, 181.48748, 18.344963, 157.10573, 157.19349,
13.777460, 146.79023, 17.620354, 157.02912, 157.10648,
13.788100, 167.89791, 16.771744, 156.95953, 157.02490,
13.798740, 154.04593, 16.980680, 156.89705, 156.94878,
13.809380, 166.51170, 18.481464, 156.84180, 156.87814,
13.820010, 148.66861, 18.187975, 156.79393, 156.81306,
13.830640, 162.51752, 18.776974, 156.75350, 156.75350,
13.841270, 149.72488, 18.181917, 156.72056, 156.69945,
13.851900, 156.34479, 18.547291, 156.69485, 156.65078,
13.862530, 181.72960, 26.480293, 156.67606, 156.60730,
13.873150, 172.49180, 20.854727, 156.66388, 156.56890,
13.883780, 161.31610, 21.052778, 156.65796, 156.53532,
13.894400, 153.43720, 20.545925, 156.65801, 156.50645,
13.905020, 150.29231, 21.028141, 156.66370, 156.48210,
13.915640, 156.17406, 22.584820, 156.67474, 156.46211,
13.926250, 142.27058, 23.051289, 156.69079, 156.44630,
13.936870, 153.56902, 23.435678, 156.71159, 156.43450,
13.947480, 181.54056, 23.392584, 156.73679, 156.42656,
13.958090, 168.34510, 25.015472, 156.76612, 156.42230,
13.968700, 197.73297, 26.845669, 156.79927, 156.42156,
13.979310, 171.73385, 27.231886, 156.83595, 156.42417,
13.989910, 195.21868, 27.093361, 156.87584, 156.42997,
14.000520, 168.24232, 26.161242, 156.91870, 156.43880,
14.011120, 193.00468, 29.122871, 156.96417, 156.45049,
14.021720, 149.86615, 30.000917, 157.01200, 156.46488,
14.032320, 168.28605, 32.767685, 157.06190, 156.48182,
14.042920, 140.66430, 30.092205, 157.11359, 156.50114,
14.053510, 141.45434, 31.787159, 157.16672, 156.52266,
14.064110, 159.30855, 32.654579, 157.22111, 156.54626,
14.074700, 172.06056, 35.210075, 157.27637, 156.57175,
14.085290, 148.13771, 37.867134, 157.33227, 156.59898,
14.095870, 168.39121, 27.136253, 157.38847, 156.62777,
14.106460, 202.92335, 23.242090, 157.44479, 156.65801,
14.117040, 156.01985, 23.410027, 157.50084, 156.68949,
14.127630, 181.38976, 27.494888, 157.55645, 156.72212,
14.138210, 138.92874, 27.527683, 157.61123, 156.75568,
14.148790, 147.92448, 25.102434, 157.66493, 156.79003,
14.159370, 149.59360, 25.221153, 157.71729, 156.82503,
14.169940, 153.38949, 25.395056, 157.76796, 156.86048,
14.180520, 165.76594, 49.622868, 157.81677, 156.89630,
14.182090, 176.77954, 20.117565, 157.82383, 156.90163,
14.193560, 174.46284, 19.062641, 157.87385, 156.94066,
14.205030, 163.27452, 19.630938, 157.92086, 156.97968,
14.216500, 175.51547, 20.703178, 157.96449, 157.01847,
14.227970, 171.12484, 19.755981, 158.00438, 157.05685,
14.239430, 194.79174, 18.939144, 158.04011, 157.09458,
14.250890, 184.55378, 17.629112, 158.07137, 157.13149,
14.262350, 179.63562, 18.344830, 158.09776, 157.16739,
14.273810, 170.62915, 18.320143, 158.11892, 157.20209,
14.285270, 175.18121, 18.510685, 158.13446, 157.23536,
14.296730, 161.97239, 16.162535, 158.14401, 157.26703,
14.308180, 172.68687, 16.221117, 158.14718, 157.29687,
14.319630, 186.23833, 16.908895, 158.14359, 157.32470,
14.331080, 174.58544, 17.634527, 158.13285, 157.35033,
14.342530, 168.67642, 17.144108, 158.11458, 157.37354,
14.353970, 166.77887, 15.813748, 158.08839, 157.39414,
14.365410, 179.84347, 15.818575, 158.05388, 157.41194,
14.376860, 174.55987, 15.749529, 158.01060, 157.42674,
14.388300, 165.93002, 16.774893, 157.95822, 157.43832,
14.399730, 164.30188, 16.365801, 157.89636, 157.44650,
14.411170, 166.91123, 15.215757, 157.82448, 157.45107,
14.422600, 164.02451, 15.020678, 157.74229, 157.45183,
14.434030, 148.72821, 14.838777, 157.64931, 157.44858,
14.445460, 170.94930, 16.485785, 157.54510, 157.44112,
14.456890, 148.27576, 15.589695, 157.42924, 157.42924,
14.468320, 155.82128, 15.350061, 157.30155, 157.41282,
14.479740, 163.37164, 14.926303, 157.16309, 157.39209,
14.491160, 171.62787, 15.336261, 157.01495, 157.36733,
14.502580, 163.16344, 15.961390, 156.85833, 157.33883,
14.514000, 159.80863, 15.858822, 156.69440, 157.30689,
14.525420, 167.12242, 15.459569, 156.52434, 157.27179,
14.536830, 157.16953, 13.796475, 156.34951, 157.23387,
14.548240, 167.05208, 14.520210, 156.17092, 157.19337,
14.559650, 170.54123, 18.820412, 155.98973, 157.15059,
14.571060, 143.18216, 14.913460, 155.80715, 157.10582,
14.582470, 181.57210, 15.420875, 155.62433, 157.05935,
14.593870, 160.96715, 15.611083, 155.44259, 157.01149,
14.605270, 173.47553, 15.177960, 155.26295, 156.96251,
14.616670, 156.39940, 14.434340, 155.08659, 156.91270,
14.628070, 178.93859, 17.875172, 154.91466, 156.86232,
14.639470, 141.08789, 14.900660, 154.74835, 156.81167,
14.650860, 166.79818, 15.103485, 154.58896, 156.76109,
14.662260, 166.14771, 15.085489, 154.43740, 156.71076,
14.673650, 174.37303, 15.886999, 154.29511, 156.66106,
14.685040, 154.23125, 16.144154, 154.16313, 156.61224,
14.696420, 156.60719, 16.687931, 154.04277, 156.56462,
14.707810, 156.75066, 16.147268, 153.93499, 156.51839,
14.719190, 162.71174, 17.365763, 153.84119, 156.47394,
14.730570, 130.48375, 17.994509, 153.76247, 156.43150,
14.741950, 154.06952, 17.689571, 153.70004, 156.39136,
14.753330, 160.72915, 17.895327, 153.65513, 156.35381,
14.764700, 177.11384, 18.594038, 153.62896, 156.31915,
14.776080, 178.31012, 18.100348, 153.62274, 156.28763,
14.787450, 157.58280, 17.991615, 153.63770, 156.25957,
14.798820, 169.99347, 20.051567, 153.67510, 156.23525,
14.810190, 160.60818, 19.720406, 153.73620, 156.21494,
14.821550, 158.40748, 19.649622, 153.82217, 156.19895,
14.832920, 150.50056, 19.199467, 153.93446, 156.18754,
14.844280, 161.17711, 19.263248, 154.07416, 156.18102,
14.855640, 165.06147, 21.094532, 154.24267, 156.17967,
14.866990, 172.50013, 21.392786, 154.44112, 156.18377,
14.878350, 161.66924, 20.937416, 154.67119, 156.19363,
14.889710, 156.44819, 19.975742, 154.93408, 156.20954,
14.901060, 175.89215, 20.531870, 155.23085, 156.23177,
14.912410, 169.64687, 21.607542, 155.56311, 156.26062,
14.923760, 135.64169, 21.039314, 155.93229, 156.29640,
14.935100, 150.08191, 22.792669, 156.33935, 156.33935,
14.946450, 148.36346, 22.413513, 156.78600, 156.38979,
14.957790, 177.96280, 23.003981, 157.27026, 156.44759,
14.969130, 172.16074, 23.990318, 157.79082, 156.51268,
14.980470, 140.32760, 23.192726, 158.34614, 156.58498,
14.991810, 168.99672, 26.083763, 158.93458, 156.66438,
15.003140, 159.46487, 25.627892, 159.55401, 156.75071,
15.014480, 190.19050, 25.684204, 160.20383, 156.84400,
15.025810, 158.42149, 25.857048, 160.88149, 156.94402,
15.037140, 180.50930, 26.305729, 161.58587, 157.05074,
15.048460, 185.15350, 29.569546, 162.31487, 157.16398,
15.059790, 160.43155, 28.094553, 163.06818, 157.28382,
15.071110, 133.35238, 27.479738, 163.84303, 157.40998,
15.082440, 119.68988, 20.204159, 164.63930, 157.54260,
15.093750, 167.38883, 17.789478, 165.45325, 157.68121,
15.105070, 184.26633, 19.098358, 166.28564, 157.82609,
15.116390, 172.52228, 19.707060, 167.13425, 157.97705,
15.127700, 158.76309, 20.008417, 167.99682, 158.13383,
15.139020, 171.69923, 21.405407, 168.87349, 158.29666,
15.150330, 154.06380, 20.835396, 169.76117, 158.46514,
15.162390, 189.56510, 23.028831, 170.71918, 158.65111,
15.174730, 179.91340, 21.860636, 171.70987, 158.84804,
15.187070, 158.75785, 21.768387, 172.70916, 159.05156,
15.199410, 164.64337, 23.533539, 173.71535, 159.26160,
15.211740, 164.88298, 23.348106, 174.72559, 159.47784,
15.224080, 164.55047, 21.300564, 175.73988, 159.70059,
15.236410, 170.69106, 19.983032, 176.75458, 159.92935,
15.248740, 188.84480, 20.288643, 177.76872, 160.16421,
15.261060, 181.80359, 21.860729, 178.77960, 160.40487,
15.273390, 174.84790, 20.586624, 179.78708, 160.65164,
15.285710, 206.74763, 21.112415, 180.78769, 160.90403,
15.298030, 173.44129, 18.248222, 181.78029, 161.16213,
15.310350, 182.04592, 18.538355, 182.76318, 161.42587,
15.322660, 179.74521, 19.520378, 183.73361, 161.69492,
15.334980, 175.03270, 20.225302, 184.69131, 161.96963,
15.347290, 188.76300, 20.598829, 185.63291, 162.24949,
15.359600, 187.04420, 18.656267, 186.55729, 162.53461,
15.371900, 175.99510, 18.388540, 187.46181, 162.82468,
15.384210, 169.28023, 19.240292, 188.34613, 163.12009,
15.396510, 190.06261, 20.541599, 189.20689, 163.42029,
15.408810, 196.37390, 22.362192, 190.04281, 163.72539,
15.421110, 184.00550, 20.068184, 190.85211, 164.03538,
15.433410, 182.40210, 18.802044, 191.63270, 164.35011,
15.445700, 182.79421, 18.728003, 192.38267, 164.66929,
15.457990, 212.58779, 20.416750, 193.10334, 164.99308,
15.470280, 197.96333, 21.330057, 193.79592, 165.32140,
15.482570, 157.87337, 18.609924, 194.46164, 165.65418,
15.494860, 188.13120, 18.034107, 195.10167, 165.99135,
15.507140, 188.75434, 17.465990, 195.71674, 166.33257,
15.519420, 177.39449, 17.282703, 196.30846, 166.67799,
15.531700, 256.28058, 19.707804, 196.87808, 167.02760,
15.543980, 472.30720, 24.104420, 197.42665, 167.38128,
15.556260, 541.83978, 24.160961, 197.95538, 167.73901,
15.568530, 279.36644, 18.278284, 198.46491, 168.10038,
15.580800, 192.94690, 16.400206, 198.95681, 168.46563,
15.593070, 192.20056, 17.666327, 199.43217, 168.83469,
15.605340, 210.18157, 18.756474, 199.89207, 169.20750,
15.617600, 186.88550, 17.360409, 200.33725, 169.58370,
15.629860, 200.29833, 16.840498, 200.76910, 169.96348,
15.642120, 193.91160, 16.243576, 201.18874, 170.34683,
15.654380, 173.18137, 16.486088, 201.59717, 170.73364,
15.666640, 173.71476, 16.656170, 201.99550, 171.12391,
15.678890, 188.49629, 17.264366, 202.38439, 171.51719,
15.691140, 187.86575, 16.208193, 202.76522, 171.91377,
15.703390, 165.22361, 14.480821, 203.13903, 172.31358,
15.715640, 184.35788, 15.845584, 203.50683, 172.71657,
15.727890, 185.75369, 16.484953, 203.86966, 173.12267,
15.740130, 202.76461, 17.674656, 204.22823, 173.53151,
15.752370, 194.41457, 16.922031, 204.58383, 173.94332,
15.764610, 195.12317, 16.245058, 204.93753, 174.35809,
15.776850, 205.11118, 17.271015, 205.29027, 174.77572,
15.789090, 202.04905, 17.440817, 205.64312, 175.19620,
15.801320, 214.00224, 18.566132, 205.99676, 175.61909,
15.813550, 205.46144, 19.757998, 206.35251, 176.04470,
15.825780, 205.77303, 18.872749, 206.71136, 176.47296,
15.838010, 192.88948, 18.628086, 207.07433, 176.90383,
15.850230, 206.90771, 19.249956, 207.44214, 177.33692,
15.862450, 218.66174, 20.451445, 207.81606, 177.77246,
15.874670, 206.87455, 21.903397, 208.19717, 178.21049,
15.886890, 185.75111, 20.883238, 208.58645, 178.65091,
15.899110, 219.91550, 22.589092, 208.98489, 179.09365,
15.911320, 191.41643, 20.117725, 209.39324, 179.53832,
15.923540, 216.11968, 21.751905, 209.81321, 179.98562,
15.935750, 221.21784, 23.177649, 210.24510, 180.43474,
15.947960, 209.96023, 23.209789, 210.69032, 180.88599,
15.960160, 179.12052, 22.047861, 211.14956, 181.33898,
15.972370, 244.81722, 24.254599, 211.62459, 181.79438,
15.984570, 184.18002, 21.818296, 212.11571, 182.25138,
15.996770, 196.23936, 22.200050, 212.62443, 182.71036,
16.008961, 237.16730, 24.665211, 213.15137, 183.17089,
16.021160, 210.99262, 24.324116, 213.69842, 183.63360,
16.033350, 222.27658, 24.830048, 214.26586, 184.09776,
16.045549, 189.10785, 22.285244, 214.85569, 184.56404,
16.057739, 196.49675, 23.662102, 215.46812, 185.03168,
16.069920, 210.40042, 24.484655, 216.10423, 185.50063,
16.082109, 222.63088, 25.045467, 216.76617, 185.97157,
16.094290, 211.96863, 25.564299, 217.45407, 186.44373,
16.106470, 229.55357, 26.948034, 218.16961, 186.91744,
16.118650, 199.04720, 26.701790, 218.91399, 187.39263,
16.130831, 208.14601, 26.402733, 219.68840, 187.86929,
16.143009, 199.44113, 26.204044, 220.49395, 188.34728,
16.155180, 239.54039, 28.881081, 221.33146, 188.82633,
16.167351, 228.09810, 32.648125, 222.20267, 189.30672,
16.179520, 279.82978, 32.168259, 223.10873, 189.78831,
16.191681, 277.04378, 29.854507, 224.05044, 190.27085,
16.203850, 242.64053, 31.524462, 225.03031, 190.75489,
16.216009, 222.42049, 31.617262, 226.04826, 191.23971,
16.228170, 235.23249, 37.489983, 227.10657, 191.72572,
16.240330, 235.00322, 35.046761, 228.20629, 192.21274,
16.252489, 242.51907, 36.253620, 229.34896, 192.70079,
16.264641, 208.72535, 34.070549, 230.53524, 193.18954,
16.276791, 211.75283, 37.283813, 231.76600, 193.67917,
16.288950, 254.67573, 40.269497, 233.03849, 194.17010,
16.301090, 206.71911, 47.929718, 234.34468, 194.66114,
16.313240, 261.38800, 46.439674, 235.68264, 195.15341,
16.325380, 261.89584, 50.673904, 237.04530, 195.64609,
16.337530, 302.31033, 35.077263, 238.42987, 196.13992,
16.349670, 283.62422, 29.502037, 239.82924, 196.63409,
16.361799, 274.40523, 28.538036, 241.23826, 197.12848,
16.373940, 296.11160, 35.197472, 242.65466, 197.62398,
16.386070, 255.31931, 31.980860, 244.07112, 198.11970,
16.398211, 308.80040, 34.385582, 245.48494, 198.61638,
16.410339, 271.77149, 29.944183, 246.88880, 199.11312,
16.422461, 324.62876, 32.388245, 248.27826, 199.61005,
16.434589, 324.37674, 36.001637, 249.65017, 200.10775,
16.446711, 296.75281, 33.864147, 250.99790, 200.60555,
16.458839, 262.14217, 29.835468, 252.31821, 201.10406,
16.470961, 286.17246, 35.360077, 253.60450, 201.60259,
16.483070, 301.58083, 35.286636, 254.85152, 202.10096,
16.495190, 342.30829, 49.049324, 256.05646, 202.60000,
16.500280, 297.98479, 27.529446, 256.54854, 202.80969,
16.513599, 296.07909, 25.740120, 257.79318, 203.35849,
16.526911, 283.08616, 23.292418, 258.96989, 203.90720,
16.540211, 288.54312, 23.865473, 260.07177, 204.45560,
16.553520, 262.41178, 23.566502, 261.09384, 205.00451,
16.566820, 269.60761, 24.200214, 262.02783, 205.55310,
16.580120, 260.33176, 23.413504, 262.86765, 206.10171,
16.593420, 261.77241, 21.697094, 263.60639, 206.65029,
16.606710, 282.02589, 22.690430, 264.23668, 207.19840,
16.620001, 232.36610, 21.458879, 264.75204, 207.74639,
16.633301, 272.02598, 24.230257, 265.14562, 208.29460,
16.646589, 274.55628, 25.265699, 265.40964, 208.84212,
16.659870, 265.53585, 23.354153, 265.53719, 209.38905,
16.673149, 230.77626, 21.287077, 265.52114, 209.93559,
16.686440, 262.85605, 20.696945, 265.35389, 210.48223,
16.699711, 261.66347, 21.252346, 265.03374, 211.02767,
16.712990, 305.93784, 23.460110, 264.57918, 211.57296,
16.726271, 273.95898, 22.591516, 264.01445, 212.11782,
16.739540, 291.71828, 21.779430, 263.36431, 212.66164,
16.752810, 283.63748, 20.476915, 262.65233, 213.20486,
16.766081, 271.81686, 19.784748, 261.90236, 213.74750,
16.779341, 279.49563, 20.764431, 261.13911, 214.28896,
16.792601, 283.91374, 22.202225, 260.38583, 214.82966,
16.805870, 286.29418, 22.878960, 259.66590, 215.36994,
16.819120, 257.19622, 21.438875, 259.00472, 215.90860,
16.832380, 263.44995, 19.621672, 258.42475, 216.44673,
16.845631, 250.23108, 18.284172, 257.95078, 216.98353,
16.858891, 239.14837, 18.550547, 257.60618, 217.51970,
16.872141, 272.20652, 20.552818, 257.40960, 218.05443,
16.885380, 262.99498, 20.479149, 257.35515, 218.58760,
16.898630, 259.49105, 19.377033, 257.43132, 219.12007,
16.911869, 253.59246, 18.650742, 257.62665, 219.65087,
16.925110, 298.78824, 19.744576, 257.92995, 220.18049,
16.938351, 281.09049, 20.296776, 258.33002, 220.70880,
16.951580, 256.27113, 20.720072, 258.81528, 221.23529,
16.964821, 274.52017, 22.230545, 259.37552, 221.76082,
16.978050, 280.62013, 22.023361, 259.99878, 222.28443,
16.991270, 280.49847, 21.551504, 260.67405, 222.80615,
17.004499, 290.74574, 20.746592, 261.39139, 223.32668,
17.017719, 341.62294, 21.964268, 262.13891, 223.84520,
17.030951, 466.86302, 25.347679, 262.90693, 224.36250,
17.044161, 410.32703, 25.129820, 263.68271, 224.87724,
17.057381, 268.64523, 21.228485, 264.45722, 225.39057,
17.070601, 270.85197, 20.266800, 265.21907, 225.90206,
17.083811, 297.15804, 22.053829, 265.95690, 226.41129,
17.097019, 278.72864, 20.246912, 266.66033, 226.91849,
17.110229, 294.20165, 22.397055, 267.31873, 227.42376,
17.123430, 266.60258, 22.053944, 267.92069, 227.92660,
17.136641, 297.74573, 22.599495, 268.45618, 228.42768,
17.149839, 262.97774, 21.517551, 268.91343, 228.92616,
17.163040, 275.28469, 20.908369, 269.28199, 229.42247,
17.176229, 289.10754, 21.464474, 269.55058, 229.91606,
17.189430, 310.66733, 22.686405, 269.70856, 230.40773,
17.202620, 295.59671, 23.356272, 269.74451, 230.89657,
17.215811, 291.88323, 22.981777, 269.64737, 231.38300,
17.229000, 242.56522, 20.964235, 269.40586, 231.86684,
17.242180, 285.57860, 22.681335, 269.00892, 232.34774,
17.255369, 268.65891, 21.607635, 268.44881, 232.82633,
17.268551, 256.35865, 23.175768, 267.73609, 233.30193,
17.281719, 268.85633, 23.648468, 266.88551, 233.77428,
17.294901, 283.15845, 26.579245, 265.90931, 234.24427,
17.308069, 270.44730, 27.464546, 264.82337, 234.71088,
17.321251, 298.81592, 25.764433, 263.63931, 235.17500,
17.334410, 288.55722, 26.553150, 262.37423, 235.63528,
17.347580, 279.36637, 27.343685, 261.03862, 236.09287,
17.360750, 310.22659, 29.241703, 259.64720, 236.54729,
17.373911, 320.16619, 31.310352, 258.21463, 236.99816,
17.387070, 320.21135, 30.435062, 256.75370, 237.44566,
17.400230, 291.39252, 29.338795, 255.27753, 237.88987,
17.413380, 255.05247, 25.767305, 253.80114, 238.33025,
17.426540, 269.03769, 27.286707, 252.33547, 238.76751,
17.439690, 277.82882, 27.580496, 250.89660, 239.20082,
17.452841, 281.91155, 30.086916, 249.49656, 239.63055,
17.465981, 280.97042, 29.520422, 248.15025, 240.05618,
17.479130, 298.66138, 30.668579, 246.86909, 240.47833,
17.492270, 270.47020, 28.817749, 245.66852, 240.89632,
17.505409, 263.52419, 28.476303, 244.56124, 241.31036,
17.518551, 290.70427, 31.561546, 243.56081, 241.72045,
17.531679, 324.68818, 34.724525, 242.68198, 242.12603,
17.544821, 224.45404, 31.104727, 241.93682, 242.52786,
17.557949, 219.71246, 30.515888, 241.34073, 242.92503,
17.571079, 209.32680, 31.094231, 240.90316, 243.31793,
17.584200, 228.52215, 31.912857, 240.62022, 243.70615,
17.597330, 310.25963, 34.080303, 240.48377, 244.09016,
17.610451, 314.74942, 35.469238, 240.48643, 244.46932,
17.623569, 241.48273, 33.178513, 240.62048, 244.84378,
17.636690, 270.13088, 46.985756, 240.87854, 245.21356,
17.649799, 245.09833, 38.590687, 241.25288, 245.57819,
17.662910, 275.11381, 41.640694, 241.73647, 245.93798,
17.676029, 229.03199, 36.040413, 242.32245, 246.29298,
17.689131, 242.51683, 46.371017, 243.00247, 246.64243,
17.702240, 236.36597, 47.837852, 243.77064, 246.98692,
17.715349, 289.68025, 47.998150, 244.61958, 247.32614,
17.728451, 233.45875, 47.828423, 245.54177, 247.65981,
17.741550, 252.01843, 44.155197, 246.53062, 247.98799,
17.754641, 289.88121, 34.013901, 247.57862, 248.31039,
17.767740, 275.48269, 29.418304, 248.68047, 248.62740,
17.780830, 239.58766, 33.632015, 249.82779, 248.93844,
17.793921, 253.42303, 31.355633, 251.01462, 249.24365,
17.807011, 290.34538, 29.979599, 252.23422, 249.54294,
17.820101, 274.08242, 33.055531, 253.47991, 249.83620,
17.833179, 284.20128, 32.561749, 254.74387, 250.12307,
17.846270, 248.19595, 30.347523, 256.02166, 250.40396,
17.859341, 265.67088, 30.838655, 257.30363, 250.67810,
17.872419, 278.62705, 36.431549, 258.58575, 250.94597,
17.885500, 293.58879, 40.463295, 259.86082, 251.20732,
17.898569, 277.23172, 39.292671, 261.12090, 251.46179,
17.911640, 267.17367, 38.532558, 262.36064, 251.70952,
17.924709, 255.52341, 36.746086, 263.57302, 251.95035,
17.937780, 200.20834, 64.518692, 264.75173, 252.18421,
17.941250, 296.04689, 29.499975, 265.05806, 252.24509,
17.955721, 221.23379, 26.738380, 266.30216, 252.49358,
17.970181, 285.98972, 28.664076, 267.48432, 252.73297,
17.984650, 286.25089, 28.234425, 268.59711, 252.96344,
17.999109, 273.63915, 28.028557, 269.62982, 253.18452,
18.013571, 247.38926, 27.541506, 270.57407, 253.39623,
18.028021, 278.42634, 27.153370, 271.41975, 253.59820,
18.042480, 259.61575, 25.790316, 272.15867, 253.79055,
18.056931, 293.57554, 25.846710, 272.78040, 253.97287,
18.071381, 294.65831, 26.438032, 273.27589, 254.14508,
18.085819, 290.46416, 28.159531, 273.63523, 254.30690,
18.100269, 243.60680, 28.313828, 273.84926, 254.45839,
18.114710, 254.60180, 28.188147, 273.91102, 254.59915,
18.129150, 285.91521, 26.805582, 273.82705, 254.72907,
18.143579, 285.05990, 25.099251, 273.60708, 254.84789,
18.158020, 277.90304, 23.776730, 273.26016, 254.95558,
18.172449, 295.13033, 26.506426, 272.79611, 255.05179,
18.186880, 267.51206, 26.559029, 272.22382, 255.13640,
18.201300, 238.66708, 25.928173, 271.55302, 255.20915,
18.215719, 266.86826, 25.512930, 270.79232, 255.26989,
18.230150, 282.21247, 24.591141, 269.94997, 255.31845,
18.244560, 284.66650, 24.511797, 269.03681, 255.35452,
18.258980, 252.31661, 23.697741, 268.05983, 255.37796,
18.273390, 264.42601, 24.664692, 267.02910, 255.38853,
18.287800, 275.04077, 25.441971, 265.95270, 255.38600,
18.302210, 281.31555, 25.158947, 264.83934, 255.37017,
18.316620, 270.78697, 23.610662, 263.69766, 255.34079,
18.331020, 281.64182, 23.299126, 262.53710, 255.29765,
18.345421, 266.07236, 23.771544, 261.36551, 255.24050,
18.359819, 274.87692, 24.923645, 260.19164, 255.16911,
18.374210, 262.79090, 27.962305, 259.02455, 255.08327,
18.388611, 231.05495, 26.557529, 257.87145, 254.98262,
18.403000, 272.04550, 25.382463, 256.74261, 254.86705,
18.417379, 249.81079, 23.649788, 255.64644, 254.73633,
18.431770, 221.62694, 21.850414, 254.58998, 254.58998,
18.446150, 240.21560, 21.795383, 253.58181, 254.42808,
18.460529, 289.25110, 25.227146, 252.62097, 254.25070,
18.474911, 238.03687, 24.908066, 251.70551, 254.05811,
18.489281, 321.03409, 27.465067, 250.83445, 253.85078,
18.503660, 288.76512, 25.367916, 250.00476, 253.62868,
18.518030, 281.06307, 24.597725, 249.21582, 253.39239,
18.532391, 279.36054, 23.031002, 248.46585, 253.14221,
18.546761, 276.13480, 23.503525, 247.75220, 252.87806,
18.561119, 288.07904, 24.892036, 247.07428, 252.60060,
18.575480, 247.03186, 25.601915, 246.42980, 252.30983,
18.589840, 259.04721, 25.774666, 245.81730, 252.00606,
18.604191, 282.37099, 25.360298, 245.23558, 251.68973,
18.618549, 263.51167, 24.695698, 244.68241, 251.36073,
18.632900, 280.92618, 24.697453, 244.15687, 251.01963,
18.647240, 285.02970, 27.167839, 243.65757, 250.66681,
18.661591, 283.19216, 28.328922, 243.18223, 250.30192,
18.675930, 371.27856, 30.915815, 242.73017, 249.92578,
18.690269, 476.20197, 32.487801, 242.29958, 249.53834,
18.704611, 876.47952, 39.462704, 241.88897, 249.13976,
18.718941, 800.04734, 35.292618, 241.49733, 248.73065,
18.733271, 389.97840, 27.214163, 241.12293, 248.31091,
18.747601, 246.89285, 25.129761, 240.76440, 247.88076,
18.761930, 281.25674, 29.079227, 240.42039, 247.44042,
18.776260, 245.85511, 28.990013, 240.08956, 246.99008,
18.790581, 276.81690, 29.465883, 239.77076, 246.53027,
18.804899, 300.20741, 28.786940, 239.46250, 246.06095,
18.819220, 301.47024, 27.972160, 239.16338, 245.58221,
18.833530, 312.76336, 28.606201, 238.87232, 245.09463,
18.847839, 297.82321, 27.340729, 238.58785, 244.59816,
18.862150, 276.35808, 29.824728, 238.30860, 244.09286,
18.876459, 298.63947, 33.112236, 238.03336, 243.57905,
18.890770, 324.89348, 32.726860, 237.76076, 243.05679,
18.905069, 302.93629, 32.472267, 237.48977, 242.52676,
18.919371, 308.81571, 31.397173, 237.21884, 241.98864,
18.933670, 319.78240, 32.857998, 236.94677, 241.44278,
18.947960, 330.51731, 37.472282, 236.67242, 240.88964,
18.962250, 295.79388, 36.937172, 236.39433, 240.32904,
18.976540, 300.89280, 37.374245, 236.11121, 239.76116,
18.990829, 326.32785, 38.903854, 235.82177, 239.18617,
19.005119, 296.57734, 35.217930, 235.52471, 238.60423,
19.019400, 292.70774, 32.532177, 235.21894, 238.01592,
19.033680, 270.82000, 31.432089, 234.90297, 237.42100,
19.047960, 286.44659, 35.118073, 234.57548, 236.81966,
19.062229, 332.46264, 39.973206, 234.23542, 236.21253,
19.076500, 302.62685, 47.577347, 233.88117, 235.59922,
19.090771, 277.28253, 37.827034, 233.51143, 234.97996,
19.105040, 300.54570, 40.306095, 233.12490, 234.35500,
19.119310, 311.01694, 40.484375, 232.72012, 233.72432,
19.133570, 267.30781, 36.286461, 232.29612, 233.08868,
19.147829, 274.28635, 38.874413, 231.85118, 232.44772,
19.162090, 250.05623, 42.580750, 231.38385, 231.80151,
19.176340, 223.12948, 44.404491, 230.89316, 231.15081,
19.190599, 192.74108, 48.569847, 230.37697, 230.49480,
19.204849, 184.58453, 49.192917, 229.83451, 229.83451,
19.219101, 251.35350, 43.972477, 229.26447, 229.16953,
19.233339, 297.36395, 42.642918, 228.66889, 228.50063,
19.247580, 279.59426, 51.305824, 228.04911, 227.82708,
19.261820, 291.95127, 41.878754, 227.40715, 227.14900,
19.276060, 266.87368, 49.519005, 226.74492, 226.46639,
19.290300, 326.82536, 48.916542, 226.06433, 225.77925,
19.304529, 294.48126, 55.168793, 225.36783, 225.08815,
19.318760, 296.59918, 55.624748, 224.65665, 224.39244,
19.332991, 349.03854, 56.344906, 223.93276, 223.69222,
19.347219, 347.26505, 55.640923, 223.19809, 222.98758,
19.361441, 326.11323, 55.753815, 222.45481, 222.27882,
19.375660, 319.40685, 60.979004, 221.70445, 221.56564,
19.389879, 232.88408, 55.701317, 220.94874, 220.84796,
19.404100, 331.75762, 62.854271, 220.18941, 220.12566,
19.418310, 245.63275, 59.187321, 219.42898, 219.39943,
19.432520, 218.66868, 61.876122, 218.66868, 218.66868,
