# wave, flux, fluxerr, continuum, continuum_plateau
9.9725246, 1985.3292, 32.837479, 1985.3292, 1985.3292,
9.9806166, 2006.4628, 35.412033, 1979.5559, 1979.5503,
9.9887066, 2006.3898, 32.585724, 1974.0443, 1974.0228,
9.9967957, 1989.7032, 31.363277, 1968.7965, 1968.7498,
10.004880, 2046.5260, 32.788761, 1963.8173, 1963.7374,
10.012970, 2082.9496, 32.978596, 1959.1030, 1958.9830,
10.021050, 2006.2374, 29.823036, 1954.6653, 1954.4992,
10.029140, 2008.9089, 30.987646, 1950.4965, 1950.2795,
10.037220, 2107.0771, 34.392517, 1946.6099, 1946.3380,
10.045300, 2138.1095, 32.264977, 1943.0029, 1942.6732,
10.053380, 2010.1514, 29.911453, 1939.6782, 1939.2887,
10.061460, 1971.3033, 32.012474, 1936.6398, 1936.1891,
10.069540, 1977.6695, 31.390499, 1933.8903, 1933.3779,
10.077610, 1976.5256, 28.756645, 1931.4361, 1930.8625,
10.085690, 2036.5879, 30.129244, 1929.2747, 1928.6407,
10.093760, 1962.3994, 31.314835, 1927.4145, 1926.7219,
10.101830, 2002.1571, 28.936251, 1925.8563, 1925.1074,
10.109900, 2120.1350, 28.606110, 1924.6036, 1923.8012,
10.117970, 2016.5995, 29.461861, 1923.6601, 1922.8077,
10.126040, 2016.2132, 29.337208, 1923.0297, 1922.1310,
10.134100, 2035.2129, 27.646856, 1922.7161, 1921.7757,
10.142170, 1979.1241, 27.972759, 1922.7224, 1921.7449,
10.150230, 1986.0421, 29.654949, 1923.0527, 1922.0431,
10.158300, 2039.0616, 29.128017, 1923.7117, 1922.6754,
10.166360, 2059.7797, 27.518332, 1924.7017, 1923.6444,
10.174420, 2000.4123, 28.844582, 1926.0279, 1924.9553,
10.182470, 2029.0721, 29.559793, 1927.6919, 1926.6100,
10.190530, 2029.8355, 29.420658, 1929.7020, 1928.6169,
10.198590, 2071.9172, 27.828836, 1932.0613, 1930.9790,
10.206640, 2002.4203, 29.617035, 1934.7703, 1933.6969,
10.214690, 2086.8355, 29.596258, 1937.8363, 1936.7779,
10.222750, 1989.4311, 27.261982, 1941.2682, 1940.2308,
10.230800, 1954.5162, 28.685644, 1945.0627, 1944.0519,
10.238850, 2010.9402, 30.661888, 1949.2284, 1948.2499,
10.246890, 2050.8993, 29.062466, 1953.7645, 1952.8235,
10.254940, 2002.3813, 28.378752, 1958.6869, 1957.7884,
10.262990, 2020.3747, 31.266645, 1963.9953, 1963.1440,
10.271030, 2094.9173, 32.218548, 1969.6881, 1968.8881,
10.279070, 2201.5633, 31.829018, 1975.7757, 1975.0306,
10.287120, 2006.5521, 30.970287, 1982.2729, 1981.5859,
10.295150, 2034.9913, 33.333755, 1989.1597, 1988.5333,
10.303190, 2138.3377, 32.505241, 1996.4671, 1995.9031,
10.311230, 2045.7532, 30.431805, 2004.1911, 2003.6906,
10.319270, 2058.8104, 32.768188, 2012.3391, 2011.9026,
10.327300, 2077.1750, 34.584976, 2020.9047, 2020.5314,
10.335340, 2090.5219, 32.748459, 2029.9149, 2029.6037,
10.343370, 2079.0286, 30.001274, 2039.3557, 2039.1040,
10.351400, 1995.2548, 34.526894, 2049.2412, 2049.0457,
10.359430, 2120.9912, 35.699425, 2059.5788, 2059.4348,
10.367460, 2068.9405, 33.327404, 2070.3748, 2070.2767,
10.375480, 2110.3522, 39.345657, 2081.6206, 2081.5614,
10.383510, 2025.8439, 43.037312, 2093.3521, 2093.3235,
10.391530, 2067.4694, 43.011566, 2105.5467, 2105.5392,
10.399560, 2092.1895, 33.618408, 2118.2402, 2118.2428,
10.407580, 2161.3693, 28.127701, 2131.4093, 2131.4093,
10.415600, 2112.5769, 28.806293, 2145.0707, 2145.0545,
10.423620, 2223.4415, 29.907154, 2159.2176, 2159.1725,
10.431640, 2338.4983, 29.785263, 2173.8335, 2173.7482,
10.439650, 2239.1690, 29.434055, 2188.8887, 2188.7532,
10.447670, 2296.4067, 30.496666, 2204.4079, 2204.2134,
10.455680, 2197.6772, 28.892622, 2220.3377, 2220.0765,
10.463700, 2285.5987, 29.060404, 2236.7069, 2236.3725,
10.471710, 2219.4712, 30.866573, 2253.4600, 2253.0471,
10.479720, 2332.3056, 32.153881, 2270.6057, 2270.1097,
10.487730, 2513.6973, 31.592974, 2288.1313, 2287.5487,
10.495730, 3444.9433, 35.496529, 2306.0031, 2305.3313,
10.503740, 6805.0642, 54.897125, 2324.2513, 2323.4883,
10.511750, 7532.0088, 57.587151, 2342.8426, 2341.9872,
10.519750, 4077.6855, 39.731262, 2361.7399, 2360.7918,
10.527750, 2480.3945, 38.402863, 2380.9575, 2379.9170,
10.535750, 2513.6577, 43.702827, 2400.4814, 2399.3493,
10.543750, 2569.1802, 44.016197, 2420.2972, 2419.0749,
10.551750, 2614.2284, 46.436096, 2440.3978, 2439.0873,
10.559750, 2613.5970, 49.753208, 2460.7667, 2459.3704,
10.567850, 2893.1964, 34.467285, 2481.6569, 2480.1766,
10.576350, 2938.7747, 34.012554, 2503.8500, 2502.2852,
10.584840, 3043.0826, 34.520050, 2526.2806, 2524.6354,
10.593340, 2977.2090, 31.878031, 2548.9901, 2547.2691,
10.601830, 2910.8436, 31.392117, 2571.9091, 2570.1172,
10.610330, 2846.4918, 33.350384, 2595.0803, 2593.2226,
10.618820, 2906.3620, 33.444641, 2618.4357, 2616.5178,
10.627310, 2888.5019, 31.640570, 2641.9849, 2640.0126,
10.635800, 2833.0813, 32.449749, 2665.7199, 2663.6990,
10.644280, 2913.0296, 35.207428, 2689.5950, 2687.5317,
10.652770, 2817.5646, 33.302013, 2713.6530, 2711.5536,
10.661250, 2825.8825, 32.457592, 2737.8268, 2735.6977,
10.669740, 2830.7880, 34.556602, 2762.1574, 2760.0051,
10.678220, 2808.9756, 35.800423, 2786.5769, 2784.4080,
10.686700, 2873.2268, 34.239418, 2811.0994, 2808.9207,
10.695180, 2818.3550, 33.537041, 2835.7118, 2833.5299,
10.703650, 2874.7161, 35.923042, 2860.3732, 2858.1949,
10.712130, 2962.5550, 36.726837, 2885.1231, 2882.9552,
10.720600, 3084.0621, 34.774826, 2909.8985, 2907.7478,
10.729080, 3082.6656, 41.862663, 2934.7393, 2932.6126,
10.737550, 3154.0001, 37.402725, 2959.5737, 2957.4779,
10.746020, 3128.8900, 36.213882, 2984.4223, 2982.3642,
10.754490, 3121.2012, 34.307762, 3009.2665, 3007.2529,
10.762960, 3032.0878, 34.550426, 3034.0989, 3032.1366,
10.771420, 3000.5191, 36.494675, 3058.8702, 3056.9659,
10.779890, 3043.3298, 35.437641, 3083.6343, 3081.7951,
10.788350, 3100.5956, 35.095795, 3108.3142, 3106.5467,
10.796810, 3022.6712, 36.326992, 3132.9275, 3131.2387,
10.805270, 3039.0172, 38.028561, 3157.4613, 3155.8581,
10.813730, 3046.3567, 36.433178, 3181.9025, 3180.3918,
10.822190, 3013.5411, 35.821129, 3206.2380, 3204.8269,
10.830650, 2995.6139, 38.423069, 3230.4548, 3229.1504,
10.839100, 3134.6463, 39.904404, 3254.5100, 3253.3193,
10.847560, 3136.3786, 38.013889, 3278.4501, 3277.3807,
10.856010, 3041.0689, 37.588573, 3302.2053, 3301.2646,
10.864460, 3221.9017, 42.749321, 3325.7869, 3324.9824,
10.872910, 3281.4370, 43.586811, 3349.1842, 3348.5239,
10.881360, 3185.2859, 40.541431, 3372.3867, 3371.8787,
10.889800, 3290.5586, 42.672874, 3395.3499, 3395.0024,
10.898250, 3399.0784, 46.566887, 3418.1150, 3417.9369,
10.906690, 3408.9616, 46.483585, 3440.6173, 3440.6173,
10.915140, 3503.9561, 45.254478, 3462.8995, 3463.0871,
10.923580, 3600.5316, 49.581123, 3484.9081, 3485.2914,
10.932020, 3619.0489, 53.528023, 3506.6756, 3507.2619,
10.940460, 3829.5644, 53.094589, 3528.2066, 3529.0022,
10.948890, 3950.8117, 54.499023, 3549.4793, 3550.4893,
10.957330, 4084.5451, 59.174976, 3570.5511, 3571.7803,
10.965760, 4362.8068, 45.947006, 3591.3763, 3592.8281,
10.974200, 4723.2551, 44.129745, 3612.0065, 3613.6838,
10.982630, 5187.0848, 43.265842, 3632.3970, 3634.3016,
10.991060, 5516.4471, 46.596703, 3652.5802, 3654.7133,
10.999490, 5866.2101, 51.224892, 3672.5556, 3674.9177,
11.007920, 5805.2423, 49.725578, 3692.3319, 3694.9228,
11.016340, 5816.7767, 49.686779, 3711.8866, 3714.7052,
11.024770, 5676.7894, 50.223804, 3731.2703, 3734.3154,
11.033190, 5685.9677, 58.164028, 3750.4432, 3753.7124,
11.041610, 5550.6723, 57.515114, 3769.4311, 3772.9219,
11.050030, 5300.6369, 48.708950, 3788.2380, 3791.9471,
11.058450, 5233.2454, 52.211899, 3806.8676, 3810.7914,
11.066870, 5146.8985, 51.167160, 3825.3237, 3829.4581,
11.075290, 5143.0020, 52.204174, 3843.6101, 3847.9505,
11.083700, 5160.6790, 63.409889, 3861.7101, 3866.2511,
11.092120, 5094.5071, 54.116432, 3879.6682, 3884.4048,
11.100530, 5408.2939, 81.051933, 3897.4454, 3902.3715,
11.108940, 5374.2400, 73.257729, 3915.0697, 3920.1793,
11.117350, 5590.8123, 91.569611, 3932.5406, 3937.8272,
11.120570, 5869.3270, 50.364117, 3939.1921, 3944.5447,
11.129530, 6171.0593, 48.854591, 3957.5842, 3963.1152,
11.138500, 6686.0866, 49.882317, 3975.8353, 3981.5368,
11.147460, 7350.2515, 53.626793, 3993.9068, 3999.7703,
11.156430, 8824.5434, 59.455048, 4011.8450, 4017.8620,
11.165390, 10562.363, 61.317272, 4029.6120, 4035.7735,
11.174350, 12798.487, 65.879646, 4047.2327, 4053.5297,
11.183300, 15012.448, 74.400192, 4064.6926, 4071.1157,
11.192260, 16921.044, 79.173996, 4082.0327, 4088.5727,
11.201220, 17836.798, 77.652580, 4099.2382, 4105.8855,
11.210170, 17527.038, 76.161148, 4116.2947, 4123.0396,
11.219120, 17123.190, 79.421425, 4133.2243, 4140.0573,
11.228070, 16901.283, 79.341194, 4150.0308, 4156.9420,
11.237020, 16616.841, 74.234314, 4166.7160, 4173.6956,
11.245970, 16304.548, 74.415276, 4183.2871, 4190.3253,
11.254920, 15953.390, 76.605469, 4199.7459, 4206.8330,
11.263860, 15515.926, 75.355850, 4216.0769, 4223.2030,
11.272800, 15026.718, 71.316269, 4232.3046, 4239.4600,
11.281750, 14408.789, 71.119705, 4248.4463, 4255.6213,
11.290690, 13785.134, 71.720062, 4264.4743, 4271.6594,
11.299630, 13453.250, 70.746643, 4280.4060, 4287.5917,
11.308560, 12927.169, 67.307831, 4296.2297, 4303.4066,
11.317500, 12275.888, 66.221169, 4311.9824, 4319.1413,
11.326430, 11687.012, 67.360535, 4327.6340, 4334.7657,
11.335370, 11076.443, 64.843918, 4343.2211, 4350.3166,
11.344300, 10519.701, 61.082378, 4358.7139, 4365.7645,
11.353230, 10152.107, 60.278229, 4374.1321, 4381.1292,
11.362160, 9763.9217, 61.923622, 4389.4775, 4396.4127,
11.371080, 9375.2184, 59.527134, 4404.7402, 4411.6054,
11.380010, 9105.7114, 56.447639, 4419.9529, 4426.7399,
11.388930, 8758.4554, 55.937721, 4435.0894, 4441.7906,
11.397850, 8395.2002, 57.229263, 4450.1659, 4456.7739,
11.406780, 8145.4278, 55.817810, 4465.2049, 4471.7122,
11.415700, 7917.7982, 53.331276, 4480.1741, 4486.5738,
11.424610, 7658.6313, 53.596294, 4495.0784, 4501.3639,
11.433530, 7631.1136, 56.203087, 4509.9528, 4516.1174,
11.442450, 7294.4558, 54.426414, 4524.7843, 4530.8220,
11.451360, 7116.5622, 51.545429, 4539.5604, 4545.4653,
11.460270, 6884.5818, 52.403629, 4554.2998, 4560.0663,
11.469180, 6644.3636, 53.122482, 4569.0056, 4574.6284,
11.478090, 6605.4355, 54.065735, 4583.6808, 4589.1550,
11.487000, 6532.4324, 52.026184, 4598.3285, 4603.6493,
11.495910, 6362.9183, 53.049759, 4612.9501, 4618.1131,
11.504810, 6155.5325, 54.123909, 4627.5361, 4632.5375,
11.513710, 6181.6567, 55.395226, 4642.1020, 4646.9380,
11.522620, 6085.5532, 53.515968, 4656.6695, 4661.3365,
11.531520, 6028.6251, 54.532211, 4671.2073, 4675.7024,
11.540420, 5972.9376, 56.994877, 4685.7355, 4690.0560,
11.549310, 5980.5832, 58.384933, 4700.2415, 4704.3851,
11.558210, 5800.5835, 55.361050, 4714.7610, 4718.7253,
11.567100, 5787.5635, 56.145054, 4729.2611, 4733.0447,
11.576000, 5651.1688, 59.142590, 4743.7821, 4747.3833,
11.584890, 5599.4161, 60.310947, 4758.2912, 4761.7090,
11.593780, 5469.3399, 58.442318, 4772.8069, 4776.0406,
11.602670, 5343.0584, 58.082359, 4787.3353, 4790.3844,
11.611560, 5234.9615, 60.865059, 4801.8777, 4804.7422,
11.620440, 5265.0655, 62.967411, 4816.4201, 4819.1002,
11.629330, 5256.1531, 62.864540, 4830.9996, 4833.4956,
11.638210, 5203.1278, 62.952309, 4845.5864, 4847.8994,
11.647090, 5042.5603, 65.865051, 4860.1975, 4862.3286,
11.655970, 5150.6905, 69.519913, 4874.8375, 4876.7882,
11.664850, 5062.5940, 53.797729, 4889.5110, 4891.2828,
11.673730, 5014.6772, 41.106194, 4904.2177, 4905.8129,
11.682600, 5095.1177, 46.217285, 4918.9465, 4920.3674,
11.691480, 5034.5123, 46.095409, 4933.7320, 4934.9810,
11.700350, 4995.0354, 47.249031, 4948.5454, 4949.6256,
11.709220, 5122.5685, 49.874020, 4963.4057, 4964.3202,
11.718090, 5135.0983, 50.442196, 4978.3159, 4979.0681,
11.726960, 5084.8444, 52.542080, 4993.2790, 4993.8726,
11.735830, 5078.0852, 60.486698, 5008.2982, 5008.7369,
11.744690, 5068.7973, 55.903519, 5023.3586, 5023.6468,
11.753560, 5067.0689, 53.241722, 5038.4991, 5038.6408,
11.762420, 5026.8950, 54.182205, 5053.6869, 5053.6869,
11.771280, 4970.7616, 77.245651, 5068.9427, 5068.8056,
11.775020, 5134.9115, 48.837315, 5075.3995, 5075.2060,
11.784500, 5089.9751, 50.083920, 5091.8131, 5091.4803,
11.793980, 5159.5233, 49.681709, 5108.2796, 5107.8129,
11.803460, 5245.9095, 53.817806, 5124.7921, 5124.1968,
11.812940, 5217.1917, 46.938686, 5141.3371, 5140.6186,
11.822420, 5238.7883, 48.629936, 5157.9078, 5157.0712,
11.831890, 5321.3939, 48.973694, 5174.4740, 5173.5248,
11.841360, 5409.0384, 47.443741, 5191.0441, 5189.9874,
11.850840, 5409.0880, 46.272491, 5207.6245, 5206.4653,
11.860310, 5496.6869, 48.105610, 5224.1717, 5222.9153,
11.869770, 5553.3700, 48.565765, 5240.6759, 5239.3272,
11.879240, 5562.3879, 46.971779, 5257.1601, 5255.7242,
11.888710, 5652.8001, 46.051392, 5273.5975, 5272.0793,
11.898170, 5666.1740, 47.082565, 5289.9616, 5288.3661,
11.907630, 5773.6066, 48.400509, 5306.2572, 5304.5893,
11.917090, 5833.9439, 49.227440, 5322.4774, 5320.7421,
11.926550, 5792.4773, 46.469810, 5338.6088, 5336.8111,
11.936010, 5866.0556, 46.508205, 5354.6444, 5352.7892,
11.945470, 5959.8464, 48.238972, 5370.5708, 5368.6632,
11.954920, 6076.7584, 47.648602, 5386.3635, 5384.4087,
11.964370, 6076.2317, 46.467979, 5402.0282, 5400.0316,
11.973830, 6121.0816, 46.784576, 5417.5719, 5415.5387,
11.983280, 6119.8664, 48.348076, 5432.9497, 5430.8855,
11.992720, 6153.1639, 47.829502, 5448.1517, 5446.0624,
12.002170, 6124.2438, 46.662151, 5463.2013, 5461.0927,
12.011610, 6117.8606, 46.545712, 5478.0560, 5475.9344,
12.021060, 5998.4341, 47.760830, 5492.7353, 5490.6073,
12.030500, 5960.4166, 47.530602, 5507.1990, 5505.0715,
12.039940, 5930.9605, 46.690666, 5521.4498, 5519.3300,
12.049380, 5950.4896, 46.244446, 5535.4800, 5533.3756,
12.058820, 5936.4950, 48.372612, 5549.2759, 5547.1951,
12.068250, 6080.6856, 49.557556, 5562.8144, 5560.7658,
12.077690, 5990.2895, 47.944031, 5576.1133, 5574.1063,
12.087120, 5894.4528, 46.499088, 5589.1322, 5587.1765,
12.096550, 5821.3570, 47.973267, 5601.8747, 5599.9809,
12.105980, 5878.7202, 50.054264, 5614.3297, 5612.5091,
12.115410, 5891.7219, 49.864338, 5626.4860, 5624.7506,
12.124830, 5698.1844, 47.541504, 5638.3203, 5636.6829,
12.134260, 5782.9589, 49.372952, 5649.8451, 5648.3197,
12.143680, 5758.3096, 51.013626, 5661.0245, 5659.6258,
12.153100, 5851.6944, 52.126404, 5671.8609, 5670.6048,
12.162520, 5767.1904, 56.028198, 5682.3414, 5681.2448,
12.171940, 5791.1608, 50.854832, 5692.4531, 5691.5342,
12.181360, 5749.0457, 52.894104, 5702.1861, 5701.4644,
12.190770, 5765.0851, 54.171906, 5711.5170, 5711.0130,
12.200180, 5715.5462, 52.662731, 5720.4446, 5720.1806,
12.209600, 5708.3776, 52.752651, 5728.9660, 5728.9660,
12.219010, 5695.2804, 54.789986, 5737.0531, 5737.3415,
12.228420, 5760.5407, 56.687790, 5744.7205, 5745.3202,
12.237820, 5813.1140, 57.227993, 5751.9685, 5752.8999,
12.247230, 5879.5192, 56.807167, 5758.8215, 5760.1033,
12.256630, 5987.2940, 58.718075, 5765.2727, 5766.9209,
12.266040, 6338.1655, 63.449463, 5771.3429, 5773.3723,
12.275440, 7241.9585, 67.862442, 5777.0277, 5779.4501,
12.284840, 6848.5551, 66.436844, 5782.3402, 5785.1663,
12.294230, 6301.3269, 64.513824, 5787.2843, 5790.5223,
12.303630, 6295.6936, 84.195976, 5791.8763, 5795.5335,
12.313030, 6349.6510, 71.352554, 5796.1190, 5800.2009,
12.322420, 6442.9852, 77.393173, 5800.0150, 5804.5248,
12.331810, 6389.7796, 54.971062, 5803.5761, 5808.5160,
12.341200, 6436.9330, 46.426819, 5806.8091, 5812.1800,
12.350590, 6524.5939, 47.665382, 5809.7208, 5815.5222,
12.359980, 6895.2078, 50.996429, 5812.3179, 5818.5479,
12.369360, 7446.5654, 53.853184, 5814.6047, 5821.2598,
12.378750, 7141.9603, 54.069199, 5816.5922, 5823.6686,
12.388130, 6784.7253, 54.430820, 5818.2828, 5825.7748,
12.397510, 6685.4795, 54.031651, 5819.6847, 5827.5858,
12.406890, 6788.0831, 53.648880, 5820.8044, 5829.1071,
12.416270, 6921.3478, 55.645111, 5821.6478, 5830.3438,
12.425640, 6888.2228, 54.715347, 5822.2202, 5831.3000,
12.435020, 6899.6259, 56.628223, 5822.5289, 5831.9827,
12.444390, 6959.8757, 55.995567, 5822.5789, 5832.3955,
12.453760, 7031.3364, 53.978607, 5822.3765, 5832.5443,
12.463130, 7105.4926, 55.805458, 5821.9271, 5832.4339,
12.472500, 7284.2468, 61.764854, 5821.2364, 5832.0694,
12.481870, 7333.1604, 72.590836, 5820.3097, 5831.4554,
12.489420, 7507.9599, 58.923141, 5819.3950, 5830.7825,
12.499490, 7723.1769, 61.031384, 5817.9468, 5829.6423,
12.509550, 7899.9494, 60.361168, 5816.2455, 5828.2315,
12.519610, 7967.5070, 58.517166, 5814.2963, 5826.5550,
12.529670, 8010.6802, 58.223938, 5812.1055, 5824.6190,
12.539730, 8186.9369, 61.268032, 5809.6790, 5822.4287,
12.549780, 8301.9012, 65.893944, 5807.0261, 5819.9929,
12.559840, 8511.4964, 60.694069, 5804.1471, 5817.3121,
12.569890, 8688.6720, 59.081448, 5801.0541, 5814.3976,
12.579940, 8711.6828, 60.230305, 5797.7500, 5811.2525,
12.589990, 8936.9146, 63.119553, 5794.2405, 5807.8824,
12.600040, 9163.5995, 61.142700, 5790.5311, 5804.2924,
12.610090, 9224.8646, 59.474129, 5786.6281, 5800.4888,
12.620130, 9311.5975, 64.773270, 5782.5409, 5796.4812,
12.630170, 9305.1776, 61.189781, 5778.2708, 5792.2706,
12.640210, 9399.5570, 61.923439, 5773.8234, 5787.8631,
12.650250, 9295.8097, 59.274540, 5769.2042, 5783.2639,
12.660290, 9255.2271, 58.534184, 5764.4189, 5778.4789,
12.670330, 9314.4976, 59.526199, 5759.4717, 5773.5127,
12.680360, 9504.4660, 61.016308, 5754.3737, 5768.3764,
12.690390, 9785.7582, 60.262665, 5749.1249, 5763.0704,
12.700420, 10349.336, 61.077301, 5743.7298, 5757.5993,
12.710450, 10514.728, 61.964649, 5738.1943, 5751.9695,
12.720480, 10313.477, 63.495026, 5732.5230, 5746.1856,
12.730500, 10248.430, 70.164024, 5726.7262, 5740.2587,
12.740530, 10098.499, 60.190304, 5720.7977, 5734.1826,
12.750550, 10044.475, 58.863449, 5714.7536, 5727.9741,
12.760570, 9915.6085, 60.222733, 5708.5936, 5721.6333,
12.770590, 10090.232, 61.290314, 5702.3212, 5715.1639,
12.780610, 10264.874, 67.205559, 5695.9417, 5708.5719,
12.790620, 11653.890, 68.352119, 5689.4664, 5701.8692,
12.800640, 22749.585, 88.644615, 5682.8863, 5695.0471,
12.810650, 50343.606, 137.15828, 5676.2198, 5688.1247,
12.820660, 32198.935, 109.23886, 5669.4644, 5681.1001,
12.830670, 10878.691, 60.066925, 5662.6240, 5673.9776,
12.840680, 8391.0512, 54.786880, 5655.7043, 5666.7636,
12.850680, 7895.9530, 54.575653, 5648.7157, 5659.4693,
12.860690, 7558.7068, 54.691895, 5641.6492, 5652.0859,
12.870690, 7239.9504, 52.673409, 5634.5226, 5644.6324,
12.880690, 6988.3396, 51.172073, 5627.3342, 5637.1074,
12.890690, 6729.9818, 50.880589, 5620.0869, 5629.5145,
12.900680, 6543.3919, 51.654942, 5612.7932, 5621.8673,
12.910680, 6601.8433, 52.316944, 5605.4422, 5614.1547,
12.920670, 6518.6458, 50.781410, 5598.0535, 5606.3979,
12.930670, 6130.7861, 49.443394, 5590.6156, 5598.5853,
12.940660, 6029.4642, 50.844742, 5583.1477, 5590.7376,
12.950640, 5963.4343, 52.425591, 5575.6555, 5582.8612,
12.960630, 5854.0867, 51.269653, 5568.1258, 5574.9430,
12.970620, 5785.0623, 50.658150, 5560.5722, 5566.9975,
12.980600, 5762.2663, 51.265717, 5553.0053, 5559.0366,
12.990580, 5728.3221, 53.447517, 5545.4227, 5551.0582,
13.000560, 5548.0809, 52.446255, 5537.8270, 5543.0656,
13.010540, 5618.3755, 52.977444, 5530.2231, 5535.0646,
13.020520, 5544.6192, 52.186676, 5522.6150, 5527.0598,
13.030490, 5547.8861, 54.350937, 5515.0149, 5519.0646,
13.040470, 5533.5938, 56.114578, 5507.4108, 5511.0670,
13.050440, 5538.2029, 57.050167, 5499.8228, 5503.0887,
13.060410, 5513.4748, 56.254333, 5492.2469, 5495.1259,
13.070380, 5459.2488, 56.439533, 5484.6866, 5487.1829,
13.080350, 5438.1888, 59.273300, 5477.1473, 5479.2660,
13.090310, 5445.0046, 60.822746, 5469.6396, 5471.3867,
13.100280, 5473.2442, 61.468941, 5462.1533, 5463.5348,
13.110240, 5444.4396, 60.989494, 5454.7067, 5455.7302,
13.120200, 5442.4028, 62.910248, 5447.2968, 5447.9702,
13.130160, 5434.3695, 65.510368, 5439.9278, 5440.2597,
13.140110, 5463.7146, 53.422241, 5432.6114, 5432.6114,
13.150070, 5434.1577, 42.561653, 5425.3360, 5425.0137,
13.160020, 5388.4124, 42.758152, 5418.1191, 5417.4851,
13.169980, 5356.9662, 46.202183, 5410.9473, 5410.0117,
13.179930, 5429.7405, 46.995235, 5403.8374, 5402.6113,
13.189870, 5446.5011, 48.264015, 5396.7905, 5395.2851,
13.199820, 5502.4813, 48.694180, 5389.7950, 5388.0211,
13.209770, 5384.5301, 46.975609, 5382.8587, 5380.8276,
13.219710, 5351.5001, 46.184578, 5375.9916, 5373.7150,
13.229650, 5360.1344, 47.596458, 5369.1887, 5366.6784,
13.239590, 5361.3301, 48.224457, 5362.4508, 5359.7185,
13.249530, 5304.3837, 47.465714, 5355.7805, 5352.8381,
13.259470, 5226.6444, 46.312244, 5349.1797, 5346.0394,
13.269410, 5414.7810, 50.042961, 5342.6505, 5339.3243,
13.279340, 5480.8271, 54.224937, 5336.2016, 5332.7022,
13.289270, 5380.0384, 53.535435, 5329.8276, 5326.1672,
13.299200, 5466.8609, 59.884567, 5323.5318, 5319.7228,
13.309130, 5364.2310, 59.221886, 5317.3157, 5313.3706,
13.318260, 5482.0646, 48.921173, 5311.6720, 5307.6129,
13.328980, 5486.9834, 46.911617, 5305.1363, 5300.9567,
13.339690, 5462.0703, 47.140083, 5298.7072, 5294.4219,
13.350400, 5390.9357, 47.814266, 5292.3812, 5288.0048,
13.361120, 5491.8106, 47.668472, 5286.1550, 5281.7020,
13.371830, 5482.1747, 45.226212, 5280.0438, 5275.5286,
13.382530, 5413.9321, 44.002975, 5274.0496, 5269.4867,
13.393240, 5435.1102, 45.492378, 5268.1647, 5263.5682,
13.403940, 5497.4407, 46.315907, 5262.4026, 5257.7867,
13.414650, 5481.5024, 51.829697, 5256.7561, 5252.1346,
13.425350, 5478.5087, 44.884010, 5251.2384, 5246.6250,
13.436050, 5512.6534, 43.995430, 5245.8475, 5241.2558,
13.446740, 5511.1717, 44.568253, 5240.5919, 5236.0348,
13.457440, 5546.2768, 45.752213, 5235.4643, 5230.9549,
13.468130, 5580.9983, 44.078735, 5230.4783, 5226.0290,
13.478830, 5600.1148, 43.407879, 5225.6274, 5221.2505,
13.489520, 5550.0846, 43.191956, 5220.9245, 5216.6317,
13.500200, 5593.7862, 44.773621, 5216.3724, 5212.1749,
13.510890, 5668.9014, 44.678596, 5211.9664, 5207.8751,
13.521570, 5793.9694, 44.252716, 5207.7181, 5203.7432,
13.532260, 5862.1859, 43.435242, 5203.6235, 5199.7750,
13.542940, 5887.0588, 44.063099, 5199.6937, 5195.9806,
13.553620, 5867.6258, 45.679176, 5195.9287, 5192.3597,
13.564290, 5809.9666, 45.069981, 5192.3359, 5188.9186,
13.574970, 5740.5348, 43.702103, 5188.9122, 5185.6540,
13.585640, 5710.4232, 42.606045, 5185.6682, 5182.5754,
13.596320, 5693.2722, 44.040924, 5182.6018, 5179.6801,
13.606990, 5692.9354, 45.091927, 5179.7230, 5176.9771,
13.617650, 5634.2604, 44.975067, 5177.0354, 5174.4690,
13.628320, 5548.9450, 43.313698, 5174.5384, 5172.1546,
13.638980, 5560.5639, 43.667866, 5172.2408, 5170.0414,
13.649650, 5471.7018, 44.166039, 5170.1431, 5168.1292,
13.660310, 5541.8151, 45.778793, 5168.2535, 5166.4247,
13.670970, 5386.3292, 48.967903, 5166.5746, 5164.9298,
13.681630, 5437.1849, 43.842407, 5165.1113, 5163.6478,
13.692280, 5404.4176, 44.423092, 5163.8693, 5162.5832,
13.702940, 5393.8900, 44.811359, 5162.8512, 5161.7377,
13.713590, 5359.3722, 46.121849, 5162.0640, 5161.1163,
13.724240, 5301.0624, 44.792763, 5161.5114, 5160.7219,
13.734890, 5274.1024, 44.076744, 5161.1989, 5160.5581,
13.745530, 5266.9259, 44.093159, 5161.1315, 5160.6285,
13.756180, 5206.5367, 44.828629, 5161.3146, 5160.9369,
13.766820, 5186.2008, 46.072151, 5161.7531, 5161.4865,
13.777460, 5307.9696, 46.934982, 5162.4528, 5162.2813,
13.788100, 5160.1978, 44.070930, 5163.4193, 5163.3253,
13.798740, 5145.1433, 44.591766, 5164.6584, 5164.6222,
13.809380, 5128.4055, 46.117737, 5166.1758, 5166.1758,
13.820010, 5216.8336, 47.029358, 5167.9735, 5167.9867,
13.830640, 5180.2987, 46.788368, 5170.0456, 5170.0503,
13.841270, 5218.7859, 46.307495, 5172.3833, 5172.3595,
13.851900, 5181.6130, 46.404724, 5174.9772, 5174.9065,
13.862530, 5092.5665, 56.077896, 5177.8183, 5177.6839,
13.873150, 5220.6748, 49.758820, 5180.8950, 5180.6818,
13.883780, 5165.6106, 48.996407, 5184.2040, 5183.8981,
13.894400, 5237.6473, 49.113773, 5187.7307, 5187.3198,
13.905020, 5189.0179, 49.677197, 5191.4693, 5190.9424,
13.915640, 5245.3192, 51.805527, 5195.4114, 5194.7588,
13.926250, 5321.4030, 53.269329, 5199.5447, 5198.7581,
13.936870, 5428.6423, 54.294891, 5203.8681, 5202.9399,
13.947480, 5363.0711, 52.040245, 5208.3661, 5207.2904,
13.958090, 5466.6275, 55.235764, 5213.0338, 5211.8054,
13.968700, 5480.1477, 56.636452, 5217.8638, 5216.4787,
13.979310, 5455.4916, 58.279545, 5222.8472, 5221.3023,
13.989910, 5405.7169, 56.983234, 5227.9718, 5226.2652,
14.000520, 5400.2513, 56.795219, 5233.2390, 5231.3694,
14.011120, 5425.2697, 59.952576, 5238.6315, 5236.5986,
14.021720, 5417.7113, 62.509609, 5244.1462, 5241.9506,
14.032320, 5397.2480, 64.650116, 5249.7753, 5247.4183,
14.042920, 5365.6289, 62.248631, 5255.5113, 5252.9950,
14.053510, 5398.2415, 64.441284, 5261.3405, 5258.6680,
14.064110, 5470.1521, 65.858826, 5267.2671, 5264.4419,
14.074700, 5303.2901, 70.501617, 5273.2723, 5270.2987,
14.085290, 5308.4090, 72.743896, 5279.3534, 5276.2365,
14.095870, 5358.2995, 51.882618, 5285.4978, 5282.2434,
14.106460, 5508.2782, 43.785660, 5291.7092, 5288.3234,
14.117040, 5536.5360, 43.830212, 5297.9690, 5294.4590,
14.127630, 5483.6956, 46.073841, 5304.2817, 5300.6549,
14.138210, 5584.5889, 48.696877, 5310.6275, 5306.8922,
14.148790, 5642.8349, 50.031742, 5317.0053, 5313.1702,
14.159370, 5771.7165, 50.166779, 5323.4076, 5319.4822,
14.169940, 5773.2947, 50.605865, 5329.8209, 5325.8152,
14.180520, 5939.4813, 88.807251, 5336.2507, 5332.1750,
14.182090, 6037.8855, 51.927116, 5337.2050, 5333.1199,
14.193560, 6051.7345, 50.163830, 5344.1781, 5340.0317,
14.205030, 6044.5227, 51.394413, 5351.1443, 5346.9505,
14.216500, 6085.4806, 53.682884, 5358.0934, 5353.8669,
14.227970, 6059.2484, 53.108810, 5365.0165, 5360.7727,
14.239430, 5974.0226, 50.458069, 5371.8986, 5367.6538,
14.250890, 5868.4284, 48.752975, 5378.7356, 5374.5068,
14.262350, 5805.2289, 50.520008, 5385.5193, 5381.3242,
14.273810, 5702.7839, 51.008392, 5392.2399, 5388.0971,
14.285270, 5807.5096, 52.354561, 5398.8872, 5394.8162,
14.296730, 5680.1526, 49.203362, 5405.4532, 5401.4742,
14.308180, 5572.3869, 47.570969, 5411.9217, 5408.0559,
14.319630, 5533.1850, 47.960808, 5418.2895, 5414.5588,
14.331080, 5624.8834, 49.701775, 5424.5474, 5420.9750,
14.342530, 5621.0298, 49.055534, 5430.6849, 5427.2948,
14.353970, 5729.3935, 46.159355, 5436.6874, 5433.5045,
14.365410, 5926.0234, 45.697117, 5442.5514, 5439.6018,
14.376860, 5707.0010, 44.701965, 5448.2714, 5445.5825,
14.388300, 5476.4141, 45.302269, 5453.8280, 5451.4280,
14.399730, 5567.9642, 45.490932, 5459.2112, 5457.1295,
14.411170, 5452.5807, 42.437912, 5464.4211, 5462.6887,
14.422600, 5470.7116, 41.738415, 5469.4380, 5468.0868,
14.434030, 5477.3726, 41.464500, 5474.2566, 5473.3203,
14.445460, 5504.8244, 43.701607, 5478.8672, 5478.3807,
14.456890, 5469.4264, 42.886559, 5483.2585, 5483.2585,
14.468320, 5460.2679, 41.895760, 5487.4256, 5487.9491,
14.479740, 5504.4015, 40.976875, 5491.3791, 5492.4587,
14.491160, 5470.9214, 41.060638, 5495.1412, 5496.8051,
14.502580, 5492.9293, 43.223999, 5498.7300, 5501.0017,
14.514000, 5457.9233, 43.415794, 5502.1648, 5505.0627,
14.525420, 5498.1021, 42.873829, 5505.4634, 5509.0015,
14.536830, 5524.1851, 40.884609, 5508.6415, 5512.8282,
14.548240, 5443.0498, 41.391914, 5511.7202, 5516.5600,
14.559650, 5488.5537, 47.596500, 5514.7181, 5520.2109,
14.571060, 5514.2897, 44.759560, 5517.6526, 5523.7936,
14.582470, 5572.6794, 44.273888, 5520.5422, 5527.3221,
14.593870, 5543.1053, 46.356678, 5523.4026, 5530.8069,
14.605270, 5565.3359, 45.439365, 5526.2541, 5534.2645,
14.616670, 5506.6342, 44.250229, 5529.1147, 5537.7081,
14.628070, 5568.3932, 49.394180, 5532.0026, 5541.1517,
14.639470, 5525.1183, 46.179020, 5534.9359, 5544.6084,
14.650860, 5572.2990, 42.889812, 5537.9296, 5548.0885,
14.662260, 5567.8720, 42.853714, 5541.0074, 5551.6119,
14.673650, 5582.6757, 43.269367, 5544.1817, 5555.1855,
14.685040, 5564.5462, 44.572582, 5547.4737, 5558.8263,
14.696420, 5636.6244, 44.867233, 5550.8978, 5562.5437,
14.707810, 5598.1905, 43.576290, 5554.4791, 5566.3586,
14.719190, 5648.1546, 43.796288, 5558.2286, 5570.2768,
14.730570, 5587.8637, 43.384567, 5562.1686, 5574.3160,
14.741950, 5654.4374, 46.011784, 5566.3172, 5578.4893,
14.753330, 5639.2299, 45.819599, 5570.6929, 5582.8101,
14.764700, 5666.2897, 45.247704, 5575.3100, 5587.2879,
14.776080, 5627.9780, 44.690285, 5580.1957, 5591.9445,
14.787450, 5712.7848, 45.638489, 5585.3599, 5596.7848,
14.798820, 5689.2905, 47.986549, 5590.8259, 5601.8267,
14.810190, 5653.4255, 47.961750, 5596.6133, 5607.0842,
14.821550, 5678.3389, 48.034050, 5602.7351, 5612.5655,
14.832920, 5681.5434, 48.210239, 5609.2214, 5618.2939,
14.844280, 5651.0047, 47.729691, 5616.0810, 5624.2735,
14.855640, 5761.7978, 51.821198, 5623.3387, 5630.5227,
14.866990, 5685.5525, 51.949360, 5631.0073, 5637.0492,
14.878350, 5626.5577, 52.126495, 5639.1210, 5643.8790,
14.889710, 5716.3386, 52.478828, 5647.6931, 5651.0200,
14.901060, 5641.8843, 51.774506, 5656.7356, 5658.4792,
14.912410, 5601.9560, 53.565086, 5666.2770, 5666.2770,
14.923760, 5625.9377, 55.896507, 5676.3324, 5674.4250,
14.935100, 5745.2681, 59.074772, 5686.8792, 5682.9123,
14.946450, 5782.1165, 58.769886, 5697.9214, 5691.7517,
14.957790, 5761.7052, 58.242599, 5709.4205, 5700.9216,
14.969130, 5769.2461, 59.559830, 5721.3689, 5710.4248,
14.980470, 5789.3394, 64.309151, 5733.7517, 5720.2586,
14.991810, 5867.1123, 62.562519, 5746.5518, 5730.4180,
15.003140, 5950.2973, 62.690018, 5759.7415, 5740.8897,
15.014480, 5870.8837, 59.938156, 5773.3259, 5751.6863,
15.025810, 5865.8836, 61.284149, 5787.2686, 5762.7874,
15.037140, 5771.6303, 60.952492, 5801.5630, 5774.1960,
15.048460, 5793.3285, 64.179565, 5816.1822, 5785.8991,
15.059790, 5796.5998, 64.257500, 5831.1357, 5797.9125,
15.071110, 5787.6426, 62.547745, 5846.3830, 5810.2120,
15.082440, 5780.1055, 48.045906, 5861.9362, 5822.8157,
15.093750, 5729.1708, 39.933941, 5877.7369, 5835.6843,
15.105070, 5827.6832, 42.040432, 5893.8140, 5848.8496,
15.116390, 5855.1898, 43.901260, 5910.1383, 5862.2960,
15.127700, 5806.4674, 44.258972, 5926.6800, 5876.0072,
15.139020, 5852.4024, 46.745758, 5943.4553, 5890.0050,
15.150330, 5874.4167, 46.402752, 5960.4190, 5904.2600,
15.162390, 5871.0260, 56.774445, 5978.7170, 5919.7545,
15.174730, 5902.6140, 55.213203, 5997.6459, 5935.9186,
15.187070, 5903.4401, 55.327332, 6016.7632, 5952.3901,
15.199410, 5864.9781, 57.322853, 6036.0539, 5969.1671,
15.211740, 5914.4149, 56.521103, 6055.4804, 5986.2282,
15.224080, 5972.2676, 54.898468, 6075.0610, 6003.6009,
15.236410, 5937.1705, 51.942760, 6094.7431, 6021.2502,
15.248740, 6019.3917, 52.688831, 6114.5258, 6039.1867,
15.261060, 6122.7750, 56.939430, 6134.3745, 6057.3908,
15.273390, 6065.6090, 57.072056, 6154.3055, 6075.8896,
15.285710, 6168.2261, 58.462090, 6174.2689, 6094.6492,
15.298030, 6173.3753, 54.351555, 6194.2611, 6113.6784,
15.310350, 6098.3670, 52.643894, 6214.2678, 6132.9765,
15.322660, 6178.5246, 54.315826, 6234.2530, 6152.5216,
15.334980, 6152.9977, 54.551754, 6254.2318, 6172.3417,
15.347290, 6185.0438, 54.562145, 6274.1559, 6192.4026,
15.359600, 6222.8912, 51.247799, 6294.0234, 6212.7161,
15.371900, 6241.0702, 50.120285, 6313.7999, 6233.2609,
15.384210, 6350.8813, 52.046112, 6333.5018, 6254.0688,
15.396510, 6486.3717, 53.767353, 6353.0794, 6275.1025,
15.408810, 6553.5834, 56.488007, 6372.5291, 6296.3732,
15.421110, 6452.9250, 52.823032, 6391.8362, 6317.8807,
15.433410, 6288.6672, 50.055347, 6410.9800, 6339.6186,
15.445700, 6352.5363, 50.739906, 6429.9357, 6361.5682,
15.457990, 6407.1883, 52.789917, 6448.7307, 6383.7431,
15.470280, 6547.4814, 56.803810, 6467.3835, 6406.1404,
15.482570, 6605.5784, 55.251438, 6485.9124, 6428.7570,
15.494860, 6738.2806, 54.448315, 6504.3357, 6451.5898,
15.507140, 6873.8729, 54.109268, 6522.6576, 6474.6181,
15.519420, 7513.6638, 56.123070, 6540.9092, 6497.8546,
15.531700, 10270.724, 65.951805, 6559.1114, 6521.3003,
15.543980, 29958.094, 108.76070, 6577.2795, 6544.9486,
15.556260, 43810.940, 130.06438, 6595.4344, 6568.8005,
15.568530, 19255.060, 80.229149, 6613.5772, 6592.8308,
15.580800, 7674.2086, 49.496208, 6631.7416, 6617.0570,
15.593070, 6799.0728, 49.245811, 6649.9456, 6641.4767,
15.605340, 6843.6030, 49.759384, 6668.2073, 6666.0872,
15.617600, 6904.0298, 49.010181, 6686.5304, 6690.8666,
15.629860, 6921.0122, 46.941017, 6704.9458, 6715.8294,
15.642120, 6842.7409, 45.231808, 6723.4746, 6740.9772,
15.654380, 6813.2436, 46.528305, 6742.1321, 6766.3036,
15.666640, 6820.6048, 47.791878, 6760.9394, 6791.8100,
15.678890, 6855.6911, 48.977333, 6779.8972, 6817.4702,
15.691140, 6970.0636, 48.661240, 6799.0399, 6843.3036,
15.703390, 7068.4097, 47.112152, 6818.3861, 6869.3079,
15.715640, 7120.7904, 48.932922, 6837.9543, 6895.4808,
15.727890, 7103.2656, 50.465130, 6857.7634, 6921.8202,
15.740130, 7057.8111, 51.872700, 6877.8164, 6948.3032,
15.752370, 7004.7322, 50.678974, 6898.1461, 6974.9459,
15.764610, 7111.9098, 48.862148, 6918.7748, 7001.7505,
15.776850, 7166.6732, 49.313229, 6939.7185, 7028.7107,
15.789090, 7180.7127, 49.307465, 6961.0000, 7055.8286,
15.801320, 7104.4001, 50.170464, 6982.6186, 7083.0768,
15.813550, 7252.3517, 52.815647, 7004.6122, 7110.4763,
15.825780, 7286.7101, 51.377506, 7027.0007, 7138.0253,
15.838010, 7314.5098, 51.229218, 7049.8045, 7165.7219,
15.850230, 7356.2751, 51.714046, 7073.0256, 7193.5423,
15.862450, 7388.9115, 52.996265, 7096.7004, 7221.5042,
15.874670, 7429.5942, 56.671333, 7120.8535, 7249.6101,
15.886890, 7442.1629, 56.790737, 7145.5042, 7277.8559,
15.899110, 7687.7939, 59.301529, 7170.6719, 7306.2377,
15.911320, 7432.3961, 56.679214, 7196.3599, 7334.7338,
15.923540, 7545.1208, 59.217964, 7222.6324, 7363.3890,
15.935750, 7496.0035, 62.024452, 7249.4665, 7392.1526,
15.947960, 7494.3148, 64.029800, 7276.9071, 7421.0474,
15.960160, 7393.7501, 63.573158, 7304.9549, 7450.0491,
15.972370, 7524.4785, 65.021126, 7333.6768, 7479.2015,
15.984570, 7689.4752, 63.338520, 7363.0493, 7508.4551,
15.996770, 7743.1251, 62.976097, 7393.1231, 7537.8358,
16.008961, 7706.4515, 63.845917, 7423.8956, 7567.3165,
16.021160, 7974.6357, 65.258865, 7455.4373, 7596.9397,
16.033350, 7920.0575, 65.028038, 7487.7262, 7626.6598,
16.045549, 7709.2012, 61.702377, 7520.8383, 7656.5219,
16.057739, 7879.5701, 61.875366, 7554.7476, 7686.4779,
16.069920, 7821.8858, 63.150978, 7589.4786, 7716.5262,
16.082109, 7698.7642, 63.135597, 7625.1122, 7746.7124,
16.094290, 7641.2850, 63.881271, 7661.6200, 7776.9880,
16.106470, 7705.5777, 68.816330, 7699.0571, 7807.3752,
16.118650, 7859.6360, 67.484901, 7737.4516, 7837.8728,
16.130831, 7718.0960, 64.168991, 7776.8323, 7868.4794,
16.143009, 7693.8823, 65.814880, 7817.2219, 7899.1890,
16.155180, 7819.9789, 68.792412, 7858.6299, 7929.9858,
16.167351, 7853.7835, 74.494377, 7901.1116, 7960.8878,
16.179520, 7959.6882, 73.961250, 7944.6909, 7991.8890,
16.191681, 7863.4159, 71.905365, 7989.3773, 8022.9735,
16.203850, 8009.9055, 76.638947, 8035.2589, 8054.1791,
16.216009, 7989.0682, 76.845627, 8082.3034, 8085.4608,
16.228170, 8116.5388, 83.368065, 8130.5870, 8116.8468,
16.240330, 8011.6218, 79.993187, 8180.1285, 8148.3260,
16.252489, 8301.6714, 82.534042, 8230.9700, 8179.9025,
16.264641, 8197.1932, 80.096832, 8283.0876, 8211.5552,
16.276791, 8527.8246, 85.666962, 8336.4114, 8243.2980,
16.288950, 8343.3719, 84.478790, 8390.8741, 8275.1598,
16.301090, 8649.1303, 96.817001, 8446.2287, 8307.0646,
16.313240, 8864.2628, 95.745430, 8502.4875, 8339.0865,
16.325380, 8964.9857, 100.21538, 8559.4454, 8371.1742,
16.337530, 9457.8753, 72.592567, 8617.0759, 8403.3773,
16.349670, 9466.2124, 62.090622, 8675.1726, 8435.6444,
16.361799, 9646.1966, 62.022881, 8733.6099, 8467.9692,
16.373940, 10275.470, 70.836403, 8792.3829, 8500.4118,
16.386070, 10610.482, 70.758347, 8851.2751, 8532.9154,
16.398211, 11041.079, 74.397896, 8910.2644, 8565.5303,
16.410339, 10996.787, 71.651718, 8969.1341, 8598.1993,
16.422461, 11065.752, 74.224205, 9027.7882, 8630.9316,
16.434589, 11228.368, 80.479897, 9086.1858, 8663.7676,
16.446711, 11094.402, 78.891304, 9144.1389, 8696.6654,
16.458839, 11092.815, 70.834396, 9201.6051, 8729.6655,
16.470961, 10898.830, 81.229889, 9258.3971, 8762.7258,
16.483070, 10568.176, 75.416435, 9314.3831, 8795.8348,
16.495190, 10418.183, 101.08909, 9369.5443, 8829.0494,
16.500280, 10946.304, 84.082726, 9392.4277, 8843.0247,
16.513599, 10661.092, 78.886673, 9451.4127, 8879.6541,
16.526911, 10298.017, 71.794144, 9508.9602, 8916.3564,
16.540211, 10114.988, 72.622162, 9564.9009, 8953.1200,
16.553520, 10007.738, 72.302422, 9619.1664, 8990.0020,
16.566820, 10001.109, 72.079697, 9671.5210, 9026.9488,
16.580120, 9964.3780, 72.861244, 9721.8451, 9063.9860,
16.593420, 9668.8625, 64.075447, 9769.9783, 9101.1128,
16.606710, 9876.1641, 64.134720, 9815.7271, 9138.3018,
16.620001, 9807.1748, 63.640976, 9859.0290, 9175.5789,
16.633301, 9762.0562, 64.764954, 9900.0741, 9212.9702,
16.646589, 10039.281, 68.599350, 9939.0237, 9250.4161,
16.659870, 10110.217, 67.458740, 9976.1171, 9287.9264,
16.673149, 10098.556, 65.561600, 10011.595, 9325.5166,
16.686440, 10238.479, 65.634232, 10045.712, 9363.2240,
16.699711, 10271.291, 67.376183, 10078.611, 9400.9613,
16.712990, 10336.634, 71.315842, 10110.581, 9438.8039,
16.726271, 10384.735, 70.605408, 10141.824, 9476.7349,
16.739540, 10411.098, 66.393112, 10172.529, 9514.7156,
16.752810, 10319.090, 62.251289, 10202.940, 9552.7781,
16.766081, 10357.739, 59.926743, 10233.280, 9590.9275,
16.779341, 10373.830, 60.578613, 10263.735, 9629.1248,
16.792601, 10346.634, 62.858887, 10294.548, 9667.4025,
16.805870, 10414.519, 63.530334, 10325.960, 9705.7876,
16.819120, 10461.151, 68.540588, 10358.119, 9744.1971,
16.832380, 10665.456, 64.037209, 10391.312, 9782.7132,
16.845631, 10379.594, 63.073647, 10425.710, 9821.2803,
16.858891, 10239.922, 60.858799, 10461.582, 9859.9536,
16.872141, 10521.266, 65.650055, 10499.032, 9898.6770,
16.885380, 10501.672, 66.144730, 10537.951, 9937.4445,
16.898630, 10585.351, 64.153305, 10578.242, 9976.3229,
16.911869, 10433.922, 59.975109, 10619.673, 10015.245,
16.925110, 10604.194, 59.423534, 10662.122, 10054.249,
16.938351, 10622.634, 60.442177, 10705.423, 10093.329,
16.951580, 10537.584, 61.653778, 10749.375, 10132.452,
16.964821, 10636.913, 63.796989, 10793.895, 10171.685,
16.978050, 10802.603, 63.318573, 10838.747, 10210.960,
16.991270, 11072.377, 63.851719, 10883.776, 10250.281,
17.004499, 10985.421, 61.928028, 10928.889, 10289.707,
17.017719, 11330.775, 64.477615, 10973.861, 10329.180,
17.030951, 12176.058, 70.617851, 11018.605, 10368.761,
17.044161, 11963.183, 73.690826, 11062.852, 10408.355,
17.057381, 11372.389, 71.706566, 11106.547, 10448.053,
17.070601, 11376.885, 67.924438, 11149.496, 10487.825,
17.083811, 11622.816, 67.840759, 11191.511, 10527.643,
17.097019, 11303.144, 63.381119, 11232.455, 10567.531,
17.110229, 11477.579, 66.032204, 11272.180, 10607.498,
17.123430, 11335.201, 66.392334, 11310.491, 10647.512,
17.136641, 11432.919, 65.746933, 11347.280, 10687.629,
17.149839, 11461.177, 64.211464, 11382.326, 10727.786,
17.163040, 11312.738, 66.079895, 11415.502, 10768.024,
17.176229, 11373.453, 66.372353, 11446.611, 10808.301,
17.189430, 11501.338, 66.882256, 11475.590, 10848.689,
17.202620, 11584.349, 70.357040, 11502.475, 10889.116,
17.215811, 11640.063, 71.982437, 11527.429, 10929.624,
17.229000, 11601.266, 71.414009, 11550.577, 10970.202,
17.242180, 11829.534, 71.258774, 11572.040, 11010.826,
17.255369, 11809.521, 71.730377, 11591.979, 11051.554,
17.268551, 11739.805, 73.001640, 11610.498, 11092.335,
17.281719, 11763.420, 71.330650, 11627.721, 11133.150,
17.294901, 12163.496, 76.250076, 11643.809, 11174.083,
17.308069, 12614.551, 80.633209, 11658.858, 11215.051,
17.321251, 12270.345, 73.339630, 11673.023, 11256.137,
17.334410, 12680.400, 76.062691, 11686.392, 11297.228,
17.347580, 12902.564, 79.854919, 11699.126, 11338.432,
17.360750, 12997.089, 83.067062, 11711.337, 11379.714,
17.373911, 13126.051, 88.208435, 11723.142, 11421.044,
17.387070, 13100.314, 88.972511, 11734.671, 11462.446,
17.400230, 13139.991, 91.585114, 11746.051, 11503.933,
17.413380, 12675.762, 85.666336, 11757.394, 11545.462,
17.426540, 12886.513, 86.882706, 11768.843, 11587.107,
17.439690, 12478.082, 83.136353, 11780.501, 11628.795,
17.452841, 12547.682, 86.491440, 11792.503, 11670.570,
17.465981, 12358.113, 84.437302, 11804.961, 11712.388,
17.479130, 12456.116, 84.009552, 11818.017, 11754.319,
17.492270, 12334.827, 81.842255, 11831.777, 11796.300,
17.505409, 11912.129, 79.082550, 11846.374, 11838.364,
17.518551, 12159.343, 82.425629, 11861.935, 11880.516,
17.531679, 12066.648, 85.285637, 11878.566, 11922.708,
17.544821, 11969.939, 87.611420, 11896.428, 11965.027,
17.557949, 11791.259, 87.177109, 11915.610, 12007.388,
17.571079, 12109.931, 91.064827, 11936.261, 12049.840,
17.584200, 11827.946, 90.429962, 11958.461, 12092.346,
17.597330, 11982.232, 93.843452, 11982.223, 12134.969,
17.610451, 11787.341, 93.787003, 12007.467, 12177.649,
17.623569, 12048.858, 95.820984, 12034.162, 12220.409,
17.636690, 12574.618, 110.33594, 12062.269, 12263.264,
17.649799, 11974.494, 98.990677, 12091.717, 12306.171,
17.662910, 12008.008, 100.19189, 12122.491, 12349.174,
17.676029, 12547.187, 97.760956, 12154.564, 12392.292,
17.689131, 12685.175, 109.27438, 12187.833, 12435.445,
17.702240, 12446.015, 112.14234, 12222.321, 12478.715,
17.715349, 12244.163, 108.89581, 12257.969, 12522.078,
17.728451, 12313.801, 112.77282, 12294.717, 12565.509,
17.741550, 12450.467, 103.00021, 12332.541, 12609.029,
17.754641, 12869.677, 83.353531, 12371.382, 12652.613,
17.767740, 12586.633, 76.835007, 12411.260, 12696.325,
17.780830, 12922.511, 87.017189, 12452.081, 12740.102,
17.793921, 12669.436, 79.498245, 12493.838, 12783.977,
17.807011, 12495.097, 73.514915, 12536.498, 12827.952,
17.820101, 12847.224, 78.620514, 12580.025, 12872.027,
17.833179, 12756.231, 74.688187, 12624.349, 12916.165,
17.846270, 12733.743, 72.276329, 12669.512, 12960.444,
17.859341, 12772.568, 73.030647, 12715.378, 13004.762,
17.872419, 13378.311, 81.171379, 12762.007, 13049.210,
17.885500, 13724.456, 87.082306, 12809.348, 13093.770,
17.898569, 13542.181, 87.537865, 12857.322, 13138.398,
17.911640, 13088.421, 84.880257, 12905.945, 13183.140,
17.924709, 12940.412, 83.327888, 12955.175, 13227.985,
17.937780, 13422.139, 134.05058, 13004.994, 13272.947,
17.941250, 13199.120, 85.904129, 13018.312, 13284.900,
17.955721, 13139.693, 82.649216, 13074.271, 13334.841,
17.970181, 13244.521, 84.474167, 13130.815, 13384.881,
17.984650, 13339.705, 85.677078, 13187.987, 13435.095,
17.999109, 13234.494, 88.583549, 13245.676, 13485.418,
18.013571, 13537.754, 93.722298, 13303.888, 13535.892,
18.028021, 13432.623, 87.948067, 13362.531, 13586.473,
18.042480, 13651.836, 85.168594, 13421.654, 13637.235,
18.056931, 13432.883, 80.464066, 13481.143, 13688.114,
18.071381, 13501.311, 80.080757, 13540.999, 13739.145,
18.085819, 13430.406, 82.147331, 13601.141, 13790.290,
18.100269, 13688.558, 86.263962, 13661.638, 13841.631,
18.114710, 14108.446, 89.703835, 13722.378, 13893.097,
18.129150, 14002.720, 87.609978, 13783.374, 13944.723,
18.143579, 14094.780, 86.292229, 13844.556, 13996.472,
18.158020, 13804.556, 82.534409, 13905.995, 14048.426,
18.172449, 14200.818, 85.645821, 13967.570, 14100.507,
18.186880, 14191.737, 85.557388, 14029.315, 14152.764,
18.201300, 14210.630, 84.681961, 14091.149, 14205.151,
18.215719, 14031.371, 80.883026, 14153.096, 14257.713,
18.230150, 14071.130, 77.664749, 14215.183, 14310.494,
18.244560, 14302.677, 77.828117, 14277.247, 14363.377,
18.258980, 14294.806, 79.525574, 14339.397, 14416.478,
18.273390, 14510.469, 84.982681, 14401.526, 14469.728,
18.287800, 14625.025, 89.151924, 14463.652, 14523.166,
18.302210, 14636.653, 87.182304, 14525.753, 14576.793,
18.316620, 14698.782, 82.006538, 14587.806, 14630.614,
18.331020, 14541.724, 77.323517, 14649.745, 14684.595,
18.345421, 14952.607, 79.548935, 14711.590, 14738.774,
18.359819, 14811.304, 79.896194, 14773.308, 14793.148,
18.374210, 15133.399, 87.321892, 14834.851, 14847.698,
18.388611, 14787.905, 87.188179, 14896.270, 14902.491,
18.403000, 14878.334, 85.890991, 14957.452, 14957.452,
18.417379, 14998.654, 86.219650, 15018.387, 15012.589,
18.431770, 14988.968, 84.960754, 15079.166, 15067.979,
18.446150, 14932.206, 80.570312, 15139.702, 15123.529,
18.460529, 15333.424, 83.915672, 15200.052, 15179.279,
18.474911, 15464.995, 85.690399, 15260.230, 15235.233,
18.489281, 15905.733, 86.273201, 15320.191, 15291.333,
18.503660, 15540.598, 81.953781, 15380.029, 15347.657,
18.518030, 15022.779, 78.045349, 15439.673, 15404.127,
18.532391, 15367.478, 77.965950, 15499.131, 15460.737,
18.546761, 15657.595, 81.751801, 15558.488, 15517.559,
18.561119, 15421.874, 86.288147, 15617.667, 15574.505,
18.575480, 15920.990, 91.882645, 15676.729, 15631.625,
18.589840, 16337.617, 91.929306, 15735.673, 15688.907,
18.604191, 16090.569, 87.028839, 15794.469, 15746.309,
18.618549, 16297.682, 85.134293, 15853.192, 15803.894,
18.632900, 16400.467, 83.219711, 15911.789, 15861.600,
18.647240, 16661.534, 88.317345, 15970.250, 15919.405,
18.661591, 17650.430, 94.986099, 16028.675, 15977.399,
18.675930, 20865.154, 104.90942, 16086.978, 16035.485,
18.690269, 35771.541, 136.02567, 16145.212, 16093.705,
18.704611, 88250.191, 225.32359, 16203.392, 16152.065,
18.718941, 86122.094, 218.31798, 16261.471, 16210.505,
18.733271, 34948.215, 127.69600, 16319.500, 16269.070,
18.747601, 18307.711, 93.760101, 16377.487, 16327.754,
18.761930, 17354.376, 94.534569, 16435.438, 16386.555,
18.776260, 17097.938, 95.866089, 16493.359, 16445.470,
18.790581, 16888.868, 94.058777, 16551.219, 16504.455,
18.804899, 16945.806, 90.393555, 16609.055, 16563.539,
18.819220, 16932.150, 89.543823, 16666.888, 16622.733,
18.833530, 17319.940, 94.109131, 16724.678, 16681.988,
18.847839, 17158.859, 96.367188, 16782.463, 16741.330,
18.862150, 17196.182, 102.53485, 16840.265, 16800.774,
18.876459, 17348.722, 106.90298, 16898.074, 16860.300,
18.890770, 17512.492, 103.80047, 16955.913, 16919.920,
18.905069, 17618.732, 102.60449, 17013.733, 16979.575,
18.919371, 17367.408, 97.587982, 17071.595, 17039.319,
18.933670, 17636.616, 99.509964, 17129.490, 17099.131,
18.947960, 18374.481, 111.76118, 17187.393, 17158.977,
18.962250, 17458.551, 109.93086, 17245.350, 17218.894,
18.976540, 17861.816, 117.23621, 17303.367, 17278.878,
18.990829, 18471.770, 120.78844, 17361.450, 17338.927,
19.005119, 18428.825, 121.82304, 17419.607, 17399.037,
19.019400, 17657.791, 109.77571, 17477.804, 17459.165,
19.033680, 17757.570, 105.62397, 17536.088, 17519.348,
19.047960, 17945.656, 107.33727, 17594.465, 17579.584,
19.062229, 18511.931, 115.33818, 17652.895, 17639.821,
19.076500, 18844.269, 134.29858, 17711.440, 17700.112,
19.090771, 17396.522, 115.72108, 17770.099, 17760.446,
19.105040, 17780.965, 114.31961, 17828.871, 17820.813,
19.119310, 18856.534, 119.92221, 17887.778, 17881.226,
19.133570, 17905.547, 113.96558, 17946.773, 17941.624,
19.147829, 18024.902, 122.22784, 18005.911, 18002.055,
19.162090, 18341.237, 127.90346, 18065.206, 18062.522,
19.176340, 18267.920, 128.99976, 18124.611, 18122.967,
19.190599, 18183.918, 132.19708, 18184.221, 18183.475,
19.204849, 18690.625, 134.22079, 18243.963, 18243.963,
19.219101, 18299.066, 126.13031, 18303.890, 18304.477,
19.233339, 17778.285, 119.67340, 18363.928, 18364.953,
19.247580, 18585.327, 136.76355, 18424.128, 18425.459,
19.261820, 18584.695, 128.05986, 18484.469, 18485.986,
19.276060, 18162.503, 141.68671, 18544.939, 18546.538,
19.290300, 19305.050, 151.18947, 18605.523, 18607.115,
19.304529, 18835.081, 158.87009, 18666.162, 18667.670,
19.318760, 19028.536, 155.18845, 18726.900, 18728.263,
19.332991, 19250.051, 151.51547, 18787.715, 18788.887,
19.347219, 18838.720, 142.46527, 18848.587, 18849.534,
19.361441, 19297.412, 145.25096, 18909.480, 18910.183,
19.375660, 19665.101, 156.07306, 18970.405, 18970.860,
19.389879, 17702.893, 139.76529, 19031.358, 19031.574,
19.404100, 19061.188, 155.37639, 19092.336, 19092.336,
19.418310, 19063.182, 167.89377, 19153.268, 19153.089,
19.432520, 19969.315, 169.02640, 19214.192, 19213.885,
