# wave, flux, fluxerr, continuum, continuum_plateau
9.9725246, 309.96315, 28.931915, 182.89829, 182.89838,
9.9806166, 184.24308, 27.800463, 184.24308, 184.24308,
9.9887066, 202.05989, 22.831659, 185.58783, 185.58791,
9.9967957, 209.98884, 21.500271, 186.93258, 186.93290,
10.004880, 284.55569, 25.814487, 188.27659, 188.27731,
10.012970, 261.09214, 25.010942, 189.62151, 189.62275,
10.021050, 243.35064, 20.919678, 190.96469, 190.96659,
10.029140, 293.78396, 22.246691, 192.30921, 192.31187,
10.037220, 254.71509, 23.686419, 193.65161, 193.65515,
10.045300, 255.81504, 21.556433, 194.99355, 194.99806,
10.053380, 212.12293, 19.690294, 196.33508, 196.34064,
10.061460, 188.00910, 21.209312, 197.67577, 197.68245,
10.069540, 221.49388, 21.048630, 199.01583, 199.02370,
10.077610, 202.03695, 18.723814, 200.35327, 200.36238,
10.085690, 214.46074, 19.723543, 201.69130, 201.70169,
10.093760, 220.41991, 21.249485, 203.02665, 203.03835,
10.101830, 181.14412, 18.699816, 204.36079, 204.37384,
10.109900, 209.27467, 18.294289, 205.69379, 205.70818,
10.117970, 286.16411, 20.616852, 207.02521, 207.04095,
10.126040, 293.03639, 21.390614, 208.35510, 208.37220,
10.134100, 214.09382, 16.551823, 209.68164, 209.70007,
10.142170, 250.72894, 19.226534, 211.00817, 211.02792,
10.150230, 233.22932, 20.420273, 212.33129, 212.35232,
10.158300, 281.91197, 20.503704, 213.65402, 213.67629,
10.166360, 272.93577, 19.142262, 214.97297, 214.99644,
10.174420, 276.24945, 21.027756, 216.28991, 216.31452,
10.182470, 280.29880, 21.107443, 217.60286, 217.62855,
10.190530, 280.28043, 20.682499, 218.91498, 218.94168,
10.198590, 245.40178, 18.507433, 220.22476, 220.25240,
10.206640, 248.30139, 20.526941, 221.53024, 221.55872,
10.214690, 270.07998, 20.490540, 222.83299, 222.86224,
10.222750, 240.72544, 18.385578, 224.13446, 224.16439,
10.230800, 250.28603, 19.888969, 225.43145, 225.46196,
10.238850, 235.87697, 20.679609, 226.72538, 226.75637,
10.246890, 248.33967, 19.703060, 228.01462, 228.04598,
10.254940, 249.19284, 19.200548, 229.30211, 229.33373,
10.262990, 274.16661, 21.954401, 230.58621, 230.61798,
10.271030, 225.34888, 21.296707, 231.86527, 231.89708,
10.279070, 266.54179, 21.013834, 233.14056, 233.17228,
10.287120, 275.84272, 22.415720, 234.41377, 234.44529,
10.295150, 299.79247, 25.143257, 235.67995, 235.71116,
10.303190, 270.15468, 23.848907, 236.94382, 236.97458,
10.311230, 249.68643, 22.296482, 238.20343, 238.23364,
10.319270, 280.49046, 25.406540, 239.45897, 239.48851,
10.327300, 288.80172, 27.682161, 240.70855, 240.73728,
10.335340, 264.28795, 24.980568, 241.95514, 241.98297,
10.343370, 227.41631, 22.528168, 243.19582, 243.22262,
10.351400, 272.21878, 30.091240, 244.43164, 244.45731,
10.359430, 267.60319, 30.734589, 245.66264, 245.68707,
10.367460, 215.15354, 28.111044, 246.88867, 246.91177,
10.375480, 336.00163, 35.158531, 248.10803, 248.12970,
10.383510, 244.47031, 38.366169, 249.32377, 249.34391,
10.391530, 256.39339, 38.547787, 250.53273, 250.55126,
10.399560, 288.26697, 30.152639, 251.73765, 251.75450,
10.407580, 271.26875, 23.599915, 252.93554, 252.95064,
10.415600, 272.35279, 24.295303, 254.12755, 254.14084,
10.423620, 239.53211, 23.608086, 255.31384, 255.32527,
10.431640, 269.09324, 23.884472, 256.49397, 256.50352,
10.439650, 309.89052, 23.786005, 257.66657, 257.67421,
10.447670, 259.27275, 22.768887, 258.83443, 258.84014,
10.455680, 273.16937, 21.405338, 259.99434, 259.99813,
10.463700, 263.34697, 20.785675, 261.14921, 261.15108,
10.471710, 261.55919, 22.989576, 262.29586, 262.29586,
10.479720, 237.92543, 23.041771, 263.43577, 263.43394,
10.487730, 275.47836, 22.464752, 264.56923, 264.56561,
10.495730, 332.92439, 20.491240, 265.69529, 265.68993,
10.503740, 318.02197, 29.110252, 266.81704, 266.80997,
10.511750, 360.16769, 30.299736, 267.93353, 267.92478,
10.519750, 271.85951, 26.820961, 269.04367, 269.03330,
10.527750, 294.50422, 32.727089, 270.14947, 270.13751,
10.535750, 296.25751, 35.465904, 271.25118, 271.23767,
10.543750, 307.78170, 36.292267, 272.34904, 272.33402,
10.551750, 236.97914, 39.553074, 273.44371, 273.42722,
10.559750, 336.16155, 42.705170, 274.53531, 274.51740,
10.567850, 348.44749, 26.230013, 275.63809, 275.61880,
10.576350, 280.02749, 22.997965, 276.79289, 276.77219,
10.584840, 333.20587, 23.836958, 277.94427, 277.92224,
10.593340, 356.02470, 21.984846, 279.09554, 279.07225,
10.601830, 297.21654, 20.265356, 280.24430, 280.21983,
10.610330, 277.70022, 21.278675, 281.39387, 281.36828,
10.618820, 327.04514, 21.206661, 282.54197, 282.51536,
10.627310, 307.03291, 19.268221, 283.69024, 283.66270,
10.635800, 294.61506, 19.538940, 284.83937, 284.81100,
10.644280, 327.50168, 21.548969, 285.98828, 285.95918,
10.652770, 304.03559, 19.463503, 287.14014, 287.11040,
10.661250, 306.36061, 18.682701, 288.29280, 288.26255,
10.669740, 301.92790, 19.408493, 289.44932, 289.41868,
10.678220, 308.96547, 20.147680, 290.60756, 290.57664,
10.686700, 294.85795, 18.311554, 291.76927, 291.73820,
10.695180, 310.29639, 18.641373, 292.93490, 292.90381,
10.703650, 266.23389, 19.116463, 294.10360, 294.07262,
10.712130, 311.65360, 20.144331, 295.27833, 295.24759,
10.720600, 328.08727, 18.981277, 296.45717, 296.42679,
10.729080, 315.51027, 19.201759, 297.64309, 297.61322,
10.737550, 317.64420, 20.765169, 298.83376, 298.80453,
10.746020, 293.50717, 19.393171, 300.03125, 300.00279,
10.754490, 295.96174, 18.457195, 301.23575, 301.20818,
10.762960, 317.94634, 19.712961, 302.44799, 302.42144,
10.771420, 320.19782, 21.501421, 303.66666, 303.64124,
10.779890, 310.22774, 20.054516, 304.89553, 304.87136,
10.788350, 290.37881, 19.389982, 306.13188, 306.10906,
10.796810, 268.35911, 20.584713, 307.37770, 307.35633,
10.805270, 295.17771, 22.504995, 308.63349, 308.61364,
10.813730, 274.80878, 20.890602, 309.89970, 309.88145,
10.822190, 313.77519, 21.306004, 311.17683, 311.16023,
10.830650, 329.57088, 24.265736, 312.46536, 312.45046,
10.839100, 312.44449, 24.130184, 313.76415, 313.75097,
10.847560, 338.34590, 23.432322, 315.07693, 315.06547,
10.856010, 292.14982, 22.795105, 316.40108, 316.39132,
10.864460, 344.68026, 26.809782, 317.73841, 317.73031,
10.872910, 307.25528, 26.056934, 319.08958, 319.08307,
10.881360, 349.31833, 25.277233, 320.45524, 320.45022,
10.889800, 327.58087, 26.206400, 321.83403, 321.83037,
10.898250, 336.35562, 29.024067, 323.22971, 323.22726,
10.906690, 376.22374, 30.842449, 324.63967, 324.63822,
10.915140, 346.97697, 28.290455, 326.06775, 326.06708,
10.923580, 313.55470, 30.398373, 327.51094, 327.51077,
10.932020, 348.71412, 34.593002, 328.97153, 328.97153,
10.940460, 332.83259, 32.595642, 330.44988, 330.44971,
10.948890, 302.77927, 32.870724, 331.94384, 331.94319,
10.957330, 441.48336, 38.915291, 333.45669, 333.45529,
10.965760, 391.54232, 28.677868, 334.98441, 334.98203,
10.974200, 414.27402, 28.239006, 336.53002, 336.52649,
10.982630, 452.98170, 26.656139, 338.08943, 338.08460,
10.991060, 551.19455, 30.171583, 339.66430, 339.65808,
10.999490, 572.06400, 34.049797, 341.25387, 341.24618,
11.007920, 549.77305, 33.409645, 342.85807, 342.84888,
11.016340, 485.62950, 32.296722, 344.47431, 344.46359,
11.024770, 506.23263, 34.413429, 346.10600, 346.09379,
11.033190, 495.39824, 42.508850, 347.74906, 347.73540,
11.041610, 436.78049, 40.980309, 349.40494, 349.38988,
11.050030, 460.34352, 33.477276, 351.07323, 351.05686,
11.058450, 457.98451, 37.761780, 352.75354, 352.73597,
11.066870, 457.43118, 35.257359, 354.44549, 354.42684,
11.075290, 463.36447, 37.044582, 356.14869, 356.12909,
11.083700, 474.01268, 54.188187, 357.86080, 357.84041,
11.092120, 486.79746, 40.004288, 359.58535, 359.56431,
11.100530, 496.11554, 79.385262, 361.31783, 361.29633,
11.108940, 608.01567, 72.848259, 363.06023, 363.03843,
11.117350, 518.01014, 86.429733, 364.81178, 364.78986,
11.120570, 539.07473, 28.789967, 365.48496, 365.46305,
11.129530, 555.90238, 27.007467, 367.36454, 367.34279,
11.138500, 611.37015, 27.332443, 369.25592, 369.23455,
11.147460, 639.92551, 28.532495, 371.15425, 371.13348,
11.156430, 735.67336, 30.108027, 373.06353, 373.04357,
11.165390, 815.45601, 29.253906, 374.97886, 374.95994,
11.174350, 985.42655, 30.456699, 376.90204, 376.88437,
11.183300, 1117.2110, 33.375053, 378.83059, 378.81436,
11.192260, 1252.1239, 35.200562, 380.76818, 380.75361,
11.201220, 1319.3050, 33.877090, 382.71235, 382.69963,
11.210170, 1327.5450, 33.461555, 384.66058, 384.64991,
11.219120, 1347.8697, 35.567963, 386.61454, 386.60608,
11.228070, 1320.0480, 34.899902, 388.57379, 388.56772,
11.237020, 1335.7201, 32.722736, 390.53772, 390.53419,
11.245970, 1311.3588, 32.750935, 392.50633, 392.50548,
11.254920, 1342.0055, 34.255936, 394.47900, 394.48096,
11.263860, 1323.4135, 33.488533, 396.45300, 396.45788,
11.272800, 1346.9284, 32.469273, 398.43043, 398.43834,
11.281750, 1228.6907, 35.186504, 400.41259, 400.42362,
11.290690, 1194.8424, 35.744286, 402.39526, 402.40948,
11.299630, 1260.2210, 33.229813, 404.37973, 404.39718,
11.308560, 1099.9339, 29.468481, 406.36367, 406.38440,
11.317500, 1047.0825, 28.991173, 408.35093, 408.37496,
11.326430, 1019.6105, 30.405476, 410.33685, 410.36418,
11.335370, 1013.6131, 30.063103, 412.32527, 412.35590,
11.344300, 928.21910, 27.945410, 414.31155, 414.34545,
11.353230, 915.10042, 27.948069, 416.29741, 416.33452,
11.362160, 886.92559, 29.556870, 418.28222, 418.32249,
11.371080, 852.55871, 28.348396, 420.26390, 420.30724,
11.380010, 844.60805, 27.022158, 422.24584, 422.29217,
11.388930, 810.46273, 27.268215, 424.22384, 424.27303,
11.397850, 789.13965, 28.588711, 426.19919, 426.25112,
11.406780, 755.50264, 27.611000, 428.17400, 428.22853,
11.415700, 756.36881, 26.950628, 430.14324, 430.20021,
11.424610, 690.42177, 26.402603, 432.10673, 432.16596,
11.433530, 734.07916, 29.297527, 434.06824, 434.12955,
11.442450, 716.18952, 28.884012, 436.02528, 436.08848,
11.451360, 706.78710, 27.533770, 437.97535, 438.04022,
11.460270, 665.36055, 28.088146, 439.92014, 439.98645,
11.469180, 668.15477, 29.546247, 441.85922, 441.92675,
11.478090, 678.55629, 30.567406, 443.79220, 443.86070,
11.487000, 658.82498, 29.003197, 445.71864, 445.78787,
11.495910, 663.15355, 30.313076, 447.63794, 447.70763,
11.504810, 583.69689, 30.215557, 449.54804, 449.61794,
11.513710, 582.71362, 31.233650, 451.45016, 451.52000,
11.522620, 617.77725, 31.184269, 453.34633, 453.41584,
11.531520, 634.53321, 32.305908, 455.23165, 455.30055,
11.540420, 607.68141, 34.093555, 457.10792, 457.17595,
11.549310, 598.34298, 34.763805, 458.97274, 459.03962,
11.558210, 605.36913, 33.444149, 460.82985, 460.89533,
11.567100, 572.94309, 38.534435, 462.67426, 462.73807,
11.576000, 568.76225, 35.187492, 464.51027, 464.57215,
11.584890, 548.77098, 35.600769, 466.33293, 466.39263,
11.593780, 571.28325, 35.529396, 468.14375, 468.20105,
11.602670, 515.73579, 34.298321, 469.94269, 469.99736,
11.611560, 531.10449, 36.912033, 471.72910, 471.78093,
11.620440, 523.90558, 37.470112, 473.50044, 473.54925,
11.629330, 520.73395, 37.860825, 475.26044, 475.30605,
11.638210, 504.56361, 37.384205, 477.00468, 477.04694,
11.647090, 569.51128, 41.100269, 478.73439, 478.77318,
11.655970, 509.98254, 41.117287, 480.44931, 480.48453,
11.664850, 494.09117, 31.887289, 482.14913, 482.18071,
11.673730, 502.37267, 23.194618, 483.83302, 483.86093,
11.682600, 503.16247, 25.651611, 485.49891, 485.52314,
11.691480, 515.07484, 26.834034, 487.14987, 487.17047,
11.700350, 470.41174, 26.705708, 488.78189, 488.79893,
11.709220, 499.44274, 28.244312, 490.39625, 490.40985,
11.718090, 520.11960, 29.029688, 491.99246, 492.00279,
11.726960, 545.89732, 31.250671, 493.56999, 493.57727,
11.735830, 504.71036, 31.345858, 495.12836, 495.13286,
11.744690, 472.00017, 33.622322, 496.66523, 496.66729,
11.753560, 499.01462, 32.371452, 498.18373, 498.18373,
11.762420, 475.95961, 34.573738, 499.67979, 499.67817,
11.771280, 539.23387, 54.917732, 501.15519, 501.15232,
11.775020, 525.17175, 24.342186, 501.77155, 501.76826,
11.784500, 494.93203, 24.824276, 503.31739, 503.31323,
11.793980, 530.66055, 24.782310, 504.83878, 504.83401,
11.803460, 523.11433, 27.716970, 506.33582, 506.33061,
11.812940, 487.22953, 22.426746, 507.80799, 507.80246,
11.822420, 490.72198, 23.553930, 509.25537, 509.24957,
11.831890, 530.50547, 24.019310, 510.67603, 510.66995,
11.841360, 547.91432, 23.412071, 512.07133, 512.06492,
11.850840, 546.78402, 22.533226, 513.44241, 513.43555,
11.860310, 533.89315, 23.297617, 514.78624, 514.77880,
11.869770, 524.07800, 23.208149, 516.10264, 516.09444,
11.879240, 517.89163, 22.218788, 517.39401, 517.38483,
11.888710, 561.54979, 22.032751, 518.65871, 518.64832,
11.898170, 559.24314, 22.689726, 519.89522, 519.88337,
11.907630, 563.14274, 23.287880, 521.10443, 521.09084,
11.917090, 572.11848, 23.711979, 522.28626, 522.27067,
11.926550, 571.38026, 22.131224, 523.44016, 523.42228,
11.936010, 557.93628, 21.949276, 524.56605, 524.54561,
11.945470, 561.42917, 22.679262, 525.66336, 525.64009,
11.954920, 558.45998, 22.044014, 526.73080, 526.70446,
11.964370, 582.56659, 21.966223, 527.76916, 527.73950,
11.973830, 583.45624, 22.196165, 528.77916, 528.74598,
11.983280, 569.80490, 22.583340, 529.75820, 529.72133,
11.992720, 595.72567, 22.889858, 530.70601, 530.66531,
12.002170, 555.71095, 21.742264, 531.62430, 531.57968,
12.011610, 566.34802, 21.929134, 532.51072, 532.46215,
12.021060, 556.80776, 22.713030, 533.36665, 533.31414,
12.030500, 558.14106, 22.725698, 534.18996, 534.13359,
12.039940, 612.57142, 23.109108, 534.98101, 534.92093,
12.049380, 538.27173, 21.512844, 535.73953, 535.67596,
12.058820, 578.67633, 23.800886, 536.46491, 536.39816,
12.068250, 595.54128, 24.290466, 537.15609, 537.08656,
12.077690, 549.36761, 23.064743, 537.81407, 537.74225,
12.087120, 565.63074, 22.973495, 538.43690, 538.36338,
12.096550, 597.45548, 24.625786, 539.02484, 538.95034,
12.105980, 585.08816, 25.396576, 539.57738, 539.50272,
12.115410, 530.96087, 24.227541, 540.09402, 540.02014,
12.124830, 532.50524, 23.400080, 540.57376, 540.50175,
12.134260, 534.16297, 24.273041, 541.01704, 540.94811,
12.143680, 524.33424, 25.543736, 541.42237, 541.35788,
12.153100, 558.53998, 26.449013, 541.78974, 541.73122,
12.162520, 523.62213, 28.590294, 542.11854, 542.06766,
12.171940, 543.10667, 25.890011, 542.40815, 542.36676,
12.181360, 542.39145, 27.258810, 542.65804, 542.62818,
12.190770, 510.59852, 27.345623, 542.86735, 542.85121,
12.200180, 559.75041, 27.698011, 543.03576, 543.03576,
12.209600, 530.40112, 27.617872, 543.16301, 543.18171,
12.219010, 572.03730, 29.722176, 543.24941, 543.28916,
12.228420, 554.08257, 30.568317, 543.29595, 543.35892,
12.237820, 529.38769, 30.329941, 543.30346, 543.39158,
12.247230, 546.07636, 30.275730, 543.27277, 543.38782,
12.256630, 531.07585, 30.586187, 543.20471, 543.34822,
12.266040, 661.34157, 35.178638, 543.09993, 543.27331,
12.275440, 900.87361, 39.631130, 542.95941, 543.16383,
12.284840, 745.74833, 37.962036, 542.78383, 543.02031,
12.294230, 563.53655, 34.859898, 542.57414, 542.84350,
12.303630, 541.39580, 47.388424, 542.33067, 542.63366,
12.313030, 583.43712, 39.994812, 542.05429, 542.39148,
12.322420, 586.44491, 43.902576, 541.74610, 542.11785,
12.331810, 600.31737, 31.182850, 541.40651, 541.81311,
12.341200, 573.61764, 25.361105, 541.03620, 541.47780,
12.350590, 574.46070, 26.066147, 540.63585, 541.11247,
12.359980, 594.44727, 27.428659, 540.20612, 540.71768,
12.369360, 577.11017, 27.135406, 539.74816, 540.29442,
12.378750, 683.80790, 33.462337, 539.26168, 539.84238,
12.388130, 646.71315, 31.560520, 538.74831, 539.36300,
12.397510, 596.30601, 30.770176, 538.20825, 538.85644,
12.406890, 568.45360, 29.924927, 537.64202, 538.32312,
12.416270, 602.81510, 31.907103, 537.05027, 537.76362,
12.425640, 553.66710, 31.000187, 536.43432, 537.17914,
12.435020, 591.37250, 33.978565, 535.79338, 536.56888,
12.444390, 614.22608, 33.799347, 535.12947, 535.93474,
12.453760, 618.94916, 31.899687, 534.44247, 535.27656,
12.463130, 561.09667, 32.869629, 533.73295, 534.59484,
12.472500, 632.16945, 37.960251, 533.00147, 533.89011,
12.481870, 636.89051, 45.003086, 532.24858, 533.16286,
12.489420, 626.64284, 25.807926, 531.62671, 532.56080,
12.499490, 661.03530, 26.801998, 530.77673, 531.73605,
12.509550, 677.07901, 26.211164, 529.90469, 530.88777,
12.519610, 686.84626, 25.289368, 529.01043, 530.01582,
12.529670, 679.26174, 24.928505, 528.09470, 529.12090,
12.539730, 686.12179, 26.072424, 527.15796, 528.20343,
12.549780, 692.09385, 27.556496, 526.20194, 527.26510,
12.559840, 679.91758, 24.490902, 525.22528, 526.30455,
12.569890, 676.82438, 23.631712, 524.23062, 525.32438,
12.579940, 679.20274, 24.404202, 523.21756, 524.32420,
12.589990, 707.68291, 24.963409, 522.18672, 523.30460,
12.600040, 732.41214, 24.588549, 521.13858, 522.26606,
12.610090, 707.24684, 23.416927, 520.07393, 521.20937,
12.620130, 746.03029, 26.969986, 518.99440, 520.13615,
12.630170, 757.42738, 24.772852, 517.89935, 519.04577,
12.640210, 739.98611, 24.672613, 516.78946, 517.93892,
12.650250, 725.72838, 23.512800, 515.66529, 516.81617,
12.660290, 727.18451, 23.403400, 514.52751, 515.67820,
12.670330, 741.01676, 23.716309, 513.37645, 514.52536,
12.680360, 743.44089, 25.308472, 512.21401, 513.35957,
12.690390, 725.81558, 25.943544, 511.03951, 512.18018,
12.700420, 773.77218, 23.403709, 509.85340, 510.98764,
12.710450, 794.86036, 23.687553, 508.65644, 509.78275,
12.720480, 834.82650, 25.643442, 507.44903, 508.56595,
12.730500, 812.15067, 29.169184, 506.23287, 507.33897,
12.740530, 808.85339, 24.019590, 505.00617, 506.10003,
12.750550, 786.51335, 23.422007, 503.77177, 504.85204,
12.760570, 802.42908, 24.471712, 502.52916, 503.59450,
12.770590, 794.39988, 24.509596, 501.27861, 502.32772,
12.780610, 786.25049, 24.041750, 500.02074, 501.05237,
12.790620, 811.02441, 25.259457, 498.75739, 499.77034,
12.800640, 905.15838, 25.282907, 497.48641, 498.47950,
12.810650, 1128.3418, 28.675856, 496.21096, 497.18309,
12.820660, 941.03804, 26.600552, 494.93023, 495.88031,
12.830670, 722.47491, 22.914509, 493.64457, 494.57157,
12.840680, 674.13942, 22.789135, 492.35473, 493.25767,
12.850680, 663.43015, 23.356285, 491.06232, 491.94028,
12.860690, 645.08779, 23.502586, 489.76536, 490.61742,
12.870690, 612.19933, 22.716320, 488.46681, 489.29217,
12.880690, 591.48999, 22.247959, 487.16605, 487.96391,
12.890690, 549.42005, 21.889732, 485.86331, 486.63295,
12.900680, 566.74982, 22.881947, 484.56059, 485.30133,
12.910680, 543.16955, 22.629093, 483.25562, 483.96681,
12.920670, 545.14257, 22.238150, 481.95162, 482.63270,
12.930670, 543.59212, 22.371677, 480.64636, 481.29676,
12.940660, 504.52725, 22.672173, 479.34291, 479.96218,
12.950640, 513.95074, 23.547398, 478.04202, 478.62976,
12.960630, 510.20322, 23.050901, 476.74119, 477.29698,
12.970620, 514.43655, 23.593082, 475.44250, 475.96602,
12.980600, 501.61202, 23.920204, 474.14758, 474.63856,
12.990580, 524.21429, 25.674198, 472.85577, 473.31399,
13.000560, 485.81659, 24.649015, 471.56732, 471.99259,
13.010540, 460.57220, 24.439592, 470.28285, 470.67502,
13.020520, 480.79949, 24.584002, 469.00284, 469.36182,
13.030490, 482.05976, 26.040716, 467.72911, 468.05489,
13.040470, 499.93724, 27.432667, 466.45949, 466.75202,
13.050440, 482.63715, 27.446054, 465.19713, 465.45649,
13.060410, 510.62777, 27.467541, 463.94119, 464.16745,
13.070380, 456.58058, 27.013447, 462.69205, 462.88533,
13.080350, 479.85971, 29.613203, 461.45045, 461.61090,
13.090310, 504.13924, 30.895617, 460.21794, 460.34580,
13.100280, 480.50888, 29.852232, 458.99268, 459.08813,
13.110240, 474.96383, 30.107243, 457.77751, 457.84084,
13.120200, 482.83147, 32.332230, 456.57177, 456.60328,
13.130160, 427.38042, 32.148201, 455.37597, 455.37597,
13.140110, 440.19065, 26.676214, 454.19179, 454.16067,
13.150070, 451.51347, 20.809240, 453.01686, 452.95499,
13.160020, 462.56015, 21.291897, 451.85368, 451.76157,
13.169980, 441.48831, 23.422958, 450.69987, 450.57802,
13.179930, 485.32840, 24.033401, 449.55790, 449.40694,
13.189870, 476.54634, 24.328197, 448.42767, 448.24829,
13.199820, 494.21970, 24.763119, 447.30709, 447.09995,
13.209770, 464.37598, 23.601021, 446.19720, 445.96306,
13.219710, 476.78617, 24.435537, 445.09932, 444.83903,
13.229650, 434.82072, 24.769215, 444.01245, 443.72686,
13.239590, 459.41957, 26.312845, 442.93646, 442.62646,
13.249530, 449.97708, 25.686619, 441.87153, 441.53808,
13.259470, 460.69352, 25.457380, 440.81775, 440.46181,
13.269410, 463.34074, 27.272266, 439.77519, 439.39780,
13.279340, 448.63424, 32.134636, 438.74504, 438.34727,
13.289270, 432.62771, 30.831339, 437.72618, 437.30911,
13.299200, 424.14259, 32.413933, 436.71890, 436.28366,
13.309130, 412.16204, 34.250278, 435.72321, 435.27095,
13.318260, 460.42662, 23.006359, 434.81798, 434.35109,
13.328980, 447.01182, 21.681023, 433.76787, 433.28510,
13.339690, 453.73153, 22.839806, 432.73265, 432.23544,
13.350400, 440.68058, 23.034994, 431.71146, 431.20124,
13.361120, 431.27895, 22.774572, 430.70345, 430.18167,
13.371830, 465.97578, 22.178549, 429.71078, 429.17892,
13.382530, 426.25251, 21.255848, 428.73346, 428.19302,
13.393240, 459.44775, 22.642330, 427.76995, 427.22241,
13.403940, 473.93754, 23.380669, 426.82212, 426.26899,
13.414650, 442.10274, 24.507854, 425.88848, 425.33125,
13.425350, 458.74718, 21.182358, 424.97088, 424.41105,
13.436050, 450.88590, 20.939322, 424.06869, 423.50775,
13.446740, 465.78896, 21.461248, 423.18295, 422.62239,
13.457440, 462.74731, 21.804359, 422.31216, 421.75343,
13.468130, 478.52920, 20.890070, 421.45823, 420.90279,
13.478830, 479.75101, 20.244038, 420.61972, 420.06899,
13.489520, 486.74120, 20.148479, 419.79848, 419.25387,
13.500200, 463.43127, 20.643877, 418.99465, 418.45751,
13.510890, 466.84826, 20.288963, 418.20703, 417.67871,
13.521570, 492.96194, 20.068367, 417.43728, 416.91906,
13.532260, 491.05960, 19.261604, 416.68428, 416.17743,
13.542940, 498.59301, 19.564207, 415.94963, 415.45536,
13.553620, 501.84948, 20.539587, 415.23294, 414.75240,
13.564290, 489.92441, 19.793335, 414.53516, 414.06943,
13.574970, 487.63624, 19.215981, 413.85519, 413.40534,
13.585640, 481.87663, 18.559748, 413.19468, 412.76166,
13.596320, 483.56395, 19.151478, 412.55263, 412.13737,
13.606990, 483.59249, 19.708996, 411.93060, 411.53391,
13.617650, 461.38974, 19.061335, 411.32881, 410.95143,
13.628320, 478.39771, 18.765213, 410.74650, 410.38912,
13.638980, 474.96800, 18.852001, 410.18505, 409.84823,
13.649650, 457.24662, 18.874598, 409.64380, 409.32804,
13.660310, 433.91655, 19.121422, 409.12406, 408.82974,
13.670970, 456.34488, 21.515438, 408.62570, 408.35309,
13.681630, 450.34695, 18.747007, 408.14909, 407.89837,
13.692280, 451.38532, 19.137955, 407.69504, 407.46625,
13.702940, 433.21036, 19.248606, 407.26305, 407.05613,
13.713590, 451.18275, 20.556526, 406.85435, 406.66910,
13.724240, 434.94442, 19.905975, 406.46889, 406.30498,
13.734890, 435.89021, 19.970652, 406.10714, 405.96411,
13.745530, 432.70327, 19.901314, 405.76978, 405.64701,
13.756180, 420.06847, 20.301836, 405.45664, 405.35338,
13.766820, 426.92241, 21.490128, 405.16873, 405.08405,
13.777460, 433.78320, 22.253672, 404.90621, 404.83902,
13.788100, 431.68573, 20.793541, 404.66953, 404.61859,
13.798740, 427.81539, 21.118885, 404.45918, 404.42305,
13.809380, 443.89301, 22.670231, 404.27565, 404.25272,
13.820010, 422.69324, 22.505302, 404.11954, 404.10799,
13.830640, 433.83620, 23.012196, 403.99119, 403.98902,
13.841270, 462.87158, 23.325558, 403.89111, 403.89611,
13.851900, 400.55130, 22.320503, 403.81983, 403.82959,
13.862530, 457.12648, 31.138336, 403.77790, 403.78976,
13.873150, 424.81275, 24.875481, 403.76585, 403.77695,
13.883780, 395.16826, 24.403866, 403.78424, 403.79147,
13.894400, 416.76824, 24.608891, 403.83361, 403.83361,
13.905020, 394.77585, 25.072979, 403.91420, 403.90346,
13.915640, 387.64293, 26.665293, 404.02490, 404.00010,
13.926250, 412.62085, 27.449030, 404.16416, 404.12225,
13.936870, 404.61587, 27.872620, 404.33076, 404.26895,
13.947480, 414.88136, 27.280550, 404.52305, 404.43881,
13.958090, 428.52025, 28.937361, 404.73971, 404.63078,
13.968700, 431.99215, 30.031782, 404.97941, 404.84373,
13.979310, 462.70382, 31.793377, 405.24072, 405.07648,
13.989910, 421.68048, 30.282890, 405.52203, 405.32768,
14.000520, 470.92224, 31.537958, 405.82248, 405.59665,
14.011120, 414.74220, 31.508255, 406.14018, 405.88177,
14.021720, 444.58734, 34.267727, 406.47406, 406.18214,
14.032320, 428.80432, 35.516983, 406.82277, 406.49664,
14.042920, 443.84488, 34.498466, 407.18499, 406.82413,
14.053510, 433.56202, 35.280552, 407.55901, 407.16316,
14.064110, 466.13395, 36.873451, 407.94426, 407.51329,
14.074700, 404.24506, 39.735710, 408.33870, 407.87272,
14.085290, 395.26602, 41.325859, 408.74132, 408.24062,
14.095870, 481.11609, 30.380466, 409.15049, 408.61558,
14.106460, 421.28049, 23.470041, 409.56564, 408.99714,
14.117040, 442.86131, 24.168083, 409.98474, 409.38353,
14.127630, 401.31008, 25.539268, 410.40726, 409.77436,
14.138210, 495.95315, 29.139353, 410.83110, 410.16775,
14.148790, 449.21523, 23.704760, 411.25536, 410.56297,
14.159370, 439.39918, 27.152117, 411.67876, 410.95892,
14.169940, 493.81231, 28.638445, 412.09960, 411.35411,
14.180520, 483.67121, 54.795921, 412.51741, 411.74821,
14.182090, 489.25381, 24.820169, 412.57903, 411.80649,
14.193560, 457.42513, 22.804932, 413.02569, 412.23026,
14.205030, 440.16350, 23.158951, 413.46494, 412.64941,
14.216500, 453.24470, 24.240440, 413.89506, 413.06248,
14.227970, 457.81376, 23.681667, 414.31441, 413.46808,
14.239430, 454.43108, 22.337936, 414.72101, 413.86447,
14.250890, 433.76431, 20.656458, 415.11349, 414.25056,
14.262350, 470.66142, 22.427803, 415.49027, 414.62499,
14.273810, 420.87538, 21.374252, 415.84962, 414.98632,
14.285270, 452.26470, 22.276917, 416.18982, 415.33309,
14.296730, 433.00024, 20.057518, 416.50923, 415.66395,
14.308180, 431.49067, 19.614174, 416.80587, 415.97717,
14.319630, 432.49470, 20.253082, 417.07830, 416.27163,
14.331080, 449.53194, 21.686441, 417.32483, 416.54593,
14.342530, 435.97456, 21.428093, 417.54367, 416.79859,
14.353970, 434.03181, 19.930187, 417.73294, 417.02801,
14.365410, 415.74340, 19.235697, 417.89110, 417.23301,
14.376860, 446.47736, 20.245333, 418.01644, 417.41227,
14.388300, 415.46145, 20.781061, 418.10697, 417.56404,
14.399730, 441.65303, 21.481068, 418.16096, 417.68695,
14.411170, 405.89136, 19.435452, 418.17669, 417.77976,
14.422600, 426.54061, 19.914352, 418.15228, 417.84085,
14.434030, 435.78947, 20.485367, 418.08591, 417.86885,
14.445460, 405.95153, 20.802315, 417.97569, 417.86231,
14.456890, 424.39519, 20.473511, 417.81975, 417.81975,
14.468320, 403.96077, 19.564011, 417.61691, 417.74018,
14.479740, 419.00177, 18.772995, 417.36931, 417.62474,
14.491160, 413.90057, 18.662811, 417.07946, 417.47485,
14.502580, 429.15169, 19.811329, 416.75000, 417.29202,
14.514000, 438.98385, 20.209408, 416.38350, 417.07770,
14.525420, 420.90697, 18.781693, 415.98257, 416.83338,
14.536830, 436.57758, 17.896900, 415.55019, 416.56079,
14.548240, 435.59943, 18.373503, 415.08857, 416.26118,
14.559650, 440.94054, 22.890087, 414.60021, 415.93598,
14.571060, 415.43292, 18.771187, 414.08771, 415.58669,
14.582470, 434.46843, 18.909891, 413.55356, 415.21474,
14.593870, 406.06207, 19.385601, 413.00071, 414.82191,
14.605270, 437.23257, 18.615164, 412.43124, 414.40932,
14.616670, 415.65124, 18.413317, 411.84766, 413.97845,
14.628070, 414.58695, 21.461494, 411.25235, 413.53065,
14.639470, 427.91995, 19.333397, 410.64784, 413.06738,
14.650860, 407.56262, 18.521908, 410.03715, 412.59052,
14.662260, 401.20415, 18.514065, 409.42161, 412.10061,
14.673650, 415.89850, 19.369640, 408.80483, 411.59995,
14.685040, 405.58092, 20.001759, 408.18862, 411.08948,
14.696420, 441.16895, 21.284687, 407.57611, 410.57116,
14.707810, 415.56529, 20.176477, 406.96853, 410.04538,
14.719190, 407.93795, 20.281973, 406.36954, 409.51459,
14.730570, 418.84189, 20.518280, 405.78093, 408.97962,
14.741950, 427.42488, 22.624453, 405.20521, 408.44191,
14.753330, 396.15116, 21.733644, 404.64486, 407.90288,
14.764700, 444.66349, 22.637661, 404.10283, 407.36442,
14.776080, 396.60711, 21.279444, 403.58060, 406.82694,
14.787450, 400.44111, 21.555105, 403.08162, 406.29282,
14.798820, 403.07384, 23.153816, 402.60790, 405.76297,
14.810190, 406.60851, 22.602787, 402.16189, 405.23875,
14.821550, 412.46554, 22.818573, 401.74655, 404.72207,
14.832920, 421.44199, 22.932098, 401.36365, 404.21343,
14.844280, 410.17772, 22.346024, 401.01639, 403.71507,
14.855640, 416.71342, 24.331659, 400.70698, 403.22798,
14.866990, 407.01218, 24.297276, 400.43825, 402.75397,
14.878350, 369.51008, 22.686886, 400.21228, 402.29359,
14.889710, 428.58109, 24.202236, 400.03196, 401.84869,
14.901060, 406.36023, 23.255875, 399.90002, 401.42106,
14.912410, 405.60606, 24.477819, 399.81893, 401.01169,
14.923760, 414.74608, 25.728346, 399.79137, 400.62197,
14.935100, 382.77807, 25.877041, 399.81999, 400.25371,
14.946450, 398.26731, 25.936333, 399.90758, 399.90758,
14.957790, 385.70387, 25.753723, 400.05586, 399.58539,
14.969130, 418.04257, 27.183374, 400.26332, 399.28682,
14.980470, 432.67976, 28.598656, 400.52761, 399.01150,
14.991810, 414.47380, 29.882563, 400.84637, 398.75916,
15.003140, 395.25900, 29.142876, 401.21693, 398.52968,
15.014480, 382.30585, 27.681183, 401.63757, 398.32241,
15.025810, 398.88780, 29.626331, 402.10538, 398.13737,
15.037140, 404.99597, 30.494606, 402.61835, 397.97411,
15.048460, 399.36374, 32.938156, 403.17382, 397.83246,
15.059790, 423.30532, 33.771313, 403.77051, 397.71189,
15.071110, 365.49013, 31.417780, 404.40521, 397.61233,
15.082440, 413.72153, 24.761482, 405.07689, 397.53334,
15.093750, 385.07970, 19.950394, 405.78148, 397.47485,
15.105070, 397.58763, 22.005169, 406.51876, 397.43641,
15.116390, 377.82439, 22.551565, 407.28597, 397.41781,
15.127700, 415.55152, 23.707708, 408.08024, 397.41878,
15.139020, 442.49186, 25.718626, 408.90097, 397.43910,
15.150330, 363.89069, 23.341204, 409.74455, 397.47845,
15.162390, 388.42846, 27.010033, 410.66779, 397.54114,
15.174730, 383.87028, 26.045712, 411.63525, 397.62712,
15.187070, 440.07953, 28.198765, 412.62300, 397.73487,
15.199410, 405.93171, 28.640217, 413.62856, 397.86410,
15.211740, 397.85213, 26.847170, 414.64826, 398.01436,
15.224080, 403.09557, 25.342411, 415.68136, 398.18563,
15.236410, 404.91764, 23.364824, 416.72343, 398.37732,
15.248740, 396.62473, 23.357866, 417.77271, 398.58928,
15.261060, 451.38085, 25.537701, 418.82571, 398.82101,
15.273390, 432.04523, 24.624540, 419.88162, 399.07264,
15.285710, 453.80789, 24.661131, 420.93613, 399.34349,
15.298030, 533.17669, 24.243858, 421.98738, 399.63345,
15.310350, 476.65842, 23.281706, 423.03294, 399.94230,
15.322660, 412.13507, 23.264643, 424.06924, 400.26947,
15.334980, 406.29378, 23.764992, 425.09537, 400.61524,
15.347290, 410.32413, 24.398693, 426.10713, 400.97881,
15.359600, 442.96435, 23.115339, 427.10272, 401.36020,
15.371900, 433.22233, 22.881025, 428.07868, 401.75881,
15.384210, 441.26224, 24.489975, 429.03405, 402.17508,
15.396510, 429.43425, 24.721260, 429.96464, 402.60810,
15.408810, 467.21184, 26.689198, 430.86847, 403.05792,
15.421110, 434.83985, 23.711124, 431.74303, 403.52437,
15.433410, 404.58542, 21.533463, 432.58549, 404.00715,
15.445700, 414.39883, 21.957813, 433.39344, 404.50568,
15.457990, 441.89152, 23.316748, 434.16895, 405.02011,
15.470280, 445.64096, 24.529398, 434.91423, 405.55022,
15.482570, 445.12330, 22.919027, 435.63147, 406.09580,
15.494860, 445.87737, 21.828255, 436.32286, 406.65664,
15.507140, 440.06362, 21.221210, 436.99005, 407.23207,
15.519420, 464.09766, 21.906145, 437.63569, 407.82228,
15.531700, 523.56998, 23.930122, 438.26200, 408.42716,
15.543980, 840.59054, 28.743052, 438.87103, 409.04642,
15.556260, 1026.5965, 30.307344, 439.46497, 409.67995,
15.568530, 605.27332, 23.185734, 440.04539, 410.32696,
15.580800, 451.23154, 21.078096, 440.61491, 410.98779,
15.593070, 435.52960, 22.528387, 441.17561, 411.66227,
15.605340, 478.36716, 23.767448, 441.72958, 412.35020,
15.617600, 470.11611, 23.054897, 442.27846, 413.05085,
15.629860, 451.44027, 20.879128, 442.82472, 413.76453,
15.642120, 476.50264, 20.379658, 443.37052, 414.49117,
15.654380, 486.21133, 21.019331, 443.91784, 415.23048,
15.666640, 461.87822, 20.684458, 444.46885, 415.98241,
15.678890, 478.35613, 21.135656, 445.02508, 416.74608,
15.691140, 477.83277, 20.381735, 445.58909, 417.52196,
15.703390, 450.47745, 18.592663, 446.16294, 418.30989,
15.715640, 469.15548, 19.631628, 446.74872, 419.10971,
15.727890, 455.79757, 19.874866, 447.34852, 419.92127,
15.740130, 463.16447, 21.073944, 447.96394, 420.74376,
15.752370, 483.40538, 21.087650, 448.59749, 421.57761,
15.764610, 482.61337, 20.489815, 449.25139, 422.42278,
15.776850, 494.72766, 21.350388, 449.92765, 423.27900,
15.789090, 446.20300, 20.771074, 450.62851, 424.14626,
15.801320, 490.90904, 22.677124, 451.35543, 425.02360,
15.813550, 517.87474, 24.846134, 452.11114, 425.91161,
15.825780, 508.75023, 24.005619, 452.89783, 426.81015,
15.838010, 522.39888, 24.261532, 453.71768, 427.71910,
15.850230, 491.61817, 23.604183, 454.57221, 428.63760,
15.862450, 497.89384, 24.156675, 455.46420, 429.56614,
15.874670, 470.74005, 25.017759, 456.39603, 430.50475,
15.886890, 516.05415, 26.004101, 457.36989, 431.45323,
15.899110, 526.44221, 26.286251, 458.38798, 432.41137,
15.911320, 523.76473, 24.794750, 459.45184, 433.37838,
15.923540, 523.76418, 25.520367, 460.56555, 434.35571,
15.935750, 480.30242, 26.183949, 461.72956, 435.34157,
15.947960, 514.69525, 27.468388, 462.94718, 436.33668,
15.960160, 520.65472, 27.006258, 464.21980, 437.34014,
15.972370, 612.43677, 30.207531, 465.55186, 438.35339,
15.984570, 534.81051, 27.295660, 466.94364, 439.37468,
15.996770, 502.43791, 27.166321, 468.39887, 440.40484,
16.008961, 493.28944, 27.977934, 469.91876, 441.44286,
16.021160, 503.65353, 28.912678, 471.50814, 442.49018,
16.033350, 474.65154, 29.246834, 473.16724, 443.54515,
16.045549, 512.63068, 28.756536, 474.90130, 444.60931,
16.057739, 522.55222, 29.639784, 476.71030, 445.68090,
16.069920, 541.57043, 30.695765, 478.59676, 446.75980,
16.082109, 531.25784, 30.617373, 480.56642, 447.84760,
16.094290, 475.32987, 30.066347, 482.61899, 448.94251,
16.106470, 541.20425, 32.083618, 484.75882, 450.04529,
16.118650, 517.80480, 30.735298, 486.98882, 451.15583,
16.130831, 523.78177, 30.171701, 489.31192, 452.27406,
16.143009, 498.97589, 30.191944, 491.73074, 453.39970,
16.155180, 526.91784, 32.286720, 494.24707, 454.53213,
16.167351, 536.00679, 37.000572, 496.86548, 455.67197,
16.179520, 486.93420, 33.309956, 499.58869, 456.81896,
16.191681, 513.01303, 31.398808, 502.41849, 457.97247,
16.203850, 533.51821, 35.308617, 505.36170, 459.13385,
16.216009, 494.63012, 35.349743, 508.41745, 460.30140,
16.228170, 523.31141, 41.865921, 511.59188, 461.47613,
16.240330, 559.00069, 39.729263, 514.88745, 462.65759,
16.252489, 482.90746, 39.597202, 518.30815, 463.84590,
16.264641, 505.32587, 38.941006, 521.85528, 465.04022,
16.276791, 523.61117, 43.028313, 525.53400, 466.24104,
16.288950, 482.07606, 43.065205, 529.35161, 467.44943,
16.301090, 499.36675, 52.167599, 533.29945, 468.66246,
16.313240, 636.37819, 54.004585, 537.37409, 469.88293,
16.325380, 625.82799, 57.141281, 541.55332, 471.10884,
16.337530, 577.23769, 37.073292, 545.82796, 472.34206,
16.349670, 644.22947, 32.608738, 550.17561, 473.58059,
16.361799, 645.00139, 30.950424, 554.57978, 474.82416,
16.373940, 702.98901, 37.957268, 559.03317, 476.07505,
16.386070, 727.84497, 36.229965, 563.51256, 477.33103,
16.398211, 803.31282, 40.468933, 568.00942, 478.59404,
16.410339, 696.55505, 33.753643, 572.50047, 479.86182,
16.422461, 741.26128, 35.674347, 576.97161, 481.13470,
16.434589, 757.51732, 39.249477, 581.41295, 482.41424,
16.446711, 727.77000, 38.666187, 585.80340, 483.69876,
16.458839, 696.74973, 34.100597, 590.13291, 484.98983,
16.470961, 717.05377, 40.184368, 594.38046, 486.28578,
16.483070, 654.41052, 37.661724, 598.52931, 487.58614,
16.495190, 645.96671, 51.484802, 602.57102, 488.89310,
16.500280, 746.08809, 35.132793, 604.23203, 489.44374,
16.513599, 679.90349, 31.490242, 608.46396, 490.88901,
16.526911, 641.86191, 28.075069, 612.51225, 492.34005,
16.540211, 648.27438, 28.709364, 616.35509, 493.79636,
16.553520, 668.08719, 29.602081, 619.97739, 495.26019,
16.566820, 679.94616, 30.673878, 623.35264, 496.72938,
16.580120, 641.96331, 29.468662, 626.46207, 498.20493,
16.593420, 616.66350, 27.315718, 629.28406, 499.68678,
16.606710, 617.75298, 27.750254, 631.79509, 501.17380,
16.620001, 619.77763, 28.050585, 633.98390, 502.66701,
16.633301, 662.81804, 29.797768, 635.87231, 504.16744,
16.646589, 646.13318, 29.914055, 637.48640, 505.67268,
16.659870, 667.34796, 28.280851, 638.85594, 507.18308,
16.673149, 655.16164, 26.850849, 640.01034, 508.69927,
16.686440, 628.23941, 25.545565, 640.97900, 510.22271,
16.699711, 659.79923, 26.362001, 641.78813, 511.74988,
16.712990, 666.72025, 28.009020, 642.46774, 513.28378,
16.726271, 666.17421, 28.580942, 643.04550, 514.82374,
16.739540, 643.52019, 26.472218, 643.54895, 516.36815,
16.752810, 666.91183, 26.081326, 644.00655, 517.91831,
16.766081, 683.66946, 26.273071, 644.44626, 519.47441,
16.779341, 641.34441, 26.677765, 644.89553, 521.03483,
16.792601, 620.24226, 27.909594, 645.38256, 522.60090,
16.805870, 630.49241, 27.411274, 645.93565, 524.17370,
16.819120, 640.14330, 26.503807, 646.58141, 525.74983,
16.832380, 651.17581, 24.666813, 647.34909, 527.33263,
16.845631, 640.78280, 23.150145, 648.26557, 528.91982,
16.858891, 628.93727, 23.697937, 649.36030, 530.51365,
16.872141, 660.49215, 25.510372, 650.65222, 532.11180,
16.885380, 665.41346, 25.849396, 652.13058, 533.71401,
16.898630, 682.50604, 25.582022, 653.78026, 535.32303,
16.911869, 682.99449, 24.791136, 655.58089, 536.93606,
16.925110, 661.57176, 24.557537, 657.51666, 538.55471,
16.938351, 663.66193, 26.035507, 659.56999, 540.17871,
16.951580, 681.73807, 27.733644, 661.72169, 541.80665,
16.964821, 675.73578, 28.417278, 663.95828, 543.44133,
16.978050, 683.69135, 27.391766, 666.25879, 545.07991,
16.991270, 683.84039, 26.552532, 668.60632, 546.72260,
17.004499, 704.66217, 25.647564, 670.98724, 548.37177,
17.017719, 797.97131, 26.941725, 673.38111, 550.02501,
17.030951, 1058.2066, 31.809072, 675.77473, 551.68496,
17.044161, 911.25627, 30.762434, 678.14528, 553.34752,
17.057381, 711.27872, 27.919729, 680.48127, 555.01653,
17.070601, 712.64215, 26.996799, 682.76398, 556.69079,
17.083811, 758.92242, 28.872860, 684.97478, 558.36908,
17.097019, 717.72440, 27.054279, 687.09800, 560.05235,
17.110229, 692.96142, 28.429169, 689.11714, 561.74110,
17.123430, 694.31163, 29.824734, 691.01339, 563.43386,
17.136641, 739.82433, 30.041626, 692.77224, 565.13307,
17.149839, 713.73812, 28.262711, 694.37364, 566.83604,
17.163040, 695.72575, 27.038338, 695.80195, 568.54449,
17.176229, 650.58772, 26.109932, 697.03844, 570.25670,
17.189430, 733.24048, 28.150948, 698.06764, 571.97563,
17.202620, 688.25152, 28.156137, 698.87527, 573.69832,
17.215811, 722.53271, 28.662073, 699.47082, 575.42652,
17.229000, 692.54997, 27.354782, 699.86763, 577.15973,
17.242180, 676.80155, 27.743076, 700.07913, 578.89696,
17.255369, 732.39839, 29.464880, 700.11890, 580.64073,
17.268551, 688.26546, 29.753590, 700.00001, 582.38879,
17.281719, 703.65803, 30.510519, 699.73593, 584.14039,
17.294901, 738.70404, 34.317192, 699.33908, 585.89910,
17.308069, 771.31665, 36.448845, 698.82310, 587.66136,
17.321251, 805.22444, 33.178436, 698.19975, 589.43077,
17.334410, 744.88604, 32.920681, 697.48355, 591.20248,
17.347580, 776.08512, 34.655739, 696.68538, 592.98114,
17.360750, 765.80107, 35.282806, 695.81842, 594.76521,
17.373911, 810.26150, 38.055157, 694.89591, 596.55344,
17.387070, 774.12035, 36.152206, 693.92986, 598.34687,
17.400230, 818.59878, 37.613838, 692.93246, 600.14605,
17.413380, 735.00257, 33.990231, 691.91716, 601.94919,
17.426540, 708.39492, 34.020889, 690.89463, 603.75944,
17.439690, 683.00824, 33.989120, 689.87902, 605.57368,
17.452841, 717.92164, 37.499313, 688.88171, 607.39380,
17.465981, 709.52157, 37.206787, 687.91608, 609.21796,
17.479130, 694.00498, 38.564102, 686.99299, 611.04911,
17.492270, 689.15426, 36.992176, 686.12622, 612.88464,
17.505409, 698.56597, 36.396702, 685.32754, 614.72590,
17.518551, 692.75763, 37.306789, 684.60935, 616.57320,
17.531679, 713.95560, 39.197300, 683.98492, 618.42444,
17.544821, 680.13349, 38.863564, 683.46559, 620.28341,
17.557949, 660.81256, 37.357414, 683.06506, 622.14638,
17.571079, 676.99965, 38.585266, 682.79545, 624.01556,
17.584200, 632.86740, 37.509026, 682.66966, 625.88935,
17.597330, 724.98304, 39.807415, 682.70040, 627.77053,
17.610451, 791.77821, 42.460648, 682.90060, 629.65640,
17.623569, 668.62665, 40.330090, 683.28323, 631.54812,
17.636690, 650.02737, 51.676781, 683.86160, 633.44628,
17.649799, 644.17783, 45.450062, 684.64391, 635.34899,
17.662910, 664.69792, 47.527267, 685.62282, 637.25823,
17.676029, 708.54066, 45.032337, 686.78686, 639.17492,
17.689131, 644.33719, 52.640831, 688.12169, 641.09546,
17.702240, 690.61988, 55.447670, 689.61778, 643.02355,
17.715349, 686.22169, 51.684502, 691.26265, 644.95813,
17.728451, 691.01862, 53.516670, 693.04357, 646.89813,
17.741550, 715.45032, 49.425781, 694.94962, 648.84445,
17.754641, 755.21506, 37.889282, 696.96805, 650.79602,
17.767740, 729.61607, 33.928211, 699.09043, 652.75574,
17.780830, 755.16020, 40.574379, 701.30235, 654.72083,
17.793921, 697.90274, 35.855282, 703.59406, 656.69277,
17.807011, 732.60099, 34.633118, 705.95435, 658.67165,
17.820101, 771.75979, 39.128075, 708.37207, 660.65753,
17.833179, 730.02919, 37.696079, 710.83391, 662.64874,
17.846270, 689.85489, 34.763733, 713.33311, 664.64884,
17.859341, 741.83512, 36.743835, 715.85276, 666.65324,
17.872419, 733.20172, 41.119526, 718.38696, 668.66609,
17.885500, 786.11707, 45.316910, 720.92357, 670.68662,
17.898569, 774.91868, 44.531219, 723.44901, 672.71283,
17.911640, 727.98153, 42.636673, 725.95486, 674.74686,
17.924709, 723.49276, 41.484932, 728.42937, 676.78820,
17.937780, 755.87712, 69.594398, 730.86222, 678.83755,
17.941250, 728.62633, 38.156479, 731.49952, 679.38281,
17.955721, 708.89742, 34.787304, 734.11273, 681.66306,
17.970181, 771.23246, 35.993259, 736.64024, 683.95118,
17.984650, 745.17429, 34.774559, 739.07059, 686.25064,
17.999109, 701.76483, 33.672409, 741.38541, 688.55853,
18.013571, 716.92992, 34.700233, 743.57133, 690.87680,
18.028021, 778.47075, 34.786934, 745.61112, 693.20342,
18.042480, 770.24716, 33.816311, 747.49230, 695.54193,
18.056931, 759.73665, 33.161171, 749.19682, 697.88937,
18.071381, 718.26258, 33.131187, 750.71027, 700.24742,
18.085819, 725.24189, 34.931087, 752.02116, 702.61435,
18.100269, 780.06307, 36.122498, 753.14210, 704.99406,
18.114710, 757.21116, 35.230309, 754.08712, 707.38325,
18.129150, 761.17386, 33.252289, 754.87259, 709.78364,
18.143579, 753.62569, 31.514700, 755.51346, 712.19348,
18.158020, 725.74755, 30.131525, 756.02608, 714.61675,
18.172449, 723.59564, 32.497433, 756.42482, 717.04976,
18.186880, 760.26338, 34.660503, 756.72529, 719.49494,
18.201300, 736.72164, 35.078495, 756.94229, 721.95017,
18.215719, 708.25769, 33.482479, 757.09105, 724.41757,
18.230150, 749.52197, 31.919622, 757.18651, 726.89928,
18.244560, 757.24989, 30.833700, 757.24334, 729.38990,
18.258980, 760.98656, 30.753069, 757.27650, 731.89488,
18.273390, 772.33650, 31.749956, 757.30074, 734.41108,
18.287800, 764.66195, 32.531719, 757.33083, 736.94035,
18.302210, 784.55669, 32.546871, 757.38154, 739.48288,
18.316620, 780.38208, 31.183107, 757.46764, 742.03888,
18.331020, 726.58468, 29.957897, 757.60384, 744.60685,
18.345421, 766.90084, 31.950602, 757.80498, 747.18866,
18.359819, 800.03255, 33.093422, 758.08590, 749.78420,
18.374210, 804.25156, 35.618141, 758.46129, 752.39263,
18.388611, 812.46848, 35.078358, 758.94662, 755.01728,
18.403000, 716.20450, 31.005804, 759.55620, 757.65455,
18.417379, 773.97512, 31.129009, 760.30497, 760.30497,
18.431770, 743.76319, 29.729183, 761.20601, 762.97274,
18.446150, 755.11358, 29.693356, 762.25685, 765.65429,
18.460529, 838.89478, 34.533016, 763.45398, 768.35247,
18.474911, 782.93335, 35.537762, 764.79352, 771.06842,
18.489281, 798.52545, 35.818859, 766.27013, 773.80036,
18.503660, 809.91961, 34.282848, 767.88209, 776.55304,
18.518030, 770.87853, 31.467863, 769.62350, 779.32360,
18.532391, 780.05481, 30.088831, 771.49047, 782.11278,
18.546761, 817.76011, 30.974297, 773.48193, 784.92505,
18.561119, 804.99092, 31.946129, 775.59148, 787.75711,
18.575480, 840.22534, 34.491611, 777.81762, 790.61236,
18.589840, 850.51156, 34.767506, 780.15679, 793.49124,
18.604191, 803.14675, 33.335480, 782.60413, 796.39261,
18.618549, 855.04894, 34.518707, 785.15947, 799.32076,
18.632900, 802.55234, 32.823212, 787.81704, 802.27340,
18.647240, 812.68930, 35.276245, 790.57301, 805.25052,
18.661591, 802.37387, 35.897606, 793.42891, 808.25771,
18.675930, 902.48567, 37.582611, 796.37739, 811.29101,
18.690269, 1075.2154, 40.108593, 799.41798, 814.35368,
18.704611, 1785.1367, 48.932686, 802.54844, 817.44697,
18.718941, 1567.8529, 43.373749, 805.76321, 820.56884,
18.733271, 961.54110, 35.319408, 809.06224, 823.72263,
18.747601, 873.27541, 36.991982, 812.44307, 826.90922,
18.761930, 825.25753, 38.633995, 815.90333, 830.12951,
18.776260, 835.78158, 40.169174, 819.44068, 833.38439,
18.790581, 884.28435, 40.730793, 823.05044, 836.67257,
18.804899, 882.94917, 37.022293, 826.73223, 839.99669,
18.819220, 877.67730, 35.862152, 830.48487, 843.35856,
18.833530, 865.73452, 36.103943, 834.30321, 846.75640,
18.847839, 876.17424, 35.610439, 838.18717, 850.19293,
18.862150, 883.54221, 38.885075, 842.13578, 853.67003,
18.876459, 855.77468, 41.344185, 846.14605, 857.18773,
18.890770, 917.49262, 41.941235, 850.21713, 860.74796,
18.905069, 886.83139, 41.749043, 854.34332, 864.34836,
18.919371, 902.66399, 40.911549, 858.52661, 867.99323,
18.933670, 893.41642, 41.749153, 862.76410, 871.68264,
18.947960, 939.03812, 46.492775, 867.05176, 875.41557,
18.962250, 898.24680, 44.993546, 871.39071, 879.19553,
18.976540, 914.72715, 46.823078, 875.77930, 883.02356,
18.990829, 910.01948, 46.571438, 880.21592, 886.90072,
19.005119, 983.40903, 46.177780, 884.69901, 890.82810,
19.019400, 868.06275, 41.402172, 889.22399, 894.80412,
19.033680, 893.90078, 42.579308, 893.79234, 898.83249,
19.047960, 900.73751, 45.091492, 898.40259, 902.91433,
19.062229, 911.06217, 50.672512, 903.04956, 907.04744,
19.076500, 897.08072, 59.846737, 907.73616, 911.23678,
19.090771, 837.02024, 46.993553, 912.46038, 915.48296,
19.105040, 886.00984, 48.639999, 917.22025, 919.78659,
19.119310, 948.49190, 49.479343, 922.01571, 924.15000,
19.133570, 876.74716, 45.029423, 926.84096, 928.57028,
19.147829, 897.46393, 48.146370, 931.69856, 933.05212,
19.162090, 890.08812, 51.667667, 936.58792, 937.59737,
19.176340, 927.04394, 55.368164, 941.50322, 942.20298,
19.190599, 972.25961, 59.423283, 946.45050, 946.87699,
19.204849, 974.66628, 59.897602, 951.42195, 951.61444,
19.219101, 893.41600, 55.024101, 956.42040, 956.42040,
19.233339, 917.59886, 52.025040, 961.43949, 961.29004,
19.247580, 1024.1613, 63.053719, 966.48422, 966.22517,
19.261820, 947.29992, 50.426025, 971.55375, 971.22089,
19.276060, 947.55276, 60.414917, 976.64792, 976.27299,
19.290300, 982.53777, 57.722950, 981.76660, 981.37725,
19.304529, 1099.5265, 69.816177, 986.90552, 986.52532,
19.318760, 981.82172, 66.685364, 992.06938, 991.71780,
19.332991, 923.54794, 64.973618, 997.25742, 996.94986,
19.347219, 889.55983, 62.894920, 1002.4689, 1002.2166,
19.361441, 975.91521, 68.728546, 1007.7016, 1007.5118,
19.375660, 1060.7752, 78.602158, 1012.9575, 1012.8334,
19.389879, 879.63063, 66.279373, 1018.2375, 1018.1780,
19.404100, 1072.2673, 75.778198, 1023.5422, 1023.5422,
19.418310, 919.77030, 69.067307, 1028.8666, 1028.9168,
19.432520, 1185.2675, 78.191483, 1034.2150, 1034.3021,
