# wave, flux, fluxerr, continuum, continuum_plateau
9.9725246, 671.11762, 36.562786, 671.11762, 671.11762,
9.9806166, 659.43218, 37.732456, 668.80688, 668.80511,
9.9887066, 687.32780, 33.860912, 666.59959, 666.59277,
9.9967957, 709.20757, 33.169502, 664.49562, 664.48088,
10.004880, 547.11828, 33.282215, 662.49610, 662.47095,
10.012970, 708.71755, 34.972393, 660.59870, 660.56102,
10.021050, 672.98882, 31.312981, 658.80721, 658.75523,
10.029140, 756.81969, 35.381271, 657.11770, 657.04997,
10.037220, 693.98354, 35.980701, 655.53467, 655.45009,
10.045300, 768.40384, 34.140804, 654.05622, 653.95397,
10.053380, 689.32412, 32.525581, 652.68256, 652.56211,
10.061460, 725.96968, 36.439537, 651.41443, 651.27552,
10.069540, 676.83470, 34.579136, 650.25195, 650.09457,
10.077610, 668.30829, 31.659454, 649.19704, 649.02146,
10.085690, 684.09200, 33.124062, 648.24753, 648.05418,
10.093760, 695.66205, 34.664055, 647.40618, 647.19575,
10.101830, 679.20915, 30.534828, 646.67232, 646.44567,
10.109900, 712.83233, 30.309614, 646.04645, 645.80460,
10.117970, 723.38306, 32.103851, 645.52928, 645.27344,
10.126040, 667.05913, 29.946245, 645.12135, 644.85285,
10.134100, 685.68861, 27.399927, 644.82360, 644.54391,
10.142170, 664.41054, 27.566128, 644.63591, 644.34660,
10.150230, 666.79358, 28.957432, 644.55944, 644.26219,
10.158300, 687.98717, 27.005520, 644.59474, 644.29127,
10.166360, 726.26040, 26.061844, 644.74241, 644.43455,
10.174420, 663.10803, 26.719162, 645.00324, 644.69283,
10.182470, 709.75520, 27.413063, 645.37743, 645.06636,
10.190530, 651.69172, 32.555134, 645.86672, 645.55687,
10.198590, 660.15531, 24.779955, 646.47163, 646.16490,
10.206640, 681.32955, 26.802525, 647.19198, 646.89021,
10.214690, 684.65935, 25.728369, 648.02937, 647.73439,
10.222750, 648.57737, 23.869011, 648.98592, 648.69951,
10.230800, 690.00302, 26.337242, 650.06032, 649.78415,
10.238850, 691.44690, 27.562283, 651.25460, 650.99028,
10.246890, 743.18414, 26.331573, 652.56814, 652.31714,
10.254940, 661.21349, 25.867661, 654.00508, 653.76879,
10.262990, 701.19881, 29.245846, 655.56500, 655.34465,
10.271030, 727.78539, 30.273998, 657.24692, 657.04355,
10.279070, 679.79687, 28.226889, 659.05351, 658.86799,
10.287120, 677.76412, 29.938572, 660.98872, 660.82175,
10.295150, 707.14054, 32.503716, 663.04615, 662.89816,
10.303190, 712.47351, 31.136116, 665.23460, 665.10584,
10.311230, 684.70191, 29.301723, 667.55241, 667.44286,
10.319270, 647.02690, 30.937241, 670.00141, 669.91077,
10.327300, 630.83718, 32.312668, 672.57917, 672.50683,
10.335340, 751.97474, 29.027035, 675.29342, 675.23849,
10.343370, 683.33426, 36.556805, 678.13942, 678.10066,
10.351400, 1005.3854, 40.416138, 681.12102, 681.09685,
10.359430, 750.02906, 35.378143, 684.23997, 684.22843,
10.367460, 720.13262, 32.549103, 687.49771, 687.49647,
10.375480, 729.55095, 34.497456, 690.89120, 690.89749,
10.383510, 716.39159, 37.863289, 694.43083, 694.44148,
10.391530, 705.51897, 37.181499, 698.10934, 698.12071,
10.399560, 752.98462, 31.792377, 701.93705, 701.94504,
10.407580, 646.85986, 26.386152, 705.90650, 705.90650,
10.415600, 692.83253, 28.685940, 710.02251, 710.00959,
10.423620, 731.33650, 29.660694, 714.28396, 714.25352,
10.431640, 747.37506, 28.789618, 718.68699, 718.63492,
10.439650, 719.09711, 30.071148, 723.22380, 723.14650,
10.447670, 773.57519, 31.334951, 727.90298, 727.79726,
10.455680, 758.41211, 29.402697, 732.70956, 732.57270,
10.463700, 801.77026, 29.974108, 737.65341, 737.48305,
10.471710, 773.59641, 32.210144, 742.71893, 742.51316,
10.479720, 799.20081, 33.578270, 747.90984, 747.66712,
10.487730, 825.90774, 31.985619, 753.22354, 752.94266,
10.495730, 979.34559, 34.975964, 758.65089, 758.33104,
10.503740, 1412.4470, 45.719799, 764.20229, 763.84286,
10.511750, 1423.7162, 44.889359, 769.86881, 769.46955,
10.519750, 1092.4200, 38.646420, 775.64029, 775.20129,
10.527750, 827.69823, 37.290783, 781.52232, 781.04389,
10.535750, 821.81680, 41.225883, 787.51179, 786.99447,
10.543750, 805.52515, 39.517853, 793.60553, 793.05013,
10.551750, 930.34464, 41.819714, 799.80262, 799.21013,
10.559750, 927.23301, 46.804073, 806.09920, 805.47085,
10.567850, 935.36758, 32.576347, 812.57508, 811.91186,
10.576350, 1017.9208, 35.239033, 819.47569, 818.77763,
10.584840, 1010.4238, 34.427795, 826.47270, 825.74181,
10.593340, 1032.8800, 32.352554, 833.58067, 832.81908,
10.601830, 1022.0981, 32.662170, 840.77935, 839.98942,
10.610330, 1001.0559, 34.436699, 848.08386, 847.26802,
10.618820, 986.58085, 33.524452, 855.47436, 854.63523,
10.627310, 1005.1787, 31.965101, 862.95553, 862.09583,
10.635800, 1031.2965, 34.057384, 870.52646, 869.64898,
10.644280, 1028.6436, 35.838585, 878.17422, 877.28187,
10.652770, 999.83345, 33.610931, 885.91432, 885.01003,
10.661250, 963.42817, 32.173710, 893.72685, 892.81365,
10.669740, 929.74656, 34.017792, 901.62688, 900.70781,
10.678220, 950.64915, 35.201828, 909.59417, 908.67234,
10.686700, 959.24434, 33.467686, 917.63512, 916.71361,
10.695180, 966.78899, 34.170090, 925.74727, 924.82920,
10.703650, 1006.4235, 37.308708, 933.91898, 933.00745,
10.712130, 1055.7502, 37.885696, 942.16531, 941.26341,
10.720600, 1025.0330, 35.236481, 950.46721, 949.57797,
10.729080, 1059.6650, 36.655350, 958.84006, 957.96654,
10.737550, 1104.2471, 38.840439, 967.26175, 966.40690,
10.746020, 1076.7124, 36.521343, 975.74123, 974.90797,
10.754490, 1146.3014, 35.577606, 984.27427, 983.46546,
10.762960, 1052.6745, 35.144356, 992.86051, 992.07893,
10.771420, 1128.6068, 37.588833, 1001.4850, 1000.7333,
10.779890, 1105.4420, 35.286499, 1010.1688, 1009.4497,
10.788350, 1029.2557, 32.769951, 1018.8872, 1018.2031,
10.796810, 1080.3503, 34.880920, 1027.6487, 1027.0020,
10.805270, 1038.2420, 35.053989, 1036.4510, 1035.8440,
10.813730, 1048.6093, 33.210896, 1045.2920, 1044.7269,
10.822190, 1023.0863, 32.062561, 1054.1694, 1053.6482,
10.830650, 1054.0039, 34.705986, 1063.0810, 1062.6057,
10.839100, 1004.9165, 33.874393, 1072.0136, 1071.5859,
10.847560, 1081.0208, 32.838116, 1080.9871, 1080.6087,
10.856010, 1048.7219, 32.666203, 1089.9782, 1089.6506,
10.864460, 1095.1548, 35.919945, 1098.9937, 1098.7182,
10.872910, 1054.8898, 35.246296, 1108.0325, 1107.8104,
10.881360, 1086.5351, 33.794106, 1117.0936, 1116.9258,
10.889800, 1099.4131, 35.490860, 1126.1624, 1126.0499,
10.898250, 1097.5963, 38.531479, 1135.2584, 1135.2019,
10.906690, 1229.7806, 40.763668, 1144.3589, 1144.3589,
10.915140, 1122.6194, 37.220871, 1153.4836, 1153.5406,
10.923580, 1172.3849, 41.054443, 1162.6089, 1162.7233,
10.932020, 1273.0048, 46.614590, 1171.7457, 1171.9176,
10.940460, 1331.4367, 46.701153, 1180.8931, 1181.1229,
10.948890, 1284.0678, 45.180973, 1190.0393, 1190.3271,
10.957330, 1361.9253, 49.678207, 1199.2063, 1199.5523,
10.965760, 1522.8664, 40.894203, 1208.3717, 1208.7761,
10.974200, 1651.5145, 38.892895, 1217.5557, 1218.0185,
10.982630, 1795.4830, 38.512421, 1226.7359, 1227.2570,
10.991060, 1780.4073, 38.684856, 1235.9240, 1236.5034,
10.999490, 2025.9454, 52.554199, 1245.1175, 1245.7550,
11.007920, 1887.8109, 44.243553, 1254.3177, 1255.0132,
11.016340, 1891.0560, 46.068462, 1263.5115, 1264.2647,
11.024770, 1821.9662, 45.492462, 1272.7203, 1273.5309,
11.033190, 1834.3409, 48.320419, 1281.9225, 1282.7901,
11.041610, 1890.2513, 50.556793, 1291.1279, 1292.0522,
11.050030, 1795.7028, 50.376293, 1300.3360, 1301.3164,
11.058450, 1861.6819, 55.250931, 1309.5461, 1310.5821,
11.066870, 1806.4119, 54.167900, 1318.7577, 1319.8486,
11.075290, 1815.5383, 56.346756, 1327.9701, 1329.1153,
11.083700, 1755.4843, 52.379745, 1337.1723, 1338.3709,
11.092120, 1837.0552, 57.272270, 1346.3846, 1347.6359,
11.100530, 1803.9344, 63.060341, 1355.5844, 1356.8875,
11.108940, 1986.2348, 60.474541, 1364.7836, 1366.1376,
11.117350, 2119.1310, 86.377640, 1373.9796, 1375.3835,
11.120570, 2149.8813, 54.700264, 1377.5007, 1378.9234,
11.129530, 2232.6617, 52.665619, 1387.2940, 1388.7683,
11.138500, 2519.3256, 55.112484, 1397.0946, 1398.6192,
11.147460, 2795.9037, 60.068054, 1406.8789, 1408.4522,
11.156430, 3396.2777, 65.848274, 1416.6689, 1418.2897,
11.165390, 3949.6465, 67.098831, 1426.4411, 1428.1078,
11.174350, 4661.0017, 71.846519, 1436.2062, 1437.9172,
11.183300, 5553.1911, 82.434181, 1445.9531, 1447.7066,
11.192260, 6372.8152, 87.755508, 1455.7017, 1457.4960,
11.201220, 6672.9558, 85.437538, 1465.4410, 1467.2744,
11.210170, 6585.1346, 85.337372, 1475.1598, 1477.0303,
11.219120, 6739.7459, 91.082687, 1484.8678, 1486.7735,
11.228070, 6728.3200, 90.449623, 1494.5643, 1496.5031,
11.237020, 6742.3509, 86.508888, 1504.2473, 1506.2173,
11.245970, 6694.3769, 88.359062, 1513.9184, 1515.9173,
11.254920, 6545.2376, 90.777245, 1523.5755, 1525.6012,
11.263860, 6575.9990, 90.709953, 1533.2067, 1535.2570,
11.272800, 6378.6090, 85.799141, 1542.8236, 1544.8961,
11.281750, 6018.3456, 85.538345, 1552.4336, 1554.5260,
11.290690, 5935.6586, 88.385254, 1562.0174, 1564.1273,
11.299630, 5700.9011, 85.587334, 1571.5826, 1573.7075,
11.308560, 5496.4048, 82.317490, 1581.1190, 1583.2566,
11.317500, 5180.7512, 82.174393, 1590.6464, 1592.7941,
11.326430, 4928.7384, 84.054688, 1600.1436, 1602.2988,
11.335370, 4673.7951, 80.479546, 1609.6300, 1611.7902,
11.344300, 4527.1300, 76.943130, 1619.0847, 1621.2472,
11.353230, 4355.4458, 76.771790, 1628.5169, 1630.6791,
11.362160, 4247.8262, 78.796783, 1637.9248, 1640.0842,
11.371080, 4059.0844, 75.242699, 1647.2997, 1649.4534,
11.380010, 3913.4828, 71.084564, 1656.6586, 1658.8041,
11.388930, 3753.0322, 70.184601, 1665.9828, 1668.1173,
11.397850, 3677.7075, 72.227020, 1675.2794, 1677.4003,
11.406780, 3609.8426, 70.100731, 1684.5595, 1686.6640,
11.415700, 3371.9555, 64.600479, 1693.8004, 1695.8859,
11.424610, 3365.2189, 66.333618, 1703.0022, 1705.0662,
11.433530, 3207.1022, 66.959396, 1712.1840, 1714.2235,
11.442450, 3184.0184, 65.687599, 1721.3348, 1723.3474,
11.451360, 3122.4020, 62.034950, 1730.4440, 1732.4271,
11.460270, 3024.1346, 63.135719, 1739.5206, 1741.4715,
11.469180, 2919.2345, 64.042061, 1748.5636, 1750.4799,
11.478090, 2807.1363, 62.230549, 1757.5721, 1759.4512,
11.487000, 2829.0485, 59.904251, 1766.5452, 1768.3847,
11.495910, 2741.2605, 60.708168, 1775.4810, 1777.2785,
11.504810, 2609.2286, 61.435547, 1784.3710, 1786.1242,
11.513710, 2717.4834, 62.357246, 1793.2218, 1794.9284,
11.522620, 2587.9444, 58.706875, 1802.0437, 1803.7016,
11.531520, 2582.9047, 59.989140, 1810.8152, 1812.4221,
11.540420, 2464.8431, 60.992771, 1819.5455, 1821.0995,
11.549310, 2459.5049, 60.940369, 1828.2243, 1829.7237,
11.558210, 2427.0835, 58.591885, 1836.8703, 1838.3130,
11.567100, 2390.1018, 58.834015, 1845.4610, 1846.8454,
11.576000, 2415.7668, 62.579021, 1854.0176, 1855.3420,
11.584890, 2375.1765, 62.193604, 1862.5179, 1863.7809,
11.593780, 2277.6429, 59.598583, 1870.9700, 1872.1703,
11.602670, 2210.4532, 59.276001, 1879.3747, 1880.5111,
11.611560, 2069.7769, 61.137978, 1887.7299, 1888.8014,
11.620440, 2226.7919, 64.478577, 1896.0249, 1897.0306,
11.629330, 2068.9743, 60.777149, 1904.2780, 1905.2172,
11.638210, 2040.1327, 60.392937, 1912.4695, 1913.3417,
11.647090, 2000.6090, 64.306541, 1920.6064, 1921.4111,
11.655970, 2107.0676, 67.787781, 1928.6882, 1929.4254,
11.664850, 2020.5571, 51.902176, 1936.7148, 1937.3845,
11.673730, 2081.9407, 42.706879, 1944.6831, 1945.2856,
11.682600, 2035.8510, 44.674587, 1952.5844, 1953.1202,
11.691480, 2031.7918, 46.647881, 1960.4344, 1960.9041,
11.700350, 2097.4352, 48.590759, 1968.2150, 1968.6198,
11.709220, 2099.2920, 53.185402, 1975.9335, 1976.2744,
11.718090, 2089.1446, 50.182499, 1983.5885, 1983.8671,
11.726960, 2003.3985, 50.804802, 1991.1787, 1991.3969,
11.735830, 2123.4192, 54.842583, 1998.7029, 1998.8626,
11.744690, 2044.6377, 72.548264, 2006.1509, 2006.2546,
11.753560, 2037.0599, 53.923889, 2013.5390, 2013.5893,
11.762420, 1993.0489, 52.614166, 2020.8484, 2020.8484,
11.771280, 1993.5427, 89.494118, 2028.0873, 2028.0402,
11.775020, 2035.9527, 56.782997, 2031.1207, 2031.0547,
11.784500, 1999.1821, 58.435368, 2038.7536, 2038.6419,
11.793980, 2021.4969, 57.556656, 2046.3020, 2046.1479,
11.803460, 2021.6777, 56.101562, 2053.7667, 2053.5730,
11.812940, 2045.7848, 54.630840, 2061.1453, 2060.9146,
11.822420, 2025.4661, 56.289570, 2068.4382, 2068.1730,
11.831890, 2061.2039, 55.922119, 2075.6359, 2075.3384,
11.841360, 2163.2452, 55.666702, 2082.7455, 2082.4176,
11.850840, 2182.3429, 55.207672, 2089.7731, 2089.4166,
11.860310, 2213.4624, 57.173119, 2096.7033, 2096.3200,
11.869770, 2179.8054, 56.362774, 2103.5355, 2103.1268,
11.879240, 2292.8133, 55.485558, 2110.2822, 2109.8497,
11.888710, 2242.4043, 53.906425, 2116.9355, 2116.4803,
11.898170, 2275.3559, 55.878441, 2123.4876, 2123.0110,
11.907630, 2273.6077, 56.858238, 2129.9433, 2129.4466,
11.917090, 2322.9180, 55.529190, 2136.3029, 2135.7870,
11.926550, 2381.1662, 55.149471, 2142.5637, 2142.0298,
11.936010, 2392.0063, 56.322266, 2148.7258, 2148.1750,
11.945470, 2464.4171, 58.352928, 2154.7865, 2154.2199,
11.954920, 2502.8105, 57.395737, 2160.7392, 2160.1580,
11.964370, 2447.8884, 55.341141, 2166.5887, 2165.9941,
11.973830, 2494.3110, 56.783566, 2172.3398, 2171.7331,
11.983280, 2472.8987, 58.707195, 2177.9784, 2177.3610,
11.992720, 2513.7831, 58.511463, 2183.5034, 2182.8768,
12.002170, 2491.0083, 57.002686, 2188.9255, 2188.2913,
12.011610, 2435.9529, 56.159576, 2194.2316, 2193.5917,
12.021060, 2480.7014, 58.626774, 2199.4308, 2198.7874,
12.030500, 2438.1488, 57.746773, 2204.5112, 2203.8663,
12.039940, 2406.2168, 55.770748, 2209.4757, 2208.8320,
12.049380, 2435.4829, 55.599022, 2214.3238, 2213.6839,
12.058820, 2416.8275, 57.448982, 2219.0527, 2218.4196,
12.068250, 2457.1699, 58.729889, 2223.6565, 2223.0336,
12.077690, 2426.4330, 56.955673, 2228.1433, 2227.5342,
12.087120, 2420.9241, 56.177101, 2232.5010, 2231.9099,
12.096550, 2417.8213, 57.744713, 2236.7331, 2236.1642,
12.105980, 2288.5436, 57.493526, 2240.8374, 2240.2957,
12.115410, 2325.1205, 56.366661, 2244.8121, 2244.3028,
12.124830, 2267.8302, 54.634048, 2248.6513, 2248.1800,
12.134260, 2335.4276, 57.201393, 2252.3608, 2251.9338,
12.143680, 2304.6466, 59.081924, 2255.9306, 2255.5546,
12.153100, 2332.1823, 58.975998, 2259.3630, 2259.0454,
12.162520, 2316.7254, 57.315643, 2262.6557, 2262.4041,
12.171940, 2285.1375, 57.945511, 2265.8059, 2265.6290,
12.181360, 2218.2917, 59.290390, 2268.8122, 2268.7189,
12.190770, 2301.0388, 60.942001, 2271.6687, 2271.6687,
12.200180, 2244.1143, 58.784149, 2274.3774, 2274.4809,
12.209600, 2309.7615, 59.989594, 2276.9429, 2277.1595,
12.219010, 2204.2502, 60.929935, 2279.3621, 2279.7003,
12.228420, 2320.2466, 64.172966, 2281.6405, 2282.1081,
12.237820, 2320.1727, 63.095078, 2283.7782, 2284.3822,
12.247230, 2434.6794, 64.136154, 2285.7826, 2286.5293,
12.256630, 2395.4280, 65.289719, 2287.6519, 2288.5465,
12.266040, 2985.8491, 75.732468, 2289.3921, 2290.4395,
12.275440, 4246.5302, 88.836235, 2291.0021, 2292.2063,
12.284840, 3455.6860, 78.801018, 2292.4860, 2293.8502,
12.294230, 2541.8499, 69.548820, 2293.8449, 2295.3717,
12.303630, 2460.7148, 77.230949, 2295.0835, 2296.7751,
12.313030, 2437.2742, 73.924774, 2296.2029, 2298.0609,
12.322420, 2579.9225, 73.882767, 2297.2040, 2299.2291,
12.331810, 2598.3125, 58.689545, 2298.0902, 2300.2827,
12.341200, 2570.1920, 49.775467, 2298.8636, 2301.2234,
12.350590, 2661.0493, 52.780918, 2299.5262, 2302.0527,
12.359980, 2709.3666, 54.994133, 2300.0800, 2302.7721,
12.369360, 2865.1367, 57.936451, 2300.5266, 2303.3825,
12.378750, 2722.8239, 57.267830, 2300.8688, 2303.8866,
12.388130, 2667.3908, 56.892555, 2301.1078, 2304.2849,
12.397510, 2663.1694, 56.756504, 2301.2458, 2304.5794,
12.406890, 2721.8981, 55.706856, 2301.2847, 2304.7717,
12.416270, 2774.4449, 55.105412, 2301.2262, 2304.8630,
12.425640, 2710.4513, 54.569611, 2301.0724, 2304.8549,
12.435020, 2700.5804, 56.461388, 2300.8246, 2304.7488,
12.444390, 2825.8873, 57.946381, 2300.4850, 2304.5463,
12.453760, 2925.7857, 58.643543, 2300.0551, 2304.2487,
12.463130, 2792.0447, 58.180527, 2299.5365, 2303.8574,
12.472500, 2843.5328, 62.665253, 2298.9309, 2303.3738,
12.481870, 2962.5929, 74.593033, 2298.2397, 2302.7992,
12.489420, 2946.9385, 71.144852, 2297.6216, 2302.2708,
12.499490, 3071.9081, 74.182716, 2296.7138, 2301.4768,
12.509550, 3118.1885, 72.054916, 2295.7133, 2300.5830,
12.519610, 3146.0045, 69.714500, 2294.6211, 2299.5904,
12.529670, 3151.3122, 69.820160, 2293.4391, 2298.5005,
12.539730, 3223.3295, 72.554802, 2292.1688, 2297.3149,
12.549780, 3236.0583, 77.618271, 2290.8136, 2296.0366,
12.559840, 3309.9527, 70.980591, 2289.3722, 2294.6645,
12.569890, 3367.3630, 68.777252, 2287.8494, 2293.2029,
12.579940, 3384.4581, 70.463417, 2286.2453, 2291.6521,
12.589990, 3417.8177, 70.768906, 2284.5615, 2290.0136,
12.600040, 3614.1909, 70.172318, 2282.7994, 2288.2887,
12.610090, 3542.1548, 67.249969, 2280.9609, 2286.4792,
12.620130, 3636.4380, 69.234787, 2279.0492, 2284.5884,
12.630170, 3625.2296, 69.663559, 2277.0640, 2282.6159,
12.640210, 3710.1708, 69.926712, 2275.0067, 2280.5633,
12.650250, 3578.5880, 65.735924, 2272.8787, 2278.4319,
12.660290, 3652.2886, 66.158844, 2270.6818, 2276.2235,
12.670330, 3670.9178, 67.127007, 2268.4168, 2273.9390,
12.680360, 3882.3238, 69.545906, 2266.0878, 2271.5827,
12.690390, 3962.5590, 67.957108, 2263.6938, 2269.1534,
12.700420, 4123.5494, 68.118805, 2261.2357, 2266.6525,
12.710450, 4125.3740, 68.665649, 2258.7154, 2264.0817,
12.720480, 4102.5494, 70.222122, 2256.1338, 2261.4422,
12.730500, 4149.9905, 71.516197, 2253.4948, 2258.7379,
12.740530, 4159.8996, 67.583031, 2250.7945, 2255.9651,
12.750550, 4079.4958, 65.924271, 2248.0391, 2253.1304,
12.760570, 4084.4470, 68.592865, 2245.2277, 2250.2328,
12.770590, 4146.7713, 68.714127, 2242.3608, 2247.2731,
12.780610, 4091.2139, 66.638519, 2239.4397, 2244.2527,
12.790620, 4391.9834, 64.945969, 2236.4688, 2241.1764,
12.800640, 8219.5160, 96.831772, 2233.4428, 2238.0390,
12.810650, 14145.283, 125.90699, 2230.3691, 2234.8482,
12.820660, 7748.3086, 90.345810, 2227.2458, 2231.6023,
12.830670, 3814.5724, 62.237633, 2224.0733, 2228.3020,
12.840680, 3288.9812, 59.567089, 2220.8534, 2224.9493,
12.850680, 3160.8976, 59.569168, 2217.5899, 2221.5484,
12.860690, 3031.0026, 59.189014, 2214.2775, 2218.0941,
12.870690, 2987.1116, 58.014885, 2210.9235, 2214.5941,
12.880690, 2810.9064, 55.622726, 2207.5260, 2211.0469,
12.890690, 2744.5195, 56.274567, 2204.0852, 2207.4529,
12.900680, 2613.4742, 56.342628, 2200.6060, 2203.8176,
12.910680, 2626.4685, 56.734329, 2197.0821, 2200.1345,
12.920670, 2549.8414, 54.579895, 2193.5217, 2196.4125,
12.930670, 2459.7671, 54.264645, 2189.9181, 2192.6451,
12.940660, 2366.4742, 54.839226, 2186.2795, 2188.8410,
12.950640, 2376.5978, 56.371040, 2182.6073, 2185.0022,
12.960630, 2389.4759, 55.670708, 2178.8941, 2181.1211,
12.970620, 2333.6562, 54.748249, 2175.1451, 2177.2036,
12.980600, 2268.1726, 54.948887, 2171.3645, 2173.2543,
12.990580, 2287.1827, 57.931679, 2167.5498, 2169.2711,
13.000560, 2220.4174, 56.961418, 2163.7010, 2165.2543,
13.010540, 2227.0678, 56.859505, 2159.8192, 2161.2056,
13.020520, 2172.0216, 55.817898, 2155.9051, 2157.1259,
13.030490, 2165.9599, 58.026562, 2151.9637, 2153.0209,
13.040470, 2155.6305, 59.658489, 2147.9873, 2148.8829,
13.050440, 2158.9753, 60.115524, 2143.9850, 2144.7220,
13.060410, 2202.8500, 60.145481, 2139.9533, 2140.5347,
13.070380, 2104.2969, 59.658039, 2135.8925, 2136.3220,
13.080350, 2179.7905, 63.981426, 2131.8041, 2132.0856,
13.090310, 2073.3864, 63.882111, 2127.6922, 2127.8305,
13.100280, 2183.6562, 64.982803, 2123.5495, 2123.5495,
13.110240, 2088.1033, 62.865829, 2119.3849, 2119.2521,
13.120200, 2092.8114, 66.470543, 2115.1955, 2114.9352,
13.130160, 2049.1036, 68.373093, 2110.9828, 2110.6002,
13.140110, 2130.4215, 56.701958, 2106.7523, 2106.2529,
13.150070, 2130.4742, 46.100384, 2102.4967, 2101.8853,
13.160020, 2069.8403, 46.634636, 2098.2260, 2097.5077,
13.169980, 2095.8499, 49.984299, 2093.9327, 2093.1123,
13.179930, 2107.5366, 51.058468, 2089.6270, 2088.7095,
13.189870, 2113.0958, 52.540230, 2085.3099, 2084.3000,
13.199820, 2137.8100, 52.514950, 2080.9744, 2079.8767,
13.209770, 2068.8886, 50.822540, 2076.6253, 2075.4445,
13.219710, 2062.4136, 50.658539, 2072.2691, 2071.0097,
13.229650, 2082.6193, 52.106850, 2067.9029, 2066.5694,
13.239590, 2095.6024, 79.603348, 2063.5269, 2062.1238,
13.249530, 2067.4031, 51.459175, 2059.1430, 2057.6746,
13.259470, 2057.2542, 50.423790, 2054.7523, 2053.2229,
13.269410, 2082.8336, 53.658939, 2050.3562, 2048.7700,
13.279340, 2059.4122, 56.915558, 2045.9604, 2044.3218,
13.289270, 2006.5820, 56.478539, 2041.5611, 2039.8742,
13.299200, 2040.6987, 58.926052, 2037.1606, 2035.4295,
13.309130, 2044.1101, 63.362671, 2032.7594, 2030.9883,
13.318260, 2074.6453, 50.279373, 2028.7131, 2026.9087,
13.328980, 2016.1093, 47.282536, 2023.9643, 2022.1250,
13.339690, 1985.8660, 47.817650, 2019.2238, 2017.3544,
13.350400, 2079.7046, 49.129448, 2014.4886, 2012.5935,
13.361120, 2064.5020, 48.168915, 2009.7555, 2007.8393,
13.371830, 2078.6321, 45.161964, 2005.0354, 2003.1025,
13.382530, 1983.0065, 43.752781, 2000.3294, 1998.3842,
13.393240, 2040.1312, 45.303307, 1995.6306, 1993.6775,
13.403940, 2045.7211, 45.453484, 1990.9491, 1988.9923,
13.414650, 2044.3163, 55.742844, 1986.2780, 1984.3216,
13.425350, 2072.6959, 43.281765, 1981.6272, 1979.6755,
13.436050, 2087.4301, 42.434368, 1976.9942, 1975.0512,
13.446740, 2064.9100, 42.911102, 1972.3851, 1970.4546,
13.457440, 2107.8607, 43.620872, 1967.7924, 1965.8784,
13.468130, 2122.3647, 41.568054, 1963.2266, 1961.3331,
13.478830, 2157.3972, 41.045250, 1958.6806, 1956.8111,
13.489520, 2086.0916, 40.105602, 1954.1648, 1952.3230,
13.500200, 2128.7324, 41.905846, 1949.6803, 1947.8698,
13.510890, 2188.2943, 41.347733, 1945.2209, 1943.4450,
13.521570, 2272.2831, 41.138283, 1940.7960, 1939.0581,
13.532260, 2268.4938, 39.871990, 1936.3996, 1934.7028,
13.542940, 2230.1094, 40.149101, 1932.0410, 1930.3885,
13.553620, 2196.0002, 41.119850, 1927.7181, 1926.1127,
13.564290, 2180.1651, 40.171391, 1923.4368, 1921.8812,
13.574970, 2233.7106, 39.562119, 1919.1903, 1917.6873,
13.585640, 2155.1450, 37.888870, 1914.9888, 1913.5407,
13.596320, 2119.2719, 38.885040, 1910.8257, 1909.4349,
13.606990, 2141.0371, 39.476574, 1906.7110, 1905.3795,
13.617650, 2154.0129, 39.474705, 1902.6460, 1901.3756,
13.628320, 2110.1958, 37.483295, 1898.6251, 1897.4177,
13.638980, 2078.9685, 37.559502, 1894.6575, 1893.5144,
13.649650, 2032.6470, 37.905773, 1890.7379, 1889.6603,
13.660310, 2016.7273, 38.609028, 1886.8751, 1885.8640,
13.670970, 2019.2669, 38.060646, 1883.0675, 1882.1237,
13.681630, 1974.5059, 36.819725, 1879.3170, 1878.4409,
13.692280, 1994.8794, 37.827858, 1875.6291, 1874.8209,
13.702940, 1960.7186, 37.945984, 1871.9986, 1871.2581,
13.713590, 1960.5709, 39.407433, 1868.4345, 1867.7613,
13.724240, 1955.8982, 38.258018, 1864.9349, 1864.3282,
13.734890, 1906.9274, 37.586914, 1861.5026, 1860.9611,
13.745530, 1884.0897, 37.623268, 1858.1421, 1857.6644,
13.756180, 1844.8988, 38.744873, 1854.8497, 1854.4339,
13.766820, 1859.6668, 39.524818, 1851.6332, 1851.2770,
13.777460, 1869.7966, 39.158070, 1848.4918, 1848.1925,
13.788100, 1876.0949, 39.163338, 1845.4278, 1845.1821,
13.798740, 1826.4473, 38.987595, 1842.4432, 1842.2477,
13.809380, 1836.4654, 41.316143, 1839.5407, 1839.3911,
13.820010, 1828.6324, 41.465771, 1836.7244, 1836.6161,
13.830640, 1826.3325, 41.409077, 1833.9944, 1833.9223,
13.841270, 1853.4202, 41.368675, 1831.3527, 1831.3111,
13.851900, 1798.8181, 41.928650, 1828.8021, 1828.7848,
13.862530, 1850.6060, 50.369781, 1826.3448, 1826.3448,
13.873150, 1789.4095, 44.630123, 1823.9843, 1823.9944,
13.883780, 1839.4701, 44.935040, 1821.7149, 1821.7282,
13.894400, 1824.0496, 44.229195, 1819.5380, 1819.5484,
13.905020, 1793.4281, 45.639854, 1817.4493, 1817.4509,
13.915640, 1815.1499, 47.685104, 1815.4462, 1815.4340,
13.926250, 1829.0027, 48.931305, 1813.5281, 1813.4975,
13.936870, 1892.2632, 49.435043, 1811.6894, 1811.6363,
13.947480, 1846.5675, 48.343407, 1809.9307, 1809.8514,
13.958090, 1849.4612, 51.090824, 1808.2484, 1808.1399,
13.968700, 1904.0136, 53.662910, 1806.6400, 1806.4995,
13.979310, 1971.8984, 56.490288, 1805.1036, 1804.9287,
13.989910, 1863.2878, 53.919220, 1803.6381, 1803.4271,
14.000520, 1870.3947, 54.872375, 1802.2387, 1801.9900,
14.011120, 1798.7517, 55.318356, 1800.9060, 1800.6184,
14.021720, 1808.5419, 58.779480, 1799.6364, 1799.3091,
14.032320, 1860.2010, 62.513283, 1798.4279, 1798.0606,
14.042920, 1832.1436, 61.228165, 1797.2786, 1796.8709,
14.053510, 1849.0698, 62.287521, 1796.1874, 1795.7396,
14.064110, 1905.4045, 65.690468, 1795.1502, 1794.6627,
14.074700, 1785.1253, 70.416130, 1794.1670, 1793.6405,
14.085290, 1872.1302, 71.785980, 1793.2351, 1792.6705,
14.095870, 1885.9791, 52.467072, 1792.3530, 1791.7517,
14.106460, 1873.1277, 42.232933, 1791.5175, 1790.8808,
14.117040, 1893.7930, 43.531448, 1790.7281, 1790.0576,
14.127630, 1919.7746, 48.306355, 1789.9815, 1789.2791,
14.138210, 1954.2180, 49.442818, 1789.2773, 1788.5450,
14.148790, 1852.2908, 49.707821, 1788.6130, 1787.8531,
14.159370, 1967.3737, 50.820919, 1787.9867, 1787.2016,
14.169940, 1910.6332, 50.222088, 1787.3972, 1786.5895,
14.180520, 1952.0932, 88.756500, 1786.8417, 1786.0141,
14.182090, 2026.2988, 51.746948, 1786.7621, 1785.9318,
14.193560, 2037.0911, 51.482819, 1786.2018, 1785.3537,
14.205030, 1991.9850, 54.125404, 1785.6775, 1784.8151,
14.216500, 2098.4563, 57.409760, 1785.1870, 1784.3142,
14.227970, 2049.5006, 56.494991, 1784.7280, 1783.8487,
14.239430, 2027.6569, 54.184486, 1784.2988, 1783.4170,
14.250890, 1927.1347, 52.508251, 1783.8969, 1783.0168,
14.262350, 1893.5844, 54.894390, 1783.5200, 1782.6460,
14.273810, 1918.2602, 56.947449, 1783.1660, 1782.3026,
14.285270, 1892.8406, 56.042381, 1782.8330, 1781.9847,
14.296730, 1965.0630, 52.308865, 1782.5186, 1781.6903,
14.308180, 1868.6361, 49.936371, 1782.2212, 1781.4175,
14.319630, 1860.7798, 50.008507, 1781.9383, 1781.1642,
14.331080, 1854.5843, 50.792835, 1781.6678, 1780.9283,
14.342530, 1904.3503, 49.674858, 1781.4078, 1780.7081,
14.353970, 1937.5765, 46.533863, 1781.1563, 1780.5015,
14.365410, 1965.2717, 45.846127, 1780.9111, 1780.3066,
14.376860, 1857.4216, 43.995274, 1780.6699, 1780.1211,
14.388300, 1836.6455, 45.377792, 1780.4311, 1779.9434,
14.399730, 1812.6430, 43.437786, 1780.1927, 1779.7717,
14.411170, 1792.8115, 40.733700, 1779.9520, 1779.6035,
14.422600, 1814.2159, 39.634716, 1779.7077, 1779.4374,
14.434030, 1754.6854, 39.010612, 1779.4574, 1779.2711,
14.445460, 1793.8436, 40.884209, 1779.1990, 1779.1028,
14.456890, 1764.6438, 39.147488, 1778.9305, 1778.9305,
14.468320, 1765.8907, 37.839149, 1778.6506, 1778.7529,
14.479740, 1815.5888, 36.245739, 1778.3617, 1778.5715,
14.491160, 1803.6726, 36.739853, 1778.0663, 1778.3883,
14.502580, 1794.5172, 37.659401, 1777.7672, 1778.2053,
14.514000, 1745.2049, 36.975296, 1777.4672, 1778.0245,
14.525420, 1781.6506, 36.087257, 1777.1690, 1777.8480,
14.536830, 1841.9030, 34.757904, 1776.8759, 1777.6778,
14.548240, 1792.3970, 35.121410, 1776.5902, 1777.5160,
14.559650, 1731.3344, 41.961788, 1776.3148, 1777.3645,
14.571060, 1780.8317, 36.844433, 1776.0525, 1777.2254,
14.582470, 1782.2430, 35.527359, 1775.8061, 1777.1008,
14.593870, 1790.4125, 47.506065, 1775.5786, 1776.9926,
14.605270, 1766.4464, 35.847008, 1775.3727, 1776.9030,
14.616670, 1750.0932, 35.233593, 1775.1911, 1776.8338,
14.628070, 1730.3098, 50.666035, 1775.0367, 1776.7872,
14.639470, 1789.1837, 37.163990, 1774.9124, 1776.7652,
14.650860, 1753.0278, 34.877018, 1774.8210, 1776.7698,
14.662260, 1783.2459, 35.722912, 1774.7654, 1776.8032,
14.673650, 1772.9676, 36.212547, 1774.7484, 1776.8672,
14.685040, 1743.8728, 37.819031, 1774.7730, 1776.9641,
14.696420, 1760.9272, 37.798096, 1774.8420, 1777.0956,
14.707810, 1766.6031, 37.434013, 1774.9585, 1777.2642,
14.719190, 1742.7397, 37.342945, 1775.1252, 1777.4716,
14.730570, 1769.2582, 38.422100, 1775.3453, 1777.7200,
14.741950, 1806.2122, 41.541382, 1775.6217, 1778.0116,
14.753330, 1779.2358, 41.245644, 1775.9574, 1778.3483,
14.764700, 1776.3270, 41.166000, 1776.3553, 1778.7320,
14.776080, 1805.4992, 41.265114, 1776.8190, 1779.1655,
14.787450, 1794.7894, 42.258919, 1777.3508, 1779.6500,
14.798820, 1787.3983, 45.123035, 1777.9544, 1780.1882,
14.810190, 1790.9175, 45.579193, 1778.6330, 1780.7821,
14.821550, 1780.0852, 46.440144, 1779.3890, 1781.4332,
14.832920, 1796.4647, 45.897240, 1780.2269, 1782.1449,
14.844280, 1749.9870, 46.226738, 1781.1487, 1782.9181,
14.855640, 1796.5696, 50.419697, 1782.1584, 1783.7556,
14.866990, 1786.0170, 51.476128, 1783.2584, 1784.6587,
14.878350, 1812.8117, 53.032578, 1784.4539, 1785.6311,
14.889710, 1778.6284, 52.273308, 1785.7476, 1786.6745,
14.901060, 1810.3288, 53.689960, 1787.1415, 1787.7898,
14.912410, 1784.4358, 56.323891, 1788.6405, 1788.9802,
14.923760, 1749.7643, 57.133144, 1790.2482, 1790.2482,
14.935100, 1749.1911, 58.946388, 1791.9653, 1791.5938,
14.946450, 1857.5207, 58.216881, 1793.7938, 1793.0194,
14.957790, 1836.5124, 57.250515, 1795.7276, 1794.5211,
14.969130, 1835.2983, 58.842617, 1797.7660, 1796.0992,
14.980470, 1776.7080, 58.369308, 1799.9067, 1797.7527,
14.991810, 1834.1808, 60.792542, 1802.1473, 1799.4807,
15.003140, 1799.8620, 58.401726, 1804.4835, 1801.2807,
15.014480, 1820.3179, 57.557751, 1806.9168, 1803.1544,
15.025810, 1755.3015, 57.404026, 1809.4414, 1805.0982,
15.037140, 1788.6336, 59.086056, 1812.0566, 1807.1123,
15.048460, 1810.9351, 61.924232, 1814.7583, 1809.1942,
15.059790, 1774.7908, 59.932037, 1817.5489, 1811.3465,
15.071110, 1790.7192, 58.334789, 1820.4218, 1813.5647,
15.082440, 1775.6742, 46.154587, 1823.3800, 1815.8517,
15.093750, 1725.0803, 38.506435, 1826.4133, 1818.2004,
15.105070, 1737.2791, 40.220562, 1829.5282, 1820.6162,
15.116390, 1806.2656, 42.259048, 1832.7199, 1823.0963,
15.127700, 1797.9996, 42.372948, 1835.9836, 1825.6372,
15.139020, 1779.0944, 44.477932, 1839.3237, 1828.2431,
15.150330, 1801.5097, 49.946190, 1842.7320, 1830.9081,
15.162390, 1917.6345, 69.422455, 1846.4432, 1833.8170,
15.174730, 1837.2306, 53.113998, 1850.3206, 1836.8640,
15.187070, 1792.7250, 51.384983, 1854.2764, 1839.9811,
15.199410, 1833.2424, 53.566380, 1858.3090, 1843.1679,
15.211740, 1835.6020, 50.403492, 1862.4123, 1846.4199,
15.224080, 1783.4611, 47.048096, 1866.5919, 1849.7424,
15.236410, 1834.7433, 44.738846, 1870.8383, 1853.1284,
15.248740, 1883.7250, 46.118546, 1875.1533, 1856.5798,
15.261060, 1880.9386, 48.539669, 1879.5310, 1860.0927,
15.273390, 1813.5915, 46.187687, 1883.9771, 1863.6720,
15.285710, 1808.5828, 45.571720, 1888.4827, 1867.3112,
15.298030, 1820.8108, 41.808739, 1893.0489, 1871.0118,
15.310350, 1803.9497, 42.608948, 1897.6747, 1874.7734,
15.322660, 1867.1207, 45.218819, 1902.3541, 1878.5918,
15.334980, 1829.3110, 45.554482, 1907.0929, 1882.4721,
15.347290, 1770.6479, 45.103851, 1911.8823, 1886.4076,
15.359600, 1858.8436, 43.690361, 1916.7241, 1890.4004,
15.371900, 1859.5916, 43.979225, 1921.6126, 1894.4464,
15.384210, 1892.4683, 46.097816, 1926.5547, 1898.5514,
15.396510, 1848.0930, 47.865902, 1931.5407, 1902.7082,
15.408810, 1963.9189, 51.821335, 1936.5726, 1906.9187,
15.421110, 1941.8812, 49.047142, 1941.6496, 1911.1829,
15.433410, 1903.4653, 48.521423, 1946.7695, 1915.4993,
15.445700, 1967.2859, 50.654400, 1951.9276, 1919.8641,
15.457990, 1957.2962, 53.986191, 1957.1287, 1924.2799,
15.470280, 1962.2354, 57.608067, 1962.3737, 1928.7461,
15.482570, 1980.5777, 55.835648, 1967.6638, 1933.2618,
15.494860, 1957.0180, 53.580219, 1973.0002, 1937.8264,
15.507140, 2003.0639, 51.570496, 1978.3797, 1942.4357,
15.519420, 2163.2598, 54.154015, 1983.8073, 1947.0920,
15.531700, 2451.7446, 159.60300, 1989.2851, 1951.7955,
15.543980, 4460.0704, 78.466606, 1994.8133, 1956.5447,
15.556260, 4714.1342, 71.873428, 2000.3943, 1961.3398,
15.568530, 2583.9853, 48.631817, 2006.0240, 1966.1756,
15.580800, 1957.6750, 43.227058, 2011.7084, 1971.0556,
15.593070, 2018.6793, 45.948669, 2017.4490, 1975.9791,
15.605340, 2056.4638, 45.026539, 2023.2471, 1980.9455,
15.617600, 2047.9354, 43.347954, 2029.0995, 1985.9503,
15.629860, 2060.9496, 40.414936, 2035.0118, 1990.9964,
15.642120, 2056.2965, 38.778549, 2040.9863, 1996.0840,
15.654380, 2011.9339, 39.656292, 2047.0236, 2001.2117,
15.666640, 2049.9914, 40.616268, 2053.1262, 2006.3797,
15.678890, 2122.1979, 41.363499, 2059.2900, 2011.5827,
15.691140, 2102.7432, 39.178913, 2065.5217, 2016.8244,
15.703390, 2096.2968, 37.208679, 2071.8229, 2022.1044,
15.715640, 2124.6244, 38.661995, 2078.1954, 2027.4221,
15.727890, 2132.7401, 39.373451, 2084.6410, 2032.7770,
15.740130, 2120.7699, 40.875504, 2091.1561, 2038.1644,
15.752370, 2148.4784, 40.810383, 2097.7473, 2043.5874,
15.764610, 2144.5050, 39.142677, 2104.4173, 2049.0465,
15.776850, 2187.5104, 40.172703, 2111.1669, 2054.5402,
15.789090, 2184.9729, 41.025154, 2117.9992, 2060.0690,
15.801320, 2141.6680, 42.856979, 2124.9097, 2065.6272,
15.813550, 2249.9210, 45.931931, 2131.9061, 2071.2190,
15.825780, 2257.7366, 44.909374, 2138.9906, 2076.8439,
15.838010, 2224.7411, 45.350830, 2146.1654, 2082.5016,
15.850230, 2227.2233, 46.446636, 2153.4267, 2088.1870,
15.862450, 2229.2407, 48.723785, 2160.7819, 2093.9038,
15.874670, 2294.1800, 53.857700, 2168.2343, 2099.6523,
15.886890, 2330.6279, 54.916710, 2175.7858, 2105.4318,
15.899110, 2353.5562, 56.287518, 2183.4379, 2111.2412,
15.911320, 2276.2278, 55.773224, 2191.1878, 2117.0762,
15.923540, 2234.2503, 56.580616, 2199.0505, 2122.9458,
15.935750, 2326.5530, 62.496258, 2207.0152, 2128.8395,
15.947960, 2292.6827, 63.233047, 2215.0910, 2134.7620,
15.960160, 2250.5398, 61.302189, 2223.2742, 2140.7083,
15.972370, 2302.7468, 61.164009, 2231.5804, 2146.6873,
15.984570, 2366.5993, 58.954071, 2239.9986, 2152.6887,
15.996770, 2294.7503, 58.505928, 2248.5394, 2158.7177,
16.008961, 2366.2058, 60.433517, 2257.1983, 2164.7689,
16.021160, 2364.7019, 59.670231, 2265.9911, 2170.8508,
16.033350, 2300.4029, 57.963890, 2274.9077, 2176.9541,
16.045549, 2325.4849, 56.099815, 2283.9652, 2183.0878,
16.057739, 2358.3357, 55.404186, 2293.1526, 2189.2422,
16.069920, 2272.5745, 54.422691, 2302.4728, 2195.4168,
16.082109, 2298.4724, 55.091087, 2311.9438, 2201.6209,
16.094290, 2232.3673, 55.184959, 2321.5541, 2207.8445,
16.106470, 2238.3532, 58.266987, 2331.3145, 2214.0921,
16.118650, 2292.9469, 55.476097, 2341.2286, 2220.3634,
16.130831, 2241.6249, 54.316059, 2351.3000, 2226.6581,
16.143009, 2246.4916, 54.394417, 2361.5309, 2232.9749,
16.155180, 2260.0873, 55.598396, 2371.9200, 2239.3104,
16.167351, 2237.2024, 57.068718, 2382.4776, 2245.6683,
16.179520, 2368.9982, 58.278748, 2393.2059, 2252.0474,
16.191681, 2413.5345, 58.351135, 2404.1038, 2258.4443,
16.203850, 2456.9457, 60.148849, 2415.1892, 2264.8667,
16.216009, 2405.4061, 60.672005, 2426.4505, 2271.3053,
16.228170, 2469.9566, 64.119370, 2437.9026, 2277.7658,
16.240330, 2339.9419, 64.697792, 2449.5464, 2284.2461,
16.252489, 2413.2429, 64.945152, 2461.3881, 2290.7467,
16.264641, 2458.9046, 67.253731, 2473.4204, 2297.2633,
16.276791, 2624.8944, 71.946861, 2485.6315, 2303.7988,
16.288950, 2500.6214, 71.882736, 2498.0116, 2310.3590,
16.301090, 2628.0060, 78.404915, 2510.5100, 2316.9282,
16.313240, 2598.9696, 80.400993, 2523.1345, 2323.5216,
16.325380, 2641.5174, 82.374039, 2535.8441, 2330.1287,
16.337530, 2827.6062, 62.679176, 2548.6376, 2336.7596,
16.349670, 2920.1577, 58.627964, 2561.4737, 2343.4036,
16.361799, 3002.9852, 59.637459, 2574.3292, 2350.0593,
16.373940, 3189.2084, 63.755676, 2587.2072, 2356.7393,
16.386070, 3380.1177, 67.131615, 2600.0644, 2363.4315,
16.398211, 3455.6753, 70.409966, 2612.9000, 2370.1465,
16.410339, 3506.3503, 71.759605, 2625.6707, 2376.8722,
16.422461, 3511.6864, 72.655586, 2638.3595, 2383.6107,
16.434589, 3601.3980, 78.730392, 2650.9614, 2390.3701,
16.446711, 3482.5105, 76.841072, 2663.4393, 2397.1418,
16.458839, 3412.9174, 77.231964, 2675.7877, 2403.9341,
16.470961, 3341.3835, 75.741722, 2687.9698, 2410.7382,
16.483070, 3302.2136, 71.967415, 2699.9608, 2417.5517,
16.495190, 3221.2074, 97.379974, 2711.7600, 2424.3863,
16.500280, 3301.3413, 71.895599, 2716.6511, 2427.2618,
16.513599, 3152.6211, 61.765633, 2729.2501, 2434.7979,
16.526911, 3046.0992, 56.672356, 2741.5333, 2442.3480,
16.540211, 2986.1778, 57.062733, 2753.4689, 2449.9098,
16.553520, 3012.5321, 58.458565, 2765.0464, 2457.4948,
16.566820, 3017.3244, 60.045723, 2776.2201, 2465.0920,
16.580120, 2854.4367, 57.556801, 2786.9686, 2472.7066,
16.593420, 2831.4665, 55.015408, 2797.2620, 2480.3383,
16.606710, 2878.7618, 56.003895, 2807.0634, 2487.9815,
16.620001, 2749.6162, 56.724754, 2816.3497, 2495.6413,
16.633301, 2785.3621, 60.424488, 2825.1129, 2503.3231,
16.646589, 2836.5420, 64.676048, 2833.3907, 2511.0146,
16.659870, 2854.6129, 64.370163, 2841.2540, 2518.7177,
16.673149, 2948.6899, 65.828506, 2848.7739, 2526.4355,
16.686440, 2887.8914, 65.208115, 2856.0246, 2534.1756,
16.699711, 2884.4308, 66.486816, 2863.0565, 2541.9200,
16.712990, 2969.8341, 68.892105, 2869.9507, 2549.6841,
16.726271, 2993.2225, 66.595337, 2876.7705, 2557.4643,
16.739540, 2958.2513, 61.583794, 2883.5757, 2565.2527,
16.752810, 2969.3177, 57.516891, 2890.4385, 2573.0558,
16.766081, 3040.0772, 54.947906, 2897.4263, 2580.8745,
16.779341, 2928.0546, 54.138393, 2904.5984, 2588.7007,
16.792601, 2982.8204, 55.540565, 2912.0271, 2596.5411,
16.805870, 3000.9317, 54.344772, 2919.7849, 2604.4011,
16.819120, 2979.6758, 51.693352, 2927.9214, 2612.2636,
16.832380, 2922.8655, 47.936363, 2936.5209, 2620.1454,
16.845631, 2907.7876, 46.144581, 2945.6381, 2628.0350,
16.858891, 2933.5736, 48.136497, 2955.3540, 2635.9436,
16.872141, 2957.0255, 50.138817, 2965.6995, 2643.8596,
16.885380, 3055.5179, 51.673462, 2976.6249, 2651.7819,
16.898630, 3060.5049, 50.466743, 2988.0795, 2659.7238,
16.911869, 3037.1481, 47.903038, 2999.9747, 2667.6717,
16.925110, 3088.8116, 49.404167, 3012.2532, 2675.6332,
16.938351, 3130.6637, 51.874039, 3024.8449, 2683.6073,
16.951580, 3079.2871, 54.435608, 3037.6702, 2691.5867,
16.964821, 3109.0841, 58.141968, 3050.6834, 2699.5852,
16.978050, 3104.0616, 57.513561, 3063.7941, 2707.5889,
16.991270, 3175.8091, 57.489471, 3076.9362, 2715.5987,
17.004499, 3208.8924, 59.096996, 3090.0610, 2723.6261,
17.017719, 3945.4552, 69.189545, 3103.0819, 2731.6594,
17.030951, 5333.8304, 86.830246, 3115.9518, 2739.7112,
17.044161, 4225.9835, 78.937981, 3128.5717, 2747.7617,
17.057381, 3302.0798, 65.663696, 3140.9030, 2755.8294,
17.070601, 3162.2060, 60.611404, 3152.8685, 2763.9083,
17.083811, 3152.8657, 57.756271, 3164.3917, 2771.9926,
17.097019, 3166.3302, 56.627842, 3175.4114, 2780.0867,
17.110229, 3186.7574, 58.786007, 3185.8620, 2788.1928,
17.123430, 3237.6607, 58.793674, 3195.6659, 2796.3040,
17.136641, 3227.1263, 55.956924, 3204.7678, 2804.4318,
17.149839, 3210.1523, 53.693035, 3213.0834, 2812.5632,
17.163040, 3194.7942, 54.067871, 3220.5517, 2820.7063,
17.176229, 3235.6685, 51.943653, 3227.0953, 2828.8528,
17.189430, 3213.1701, 53.219002, 3232.6748, 2837.0168,
17.202620, 3281.6911, 54.628323, 3237.3121, 2845.1840,
17.215811, 3330.3254, 54.909908, 3241.0643, 2853.3626,
17.229000, 3187.2972, 52.271103, 3243.9813, 2861.5502,
17.242180, 3298.1591, 52.302193, 3246.1128, 2869.7420,
17.255369, 3278.1996, 58.072224, 3247.5117, 2877.9497,
17.268551, 3299.9372, 57.376289, 3248.2254, 2886.1626,
17.281719, 3328.2353, 58.981194, 3248.3041, 2894.3770,
17.294901, 3445.2103, 62.596066, 3247.7964, 2902.6095,
17.308069, 3428.9408, 63.197533, 3246.7513, 2910.8435,
17.321251, 3439.1986, 63.095558, 3245.2144, 2919.0955,
17.334410, 3525.0650, 65.739471, 3243.2379, 2927.3428,
17.347580, 3513.2552, 70.406204, 3240.8642, 2935.6068,
17.360750, 3516.5289, 73.646049, 3238.1417, 2943.8804,
17.373911, 3648.3693, 82.276817, 3235.1192, 2952.1574,
17.387070, 3551.9324, 82.910370, 3231.8418, 2960.4427,
17.400230, 3473.0890, 79.400833, 3228.3545, 2968.7385,
17.413380, 3611.6466, 79.151596, 3224.7072, 2977.0364,
17.426540, 3541.0833, 77.161148, 3220.9394, 2985.3509,
17.439690, 3540.7080, 77.286652, 3217.1033, 2993.6674,
17.452841, 3384.2946, 75.134384, 3213.2409, 3001.9943,
17.465981, 3325.9598, 74.263130, 3209.4017, 3010.3231,
17.479130, 3331.9439, 72.569038, 3205.6252, 3018.6671,
17.492270, 3391.2146, 69.387726, 3201.9626, 3027.0142,
17.505409, 3183.7258, 65.461403, 3198.4567, 3035.3704,
17.518551, 3265.6762, 68.205093, 3195.1529, 3043.7368,
17.531679, 3179.8524, 68.261108, 3192.1007, 3052.1038,
17.544821, 3269.2211, 69.918030, 3189.3398, 3060.4883,
17.557949, 3071.6212, 66.361557, 3186.9221, 3068.8733,
17.571079, 3150.2416, 66.625847, 3184.8906, 3077.2685,
17.584200, 3145.0426, 66.570984, 3183.2933, 3085.6665,
17.597330, 3220.4964, 68.636070, 3182.1748, 3094.0796,
17.610451, 3111.1994, 69.417313, 3181.5838, 3102.4955,
17.623569, 3125.2327, 71.979080, 3181.5554, 3110.9192,
17.636690, 3305.9480, 78.372978, 3182.0806, 3119.3530,
17.649799, 3199.6739, 77.286057, 3183.1384, 3127.7883,
17.662910, 3235.3574, 78.854431, 3184.7099, 3136.2338,
17.676029, 3310.1221, 83.483383, 3186.7769, 3144.6931,
17.689131, 3378.2811, 88.805313, 3189.3163, 3153.1502,
17.702240, 3293.6674, 91.640541, 3192.3137, 3161.6212,
17.715349, 3303.1663, 98.524826, 3195.7495, 3170.1011,
17.728451, 3337.8383, 102.96731, 3199.6032, 3178.5850,
17.741550, 3397.1924, 93.286644, 3203.8585, 3187.0767,
17.754641, 3327.9683, 66.878929, 3208.4947, 3195.5710,
17.767740, 3426.0763, 70.851173, 3213.5016, 3204.0806,
17.780830, 3299.5440, 70.023781, 3218.8547, 3212.5929,
17.793921, 3394.2895, 70.660561, 3224.5409, 3221.1142,
17.807011, 3431.2870, 70.998543, 3230.5436, 3229.6446,
17.820101, 3364.4950, 67.414139, 3236.8466, 3238.1840,
17.833179, 3368.6545, 66.719910, 3243.4276, 3246.7250,
17.846270, 3417.4914, 66.535660, 3250.2824, 3255.2825,
17.859341, 3366.5702, 66.789642, 3257.3790, 3263.8367,
17.872419, 3371.3409, 68.962906, 3264.7158, 3272.4051,
17.885500, 3441.2295, 72.711739, 3272.2745, 3280.9839,
17.898569, 3241.5759, 70.107330, 3280.0318, 3289.5644,
17.911640, 3319.2153, 70.500679, 3287.9802, 3298.1554,
17.924709, 3227.7826, 66.060066, 3296.1025, 3306.7544,
17.937780, 3330.0135, 100.16395, 3304.3859, 3315.3641,
17.941250, 3493.8625, 74.308182, 3306.6096, 3317.6509,
17.955721, 3367.9303, 67.904045, 3315.9886, 3327.1964,
17.970181, 3374.4259, 65.806892, 3325.5132, 3336.7460,
17.984650, 3310.1158, 65.314171, 3335.1774, 3346.3135,
17.999109, 3457.0263, 68.295639, 3344.9485, 3355.8864,
18.013571, 3403.3477, 68.314690, 3354.8147, 3365.4723,
18.028021, 3408.7992, 66.745041, 3364.7472, 3375.0626,
18.042480, 3346.1171, 63.947609, 3374.7409, 3384.6711,
18.056931, 3341.5325, 64.158714, 3384.7632, 3394.2853,
18.071381, 3411.5984, 67.119095, 3394.8044, 3403.9116,
18.085819, 3415.7689, 73.116371, 3404.8527, 3413.5425,
18.100269, 3333.9408, 77.211159, 3414.9233, 3423.1933,
18.114710, 3598.2355, 83.809128, 3425.0011, 3432.8502,
18.129150, 3483.3336, 82.355972, 3435.0919, 3442.5195,
18.143579, 3467.8770, 79.740784, 3445.1872, 3452.1938,
18.158020, 3482.8563, 76.696121, 3455.3024, 3461.8884,
18.172449, 3424.8593, 75.443352, 3465.4206, 3471.5882,
18.186880, 3390.8641, 73.220833, 3475.5509, 3481.3022,
18.201300, 3471.2286, 71.361893, 3485.6830, 3491.0215,
18.215719, 3505.1650, 66.622581, 3495.8245, 3500.7540,
18.230150, 3496.7246, 61.218319, 3505.9829, 3510.5074,
18.244560, 3538.1023, 59.337311, 3516.1347, 3520.2602,
18.258980, 3573.5818, 60.618576, 3526.3009, 3530.0329,
18.273390, 3515.8570, 61.712791, 3536.4674, 3539.8128,
18.287800, 3560.8485, 63.895844, 3546.6404, 3549.6065,
18.302210, 3556.9410, 63.542503, 3556.8193, 3559.4142,
18.316620, 3515.8265, 60.393028, 3567.0037, 3569.2360,
18.331020, 3486.4254, 59.310902, 3577.1861, 3579.0656,
18.345421, 3597.6694, 63.522911, 3587.3729, 3588.9096,
18.359819, 3516.9905, 66.103806, 3597.5620, 3598.7669,
18.374210, 3602.6219, 73.035805, 3607.7490, 3608.6336,
18.388611, 3638.6873, 78.580009, 3617.9454, 3618.5218,
18.403000, 3632.8640, 77.815422, 3628.1359, 3628.4172,
18.417379, 3654.6579, 77.339622, 3638.3213, 3638.3213,
18.431770, 3583.2976, 73.574173, 3648.5162, 3648.2488,
18.446150, 3682.0996, 71.490829, 3658.7054, 3658.1851,
18.460529, 3657.7213, 72.179161, 3668.8985, 3668.1391,
18.474911, 3737.4903, 72.828857, 3679.0981, 3678.1135,
18.489281, 3699.3073, 68.368690, 3689.2961, 3688.1001,
18.503660, 3666.4961, 63.826637, 3699.5088, 3698.1147,
18.518030, 3653.4131, 59.268799, 3709.7241, 3708.1452,
18.532391, 3784.1025, 58.630501, 3719.9432, 3718.1928,
18.546761, 3754.0464, 60.019176, 3730.1812, 3728.2721,
18.561119, 3746.1369, 61.859257, 3740.4245, 3738.3696,
18.575480, 3722.4107, 63.402885, 3750.6840, 3748.4959,
18.589840, 3757.0026, 64.359497, 3760.9598, 3758.6508,
18.604191, 3841.0022, 63.999954, 3771.2464, 3768.8289,
18.618549, 3818.4655, 62.513660, 3781.5577, 3779.0436,
18.632900, 3826.6857, 64.089180, 3791.8840, 3789.2853,
18.647240, 3912.7789, 71.184433, 3802.2242, 3799.5525,
18.661591, 4123.6635, 79.274147, 3812.5961, 3809.8629,
18.675930, 4840.7757, 91.514771, 3822.9848, 3820.2012,
18.690269, 9242.9537, 131.11288, 3833.4000, 3830.5771,
18.704611, 18943.027, 182.13896, 3843.8446, 3840.9932,
18.718941, 13269.298, 137.47830, 3854.3105, 3851.4410,
18.733271, 5803.9815, 87.707512, 3864.8076, 3861.9303,
18.747601, 4303.1721, 80.091713, 3875.3374, 3872.4624,
18.761930, 4124.1928, 78.549850, 3885.9017, 3883.0386,
18.776260, 4099.9938, 78.042847, 3896.5020, 3893.6603,
18.790581, 4071.1205, 73.019302, 3907.1329, 3904.3218,
18.804899, 4129.7213, 68.788361, 3917.8019, 3915.0300,
18.819220, 4160.3046, 67.759438, 3928.5133, 3925.7892,
18.833530, 4083.0637, 67.128838, 3939.2605, 3936.5923,
18.847839, 4091.6432, 66.860718, 3950.0508, 3947.4462,
18.862150, 4109.2515, 72.342453, 3960.8891, 3958.3555,
18.876459, 4068.1228, 74.145607, 3971.7742, 3969.3185,
18.890770, 4204.2423, 73.498222, 3982.7109, 3980.3398,
18.905069, 4237.1953, 74.224144, 3993.6910, 3991.4104,
18.919371, 4141.1227, 75.013252, 4004.7266, 4002.5422,
18.933670, 4383.9325, 80.458374, 4015.8168, 4013.7336,
18.947960, 4321.3055, 85.612785, 4026.9577, 4024.9802,
18.962250, 3918.3606, 89.854660, 4038.1586, 4036.2911,
18.976540, 4144.2331, 98.688309, 4049.4218, 4047.6676,
18.990829, 4522.2696, 108.63835, 4060.7494, 4059.1115,
19.005119, 4282.0519, 99.114006, 4072.1437, 4070.6243,
19.019400, 4270.8493, 91.638359, 4083.5993, 4082.1999,
19.033680, 4267.5338, 86.866043, 4095.1260, 4093.8476,
19.047960, 4319.2342, 90.608047, 4106.7263, 4105.5690,
19.062229, 4381.4561, 92.569672, 4118.3932, 4117.3564,
19.076500, 4312.9005, 110.49043, 4130.1400, 4129.2225,
19.090771, 4228.8353, 89.603714, 4141.9677, 4141.1673,
19.105040, 4360.1034, 87.129135, 4153.8773, 4153.1909,
19.119310, 4158.9298, 78.334808, 4165.8747, 4165.2985,
19.133570, 4261.3337, 80.683029, 4177.9513, 4177.4802,
19.147829, 4226.4980, 83.511253, 4190.1194, 4189.7477,
19.162090, 4444.2951, 89.880913, 4202.3836, 4202.1044,
19.176340, 4269.1377, 89.466507, 4214.7352, 4214.5405,
19.190599, 4202.7461, 94.180939, 4227.1953, 4227.0762,
19.204849, 4376.9897, 94.883247, 4239.7504, 4239.6966,
19.219101, 4199.4993, 93.762245, 4252.4137, 4252.4137,
19.233339, 4111.0383, 97.210167, 4265.1728, 4265.2143,
19.247580, 4371.7949, 107.02680, 4278.0359, 4278.1077,
19.261820, 4287.1394, 111.85505, 4290.9942, 4291.0862,
19.276060, 4349.7318, 124.20598, 4304.0407, 4304.1441,
19.290300, 4635.9701, 141.75087, 4317.1683, 4317.2756,
19.304529, 4297.7124, 124.19899, 4330.3596, 4330.4643,
19.318760, 4462.8385, 123.05525, 4343.6199, 4343.7169,
19.332991, 4469.1724, 121.77230, 4356.9407, 4357.0258,
19.347219, 4378.4625, 114.96828, 4370.3135, 4370.3836,
19.361441, 4412.7454, 111.64407, 4383.7262, 4383.7792,
19.375660, 4445.2375, 118.32820, 4397.1773, 4397.2124,
19.389879, 4158.5735, 111.70260, 4410.6621, 4410.6792,
19.404100, 4266.2529, 108.70810, 4424.1759, 4424.1759,
19.418310, 4585.7628, 116.96402, 4437.6992, 4437.6841,
19.432520, 4665.0526, 119.42948, 4451.2364, 4451.2091,
