# wave, flux, fluxerr, continuum, continuum_plateau
9.9725246, 819.97323, 25.931278, 748.66870, 748.64890,
9.9806166, 777.80101, 26.635731, 745.24561, 745.23714,
9.9887066, 708.74445, 23.493544, 741.93838, 741.93634,
9.9967957, 733.08744, 22.353523, 738.74706, 738.74706,
10.004880, 667.44182, 22.164593, 735.67360, 735.67172,
10.012970, 806.66059, 22.268148, 732.71460, 732.70739,
10.021050, 759.77547, 19.363037, 729.87617, 729.86061,
10.029140, 758.95001, 19.957525, 727.15224, 727.12573,
10.037220, 727.63176, 20.951061, 724.55019, 724.51057,
10.045300, 865.37348, 19.685230, 722.06709, 722.01257,
10.053380, 751.21714, 18.143309, 719.70341, 719.63255,
10.061460, 697.35594, 19.344187, 717.46042, 717.37216,
10.069540, 713.20278, 19.060507, 715.33839, 715.23199,
10.077610, 755.02331, 17.572508, 713.34091, 713.21596,
10.085690, 743.48402, 18.294090, 711.46381, 711.32017,
10.093760, 669.06970, 18.982937, 709.71240, 709.55023,
10.101830, 716.80584, 17.894064, 708.08528, 707.90499,
10.109900, 751.65231, 17.514277, 706.58318, 706.38543,
10.117970, 742.41719, 18.968863, 705.20742, 704.99307,
10.126040, 812.40796, 19.586121, 703.95878, 703.72890,
10.134100, 756.02743, 17.694487, 702.83964, 702.59552,
10.142170, 684.81752, 17.759352, 701.84813, 701.59116,
10.150230, 686.20888, 19.286861, 700.98780, 700.71956,
10.158300, 717.53784, 18.613092, 700.25770, 699.97988,
10.166360, 789.83632, 18.424667, 699.66076, 699.37516,
10.174420, 733.73357, 19.594906, 699.19705, 698.90555,
10.182470, 718.84124, 20.132656, 698.86818, 698.57274,
10.190530, 678.37800, 22.050961, 698.67453, 698.37714,
10.198590, 730.51687, 18.974567, 698.61782, 698.32051,
10.206640, 732.07656, 20.400621, 698.69918, 698.40397,
10.214690, 740.67042, 19.665051, 698.91975, 698.62866,
10.222750, 714.73103, 17.958038, 699.28139, 698.99641,
10.230800, 695.36588, 18.995804, 699.78463, 699.50768,
10.238850, 633.11169, 19.707935, 700.43124, 700.16417,
10.246890, 737.00724, 18.910860, 701.22163, 700.96618,
10.254940, 723.78434, 18.583340, 702.15915, 701.91698,
10.262990, 669.89333, 19.987310, 703.24449, 703.01708,
10.271030, 757.85095, 21.007984, 704.47763, 704.26631,
10.279070, 746.68444, 19.547947, 705.86119, 705.66710,
10.287120, 799.97737, 21.105663, 707.39902, 707.22314,
10.295150, 836.08526, 23.179449, 709.08667, 708.92967,
10.303190, 668.09849, 20.979618, 710.93198, 710.79435,
10.311230, 677.68734, 19.951477, 712.93432, 712.81625,
10.319270, 730.82801, 22.639719, 715.09593, 714.99733,
10.327300, 765.95934, 24.949047, 717.41525, 717.33566,
10.335340, 687.17234, 22.763523, 719.89987, 719.83856,
10.343370, 726.33299, 21.067146, 722.54609, 722.50191,
10.351400, 811.39300, 26.868452, 725.35805, 725.32948,
10.359430, 779.31858, 27.065844, 728.33801, 728.32310,
10.367460, 717.71045, 25.350296, 731.48794, 731.48432,
10.375480, 756.87444, 28.050550, 734.80542, 734.81025,
10.383510, 704.44283, 32.345444, 738.30121, 738.31115,
10.391530, 716.07310, 31.920437, 741.96872, 741.97993,
10.399560, 765.89454, 25.505705, 745.81882, 745.82690,
10.407580, 768.38667, 22.800488, 749.84456, 749.84456,
10.415600, 716.95458, 22.404547, 754.05108, 754.03766,
10.423620, 781.91390, 23.164616, 758.43652, 758.40470,
10.431640, 791.15409, 22.872004, 762.99595, 762.94135,
10.439650, 825.54234, 21.576744, 767.72035, 767.63913,
10.447670, 836.05850, 21.461151, 772.61776, 772.50653,
10.455680, 789.60752, 20.120111, 777.67165, 777.52759,
10.463700, 771.86308, 18.618704, 782.89154, 782.71219,
10.471710, 781.88458, 20.076902, 788.26012, 788.04356,
10.479720, 821.81037, 20.699112, 793.78048, 793.52517,
10.487730, 915.15776, 20.276022, 799.44905, 799.15381,
10.495730, 1155.3619, 22.208046, 805.25527, 804.91935,
10.503740, 1902.9585, 29.337275, 811.20946, 810.83237,
10.511750, 2029.0960, 30.459253, 817.30131, 816.88292,
10.519750, 1217.1572, 24.801165, 823.51913, 823.05967,
10.527750, 944.51724, 26.414200, 829.86816, 829.36810,
10.535750, 960.12408, 30.369965, 836.34429, 835.80436,
10.543750, 924.94681, 30.061945, 842.94339, 842.36456,
10.551750, 919.35188, 31.000607, 849.66370, 849.04718,
10.559750, 1017.6469, 36.371990, 856.50034, 855.84755,
10.567850, 1033.4798, 25.626842, 863.53939, 862.85152,
10.576350, 1037.0077, 24.481701, 871.04753, 870.32482,
10.584840, 1069.9829, 24.237608, 878.66719, 877.91191,
10.593340, 1024.0414, 21.623930, 886.41339, 885.62788,
10.601830, 1076.5340, 21.562737, 894.26324, 893.45008,
10.610330, 1090.2519, 22.996052, 902.23239, 901.39421,
10.618820, 1128.6237, 22.400307, 910.29835, 909.43798,
10.627310, 1063.4264, 20.160175, 918.46540, 917.58574,
10.635800, 1038.7567, 20.387421, 926.73172, 925.83573,
10.644280, 1010.1598, 21.203743, 935.08238, 934.17312,
10.652770, 971.70396, 19.602207, 943.53347, 942.61402,
10.661250, 1007.3678, 18.761686, 952.06243, 951.13593,
10.669740, 1076.0854, 20.324444, 960.68490, 959.75448,
10.678220, 1037.9518, 20.565855, 969.37797, 968.44680,
10.686700, 1012.7598, 18.992928, 978.14777, 977.21901,
10.695180, 1028.9722, 18.925045, 986.99082, 986.06761,
10.703650, 1032.4153, 20.337650, 995.89360, 994.97903,
10.712130, 1068.5787, 20.553095, 1004.8717, 1003.9689,
10.720600, 1111.8717, 19.517366, 1013.9035, 1013.0154,
10.729080, 1102.0846, 19.806496, 1023.0050, 1022.1345,
10.737550, 1160.9235, 21.631638, 1032.1512, 1031.3013,
10.746020, 1085.2244, 20.391781, 1041.3510, 1040.5245,
10.754490, 1165.8002, 19.933493, 1050.5990, 1049.7987,
10.762960, 1079.5402, 20.178699, 1059.8940, 1059.1224,
10.771420, 1113.9154, 21.777599, 1069.2190, 1068.4786,
10.779890, 1141.6438, 21.396194, 1078.5958, 1077.8891,
10.788350, 1078.5798, 20.333511, 1087.9968, 1087.3261,
10.796810, 1079.2533, 21.727419, 1097.4304, 1096.7979,
10.805270, 1142.3572, 23.472406, 1106.8934, 1106.3010,
10.813730, 1116.9645, 22.356436, 1116.3823, 1115.8321,
10.822190, 1060.9458, 21.644341, 1125.8940, 1125.3877,
10.830650, 1092.9372, 23.897413, 1135.4252, 1134.9645,
10.839100, 1109.7555, 24.815031, 1144.9608, 1144.5471,
10.847560, 1101.1287, 23.742517, 1154.5212, 1154.1560,
10.856010, 1101.4309, 23.833723, 1164.0806, 1163.7650,
10.864460, 1085.3167, 26.051111, 1173.6453, 1173.3805,
10.872910, 1148.5142, 27.077787, 1183.2134, 1183.0002,
10.881360, 1188.8301, 25.848143, 1192.7825, 1192.6219,
10.889800, 1170.6266, 26.493809, 1202.3366, 1202.2290,
10.898250, 1157.4829, 28.749935, 1211.8950, 1211.8411,
10.906690, 1216.7493, 33.068817, 1221.4330, 1221.4330,
10.915140, 1246.1400, 27.758959, 1230.9705, 1231.0247,
10.923580, 1316.1660, 30.083679, 1240.4834, 1240.5919,
10.932020, 1286.8554, 32.868507, 1249.9836, 1250.1464,
10.940460, 1412.4389, 32.947289, 1259.4713, 1259.6884,
10.948890, 1435.6164, 32.748695, 1268.9346, 1269.2058,
10.957330, 1421.6147, 34.499760, 1278.3973, 1278.7225,
10.965760, 1592.7957, 29.323244, 1287.8370, 1288.2159,
10.974200, 1763.5711, 27.382288, 1297.2751, 1297.7074,
10.982630, 1906.2392, 26.745770, 1306.6893, 1307.1745,
10.991060, 1971.8640, 27.839926, 1316.0925, 1316.6301,
10.999490, 2052.0013, 29.481840, 1325.4825, 1326.0721,
11.007920, 2096.8551, 29.918491, 1334.8616, 1335.5025,
11.016340, 2089.2831, 30.027884, 1344.2172, 1344.9087,
11.024770, 2079.5340, 31.617725, 1353.5715, 1354.3129,
11.033190, 1934.0024, 35.369015, 1362.9034, 1363.6939,
11.041610, 1938.3851, 36.097401, 1372.2236, 1373.0623,
11.050030, 1902.7315, 30.985723, 1381.5321, 1382.4182,
11.058450, 1889.7460, 33.723537, 1390.8290, 1391.7615,
11.066870, 1970.4017, 34.068665, 1400.1143, 1401.0921,
11.075290, 1968.3814, 34.024406, 1409.3880, 1410.4102,
11.083700, 1845.5967, 47.357109, 1418.6396, 1419.7050,
11.092120, 1998.7721, 35.607708, 1427.8903, 1428.9978,
11.100530, 1990.7103, 66.538658, 1437.1180, 1438.2664,
11.108940, 2051.7387, 60.839485, 1446.3353, 1447.5233,
11.117350, 2115.9973, 73.815643, 1455.5401, 1456.7666,
11.120570, 2271.4034, 35.987938, 1459.0623, 1460.3031,
11.129530, 2435.0443, 34.576374, 1468.8523, 1470.1320,
11.138500, 2623.4985, 34.854492, 1478.6409, 1479.9580,
11.147460, 2991.0550, 38.152508, 1488.4051, 1489.7581,
11.156430, 3558.1597, 41.042610, 1498.1679, 1499.5551,
11.165390, 4240.9086, 41.651138, 1507.9063, 1509.3261,
11.174350, 5146.0123, 44.185127, 1517.6320, 1519.0825,
11.183300, 6001.6406, 49.628761, 1527.3344, 1528.8140,
11.192260, 6864.3837, 52.388947, 1537.0343, 1538.5413,
11.201220, 7278.0130, 50.827877, 1546.7214, 1548.2539,
11.210170, 7122.2939, 49.730080, 1556.3852, 1557.9415,
11.219120, 7158.0119, 52.171364, 1566.0362, 1567.6144,
11.228070, 7132.6993, 51.640266, 1575.6743, 1577.2725,
11.237020, 7074.3491, 48.347672, 1585.2985, 1586.9148,
11.245970, 6937.5738, 48.310577, 1594.9108, 1596.5433,
11.254920, 6862.6292, 49.560715, 1604.5100, 1606.1570,
11.263860, 6762.4425, 48.720444, 1614.0851, 1615.7444,
11.272800, 6581.1647, 45.720390, 1623.6481, 1625.3180,
11.281750, 6326.2484, 45.471199, 1633.2072, 1634.8857,
11.290690, 6076.3116, 46.044037, 1642.7441, 1644.4292,
11.299630, 5914.6050, 44.909554, 1652.2668, 1653.9565,
11.308560, 5657.9821, 42.494122, 1661.7661, 1663.4586,
11.317500, 5350.1088, 41.792999, 1671.2623, 1672.9555,
11.326430, 5178.9245, 43.004955, 1680.7351, 1682.4271,
11.335370, 4946.3265, 41.383148, 1690.2046, 1691.8935,
11.344300, 4701.2062, 39.060795, 1699.6506, 1701.3345,
11.353230, 4491.0100, 38.661293, 1709.0830, 1710.7599,
11.362160, 4348.6266, 40.023972, 1718.5009, 1720.1689,
11.371080, 4233.1478, 39.027054, 1727.8961, 1729.5533,
11.380010, 4130.2050, 37.494331, 1737.2866, 1738.9311,
11.388930, 3904.4500, 37.059948, 1746.6542, 1748.2842,
11.397850, 3770.9384, 38.390289, 1756.0069, 1757.6206,
11.406780, 3613.1846, 37.468796, 1765.3566, 1766.9521,
11.415700, 3522.5838, 35.639809, 1774.6812, 1776.2567,
11.424610, 3411.8724, 36.274803, 1783.9817, 1785.5355,
11.433530, 3389.9268, 38.211525, 1793.2778, 1794.8081,
11.442450, 3249.8248, 37.429806, 1802.5595, 1804.0646,
11.451360, 3170.7072, 35.527069, 1811.8167, 1813.2950,
11.460270, 3110.6311, 36.664371, 1821.0593, 1822.5092,
11.469180, 3000.1440, 37.899765, 1830.2872, 1831.7070,
11.478090, 2949.1403, 37.883297, 1839.5002, 1840.8883,
11.487000, 2852.8295, 36.221981, 1848.6981, 1850.0532,
11.495910, 2815.0706, 37.658676, 1857.8799, 1859.2004,
11.504810, 2684.4406, 38.579044, 1867.0376, 1868.3222,
11.513710, 2705.2066, 39.438896, 1876.1788, 1877.4262,
11.522620, 2685.0691, 38.416245, 1885.3153, 1886.5240,
11.531520, 2629.0743, 39.333378, 1894.4253, 1895.5942,
11.540420, 2563.9535, 41.277691, 1903.5194, 1904.6473,
11.549310, 2611.6156, 42.626564, 1912.5877, 1913.6735,
11.558210, 2577.1953, 41.497005, 1921.6505, 1922.6931,
11.567100, 2559.7918, 42.078571, 1930.6853, 1931.6838,
11.576000, 2470.9979, 44.123825, 1939.7151, 1940.6686,
11.584890, 2410.2192, 44.515476, 1948.7176, 1949.6253,
11.593780, 2434.5410, 43.834194, 1957.7022, 1958.5633,
11.602670, 2294.9449, 42.502674, 1966.6707, 1967.4845,
11.611560, 2272.4308, 45.185398, 1975.6219, 1976.3878,
11.620440, 2199.8145, 46.306931, 1984.5451, 1985.2626,
11.629330, 2258.9297, 45.844025, 1993.4611, 1994.1298,
11.638210, 2202.5901, 44.790142, 2002.3496, 2002.9692,
11.647090, 2116.3265, 47.441921, 2011.2191, 2011.7894,
11.655970, 2171.8278, 50.330738, 2020.0702, 2020.5911,
11.664850, 2138.4136, 37.797607, 2028.9038, 2029.3752,
11.673730, 2143.3742, 28.876949, 2037.7176, 2038.1396,
11.682600, 2171.6026, 31.595177, 2046.5030, 2046.8758,
11.691480, 2150.8783, 32.299381, 2055.2786, 2055.6024,
11.700350, 2095.2307, 32.399250, 2064.0252, 2064.3006,
11.709220, 2104.1699, 32.985603, 2072.7522, 2072.9796,
11.718090, 2144.2679, 33.880779, 2081.4591, 2081.6392,
11.726960, 2136.1192, 35.772831, 2090.1458, 2090.2794,
11.735830, 2107.2683, 36.387302, 2098.8119, 2098.8999,
11.744690, 2092.3484, 39.473808, 2107.4471, 2107.4905,
11.753560, 2090.5172, 37.224072, 2116.0714, 2116.0714,
11.762420, 2088.8797, 38.016998, 2124.6638, 2124.6217,
11.771280, 2201.3433, 64.242775, 2133.2335, 2133.1505,
11.775020, 2144.9238, 31.157396, 2136.8424, 2136.7426,
11.784500, 2170.9766, 32.392632, 2145.9703, 2145.8284,
11.793980, 2090.6477, 31.272388, 2155.0635, 2154.8809,
11.803460, 2094.3282, 32.985878, 2164.1210, 2163.8987,
11.812940, 2086.9142, 29.135666, 2173.1381, 2172.8771,
11.822420, 2194.1360, 30.876190, 2182.1137, 2181.8150,
11.831890, 2193.4980, 30.606123, 2191.0341, 2190.6987,
11.841360, 2238.4292, 29.719736, 2199.9063, 2199.5350,
11.850840, 2312.3883, 29.471378, 2208.7364, 2208.3298,
11.860310, 2292.9966, 30.233376, 2217.5035, 2217.0626,
11.869770, 2322.1752, 30.390522, 2226.2048, 2225.7303,
11.879240, 2414.2493, 29.820944, 2234.8549, 2234.3476,
11.888710, 2396.1345, 28.827162, 2243.4420, 2242.9026,
11.898170, 2503.5680, 30.237299, 2251.9545, 2251.3838,
11.907630, 2487.7015, 30.663048, 2260.3972, 2259.7960,
11.917090, 2487.5272, 30.573643, 2268.7687, 2268.1379,
11.926550, 2540.4927, 29.347494, 2277.0643, 2276.4047,
11.936010, 2614.4905, 30.117039, 2285.2825, 2284.5952,
11.945470, 2584.2619, 30.788017, 2293.4185, 2292.7046,
11.954920, 2657.0939, 30.411697, 2301.4619, 2300.7226,
11.964370, 2673.2256, 29.727356, 2309.4178, 2308.6543,
11.973830, 2637.4383, 29.716095, 2317.2916, 2316.5055,
11.983280, 2645.0271, 30.904850, 2325.0627, 2324.2556,
11.992720, 2666.5022, 30.693401, 2332.7280, 2331.9017,
12.002170, 2685.1936, 30.108068, 2340.3013, 2339.4579,
12.011610, 2681.2363, 30.033316, 2347.7632, 2346.9049,
12.021060, 2613.8322, 30.903744, 2355.1255, 2354.2548,
12.030500, 2630.5049, 31.007656, 2362.3698, 2361.4894,
12.039940, 2591.6526, 30.182644, 2369.4995, 2368.6125,
12.049380, 2594.9836, 29.829979, 2376.5126, 2375.6224,
12.058820, 2560.7959, 30.976364, 2383.4042, 2382.5144,
12.068250, 2656.8848, 32.215828, 2390.1646, 2389.2793,
12.077690, 2581.5889, 31.172657, 2396.8045, 2395.9282,
12.087120, 2556.4389, 30.547539, 2403.3057, 2402.4432,
12.096550, 2536.4130, 31.572094, 2409.6719, 2408.8285,
12.105980, 2590.2387, 32.882038, 2415.8994, 2415.0809,
12.115410, 2547.0569, 32.233955, 2421.9845, 2421.1971,
12.124830, 2507.7021, 31.446329, 2427.9174, 2427.1679,
12.134260, 2487.9472, 32.339939, 2433.7063, 2433.0021,
12.143680, 2479.3670, 33.683353, 2439.3350, 2438.6840,
12.153100, 2543.0613, 34.521603, 2444.8067, 2444.2175,
12.162520, 2555.8033, 37.181789, 2450.1168, 2449.5986,
12.171940, 2484.7235, 33.967720, 2455.2609, 2454.8235,
12.181360, 2481.1822, 35.470589, 2460.2357, 2459.8899,
12.190770, 2494.0019, 36.351768, 2465.0315, 2464.7884,
12.200180, 2441.6372, 35.311562, 2469.6496, 2469.5215,
12.209600, 2481.8208, 35.780399, 2474.0907, 2474.0907,
12.219010, 2438.2797, 36.950191, 2478.3418, 2478.4833,
12.228420, 2514.7140, 39.010654, 2482.4100, 2482.7057,
12.237820, 2490.6769, 38.551361, 2486.2943, 2486.7555,
12.247230, 2606.4408, 39.332027, 2490.0066, 2490.6439,
12.256630, 2646.8690, 40.759712, 2493.5419, 2494.3646,
12.266040, 2991.2306, 45.446693, 2496.9105, 2497.9272,
12.275440, 3965.6595, 52.092659, 2500.1085, 2501.3264,
12.284840, 3485.6994, 48.952896, 2503.1422, 2504.5677,
12.294230, 2753.0013, 44.498043, 2506.0121, 2507.6506,
12.303630, 2688.4419, 52.556473, 2508.7264, 2510.5826,
12.313030, 2710.1130, 48.672592, 2511.2853, 2513.3632,
12.322420, 2792.6269, 53.934628, 2513.6887, 2515.9910,
12.331810, 2821.8390, 38.698414, 2515.9422, 2518.4712,
12.341200, 2858.8530, 32.669933, 2518.0484, 2520.8055,
12.350590, 2885.4549, 34.205284, 2520.0100, 2522.9959,
12.359980, 2950.0566, 35.918179, 2521.8293, 2525.0441,
12.369360, 2992.8962, 36.767036, 2523.5073, 2526.9503,
12.378750, 3009.4867, 37.278282, 2525.0499, 2528.7199,
12.388130, 2932.8920, 37.567566, 2526.4562, 2530.3512,
12.397510, 2866.9613, 37.397377, 2527.7301, 2531.8476,
12.406890, 2932.2670, 36.755203, 2528.8741, 2533.2113,
12.416270, 3053.5106, 37.474510, 2529.8905, 2534.4438,
12.425640, 3032.1926, 38.176712, 2530.7804, 2535.5457,
12.435020, 3011.9066, 40.078026, 2531.5480, 2536.5211,
12.444390, 3110.5608, 41.319527, 2532.1938, 2537.3694,
12.453760, 3161.0923, 41.054337, 2532.7207, 2538.0936,
12.463130, 3143.5976, 41.984600, 2533.1308, 2538.6953,
12.472500, 3287.7684, 46.538097, 2533.4262, 2539.1761,
12.481870, 3325.8330, 54.970276, 2533.6087, 2539.5377,
12.489420, 3365.2755, 39.632263, 2533.6750, 2539.7433,
12.499490, 3456.8682, 40.879536, 2533.6532, 2539.9001,
12.509550, 3562.9147, 40.119766, 2533.5075, 2539.9245,
12.519610, 3613.4326, 38.752018, 2533.2405, 2539.8186,
12.529670, 3618.3118, 38.497757, 2532.8542, 2539.5844,
12.539730, 3727.2831, 40.468601, 2532.3508, 2539.2237,
12.549780, 3693.5865, 45.022202, 2531.7333, 2538.7390,
12.559840, 3744.5328, 38.831268, 2531.0023, 2538.1311,
12.569890, 3905.8064, 38.429459, 2530.1615, 2537.4032,
12.579940, 3936.7331, 39.446136, 2529.2122, 2536.5565,
12.589990, 4009.6916, 39.855999, 2528.1564, 2535.5928,
12.600040, 4135.6149, 39.386200, 2526.9958, 2534.5138,
12.610090, 4106.4736, 38.242565, 2525.7325, 2533.3215,
12.620130, 4158.4545, 44.607506, 2524.3699, 2532.0189,
12.630170, 4225.7447, 39.744293, 2522.9082, 2530.6065,
12.640210, 4254.9904, 39.748028, 2521.3495, 2529.0862,
12.650250, 4198.7223, 37.844009, 2519.6953, 2527.4596,
12.660290, 4149.5468, 37.549152, 2517.9477, 2525.7285,
12.670330, 4227.9432, 38.448792, 2516.1079, 2523.8945,
12.680360, 4287.1441, 39.229950, 2514.1797, 2521.9612,
12.690390, 4497.0748, 38.986576, 2512.1630, 2519.9286,
12.700420, 4617.6473, 38.930550, 2510.0590, 2517.7981,
12.710450, 4695.2319, 39.502838, 2507.8698, 2515.5717,
12.720480, 4744.8545, 41.215916, 2505.5965, 2513.2507,
12.730500, 4794.1366, 44.994316, 2503.2430, 2510.8392,
12.740530, 4703.4387, 39.316338, 2500.8062, 2508.3341,
12.750550, 4632.2861, 38.531185, 2498.2921, 2505.7418,
12.760570, 4664.3935, 40.075905, 2495.7001, 2503.0617,
12.770590, 4726.6456, 40.574959, 2493.0310, 2500.2948,
12.780610, 4687.7654, 39.832905, 2490.2864, 2497.4430,
12.790620, 4822.3246, 43.411659, 2487.4706, 2494.5109,
12.800640, 6241.4795, 46.232044, 2484.5790, 2491.4937,
12.810650, 9146.6057, 56.448036, 2481.6187, 2488.3995,
12.820660, 6543.7185, 47.473003, 2478.5881, 2485.2264,
12.830670, 4150.7543, 37.232620, 2475.4880, 2481.9756,
12.840680, 3838.5382, 36.430672, 2472.3202, 2478.6493,
12.850680, 3566.6956, 36.119633, 2469.0885, 2475.2518,
12.860690, 3442.2424, 36.302311, 2465.7881, 2471.7781,
12.870690, 3310.2212, 35.086601, 2462.4261, 2468.2363,
12.880690, 3162.2190, 33.981155, 2459.0009, 2464.6248,
12.890690, 3031.4180, 33.981495, 2455.5129, 2460.9443,
12.900680, 2912.7938, 34.444988, 2451.9671, 2457.2006,
12.910680, 2851.7762, 34.441349, 2448.3571, 2453.3871,
12.920670, 2809.6692, 33.464584, 2444.6915, 2449.5133,
12.930670, 2693.1655, 33.058044, 2440.9633, 2445.5723,
12.940660, 2628.1642, 33.760384, 2437.1812, 2441.5735,
12.950640, 2626.1579, 34.845787, 2433.3467, 2437.5190,
12.960630, 2592.4623, 34.163353, 2429.4521, 2433.4010,
12.970620, 2578.3719, 34.018436, 2425.5029, 2429.2258,
12.980600, 2558.0025, 34.534397, 2421.5034, 2424.9983,
12.990580, 2468.4320, 35.674854, 2417.4511, 2420.7164,
13.000560, 2472.5366, 35.654858, 2413.3460, 2416.3806,
13.010540, 2484.7696, 35.794846, 2409.1892, 2411.9925,
13.020520, 2406.6618, 35.104813, 2404.9816, 2407.5534,
13.030490, 2410.3636, 36.605160, 2400.7283, 2403.0693,
13.040470, 2435.2213, 38.133492, 2396.4211, 2398.5321,
13.050440, 2392.7494, 38.259449, 2392.0698, 2393.9526,
13.060410, 2429.3897, 38.063759, 2387.6705, 2389.3273,
13.070380, 2377.7932, 38.169300, 2383.2236, 2384.6571,
13.080350, 2342.6606, 40.005417, 2378.7304, 2379.9439,
13.090310, 2376.1795, 41.551231, 2374.1955, 2375.1933,
13.100280, 2338.6126, 41.188908, 2369.6110, 2370.3973,
13.110240, 2407.2031, 41.417049, 2364.9860, 2365.5663,
13.120200, 2383.2699, 43.118423, 2360.3170, 2360.6970,
13.130160, 2338.2842, 44.513542, 2355.6043, 2355.7907,
13.140110, 2348.4923, 36.094044, 2350.8536, 2350.8536,
13.150070, 2342.0984, 28.361084, 2346.0558, 2345.8769,
13.160020, 2342.1233, 28.902885, 2341.2228, 2340.8729,
13.169980, 2364.7945, 31.004551, 2336.3469, 2335.8332,
13.179930, 2302.5822, 31.230209, 2331.4405, 2330.7707,
13.189870, 2351.8047, 32.593624, 2326.5057, 2325.6870,
13.199820, 2308.0558, 32.317627, 2321.5351, 2320.5745,
13.209770, 2324.7074, 32.083954, 2316.5353, 2315.4397,
13.219710, 2313.7809, 32.119812, 2311.5142, 2310.2906,
13.229650, 2309.8900, 33.382355, 2306.4694, 2305.1245,
13.239590, 2309.7875, 33.820930, 2301.4020, 2299.9424,
13.249530, 2292.6288, 33.253155, 2296.3148, 2294.7470,
13.259470, 2277.0213, 32.791428, 2291.2099, 2289.5404,
13.269410, 2294.0236, 35.117893, 2286.0895, 2284.3247,
13.279340, 2288.9900, 37.802139, 2280.9613, 2279.1075,
13.289270, 2312.3257, 38.738350, 2275.8215, 2273.8849,
13.299200, 2323.7845, 39.913761, 2270.6732, 2268.6600,
13.309130, 2296.9231, 42.525127, 2265.5182, 2263.4343,
13.318260, 2320.1101, 34.673817, 2260.7740, 2258.6304,
13.328980, 2347.3322, 33.727188, 2255.2010, 2252.9938,
13.339690, 2310.5206, 34.403419, 2249.6332, 2247.3691,
13.350400, 2303.2541, 35.228436, 2244.0677, 2241.7536,
13.361120, 2348.3028, 35.331959, 2238.5019, 2236.1443,
13.371830, 2353.2072, 33.561783, 2232.9493, 2230.5549,
13.382530, 2304.0087, 32.938545, 2227.4122, 2224.9874,
13.393240, 2347.6565, 34.207329, 2221.8833, 2219.4346,
13.403940, 2309.1717, 34.231491, 2216.3753, 2213.9090,
13.414650, 2283.9605, 37.749832, 2210.8811, 2208.4034,
13.425350, 2285.3316, 32.062984, 2205.4131, 2202.9302,
13.436050, 2310.5404, 31.809155, 2199.9693, 2197.4872,
13.446740, 2326.2813, 32.365150, 2194.5576, 2192.0823,
13.457440, 2343.8925, 32.885502, 2189.1703, 2186.7075,
13.468130, 2386.0325, 31.758862, 2183.8205, 2181.3761,
13.478830, 2347.7418, 30.762638, 2178.5008, 2176.0802,
13.489520, 2359.1782, 30.661366, 2173.2241, 2170.8329,
13.500200, 2379.4833, 31.714123, 2167.9929, 2165.6363,
13.510890, 2431.6938, 31.573809, 2162.8005, 2160.4838,
13.521570, 2486.3592, 31.222618, 2157.6590, 2155.3872,
13.532260, 2528.6664, 30.461332, 2152.5623, 2150.3401,
13.542940, 2502.8650, 30.645302, 2147.5221, 2145.3543,
13.553620, 2491.8282, 31.650261, 2142.5369, 2140.4279,
13.564290, 2490.7790, 31.189526, 2137.6144, 2135.5684,
13.574970, 2473.0357, 30.175505, 2132.7478, 2130.7689,
13.585640, 2435.0184, 29.183187, 2127.9497, 2126.0416,
13.596320, 2409.7391, 30.027409, 2123.2137, 2121.3800,
13.606990, 2395.6446, 30.394709, 2118.5520, 2116.7959,
13.617650, 2352.7853, 30.063896, 2113.9671, 2112.2915,
13.628320, 2346.1357, 28.928120, 2109.4538, 2107.8615,
13.638980, 2366.7648, 29.089350, 2105.0234, 2103.5166,
13.649650, 2282.4495, 29.077335, 2100.6711, 2099.2518,
13.660310, 2283.0541, 29.978073, 2096.4077, 2095.0776,
13.670970, 2223.4678, 33.568115, 2092.2326, 2090.9928,
13.681630, 2215.6993, 28.323826, 2088.1490, 2087.0004,
13.692280, 2267.5020, 29.193745, 2084.1641, 2083.1070,
13.702940, 2212.7523, 29.262863, 2080.2733, 2079.3077,
13.713590, 2143.5021, 31.163504, 2076.4876, 2075.6129,
13.724240, 2125.2668, 29.215971, 2072.8063, 2072.0214,
13.734890, 2105.4597, 28.717196, 2069.2333, 2068.5367,
13.745530, 2119.8604, 29.149986, 2065.7750, 2065.1644,
13.756180, 2070.3231, 29.702808, 2062.4286, 2061.9013,
13.766820, 2078.9493, 30.638298, 2059.2037, 2058.7562,
13.777460, 2065.6581, 30.294626, 2056.1008, 2055.7292,
13.788100, 2045.3200, 29.819345, 2053.1237, 2052.8231,
13.798740, 2021.4615, 29.701286, 2050.2759, 2050.0411,
13.809380, 2032.7035, 31.507614, 2047.5616, 2047.3862,
13.820010, 2044.8286, 32.040401, 2044.9864, 2044.8634,
13.830640, 2029.4179, 31.882496, 2042.5519, 2042.4736,
13.841270, 2050.1639, 31.647938, 2040.2618, 2040.2195,
13.851900, 2096.4196, 32.720036, 2038.1205, 2038.1046,
13.862530, 2008.4137, 37.459503, 2036.1317, 2036.1317,
13.873150, 2011.8945, 34.047188, 2034.2997, 2034.3045,
13.883780, 2013.7669, 34.028111, 2032.6178, 2032.6167,
13.894400, 2016.2820, 33.710251, 2031.0841, 2031.0676,
13.905020, 2020.1964, 34.674469, 2029.6923, 2029.6517,
13.915640, 2011.9562, 36.062416, 2028.4378, 2028.3649,
13.926250, 2114.6492, 37.871311, 2027.3169, 2027.2045,
13.936870, 2040.7092, 36.551334, 2026.3229, 2026.1646,
13.947480, 2070.6729, 36.210442, 2025.4531, 2025.2431,
13.958090, 2087.0919, 38.035378, 2024.7020, 2024.4353,
13.968700, 2145.5955, 39.779892, 2024.0653, 2023.7372,
13.979310, 2132.0078, 40.549835, 2023.5385, 2023.1453,
13.989910, 2152.9374, 39.945759, 2023.1177, 2022.6561,
14.000520, 2116.8154, 39.344475, 2022.7977, 2022.2650,
14.011120, 2083.1967, 40.434139, 2022.5751, 2021.9690,
14.021720, 2125.1890, 42.618740, 2022.4451, 2021.7639,
14.032320, 2117.6709, 44.164665, 2022.4036, 2021.6462,
14.042920, 2065.9407, 42.491398, 2022.4466, 2021.6121,
14.053510, 2055.1709, 42.691814, 2022.5698, 2021.6578,
14.064110, 2105.2059, 44.051266, 2022.7693, 2021.7799,
14.074700, 2015.0064, 46.174030, 2023.0408, 2021.9744,
14.085290, 2137.8017, 48.935158, 2023.3805, 2022.2378,
14.095870, 2111.9389, 38.617615, 2023.7840, 2022.5663,
14.106460, 2154.7669, 29.279736, 2024.2480, 2022.9567,
14.117040, 2146.3852, 29.629749, 2024.7679, 2023.4048,
14.127630, 2109.3336, 31.681158, 2025.3408, 2023.9080,
14.138210, 2118.9672, 32.956421, 2025.9618, 2024.4615,
14.148790, 2113.6862, 33.156250, 2026.6274, 2025.0624,
14.159370, 2278.2472, 34.223412, 2027.3340, 2025.7072,
14.169940, 2226.4695, 33.572487, 2028.0769, 2026.3915,
14.180520, 2264.7487, 57.010841, 2028.8539, 2027.1132,
14.182090, 2331.8047, 35.928928, 2028.9718, 2027.2232,
14.193560, 2349.7747, 34.454605, 2029.8518, 2028.0481,
14.205030, 2339.3402, 34.857807, 2030.7612, 2028.9069,
14.216500, 2401.1514, 35.933472, 2031.6951, 2029.7952,
14.227970, 2354.5256, 34.699375, 2032.6489, 2030.7085,
14.239430, 2320.0143, 32.518261, 2033.6169, 2031.6415,
14.250890, 2239.8043, 30.592682, 2034.5952, 2032.5906,
14.262350, 2216.8124, 31.510372, 2035.5792, 2033.5513,
14.273810, 2219.1259, 32.002480, 2036.5641, 2034.5191,
14.285270, 2244.8405, 32.102516, 2037.5452, 2035.4896,
14.296730, 2164.6760, 29.337128, 2038.5178, 2036.4585,
14.308180, 2141.7737, 28.795675, 2039.4762, 2037.4203,
14.319630, 2090.3401, 29.038538, 2040.4168, 2038.3715,
14.331080, 2088.3543, 30.390640, 2041.3348, 2039.3077,
14.342530, 2077.8420, 30.158783, 2042.2253, 2040.2244,
14.353970, 2191.9821, 29.317881, 2043.0830, 2041.1163,
14.365410, 2212.4323, 29.298750, 2043.9039, 2041.9801,
14.376860, 2133.2869, 29.264019, 2044.6838, 2042.8117,
14.388300, 2028.9519, 30.245007, 2045.4167, 2043.6054,
14.399730, 2093.2888, 30.719959, 2046.0978, 2044.3569,
14.411170, 2037.4545, 29.157906, 2046.7235, 2045.0629,
14.422600, 2058.9438, 29.094730, 2047.2879, 2045.7177,
14.434030, 2036.4599, 29.193697, 2047.7867, 2046.3176,
14.445460, 2034.1961, 30.520205, 2048.2149, 2046.8581,
14.456890, 2020.8677, 29.491570, 2048.5676, 2047.3346,
14.468320, 2044.9858, 28.744736, 2048.8399, 2047.7427,
14.479740, 2062.6419, 27.516432, 2049.0265, 2048.0777,
14.491160, 2020.9022, 27.579002, 2049.1228, 2048.3353,
14.502580, 2033.3068, 28.666218, 2049.1236, 2048.5111,
14.514000, 2087.2127, 28.984116, 2049.0239, 2048.6005,
14.525420, 2025.8060, 27.822041, 2048.8183, 2048.5990,
14.536830, 2044.6514, 26.370617, 2048.5021, 2048.5021,
14.548240, 2032.7497, 26.822994, 2048.0721, 2048.3071,
14.559650, 2052.0907, 30.890720, 2047.5346, 2048.0183,
14.571060, 2023.0710, 28.169128, 2046.8981, 2047.6417,
14.582470, 2059.0645, 27.932936, 2046.1711, 2047.1836,
14.593870, 1991.7189, 30.680916, 2045.3626, 2046.6505,
14.605270, 2039.9051, 27.438633, 2044.4806, 2046.0479,
14.616670, 2048.3115, 27.663971, 2043.5333, 2045.3821,
14.628070, 2036.8876, 33.945229, 2042.5289, 2044.6589,
14.639470, 2037.5593, 28.574230, 2041.4758, 2043.8843,
14.650860, 2046.8119, 27.267010, 2040.3832, 2043.0652,
14.662260, 2034.3469, 27.659079, 2039.2574, 2042.2060,
14.673650, 2004.5516, 27.937977, 2038.1086, 2041.3143,
14.685040, 1993.6766, 29.077787, 2036.9438, 2040.3952,
14.696420, 2024.7564, 29.400743, 2035.7725, 2039.4556,
14.707810, 2062.1172, 29.105175, 2034.6005, 2038.4997,
14.719190, 2048.0514, 29.031233, 2033.4383, 2037.5352,
14.730570, 2077.7130, 29.546694, 2032.2927, 2036.5672,
14.741950, 2032.2631, 31.278553, 2031.1721, 2035.6015,
14.753330, 2041.4521, 31.167427, 2030.0846, 2034.6441,
14.764700, 2077.6486, 30.875786, 2029.0393, 2033.7018,
14.776080, 2090.7384, 30.057381, 2028.0425, 2032.7789,
14.787450, 2036.8209, 29.542316, 2027.1042, 2031.8828,
14.798820, 2067.9288, 31.220921, 2026.2317, 2031.0188,
14.810190, 2007.7942, 30.431988, 2025.4333, 2030.1926,
14.821550, 2065.6233, 30.636545, 2024.7178, 2029.4110,
14.832920, 2036.2220, 29.449081, 2024.0924, 2028.6786,
14.844280, 2007.9535, 29.090523, 2023.5665, 2028.0025,
14.855640, 2027.7060, 30.906315, 2023.1479, 2027.3880,
14.866990, 2044.6763, 31.316772, 2022.8453, 2026.8415,
14.878350, 2016.1826, 31.115843, 2022.6667, 2026.3681,
14.889710, 2021.5212, 30.585320, 2022.6209, 2025.9742,
14.901060, 2009.0079, 30.290955, 2022.7164, 2025.6661,
14.912410, 2027.9035, 31.866833, 2022.9618, 2025.4494,
14.923760, 2035.0107, 32.794884, 2023.3659, 2025.3301,
14.935100, 2034.4620, 34.076130, 2023.9367, 2025.3142,
14.946450, 2001.4747, 33.175732, 2024.6845, 2025.4078,
14.957790, 2033.2297, 33.442226, 2025.6166, 2025.6166,
14.969130, 1999.8842, 34.601555, 2026.7403, 2025.9456,
14.980470, 2059.0325, 35.910992, 2028.0525, 2026.3944,
14.991810, 2019.0544, 37.280365, 2029.5479, 2026.9616,
15.003140, 2071.1751, 37.652161, 2031.2194, 2027.6448,
15.014480, 2052.0598, 37.017677, 2033.0646, 2028.4436,
15.025810, 2053.0006, 38.538506, 2035.0753, 2029.3554,
15.037140, 2044.2095, 39.721470, 2037.2477, 2030.3791,
15.048460, 2059.4109, 42.461636, 2039.5749, 2031.5123,
15.059790, 2036.7043, 42.557449, 2042.0558, 2032.7556,
15.071110, 1982.0085, 41.532677, 2044.6814, 2034.1053,
15.082440, 1973.6626, 31.894131, 2047.4516, 2035.5624,
15.093750, 2021.0475, 26.972296, 2050.3536, 2037.1215,
15.105070, 1977.5571, 28.369514, 2053.3907, 2038.7852,
15.116390, 1981.4182, 29.699432, 2056.5558, 2040.5510,
15.127700, 1995.7648, 30.070362, 2059.8410, 2042.4156,
15.139020, 1963.7808, 31.605688, 2063.2481, 2044.3812,
15.150330, 2029.6522, 31.638828, 2066.7663, 2046.4429,
15.162390, 2011.2790, 38.020840, 2070.6388, 2048.7477,
15.174730, 2017.2438, 37.717419, 2074.7252, 2051.2183,
15.187070, 2013.6216, 37.932373, 2078.9310, 2053.8004,
15.199410, 2022.4981, 39.512451, 2083.2514, 2056.4929,
15.211740, 1997.3237, 37.431892, 2087.6765, 2059.2913,
15.224080, 2045.1005, 36.141201, 2092.2091, 2062.1994,
15.236410, 2035.0112, 33.818192, 2096.8360, 2065.2105,
15.248740, 2074.8051, 34.422699, 2101.5557, 2068.3254,
15.261060, 2093.2962, 36.404083, 2106.3589, 2071.5400,
15.273390, 2054.9455, 35.400394, 2111.2487, 2074.8582,
15.285710, 2137.0589, 35.699650, 2116.2121, 2078.2733,
15.298030, 2068.1152, 32.250530, 2121.2475, 2081.7861,
15.310350, 2108.2271, 32.852688, 2126.3505, 2085.3958,
15.322660, 2068.3525, 34.251991, 2131.5115, 2089.0975,
15.334980, 2088.5242, 35.011097, 2136.7340, 2092.8959,
15.347290, 2074.9947, 35.230495, 2142.0049, 2096.7838,
15.359600, 2129.0828, 33.508095, 2147.3236, 2100.7627,
15.371900, 2112.2326, 33.046707, 2152.6805, 2104.8280,
15.384210, 2112.9425, 34.292305, 2158.0800, 2108.9853,
15.396510, 2135.5822, 35.088860, 2163.5087, 2113.2265,
15.408810, 2233.1356, 36.189312, 2168.9654, 2117.5534,
15.421110, 2140.2063, 32.493294, 2174.4464, 2121.9652,
15.433410, 2146.2073, 30.963539, 2179.9461, 2126.4603,
15.445700, 2176.3283, 30.792118, 2185.4572, 2131.0341,
15.457990, 2203.8530, 31.593090, 2190.9859, 2135.6890,
15.470280, 2185.1815, 34.091606, 2196.5354, 2140.4239,
15.482570, 2215.3109, 31.164684, 2202.1089, 2145.2375,
15.494860, 2244.5952, 29.965828, 2207.7096, 2150.1288,
15.507140, 2236.0181, 29.036839, 2213.3365, 2155.0929,
15.519420, 2419.8041, 30.934168, 2218.9966, 2160.1320,
15.531700, 2859.1480, 34.954109, 2224.6941, 2165.2458,
15.543980, 6061.9114, 50.313797, 2230.4314, 2170.4326,
15.556260, 7406.7404, 53.563705, 2236.2128, 2175.6920,
15.568530, 3702.0790, 36.261200, 2242.0360, 2181.0182,
15.580800, 2347.3973, 30.476631, 2247.9095, 2186.4145,
15.593070, 2315.2524, 33.018471, 2253.8366, 2191.8801,
15.605340, 2335.4885, 33.260014, 2259.8206, 2197.4139,
15.617600, 2314.3786, 32.230309, 2265.8604, 2203.0106,
15.629860, 2367.8055, 30.575745, 2271.9635, 2208.6731,
15.642120, 2309.2122, 28.972584, 2278.1345, 2214.4013,
15.654380, 2332.5446, 30.253132, 2284.3758, 2220.1936,
15.666640, 2362.4090, 30.940388, 2290.6921, 2226.0498,
15.678890, 2323.3905, 30.842379, 2297.0810, 2231.9635,
15.691140, 2394.2069, 30.230297, 2303.5515, 2237.9390,
15.703390, 2393.6443, 28.512371, 2310.1073, 2243.9752,
15.715640, 2433.5065, 29.687738, 2316.7522, 2250.0715,
15.727890, 2409.4051, 30.147209, 2323.4899, 2256.2269,
15.740130, 2374.5458, 30.818464, 2330.3190, 2262.4358,
15.752370, 2358.3929, 30.668182, 2337.2480, 2268.7016,
15.764610, 2457.2444, 30.141111, 2344.2819, 2275.0246,
15.776850, 2435.8960, 30.171526, 2351.4237, 2281.4030,
15.789090, 2445.7757, 30.940914, 2358.6785, 2287.8369,
15.801320, 2479.0993, 32.506897, 2366.0436, 2294.3197,
15.813550, 2504.8560, 34.488667, 2373.5292, 2300.8559,
15.825780, 2495.5712, 33.511070, 2381.1397, 2307.4450,
15.838010, 2521.7633, 33.137005, 2388.8794, 2314.0861,
15.850230, 2503.9638, 32.757206, 2396.7463, 2320.7733,
15.862450, 2546.5103, 33.088226, 2404.7504, 2327.5106,
15.874670, 2547.8635, 34.405170, 2412.8974, 2334.2983,
15.886890, 2545.6555, 34.062096, 2421.1914, 2341.1352,
15.899110, 2663.2081, 36.182205, 2429.6362, 2348.0202,
15.911320, 2523.4445, 34.018562, 2438.2306, 2354.9475,
15.923540, 2604.4384, 33.185081, 2446.9935, 2361.9281,
15.935750, 2546.9927, 34.576935, 2455.9147, 2368.9492,
15.947960, 2504.6634, 34.968903, 2465.0069, 2376.0162,
15.960160, 2497.9480, 34.846687, 2474.2677, 2383.1229,
15.972370, 2557.4746, 35.699203, 2483.7168, 2390.2798,
15.984570, 2580.3257, 35.212463, 2493.3440, 2397.4745,
15.996770, 2543.4294, 35.987621, 2503.1636, 2404.7133,
16.008961, 2605.6822, 38.131546, 2513.1723, 2411.9891,
16.021160, 2675.7194, 39.458855, 2523.3907, 2419.3124,
16.033350, 2636.7163, 40.090279, 2533.8091, 2426.6715,
16.045549, 2610.7628, 39.340591, 2544.4499, 2434.0775,
16.057739, 2678.2350, 40.625935, 2555.3021, 2441.5183,
16.069920, 2577.6081, 40.929314, 2566.3714, 2448.9932,
16.082109, 2573.9520, 41.035149, 2577.6813, 2456.5134,
16.094290, 2601.1688, 41.963978, 2589.2204, 2464.0666,
16.106470, 2599.9498, 42.969627, 2601.0038, 2471.6582,
16.118650, 2571.2795, 41.602589, 2613.0381, 2479.2877,
16.130831, 2538.1045, 41.476582, 2625.3299, 2486.9545,
16.143009, 2533.5913, 41.529846, 2637.8842, 2494.6570,
16.155180, 2503.9656, 42.460335, 2650.7016, 2502.3910,
16.167351, 2528.0420, 43.937519, 2663.7970, 2510.1609,
16.179520, 2635.3897, 44.724148, 2677.1756, 2517.9650,
16.191681, 2595.5237, 43.298340, 2690.8380, 2525.7991,
16.203850, 2616.5107, 44.995037, 2704.8091, 2533.6726,
16.216009, 2653.5156, 46.144367, 2719.0767, 2541.5740,
16.228170, 2660.4534, 48.299305, 2733.6619, 2549.5101,
16.240330, 2669.3599, 49.623756, 2748.5681, 2557.4781,
16.252489, 2738.8927, 50.608444, 2763.8058, 2565.4789,
16.264641, 2852.0702, 53.292786, 2779.3662, 2573.5068,
16.276791, 2898.2526, 55.671963, 2795.2285, 2581.5654,
16.288950, 2740.5350, 54.610443, 2811.3729, 2589.6617,
16.301090, 2794.8451, 59.045326, 2827.7264, 2597.7764,
16.313240, 2966.5525, 62.050243, 2844.2928, 2605.9281,
16.325380, 2965.7728, 60.575470, 2861.0114, 2614.1035,
16.337530, 3155.2421, 42.109642, 2877.8742, 2622.3153,
16.349670, 3277.8122, 38.539444, 2894.8204, 2630.5502,
16.361799, 3357.6422, 37.363827, 2911.8130, 2638.8063,
16.373940, 3602.7836, 40.470772, 2928.8498, 2647.0990,
16.386070, 3747.0225, 41.332035, 2945.8673, 2655.4135,
16.398211, 3884.9637, 42.799324, 2962.8580, 2663.7626,
16.410339, 3864.7561, 42.142349, 2979.7586, 2672.1315,
16.422461, 3973.7964, 44.387871, 2996.5403, 2680.5224,
16.434589, 3998.0405, 47.369564, 3013.1902, 2688.9456,
16.446711, 3947.9562, 48.408333, 3029.6530, 2697.3901,
16.458839, 3928.6445, 48.738266, 3045.9152, 2705.8663,
16.470961, 3836.0778, 47.774784, 3061.9217, 2714.3632,
16.483070, 3688.3912, 45.501122, 3077.6338, 2722.8777,
16.495190, 3675.9601, 62.424488, 3093.0439, 2731.4243,
16.500280, 3767.2934, 50.713398, 3099.4148, 2735.0219,
16.513599, 3602.0561, 46.837711, 3115.7728, 2744.4549,
16.526911, 3446.4832, 42.822899, 3131.6356, 2753.9124,
16.540211, 3424.6589, 43.500389, 3146.9529, 2763.3910,
16.553520, 3360.6115, 44.034657, 3161.7019, 2772.9054,
16.566820, 3379.3760, 45.144688, 3175.8139, 2782.4416,
16.580120, 3243.7173, 43.986820, 3189.2518, 2792.0061,
16.593420, 3181.0136, 41.473328, 3201.9673, 2801.5984,
16.606710, 3239.7809, 42.002071, 3213.9033, 2811.2113,
16.620001, 3175.4349, 41.369946, 3225.0409, 2820.8515,
16.633301, 3229.5696, 41.987656, 3235.4419, 2830.5254,
16.646589, 3251.5452, 41.978386, 3245.1650, 2840.2176,
16.659870, 3213.9541, 39.372356, 3254.2890, 2849.9303,
16.673149, 3321.3388, 37.933975, 3262.8923, 2859.6676,
16.686440, 3307.4520, 36.322132, 3271.0570, 2869.4388,
16.699711, 3355.9436, 36.911507, 3278.8378, 2879.2212,
16.712990, 3332.1608, 38.534405, 3286.3240, 2889.0343,
16.726271, 3401.8715, 39.658798, 3293.5850, 2898.8735,
16.739540, 3338.5044, 38.202507, 3300.6865, 2908.7286,
16.752810, 3329.3216, 37.306767, 3307.7072, 2918.6078,
16.766081, 3350.2216, 37.250664, 3314.7206, 2928.5123,
16.779341, 3368.1712, 39.233116, 3321.7921, 2938.4318,
16.792601, 3365.8727, 40.400551, 3329.0000, 2948.3747,
16.805870, 3392.2114, 40.057766, 3336.4223, 2958.3478,
16.819120, 3354.9015, 38.385754, 3344.1150, 2968.3293,
16.832380, 3383.6943, 36.280285, 3352.1674, 2978.3407,
16.845631, 3353.7331, 34.886490, 3360.6405, 2988.3671,
16.858891, 3324.4144, 35.886009, 3369.6200, 2998.4230,
16.872141, 3398.0614, 37.994370, 3379.1435, 3008.4935,
16.885380, 3388.1969, 38.280743, 3389.1688, 3018.5769,
16.898630, 3464.4256, 38.225460, 3399.6512, 3028.6905,
16.911869, 3341.6995, 35.737537, 3410.5110, 3038.8166,
16.925110, 3423.7660, 36.598125, 3421.6971, 3048.9652,
16.938351, 3402.4492, 37.930580, 3433.1470, 3059.1347,
16.951580, 3436.3830, 39.885460, 3444.7894, 3069.3159,
16.964821, 3464.5189, 40.432003, 3456.5837, 3079.5265,
16.978050, 3532.9625, 38.916191, 3468.4487, 3089.7485,
16.991270, 3561.9895, 36.686920, 3480.3254, 3099.9832,
17.004499, 3568.0011, 35.415279, 3492.1706, 3110.2452,
17.017719, 4076.3048, 37.708736, 3503.9064, 3120.5196,
17.030951, 5099.6035, 43.542526, 3515.4910, 3130.8224,
17.044161, 4527.6642, 42.510689, 3526.8355, 3141.1283,
17.057381, 3760.9471, 37.885605, 3537.9055, 3151.4610,
17.070601, 3611.0593, 36.342739, 3548.6320, 3161.8127,
17.083811, 3652.6736, 37.015701, 3558.9463, 3172.1760,
17.097019, 3617.7862, 37.109360, 3568.7938, 3182.5566,
17.110229, 3690.9422, 40.486309, 3578.1155, 3192.9574,
17.123430, 3643.6509, 42.117043, 3586.8421, 3203.3692,
17.136641, 3625.5737, 41.027592, 3594.9239, 3213.8070,
17.149839, 3641.8415, 39.778992, 3602.2855, 3224.2541,
17.163040, 3615.5857, 38.459911, 3608.8721, 3234.7209,
17.176229, 3560.8758, 38.188705, 3614.6144, 3245.1967,
17.189430, 3599.6947, 39.531132, 3619.4784, 3255.6995,
17.202620, 3655.0744, 41.167294, 3623.4911, 3266.2112,
17.215811, 3606.3561, 40.739265, 3626.7121, 3276.7421,
17.229000, 3650.5751, 40.419849, 3629.1947, 3287.2892,
17.242180, 3680.5821, 39.352894, 3630.9923, 3297.8462,
17.255369, 3748.5999, 41.807648, 3632.1608, 3308.4283,
17.268551, 3693.3840, 42.724419, 3632.7512, 3319.0218,
17.281719, 3686.2030, 43.560497, 3632.8173, 3329.6218,
17.294901, 3795.6340, 46.346687, 3632.4111, 3340.2499,
17.308069, 3888.3696, 47.231033, 3631.5853, 3350.8843,
17.321251, 3899.1664, 44.197472, 3630.3897, 3361.5467,
17.334410, 3925.4494, 43.493568, 3628.8791, 3372.2076,
17.347580, 4070.2045, 44.693916, 3627.1011, 3382.8948,
17.360750, 4009.8327, 44.726814, 3625.1076, 3393.5989,
17.373911, 4166.4557, 47.658798, 3622.9510, 3404.3122,
17.387070, 4078.5328, 46.350658, 3620.6807, 3415.0408,
17.400230, 4045.8929, 45.226768, 3618.3465, 3425.7877,
17.413380, 3948.1880, 44.029099, 3616.0010, 3436.5420,
17.426540, 3977.8056, 45.714142, 3613.6906, 3447.3225,
17.439690, 3935.0073, 46.832939, 3611.4696, 3458.1102,
17.452841, 3784.9861, 48.564575, 3609.3859, 3468.9163,
17.465981, 3817.4905, 50.470047, 3607.4918, 3479.7295,
17.479130, 3800.8737, 51.655048, 3605.8349, 3490.5672,
17.492270, 3754.5244, 50.531300, 3604.4680, 3501.4137,
17.505409, 3634.3854, 48.907841, 3603.4406, 3512.2769,
17.518551, 3706.6856, 50.772339, 3602.8037, 3523.1581,
17.531679, 3682.6427, 51.945976, 3602.6086, 3534.0450,
17.544821, 3602.1144, 52.615391, 3602.9063, 3544.9595,
17.557949, 3552.6413, 51.635803, 3603.7480, 3555.8795,
17.571079, 3660.8171, 52.890282, 3605.1859, 3566.8178,
17.584200, 3571.7042, 51.035114, 3607.2582, 3577.7647,
17.597330, 3638.6525, 52.742508, 3609.9585, 3588.7362,
17.610451, 3609.5837, 54.141956, 3613.2613, 3599.7164,
17.623569, 3502.4418, 56.153351, 3617.1467, 3610.7118,
17.636690, 3668.8283, 59.331364, 3621.5950, 3621.7254,
17.649799, 3588.5142, 58.234116, 3626.5808, 3632.7462,
17.662910, 3645.4549, 58.751106, 3632.0886, 3643.7854,
17.676029, 3788.7518, 64.431068, 3638.1016, 3654.8478,
17.689131, 3971.8573, 65.725273, 3644.5887, 3665.9126,
17.702240, 3661.0766, 62.340733, 3651.5424, 3677.0008,
17.715349, 3702.0478, 63.398666, 3658.9406, 3688.1060,
17.728451, 3860.8125, 65.195213, 3666.7599, 3699.2218,
17.741550, 3734.0081, 55.871632, 3674.9853, 3710.3530,
17.754641, 3878.5573, 43.583229, 3683.5934, 3721.4933,
17.767740, 3831.4917, 43.476738, 3692.5792, 3732.6589,
17.780830, 3788.7034, 45.125744, 3701.9123, 3743.8336,
17.793921, 3814.4002, 44.372910, 3711.5818, 3755.0258,
17.807011, 3829.6780, 43.572002, 3721.5708, 3766.2354,
17.820101, 3860.4289, 44.796249, 3731.8625, 3777.4625,
17.833179, 3790.4180, 44.049149, 3742.4311, 3788.6974,
17.846270, 3765.4914, 43.831863, 3753.2786, 3799.9599,
17.859341, 3851.8108, 46.430050, 3764.3633, 3811.2238,
17.872419, 3960.4083, 50.610165, 3775.6916, 3822.5122,
17.885500, 3946.6048, 53.273754, 3787.2429, 3833.8202,
17.898569, 3921.6021, 53.158993, 3798.9894, 3845.1365,
17.911640, 3840.4114, 52.538284, 3810.9274, 3856.4726,
17.924709, 3805.3984, 51.667152, 3823.0379, 3867.8255,
17.937780, 4095.1309, 86.662102, 3835.3091, 3879.1985,
17.941250, 3986.7090, 53.562962, 3838.5910, 3882.2203,
17.955721, 3851.9697, 49.204678, 3852.3828, 3894.8387,
17.970181, 3876.6974, 48.713253, 3866.3141, 3907.4700,
17.984650, 3833.8697, 48.857761, 3880.3848, 3920.1330,
17.999109, 3805.8955, 49.330055, 3894.5561, 3932.8110,
18.013571, 3839.8814, 50.687016, 3908.8189, 3945.5143,
18.028021, 4032.3330, 51.049171, 3923.1399, 3958.2313,
18.042480, 3928.2550, 49.022541, 3937.5198, 3970.9808,
18.056931, 3924.7532, 48.842506, 3951.9197, 3983.7461,
18.071381, 3920.2988, 49.576256, 3966.3321, 3996.5358,
18.085819, 3953.9583, 49.952854, 3980.7416, 4009.3401,
18.100269, 4047.8159, 50.627449, 3995.1700, 4022.1795,
18.114710, 4202.5071, 50.227936, 4009.5952, 4035.0357,
18.129150, 4073.6803, 46.283661, 4024.0259, 4047.9172,
18.143579, 4085.5518, 44.208565, 4038.4496, 4060.8142,
18.158020, 4069.6091, 43.587097, 4052.8883, 4073.7474,
18.172449, 4121.6532, 46.648876, 4067.3179, 4086.6966,
18.186880, 4120.8140, 48.769882, 4081.7510, 4099.6740,
18.201300, 4143.2079, 50.578121, 4096.1732, 4112.6679,
18.215719, 4092.3397, 48.679474, 4110.5949, 4125.6889,
18.230150, 4099.9945, 45.330944, 4125.0266, 4138.7477,
18.244560, 4107.7011, 44.066143, 4139.4349, 4151.8151,
18.258980, 4170.6376, 45.188522, 4153.8494, 4164.9192,
18.273390, 4196.1964, 47.006123, 4168.2501, 4178.0430,
18.287800, 4181.3443, 47.964920, 4182.6453, 4191.1954,
18.302210, 4261.4898, 48.985085, 4197.0343, 4204.3769,
18.316620, 4271.7990, 47.179291, 4211.4159, 4217.5877,
18.331020, 4250.7785, 45.612118, 4225.7798, 4230.8196,
18.345421, 4272.6851, 48.289028, 4240.1343, 4244.0815,
18.359819, 4212.9992, 46.933174, 4254.4766, 4257.3721,
18.374210, 4261.0466, 48.024353, 4268.8000, 4270.6865,
18.388611, 4262.3698, 47.484318, 4283.1206, 4284.0409,
18.403000, 4284.9870, 45.071220, 4297.4164, 4297.4164,
18.417379, 4330.2905, 42.971684, 4311.6895, 4310.8158,
18.431770, 4348.3883, 42.425743, 4325.9648, 4324.2626,
18.446150, 4314.3014, 42.535049, 4340.2251, 4337.7402,
18.460529, 4423.9638, 46.470558, 4354.4870, 4351.2641,
18.474911, 4521.8889, 50.314415, 4368.7577, 4364.8408,
18.489281, 4568.2458, 51.133209, 4383.0294, 4378.4624,
18.503660, 4495.5641, 48.236717, 4397.3281, 4392.1537,
18.518030, 4373.6036, 44.779282, 4411.6403, 4405.9013,
18.532391, 4533.1606, 44.615208, 4425.9713, 4419.7099,
18.546761, 4530.8264, 45.570602, 4440.3455, 4433.6027,
18.561119, 4390.0466, 46.705353, 4454.7473, 4447.5643,
18.575480, 4556.3501, 49.837460, 4469.1955, 4461.6124,
18.589840, 4711.8871, 51.045921, 4483.6937, 4475.7500,
18.604191, 4555.9738, 48.662186, 4498.2376, 4489.9728,
18.618549, 4659.8943, 47.942627, 4512.8502, 4504.3025,
18.632900, 4698.7460, 48.662624, 4527.5215, 4518.7290,
18.647240, 4704.3640, 49.970978, 4542.2532, 4533.2533,
18.661591, 4808.4717, 50.771751, 4557.0744, 4547.9034,
18.675930, 5459.9480, 53.382751, 4571.9671, 4562.6613,
18.690269, 8073.1208, 62.509926, 4586.9491, 4577.5434,
18.704611, 15984.080, 85.536293, 4602.0281, 4592.5571,
18.718941, 13828.005, 76.129120, 4617.1960, 4607.6933,
18.733271, 6655.8268, 53.666229, 4632.4707, 4622.9693,
18.747601, 4992.4943, 51.095573, 4647.8583, 4638.3901,
18.761930, 4893.4055, 54.585064, 4663.3649, 4653.9611,
18.776260, 4885.4643, 57.484821, 4678.9968, 4669.6876,
18.790581, 4900.3358, 57.411114, 4694.7499, 4685.5643,
18.804899, 4984.4486, 52.341751, 4710.6387, 4701.6049,
18.819220, 5034.2164, 51.832363, 4726.6741, 4717.8191,
18.833530, 4996.3292, 52.538506, 4742.8497, 4734.1993,
18.847839, 4882.2552, 52.011902, 4759.1807, 4750.7595,
18.862150, 5052.7718, 56.743286, 4775.6784, 4767.5097,
18.876459, 5014.0523, 58.359295, 4792.3452, 4784.4511,
18.890770, 4991.0325, 57.972237, 4809.1929, 4801.5939,
18.905069, 5044.9704, 57.391788, 4826.2126, 4818.9276,
18.919371, 5081.4733, 58.552414, 4843.4275, 4836.4740,
18.933670, 5126.9279, 56.600998, 4860.8404, 4854.2342,
18.947960, 5125.0869, 56.919983, 4878.4496, 4872.2044,
18.962250, 5078.5810, 58.591061, 4896.2743, 4890.4024,
18.976540, 5229.8900, 60.132263, 4914.3226, 4908.8341,
18.990829, 5436.1460, 61.073936, 4932.6024, 4927.5057,
19.005119, 5185.2336, 57.947479, 4951.1223, 4946.4232,
19.019400, 5116.3567, 55.985104, 4969.8779, 4965.5800,
19.033680, 5089.6366, 55.940781, 4988.8902, 4984.9950,
19.047960, 5182.8829, 61.652382, 5008.1682, 5004.6745,
19.062229, 5230.8303, 68.044289, 5027.7049, 5024.6087,
19.076500, 5279.1799, 80.561829, 5047.5278, 5044.8226,
19.090771, 5094.3641, 67.045265, 5067.6435, 5065.3201,
19.105040, 5293.7041, 67.440536, 5088.0590, 5086.1050,
19.119310, 5358.5209, 64.634132, 5108.7897, 5107.1896,
19.133570, 5258.4614, 64.089752, 5129.8260, 5128.5606,
19.147829, 5189.6191, 66.431633, 5151.1946, 5150.2418,
19.162090, 5276.3324, 71.014099, 5172.9090, 5172.2430,
19.176340, 5152.2874, 71.057137, 5194.9595, 5194.5504,
19.190599, 5177.1835, 74.781921, 5217.3895, 5217.2038,
19.204849, 5351.2238, 78.111389, 5240.1803, 5240.1803,
19.219101, 5329.4343, 75.472328, 5263.3557, 5263.5008,
19.233339, 5190.7724, 72.011436, 5286.8731, 5287.1256,
19.247580, 5366.1737, 74.373772, 5310.7342, 5311.0608,
19.261820, 5405.4393, 73.658340, 5334.9134, 5335.2847,
19.276060, 5330.5163, 74.844437, 5359.3880, 5359.7787,
19.290300, 5499.8963, 82.751434, 5384.1359, 5384.5243,
19.304529, 5382.1173, 76.540306, 5409.1149, 5409.4829,
19.318760, 5579.4608, 78.943626, 5434.3263, 5434.6593,
19.332991, 5489.4366, 81.034378, 5459.7452, 5460.0321,
19.347219, 5526.3297, 82.223816, 5485.3467, 5485.5795,
19.361441, 5637.6226, 86.954346, 5511.0989, 5511.2730,
19.375660, 5654.6422, 94.679749, 5536.9909, 5537.1046,
19.389879, 5257.0308, 87.471039, 5563.0051, 5563.0598,
19.404100, 5553.9832, 91.781891, 5589.1240, 5589.1240,
19.418310, 5608.6592, 93.751030, 5615.3021, 5615.2548,
19.432520, 5871.3046, 100.42724, 5641.5396, 5641.4552,
