# wave, flux, fluxerr, continuum, continuum_plateau
9.9725246, 139.25661, 20.751247, 142.11560, 142.11268,
9.9806166, 199.19237, 22.794563, 141.90466, 141.90341,
9.9887066, 114.55601, 18.780657, 141.70720, 141.70689,
9.9967957, 144.16244, 18.221266, 141.52335, 141.52335,
10.004880, 134.80658, 18.493744, 141.35337, 141.35309,
10.012970, 114.89934, 17.246817, 141.19723, 141.19615,
10.021050, 136.61208, 15.423658, 141.05539, 141.05305,
10.029140, 143.16423, 16.040178, 140.92770, 140.92371,
10.037220, 159.03313, 17.453167, 140.81468, 140.80870,
10.045300, 190.23668, 16.118139, 140.71634, 140.70808,
10.053380, 162.93979, 14.994600, 140.63287, 140.62210,
10.061460, 121.47806, 15.466834, 140.56449, 140.55102,
10.069540, 148.91161, 15.659176, 140.51139, 140.49510,
10.077610, 157.18183, 14.188757, 140.47384, 140.45463,
10.085690, 140.33829, 14.556934, 140.45193, 140.42977,
10.093760, 148.15724, 16.279409, 140.44595, 140.42082,
10.101830, 160.62758, 14.886113, 140.45608, 140.42803,
10.109900, 135.78709, 13.729845, 140.48254, 140.45163,
10.117970, 138.59687, 15.126796, 140.52556, 140.49190,
10.126040, 103.90510, 14.660331, 140.58536, 140.54909,
10.134100, 147.24529, 14.070376, 140.66208, 140.62336,
10.142170, 171.74145, 16.714010, 140.75615, 140.71516,
10.150230, 183.12021, 18.494974, 140.86758, 140.82455,
10.158300, 188.25796, 16.064636, 140.99688, 140.95205,
10.166360, 126.38383, 13.894760, 141.14399, 141.09761,
10.174420, 137.53275, 15.743748, 141.30933, 141.26166,
10.182470, 159.71396, 16.914196, 141.49289, 141.44423,
10.190530, 155.63896, 18.088041, 141.69539, 141.64603,
10.198590, 127.72070, 14.832365, 141.91692, 141.86716,
10.206640, 147.32425, 16.736916, 142.15741, 142.10755,
10.214690, 132.30838, 15.440454, 142.41740, 142.36775,
10.222750, 141.26105, 14.476407, 142.69751, 142.64839,
10.230800, 139.06688, 15.851592, 142.99738, 142.94909,
10.238850, 119.50651, 16.191017, 143.31761, 143.27044,
10.246890, 136.61323, 15.041043, 143.65808, 143.61232,
10.254940, 125.10728, 14.710199, 144.01989, 143.97582,
10.262990, 142.09400, 16.591612, 144.40296, 144.36084,
10.271030, 139.99219, 17.237108, 144.80711, 144.76718,
10.279070, 186.04562, 17.055584, 145.23304, 145.19551,
10.287120, 152.90347, 17.097630, 145.68171, 145.64679,
10.295150, 335.76458, 23.393944, 146.15171, 146.11955,
10.303190, 164.96241, 18.610697, 146.64511, 146.61585,
10.311230, 135.19278, 17.277020, 147.16158, 147.13533,
10.319270, 162.45637, 19.852806, 147.70160, 147.67840,
10.327300, 160.12698, 21.453695, 148.26468, 148.24456,
10.335340, 120.65044, 19.508362, 148.85258, 148.83552,
10.343370, 140.23109, 16.941616, 149.46435, 149.45026,
10.351400, 173.96983, 23.649328, 150.10086, 150.08963,
10.359430, 146.98990, 23.348354, 150.76257, 150.75401,
10.367460, 164.51868, 22.726248, 151.44985, 151.44371,
10.375480, 138.52161, 25.069712, 152.16213, 152.15810,
10.383510, 117.27341, 28.548445, 152.90165, 152.89937,
10.391530, 146.76938, 28.434275, 153.66696, 153.66599,
10.399560, 186.75103, 22.571066, 154.46029, 154.46010,
10.407580, 150.68365, 19.517824, 155.28015, 155.28015,
10.415600, 132.81433, 18.849981, 156.12757, 156.12711,
10.423620, 159.38235, 19.873638, 157.00220, 157.00067,
10.431640, 182.71134, 20.158623, 157.90307, 157.89993,
10.439650, 146.06337, 17.707535, 158.82842, 158.82322,
10.447670, 187.15262, 18.180878, 159.77982, 159.77214,
10.455680, 169.66467, 17.093870, 160.75406, 160.74356,
10.463700, 157.56124, 15.765193, 161.75295, 161.73934,
10.471710, 182.39640, 17.513826, 162.77316, 162.75620,
10.479720, 163.10935, 17.578966, 163.81526, 163.79476,
10.487730, 180.80051, 16.895176, 164.87854, 164.85436,
10.495730, 225.04204, 18.660376, 165.96099, 165.93303,
10.503740, 272.07150, 22.191109, 167.06449, 167.03269,
10.511750, 317.41688, 23.394594, 168.18706, 168.15139,
10.519750, 247.75953, 21.110470, 169.32651, 169.28697,
10.527750, 186.98302, 23.036001, 170.48374, 170.44037,
10.535750, 168.72692, 26.019524, 171.65793, 171.61081,
10.543750, 224.31120, 27.283718, 172.84828, 172.79748,
10.551750, 182.20609, 27.543541, 174.05437, 174.00002,
10.559750, 241.02367, 32.746540, 175.27527, 175.21750,
10.567850, 207.19531, 19.650597, 176.52613, 176.46505,
10.576350, 235.84006, 19.197142, 177.85367, 177.78932,
10.584840, 202.30881, 18.132862, 179.19412, 179.12669,
10.593340, 227.58464, 16.708296, 180.54998, 180.47971,
10.601830, 218.47043, 16.088556, 181.91714, 181.84426,
10.610330, 197.88891, 16.810818, 183.29818, 183.22295,
10.618820, 227.39959, 16.493500, 184.68909, 184.61175,
10.627310, 211.56501, 14.700763, 186.09046, 186.01130,
10.635800, 196.37418, 14.779890, 187.50186, 187.42113,
10.644280, 226.86616, 16.428711, 188.92058, 188.83856,
10.652770, 207.95806, 14.750606, 190.34922, 190.26619,
10.661250, 211.07413, 14.064796, 191.78381, 191.70004,
10.669740, 216.29725, 15.017153, 193.22680, 193.14258,
10.678220, 168.73122, 14.529088, 194.67421, 194.58980,
10.686700, 205.90250, 13.928601, 196.12690, 196.04257,
10.695180, 216.12578, 14.107342, 197.58410, 197.50013,
10.703650, 175.41922, 14.447822, 199.04343, 198.96008,
10.712130, 202.80554, 14.987395, 200.50725, 200.42479,
10.720600, 238.99557, 14.469391, 201.97186, 201.89053,
10.729080, 217.92499, 14.411739, 203.43963, 203.35968,
10.737550, 253.32138, 16.192078, 204.90635, 204.82804,
10.746020, 223.13895, 15.068600, 206.37326, 206.29681,
10.754490, 212.31125, 14.083790, 207.83927, 207.76492,
10.762960, 228.47946, 15.136248, 209.30398, 209.23196,
10.771420, 224.98107, 16.267700, 210.76449, 210.69501,
10.779890, 202.82594, 15.232107, 212.22400, 212.15730,
10.788350, 225.44836, 15.194853, 213.67800, 213.61427,
10.796810, 223.61513, 16.409927, 215.12755, 215.06700,
10.805270, 215.91346, 17.192125, 216.57189, 216.51473,
10.813730, 237.78715, 16.986732, 218.01027, 217.95671,
10.822190, 229.93671, 16.478771, 219.44195, 219.39219,
10.830650, 231.11881, 18.348896, 220.86618, 220.82041,
10.839100, 221.89774, 18.916756, 222.28044, 222.23887,
10.847560, 233.08741, 18.205051, 223.68749, 223.65034,
10.856010, 210.94891, 17.815060, 225.08325, 225.05071,
10.864460, 223.32518, 20.085577, 226.46838, 226.44067,
10.872910, 220.31635, 20.279800, 227.84229, 227.81964,
10.881360, 253.61945, 19.474623, 229.20436, 229.18700,
10.889800, 231.08642, 19.917522, 230.55201, 230.54017,
10.898250, 215.52984, 21.593067, 231.88766, 231.88161,
10.906690, 233.57862, 22.053699, 233.20752, 233.20752,
10.915140, 233.80069, 20.599979, 234.51414, 234.52048,
10.923580, 252.04206, 23.041721, 235.80444, 235.81735,
10.932020, 216.02803, 24.596777, 237.08038, 237.10007,
10.940460, 239.15389, 24.209171, 238.34231, 238.36893,
10.948890, 265.16128, 24.896570, 239.58903, 239.62268,
10.957330, 267.80908, 27.093563, 240.82397, 240.86475,
10.965760, 278.13300, 22.394098, 242.04453, 242.09246,
10.974200, 311.22807, 20.955311, 243.25380, 243.30890,
10.982630, 355.45734, 20.382748, 244.44923, 244.51148,
10.991060, 367.70626, 21.589897, 245.63279, 245.70213,
10.999490, 376.39897, 22.745144, 246.80453, 246.88087,
11.007920, 362.73071, 23.166927, 247.96503, 248.04827,
11.016340, 387.13262, 23.930920, 249.11303, 249.20304,
11.024770, 348.51319, 24.382057, 250.25159, 250.34822,
11.033190, 367.06845, 29.769514, 251.37843, 251.48149,
11.041610, 404.16824, 30.345123, 252.49514, 252.60445,
11.050030, 380.08379, 24.102285, 253.60202, 253.71738,
11.058450, 358.00235, 26.615108, 254.69937, 254.82055,
11.066870, 353.21010, 24.949682, 255.78748, 255.91425,
11.075290, 372.21800, 25.608225, 256.86665, 256.99875,
11.083700, 311.92715, 41.157051, 257.93596, 258.07313,
11.092120, 307.58797, 26.649139, 258.99811, 259.14008,
11.100530, 339.71143, 61.590698, 260.05087, 260.19736,
11.108940, 413.56388, 55.190464, 261.09596, 261.24670,
11.117350, 451.90216, 67.687408, 262.13343, 262.28812,
11.120570, 384.06875, 22.850632, 262.52882, 262.68494,
11.129530, 409.91521, 21.619366, 263.62337, 263.78325,
11.138500, 421.94952, 21.216465, 264.71143, 264.87473,
11.147460, 509.33147, 23.257011, 265.79080, 265.95718,
11.156430, 593.07115, 24.660580, 266.86432, 267.03345,
11.165390, 639.97819, 23.486931, 267.92982, 268.10135,
11.174350, 782.12101, 24.745895, 268.98888, 269.16246,
11.183300, 948.46173, 28.142540, 270.04071, 270.21601,
11.192260, 992.37970, 28.346989, 271.08786, 271.26454,
11.201220, 1094.7953, 27.703251, 272.12953, 272.30727,
11.210170, 1096.7911, 27.324762, 273.16494, 273.34341,
11.219120, 1054.1937, 28.255743, 274.19551, 274.37440,
11.228070, 1063.7863, 28.077333, 275.22156, 275.40055,
11.237020, 1043.2273, 26.090662, 276.24328, 276.42209,
11.245970, 1061.5757, 26.586182, 277.26122, 277.43954,
11.254920, 1039.5909, 27.132690, 278.27556, 278.45312,
11.263860, 1026.4347, 26.687464, 279.28544, 279.46196,
11.272800, 993.60639, 24.941050, 280.29245, 280.46769,
11.281750, 968.09248, 25.043087, 281.29777, 281.47146,
11.290690, 918.52515, 25.403967, 282.29976, 282.47168,
11.299630, 891.99042, 24.737064, 283.29959, 283.46951,
11.308560, 862.07578, 23.458046, 284.29660, 284.46432,
11.317500, 849.14355, 23.608295, 285.29324, 285.45854,
11.326430, 806.42961, 24.233772, 286.28766, 286.45038,
11.335370, 760.13406, 23.191586, 287.28231, 287.44226,
11.344300, 735.84258, 22.054590, 288.27536, 288.43239,
11.353230, 724.64724, 22.188770, 289.26816, 289.42213,
11.362160, 666.57540, 22.598167, 290.26092, 290.41170,
11.371080, 672.12841, 22.285511, 291.25309, 291.40057,
11.380010, 652.81948, 21.433044, 292.24688, 292.39094,
11.388930, 644.04400, 21.646017, 293.24068, 293.38124,
11.397850, 619.39504, 22.558277, 294.23563, 294.37262,
11.406780, 558.72235, 21.492672, 295.23332, 295.36666,
11.415700, 589.50935, 21.080883, 296.23170, 296.36135,
11.424610, 546.57001, 21.161009, 297.23118, 297.35710,
11.433530, 536.28237, 22.361652, 298.23420, 298.35636,
11.442450, 547.37621, 22.525328, 299.23998, 299.35838,
11.451360, 533.37730, 21.265770, 300.24777, 300.36238,
11.460270, 503.48433, 21.681831, 301.25892, 301.36977,
11.469180, 498.64175, 22.829185, 302.27376, 302.38085,
11.478090, 489.83719, 22.975830, 303.29257, 303.39593,
11.487000, 480.09649, 22.015429, 304.31568, 304.41534,
11.495910, 481.07940, 23.106350, 305.34328, 305.43928,
11.504810, 447.05978, 23.667059, 306.37479, 306.46718,
11.513710, 429.49801, 23.898556, 307.41139, 307.50023,
11.522620, 452.54948, 23.621740, 308.45474, 308.54007,
11.531520, 439.23758, 24.296768, 309.50270, 309.58460,
11.540420, 458.73350, 26.573755, 310.55681, 310.63533,
11.549310, 424.86308, 26.520693, 311.61624, 311.69145,
11.558210, 422.93343, 25.534451, 312.68369, 312.75566,
11.567100, 415.70087, 26.131519, 313.75686, 313.82565,
11.576000, 404.03821, 27.774019, 314.83884, 314.90451,
11.584890, 434.63612, 28.989172, 315.92727, 315.98989,
11.593780, 399.79379, 27.808077, 317.02364, 317.08326,
11.602670, 396.72850, 27.450850, 318.12852, 318.18519,
11.611560, 386.19116, 29.342146, 319.24210, 319.29587,
11.620440, 390.73816, 30.821733, 320.36341, 320.41430,
11.629330, 367.63775, 29.497381, 321.49541, 321.54345,
11.638210, 372.70036, 29.569105, 322.63591, 322.68110,
11.647090, 346.37479, 31.233246, 323.78632, 323.82867,
11.655970, 354.14094, 33.287174, 324.94711, 324.98659,
11.664850, 365.70101, 25.459087, 326.11875, 326.15532,
11.673730, 374.27657, 19.376730, 327.30134, 327.33495,
11.682600, 364.19658, 21.559668, 328.49407, 328.52463,
11.691480, 359.77264, 21.959421, 329.69986, 329.72727,
11.700350, 346.88278, 21.932835, 330.91647, 330.94060,
11.709220, 334.67830, 21.532299, 332.14555, 332.16625,
11.718090, 374.69117, 23.561146, 333.38747, 333.40454,
11.726960, 307.69532, 24.196056, 334.64260, 334.65583,
11.735830, 293.53872, 24.500051, 335.91131, 335.92043,
11.744690, 332.95939, 27.962776, 337.19244, 337.19717,
11.753560, 319.61349, 25.976753, 338.48942, 338.48942,
11.762420, 361.21972, 28.511971, 339.79931, 339.79423,
11.771280, 385.11578, 47.676922, 341.12299, 341.11248,
11.775020, 333.90611, 18.235209, 341.68544, 341.67256,
11.784500, 362.85723, 19.483580, 343.12097, 343.10183,
11.793980, 366.50893, 19.116499, 344.56898, 344.54333,
11.803460, 332.91153, 19.433781, 346.02851, 345.99609,
11.812940, 367.42820, 17.634024, 347.49799, 347.45861,
11.822420, 343.77363, 17.911633, 348.97646, 348.92995,
11.831890, 366.46858, 18.080105, 350.46085, 350.40710,
11.841360, 366.12265, 17.320646, 351.95156, 351.89047,
11.850840, 356.06403, 16.724939, 353.44883, 353.38033,
11.860310, 377.28037, 17.661505, 354.94840, 354.87246,
11.869770, 394.28588, 17.893700, 356.44901, 356.36564,
11.879240, 396.72541, 17.144293, 357.95244, 357.86166,
11.888710, 396.53943, 16.625988, 359.45594, 359.35780,
11.898170, 392.46246, 17.038399, 360.95674, 360.85133,
11.907630, 382.54246, 17.260607, 362.45497, 362.34240,
11.917090, 423.44837, 17.706703, 363.94968, 363.83009,
11.926550, 415.32768, 16.631027, 365.43932, 365.31289,
11.936010, 399.93794, 16.722057, 366.92296, 366.78988,
11.945470, 406.42710, 17.330057, 368.39903, 368.25955,
11.954920, 420.93839, 17.062433, 369.86496, 369.71935,
11.964370, 423.37885, 16.596504, 371.32100, 371.16956,
11.973830, 425.91843, 16.805233, 372.76749, 372.61056,
11.983280, 408.76766, 17.217184, 374.19996, 374.03793,
11.992720, 429.41631, 17.335129, 375.61720, 375.45050,
12.002170, 402.92742, 16.491335, 377.02109, 376.85018,
12.011610, 411.55883, 16.641552, 378.40738, 378.23279,
12.021060, 379.80524, 16.923811, 379.77760, 379.59990,
12.030500, 400.63867, 17.234060, 381.12771, 380.94752,
12.039940, 409.59432, 17.455345, 382.45768, 382.27569,
12.049380, 424.33215, 16.949957, 383.76649, 383.58345,
12.058820, 402.16221, 17.536161, 385.05258, 384.86930,
12.068250, 400.45897, 17.839537, 386.31352, 386.13089,
12.077690, 407.26790, 17.568609, 387.55066, 387.36965,
12.087120, 387.18544, 16.963251, 388.75995, 388.58160,
12.096550, 372.34894, 17.476404, 389.94144, 389.76689,
12.105980, 371.68337, 18.162716, 391.09381, 390.92428,
12.115410, 379.01097, 17.987167, 392.21571, 392.05253,
12.124830, 382.59760, 17.653028, 393.30469, 393.14930,
12.134260, 379.57769, 18.266893, 394.36162, 394.21556,
12.143680, 389.75781, 19.364130, 395.38286, 395.24780,
12.153100, 388.94577, 19.603500, 396.36834, 396.24606,
12.162520, 385.82596, 21.297945, 397.31656, 397.20899,
12.171940, 390.67801, 19.559519, 398.22603, 398.13522,
12.181360, 398.30612, 20.453018, 399.09550, 399.02368,
12.190770, 412.25005, 21.403000, 399.92257, 399.87208,
12.200180, 407.62107, 20.849054, 400.70677, 400.68016,
12.209600, 387.68622, 20.701921, 401.44747, 401.44747,
12.219010, 394.84758, 21.802561, 402.14193, 402.17133,
12.228420, 404.83243, 23.151379, 402.79149, 402.85293,
12.237820, 395.01069, 22.750793, 403.39636, 403.49219,
12.247230, 408.43368, 23.041279, 403.95876, 404.09116,
12.256630, 464.98122, 24.890806, 404.47830, 404.64914,
12.266040, 510.41588, 27.160152, 404.95687, 405.16788,
12.275440, 747.89625, 31.495670, 405.39431, 405.64691,
12.284840, 588.71807, 28.746805, 405.79188, 406.08734,
12.294230, 465.14954, 26.903185, 406.15009, 406.48944,
12.303630, 420.54405, 31.510267, 406.47038, 406.85453,
12.313030, 420.28401, 29.495350, 406.75317, 407.18283,
12.322420, 428.47366, 33.176224, 406.99894, 407.47457,
12.331810, 432.34562, 22.873238, 407.20874, 407.73070,
12.341200, 469.36398, 19.914598, 407.38329, 407.95179,
12.350590, 444.24179, 20.537283, 407.52331, 408.13838,
12.359980, 467.35697, 21.686775, 407.62949, 408.29103,
12.369360, 449.54144, 21.559380, 407.70245, 408.41019,
12.378750, 450.97829, 22.016983, 407.74304, 408.49664,
12.388130, 474.50066, 22.686399, 407.75181, 408.55074,
12.397510, 468.17023, 23.182060, 407.72950, 408.57314,
12.406890, 464.51205, 22.599962, 407.67673, 408.56436,
12.416270, 452.01233, 22.191795, 407.59414, 408.52494,
12.425640, 455.59168, 22.804548, 407.48250, 408.45549,
12.435020, 493.51055, 25.563736, 407.34218, 408.35638,
12.444390, 500.50028, 26.125244, 407.17408, 408.22834,
12.453760, 502.17511, 26.111593, 406.97866, 408.07178,
12.463130, 498.03489, 26.927135, 406.75651, 407.88723,
12.472500, 482.35198, 29.341745, 406.50821, 407.67518,
12.481870, 498.74787, 34.922127, 406.23432, 407.43613,
12.489420, 504.32852, 21.205969, 405.99539, 407.22420,
12.499490, 512.83109, 21.785419, 405.65194, 406.91522,
12.509550, 511.16029, 20.923061, 405.28113, 406.57705,
12.519610, 533.55227, 20.287659, 404.88334, 406.21000,
12.529670, 523.83195, 19.991117, 404.45925, 405.81472,
12.539730, 524.09879, 20.816662, 404.00943, 405.39174,
12.549780, 517.34957, 23.041527, 403.53507, 404.94216,
12.559840, 544.08324, 19.998642, 403.03579, 404.46563,
12.569890, 537.09793, 19.257053, 402.51327, 403.96374,
12.579940, 515.54523, 19.427027, 401.96759, 403.43659,
12.589990, 552.93517, 19.998896, 401.39936, 402.88474,
12.600040, 591.09792, 19.937326, 400.80911, 402.30873,
12.610090, 563.78520, 18.973831, 400.19754, 401.70922,
12.620130, 583.30103, 22.101824, 399.56584, 401.08740,
12.630170, 572.59390, 19.634155, 398.91388, 400.44315,
12.640210, 583.73058, 19.736408, 398.24228, 399.77709,
12.650250, 567.18015, 18.523960, 397.55159, 399.08978,
12.660290, 588.86082, 18.789904, 396.84243, 398.38183,
12.670330, 587.02649, 19.051819, 396.11519, 397.65367,
12.680360, 589.00693, 19.317959, 395.37126, 396.90671,
12.690390, 614.19734, 19.060068, 394.61042, 396.14073,
12.700420, 626.09944, 18.899673, 393.83310, 395.35620,
12.710450, 602.64378, 18.701496, 393.03996, 394.55381,
12.720480, 638.84982, 20.096457, 392.23144, 393.73402,
12.730500, 656.29288, 29.394543, 391.40882, 392.89817,
12.740530, 650.63865, 19.243374, 390.57103, 392.04520,
12.750550, 619.75141, 18.560406, 389.72016, 391.17726,
12.760570, 606.59107, 19.118647, 388.85597, 390.29416,
12.770590, 613.68828, 19.375751, 387.97878, 389.39625,
12.780610, 622.48593, 19.174940, 387.08914, 388.48414,
12.790620, 633.08811, 20.790590, 386.18848, 387.55933,
12.800640, 703.99837, 20.281931, 385.27536, 386.62038,
12.810650, 977.71742, 23.822271, 384.35215, 385.66979,
12.820660, 777.32855, 21.461437, 383.41837, 384.70710,
12.830670, 533.39214, 17.868090, 382.47436, 383.73271,
12.840680, 497.75413, 17.612856, 381.52076, 382.74732,
12.850680, 502.05767, 18.224508, 380.55884, 381.75231,
12.860690, 475.13896, 18.296114, 379.58720, 380.74628,
12.870690, 449.29992, 17.589582, 378.60813, 379.73165,
12.880690, 459.82388, 17.617701, 377.62124, 378.70808,
12.890690, 436.11529, 17.647728, 376.62676, 377.67585,
12.900680, 410.41273, 17.781477, 375.62627, 376.63668,
12.910680, 387.82749, 17.617184, 374.61810, 375.58887,
12.920670, 408.55007, 17.569073, 373.60477, 374.53512,
12.930670, 393.08978, 17.492990, 372.58457, 373.47372,
12.940660, 385.38730, 18.029781, 371.55998, 372.40728,
12.950640, 395.05885, 18.855537, 370.53160, 371.33651,
12.960630, 368.53806, 18.127842, 369.49750, 370.25946,
12.970620, 388.28871, 18.448790, 368.45935, 369.17795,
12.980600, 362.07211, 18.361149, 367.41848, 368.09341,
12.990580, 388.72203, 20.063250, 366.37438, 367.00538,
13.000560, 363.01159, 19.518185, 365.32728, 365.91417,
13.010540, 353.88789, 19.395443, 364.27766, 364.82036,
13.020520, 361.66910, 19.356018, 363.22594, 363.72444,
13.030490, 355.84412, 20.256565, 362.17362, 362.62805,
13.040470, 370.48657, 21.474335, 361.11889, 361.52938,
13.050440, 380.32198, 21.879066, 360.06437, 360.43121,
13.060410, 336.34630, 20.725260, 359.00936, 359.33288,
13.070380, 358.45797, 21.483002, 357.95413, 358.23478,
13.080350, 379.94817, 23.337866, 356.89931, 357.13759,
13.090310, 383.44232, 24.439487, 355.84620, 356.04275,
13.100280, 372.12912, 24.167255, 354.79317, 354.94865,
13.110240, 375.90401, 23.913319, 353.74264, 353.85787,
13.120200, 350.78551, 24.756872, 352.69400, 352.76983,
13.130160, 380.90641, 26.881639, 351.64766, 351.68504,
13.140110, 331.47676, 20.832518, 350.60511, 350.60511,
13.150070, 344.45514, 16.575916, 349.56451, 349.52820,
13.160020, 345.40173, 16.951944, 348.52823, 348.45677,
13.169980, 338.76579, 18.039368, 347.49422, 347.38873,
13.179930, 352.83104, 18.663822, 346.46479, 346.32645,
13.189870, 361.54561, 19.600479, 345.43997, 345.26999,
13.199820, 343.92155, 19.180782, 344.41794, 344.21746,
13.209770, 349.36466, 19.195099, 343.39971, 343.16993,
13.219710, 329.90179, 19.083904, 342.38660, 342.12875,
13.229650, 368.58511, 21.232891, 341.37777, 341.09306,
13.239590, 370.98749, 21.385040, 340.37317, 340.06281,
13.249530, 363.66930, 21.178898, 339.37304, 339.03826,
13.259470, 363.03065, 21.059864, 338.37753, 338.01956,
13.269410, 350.46166, 22.205910, 337.38678, 337.00686,
13.279340, 362.53492, 25.004133, 336.40199, 336.00139,
13.289270, 355.04287, 25.339899, 335.42216, 335.00212,
13.299200, 334.32019, 25.467098, 334.44763, 334.00942,
13.309130, 382.67281, 28.716381, 333.47847, 333.02333,
13.318260, 355.37345, 18.883425, 332.59218, 332.12258,
13.328980, 353.93556, 18.155699, 331.55770, 331.07247,
13.339690, 366.80796, 18.893229, 330.53103, 330.03165,
13.350400, 348.55559, 19.177078, 329.51136, 328.99929,
13.361120, 350.58220, 18.916504, 328.49792, 327.97459,
13.371830, 368.36084, 18.154718, 327.49288, 326.95977,
13.382530, 353.69657, 18.149086, 326.49637, 325.95490,
13.393240, 351.01873, 18.563929, 325.50681, 324.95842,
13.403940, 362.88968, 19.097427, 324.52620, 323.97230,
13.414650, 325.89100, 20.049824, 323.55300, 322.99500,
13.425350, 366.91535, 18.282995, 322.58917, 322.02847,
13.436050, 348.00719, 17.669662, 321.63408, 321.07204,
13.446740, 322.93198, 17.429733, 320.68888, 320.12686,
13.457440, 350.97245, 18.287785, 319.75196, 319.19128,
13.468130, 330.76254, 17.004948, 318.82539, 318.26736,
13.478830, 364.17965, 17.335070, 317.90760, 317.35351,
13.489520, 374.38982, 17.401299, 317.00063, 316.45173,
13.500200, 318.82590, 16.736483, 316.10464, 315.56213,
13.510890, 369.17757, 17.400862, 315.21827, 314.68336,
13.521570, 352.10017, 16.648884, 314.34337, 313.81721,
13.532260, 369.56194, 16.394123, 313.47864, 312.96235,
13.542940, 363.90415, 16.541656, 312.62589, 312.12054,
13.553620, 360.07660, 17.204332, 311.78463, 311.29124,
13.564290, 347.81880, 16.556126, 310.95593, 310.47549,
13.574970, 345.16408, 15.986017, 310.13846, 309.67191,
13.585640, 352.94996, 15.624649, 309.33411, 308.88232,
13.596320, 362.09898, 16.402645, 308.54159, 308.10540,
13.606990, 341.13918, 16.263136, 307.76275, 307.34293,
13.617650, 355.90300, 16.400162, 306.99779, 306.59503,
13.628320, 341.68894, 15.441042, 306.24566, 305.86061,
13.638980, 326.68107, 15.336000, 305.50800, 305.14124,
13.649650, 331.12606, 15.789690, 304.78383, 304.43587,
13.660310, 332.71967, 16.421627, 304.07475, 303.74601,
13.670970, 321.68932, 18.363636, 303.38046, 303.07129,
13.681630, 332.95975, 15.424862, 302.70128, 302.41195,
13.692280, 338.15433, 15.931225, 302.03820, 301.76889,
13.702940, 337.29207, 16.200565, 301.39028, 301.14108,
13.713590, 319.04336, 16.596771, 300.75913, 300.53004,
13.724240, 311.07684, 15.963304, 300.14443, 299.93535,
13.734890, 327.66837, 16.165236, 299.54664, 299.35737,
13.745530, 295.25812, 15.533894, 298.96661, 298.79682,
13.756180, 339.56729, 17.075636, 298.40368, 298.25298,
13.766820, 310.41826, 17.047804, 297.85924, 297.72707,
13.777460, 313.39844, 16.920601, 297.33318, 297.21890,
13.788100, 320.95956, 16.846573, 296.82590, 296.72873,
13.798740, 301.38519, 16.497431, 296.33781, 296.25685,
13.809380, 313.80455, 17.957077, 295.86938, 295.80358,
13.820010, 320.19250, 18.337004, 295.42135, 295.36951,
13.830640, 296.38746, 17.652983, 294.99379, 294.95460,
13.841270, 321.85053, 18.125469, 294.58708, 294.55905,
13.851900, 301.96520, 18.035072, 294.20174, 294.18325,
13.862530, 310.37608, 21.435869, 293.83820, 293.82745,
13.873150, 286.94175, 18.916910, 293.49721, 293.49224,
13.883780, 306.98349, 19.379772, 293.17865, 293.17732,
13.894400, 278.17547, 18.447496, 292.88358, 292.88358,
13.905020, 283.59041, 19.379356, 292.61195, 292.61084,
13.915640, 308.72678, 20.905027, 292.36305, 292.35851,
13.926250, 316.22617, 21.586369, 292.13613, 292.12602,
13.936870, 318.98231, 21.375660, 291.92988, 291.91220,
13.947480, 313.70842, 20.877781, 291.74369, 291.71661,
13.958090, 305.14232, 21.882326, 291.57650, 291.53834,
13.968700, 340.92823, 23.761795, 291.42737, 291.37659,
13.979310, 308.60348, 23.582603, 291.29541, 291.23064,
13.989910, 303.68105, 23.167603, 291.17983, 291.09981,
14.000520, 312.20322, 22.981810, 291.07954, 290.98312,
14.011120, 338.25332, 24.581757, 290.99382, 290.88004,
14.021720, 319.54343, 25.362000, 290.92171, 290.78970,
14.032320, 319.08998, 26.919392, 290.86236, 290.71136,
14.042920, 280.91429, 25.247900, 290.81489, 290.64426,
14.053510, 303.90174, 25.880596, 290.77849, 290.58773,
14.064110, 344.06644, 27.719509, 290.75222, 290.54091,
14.074700, 288.25544, 27.744705, 290.73530, 290.50316,
14.085290, 343.89674, 31.484867, 290.72686, 290.47368,
14.095870, 321.57498, 22.171461, 290.72605, 290.45176,
14.106460, 296.98263, 17.340099, 290.73204, 290.43664,
14.117040, 323.47687, 18.553135, 290.74399, 290.42759,
14.127630, 332.56010, 20.471104, 290.76109, 290.42389,
14.138210, 317.38543, 20.751213, 290.78249, 290.42480,
14.148790, 290.70494, 20.476505, 290.80737, 290.42960,
14.159370, 335.00658, 21.224298, 290.83493, 290.43755,
14.169940, 327.02110, 21.012318, 290.86429, 290.44791,
14.180520, 349.50406, 37.873501, 290.89471, 290.45999,
14.182090, 340.24315, 20.020945, 290.89926, 290.46189,
14.193560, 320.60696, 18.408112, 290.93240, 290.47615,
14.205030, 339.03247, 19.248648, 290.96459, 290.49051,
14.216500, 324.56122, 19.315052, 290.99479, 290.50404,
14.227970, 320.33002, 18.664221, 291.02197, 290.51582,
14.239430, 349.51279, 17.926983, 291.04504, 290.52492,
14.250890, 331.23596, 16.737593, 291.06299, 290.53041,
14.262350, 310.46313, 17.018717, 291.07478, 290.53139,
14.273810, 320.31037, 17.595116, 291.07935, 290.52693,
14.285270, 312.55485, 17.462139, 291.07564, 290.51609,
14.296730, 310.37058, 15.871613, 291.06261, 290.49795,
14.308180, 296.46710, 15.403433, 291.03920, 290.47162,
14.319630, 311.57459, 16.046528, 291.00435, 290.43615,
14.331080, 300.14684, 16.656178, 290.95699, 290.39061,
14.342530, 318.17817, 16.764776, 290.89604, 290.33407,
14.353970, 308.75066, 15.537021, 290.82049, 290.26567,
14.365410, 298.16872, 15.262296, 290.72920, 290.18442,
14.376860, 299.79998, 15.535203, 290.62099, 290.08931,
14.388300, 290.80718, 16.359621, 290.49492, 289.97956,
14.399730, 281.41946, 16.087154, 290.34996, 289.85428,
14.411170, 302.09789, 15.865755, 290.18470, 289.71229,
14.422600, 285.79236, 15.260485, 289.99832, 289.55291,
14.434030, 332.21947, 16.745689, 289.78956, 289.37508,
14.445460, 303.06035, 17.260845, 289.55723, 289.17783,
14.456890, 297.98046, 16.636921, 289.30022, 288.96023,
14.468320, 297.57719, 16.205078, 289.01734, 288.72133,
14.479740, 298.82864, 15.283674, 288.70768, 288.46037,
14.491160, 274.97568, 15.041185, 288.36982, 288.17622,
14.502580, 300.32396, 16.320339, 288.00258, 287.86792,
14.514000, 288.97838, 15.949468, 287.60468, 287.53447,
14.525420, 277.39837, 15.237926, 287.17492, 287.17492,
14.536830, 271.21105, 14.091622, 286.71302, 286.78899,
14.548240, 297.96281, 15.051477, 286.22007, 286.37719,
14.559650, 284.28945, 17.006447, 285.69797, 285.94063,
14.571060, 297.43490, 15.938919, 285.14879, 285.48053,
14.582470, 304.70177, 15.601346, 284.57441, 284.99800,
14.593870, 284.23392, 16.482531, 283.97729, 284.49461,
14.605270, 305.66727, 15.589067, 283.35887, 283.97111,
14.616670, 275.76468, 14.903137, 282.72112, 283.42867,
14.628070, 302.37853, 18.628111, 282.06582, 282.86832,
14.639470, 293.40333, 15.677958, 281.39492, 282.29125,
14.650860, 280.23253, 14.645841, 280.71094, 281.69912,
14.662260, 298.80456, 15.342897, 280.01449, 281.09195,
14.673650, 279.45616, 15.087789, 279.30873, 280.47199,
14.685040, 260.06991, 15.529963, 278.59481, 279.83974,
14.696420, 310.83007, 16.756784, 277.87538, 279.19701,
14.707810, 290.37656, 15.733060, 277.15084, 278.54362,
14.719190, 282.89452, 15.627932, 276.42451, 277.88198,
14.730570, 274.85073, 15.687619, 275.69743, 277.21248,
14.741950, 278.78241, 17.020634, 274.97152, 276.53627,
14.753330, 289.47918, 17.079737, 274.24863, 275.85447,
14.764700, 290.08109, 16.782915, 273.53125, 275.16880,
14.776080, 258.17208, 15.733256, 272.81992, 274.47908,
14.787450, 269.80783, 16.063698, 272.11779, 273.78769,
14.798820, 280.50848, 17.194466, 271.42607, 273.09509,
14.810190, 286.96693, 17.184536, 270.74654, 272.40231,
14.821550, 263.05499, 16.538521, 270.08175, 271.71113,
14.832920, 268.00396, 16.023493, 269.43237, 271.02143,
14.844280, 273.84157, 16.122824, 268.80139, 270.33546,
14.855640, 287.94976, 17.596466, 268.19012, 269.65373,
14.866990, 260.82086, 17.210779, 267.60099, 268.97795,
14.878350, 288.06459, 19.471502, 267.03481, 268.30797,
14.889710, 286.78959, 18.982372, 266.49405, 267.64551,
14.901060, 282.79181, 17.184877, 265.98109, 266.99226,
14.912410, 275.65786, 18.087940, 265.49735, 266.34870,
14.923760, 263.99028, 18.433577, 265.04473, 265.71587,
14.935100, 268.16955, 19.543051, 264.62565, 265.09554,
14.946450, 259.22005, 18.908449, 264.24123, 264.48756,
14.957790, 259.62060, 18.756052, 263.89421, 263.89421,
14.969130, 253.45599, 19.746164, 263.58577, 263.31585,
14.980470, 279.00488, 20.808941, 263.31554, 262.75241,
14.991810, 281.32433, 22.160599, 263.08277, 262.20374,
15.003140, 292.54754, 22.155005, 262.88684, 261.67010,
15.014480, 297.29624, 21.950312, 262.72670, 261.15045,
15.025810, 274.00379, 22.367640, 262.60186, 260.64540,
15.037140, 314.77775, 23.987614, 262.51150, 260.15440,
15.048460, 280.40499, 25.454535, 262.45493, 259.67763,
15.059790, 265.90533, 25.050373, 262.43140, 259.21412,
15.071110, 275.58064, 24.861393, 262.44028, 258.76446,
15.082440, 261.28195, 19.107162, 262.48095, 258.32770,
15.093750, 269.64016, 15.851499, 262.55262, 257.90486,
15.105070, 259.76434, 17.229109, 262.65484, 257.49459,
15.116390, 273.69017, 18.542400, 262.78695, 257.09712,
15.127700, 276.09626, 18.544447, 262.94821, 256.71263,
15.139020, 277.35674, 19.751823, 263.13834, 256.34026,
15.150330, 247.60801, 18.916979, 263.35644, 255.98054,
15.162390, 263.78055, 21.411999, 263.61939, 255.61033,
15.174730, 288.50389, 21.587286, 263.92025, 255.24561,
15.187070, 318.86783, 23.382694, 264.25259, 254.89500,
15.199410, 279.49136, 23.754475, 264.61579, 254.55823,
15.211740, 255.84568, 22.194115, 265.00882, 254.23546,
15.224080, 259.95811, 20.303284, 265.43178, 253.92589,
15.236410, 271.74396, 19.310219, 265.88334, 253.62989,
15.248740, 283.93727, 20.000452, 266.36324, 253.34702,
15.261060, 265.34702, 20.585033, 266.87048, 253.07731,
15.273390, 288.01363, 20.863373, 267.40535, 252.82014,
15.285710, 279.85973, 20.441105, 267.96647, 252.57576,
15.298030, 260.38782, 17.669462, 268.55366, 252.34381,
15.310350, 259.61538, 17.930523, 269.16650, 252.12409,
15.322660, 254.95425, 18.781155, 269.80389, 251.91662,
15.334980, 263.22486, 19.472761, 270.46640, 251.72091,
15.347290, 258.12239, 19.201796, 271.15253, 251.53709,
15.359600, 269.01279, 18.139336, 271.86232, 251.36487,
15.371900, 279.29778, 18.043175, 272.59471, 251.20421,
15.384210, 266.30559, 18.373549, 273.35051, 251.05470,
15.396510, 269.03191, 19.096220, 274.12808, 250.91642,
15.408810, 284.92931, 19.943827, 274.92754, 250.78912,
15.421110, 292.21624, 17.919792, 275.74862, 250.67265,
15.433410, 284.20196, 16.795872, 276.59081, 250.56686,
15.445700, 283.86805, 16.692682, 277.45313, 250.47169,
15.457990, 282.61143, 17.192362, 278.33588, 250.38692,
15.470280, 279.49053, 17.955307, 279.23871, 250.31240,
15.482570, 276.91346, 16.746424, 280.16130, 250.24801,
15.494860, 276.34739, 15.772309, 281.10327, 250.19361,
15.507140, 285.44366, 15.408289, 282.06342, 250.14911,
15.519420, 288.73865, 16.060246, 283.04187, 250.11433,
15.531700, 363.42382, 18.166143, 284.03830, 250.08916,
15.543980, 695.00767, 23.170353, 285.05206, 250.07346,
15.556260, 816.38942, 23.858040, 286.08285, 250.06712,
15.568530, 460.46973, 17.815691, 287.12923, 250.07001,
15.580800, 321.90303, 16.265112, 288.19161, 250.08201,
15.593070, 307.23293, 17.644930, 289.26955, 250.10301,
15.605340, 286.56874, 17.401516, 290.36262, 250.13288,
15.617600, 310.97354, 17.924641, 291.46954, 250.17149,
15.629860, 301.22812, 16.365013, 292.59063, 250.21875,
15.642120, 299.32868, 15.823493, 293.72566, 250.27455,
15.654380, 298.63859, 16.401094, 294.87406, 250.33878,
15.666640, 313.12098, 17.001127, 296.03560, 250.41135,
15.678890, 287.26796, 16.731178, 297.20882, 250.49208,
15.691140, 292.36342, 15.947416, 298.39430, 250.58093,
15.703390, 300.32729, 15.078293, 299.59169, 250.67779,
15.715640, 313.89516, 15.981981, 300.80062, 250.78258,
15.727890, 316.34706, 16.475718, 302.02072, 250.89520,
15.740130, 305.18919, 16.947636, 303.25068, 251.01546,
15.752370, 290.10716, 16.149597, 304.49101, 251.14334,
15.764610, 308.10710, 15.817705, 305.74155, 251.27877,
15.776850, 313.42274, 15.938387, 307.00178, 251.42164,
15.789090, 331.76582, 16.685537, 308.27156, 251.57189,
15.801320, 311.77510, 17.262274, 309.54937, 251.72928,
15.813550, 319.09988, 18.315315, 310.83598, 251.89386,
15.825780, 320.03609, 17.710613, 312.13107, 252.06554,
15.838010, 306.72584, 17.355995, 313.43433, 252.24425,
15.850230, 325.77005, 17.628174, 314.74443, 252.42975,
15.862450, 323.06881, 17.739077, 316.06198, 252.62209,
15.874670, 319.90685, 18.560606, 317.38689, 252.82122,
15.886890, 318.97847, 18.384712, 318.71877, 253.02706,
15.899110, 354.76842, 19.075556, 320.05722, 253.23951,
15.911320, 319.82303, 17.560268, 321.40101, 253.45834,
15.923540, 327.18360, 17.929441, 322.75207, 253.68385,
15.935750, 330.37461, 19.254187, 324.10779, 253.91557,
15.947960, 337.71251, 19.786167, 325.46907, 254.15363,
15.960160, 352.50844, 20.068119, 326.83455, 254.39777,
15.972370, 326.28946, 19.714447, 328.20611, 254.64831,
15.984570, 337.37148, 19.548550, 329.58124, 254.90476,
15.996770, 357.89528, 20.446247, 330.96094, 255.16730,
16.008961, 324.16799, 20.864693, 332.34378, 255.43564,
16.021160, 319.57248, 21.356628, 333.73155, 255.71011,
16.033350, 330.74959, 22.007420, 335.12194, 255.99025,
16.045549, 309.28652, 21.109842, 336.51686, 256.27643,
16.057739, 350.09564, 22.351345, 337.91389, 256.56815,
16.069920, 338.71984, 23.218239, 339.31277, 256.86535,
16.082109, 337.51048, 26.861713, 340.71543, 257.16843,
16.094290, 315.87089, 24.068827, 342.11945, 257.47687,
16.106470, 337.93467, 24.038219, 343.52568, 257.79085,
16.118650, 340.86061, 24.376194, 344.93386, 258.11032,
16.130831, 322.84909, 24.492411, 346.34376, 258.43522,
16.143009, 308.38110, 24.149124, 347.75492, 258.76547,
16.155180, 317.94137, 24.950825, 349.16643, 259.10084,
16.167351, 340.00918, 26.969410, 350.57894, 259.44150,
16.179520, 338.00163, 26.746708, 351.99199, 259.78735,
16.191681, 342.61562, 26.048409, 353.40467, 260.13817,
16.203850, 366.19424, 27.506975, 354.81851, 260.49437,
16.216009, 346.48886, 27.667614, 356.23130, 260.85539,
16.228170, 359.49302, 30.078842, 357.64412, 261.22153,
16.240330, 317.53845, 29.393927, 359.05628, 261.59264,
16.252489, 390.27838, 31.268013, 360.46778, 261.96873,
16.264641, 358.86052, 31.537231, 361.87736, 262.34952,
16.276791, 376.16853, 33.446983, 363.28480, 262.73516,
16.288950, 380.14068, 33.731735, 364.69040, 263.12597,
16.301090, 326.88695, 35.850796, 366.08985, 263.52099,
16.313240, 366.61317, 37.186954, 367.48541, 263.92111,
16.325380, 372.02129, 37.256618, 368.87388, 264.32568,
16.337530, 391.53085, 25.039558, 370.25641, 264.73529,
16.349670, 424.96732, 23.411068, 371.62979, 265.14928,
16.361799, 424.91713, 22.250536, 372.99281, 265.56753,
16.373940, 473.48634, 25.074450, 374.34700, 265.99080,
16.386070, 468.21362, 24.848516, 375.68897, 266.41834,
16.398211, 496.91191, 25.689949, 377.01977, 266.85079,
16.410339, 523.10182, 25.305752, 378.33607, 267.28738,
16.422461, 538.14224, 26.695301, 379.63724, 267.72820,
16.434589, 523.53144, 28.523775, 380.92386, 268.17380,
16.446711, 526.58860, 28.736759, 382.19323, 268.62357,
16.458839, 477.82413, 29.053989, 383.44587, 269.07807,
16.470961, 484.72048, 29.404541, 384.67909, 269.53671,
16.483070, 474.45981, 28.884262, 385.89147, 269.99930,
16.495190, 479.54480, 39.662048, 387.08399, 270.46664,
16.500280, 452.60928, 26.407930, 387.57843, 270.66424,
16.513599, 434.85986, 24.928320, 388.85312, 271.18486,
16.526911, 426.25656, 23.094328, 390.09851, 271.71041,
16.540211, 454.80525, 24.189636, 391.31278, 272.24070,
16.553520, 430.50274, 24.287804, 392.49630, 272.77654,
16.566820, 421.28201, 24.689047, 393.64581, 273.31715,
16.580120, 391.67493, 22.955015, 394.76057, 273.86290,
16.593420, 409.29406, 22.135872, 395.83898, 274.41375,
16.606710, 385.63914, 21.554071, 396.87867, 274.96930,
16.620001, 388.02272, 21.524895, 397.87991, 275.52993,
16.633301, 409.76251, 23.006983, 398.84738, 276.09603,
16.646589, 390.79739, 22.146664, 399.78465, 276.66669,
16.659870, 386.01456, 20.652809, 400.69714, 277.24205,
16.673149, 418.79294, 20.133307, 401.59033, 277.82235,
16.686440, 428.66013, 19.251648, 402.47016, 278.40816,
16.699711, 424.04715, 19.509224, 403.33963, 278.99814,
16.712990, 430.45831, 20.632626, 404.20555, 279.59344,
16.726271, 418.26723, 20.772102, 405.07256, 280.19383,
16.739540, 426.22738, 20.105820, 405.94482, 280.79867,
16.752810, 417.45870, 19.307953, 406.82808, 281.40850,
16.766081, 432.00382, 19.327204, 407.72751, 282.02338,
16.779341, 449.88131, 21.018370, 408.64722, 282.64271,
16.792601, 425.01651, 22.076525, 409.59301, 283.26700,
16.805870, 413.13265, 21.772978, 410.57066, 283.89671,
16.819120, 415.68501, 20.755920, 411.58310, 284.53049,
16.832380, 392.54271, 18.890671, 412.63757, 285.16970,
16.845631, 410.56713, 18.388395, 413.73768, 285.81342,
16.858891, 418.16118, 19.291954, 414.89016, 286.46260,
16.872141, 429.42346, 20.518209, 416.09628, 287.11630,
16.885380, 423.75631, 20.678394, 417.34967, 287.77442,
16.898630, 423.71890, 19.977900, 418.64420, 288.43812,
16.911869, 417.39817, 18.728386, 419.96937, 289.10626,
16.925110, 431.90354, 19.067472, 421.31826, 289.77953,
16.938351, 420.98565, 19.733246, 422.68244, 290.45782,
16.951580, 429.20663, 20.752756, 424.05251, 291.14058,
16.964821, 431.41327, 21.160919, 425.42265, 291.82900,
16.978050, 421.00669, 20.120481, 426.78228, 292.52190,
16.991270, 468.94624, 19.507923, 428.12345, 293.21940,
17.004499, 461.95560, 18.694826, 429.43989, 293.92251,
17.017719, 555.61673, 20.036190, 430.72148, 294.63025,
17.030951, 810.42377, 24.449200, 431.96202, 295.34376,
17.044161, 639.91291, 22.916126, 433.15026, 296.06130,
17.057381, 472.39297, 19.677141, 434.28073, 296.78457,
17.070601, 463.82953, 19.140572, 435.34424, 297.51306,
17.083811, 470.00564, 19.449203, 436.33173, 298.24627,
17.097019, 468.26012, 19.412756, 437.23547, 298.98464,
17.110229, 477.70961, 21.359430, 438.04729, 299.72843,
17.123430, 467.06867, 22.373104, 438.75807, 300.47701,
17.136641, 475.14056, 22.245600, 439.36026, 301.23149,
17.149839, 478.62222, 22.046972, 439.84432, 301.99071,
17.163040, 435.12596, 19.567078, 440.20216, 302.75546,
17.176229, 444.88318, 20.552536, 440.42479, 303.52500,
17.189430, 429.48586, 21.282932, 440.50376, 304.30071,
17.202620, 432.91183, 22.105267, 440.43292, 305.08128,
17.215811, 460.11196, 22.419931, 440.21807, 305.86752,
17.229000, 456.87456, 21.950600, 439.86781, 306.65926,
17.242180, 439.13821, 20.881527, 439.39096, 307.45607,
17.255369, 449.29348, 20.993237, 438.79521, 308.25915,
17.268551, 458.07025, 22.787422, 438.08959, 309.06749,
17.281719, 449.81803, 23.247089, 437.28288, 309.88079,
17.294901, 504.22173, 25.567432, 436.38160, 310.70073,
17.308069, 480.12358, 25.076450, 435.39563, 311.52570,
17.321251, 472.87490, 23.423395, 434.33103, 312.35744,
17.334410, 479.93242, 23.061115, 433.19875, 313.19368,
17.347580, 510.87164, 24.244106, 432.00386, 314.03668,
17.360750, 532.94831, 24.823959, 430.75520, 314.88574,
17.373911, 544.52606, 26.442417, 429.46158, 315.74031,
17.387070, 490.70135, 25.056568, 428.13011, 316.60093,
17.400230, 464.13635, 23.833485, 426.76819, 317.46791,
17.413380, 508.90638, 24.259882, 425.38499, 318.34043,
17.426540, 451.39758, 24.151735, 423.98584, 319.22006,
17.439690, 459.80667, 25.140524, 422.58090, 320.10533,
17.452841, 474.03447, 26.846500, 421.17647, 320.99721,
17.465981, 498.75186, 28.330549, 419.78169, 321.89484,
17.479130, 443.56850, 27.978613, 418.40205, 322.79973,
17.492270, 436.54490, 27.511700, 417.04725, 323.71063,
17.505409, 407.05630, 26.911268, 415.72404, 324.62826,
17.518551, 454.12740, 29.308670, 414.43997, 325.55284,
17.531679, 439.37975, 30.340651, 413.20424, 326.48335,
17.544821, 415.31095, 30.480368, 412.02216, 327.42176,
17.557949, 435.19035, 30.248005, 410.90393, 328.36624,
17.571079, 415.87293, 30.227764, 409.85604, 329.31796,
17.584200, 431.02928, 29.920244, 408.88725, 330.27616,
17.597330, 380.20173, 29.282600, 408.00408, 331.24232,
17.610451, 415.70750, 30.648270, 407.21582, 332.21512,
17.623569, 384.74108, 31.797646, 406.52775, 333.19519,
17.636690, 424.39951, 34.401325, 405.93678, 334.18291,
17.649799, 425.47932, 33.984512, 405.43843, 335.17736,
17.662910, 411.22739, 33.896709, 405.02715, 336.17962,
17.676029, 432.46345, 37.043018, 404.69796, 337.19024,
17.689131, 454.53606, 38.508392, 404.44658, 338.20739,
17.702240, 402.34898, 36.364647, 404.26767, 339.23308,
17.715349, 457.15765, 38.301880, 404.15666, 340.26683,
17.728451, 416.58310, 38.069893, 404.10886, 341.30811,
17.741550, 441.70147, 34.335186, 404.11955, 342.35748,
17.754641, 343.48668, 24.361055, 404.18405, 343.41441,
17.767740, 464.38094, 25.869654, 404.29788, 344.48056,
17.780830, 464.89248, 27.481848, 404.45633, 345.55447,
17.793921, 386.51990, 25.432674, 404.65498, 346.63704,
17.807011, 410.52724, 25.534746, 404.88935, 347.72835,
17.820101, 430.79955, 26.902489, 405.15497, 348.82854,
17.833179, 437.83233, 26.873775, 405.44715, 349.93674,
17.846270, 426.19698, 26.667749, 405.76198, 351.05501,
17.859341, 431.78949, 27.866493, 406.09432, 352.18085,
17.872419, 422.72480, 30.529385, 406.44044, 353.31666,
17.885500, 453.13443, 34.022770, 406.79582, 354.46209,
17.898569, 400.16893, 33.079605, 407.15574, 355.61608,
17.911640, 417.38153, 33.610802, 407.51619, 356.77992,
17.924709, 428.56313, 33.367130, 407.87272, 357.95341,
17.937780, 431.53645, 56.918400, 408.22107, 359.13702,
17.941250, 391.19402, 27.456354, 408.31159, 359.45287,
17.955721, 366.86590, 25.641371, 408.67779, 360.77801,
17.970181, 368.41376, 25.354282, 409.02093, 362.11466,
17.984650, 408.86062, 26.725246, 409.33555, 363.46497,
17.999109, 387.25451, 26.751953, 409.61529, 364.82734,
18.013571, 413.37296, 27.401869, 409.85439, 366.20303,
18.028021, 452.81590, 28.034458, 410.04666, 367.59097,
18.042480, 378.51192, 24.658176, 410.18633, 368.99337,
18.056931, 436.15877, 25.926342, 410.26714, 370.40858,
18.071381, 392.13109, 24.961485, 410.28529, 371.83774,
18.085819, 391.71803, 25.717670, 410.24579, 373.27991,
18.100269, 424.16488, 26.623409, 410.15571, 374.73761,
18.114710, 400.71247, 25.427532, 410.02225, 376.20893,
18.129150, 409.34110, 23.624125, 409.85243, 377.69506,
18.143579, 392.97624, 21.901953, 409.65344, 379.19504,
18.158020, 401.25985, 21.796576, 409.43195, 380.71147,
18.172449, 413.59980, 23.727699, 409.19529, 382.24221,
18.186880, 401.24942, 24.371017, 408.95022, 383.78889,
18.201300, 414.54376, 25.659082, 408.70392, 385.35031,
18.215719, 400.69033, 24.688787, 408.46312, 386.92794,
18.230150, 421.71103, 23.864769, 408.23460, 388.52331,
18.244560, 406.90180, 22.733456, 408.02580, 390.13309,
18.258980, 404.68882, 23.228287, 407.84321, 391.76093,
18.273390, 431.13032, 24.741497, 407.69405, 393.40493,
18.287800, 419.92055, 25.035244, 407.58519, 395.06646,
18.302210, 402.83419, 24.708698, 407.52365, 396.74579,
18.316620, 417.82033, 23.599205, 407.51649, 398.44320,
18.331020, 430.82933, 23.102318, 407.57075, 400.15784,
18.345421, 446.90797, 24.335630, 407.69356, 401.89113,
18.359819, 398.04071, 23.074594, 407.89205, 403.64313,
18.374210, 414.38334, 24.362631, 408.17331, 405.41343,
18.388611, 397.25243, 23.698399, 408.54500, 407.20446,
18.403000, 403.90489, 22.282145, 409.01392, 409.01392,
18.417379, 414.76672, 21.143383, 409.58523, 410.84185,
18.431770, 414.76221, 20.716194, 410.25680, 412.68894,
18.446150, 409.79036, 20.677444, 411.02254, 414.54976,
18.460529, 469.37677, 23.762066, 411.87800, 416.42334,
18.474911, 442.57165, 24.885519, 412.81843, 418.30745,
18.489281, 448.78789, 25.202139, 413.83806, 420.19791,
18.503660, 427.65350, 24.618814, 414.93362, 422.09500,
18.518030, 428.36375, 22.959965, 416.09896, 423.99379,
18.532391, 457.87737, 23.031841, 417.32931, 425.89181,
18.546761, 410.80417, 22.704945, 418.62173, 427.78914,
18.561119, 392.16710, 23.367212, 419.96978, 429.68059,
18.575480, 453.22200, 25.653448, 421.37017, 431.56547,
18.589840, 472.11539, 26.064678, 422.81828, 433.44109,
18.604191, 411.23845, 23.602579, 424.30868, 435.30378,
18.618549, 464.84372, 23.807657, 425.83879, 437.15331,
18.632900, 453.13548, 23.611847, 427.40262, 438.98528,
18.647240, 458.38838, 25.454123, 428.99539, 440.79678,
18.661591, 443.93602, 25.013258, 430.61534, 442.58826,
18.675930, 530.43987, 26.580593, 432.25562, 444.35439,
18.690269, 682.80839, 28.288059, 433.91326, 446.09415,
18.704611, 1283.5454, 35.171452, 435.58427, 447.80530,
18.718941, 1131.7789, 31.455467, 437.26284, 449.48379,
18.733271, 569.98047, 24.242695, 438.94609, 451.12853,
18.747601, 442.94688, 24.580074, 440.62982, 452.73701,
18.761930, 474.10015, 27.284002, 442.30982, 454.30675,
18.776260, 471.14151, 29.197016, 443.98188, 455.83522,
18.790581, 484.41814, 28.910376, 445.64069, 457.31893,
18.804899, 490.54526, 27.333269, 447.28293, 458.75619,
18.819220, 486.60054, 26.762140, 448.90481, 460.14484,
18.833530, 469.19544, 26.787846, 450.50081, 461.48125,
18.847839, 460.61981, 26.666365, 452.06756, 462.76364,
18.862150, 426.51900, 28.351059, 453.60121, 463.98976,
18.876459, 480.27096, 30.404116, 455.09704, 465.15668,
18.890770, 505.11301, 30.032131, 456.55113, 466.26212,
18.905069, 518.85110, 29.930176, 457.95780, 467.30246,
18.919371, 469.87875, 28.614567, 459.31405, 468.27610,
18.933670, 472.54688, 28.268627, 460.61507, 469.18013,
18.947960, 480.63538, 28.979612, 461.85580, 470.01146,
18.962250, 461.43651, 29.976084, 463.03261, 470.76802,
18.976540, 516.95768, 31.960651, 464.14096, 471.44710,
18.990829, 505.65673, 32.119907, 465.17626, 472.04596,
19.005119, 488.41408, 29.747480, 466.13386, 472.56185,
19.019400, 478.38390, 28.296749, 467.00850, 472.99171,
19.033680, 468.79546, 28.310053, 467.79607, 473.33313,
19.047960, 458.14569, 31.092712, 468.49177, 473.58328,
19.062229, 463.80298, 34.576370, 469.09025, 473.73921,
19.076500, 445.45951, 41.851162, 469.58722, 473.79830,
19.090771, 466.03371, 36.152775, 469.97756, 473.75763,
19.105040, 497.37819, 37.070038, 470.25615, 473.61429,
19.119310, 460.36536, 33.351376, 470.41785, 473.36530,
19.133570, 459.87340, 33.532253, 470.45737, 473.00801,
19.147829, 462.68618, 35.493755, 470.36953, 472.53925,
19.162090, 502.09023, 39.077915, 470.14884, 471.95592,
19.176340, 477.26724, 39.073807, 469.79010, 471.25560,
19.190599, 457.79796, 40.166073, 469.28717, 470.43418,
19.204849, 403.14191, 39.130520, 468.63496, 469.48964,
19.219101, 483.95205, 39.086140, 467.82722, 468.41816,
19.233339, 459.51770, 37.513676, 466.85903, 467.21783,
19.247580, 453.71290, 39.626251, 465.72348, 465.88431,
19.261820, 449.46895, 38.230110, 464.41448, 464.41448,
19.276060, 413.85272, 39.499847, 462.92913, 462.80723,
19.290300, 545.52014, 46.209366, 461.27811, 461.07014,
19.304529, 494.57929, 42.684475, 459.47690, 459.21447,
19.318760, 496.92305, 43.560989, 457.53780, 457.24830,
19.332991, 440.78323, 43.731750, 455.47480, 455.18150,
19.347219, 464.21702, 44.230488, 453.30182, 453.02400,
19.361441, 459.44409, 45.864754, 451.03341, 450.78633,
19.375660, 502.71173, 54.295902, 448.68222, 448.47724,
19.389879, 403.76917, 49.519035, 446.26134, 446.10595,
19.404100, 479.63693, 53.365334, 443.78381, 443.68166,
19.418310, 478.00596, 54.880119, 441.26528, 441.21617,
19.432520, 438.71704, 55.957825, 438.71704, 438.71704,
