# wave, flux, fluxerr, continuum, continuum_plateau
9.9725246, 4013.8884, 90.748856, 4013.8884, 4013.8884,
9.9806166, 4145.2215, 97.101517, 4024.8222, 4024.8200,
9.9887066, 4260.9130, 84.075508, 4035.8865, 4035.8779,
9.9967957, 4242.2050, 80.889954, 4047.0811, 4047.0624,
10.004880, 4216.3920, 85.035744, 4058.3993, 4058.3674,
10.012970, 4317.4833, 82.132294, 4069.8546, 4069.8066,
10.021050, 4206.8426, 73.918633, 4081.4239, 4081.3575,
10.029140, 4197.4601, 75.586990, 4093.1335, 4093.0467,
10.037220, 4195.7571, 78.214172, 4104.9531, 4104.8443,
10.045300, 4249.1426, 72.575630, 4116.8966, 4116.7647,
10.053380, 4118.0672, 69.522133, 4128.9645, 4128.8085,
10.061460, 4129.4306, 73.702957, 4141.1527, 4140.9721,
10.069540, 4123.0731, 72.465790, 4153.4631, 4153.2575,
10.077610, 4229.7203, 69.149864, 4165.8770, 4165.6466,
10.085690, 4153.3754, 71.023010, 4178.4241, 4178.1691,
10.093760, 4234.4760, 75.166046, 4191.0740, 4190.7950,
10.101830, 4279.3713, 71.710571, 4203.8404, 4203.5380,
10.109900, 4341.3283, 71.187195, 4216.7238, 4216.3992,
10.117970, 4359.3831, 75.384811, 4229.7205, 4229.3747,
10.126040, 4400.2962, 75.769112, 4242.8310, 4242.4654,
10.134100, 4419.1694, 72.396713, 4256.0372, 4255.6534,
10.142170, 4306.9228, 73.332863, 4269.3728, 4268.9724,
10.150230, 4307.5549, 77.218140, 4282.8038, 4282.3886,
10.158300, 4470.2480, 75.228867, 4296.3613, 4295.9332,
10.166360, 4342.6123, 70.286636, 4310.0109, 4309.5719,
10.174420, 4452.7418, 72.980278, 4323.7711, 4323.3232,
10.182470, 4446.3975, 71.780731, 4337.6215, 4337.1669,
10.190530, 4495.9738, 67.853828, 4351.5959, 4351.1368,
10.198590, 4469.7951, 72.620316, 4365.6790, 4365.2176,
10.206640, 4317.9570, 75.898117, 4379.8500, 4379.3886,
10.214690, 4556.7161, 75.355553, 4394.1267, 4393.6674,
10.222750, 4501.9224, 71.260780, 4408.5254, 4408.0705,
10.230800, 4451.2400, 74.521049, 4423.0118, 4422.5635,
10.238850, 4482.2247, 76.058060, 4437.6022, 4437.1626,
10.246890, 4530.1178, 71.921043, 4452.2787, 4451.8499,
10.254940, 4555.0041, 72.170242, 4467.0758, 4466.6598,
10.262990, 4494.0671, 76.177261, 4481.9755, 4481.5743,
10.271030, 4556.7044, 76.048203, 4496.9597, 4496.5750,
10.279070, 4677.2531, 74.628830, 4512.0439, 4511.6774,
10.287120, 4590.0728, 76.888519, 4527.2492, 4526.9026,
10.295150, 4590.9067, 80.751602, 4542.5177, 4542.1922,
10.303190, 4690.1708, 78.996964, 4557.9068, 4557.6037,
10.311230, 4674.5772, 77.806641, 4573.3945, 4573.1149,
10.319270, 4647.0747, 83.258621, 4588.9842, 4588.7290,
10.327300, 4625.8162, 85.843842, 4604.6534, 4604.4232,
10.335340, 4658.9398, 82.572281, 4620.4410, 4620.2362,
10.343370, 4609.5373, 80.636650, 4636.3111, 4636.1319,
10.351400, 4563.1995, 89.588570, 4652.2785, 4652.1249,
10.359430, 4681.0690, 91.393600, 4668.3449, 4668.2166,
10.367460, 4730.8236, 91.183502, 4684.5103, 4684.4067,
10.375480, 4552.0651, 91.489029, 4700.7533, 4700.6734,
10.383510, 4485.9032, 100.13876, 4717.1162, 4717.0590,
10.391530, 4553.2337, 98.696129, 4733.5583, 4733.5221,
10.399560, 4682.3289, 81.031326, 4750.1186, 4750.1016,
10.407580, 4820.7869, 72.353111, 4766.7578, 4766.7578,
10.415600, 4785.6006, 74.442345, 4783.4937, 4783.5082,
10.423620, 4991.8388, 77.174042, 4800.3309, 4800.3577,
10.431640, 5752.9998, 80.747513, 4817.2664, 4817.3036,
10.439650, 5655.5410, 78.191292, 4834.2826, 4834.3286,
10.447670, 5220.4114, 74.236717, 4851.4231, 4851.4767,
10.455680, 4929.1231, 68.644249, 4868.6440, 4868.7041,
10.463700, 4919.4191, 65.938995, 4885.9913, 4886.0573,
10.471710, 5004.3866, 69.272820, 4903.4207, 4903.4921,
10.479720, 5374.4306, 72.145226, 4920.9557, 4921.0322,
10.487730, 7214.9036, 78.909683, 4938.5973, 4938.6791,
10.495730, 17927.336, 121.84846, 4956.3256, 4956.4128,
10.503740, 45053.976, 229.07349, 4974.1837, 4974.2768,
10.511750, 48727.624, 240.17558, 4992.1517, 4992.2513,
10.519750, 18424.905, 132.25668, 5010.2071, 5010.3139,
10.527750, 5515.8677, 85.281700, 5028.3765, 5028.4915,
10.535750, 4943.8311, 89.252602, 5046.6591, 5046.7832,
10.543750, 5028.5205, 91.264877, 5065.0538, 5065.1883,
10.551750, 5075.0754, 95.901024, 5083.5663, 5083.7123,
10.559750, 5077.0219, 108.10588, 5102.1933, 5102.3523,
10.567850, 5275.5946, 85.660881, 5121.1761, 5121.3496,
10.576350, 5650.7617, 89.759239, 5141.2269, 5141.4173,
10.584840, 5862.2029, 90.049431, 5161.3892, 5161.5981,
10.593340, 5306.7537, 80.905350, 5181.7145, 5181.9435,
10.601830, 5187.8306, 80.549622, 5202.1541, 5202.4049,
10.610330, 5355.7076, 85.099312, 5222.7604, 5223.0347,
10.618820, 5309.7375, 81.167526, 5243.4866, 5243.7859,
10.627310, 5278.3525, 76.217590, 5264.3551, 5264.6809,
10.635800, 5227.7195, 77.081535, 5285.3725, 5285.7262,
10.644280, 5273.2254, 79.456917, 5306.5120, 5306.8949,
10.652770, 5370.1571, 76.177650, 5327.8256, 5328.2387,
10.661250, 5336.8884, 73.190033, 5349.2671, 5349.7114,
10.669740, 5418.9601, 76.928734, 5370.8868, 5371.3630,
10.678220, 5406.8890, 78.102165, 5392.6382, 5393.1468,
10.686700, 5425.2669, 74.204659, 5414.5476, 5415.0888,
10.695180, 5399.2185, 73.768158, 5436.6169, 5437.1908,
10.703650, 5458.5204, 78.029694, 5458.8233, 5459.4295,
10.712130, 5690.7220, 79.903137, 5481.2165, 5481.8543,
10.720600, 5594.0664, 75.596176, 5503.7532, 5504.4216,
10.729080, 5609.2362, 77.317726, 5526.4841, 5527.1817,
10.737550, 5590.5776, 81.059776, 5549.3576, 5550.0826,
10.746020, 5636.6407, 79.430252, 5572.4069, 5573.1570,
10.754490, 5577.4558, 76.989471, 5595.6290, 5596.4016,
10.762960, 5533.5988, 79.288994, 5619.0317, 5619.8235,
10.771420, 5613.8403, 84.012878, 5642.5829, 5643.3901,
10.779890, 5668.1266, 82.427956, 5666.3487, 5667.1671,
10.788350, 5710.2946, 81.923553, 5690.2703, 5691.0950,
10.796810, 5631.0456, 85.863937, 5714.3797, 5715.2052,
10.805270, 5778.8678, 90.242767, 5738.6794, 5739.4996,
10.813730, 5773.6935, 87.705338, 5763.1723, 5763.9803,
10.822190, 5785.9782, 86.955040, 5787.8610, 5788.6494,
10.830650, 5771.4928, 91.532410, 5812.7484, 5813.5089,
10.839100, 5787.7555, 90.759712, 5837.8062, 5838.5298,
10.847560, 5800.8848, 85.447739, 5863.0994, 5863.7763,
10.856010, 5773.4499, 84.657623, 5888.5713, 5889.1907,
10.864460, 5848.6785, 90.950584, 5914.2502, 5914.8008,
10.872910, 5928.5098, 93.288857, 5940.1423, 5940.6114,
10.881360, 6083.5327, 95.392448, 5966.2535, 5966.6278,
10.889800, 5935.2583, 102.28989, 5992.5512, 5992.8166,
10.898250, 5935.4020, 103.62408, 6019.1013, 6019.2421,
10.906690, 6155.5053, 104.65021, 6045.8468, 6045.8468,
10.915140, 6079.5397, 99.649811, 6072.8538, 6072.6957,
10.923580, 6123.5289, 105.12570, 6100.0531, 6099.7208,
10.932020, 6175.0543, 110.22063, 6127.4751, 6126.9538,
10.940460, 6268.8173, 109.14138, 6155.1168, 6154.3930,
10.948890, 6428.9979, 110.30460, 6182.9408, 6182.0022,
10.957330, 6368.1585, 115.19054, 6211.0133, 6209.8486,
10.965760, 6464.5652, 90.734558, 6239.2650, 6237.8645,
10.974200, 6734.2052, 83.777618, 6267.7572, 6266.1117,
10.982630, 6915.2651, 81.434113, 6296.4195, 6294.5215,
10.991060, 6947.1756, 82.971581, 6325.2879, 6323.1307,
10.999490, 6939.3396, 84.600639, 6354.3534, 6351.9313,
11.007920, 7009.7308, 85.379326, 6383.6201, 6380.9282,
11.016340, 6936.3845, 85.146301, 6413.0453, 6410.0803,
11.024770, 6898.2650, 88.147598, 6442.6968, 6439.4554,
11.033190, 6921.2413, 101.91413, 6472.5050, 6468.9857,
11.041610, 6994.1338, 102.48598, 6502.5011, 6498.7027,
11.050030, 6812.8960, 91.807007, 6532.6830, 6528.6052,
11.058450, 6860.3130, 98.981644, 6563.0483, 6558.6917,
11.066870, 7002.2193, 98.252853, 6593.5950, 6588.9608,
11.075290, 6992.8266, 99.491310, 6624.3210, 6619.4112,
11.083700, 6978.3595, 125.72443, 6655.1891, 6650.0067,
11.092120, 7133.8285, 103.33873, 6686.2674, 6680.8154,
11.100530, 7045.2723, 167.01428, 6717.4799, 6711.7627,
11.108940, 7137.4975, 156.69397, 6748.8669, 6742.8892,
11.117350, 7065.3559, 192.90099, 6780.4195, 6774.1864,
11.120570, 7686.3032, 111.35169, 6792.5474, 6786.2181,
11.129530, 7707.3034, 106.54964, 6826.4163, 6819.8240,
11.138500, 8065.5248, 107.25126, 6860.5122, 6853.6639,
11.147460, 8443.8217, 113.31499, 6894.7532, 6887.6574,
11.156430, 9075.8301, 116.50314, 6929.2176, 6921.8825,
11.165390, 9650.7189, 113.11047, 6963.8226, 6956.2578,
11.174350, 10561.030, 116.01280, 6998.6067, 6990.8219,
11.183300, 11286.939, 122.89633, 7033.5307, 7025.5362,
11.192260, 12336.736, 126.77771, 7068.6672, 7060.4733,
11.201220, 12679.323, 121.66475, 7103.9773, 7095.5951,
11.210170, 12591.866, 120.28284, 7139.4214, 7130.8626,
11.219120, 12568.363, 124.23450, 7175.0355, 7166.3117,
11.228070, 12683.104, 123.01208, 7210.8180, 7201.9411,
11.237020, 12668.093, 116.29453, 7246.7633, 7237.7459,
11.245970, 12574.360, 116.21331, 7282.8778, 7273.7324,
11.254920, 12408.850, 118.31622, 7319.1560, 7309.8955,
11.263860, 12430.321, 116.92981, 7355.5539, 7346.1914,
11.272800, 12189.019, 111.18362, 7392.1165, 7382.6650,
11.281750, 11917.964, 111.28919, 7428.8737, 7419.3467,
11.290690, 11971.269, 114.88513, 7465.7540, 7456.1650,
11.299630, 12207.042, 115.08530, 7502.7873, 7493.1498,
11.308560, 12131.548, 111.41141, 7539.9366, 7530.2643,
11.317500, 11398.039, 109.19459, 7577.2801, 7567.5866,
11.326430, 11038.874, 111.84233, 7614.7372, 7605.0361,
11.335370, 10955.214, 110.28309, 7652.3867, 7642.6917,
11.344300, 10674.014, 105.93613, 7690.1473, 7680.4720,
11.353230, 10483.268, 106.58720, 7728.0583, 7718.4162,
11.362160, 10433.286, 111.34355, 7766.1146, 7756.5191,
11.371080, 10394.756, 109.87823, 7804.2826, 7794.7470,
11.380010, 10211.767, 106.37170, 7842.6350, 7833.1725,
11.388930, 10054.544, 107.59408, 7881.0972, 7871.7208,
11.397850, 9954.8746, 112.00595, 7919.7013, 7910.4236,
11.406780, 9912.1375, 111.13557, 7958.4963, 7949.3301,
11.415700, 9848.5057, 108.15717, 7997.3904, 7988.3479,
11.424610, 9688.2868, 110.41738, 8036.3868, 8027.4798,
11.433530, 9725.0120, 116.31765, 8075.5682, 8066.8087,
11.442450, 9677.7141, 115.50327, 8114.8926, 8106.2920,
11.451360, 9624.3199, 112.09693, 8154.3172, 8145.8864,
11.460270, 9460.3949, 115.06590, 8193.8836, 8185.6333,
11.469180, 9349.9582, 119.25637, 8233.5914, 8225.5318,
11.478090, 9423.0163, 120.69254, 8273.4401, 8265.5813,
11.487000, 9501.2511, 119.08398, 8313.4296, 8305.7810,
11.495910, 9433.6517, 122.96521, 8353.5553, 8346.1259,
11.504810, 9266.6588, 126.19418, 8393.7823, 8386.5803,
11.513710, 9417.4742, 128.12871, 8434.1448, 8427.1782,
11.522620, 9196.9408, 123.04495, 8474.6947, 8467.9712,
11.531520, 9379.5633, 126.13033, 8515.3364, 8508.8626,
11.540420, 9475.9236, 131.01630, 8556.1175, 8549.8997,
11.549310, 9594.4549, 131.39479, 8596.9941, 8591.0378,
11.558210, 9560.1269, 126.81718, 8638.0583, 8632.3688,
11.567100, 9433.9380, 127.02756, 8679.2090, 8673.7903,
11.576000, 9288.2733, 132.25473, 8720.5523, 8715.4084,
11.584890, 9333.7127, 136.99957, 8761.9863, 8757.1200,
11.593780, 9451.3758, 140.34137, 8803.5554, 8798.9690,
11.602670, 9313.5141, 143.60840, 8845.2689, 8840.9638,
11.611560, 9359.5940, 152.57594, 8887.1224, 8883.0994,
11.620440, 9536.4419, 156.50288, 8929.0667, 8925.3255,
11.629330, 9470.8753, 153.67708, 8971.2013, 8967.7411,
11.638210, 9443.2119, 152.60950, 9013.4315, 9010.2504,
11.647090, 9305.5232, 158.89182, 9055.7984, 9052.8938,
11.655970, 9202.2614, 161.86577, 9098.3071, 9095.6752,
11.664850, 9301.1892, 124.11253, 9140.9624, 9138.5991,
11.673730, 9345.2723, 96.014793, 9183.7560, 9181.6556,
11.682600, 9516.7538, 102.23459, 9226.6466, 9224.8025,
11.691480, 9339.3934, 104.38965, 9269.7273, 9268.1324,
11.700350, 9318.0295, 106.31917, 9312.9060, 9311.5516,
11.709220, 9432.4168, 109.47519, 9356.2298, 9355.1063,
11.718090, 9460.3396, 109.66329, 9399.6993, 9398.7962,
11.726960, 9392.7922, 113.72214, 9443.3153, 9442.6209,
11.735830, 9580.5649, 117.75578, 9487.0787, 9486.5802,
11.744690, 9609.1273, 116.89910, 9530.9383, 9530.6215,
11.753560, 9594.6547, 116.63036, 9574.9990, 9574.8489,
11.762420, 9590.9229, 120.18018, 9619.1574, 9619.1574,
11.771280, 9515.3120, 182.07941, 9663.4684, 9663.6012,
11.775020, 9785.7699, 110.82713, 9682.2098, 9682.3936,
11.784500, 9825.1465, 113.77538, 9729.8243, 9730.1241,
11.793980, 9906.8919, 112.29994, 9777.5597, 9777.9572,
11.803460, 9794.1821, 120.66028, 9825.4055, 9825.8834,
11.812940, 9939.7247, 106.29449, 9873.3321, 9873.8737,
11.822420, 9940.8503, 109.53811, 9921.3291, 9921.9187,
11.831890, 10072.266, 109.46858, 9969.3186, 9969.9409,
11.841360, 10327.230, 106.77602, 10017.334, 10017.974,
11.850840, 10269.049, 104.38374, 10065.403, 10066.048,
11.860310, 10188.702, 106.87350, 10113.409, 10114.047,
11.869770, 10353.867, 107.94362, 10161.333, 10161.950,
11.879240, 10444.310, 104.95248, 10209.252, 10209.837,
11.888710, 10400.705, 102.06239, 10257.096, 10257.639,
11.898170, 10499.129, 105.01891, 10304.799, 10305.289,
11.907630, 10636.264, 107.14412, 10352.383, 10352.812,
11.917090, 10641.137, 103.71832, 10399.839, 10400.197,
11.926550, 10731.348, 102.66307, 10447.136, 10447.417,
11.936010, 10759.390, 104.20953, 10494.264, 10494.460,
11.945470, 10947.354, 107.74935, 10541.194, 10541.300,
11.954920, 11010.444, 105.86029, 10587.863, 10587.874,
11.964370, 11037.685, 103.79988, 10634.298, 10634.210,
11.973830, 11082.712, 104.59785, 10680.530, 10680.340,
11.983280, 11135.685, 108.05669, 10726.437, 10726.143,
11.992720, 11107.831, 106.90884, 10771.999, 10771.600,
12.002170, 11125.873, 104.69667, 10817.296, 10816.793,
12.011610, 11152.698, 105.40739, 10862.213, 10861.607,
12.021060, 11155.525, 109.34366, 10906.818, 10906.112,
12.030500, 11223.726, 109.81844, 10951.001, 10950.200,
12.039940, 11111.917, 107.94131, 10994.783, 10993.892,
12.049380, 11165.156, 107.63118, 11038.151, 11037.177,
12.058820, 11317.252, 112.94510, 11081.074, 11080.027,
12.068250, 11503.570, 114.83586, 11123.494, 11122.384,
12.077690, 11350.889, 112.04758, 11165.479, 11164.319,
12.087120, 11493.252, 111.53564, 11206.914, 11205.718,
12.096550, 11371.060, 114.88944, 11247.825, 11246.608,
12.105980, 11376.234, 118.53549, 11288.189, 11286.970,
12.115410, 11519.127, 118.42673, 11327.984, 11326.785,
12.124830, 11369.915, 116.02081, 11367.149, 11365.991,
12.134260, 11404.814, 119.54739, 11405.741, 11404.650,
12.143680, 11572.896, 125.23726, 11443.654, 11442.660,
12.153100, 11711.645, 127.15685, 11480.915, 11480.046,
12.162520, 11346.537, 132.28781, 11517.495, 11516.785,
12.171940, 11628.357, 126.84818, 11553.368, 11552.854,
12.181360, 11603.964, 131.61520, 11588.517, 11588.239,
12.190770, 11605.024, 134.21838, 11622.878, 11622.878,
12.200180, 11584.328, 131.71817, 11656.473, 11656.796,
12.209600, 11692.718, 133.39845, 11689.347, 11690.035,
12.219010, 11615.518, 137.91583, 11721.441, 11722.533,
12.228420, 11784.601, 143.72278, 11752.809, 11754.339,
12.237820, 11633.732, 142.50026, 11783.430, 11785.428,
12.247230, 11796.403, 143.25677, 11813.389, 11815.882,
12.256630, 11828.976, 147.75945, 11842.634, 11845.646,
12.266040, 12361.002, 158.33640, 11871.241, 11874.792,
12.275440, 13005.189, 163.14337, 11899.164, 11903.272,
12.284840, 12610.647, 160.54437, 11926.444, 11931.123,
12.294230, 12070.836, 159.94104, 11953.074, 11958.333,
12.303630, 12086.249, 203.47368, 11979.114, 11984.964,
12.313030, 12147.917, 172.99191, 12004.557, 12011.004,
12.322420, 11835.334, 175.26599, 12029.384, 12036.431,
12.331810, 12189.318, 137.10887, 12053.637, 12061.286,
12.341200, 12364.882, 114.81879, 12077.329, 12085.578,
12.350590, 12675.812, 119.55146, 12100.472, 12109.319,
12.359980, 13759.525, 128.80283, 12123.077, 12132.517,
12.369360, 15334.107, 138.17764, 12145.136, 12155.161,
12.378750, 14116.377, 133.65370, 12166.703, 12177.305,
12.388130, 12874.042, 145.30121, 12187.748, 12198.916,
12.397510, 12546.987, 126.79692, 12208.301, 12220.023,
12.406890, 12565.343, 123.01335, 12228.377, 12240.641,
12.416270, 12645.486, 122.66718, 12247.987, 12260.777,
12.425640, 12639.760, 121.87502, 12267.119, 12280.418,
12.435020, 12659.613, 125.17407, 12285.827, 12299.619,
12.444390, 12787.155, 124.61701, 12304.080, 12318.346,
12.453760, 12676.696, 121.29745, 12321.910, 12336.631,
12.463130, 12739.503, 126.37926, 12339.326, 12354.481,
12.472500, 12827.700, 135.41188, 12356.340, 12371.908,
12.481870, 13108.138, 161.24426, 12372.960, 12388.919,
12.489420, 13106.579, 132.55556, 12386.074, 12402.332,
12.499490, 13238.048, 134.86940, 12403.186, 12419.818,
12.509550, 13498.029, 132.11403, 12419.861, 12436.840,
12.519610, 13490.175, 127.23738, 12436.127, 12453.425,
12.529670, 13488.687, 126.71867, 12451.996, 12469.584,
12.539730, 13657.775, 131.19193, 12467.480, 12485.329,
12.549780, 13708.988, 128.51387, 12482.575, 12500.655,
12.559840, 13911.057, 124.97324, 12497.324, 12515.606,
12.569890, 13917.025, 122.87001, 12511.706, 12530.160,
12.579940, 14088.199, 125.96877, 12525.748, 12544.344,
12.589990, 14204.345, 126.32098, 12539.462, 12558.169,
12.600040, 14348.694, 123.73440, 12552.859, 12571.648,
12.610090, 14207.967, 125.11427, 12565.947, 12584.787,
12.620130, 14364.210, 123.56126, 12578.725, 12597.587,
12.630170, 14383.057, 123.23321, 12591.219, 12610.073,
12.640210, 14534.596, 123.20900, 12603.436, 12622.254,
12.650250, 14479.170, 118.36780, 12615.388, 12634.140,
12.660290, 14385.683, 117.28157, 12627.083, 12645.741,
12.670330, 14499.017, 119.34317, 12638.534, 12657.069,
12.680360, 14721.988, 121.45074, 12649.738, 12668.123,
12.690390, 15149.393, 119.83047, 12660.716, 12678.925,
12.700420, 16197.857, 122.32020, 12671.480, 12689.486,
12.710450, 16071.735, 123.07848, 12682.036, 12699.814,
12.720480, 15416.154, 124.01632, 12692.396, 12709.920,
12.730500, 15203.441, 136.69560, 12702.559, 12719.806,
12.740530, 15219.027, 118.09402, 12712.554, 12729.500,
12.750550, 15177.016, 116.52910, 12722.371, 12738.994,
12.760570, 15335.333, 120.64941, 12732.029, 12748.307,
12.770590, 15980.871, 124.49077, 12741.538, 12757.450,
12.780610, 16899.275, 126.44598, 12750.906, 12766.432,
12.790620, 22318.255, 141.21977, 12760.133, 12775.255,
12.800640, 53210.685, 216.96718, 12769.248, 12783.947,
12.810650, 107563.49, 403.43216, 12778.240, 12792.499,
12.820660, 61596.052, 243.17172, 12787.127, 12800.931,
12.830670, 17209.015, 126.72505, 12795.919, 12809.253,
12.840680, 14642.057, 118.10965, 12804.625, 12817.474,
12.850680, 14306.197, 120.27653, 12813.244, 12825.597,
12.860690, 14240.844, 122.45520, 12821.802, 12833.646,
12.870690, 14053.720, 119.64114, 12830.292, 12841.617,
12.880690, 13872.880, 118.09319, 12838.729, 12849.526,
12.890690, 13657.936, 119.04442, 12847.125, 12857.385,
12.900680, 13639.646, 122.30896, 12855.478, 12865.195,
12.910680, 13800.160, 123.90224, 12863.814, 12872.980,
12.920670, 13766.900, 121.19921, 12872.124, 12880.736,
12.930670, 13371.835, 120.74751, 12880.435, 12888.489,
12.940660, 13379.181, 124.97530, 12888.738, 12896.231,
12.950640, 13383.424, 128.09935, 12897.041, 12903.972,
12.960630, 13173.592, 125.70803, 12905.371, 12911.739,
12.970620, 13405.134, 126.94439, 12913.727, 12919.533,
12.980600, 13261.984, 128.77757, 12922.109, 12927.356,
12.990580, 13186.409, 133.17210, 12930.534, 12935.224,
13.000560, 12945.221, 131.96399, 12939.012, 12943.150,
13.010540, 13039.936, 132.90225, 12947.551, 12951.142,
13.020520, 13116.197, 133.24258, 12956.159, 12959.209,
13.030490, 13149.896, 138.22871, 12964.836, 12967.353,
13.040470, 13173.138, 143.06471, 12973.608, 12975.601,
13.050440, 13190.512, 144.48064, 12982.467, 12983.945,
13.060410, 13214.527, 143.66232, 12991.431, 12992.404,
13.070380, 12957.109, 144.07881, 13000.508, 13000.988,
13.080350, 12995.267, 150.64957, 13009.706, 13009.706,
13.090310, 12862.614, 153.82899, 13019.024, 13018.557,
13.100280, 13019.010, 155.55461, 13028.480, 13027.560,
13.110240, 13173.946, 156.08157, 13038.054, 13036.696,
13.120200, 13219.801, 161.96588, 13047.755, 13045.972,
13.130160, 13199.312, 168.42787, 13057.581, 13055.389,
13.140110, 13118.122, 134.66684, 13067.520, 13064.934,
13.150070, 13100.057, 107.10986, 13077.592, 13074.627,
13.160020, 13071.027, 108.56070, 13087.774, 13084.447,
13.169980, 13151.028, 117.80843, 13098.087, 13094.413,
13.179930, 13251.509, 118.66176, 13108.508, 13104.503,
13.189870, 13312.009, 121.50134, 13119.037, 13114.718,
13.199820, 13222.732, 120.57748, 13129.692, 13125.076,
13.209770, 13201.789, 119.36030, 13140.465, 13135.567,
13.219710, 13154.780, 117.95671, 13151.340, 13146.178,
13.229650, 13095.715, 120.76270, 13162.329, 13156.919,
13.239590, 13183.709, 122.18857, 13173.431, 13167.790,
13.249530, 12947.538, 118.39662, 13184.646, 13178.791,
13.259470, 13018.774, 119.61288, 13195.971, 13189.919,
13.269410, 13141.725, 127.12576, 13207.408, 13201.176,
13.279340, 13317.673, 135.35188, 13218.943, 13212.547,
13.289270, 13312.628, 137.96852, 13230.587, 13224.044,
13.299200, 13364.293, 141.84329, 13242.339, 13235.667,
13.309130, 13354.591, 149.88370, 13254.200, 13247.413,
13.318260, 13547.290, 138.42154, 13265.200, 13258.324,
13.328980, 13516.576, 134.47333, 13278.232, 13271.267,
13.339690, 13300.797, 134.73782, 13291.374, 13284.341,
13.350400, 13433.191, 137.95056, 13304.641, 13297.556,
13.361120, 13462.225, 135.04828, 13318.043, 13310.926,
13.371830, 13485.690, 129.58763, 13331.555, 13324.424,
13.382530, 13387.206, 127.79672, 13345.177, 13338.049,
13.393240, 13671.742, 132.61508, 13358.934, 13351.826,
13.403940, 13586.357, 132.71671, 13372.800, 13365.729,
13.414650, 13561.529, 150.88602, 13386.799, 13379.782,
13.425350, 13574.192, 125.73959, 13400.908, 13393.960,
13.436050, 13703.120, 126.66129, 13415.138, 13408.275,
13.446740, 13673.745, 127.95657, 13429.474, 13422.712,
13.457440, 13784.638, 129.48627, 13443.946, 13437.298,
13.468130, 13772.291, 124.63241, 13458.525, 13452.005,
13.478830, 13806.115, 122.54871, 13473.239, 13466.861,
13.489520, 13947.898, 123.61497, 13488.061, 13481.837,
13.500200, 13748.568, 125.36844, 13502.990, 13496.933,
13.510890, 13967.785, 125.24453, 13518.054, 13512.175,
13.521570, 14103.860, 122.71752, 13533.227, 13527.536,
13.532260, 14118.567, 120.03785, 13548.536, 13543.044,
13.542940, 14018.097, 121.01154, 13563.953, 13558.669,
13.553620, 14125.472, 124.62858, 13579.494, 13574.426,
13.564290, 14172.036, 123.22780, 13595.143, 13590.298,
13.574970, 14103.399, 118.94092, 13610.932, 13606.317,
13.585640, 14087.842, 116.78766, 13626.829, 13622.450,
13.596320, 14050.939, 120.26534, 13642.868, 13638.730,
13.606990, 14120.987, 122.32534, 13659.017, 13655.123,
13.617650, 14073.292, 121.10297, 13675.278, 13671.632,
13.628320, 14141.158, 117.96056, 13691.681, 13688.284,
13.638980, 13986.621, 117.18764, 13708.197, 13705.051,
13.649650, 13955.742, 118.93589, 13724.858, 13721.962,
13.660310, 13942.510, 121.63501, 13741.634, 13738.987,
13.670970, 14130.139, 116.88667, 13758.541, 13756.141,
13.681630, 14026.623, 117.42276, 13775.581, 13773.423,
13.692280, 14036.574, 120.02872, 13792.737, 13790.817,
13.702940, 14111.137, 122.50460, 13810.044, 13808.357,
13.713590, 13952.150, 124.62318, 13827.470, 13826.007,
13.724240, 14049.713, 122.99841, 13845.035, 13843.788,
13.734890, 14077.240, 122.26101, 13862.736, 13861.695,
13.745530, 14032.525, 123.38998, 13880.561, 13879.714,
13.756180, 13886.497, 125.81818, 13898.543, 13897.878,
13.766820, 14100.558, 130.46115, 13916.651, 13916.154,
13.777460, 14277.629, 130.55762, 13934.904, 13934.558,
13.788100, 13819.364, 125.35474, 13953.302, 13953.091,
13.798740, 13894.917, 127.91068, 13971.847, 13971.752,
13.809380, 13966.297, 133.81784, 13990.541, 13990.541,
13.820010, 14124.438, 136.67422, 14009.368, 14009.442,
13.830640, 14147.688, 137.35181, 14028.340, 14028.466,
13.841270, 14128.607, 135.74548, 14047.453, 14047.612,
13.851900, 13994.817, 144.68636, 14066.699, 14066.873,
13.862530, 14159.175, 174.29164, 14086.074, 14086.246,
13.873150, 14143.169, 146.37357, 14105.555, 14105.709,
13.883780, 14119.400, 141.18588, 14125.173, 14125.294,
13.894400, 14212.157, 137.89551, 14144.887, 14144.961,
13.905020, 13958.191, 137.66634, 14164.709, 14164.724,
13.915640, 14092.698, 143.36938, 14184.634, 14184.579,
13.926250, 14173.515, 145.84070, 14204.640, 14204.503,
13.936870, 14355.099, 147.56094, 14224.755, 14224.527,
13.947480, 14197.302, 146.84148, 14244.943, 14244.614,
13.958090, 14281.040, 155.58159, 14265.212, 14264.775,
13.968700, 14233.214, 161.02034, 14285.562, 14285.010,
13.979310, 14224.371, 166.60538, 14305.983, 14305.311,
13.989910, 14311.237, 165.82367, 14326.455, 14325.657,
14.000520, 14253.532, 166.97411, 14347.010, 14346.081,
14.011120, 14418.634, 175.87360, 14367.606, 14366.543,
14.021720, 14479.153, 183.84563, 14388.257, 14387.057,
14.032320, 14558.491, 189.65152, 14408.958, 14407.619,
14.042920, 14580.581, 185.93097, 14429.705, 14428.225,
14.053510, 14382.506, 185.88680, 14450.472, 14448.851,
14.064110, 14583.712, 190.13454, 14471.296, 14469.535,
14.074700, 14202.429, 195.09567, 14492.133, 14490.232,
14.085290, 14251.257, 202.59669, 14512.995, 14510.956,
14.095870, 14449.354, 148.45926, 14533.861, 14531.687,
14.106460, 14724.425, 123.03880, 14554.763, 14552.457,
14.117040, 14638.105, 123.51628, 14575.661, 14573.227,
14.127630, 14343.665, 125.24474, 14596.588, 14594.030,
14.138210, 14747.831, 135.00995, 14617.499, 14614.822,
14.148790, 14663.466, 137.64478, 14638.410, 14635.620,
14.159370, 14589.315, 137.68533, 14659.316, 14656.421,
14.169940, 14862.588, 141.18086, 14680.193, 14677.199,
14.180520, 14906.324, 228.94995, 14701.077, 14697.992,
14.182090, 15118.182, 154.70349, 14704.174, 14701.076,
14.193560, 14975.993, 148.17055, 14726.791, 14723.606,
14.205030, 14848.950, 149.52693, 14749.381, 14746.120,
14.216500, 15176.251, 153.83043, 14771.936, 14768.612,
14.227970, 15162.167, 149.34183, 14794.452, 14791.077,
14.239430, 15096.423, 140.95888, 14816.904, 14813.493,
14.250890, 14859.030, 134.12451, 14839.303, 14835.871,
14.262350, 14810.373, 137.15523, 14861.647, 14858.210,
14.273810, 14835.212, 137.54027, 14883.929, 14880.504,
14.285270, 15041.493, 136.86604, 14906.140, 14902.745,
14.296730, 15046.581, 128.29398, 14928.279, 14924.933,
14.308180, 14921.476, 124.81493, 14950.318, 14947.041,
14.319630, 14798.220, 126.16954, 14972.270, 14969.083,
14.331080, 15026.881, 131.39691, 14994.131, 14991.058,
14.342530, 15156.437, 131.47205, 15015.892, 15012.956,
14.353970, 15285.110, 125.92268, 15037.529, 15034.754,
14.365410, 15413.918, 126.28619, 15059.058, 15056.469,
14.376860, 15259.359, 129.28081, 15080.487, 15078.113,
14.388300, 15082.955, 135.65089, 15101.776, 15099.644,
14.399730, 15181.150, 136.26831, 15122.916, 15121.057,
14.411170, 15131.928, 130.60136, 15143.940, 15142.384,
14.422600, 15086.382, 127.98888, 15164.802, 15163.583,
14.434030, 15095.487, 128.43755, 15185.517, 15184.668,
14.445460, 15131.519, 133.19388, 15206.078, 15205.635,
14.456890, 15224.032, 131.24602, 15226.475, 15226.475,
14.468320, 15297.132, 128.19632, 15246.709, 15247.190,
14.479740, 15384.206, 123.78564, 15266.779, 15267.774,
14.491160, 15324.651, 124.96428, 15286.721, 15288.259,
14.502580, 15369.360, 129.89622, 15306.553, 15308.660,
14.514000, 15513.089, 130.31363, 15326.301, 15328.995,
14.525420, 15389.115, 126.33382, 15345.981, 15349.278,
14.536830, 15610.423, 122.06798, 15365.596, 15369.506,
14.548240, 15367.976, 122.64935, 15385.184, 15389.713,
14.559650, 15396.470, 144.53033, 15404.767, 15409.915,
14.571060, 15587.118, 128.97415, 15424.361, 15430.125,
14.582470, 15783.232, 127.63127, 15443.988, 15450.360,
14.593870, 15611.200, 135.87178, 15463.651, 15470.618,
14.605270, 15718.484, 124.37563, 15483.387, 15490.931,
14.616670, 15827.874, 128.03120, 15503.213, 15511.313,
14.628070, 15697.711, 141.49622, 15523.154, 15531.783,
14.639470, 15783.317, 129.03522, 15543.228, 15552.354,
14.650860, 15858.549, 125.67821, 15563.436, 15573.023,
14.662260, 15896.504, 127.52139, 15583.836, 15593.843,
14.673650, 15789.142, 129.56151, 15604.410, 15614.791,
14.685040, 15837.698, 134.54240, 15625.199, 15635.904,
14.696420, 16130.378, 137.20102, 15646.201, 15657.173,
14.707810, 16063.727, 134.95230, 15667.478, 15678.657,
14.719190, 16038.270, 132.58759, 15689.008, 15700.328,
14.730570, 15937.715, 127.91101, 15710.835, 15722.226,
14.741950, 16212.132, 135.15694, 15732.979, 15744.362,
14.753330, 16071.438, 136.03191, 15755.459, 15766.754,
14.764700, 15980.113, 137.70045, 15778.277, 15789.396,
14.776080, 16047.817, 139.08699, 15801.495, 15812.345,
14.787450, 15980.669, 142.00000, 15825.093, 15835.575,
14.798820, 16041.033, 148.71375, 15849.113, 15859.122,
14.810190, 16055.896, 148.04675, 15873.578, 15883.005,
14.821550, 16072.760, 146.43309, 15898.487, 15907.214,
14.832920, 16033.968, 143.66940, 15923.905, 15931.807,
14.844280, 16016.927, 142.86641, 15949.811, 15956.761,
14.855640, 16247.610, 150.60245, 15976.251, 15982.111,
14.866990, 16304.480, 151.05434, 16003.220, 16007.849,
14.878350, 16032.245, 148.78345, 16030.794, 16034.039,
14.889710, 16337.111, 147.42978, 16058.969, 16060.674,
14.901060, 15933.140, 143.88898, 16087.744, 16087.744,
14.912410, 15953.857, 148.45764, 16117.161, 16115.287,
14.923760, 16182.368, 152.33812, 16147.208, 16143.303,
14.935100, 16234.693, 156.16597, 16177.831, 16171.753,
14.946450, 16204.056, 153.20535, 16209.073, 16200.690,
14.957790, 16253.122, 152.68198, 16240.853, 16230.052,
14.969130, 16310.285, 157.89761, 16273.176, 16259.856,
14.980470, 16245.723, 161.31119, 16306.030, 16290.103,
14.991810, 16331.400, 167.32909, 16339.393, 16320.783,
15.003140, 16499.501, 169.29160, 16373.216, 16351.865,
15.014480, 16365.392, 186.65652, 16407.535, 16383.393,
15.025810, 16358.495, 194.33618, 16442.280, 16415.313,
15.037140, 16218.890, 178.72868, 16477.455, 16447.642,
15.048460, 16309.679, 189.52457, 16513.016, 16480.349,
15.059790, 16125.326, 192.04643, 16549.004, 16513.483,
15.071110, 16150.742, 190.89598, 16585.341, 16546.984,
15.082440, 16072.296, 143.98697, 16622.074, 16580.906,
15.093750, 16129.400, 120.47400, 16659.084, 16615.149,
15.105070, 16239.508, 126.29597, 16696.455, 16649.802,
15.116390, 16273.772, 130.55070, 16734.137, 16684.830,
15.127700, 16310.175, 133.40140, 16772.078, 16720.195,
15.139020, 16415.268, 140.92699, 16810.332, 16755.957,
15.150330, 16529.986, 142.28702, 16848.810, 16792.045,
15.162390, 16455.539, 174.92000, 16890.111, 16830.919,
15.174730, 16544.827, 171.93306, 16932.638, 16871.108,
15.187070, 16558.172, 173.46191, 16975.411, 16911.704,
15.199410, 16538.085, 176.93224, 17018.417, 16952.709,
15.211740, 16660.208, 173.48853, 17061.589, 16994.074,
15.224080, 16965.035, 168.90530, 17104.989, 17035.871,
15.236410, 16560.842, 156.94865, 17148.519, 17078.019,
15.248740, 16596.718, 157.58377, 17192.195, 17120.549,
15.261060, 16862.502, 165.82889, 17235.959, 17163.419,
15.273390, 16982.340, 166.36795, 17279.867, 17206.697,
15.285710, 17277.344, 166.36993, 17323.827, 17250.307,
15.298030, 17224.986, 154.04028, 17367.849, 17294.273,
15.310350, 17151.899, 154.29066, 17411.921, 17338.598,
15.322660, 17085.905, 159.74512, 17455.980, 17383.236,
15.334980, 17083.689, 162.53488, 17500.080, 17428.252,
15.347290, 17397.205, 165.01843, 17544.132, 17473.575,
15.359600, 17466.505, 157.69685, 17588.151, 17519.232,
15.371900, 17556.582, 147.58757, 17632.078, 17565.180,
15.384210, 18387.087, 157.22809, 17675.970, 17611.494,
15.396510, 19109.294, 171.22917, 17719.734, 17658.092,
15.408810, 18364.654, 175.88419, 17763.382, 17705.003,
15.421110, 17704.208, 161.43094, 17806.900, 17752.230,
15.433410, 17551.374, 153.70383, 17850.261, 17799.761,
15.445700, 17747.386, 153.48065, 17893.422, 17847.557,
15.457990, 17883.684, 156.68208, 17936.422, 17895.653,
15.470280, 18277.813, 162.21692, 17979.277, 17944.043,
15.482570, 18686.676, 155.04062, 18021.998, 17992.723,
15.494860, 19287.215, 149.35382, 18064.599, 18041.690,
15.507140, 20670.914, 149.97290, 18107.061, 18090.900,
15.519420, 25505.932, 165.93657, 18149.426, 18140.385,
15.531700, 53487.960, 239.32231, 18191.713, 18190.148,
15.543980, 180082.42, 658.81384, 18233.929, 18240.178,
15.556260, 231838.50, 1022.0969, 18276.094, 18290.478,
15.568530, 75175.748, 281.33835, 18318.182, 18340.998,
15.580800, 20588.315, 154.10727, 18360.240, 18391.777,
15.593070, 18842.779, 154.43831, 18402.281, 18442.812,
15.605340, 18818.373, 154.34140, 18444.320, 18494.098,
15.617600, 18787.902, 155.84659, 18486.335, 18545.593,
15.629860, 19017.827, 145.04340, 18528.369, 18597.328,
15.642120, 18840.989, 140.44656, 18570.440, 18649.309,
15.654380, 18651.306, 143.22673, 18612.557, 18701.524,
15.666640, 18913.377, 146.25583, 18654.736, 18753.977,
15.678890, 18942.627, 147.55400, 18696.953, 18806.617,
15.691140, 19344.089, 143.90613, 18739.256, 18859.486,
15.703390, 19262.843, 137.47119, 18781.658, 18912.579,
15.715640, 19607.350, 142.17560, 18824.172, 18965.894,
15.727890, 19286.248, 144.55750, 18866.810, 19019.428,
15.740130, 19170.888, 147.92606, 18909.554, 19073.136,
15.752370, 19324.521, 147.24916, 18952.444, 19127.053,
15.764610, 19581.895, 143.62531, 18995.502, 19181.183,
15.776850, 19738.733, 146.04471, 19038.734, 19235.517,
15.789090, 19583.896, 148.16760, 19082.161, 19290.059,
15.801320, 19535.293, 155.77792, 19125.754, 19344.755,
15.813550, 19755.441, 152.23987, 19169.564, 19399.650,
15.825780, 19699.746, 149.23393, 19213.606, 19454.741,
15.838010, 19565.520, 154.25116, 19257.893, 19510.025,
15.850230, 19503.060, 159.08144, 19302.404, 19565.457,
15.862450, 19551.996, 162.73734, 19347.184, 19621.072,
15.874670, 19663.893, 169.13943, 19392.254, 19676.876,
15.886890, 19662.424, 167.11107, 19437.625, 19732.864,
15.899110, 20360.964, 169.34381, 19483.309, 19789.027,
15.911320, 19632.076, 160.43542, 19529.287, 19845.325,
15.923540, 19961.225, 162.64651, 19575.650, 19901.847,
15.935750, 19826.091, 166.86816, 19622.333, 19958.493,
15.947960, 19537.225, 166.00546, 19669.391, 20015.310,
15.960160, 19655.781, 164.54395, 19716.802, 20072.252,
15.972370, 20145.208, 167.42084, 19764.656, 20129.404,
15.984570, 20258.804, 164.93333, 19812.890, 20186.671,
15.996770, 19945.890, 166.34924, 19861.566, 20244.105,
16.008961, 20091.737, 174.95731, 19910.656, 20301.653,
16.021160, 20560.691, 183.22462, 19960.251, 20359.400,
16.033350, 20365.613, 186.98662, 20010.294, 20417.257,
16.045549, 20496.232, 188.73849, 20060.879, 20475.313,
16.057739, 20729.856, 189.93997, 20111.945, 20533.475,
16.069920, 20421.536, 191.57773, 20163.509, 20591.741,
16.082109, 20340.714, 192.74951, 20215.669, 20650.201,
16.094290, 20275.633, 194.79550, 20268.361, 20708.760,
16.106470, 20379.677, 194.65755, 20321.645, 20767.464,
16.118650, 20693.164, 193.02998, 20375.539, 20826.309,
16.130831, 20492.484, 193.28061, 20430.062, 20885.294,
16.143009, 20353.221, 195.86743, 20485.225, 20944.409,
16.155180, 20563.042, 200.63295, 20541.022, 21003.623,
16.167351, 20770.188, 209.31767, 20597.506, 21062.972,
16.179520, 20894.908, 206.68858, 20654.689, 21122.445,
16.191681, 20416.178, 199.99463, 20712.564, 21182.011,
16.203850, 21173.401, 210.79588, 20771.225, 21241.746,
16.216009, 20850.979, 212.24963, 20830.610, 21301.561,
16.228170, 21129.386, 225.96692, 20890.797, 21361.512,
16.240330, 20557.371, 222.44847, 20951.790, 21421.579,
16.252489, 21017.709, 230.80188, 21013.620, 21481.770,
16.264641, 21070.078, 234.56778, 21076.261, 21542.045,
16.276791, 21293.554, 242.55011, 21139.720, 21602.431,
16.288950, 20678.404, 236.44473, 21204.024, 21662.983,
16.301090, 21126.785, 247.72284, 21268.991, 21723.558,
16.313240, 21491.979, 257.47568, 21334.739, 21784.296,
16.325380, 21325.773, 268.25687, 21401.137, 21845.102,
16.337530, 22042.771, 192.35864, 21468.257, 21906.069,
16.349670, 22116.442, 171.05118, 21535.964, 21967.100,
16.361799, 22150.396, 168.23532, 21604.217, 22028.184,
16.373940, 22943.953, 180.24873, 21673.115, 22089.435,
16.386070, 22911.578, 176.34897, 21742.509, 22150.746,
16.398211, 23017.703, 179.03510, 21812.480, 22212.213,
16.410339, 22856.498, 176.00826, 21882.880, 22273.727,
16.422461, 23045.273, 182.20282, 21953.700, 22335.307,
16.434589, 23012.501, 191.46739, 22025.002, 22397.029,
16.446711, 22882.294, 191.45560, 22096.668, 22458.814,
16.458839, 23338.348, 192.73953, 22168.763, 22520.740,
16.470961, 22718.982, 186.18404, 22241.166, 22582.726,
16.483070, 22408.245, 177.01282, 22313.829, 22644.752,
16.495190, 22279.709, 240.54149, 22386.850, 22706.925,
16.500280, 23727.859, 211.81691, 22417.606, 22733.070,
16.513599, 23606.132, 202.05566, 22498.289, 22801.554,
16.526911, 23085.705, 191.17726, 22579.208, 22870.113,
16.540211, 23436.978, 195.77519, 22660.305, 22938.726,
16.553520, 23183.005, 197.50989, 22741.673, 23007.501,
16.566820, 23380.795, 201.29558, 22823.161, 23076.338,
16.580120, 23411.228, 198.24788, 22904.794, 23145.284,
16.593420, 22923.519, 189.13760, 22986.536, 23214.339,
16.606710, 23165.873, 176.46132, 23068.295, 23283.452,
16.620001, 22989.123, 187.43910, 23150.098, 23352.670,
16.633301, 22851.734, 195.98891, 23231.978, 23422.043,
16.646589, 23342.636, 199.55478, 23313.782, 23491.461,
16.659870, 23601.546, 191.37468, 23395.510, 23560.941,
16.673149, 23665.330, 181.58208, 23477.175, 23630.513,
16.686440, 23548.838, 174.28947, 23558.835, 23700.245,
16.699711, 23636.779, 173.18114, 23640.278, 23769.977,
16.712990, 23890.267, 178.19681, 23721.647, 23839.848,
16.726271, 24367.294, 179.71967, 23802.881, 23909.826,
16.739540, 24065.758, 172.25569, 23883.876, 23979.841,
16.752810, 24092.268, 170.67953, 23964.677, 24049.952,
16.766081, 24052.353, 175.41658, 24045.274, 24120.168,
16.779341, 24337.157, 180.05649, 24125.560, 24190.417,
16.792601, 24004.862, 183.16010, 24205.581, 24260.759,
16.805870, 24320.910, 183.91003, 24285.371, 24331.245,
16.819120, 24265.685, 178.19800, 24364.733, 24401.720,
16.832380, 24761.939, 171.71271, 24443.814, 24472.338,
16.845631, 24343.305, 165.36514, 24522.476, 24542.994,
16.858891, 24142.220, 169.54367, 24600.806, 24613.791,
16.872141, 24893.864, 178.86957, 24678.665, 24684.625,
16.885380, 24862.703, 180.04776, 24756.004, 24755.486,
16.898630, 24714.652, 175.39072, 24832.916, 24826.496,
16.911869, 24628.395, 168.48543, 24909.228, 24897.531,
16.925110, 25047.061, 171.83560, 24984.975, 24968.662,
16.938351, 25024.387, 169.28539, 25060.106, 25039.878,
16.951580, 24849.588, 175.89610, 25134.514, 25111.118,
16.964821, 24894.886, 189.66884, 25208.285, 25182.504,
16.978050, 25259.737, 187.73514, 25281.249, 25253.911,
16.991270, 25823.102, 182.05849, 25353.375, 25325.351,
17.004499, 25452.676, 174.36259, 25424.724, 25396.924,
17.017719, 25802.295, 175.58318, 25495.148, 25468.528,
17.030951, 26364.428, 181.19113, 25564.715, 25540.276,
17.044161, 26289.966, 182.68512, 25633.209, 25611.991,
17.057381, 25981.671, 175.47139, 25700.744, 25683.839,
17.070601, 26386.270, 171.69928, 25767.224, 25755.768,
17.083811, 26429.847, 172.56039, 25832.554, 25827.725,
17.097019, 26066.673, 174.75146, 25896.727, 25899.751,
17.110229, 26518.357, 193.40062, 25959.711, 25971.866,
17.123430, 26140.110, 195.89702, 26021.405, 26044.009,
17.136641, 26191.029, 191.23050, 26081.847, 26116.283,
17.149839, 26051.300, 184.73763, 26140.891, 26188.572,
17.163040, 26008.437, 178.90747, 26198.546, 26260.951,
17.176229, 26153.269, 180.54425, 26254.703, 26333.344,
17.189430, 26487.259, 189.91380, 26309.439, 26405.878,
17.202620, 26573.250, 194.32761, 26362.773, 26478.426,
17.215811, 26618.107, 194.43707, 26414.904, 26551.063,
17.229000, 26509.780, 189.00206, 26465.962, 26623.766,
17.242180, 27010.907, 188.72955, 26516.063, 26696.493,
17.255369, 26704.081, 188.36322, 26565.422, 26769.350,
17.268551, 26736.319, 196.52437, 26614.117, 26842.242,
17.281719, 26838.326, 204.32568, 26662.270, 26915.136,
17.294901, 27158.928, 201.55220, 26710.120, 26988.181,
17.308069, 27653.652, 213.40089, 26757.712, 27061.228,
17.321251, 26986.167, 209.77374, 26805.283, 27134.426,
17.334410, 27080.333, 211.30832, 26852.843, 27207.572,
17.347580, 27356.139, 215.67151, 26900.656, 27280.859,
17.360750, 27302.996, 218.11012, 26948.824, 27354.223,
17.373911, 27942.430, 225.68173, 26997.451, 27427.610,
17.387070, 27520.740, 218.85097, 27046.706, 27501.062,
17.400230, 27981.573, 216.45605, 27096.746, 27574.602,
17.413380, 27445.429, 205.02074, 27147.660, 27648.154,
17.426540, 27695.478, 208.20541, 27199.680, 27721.847,
17.439690, 27526.913, 212.04932, 27252.859, 27795.553,
17.452841, 27641.782, 225.78711, 27307.393, 27869.347,
17.465981, 27622.315, 237.31972, 27363.369, 27943.153,
17.479130, 27695.043, 241.89127, 27421.023, 28017.090,
17.492270, 27668.726, 237.60162, 27480.417, 28091.052,
17.505409, 27367.993, 234.90074, 27541.740, 28165.090,
17.518551, 27683.115, 239.80493, 27605.149, 28239.218,
17.531679, 27405.627, 243.55154, 27670.719, 28313.348,
17.544821, 27770.268, 249.97342, 27738.733, 28387.632,
17.557949, 27524.959, 249.23306, 27809.207, 28461.919,
17.571079, 28264.955, 257.55078, 27882.372, 28536.296,
17.584200, 27721.570, 245.32240, 27958.269, 28610.698,
17.597330, 28130.109, 252.76277, 28036.917, 28685.234,
17.610451, 27850.740, 259.23056, 28118.063, 28759.796,
17.623569, 28070.523, 266.36948, 28201.614, 28834.427,
17.636690, 28593.879, 284.09216, 28287.459, 28909.149,
17.649799, 27612.454, 273.21411, 28375.373, 28983.888,
17.662910, 27966.718, 267.78738, 28465.311, 29058.719,
17.676029, 28931.348, 282.74561, 28557.184, 29133.676,
17.689131, 28592.102, 304.34341, 28650.685, 29208.617,
17.702240, 28032.644, 311.06473, 28745.861, 29283.684,
17.715349, 27838.023, 306.66248, 28842.530, 29358.835,
17.728451, 27969.290, 309.49594, 28940.507, 29434.027,
17.741550, 28383.458, 273.64932, 29039.708, 29509.291,
17.754641, 29431.276, 213.26906, 29139.949, 29584.586,
17.767740, 29370.129, 207.95178, 29241.251, 29660.022,
17.780830, 29797.502, 218.79677, 29343.342, 29735.489,
17.793921, 29024.475, 200.83005, 29446.175, 29811.042,
17.807011, 28683.882, 196.44141, 29549.625, 29886.683,
17.820101, 29564.126, 208.13048, 29653.571, 29962.412,
17.833179, 29098.229, 202.73915, 29757.800, 30038.164,
17.846270, 28955.798, 204.60732, 29862.373, 30114.072,
17.859341, 30240.899, 227.89078, 29966.924, 30189.959,
17.872419, 31753.457, 250.75482, 30071.546, 30265.981,
17.885500, 32898.614, 260.91266, 30176.072, 30342.107,
17.898569, 31455.028, 255.04546, 30280.274, 30418.258,
17.911640, 30274.253, 243.54576, 30384.139, 30494.513,
17.924709, 30493.685, 257.09940, 30487.515, 30570.852,
17.937780, 31475.070, 385.48648, 30590.310, 30647.296,
17.941250, 30473.795, 252.24512, 30617.480, 30667.603,
17.955721, 30318.705, 242.35988, 30730.207, 30752.376,
17.970181, 31319.965, 246.53442, 30841.761, 30837.200,
17.984650, 30920.145, 242.37186, 30952.137, 30922.201,
17.999109, 30831.328, 246.52512, 31061.021, 31007.267,
18.013571, 31631.312, 254.91060, 31168.332, 31092.467,
18.028021, 31358.755, 247.38025, 31273.803, 31177.724,
18.042480, 32339.532, 246.95538, 31377.415, 31263.163,
18.056931, 31736.290, 236.94075, 31478.861, 31348.673,
18.071381, 31114.708, 230.79562, 31578.035, 31434.311,
18.085819, 30931.459, 252.50462, 31674.738, 31520.011,
18.100269, 31768.184, 258.38370, 31769.217, 31605.910,
18.114710, 32218.600, 251.91336, 31861.476, 31691.886,
18.129150, 31978.948, 236.99945, 31951.721, 31777.996,
18.143579, 31796.716, 223.85699, 32040.021, 31864.175,
18.158020, 31823.817, 215.20990, 32126.655, 31950.559,
18.172449, 32724.099, 225.51900, 32211.624, 32037.015,
18.186880, 32483.391, 234.70233, 32295.144, 32123.623,
18.201300, 32672.939, 249.92148, 32377.272, 32210.306,
18.215719, 32199.323, 237.67235, 32458.209, 32297.134,
18.230150, 32214.930, 227.15790, 32538.151, 32384.177,
18.244560, 32772.559, 224.22359, 32617.051, 32471.243,
18.258980, 32585.500, 236.24991, 32695.207, 32558.517,
18.273390, 32954.567, 235.05424, 32772.647, 32645.885,
18.287800, 33695.671, 243.51035, 32849.552, 32733.409,
18.302210, 33492.672, 241.80959, 32926.052, 32821.088,
18.316620, 33166.743, 229.57654, 33002.274, 32908.927,
18.331020, 33456.326, 229.69946, 33078.299, 32996.869,
18.345421, 33453.004, 222.41226, 33154.304, 33084.973,
18.359819, 33130.447, 240.79442, 33230.407, 33173.232,
18.374210, 33806.249, 252.31546, 33306.708, 33261.611,
18.388611, 33160.181, 245.54729, 33383.424, 33350.219,
18.403000, 33453.480, 233.82614, 33460.573, 33438.928,
18.417379, 33484.085, 222.42979, 33538.293, 33527.754,
18.431770, 33331.008, 213.25909, 33616.827, 33616.827,
18.446150, 33431.194, 208.03082, 33696.151, 33706.005,
18.460529, 34384.368, 223.70657, 33776.311, 33795.342,
18.474911, 35211.485, 250.75140, 33857.275, 33884.827,
18.489281, 35887.008, 254.74467, 33938.925, 33974.356,
18.503660, 34332.589, 236.56526, 34021.337, 34064.038,
18.518030, 33654.468, 224.48764, 34104.361, 34153.734,
18.532391, 34279.685, 221.89693, 34187.954, 34243.422,
18.546761, 34299.616, 224.93713, 34272.187, 34333.199,
18.561119, 34356.924, 237.63472, 34356.896, 34422.913,
18.575480, 35660.461, 251.02890, 34442.120, 34512.627,
18.589840, 35390.863, 245.12941, 34527.808, 34602.308,
18.604191, 35295.863, 239.04938, 34613.865, 34691.874,
18.618549, 36196.285, 228.60361, 34700.354, 34781.413,
18.632900, 36175.304, 237.06699, 34787.145, 34870.806,
18.647240, 37652.328, 265.92645, 34874.177, 34960.010,
18.661591, 41353.452, 280.61365, 34961.551, 35049.147,
18.675930, 54847.107, 318.24695, 35049.089, 35138.051,
18.690269, 125948.98, 497.26831, 35136.825, 35226.773,
18.704611, 293168.35, 1025.5759, 35224.732, 35315.305,
18.718941, 241189.12, 988.48602, 35312.692, 35403.541,
18.733271, 77781.304, 334.99783, 35400.738, 35491.532,
18.747601, 38855.851, 248.49649, 35488.833, 35579.255,
18.761930, 36958.138, 269.60571, 35576.940, 35666.690,
18.776260, 36577.179, 278.38428, 35665.023, 35753.814,
18.790581, 35980.297, 266.97433, 35752.987, 35840.549,
18.804899, 35772.637, 252.04568, 35840.840, 35926.919,
18.819220, 36652.330, 254.35254, 35928.571, 36012.925,
18.833530, 36614.344, 255.09085, 36016.072, 36098.477,
18.847839, 36296.176, 258.58490, 36103.353, 36183.599,
18.862150, 36117.843, 269.32718, 36190.401, 36268.291,
18.876459, 36801.615, 282.23294, 36277.154, 36352.509,
18.890770, 37395.922, 281.14990, 36363.598, 36436.253,
18.905069, 37309.736, 271.23413, 36449.616, 36519.422,
18.919371, 36481.301, 265.14813, 36535.250, 36602.072,
18.933670, 36640.398, 281.73279, 36620.439, 36684.158,
18.947960, 37896.024, 300.16254, 36705.099, 36765.614,
18.962250, 37035.508, 300.73865, 36789.249, 36846.473,
18.976540, 37537.693, 302.18237, 36872.849, 36926.710,
18.990829, 37853.657, 294.49451, 36955.860, 37006.302,
19.005119, 37392.916, 285.08002, 37038.242, 37085.227,
19.019400, 36927.566, 266.57343, 37119.900, 37163.407,
19.033680, 37396.855, 265.61603, 37200.848, 37240.873,
19.047960, 38151.439, 297.19949, 37281.045, 37317.599,
19.062229, 39779.669, 343.50333, 37360.385, 37393.502,
19.076500, 37944.384, 380.65460, 37438.901, 37468.628,
19.090771, 36372.527, 314.30615, 37516.539, 37542.942,
19.105040, 37930.107, 322.65616, 37593.246, 37616.411,
19.119310, 39116.776, 316.61597, 37668.996, 37689.027,
19.133570, 38537.087, 314.71030, 37743.676, 37760.700,
19.147829, 37839.742, 321.11438, 37817.300, 37831.462,
19.162090, 38573.552, 336.12546, 37889.831, 37901.296,
19.176340, 37671.758, 337.06268, 37961.156, 37970.112,
19.190599, 38470.469, 357.77185, 38031.331, 38037.986,
19.204849, 39333.341, 344.20618, 38100.213, 38104.799,
19.219101, 38745.623, 349.09164, 38167.809, 38170.579,
19.233339, 37606.630, 356.99374, 38233.997, 38235.231,
19.247580, 38571.796, 370.57053, 38298.797, 38298.797,
19.261820, 38387.161, 356.04300, 38362.178, 38361.261,
19.276060, 38182.776, 374.47955, 38424.235, 38422.690,
19.290300, 39821.320, 380.39624, 38485.092, 38483.172,
19.304529, 38388.919, 367.55334, 38544.824, 38542.748,
19.318760, 39260.969, 364.37805, 38603.612, 38601.562,
19.332991, 39242.718, 366.12527, 38661.568, 38659.690,
19.347219, 39200.065, 380.76636, 38718.806, 38717.214,
19.361441, 39850.360, 422.49963, 38775.424, 38774.196,
19.375660, 39520.908, 423.47473, 38831.565, 38830.746,
19.389879, 36544.508, 408.18463, 38887.356, 38886.957,
19.404100, 39495.993, 427.85144, 38942.924, 38942.924,
19.418310, 39195.661, 426.51324, 38998.335, 38998.679,
19.432520, 39957.550, 434.57913, 39053.752, 39054.353,
