# wave, flux, fluxerr, continuum, continuum_plateau
9.9725246, 92.391757, 20.345407, 78.085600, 78.066672,
9.9806166, 62.422246, 20.839396, 77.892956, 77.878483,
9.9887066, 84.243744, 18.939936, 77.708624, 77.697907,
9.9967957, 92.776825, 17.821791, 77.532643, 77.525032,
10.004880, 91.207408, 18.609051, 77.365156, 77.360050,
10.012970, 78.648559, 17.558477, 77.206018, 77.202863,
10.021050, 91.934586, 15.295129, 77.055594, 77.053882,
10.029140, 80.683847, 15.729447, 76.913606, 76.912873,
10.037220, 60.443823, 16.589289, 76.780478, 76.780302,
10.045300, 90.126903, 15.220387, 76.656101, 76.656101,
10.053380, 73.595917, 14.459109, 76.540541, 76.540377,
10.061460, 78.430014, 15.927706, 76.433908, 76.433279,
10.069540, 97.729973, 16.022810, 76.336263, 76.334904,
10.077610, 73.486639, 13.731303, 76.247815, 76.245498,
10.085690, 81.575377, 14.687586, 76.168432, 76.164961,
10.093760, 69.248552, 15.795415, 76.098392, 76.093607,
10.101830, 65.952067, 14.346775, 76.037689, 76.031460,
10.109900, 74.684011, 14.043423, 75.986415, 75.978641,
10.117970, 62.042420, 15.209697, 75.944679, 75.935289,
10.126040, 73.166791, 15.889210, 75.912575, 75.901523,
10.134100, 89.664249, 14.621115, 75.890227, 75.877497,
10.142170, 58.714106, 14.342704, 75.877683, 75.863277,
10.150230, 68.004386, 16.561684, 75.875083, 75.859030,
10.158300, 96.076868, 16.221342, 75.882529, 75.864876,
10.166360, 89.809675, 14.599834, 75.900114, 75.880931,
10.174420, 83.125926, 15.745650, 75.927958, 75.907331,
10.182470, 74.703568, 16.037548, 75.966121, 75.944154,
10.190530, 75.645830, 17.496635, 76.014813, 75.991622,
10.198590, 86.113355, 14.774969, 76.074126, 76.049841,
10.206640, 94.178246, 16.786779, 76.144080, 76.118845,
10.214690, 76.684383, 15.725197, 76.224872, 76.198838,
10.222750, 74.552016, 14.275874, 76.316745, 76.290074,
10.230800, 62.317704, 15.502211, 76.419614, 76.392474,
10.238850, 52.072034, 16.201475, 76.533716, 76.506279,
10.246890, 86.538945, 15.627794, 76.659031, 76.631474,
10.254940, 81.323252, 15.336428, 76.795997, 76.768498,
10.262990, 84.282158, 17.443199, 76.944613, 76.917351,
10.271030, 88.688262, 17.983335, 77.104829, 77.077979,
10.279070, 65.167691, 16.558529, 77.276938, 77.250674,
10.287120, 65.823728, 18.209454, 77.461359, 77.435850,
10.295150, 75.688824, 19.877075, 77.657523, 77.632928,
10.303190, 94.749518, 19.906012, 77.866310, 77.842782,
10.311230, 67.012470, 18.458258, 78.087604, 78.065285,
10.319270, 92.283997, 21.362965, 78.321619, 78.300640,
10.327300, 107.25785, 23.452702, 78.568164, 78.548637,
10.335340, 51.052404, 21.001892, 78.828021, 78.810046,
10.343370, 76.229163, 17.102919, 79.100775, 79.084433,
10.351400, 78.410455, 24.916077, 79.386838, 79.372188,
10.359430, 97.629117, 25.827599, 79.686417, 79.673497,
10.367460, 72.211646, 24.198940, 79.999692, 79.988517,
10.375480, 87.107309, 25.180723, 80.326410, 80.316967,
10.383510, 51.047696, 27.954027, 80.667613, 80.659864,
10.391530, 110.12997, 27.995438, 81.022641, 81.016514,
10.399560, 110.16808, 22.102795, 81.392533, 81.387928,
10.407580, 82.461393, 19.303246, 81.776605, 81.773383,
10.415600, 68.341053, 19.266077, 82.175440, 82.173428,
10.423620, 93.594790, 20.374243, 82.589337, 82.588323,
10.431640, 86.769519, 19.762280, 83.018402, 83.018133,
10.439650, 84.916037, 18.169405, 83.462358, 83.462536,
10.447670, 91.096604, 18.018225, 83.922531, 83.922814,
10.455680, 74.485630, 16.760246, 84.397933, 84.397933,
10.463700, 74.842893, 15.603128, 84.889923, 84.889215,
10.471710, 96.648501, 17.636028, 85.396892, 85.395083,
10.479720, 112.87182, 18.391991, 85.919048, 85.915791,
10.487730, 124.37871, 17.883238, 86.455969, 86.450958,
10.495730, 125.14972, 18.786865, 87.006571, 86.999543,
10.503740, 160.60256, 22.912149, 87.571753, 87.562478,
10.511750, 191.18068, 24.050636, 88.150454, 88.138741,
10.519750, 139.72716, 21.940376, 88.741484, 88.727178,
10.527750, 106.76250, 24.202791, 89.345259, 89.328234,
10.535750, 93.181478, 27.935509, 89.961309, 89.941469,
10.543750, 89.356670, 28.724148, 90.589161, 90.566439,
10.551750, 148.53367, 30.629623, 91.228568, 91.202922,
10.559750, 133.82706, 34.814217, 91.878986, 91.850399,
10.567850, 133.70224, 18.681892, 92.548522, 92.516964,
10.576350, 131.01150, 17.460915, 93.262439, 93.227794,
10.584840, 139.54833, 17.655205, 93.986628, 93.948954,
10.593340, 109.37327, 14.931586, 94.722419, 94.681790,
10.601830, 132.20315, 15.204655, 95.467543, 95.424058,
10.610330, 115.74916, 15.676764, 96.223388, 96.177159,
10.618820, 122.06505, 15.261839, 96.987725, 96.938888,
10.627310, 95.542142, 13.159997, 97.760864, 97.709564,
10.635800, 112.86682, 13.871242, 98.542534, 98.488932,
10.644280, 110.44662, 15.075884, 99.331226, 99.275497,
10.652770, 108.58782, 13.658125, 100.12836, 100.07069,
10.661250, 112.61870, 12.887796, 100.93172, 100.87229,
10.669740, 107.43459, 13.761129, 101.74266, 101.68168,
10.678220, 120.08748, 14.581553, 102.55894, 102.49662,
10.686700, 112.07647, 13.205043, 103.38103, 103.31758,
10.695180, 120.86460, 13.400606, 104.20850, 104.14414,
10.703650, 115.02371, 14.471575, 105.03998, 104.97495,
10.712130, 97.533152, 14.099640, 105.87684, 105.81135,
10.720600, 117.58940, 13.437446, 106.71694, 106.65123,
10.729080, 125.93101, 14.081751, 107.56166, 107.49597,
10.737550, 138.39950, 15.788177, 108.40859, 108.34314,
10.746020, 105.42971, 14.164968, 109.25844, 109.19348,
10.754490, 112.03979, 13.617470, 110.11061, 110.04637,
10.762960, 110.88966, 14.306785, 110.96486, 110.90157,
10.771420, 105.32642, 15.497091, 111.81952, 111.75743,
10.779890, 112.44007, 15.142511, 112.67649, 112.61583,
10.788350, 115.77131, 14.806241, 113.53313, 113.47414,
10.796810, 114.06181, 15.968880, 114.39008, 114.33300,
10.805270, 107.53436, 16.818989, 115.24694, 115.19200,
10.813730, 105.50506, 16.150040, 116.10327, 116.05071,
10.822190, 112.89134, 15.939151, 116.95868, 116.90872,
10.830650, 105.03703, 17.423260, 117.81273, 117.76562,
10.839100, 93.843384, 17.630981, 118.66396, 118.61993,
10.847560, 139.19620, 17.514103, 119.51406, 119.47335,
10.856010, 131.19464, 17.530216, 120.36060, 120.32344,
10.864460, 107.04959, 19.047117, 121.20403, 121.17066,
10.872910, 150.93329, 20.697838, 122.04404, 122.01469,
10.881360, 134.31540, 18.573324, 122.88028, 122.85520,
10.889800, 131.78347, 19.672764, 123.71122, 123.69065,
10.898250, 121.34858, 21.568623, 124.53841, 124.52260,
10.906690, 154.32664, 22.544958, 125.35956, 125.34876,
10.915140, 127.02358, 20.631647, 126.17620, 126.17067,
10.923580, 113.58843, 22.393177, 126.98587, 126.98587,
10.932020, 112.01082, 25.421549, 127.78925, 127.79505,
10.940460, 127.97987, 24.762230, 128.58637, 128.59820,
10.948890, 122.92738, 25.164831, 129.37636, 129.39443,
10.957330, 179.37396, 29.864866, 130.16128, 130.18579,
10.965760, 163.86270, 23.591949, 130.93938, 130.97048,
10.974200, 189.33761, 22.329388, 131.71253, 131.75036,
10.982630, 185.37928, 21.138950, 132.47899, 132.52364,
10.991060, 206.80290, 23.297272, 133.23991, 133.29148,
10.999490, 196.88603, 24.321472, 133.99523, 134.05377,
11.007920, 207.08787, 25.281961, 134.74520, 134.81076,
11.016340, 201.38481, 25.777445, 135.48892, 135.56150,
11.024770, 208.66880, 27.680933, 136.22826, 136.30787,
11.033190, 212.36389, 34.764095, 136.96162, 137.04823,
11.041610, 205.65996, 33.503448, 137.68995, 137.78353,
11.050030, 185.15450, 24.415955, 138.41333, 138.51382,
11.058450, 214.88889, 28.262287, 139.13186, 139.23918,
11.066870, 192.46860, 24.098240, 139.84562, 139.95968,
11.075290, 169.75667, 24.598129, 140.55469, 140.67539,
11.083700, 209.16700, 46.413132, 141.25837, 141.38559,
11.092120, 179.45354, 27.523499, 141.95834, 142.09195,
11.100530, 175.00361, 65.367226, 142.65302, 142.79287,
11.108940, 205.73886, 55.470009, 143.34344, 143.48937,
11.117350, 162.74131, 61.398834, 144.02952, 144.18136,
11.120570, 218.64802, 20.715057, 144.29115, 144.44522,
11.129530, 220.73107, 19.083069, 145.01585, 145.17594,
11.138500, 262.50324, 19.606411, 145.73678, 145.90269,
11.147460, 284.79336, 20.685196, 146.45234, 146.62383,
11.156430, 345.77867, 21.903675, 147.16430, 147.34113,
11.165390, 392.09505, 21.348824, 147.87109, 148.05301,
11.174350, 434.40346, 21.485523, 148.57363, 148.76037,
11.183300, 534.09167, 24.497953, 149.27126, 149.46257,
11.192260, 563.29584, 24.659077, 149.96557, 150.16116,
11.201220, 618.96544, 24.039669, 150.65588, 150.85548,
11.210170, 623.78815, 23.767101, 151.34155, 151.54488,
11.219120, 608.22771, 24.811810, 152.02341, 152.23016,
11.228070, 643.77017, 25.160439, 152.70154, 152.91142,
11.237020, 595.96749, 22.811792, 153.37593, 153.58866,
11.245970, 610.70867, 23.256807, 154.04683, 154.26209,
11.254920, 619.09768, 24.255848, 154.71422, 154.93172,
11.263860, 584.23006, 23.459732, 155.37742, 155.59685,
11.272800, 570.94747, 22.045269, 156.03736, 156.25840,
11.281750, 559.16350, 22.176628, 156.69465, 156.91702,
11.290690, 554.08593, 22.955473, 157.34813, 157.57150,
11.299630, 516.19060, 22.101694, 157.99843, 158.22250,
11.308560, 498.68993, 20.949192, 158.64499, 158.86946,
11.317500, 479.77017, 20.952438, 159.28927, 159.51384,
11.326430, 460.11318, 21.714108, 159.92996, 160.15433,
11.335370, 443.72872, 20.991488, 160.56851, 160.79238,
11.344300, 437.89122, 20.141565, 161.20362, 161.42670,
11.353230, 408.91510, 19.870651, 161.83604, 162.05803,
11.362160, 411.58695, 21.216621, 162.46576, 162.68639,
11.371080, 383.56969, 20.380272, 163.09233, 163.31130,
11.380010, 362.45325, 19.383877, 163.71701, 163.93405,
11.388930, 355.93918, 19.517715, 164.33866, 164.55351,
11.397850, 355.94631, 20.720402, 164.95789, 165.17027,
11.406780, 338.81934, 20.381107, 165.57554, 165.78520,
11.415700, 323.68850, 19.184223, 166.19024, 166.39692,
11.424610, 292.10771, 19.197863, 166.80210, 167.00557,
11.433530, 310.58619, 21.038504, 167.41251, 167.61252,
11.442450, 318.58109, 21.175896, 168.02087, 168.21719,
11.451360, 285.90491, 20.815651, 168.62658, 168.81901,
11.460270, 284.32500, 20.329346, 169.23037, 169.41868,
11.469180, 283.52839, 21.705715, 169.83229, 170.01628,
11.478090, 276.08093, 21.693661, 170.43239, 170.61186,
11.487000, 252.76654, 20.135920, 171.03073, 171.20551,
11.495910, 275.13767, 21.821371, 171.62732, 171.79721,
11.504810, 246.93462, 22.290426, 172.22168, 172.38654,
11.513710, 267.42861, 23.010769, 172.81440, 172.97406,
11.522620, 259.59029, 21.774254, 173.40629, 173.56060,
11.531520, 246.66944, 22.354584, 173.99600, 174.14484,
11.540420, 249.84499, 23.778896, 174.58429, 174.72754,
11.549310, 222.96365, 23.378361, 175.17058, 175.30813,
11.558210, 227.42640, 22.577190, 175.75626, 175.88800,
11.567100, 221.96871, 23.034199, 176.33992, 176.46577,
11.576000, 240.74022, 25.561241, 176.92313, 177.04300,
11.584890, 218.86543, 25.341797, 177.50449, 177.61834,
11.593780, 223.30067, 25.009661, 178.08469, 178.19245,
11.602670, 201.20331, 24.284267, 178.66390, 178.76554,
11.611560, 243.30317, 27.591448, 179.24212, 179.33760,
11.620440, 219.35140, 28.526588, 179.81870, 179.90803,
11.629330, 237.54405, 28.333065, 180.39507, 180.47823,
11.638210, 205.56328, 26.818106, 180.96997, 181.04698,
11.647090, 189.08324, 29.227936, 181.54401, 181.61490,
11.655970, 173.04347, 30.662872, 182.11731, 182.18212,
11.664850, 196.68037, 23.618393, 182.68997, 182.74875,
11.673730, 222.50569, 18.239374, 183.26192, 183.31474,
11.682600, 220.36045, 21.050478, 183.83266, 183.87960,
11.691480, 216.46901, 21.057369, 184.40346, 184.44461,
11.700350, 195.32621, 20.909422, 184.97314, 185.00862,
11.709220, 227.02727, 21.916763, 185.54238, 185.57231,
11.718090, 213.17564, 22.406399, 186.11121, 186.13572,
11.726960, 142.22221, 22.945808, 186.67968, 186.69893,
11.735830, 164.91189, 24.503574, 187.24785, 187.26200,
11.744690, 188.08605, 27.053957, 187.81508, 187.82432,
11.753560, 179.09037, 25.558556, 188.38277, 188.38729,
11.762420, 194.10897, 27.551800, 188.94963, 188.94963,
11.771280, 182.77640, 45.113197, 189.51637, 189.51208,
11.775020, 200.68638, 17.188261, 189.75544, 189.74940,
11.784500, 178.58418, 17.232325, 190.36107, 190.35077,
11.793980, 205.00044, 17.393827, 190.96565, 190.95131,
11.803460, 211.42768, 18.796612, 191.56893, 191.55077,
11.812940, 208.25363, 15.985879, 192.17041, 192.14864,
11.822420, 200.74434, 16.725815, 192.76985, 192.74465,
11.831890, 211.31559, 16.736330, 193.36616, 193.33772,
11.841360, 187.85378, 15.321229, 193.95963, 193.92813,
11.850840, 194.49273, 15.047729, 194.55048, 194.51608,
11.860310, 217.24851, 16.144249, 195.13715, 195.10000,
11.869770, 223.58352, 16.300964, 195.71928, 195.67953,
11.879240, 220.76958, 15.524843, 196.29767, 196.25545,
11.888710, 219.56641, 15.016445, 196.87135, 196.82680,
11.898170, 202.91854, 15.113129, 197.43938, 197.39262,
11.907630, 222.15285, 15.874331, 198.00189, 197.95305,
11.917090, 220.94903, 15.583963, 198.55862, 198.50782,
11.926550, 219.59980, 14.708349, 199.10908, 199.05644,
11.936010, 231.22827, 15.260307, 199.65300, 199.59863,
11.945470, 217.77290, 15.532617, 200.18987, 200.13389,
11.954920, 228.72486, 15.240184, 200.71883, 200.66137,
11.964370, 251.56620, 15.270694, 201.24005, 201.18123,
11.973830, 231.33770, 15.011234, 201.75368, 201.69363,
11.983280, 218.33355, 15.560373, 202.25820, 202.19705,
11.992720, 244.86814, 15.821642, 202.75324, 202.69114,
12.002170, 246.59990, 15.443813, 203.23949, 203.17661,
12.011610, 238.17689, 15.242149, 203.71553, 203.65202,
12.021060, 226.93190, 15.806438, 204.18190, 204.11795,
12.030500, 220.06145, 15.600628, 204.63725, 204.57307,
12.039940, 222.95339, 15.414651, 205.08161, 205.01741,
12.049380, 224.67217, 15.115761, 205.51465, 205.45067,
12.058820, 231.42950, 16.047375, 205.93585, 205.87236,
12.068250, 227.16602, 16.462091, 206.34443, 206.28173,
12.077690, 230.46241, 16.120806, 206.74084, 206.67923,
12.087120, 236.75563, 15.992939, 207.12375, 207.06360,
12.096550, 227.40362, 16.577812, 207.49318, 207.43487,
12.105980, 240.26910, 17.956457, 207.84869, 207.79264,
12.115410, 217.10537, 16.750128, 208.18984, 208.13650,
12.124830, 197.67455, 15.899082, 208.51585, 208.46574,
12.134260, 223.28926, 17.186834, 208.82693, 208.78060,
12.143680, 203.67296, 17.538198, 209.12196, 209.08000,
12.153100, 202.81692, 17.958073, 209.40087, 209.36394,
12.162520, 235.32531, 21.079651, 209.66316, 209.63195,
12.171940, 211.60072, 18.101667, 209.90832, 209.88361,
12.181360, 231.63442, 19.340515, 210.13593, 210.11854,
12.190770, 207.66294, 19.354836, 210.34526, 210.33608,
12.200180, 186.21069, 18.451456, 210.53607, 210.53607,
12.209600, 207.19000, 19.141090, 210.70821, 210.71840,
12.219010, 219.98230, 20.591690, 210.86152, 210.88283,
12.228420, 215.13448, 21.607971, 210.99658, 211.02985,
12.237820, 193.56762, 20.697802, 211.11364, 211.15960,
12.247230, 229.08869, 21.732512, 211.21333, 211.27264,
12.256630, 219.73569, 22.117241, 211.29578, 211.36901,
12.266040, 264.85223, 25.330776, 211.36152, 211.44916,
12.275440, 382.24077, 28.260090, 211.41075, 211.51320,
12.284840, 327.32461, 26.887915, 211.44390, 211.56148,
12.294230, 231.99265, 24.798273, 211.46130, 211.59424,
12.303630, 225.34399, 29.578636, 211.46329, 211.61182,
12.313030, 263.62362, 29.158922, 211.45020, 211.61443,
12.322420, 245.31977, 33.013248, 211.42236, 211.60234,
12.331810, 262.37391, 22.107513, 211.38010, 211.57582,
12.341200, 260.78575, 18.804392, 211.32372, 211.53513,
12.350590, 243.57940, 19.373402, 211.25352, 211.48051,
12.359980, 250.90339, 20.159557, 211.16980, 211.41222,
12.369360, 259.22066, 20.290777, 211.07298, 211.33059,
12.378750, 247.51493, 20.522739, 210.96313, 211.23570,
12.388130, 251.47154, 20.868626, 210.84078, 211.12800,
12.397510, 268.68608, 21.915356, 210.70610, 211.00764,
12.406890, 231.11356, 20.204473, 210.55936, 210.87483,
12.416270, 253.77140, 20.718643, 210.40084, 210.72984,
12.425640, 239.62940, 21.145521, 210.23101, 210.57309,
12.435020, 277.14754, 23.838377, 210.04975, 210.40444,
12.444390, 268.61985, 24.391769, 209.85773, 210.22453,
12.453760, 241.72311, 23.067875, 209.65502, 210.03340,
12.463130, 270.67673, 24.671505, 209.44187, 209.83127,
12.472500, 291.68546, 28.147930, 209.21853, 209.61839,
12.481870, 307.19581, 33.983448, 208.98525, 209.39497,
12.489420, 261.95713, 18.845568, 208.79020, 209.20743,
12.499490, 281.84473, 19.748413, 208.52049, 208.94710,
12.509550, 281.48402, 18.855036, 208.24038, 208.67562,
12.519610, 280.95230, 17.875858, 207.94991, 208.39303,
12.529670, 279.40626, 17.637440, 207.64939, 208.09963,
12.539730, 295.00218, 18.740091, 207.33905, 207.79564,
12.549780, 310.29075, 21.772198, 207.01955, 207.48169,
12.559840, 317.57222, 18.033607, 206.69049, 207.15740,
12.569890, 311.27829, 17.389214, 206.35283, 206.82371,
12.579940, 288.23533, 17.404129, 206.00651, 206.48056,
12.589990, 302.59041, 17.704264, 205.65178, 206.12821,
12.600040, 330.75818, 17.554384, 205.28889, 205.76689,
12.610090, 330.93725, 17.203796, 204.91815, 205.39694,
12.620130, 327.59313, 19.140162, 204.54020, 205.01899,
12.630170, 345.70126, 17.867735, 204.15486, 204.63286,
12.640210, 333.10533, 17.553280, 203.76242, 204.23887,
12.650250, 316.92000, 16.294426, 203.36314, 203.83726,
12.660290, 328.83911, 16.425941, 202.95729, 203.42834,
12.670330, 333.90154, 16.723127, 202.54504, 203.01228,
12.680360, 328.42109, 16.961744, 202.12712, 202.58982,
12.690390, 328.33961, 16.334324, 201.70333, 202.16079,
12.700420, 349.04628, 16.430132, 201.27387, 201.72539,
12.710450, 339.38185, 16.402018, 200.83905, 201.28396,
12.720480, 358.10223, 17.545403, 200.39908, 200.83671,
12.730500, 360.69988, 19.469872, 199.95459, 200.38432,
12.740530, 345.88633, 16.359707, 199.50497, 199.92618,
12.750550, 349.27376, 16.160049, 199.05131, 199.46341,
12.760570, 337.47142, 16.668394, 198.59345, 198.99586,
12.770590, 340.41008, 16.782372, 198.13152, 198.52370,
12.780610, 346.47332, 16.647549, 197.66578, 198.04722,
12.790620, 339.00630, 18.383837, 197.19696, 197.56716,
12.800640, 421.51112, 17.843737, 196.72428, 197.08276,
12.810650, 611.38612, 21.282280, 196.24896, 196.59528,
12.820660, 457.71620, 18.929647, 195.77071, 196.10447,
12.830670, 299.56815, 15.716413, 195.28970, 195.61050,
12.840680, 277.38783, 15.456818, 194.80624, 195.11373,
12.850680, 268.93386, 15.830984, 194.32095, 194.61481,
12.860690, 249.22701, 15.760258, 193.83313, 194.11305,
12.870690, 243.32763, 15.348330, 193.34392, 193.60963,
12.880690, 242.04045, 15.139970, 192.85309, 193.10437,
12.890690, 228.89047, 15.281966, 192.36078, 192.59741,
12.900680, 223.29093, 15.793237, 191.86776, 192.08958,
12.910680, 225.41643, 15.989199, 191.37319, 191.58004,
12.920670, 204.94074, 15.130180, 190.87832, 191.07010,
12.930670, 212.28458, 15.566496, 190.38232, 190.55893,
12.940660, 194.73258, 15.675348, 189.88639, 190.04779,
12.950640, 209.70058, 16.691437, 189.39083, 189.53702,
12.960630, 213.29291, 16.487791, 188.89470, 189.02568,
12.970620, 234.66635, 16.941523, 188.39884, 188.51466,
12.980600, 206.12800, 16.682779, 187.90387, 188.00461,
12.990580, 204.88426, 17.745867, 187.40958, 187.49535,
13.000560, 196.17772, 17.519346, 186.91606, 186.98700,
13.010540, 162.87512, 16.782297, 186.42358, 186.47986,
13.020520, 186.58103, 17.254574, 185.93235, 185.97417,
13.030490, 203.56315, 18.649097, 185.44308, 185.47069,
13.040470, 165.56335, 18.597094, 184.95495, 184.96860,
13.050440, 196.66545, 19.746902, 184.46919, 184.46919,
13.060410, 171.84347, 18.698292, 183.98548, 183.97215,
13.070380, 184.71055, 19.420612, 183.50383, 183.47750,
13.080350, 179.79609, 20.788080, 183.02437, 182.98538,
13.090310, 207.74216, 22.223736, 182.54754, 182.49627,
13.100280, 200.59585, 22.108669, 182.07248, 182.00928,
13.110240, 234.57041, 22.589579, 181.60012, 181.52539,
13.120200, 210.52181, 23.419222, 181.13006, 181.04418,
13.130160, 178.15993, 23.960861, 180.66234, 180.56571,
13.140110, 178.65202, 18.829565, 180.19748, 180.09052,
13.150070, 193.11204, 15.448771, 179.73455, 179.61767,
13.160020, 175.96481, 15.596544, 179.27457, 179.14820,
13.169980, 168.62838, 16.805773, 178.81661, 178.68117,
13.179930, 187.35608, 17.558435, 178.36168, 178.21761,
13.189870, 179.63991, 17.777481, 177.90978, 177.75754,
13.199820, 180.93086, 18.055111, 177.46008, 177.30012,
13.209770, 184.19090, 17.700291, 177.01303, 176.84579,
13.219710, 198.08793, 18.403830, 176.56919, 176.39514,
13.229650, 191.74478, 19.763172, 176.12817, 175.94778,
13.239590, 180.49757, 19.922342, 175.68994, 175.50368,
13.249530, 183.62846, 19.912106, 175.25460, 175.06294,
13.259470, 170.97492, 19.326687, 174.82220, 174.62560,
13.269410, 211.93862, 21.483858, 174.39279, 174.19174,
13.279340, 194.97881, 24.388842, 173.96688, 173.76185,
13.289270, 207.10478, 25.154778, 173.54403, 173.33549,
13.299200, 163.89662, 24.442324, 173.12437, 172.91281,
13.309130, 176.95288, 26.611650, 172.70793, 172.49382,
13.318260, 189.31833, 16.381556, 172.32789, 172.11185,
13.328980, 209.57002, 16.180153, 171.88527, 171.66749,
13.339690, 193.73883, 16.259409, 171.44704, 171.22806,
13.350400, 181.17809, 16.447979, 171.01284, 170.79320,
13.361120, 194.65815, 16.605192, 170.58234, 170.36256,
13.371830, 186.16072, 15.214268, 170.15645, 169.93708,
13.382530, 167.29957, 14.724310, 169.73521, 169.51677,
13.393240, 180.59825, 15.844039, 169.31796, 169.10096,
13.403940, 204.87820, 16.949942, 168.90553, 168.69048,
13.414650, 168.77453, 17.305975, 168.49728, 168.28467,
13.425350, 194.87561, 15.604115, 168.09402, 167.88432,
13.436050, 182.80960, 15.412434, 167.69548, 167.48917,
13.446740, 170.83097, 15.342735, 167.30214, 167.09967,
13.457440, 184.08115, 16.360813, 166.91332, 166.71514,
13.468130, 178.82286, 15.134405, 166.52990, 166.33642,
13.478830, 188.16750, 15.058185, 166.15121, 165.96285,
13.489520, 182.28678, 14.693357, 165.77811, 165.59524,
13.500200, 184.72144, 15.584588, 165.41066, 165.23364,
13.510890, 178.65981, 14.974140, 165.04829, 164.87748,
13.521570, 181.42637, 14.701681, 164.69178, 164.52748,
13.532260, 184.14196, 14.053907, 164.34060, 164.18312,
13.542940, 205.00038, 14.892711, 163.99549, 163.84509,
13.553620, 201.63451, 15.371172, 163.65625, 163.51318,
13.564290, 192.25359, 14.966189, 163.32332, 163.18779,
13.574970, 197.46392, 14.311171, 162.99618, 162.86838,
13.585640, 192.72207, 13.836113, 162.67560, 162.55566,
13.596320, 180.44418, 14.096310, 162.36106, 162.24911,
13.606990, 184.09779, 14.403791, 162.05331, 161.94944,
13.617650, 181.45242, 14.274006, 161.75245, 161.65669,
13.628320, 186.56404, 13.719771, 161.45808, 161.37044,
13.638980, 203.01102, 14.119188, 161.17084, 161.09130,
13.649650, 189.65577, 14.109325, 160.89038, 160.81885,
13.660310, 187.98445, 14.668867, 160.61734, 160.55370,
13.670970, 180.57397, 16.768553, 160.35161, 160.29570,
13.681630, 178.36924, 13.536791, 160.09334, 160.04495,
13.692280, 174.05174, 13.753001, 159.84293, 159.80178,
13.702940, 167.92440, 13.772650, 159.60003, 159.56583,
13.713590, 170.29470, 14.750975, 159.36530, 159.33766,
13.724240, 161.29667, 13.833771, 159.13862, 159.11713,
13.734890, 169.44468, 13.927485, 158.92020, 158.90438,
13.745530, 180.79320, 14.299673, 158.71038, 158.69968,
13.756180, 156.20014, 14.276789, 158.50895, 158.50278,
13.766820, 172.44870, 15.157474, 158.31646, 158.31413,
13.777460, 170.27084, 14.748522, 158.13288, 158.13367,
13.788100, 181.30669, 14.805393, 157.95842, 157.96152,
13.798740, 154.73204, 14.174517, 157.79325, 157.79779,
13.809380, 170.57872, 15.859859, 157.63758, 157.64260,
13.820010, 160.29922, 15.505592, 157.49170, 157.49618,
13.830640, 156.73715, 15.472160, 157.35570, 157.35853,
13.841270, 166.36819, 15.599699, 157.22975, 157.22975,
13.851900, 144.21221, 15.320059, 157.11397, 157.10989,
13.862530, 158.53197, 18.717140, 157.00799, 156.99865,
13.873150, 176.42964, 17.432076, 156.91144, 156.89575,
13.883780, 158.86776, 16.878851, 156.82369, 156.80064,
13.894400, 170.42475, 17.126490, 156.74445, 156.71311,
13.905020, 142.48774, 16.971025, 156.67317, 156.63271,
13.915640, 179.48902, 18.831982, 156.60942, 156.55908,
13.926250, 173.43620, 19.268326, 156.55281, 156.49190,
13.936870, 150.38763, 18.154564, 156.50279, 156.43070,
13.947480, 152.28109, 17.962742, 156.45902, 156.37521,
13.958090, 162.40190, 19.637175, 156.42101, 156.32502,
13.968700, 159.24363, 20.406218, 156.38834, 156.27977,
13.979310, 129.96703, 20.802530, 156.36058, 156.23910,
13.989910, 168.21270, 21.186337, 156.33733, 156.20268,
14.000520, 166.91075, 21.395704, 156.31811, 156.17009,
14.011120, 151.62053, 21.742599, 156.30254, 156.14102,
14.021720, 161.47705, 23.846054, 156.29019, 156.11510,
14.032320, 177.25468, 25.464119, 156.28062, 156.09196,
14.042920, 138.80145, 23.700323, 156.27344, 156.07124,
14.053510, 170.99971, 25.115620, 156.26822, 156.05262,
14.064110, 134.39075, 24.994370, 156.26454, 156.03570,
14.074700, 148.35841, 26.345371, 156.26200, 156.02016,
14.085290, 127.14312, 28.997349, 156.26017, 156.00563,
14.095870, 187.99727, 22.040331, 156.25866, 155.99177,
14.106460, 150.76100, 16.719221, 156.25703, 155.97820,
14.117040, 162.81266, 17.375654, 156.25488, 155.96460,
14.127630, 155.60210, 19.201113, 156.25181, 155.95057,
14.138210, 165.30429, 19.894279, 156.24739, 155.93581,
14.148790, 179.55996, 20.505207, 156.24122, 155.91995,
14.159370, 156.96647, 19.986439, 156.23288, 155.90262,
14.169940, 177.38000, 20.010904, 156.22198, 155.88351,
14.180520, 177.44957, 36.813690, 156.20806, 155.86222,
14.182090, 176.99292, 18.221836, 156.20572, 155.85885,
14.193560, 179.07938, 17.450792, 156.18618, 155.83248,
14.205030, 197.80171, 18.499107, 156.16202, 155.80263,
14.216500, 212.44425, 19.058167, 156.13271, 155.76886,
14.227970, 197.23411, 18.089485, 156.09772, 155.73073,
14.239430, 175.00740, 16.178194, 156.05654, 155.68781,
14.250890, 194.35273, 15.749545, 156.00860, 155.63962,
14.262350, 192.53978, 16.389095, 155.95335, 155.58571,
14.273810, 166.98157, 15.960567, 155.89025, 155.52562,
14.285270, 183.02367, 16.329124, 155.81875, 155.45891,
14.296730, 168.77469, 14.398843, 155.73828, 155.38510,
14.308180, 165.69632, 14.094328, 155.64838, 155.30382,
14.319630, 149.84589, 14.021889, 155.54841, 155.21456,
14.331080, 161.13996, 15.053205, 155.43779, 155.11684,
14.342530, 180.25272, 15.270616, 155.31597, 155.01021,
14.353970, 167.27951, 13.863853, 155.18248, 154.89432,
14.365410, 169.51064, 13.745203, 155.03663, 154.76860,
14.376860, 169.00347, 13.881971, 154.87770, 154.63247,
14.388300, 151.17554, 14.424189, 154.70535, 154.48571,
14.399730, 174.47150, 14.861391, 154.51904, 154.32786,
14.411170, 145.15706, 13.228518, 154.31781, 154.15819,
14.422600, 179.48379, 13.881134, 154.10141, 153.97653,
14.434030, 156.64534, 13.791145, 153.86905, 153.78224,
14.445460, 149.11113, 14.447100, 153.62008, 153.57485,
14.456890, 159.21079, 14.696511, 153.35390, 153.35390,
14.468320, 150.29532, 14.101457, 153.07013, 153.11909,
14.479740, 151.50692, 13.419998, 152.76984, 152.87108,
14.491160, 153.47122, 13.863169, 152.45389, 152.61034,
14.502580, 156.30047, 14.564332, 152.12337, 152.33754,
14.514000, 167.55136, 14.803736, 151.77932, 152.05326,
14.525420, 158.85111, 14.078792, 151.42282, 151.75816,
14.536830, 153.37409, 12.856824, 151.05527, 151.45318,
14.548240, 158.94500, 13.458104, 150.67740, 151.13868,
14.559650, 160.72291, 15.762351, 150.29023, 150.81526,
14.571060, 154.60562, 14.163223, 149.89486, 150.48360,
14.582470, 163.67638, 13.991691, 149.49230, 150.14431,
14.593870, 157.19665, 14.658299, 149.08392, 149.79831,
14.605270, 178.45169, 14.017337, 148.67043, 149.44594,
14.616670, 151.89353, 13.486038, 148.25288, 149.08786,
14.628070, 131.59202, 15.530391, 147.83222, 148.72463,
14.639470, 157.93233, 13.808969, 147.40952, 148.35689,
14.650860, 168.85697, 13.628046, 146.98619, 147.98561,
14.662260, 165.94640, 13.563049, 146.56246, 147.61074,
14.673650, 178.65309, 14.098688, 146.14014, 147.23357,
14.685040, 168.22876, 14.573981, 145.71982, 146.85435,
14.696420, 152.09088, 14.087516, 145.30297, 146.47411,
14.707810, 168.70026, 14.190384, 144.88977, 146.09270,
14.719190, 156.66819, 13.733627, 144.48209, 145.71150,
14.730570, 140.16607, 13.623823, 144.08047, 145.33072,
14.741950, 139.53997, 14.698230, 143.68600, 144.95099,
14.753330, 151.79121, 14.978379, 143.29970, 144.57294,
14.764700, 164.60890, 15.177299, 142.92294, 144.19752,
14.776080, 157.96901, 14.850296, 142.55607, 143.82466,
14.787450, 157.99288, 15.027043, 142.20081, 143.45566,
14.798820, 149.53392, 16.065924, 141.85785, 143.09079,
14.810190, 141.47094, 15.846019, 141.52822, 142.73063,
14.821550, 143.65554, 15.782350, 141.21329, 142.37617,
14.832920, 166.59066, 15.716987, 140.91357, 142.02738,
14.844280, 146.61789, 15.189603, 140.63063, 141.68548,
14.855640, 147.04488, 16.394648, 140.36529, 141.35078,
14.866990, 151.00075, 16.695616, 140.11886, 141.02421,
14.878350, 145.84671, 16.529083, 139.89196, 140.70578,
14.889710, 153.00554, 16.150902, 139.68595, 140.39641,
14.901060, 143.46532, 15.818126, 139.50210, 140.09701,
14.912410, 152.61594, 17.104818, 139.34132, 139.80792,
14.923760, 146.72130, 17.572222, 139.20474, 139.52972,
14.935100, 135.70472, 18.222031, 139.09361, 139.26334,
14.946450, 130.55582, 17.550966, 139.00888, 139.00888,
14.957790, 132.84909, 17.391581, 138.95155, 138.76731,
14.969130, 149.21346, 18.984180, 138.92118, 138.53838,
14.980470, 139.30424, 19.274145, 138.91709, 138.32188,
14.991810, 151.69127, 20.762016, 138.93864, 138.11766,
15.003140, 123.61090, 19.857567, 138.98514, 137.92570,
15.014480, 126.89290, 19.585846, 139.05603, 137.74553,
15.025810, 162.45452, 21.296408, 139.15059, 137.57727,
15.037140, 154.06801, 21.719194, 139.26826, 137.42061,
15.048460, 173.67900, 24.268465, 139.40832, 137.27551,
15.059790, 140.01512, 23.372137, 139.57042, 137.14157,
15.071110, 135.55552, 22.728161, 139.75373, 137.01885,
15.082440, 145.10977, 17.786930, 139.95800, 136.90698,
15.093750, 136.35495, 14.799562, 140.18211, 136.80611,
15.105070, 149.30361, 16.175159, 140.42609, 136.71580,
15.116390, 169.19419, 17.643757, 140.68923, 136.63600,
15.127700, 154.04824, 17.426588, 140.97073, 136.56662,
15.139020, 175.76304, 19.117878, 141.27061, 136.50738,
15.150330, 164.72347, 23.515600, 141.58779, 136.45827,
15.162390, 164.25018, 20.015219, 141.94484, 136.41682,
15.174730, 165.30048, 19.147337, 142.32970, 136.38591,
15.187070, 177.48830, 20.525229, 142.73363, 136.36647,
15.199410, 144.03132, 21.403116, 143.15610, 136.35830,
15.211740, 137.66753, 20.226448, 143.59605, 136.36124,
15.224080, 159.71092, 19.859877, 144.05372, 136.37513,
15.236410, 171.27663, 18.651779, 144.52771, 136.39976,
15.248740, 166.21174, 18.861528, 145.01784, 136.43500,
15.261060, 165.74352, 20.287148, 145.52312, 136.48062,
15.273390, 153.23563, 22.315006, 146.04385, 136.53656,
15.285710, 175.27540, 22.903557, 146.57865, 136.60255,
15.298030, 149.33691, 16.210995, 147.12733, 136.67849,
15.310350, 142.94062, 16.293190, 147.68947, 136.76422,
15.322660, 183.22356, 18.266155, 148.26401, 136.85951,
15.334980, 163.94662, 18.082582, 148.85137, 136.96437,
15.347290, 128.69592, 16.964716, 149.45013, 137.07847,
15.359600, 131.28584, 15.613634, 150.06026, 137.20177,
15.371900, 138.15296, 15.505611, 150.68074, 137.33399,
15.384210, 170.75452, 17.194220, 151.31213, 137.47522,
15.396510, 181.18870, 18.156576, 151.95294, 137.62509,
15.408810, 189.67477, 19.458151, 152.60313, 137.78357,
15.421110, 148.53227, 16.449047, 153.26233, 137.95054,
15.433410, 154.47320, 15.697401, 153.92999, 138.12584,
15.445700, 169.92326, 16.105331, 154.60518, 138.30920,
15.457990, 153.01346, 16.067699, 155.28796, 138.50064,
15.470280, 145.74528, 16.734941, 155.97793, 138.70002,
15.482570, 153.28458, 15.555933, 156.67490, 138.90722,
15.494860, 158.43150, 14.668329, 157.37875, 139.12211,
15.507140, 160.57032, 14.135374, 158.08877, 139.34439,
15.519420, 168.65287, 14.731119, 158.80534, 139.57410,
15.531700, 223.38184, 16.668301, 159.52844, 139.81113,
15.543980, 421.63116, 20.418373, 160.25784, 140.05535,
15.556260, 518.17560, 21.414730, 160.99352, 140.30667,
15.568530, 262.78886, 15.547430, 161.73470, 140.56474,
15.580800, 206.98105, 14.901568, 162.48187, 140.82965,
15.593070, 180.63272, 15.867961, 163.23495, 141.10129,
15.605340, 172.17376, 15.876421, 163.99381, 141.37955,
15.617600, 171.27031, 15.563381, 164.75777, 141.66410,
15.629860, 175.92963, 14.924152, 165.52726, 141.95502,
15.642120, 170.44358, 14.452514, 166.30230, 142.25226,
15.654380, 166.13901, 15.358352, 167.08268, 142.55565,
15.666640, 184.29230, 15.948393, 167.86844, 142.86515,
15.678890, 167.28713, 15.436560, 168.65875, 143.18035,
15.691140, 166.32292, 14.521276, 169.45420, 143.50142,
15.703390, 173.07618, 13.871210, 170.25471, 143.82826,
15.715640, 167.87071, 14.154051, 171.06021, 144.16077,
15.727890, 176.92206, 14.825745, 171.87061, 144.49886,
15.740130, 169.34751, 14.932976, 172.68523, 144.84215,
15.752370, 172.61187, 14.811325, 173.50455, 145.19078,
15.764610, 168.63176, 13.965759, 174.32863, 145.54472,
15.776850, 187.48706, 14.406404, 175.15729, 145.90383,
15.789090, 173.59244, 14.399840, 175.99060, 146.26806,
15.801320, 170.29777, 15.070976, 176.82771, 146.63697,
15.813550, 174.34730, 16.065786, 177.66928, 147.01080,
15.825780, 191.19764, 15.877786, 178.51526, 147.38944,
15.838010, 187.37024, 15.780432, 179.36560, 147.77282,
15.850230, 178.14059, 15.873232, 180.21958, 148.16054,
15.862450, 169.84825, 16.156689, 181.07776, 148.55279,
15.874670, 175.63496, 17.401291, 181.94022, 148.94954,
15.886890, 175.71534, 17.307617, 182.80687, 149.35068,
15.899110, 185.73679, 17.267853, 183.67758, 149.75609,
15.911320, 183.31500, 16.480022, 184.55172, 150.16541,
15.923540, 171.22838, 16.355343, 185.43068, 150.57923,
15.935750, 202.12954, 18.431292, 186.31293, 150.99674,
15.947960, 170.33135, 17.767044, 187.19918, 151.41824,
15.960160, 204.65095, 18.662025, 188.08871, 151.84331,
15.972370, 191.66818, 18.398329, 188.98289, 152.27254,
15.984570, 199.93542, 18.235046, 189.88024, 152.70514,
15.996770, 185.93108, 18.432911, 190.78156, 153.14145,
16.008961, 193.21371, 19.654278, 191.68607, 153.58101,
16.021160, 211.92304, 20.459667, 192.59508, 154.02439,
16.033350, 197.43334, 20.493439, 193.50724, 154.47088,
16.045549, 199.24312, 19.703665, 194.42397, 154.92108,
16.057739, 195.66790, 20.036827, 195.34381, 155.37424,
16.069920, 198.53747, 21.055168, 196.26676, 155.83027,
16.082109, 171.04730, 20.958586, 197.19425, 156.28981,
16.094290, 193.89510, 22.768034, 198.12484, 156.75208,
16.106470, 193.08807, 23.205673, 199.05924, 157.21737,
16.118650, 162.72033, 22.992493, 199.99745, 157.68560,
16.130831, 194.37743, 23.902739, 200.93949, 158.15672,
16.143009, 174.12165, 23.295168, 201.88520, 158.63058,
16.155180, 169.05521, 24.156349, 202.83414, 159.10688,
16.167351, 177.78455, 25.117058, 203.78692, 159.58587,
16.179520, 168.22189, 24.671457, 204.74341, 160.06739,
16.191681, 181.66691, 24.381176, 205.70314, 160.55116,
16.203850, 168.41688, 25.009111, 206.66736, 161.03772,
16.216009, 173.04449, 25.513462, 207.63471, 161.52632,
16.228170, 159.64485, 26.150192, 208.60613, 162.01735,
16.240330, 196.59279, 28.192064, 209.58132, 162.51060,
16.252489, 248.05745, 29.450266, 210.56048, 163.00608,
16.264641, 208.59633, 29.473904, 211.54300, 163.50342,
16.276791, 241.09732, 32.041626, 212.52937, 164.00278,
16.288950, 198.00709, 30.240498, 213.52055, 164.50459,
16.301090, 193.51008, 33.891724, 214.51414, 165.00760,
16.313240, 226.39196, 35.173180, 215.51195, 165.51293,
16.325380, 224.13017, 35.248295, 216.51177, 166.01973,
16.337530, 214.52836, 24.057831, 217.51455, 166.52874,
16.349670, 227.64901, 22.633802, 218.51808, 167.03910,
16.361799, 252.20534, 22.098969, 219.52157, 167.55067,
16.373940, 283.32790, 24.613865, 220.52630, 168.06436,
16.386070, 255.42370, 23.789333, 221.52989, 168.57922,
16.398211, 264.04701, 24.175606, 222.53329, 169.09600,
16.410339, 287.31594, 23.844028, 223.53415, 169.61376,
16.422461, 324.90345, 25.725834, 224.53217, 170.13260,
16.434589, 316.88818, 27.217804, 225.52795, 170.65311,
16.446711, 284.73963, 27.073709, 226.51963, 171.17459,
16.458839, 268.08737, 28.180248, 227.50782, 171.69764,
16.470961, 289.54804, 28.491388, 228.49065, 172.22155,
16.483070, 298.91458, 29.170437, 229.46717, 172.74609,
16.495190, 281.33033, 38.395828, 230.43845, 173.27211,
16.500280, 303.46911, 25.582006, 230.84449, 173.49338,
16.513599, 289.63013, 24.165581, 231.90091, 174.07310,
16.526911, 240.57649, 21.309498, 232.94752, 174.65363,
16.540211, 226.49834, 21.386105, 233.98316, 175.23472,
16.553520, 242.86250, 21.997274, 235.00859, 175.81721,
16.566820, 226.69078, 22.111301, 236.02149, 176.40021,
16.580120, 231.21376, 21.255934, 237.02170, 176.98406,
16.593420, 218.68868, 19.367458, 238.00832, 177.56868,
16.606710, 239.64312, 19.809917, 238.97978, 178.15360,
16.620001, 236.62593, 19.909073, 239.93592, 178.73916,
16.633301, 268.72740, 22.305557, 240.87675, 179.32570,
16.646589, 321.67344, 23.074646, 241.80018, 179.91225,
16.659870, 245.42635, 20.297260, 242.70586, 180.49889,
16.673149, 231.06722, 18.651608, 243.59356, 181.08581,
16.686440, 246.58130, 17.941107, 244.46352, 181.67352,
16.699711, 268.13442, 18.515402, 245.31306, 182.26063,
16.712990, 243.87307, 18.861980, 246.14326, 182.84822,
16.726271, 256.46203, 19.320286, 246.95305, 183.43600,
16.739540, 242.24962, 18.129463, 247.74092, 184.02328,
16.752810, 308.43084, 18.464809, 248.50687, 184.61052,
16.766081, 232.46391, 18.822052, 249.25027, 185.19773,
16.779341, 229.11735, 17.701773, 249.96965, 185.78425,
16.792601, 235.51347, 19.370384, 250.66491, 186.37052,
16.805870, 243.49861, 19.732180, 251.33574, 186.95689,
16.819120, 249.73181, 19.439663, 251.97994, 187.54203,
16.832380, 248.21441, 17.951256, 252.59810, 188.12713,
16.845631, 248.24389, 17.013216, 253.18853, 188.71130,
16.858891, 251.38679, 17.768978, 253.75123, 189.29528,
16.872141, 262.32982, 18.942270, 254.28452, 189.87819,
16.885380, 267.84719, 19.225830, 254.78753, 190.45987,
16.898630, 228.88412, 17.481615, 255.26022, 191.04125,
16.911869, 249.25062, 16.921268, 255.70084, 191.62126,
16.925110, 267.98935, 17.480062, 256.10881, 192.20043,
16.938351, 250.97654, 17.595898, 256.48296, 192.77858,
16.951580, 232.39757, 18.068403, 256.82188, 193.35517,
16.964821, 252.23047, 19.273151, 257.12502, 193.93111,
16.978050, 261.90832, 19.180368, 257.39067, 194.50534,
16.991270, 267.99914, 18.266598, 257.61777, 195.07787,
17.004499, 265.00775, 17.472738, 257.80543, 195.64947,
17.017719, 351.86413, 19.030907, 257.95213, 196.21923,
17.030951, 478.33170, 22.159285, 258.05684, 196.78799,
17.044161, 403.85998, 21.621473, 258.11804, 197.35429,
17.057381, 279.60689, 18.277832, 258.13461, 197.91936,
17.070601, 251.63790, 16.990152, 258.10514, 198.48272,
17.083811, 264.37676, 17.146011, 258.02832, 199.04389,
17.097019, 268.35285, 17.400969, 257.90276, 199.60313,
17.110229, 254.15068, 18.506720, 257.72697, 200.16053,
17.123430, 291.37676, 20.419727, 257.49969, 200.71553,
17.136641, 260.21905, 19.316872, 257.21907, 201.26886,
17.149839, 259.97773, 19.441378, 256.88405, 201.81957,
17.163040, 252.86575, 18.030308, 256.49276, 202.36813,
17.176229, 253.85354, 18.778616, 256.04405, 202.91393,
17.189430, 288.05339, 20.691172, 255.53550, 203.45783,
17.202620, 252.14255, 20.561600, 254.96632, 203.99882,
17.215811, 256.80779, 20.244820, 254.33426, 204.53736,
17.229000, 257.44988, 19.555342, 253.63776, 205.07322,
17.242180, 257.35572, 18.821627, 252.87549, 205.60603,
17.255369, 251.23372, 18.230259, 252.04452, 206.13646,
17.268551, 245.59983, 20.165876, 251.14403, 206.66375,
17.281719, 250.15027, 20.623623, 250.17264, 207.18760,
17.294901, 240.43855, 21.301702, 249.12790, 207.70898,
17.308069, 263.44082, 22.136372, 248.01734, 208.22677,
17.321251, 255.65511, 20.801991, 246.84559, 208.74193,
17.334410, 269.43014, 21.693201, 245.62275, 209.25296,
17.347580, 263.55786, 22.235268, 244.35246, 209.76111,
17.360750, 288.85042, 22.971668, 243.04254, 210.26586,
17.373911, 284.99644, 24.406706, 241.70069, 210.76676,
17.387070, 258.73374, 22.869772, 240.33287, 211.26402,
17.400230, 262.12437, 22.004786, 238.94536, 211.75770,
17.413380, 233.24653, 20.869415, 237.54625, 212.24720,
17.426540, 263.15942, 22.535923, 236.13975, 212.73330,
17.439690, 264.77902, 23.351450, 234.73495, 213.21505,
17.452841, 243.21543, 23.879368, 233.33705, 213.69287,
17.465981, 278.86655, 25.595024, 231.95411, 214.16618,
17.479130, 244.07100, 25.116449, 230.59056, 214.63565,
17.492270, 220.34086, 24.014299, 229.25503, 215.10050,
17.505409, 232.66671, 24.918705, 227.95318, 215.56097,
17.518551, 254.67250, 27.229794, 226.69153, 216.01705,
17.531679, 239.63098, 28.033796, 225.47818, 216.46811,
17.544821, 227.45715, 28.823839, 224.31741, 216.91496,
17.557949, 230.98875, 28.292393, 223.21834, 217.35661,
17.571079, 221.75307, 28.033772, 222.18642, 217.79348,
17.584200, 216.31054, 26.956245, 221.22931, 218.22508,
17.597330, 225.97564, 28.224848, 220.35253, 218.65195,
17.610451, 209.08985, 28.212463, 219.56254, 219.07336,
17.623569, 228.63355, 30.568668, 218.85714, 219.48946,
17.636690, 230.83997, 31.796495, 218.23280, 219.90026,
17.649799, 225.63060, 30.457123, 217.68683, 220.30525,
17.662910, 274.87394, 32.360935, 217.21536, 220.70474,
17.676029, 230.76813, 33.916306, 216.81513, 221.09878,
17.689131, 219.57200, 35.269650, 216.48370, 221.48654,
17.702240, 196.12467, 34.477608, 216.21730, 221.86863,
17.715349, 233.20652, 37.023392, 216.01312, 222.24471,
17.728451, 226.08990, 37.124008, 215.86824, 222.61447,
17.741550, 245.47380, 32.779793, 215.77960, 222.97795,
17.754641, 252.29348, 23.964378, 215.74427, 223.33484,
17.767740, 273.43973, 24.722666, 215.75932, 223.68552,
17.780830, 238.97159, 25.198315, 215.82190, 224.02938,
17.793921, 248.16500, 24.685638, 215.92920, 224.36655,
17.807011, 264.99852, 25.289185, 216.07845, 224.69691,
17.820101, 257.28969, 25.429216, 216.26690, 225.02033,
17.833179, 262.97652, 25.617538, 216.49160, 225.33642,
17.846270, 206.05144, 24.184849, 216.75026, 225.64559,
17.859341, 224.33719, 25.891502, 217.03957, 225.94701,
17.872419, 258.94030, 29.157059, 217.35744, 226.24117,
17.885500, 232.83673, 31.418886, 217.70111, 226.52780,
17.898569, 236.96352, 32.245518, 218.06759, 226.80648,
17.911640, 191.41324, 31.850737, 218.45464, 227.07737,
17.924709, 235.96440, 32.324303, 218.85955, 227.34025,
17.937780, 254.00016, 55.783203, 219.27987, 227.59507,
17.941250, 238.05471, 25.464897, 219.39369, 227.66132,
17.955721, 209.73862, 24.506012, 219.87708, 227.93135,
17.970181, 209.73415, 24.201344, 220.37145, 228.19081,
17.984650, 243.63428, 25.258663, 220.87406, 228.43990,
17.999109, 253.44296, 26.240509, 221.38080, 228.67809,
18.013571, 235.82237, 25.444836, 221.88862, 228.90536,
18.028021, 235.92547, 24.776072, 222.39363, 229.12132,
18.042480, 214.72150, 22.594461, 222.89311, 229.32606,
18.056931, 236.86341, 22.848654, 223.38297, 229.51910,
18.071381, 207.35011, 22.162777, 223.86058, 229.70037,
18.085819, 222.05433, 23.863844, 224.32461, 229.86951,
18.100269, 223.73869, 24.987774, 224.77531, 230.02658,
18.114710, 236.35535, 24.866455, 225.21152, 230.17110,
18.129150, 212.18608, 21.856152, 225.63302, 230.30297,
18.143579, 218.95705, 20.451874, 226.03898, 230.42185,
18.158020, 235.97939, 20.261951, 226.42952, 230.52770,
18.172449, 228.55731, 21.631401, 226.80346, 230.62011,
18.186880, 240.03267, 22.810024, 227.16061, 230.69893,
18.201300, 234.87768, 23.078691, 227.50009, 230.76385,
18.215719, 229.13421, 22.390936, 227.82161, 230.81470,
18.230150, 241.94087, 22.094154, 228.12480, 230.85124,
18.244560, 220.53696, 21.182877, 228.40839, 230.87313,
18.258980, 236.61624, 22.109064, 228.67237, 230.88018,
18.273390, 236.12407, 22.687166, 228.91577, 230.87212,
18.287800, 236.62877, 23.373339, 229.13809, 230.84867,
18.302210, 223.80639, 22.399103, 229.33868, 230.80957,
18.316620, 253.09494, 21.627375, 229.51685, 230.75452,
18.331020, 242.41372, 20.413828, 229.67179, 230.68331,
18.345421, 233.11791, 21.034538, 229.80291, 230.59559,
18.359819, 229.34035, 21.467674, 229.90946, 230.49111,
18.374210, 224.35203, 23.022215, 229.99066, 230.36960,
18.388611, 228.34778, 23.148129, 230.04583, 230.23063,
18.403000, 220.80043, 20.926615, 230.07409, 230.07409,
18.417379, 243.10607, 19.839886, 230.07519, 229.90006,
18.431770, 233.76414, 18.959850, 230.05079, 229.70983,
18.446150, 256.21841, 19.612879, 230.00306, 229.50564,
18.460529, 233.68738, 20.606007, 229.93411, 229.28928,
18.474911, 231.23327, 22.070086, 229.84603, 229.06261,
18.489281, 258.77643, 23.085331, 229.74102, 228.82779,
18.503660, 228.42184, 21.618866, 229.62098, 228.58637,
18.518030, 235.03379, 21.101046, 229.48815, 228.34060,
18.532391, 223.15442, 20.447294, 229.34460, 228.09237,
18.546761, 257.48952, 21.879202, 229.19217, 227.84328,
18.561119, 228.96969, 22.018246, 229.03313, 227.59559,
18.575480, 242.68720, 23.143776, 228.86935, 227.35095,
18.589840, 224.39730, 22.395668, 228.70288, 227.11133,
18.604191, 263.19177, 22.435764, 228.53585, 226.87875,
18.618549, 259.92931, 21.156982, 228.37007, 226.65487,
18.632900, 227.64384, 20.542038, 228.20775, 226.44181,
18.647240, 245.84106, 22.984350, 228.05094, 226.24152,
18.661591, 244.90452, 23.812185, 227.90139, 226.05559,
18.675930, 291.33997, 25.007944, 227.76139, 225.88623,
18.690269, 456.86368, 27.573982, 227.63284, 225.73521,
18.704611, 822.98761, 32.380035, 227.51776, 225.60442,
18.718941, 693.96462, 28.726688, 227.41830, 225.49589,
18.733271, 343.47430, 22.693897, 227.33641, 225.41144,
18.747601, 229.01082, 21.995136, 227.27416, 225.35301,
18.761930, 271.86586, 24.957985, 227.23365, 225.32253,
18.776260, 269.49217, 26.282284, 227.21698, 225.32197,
18.790581, 255.11610, 25.542900, 227.22624, 225.35325,
18.804899, 269.04119, 24.952053, 227.26355, 225.41831,
18.819220, 254.26616, 24.544046, 227.33109, 225.51915,
18.833530, 279.40068, 25.333530, 227.43093, 225.65763,
18.847839, 259.96373, 24.689756, 227.56531, 225.83579,
18.862150, 269.14427, 27.471325, 227.73648, 226.05566,
18.876459, 260.79350, 27.671478, 227.94666, 226.31921,
18.890770, 250.50346, 26.079861, 228.19817, 226.62853,
18.905069, 267.92910, 25.673512, 228.49307, 226.98532,
18.919371, 267.50969, 25.856522, 228.83391, 227.39193,
18.933670, 282.96947, 26.701815, 229.22300, 227.85029,
18.947960, 276.14424, 27.860525, 229.66247, 228.36219,
18.962250, 261.36597, 29.062431, 230.15501, 228.93000,
18.976540, 273.57267, 29.577623, 230.70312, 229.55582,
18.990829, 300.92454, 31.836020, 231.30932, 230.24177,
19.005119, 285.55678, 31.068783, 231.97619, 230.98999,
19.019400, 291.52149, 26.680969, 232.70584, 231.80207,
19.033680, 266.20512, 26.058731, 233.50135, 232.68066,
19.047960, 291.59110, 29.458862, 234.36543, 233.62794,
19.062229, 225.32134, 30.887712, 235.30007, 234.64529,
19.076500, 251.51852, 37.343872, 236.30888, 235.73579,
19.090771, 275.62630, 34.278465, 237.39462, 236.90156,
19.105040, 269.83360, 35.425270, 238.56003, 238.14470,
19.119310, 274.52371, 35.100220, 239.80843, 239.46783,
19.133570, 271.03743, 32.455582, 241.14160, 240.87192,
19.147829, 240.72970, 33.088158, 242.56361, 242.36034,
19.162090, 258.29344, 36.014606, 244.07785, 243.93565,
19.176340, 253.45047, 36.232872, 245.68604, 245.59866,
19.190599, 228.20801, 36.740265, 247.39384, 247.35420,
19.204849, 279.41454, 37.784721, 249.20235, 249.20235,
19.219101, 244.53891, 35.697536, 251.11470, 251.14560,
19.233339, 240.39980, 35.681137, 253.12383, 253.17752,
19.247580, 298.92174, 40.722355, 255.22526, 255.29459,
19.261820, 325.22430, 40.076527, 257.41229, 257.49102,
19.276060, 255.46642, 39.973122, 259.67854, 259.76127,
19.290300, 264.03066, 43.743706, 262.01770, 262.09985,
19.304529, 256.15307, 39.235210, 264.42154, 264.49932,
19.318760, 267.08657, 40.385963, 266.88606, 266.95641,
19.332991, 258.83897, 41.400772, 269.40479, 269.46536,
19.347219, 310.38464, 43.444210, 271.97126, 272.02040,
19.361441, 313.89261, 44.234581, 274.57832, 274.61507,
19.375660, 281.33725, 49.843605, 277.22096, 277.24496,
19.389879, 260.80702, 49.656208, 279.89351, 279.90506,
19.404100, 308.76597, 52.701401, 282.59035, 282.59035,
19.418310, 274.84821, 54.083725, 285.30297, 285.29293,
19.432520, 287.19330, 57.085011, 288.02760, 288.00961,
