# wave, flux, fluxerr, continuum, continuum_plateau
9.9725246, 245.41044, 26.755356, 202.85104, 202.84848,
9.9806166, 235.93131, 28.518597, 201.95380, 201.95319,
9.9887066, 152.07252, 22.464483, 201.08424, 201.08424,
9.9967957, 180.73090, 21.994320, 200.24258, 200.24200,
10.004880, 191.27605, 23.742676, 199.42952, 199.42731,
10.012970, 209.48287, 22.841515, 198.64437, 198.63959,
10.021050, 205.49418, 19.752907, 197.88895, 197.88079,
10.029140, 207.72132, 20.450108, 197.16185, 197.14960,
10.037220, 233.52132, 22.522697, 196.46522, 196.44830,
10.045300, 222.15570, 19.584970, 195.79850, 195.77643,
10.053380, 209.21666, 18.293905, 195.16199, 195.13439,
10.061460, 206.02345, 20.159073, 194.55623, 194.52282,
10.069540, 216.99905, 19.768799, 193.98148, 193.94208,
10.077610, 214.30498, 17.383846, 193.43892, 193.39343,
10.085690, 194.23813, 18.034252, 192.92760, 192.87600,
10.093760, 238.67139, 20.066628, 192.44916, 192.39152,
10.101830, 201.10318, 17.743999, 192.00339, 191.93985,
10.109900, 213.46372, 17.075153, 191.59070, 191.52146,
10.117970, 203.06718, 18.441011, 191.21162, 191.13696,
10.126040, 196.15169, 18.288858, 190.86656, 190.78680,
10.134100, 205.96783, 16.876438, 190.55636, 190.47190,
10.142170, 257.67339, 18.657005, 190.28068, 190.19194,
10.150230, 196.22146, 19.071896, 190.04069, 189.94815,
10.158300, 241.85237, 18.870642, 189.83631, 189.74048,
10.166360, 213.92925, 17.304749, 189.66852, 189.56997,
10.174420, 198.17493, 18.589975, 189.53754, 189.43683,
10.182470, 225.02524, 19.334938, 189.44399, 189.34171,
10.190530, 220.40888, 19.236418, 189.38815, 189.28492,
10.198590, 199.91908, 17.673540, 189.37068, 189.26713,
10.206640, 169.75341, 19.192648, 189.39207, 189.28883,
10.214690, 155.81025, 18.350504, 189.45283, 189.35052,
10.222750, 183.57839, 17.267134, 189.55364, 189.45290,
10.230800, 212.08937, 19.205853, 189.69484, 189.59627,
10.238850, 237.33648, 20.660778, 189.87709, 189.78129,
10.246890, 230.36776, 18.987045, 190.10069, 190.00822,
10.254940, 218.83540, 18.522179, 190.36675, 190.27816,
10.262990, 237.43875, 20.670710, 190.67565, 190.59143,
10.271030, 192.83211, 20.548328, 191.02754, 190.94816,
10.279070, 229.49205, 19.982203, 191.42334, 191.34921,
10.287120, 206.45701, 20.995655, 191.86433, 191.79582,
10.295150, 226.26246, 23.045670, 192.34939, 192.28678,
10.303190, 236.36113, 22.746386, 192.88095, 192.82446,
10.311230, 212.54010, 20.724874, 193.45898, 193.40877,
10.319270, 243.91009, 23.482330, 194.08430, 194.04044,
10.327300, 213.82479, 24.813015, 194.75662, 194.71909,
10.335340, 199.90749, 22.156418, 195.47830, 195.44699,
10.343370, 200.91687, 21.274523, 196.24843, 196.22311,
10.351400, 199.17247, 26.194286, 197.06838, 197.04872,
10.359430, 184.28522, 26.780703, 197.93895, 197.92452,
10.367460, 202.20657, 25.563253, 198.86090, 198.85112,
10.375480, 225.91194, 30.224949, 199.83366, 199.82782,
10.383510, 228.60763, 35.521503, 200.86055, 200.85782,
10.391530, 161.08258, 35.205124, 201.93979, 201.93917,
10.399560, 239.23935, 28.002718, 203.07474, 203.07508,
10.407580, 194.44092, 23.044588, 204.26349, 204.26349,
10.415600, 189.60745, 23.457272, 205.50764, 205.50588,
10.423620, 236.94716, 23.716812, 206.80635, 206.80149,
10.431640, 232.44514, 23.286018, 208.15777, 208.14865,
10.439650, 240.61136, 22.730362, 209.55887, 209.54444,
10.447670, 245.04281, 24.543243, 211.01165, 210.99102,
10.455680, 245.22758, 21.736710, 212.51084, 212.48324,
10.463700, 191.66146, 19.765863, 214.05890, 214.02365,
10.471710, 305.87794, 24.088020, 215.65031, 215.60689,
10.479720, 228.56509, 22.436184, 217.28562, 217.23358,
10.487730, 264.66090, 22.545004, 218.96341, 218.90241,
10.495730, 273.65836, 23.884598, 220.68018, 220.60996,
10.503740, 361.16339, 29.622055, 222.43860, 222.35900,
10.511750, 441.03943, 33.464062, 224.23524, 224.14617,
10.519750, 296.17898, 27.176832, 226.06630, 225.96775,
10.527750, 201.27357, 30.796122, 227.93293, 227.82495,
10.535750, 274.93710, 35.151360, 229.83354, 229.71626,
10.543750, 297.22802, 35.722275, 231.76654, 231.64013,
10.551750, 202.56161, 38.010288, 233.73102, 233.59571,
10.559750, 178.97158, 41.835590, 235.72517, 235.58123,
10.567850, 229.84763, 22.542479, 237.77361, 237.62127,
10.576350, 231.24906, 22.087048, 239.95307, 239.79230,
10.584840, 296.76975, 23.055290, 242.15889, 241.99016,
10.593340, 277.51981, 20.378963, 244.39495, 244.21873,
10.601830, 266.16761, 19.800680, 246.65414, 246.47098,
10.610330, 261.27967, 20.931704, 248.94048, 248.75091,
10.618820, 273.01412, 20.157011, 251.24702, 251.05163,
10.627310, 294.22587, 19.189981, 253.57448, 253.37388,
10.635800, 277.58477, 19.351246, 255.92184, 255.71665,
10.644280, 273.98995, 20.384605, 258.28437, 258.07521,
10.652770, 270.41486, 18.674940, 260.66608, 260.45361,
10.661250, 252.49459, 17.281219, 263.06011, 262.84498,
10.669740, 228.25956, 17.757254, 265.47030, 265.25318,
10.678220, 256.91311, 19.046844, 267.88971, 267.67126,
10.686700, 254.50059, 17.299154, 270.31952, 270.10042,
10.695180, 271.81497, 17.558910, 272.75821, 272.53913,
10.703650, 269.21833, 18.786274, 275.20152, 274.98313,
10.712130, 273.14600, 19.001093, 277.65314, 277.43612,
10.720600, 269.17206, 17.460375, 280.10662, 279.89162,
10.729080, 262.77776, 17.725121, 282.56568, 282.35339,
10.737550, 269.62005, 19.018610, 285.02301, 284.81409,
10.746020, 315.51570, 19.286549, 287.48043, 287.27554,
10.754490, 316.86646, 18.547375, 289.93588, 289.73567,
10.762960, 298.74426, 18.666260, 292.38840, 292.19353,
10.771420, 290.68142, 19.948601, 294.83291, 294.64402,
10.779890, 308.16343, 19.518305, 297.27450, 297.09227,
10.788350, 264.47701, 18.690855, 299.70537, 299.53042,
10.796810, 239.50532, 19.082653, 302.12702, 301.96001,
10.805270, 293.58209, 21.455296, 304.53794, 304.37953,
10.813730, 306.27397, 20.825666, 306.93663, 306.78748,
10.822190, 295.88347, 20.438435, 309.32157, 309.18235,
10.830650, 269.79280, 21.455946, 311.69124, 311.56262,
10.839100, 269.99984, 22.615431, 314.04121, 313.92387,
10.847560, 285.49014, 21.347000, 316.37580, 316.27045,
10.856010, 261.59792, 21.388735, 318.68794, 318.59529,
10.864460, 324.12840, 25.785265, 320.97849, 320.89927,
10.872910, 352.28581, 26.775015, 323.24618, 323.18116,
10.881360, 284.90915, 23.941904, 325.48970, 325.43968,
10.889800, 330.20683, 26.410450, 327.70453, 327.67030,
10.898250, 310.33032, 28.181147, 329.89436, 329.87681,
10.906690, 352.32497, 29.301359, 332.05270, 332.05270,
10.915140, 349.37147, 27.895153, 334.18345, 334.20195,
10.923580, 318.02991, 30.011742, 336.28159, 336.31939,
10.932020, 356.24017, 33.546673, 338.35039, 338.40820,
10.940460, 352.14943, 32.696709, 340.39045, 340.46889,
10.948890, 395.77431, 33.610138, 342.39990, 342.49943,
10.957330, 355.28091, 35.918755, 344.38431, 344.50538,
10.965760, 405.86341, 28.174644, 346.33958, 346.48246,
10.974200, 422.06621, 27.025715, 348.27068, 348.43563,
10.982630, 477.55686, 25.971622, 350.17361, 350.36074,
10.991060, 476.90860, 28.039116, 352.05157, 352.26092,
10.999490, 528.84752, 32.236431, 353.90468, 354.13623,
11.007920, 538.77193, 31.707102, 355.73391, 355.98757,
11.016340, 446.11165, 31.381956, 357.53735, 357.81294,
11.024770, 466.04052, 32.509209, 359.31984, 359.61714,
11.033190, 458.09429, 41.037773, 361.07787, 361.39658,
11.041610, 552.65246, 41.045776, 362.81400, 363.15376,
11.050030, 444.66167, 31.508675, 364.52873, 364.88915,
11.058450, 523.09348, 37.393654, 366.22258, 366.60321,
11.066870, 417.40625, 34.727604, 367.89606, 368.29640,
11.075290, 413.21224, 34.878082, 369.54967, 369.96918,
11.083700, 531.28077, 52.320164, 371.18206, 371.62013,
11.092120, 432.83455, 39.419422, 372.79742, 373.25345,
11.100530, 557.58528, 73.299599, 374.39240, 374.86572,
11.108940, 414.46642, 63.581448, 375.96968, 376.45961,
11.117350, 431.33036, 78.037094, 377.52938, 378.03519,
11.120570, 500.75335, 27.193794, 378.12218, 378.63388,
11.129530, 534.31993, 27.053638, 379.75853, 380.28604,
11.138500, 582.73297, 26.278095, 381.37831, 381.92077,
11.147460, 606.48163, 27.145658, 382.97828, 383.53477,
11.156430, 755.19939, 29.853184, 384.56274, 385.13235,
11.165390, 799.81749, 28.178080, 386.12852, 386.71030,
11.174350, 924.32038, 28.691994, 387.67804, 388.27103,
11.183300, 1106.9067, 32.551605, 389.21019, 389.81342,
11.192260, 1258.2966, 33.616154, 390.72878, 391.34129,
11.201220, 1346.6646, 32.768696, 392.23269, 392.85350,
11.210170, 1309.2688, 31.837381, 393.72086, 394.34899,
11.219120, 1367.1359, 34.251968, 395.19542, 395.82988,
11.228070, 1351.9452, 33.941959, 396.65688, 397.29670,
11.237020, 1347.0151, 31.540255, 398.10559, 398.74979,
11.245970, 1392.4317, 32.312683, 399.54238, 400.18998,
11.254920, 1330.0790, 32.549164, 400.96757, 401.61762,
11.263860, 1364.7740, 32.240589, 402.38002, 403.03156,
11.272800, 1280.1630, 29.799412, 403.78205, 404.43415,
11.281750, 1273.5162, 30.416004, 405.17533, 405.82706,
11.290690, 1189.1312, 30.430235, 406.55767, 407.20813,
11.299630, 1172.2470, 29.768517, 407.93074, 408.57904,
11.308560, 1151.0159, 28.356037, 409.29374, 409.93901,
11.317500, 1111.2497, 28.396778, 410.65004, 411.29143,
11.326430, 1084.5826, 29.620571, 411.99723, 412.63391,
11.335370, 982.39128, 27.845570, 413.33866, 413.96982,
11.344300, 959.23592, 26.697462, 414.67194, 415.29680,
11.353230, 931.89257, 26.380003, 415.99896, 416.61678,
11.362160, 950.93976, 28.460934, 417.32007, 417.93011,
11.371080, 858.18033, 26.537163, 418.63459, 419.23616,
11.380010, 828.14010, 25.232365, 419.94552, 420.53795,
11.388930, 792.29589, 25.299671, 421.25081, 421.83345,
11.397850, 798.87092, 26.984585, 422.55203, 423.12428,
11.406780, 731.26852, 25.535929, 423.85131, 424.41256,
11.415700, 745.50998, 24.962109, 425.14605, 425.69577,
11.424610, 697.71490, 25.159597, 426.43685, 426.97454,
11.433530, 694.47641, 27.159479, 427.72694, 428.25209,
11.442450, 688.65920, 26.682781, 429.01538, 429.52754,
11.451360, 671.47411, 25.111712, 430.30125, 430.80001,
11.460270, 661.49225, 26.363401, 431.58638, 432.07135,
11.469180, 653.59612, 27.305431, 432.87123, 433.34205,
11.478090, 649.21556, 28.200113, 434.15625, 434.61260,
11.487000, 616.30976, 26.238464, 435.44188, 435.88346,
11.495910, 610.99132, 27.447237, 436.72845, 437.15500,
11.504810, 592.38984, 28.555344, 438.01529, 438.42661,
11.513710, 599.69988, 29.612545, 439.30397, 439.69986,
11.522620, 582.42655, 28.683937, 440.59660, 440.97687,
11.531520, 601.37644, 30.028896, 441.89058, 442.25512,
11.540420, 536.75801, 30.649927, 443.18788, 443.53659,
11.549310, 598.98232, 32.915825, 444.48758, 444.82040,
11.558210, 552.47105, 30.722767, 445.79304, 446.10991,
11.567100, 548.20456, 31.077915, 447.10151, 447.40243,
11.576000, 566.02075, 34.236912, 448.41682, 448.70178,
11.584890, 542.67880, 35.262104, 449.73618, 450.00524,
11.593780, 546.23040, 34.417068, 451.06145, 451.31467,
11.602670, 527.54303, 34.158257, 452.39339, 452.63086,
11.611560, 510.01820, 36.506470, 453.73230, 453.95414,
11.620440, 523.12369, 37.566460, 455.07708, 455.28342,
11.629330, 564.75927, 38.214912, 456.43135, 456.62234,
11.638210, 472.81177, 36.552006, 457.79255, 457.96837,
11.647090, 440.01230, 38.778122, 459.16243, 459.32327,
11.655970, 459.30351, 40.184387, 460.54162, 460.68770,
11.664850, 480.54300, 31.694059, 461.93074, 462.06227,
11.673730, 497.26400, 22.965553, 463.32998, 463.44719,
11.682600, 519.29985, 25.503208, 464.73845, 464.84159,
11.691480, 495.79980, 26.573948, 466.15965, 466.24897,
11.700350, 455.86501, 26.206654, 467.59102, 467.66679,
11.709220, 505.95649, 27.928440, 469.03457, 469.09705,
11.718090, 565.36581, 38.120461, 470.49080, 470.54025,
11.726960, 494.12219, 30.138813, 471.96019, 471.99689,
11.735830, 481.76223, 30.471184, 473.44326, 473.46746,
11.744690, 447.20865, 32.758892, 474.93872, 474.95070,
11.753560, 464.16858, 31.102940, 476.45063, 476.45063,
11.762420, 453.50581, 33.348927, 477.97563, 477.96390,
11.771280, 535.60787, 55.037209, 479.51472, 479.49153,
11.775020, 492.53695, 22.496862, 480.16813, 480.14019,
11.784500, 502.33713, 23.939865, 481.83424, 481.79449,
11.793980, 496.03656, 23.597828, 483.51264, 483.46140,
11.803460, 548.97203, 28.345306, 485.20215, 485.13979,
11.812940, 481.76944, 21.215191, 486.90095, 486.82784,
11.822420, 489.53217, 22.123478, 488.60788, 488.52441,
11.831890, 498.01060, 22.052208, 490.31940, 490.22596,
11.841360, 516.41348, 21.474728, 492.03590, 491.93289,
11.850840, 507.31210, 20.905819, 493.75765, 493.64546,
11.860310, 538.98925, 22.034277, 495.47970, 495.35875,
11.869770, 500.31288, 21.320013, 497.20056, 497.07128,
11.879240, 542.75043, 21.115694, 498.92224, 498.78504,
11.888710, 509.42869, 20.106323, 500.64153, 500.49682,
11.898170, 557.47764, 21.156210, 502.35521, 502.20345,
11.907630, 521.45354, 21.243690, 504.06338, 503.90500,
11.917090, 549.56176, 21.949242, 505.76491, 505.60035,
11.926550, 561.07664, 20.277987, 507.45798, 507.28770,
11.936010, 554.27435, 20.438690, 509.14144, 508.96591,
11.945470, 548.94326, 21.165356, 510.81347, 510.63317,
11.954920, 572.57981, 20.947100, 512.47110, 512.28653,
11.964370, 550.41467, 20.190434, 514.11452, 513.92619,
11.973830, 563.09493, 20.491135, 515.74405, 515.55249,
11.983280, 551.93646, 20.959202, 517.35456, 517.16035,
11.992720, 585.17813, 21.315720, 518.94462, 518.74834,
12.002170, 571.43119, 20.603540, 520.51626, 520.31853,
12.011610, 568.35307, 20.542873, 522.06463, 521.86610,
12.021060, 540.90036, 20.940371, 523.59133, 523.39271,
12.030500, 579.90182, 21.573996, 525.09177, 524.89379,
12.039940, 555.56240, 20.902344, 526.56581, 526.36927,
12.049380, 529.39227, 20.023876, 528.01220, 527.81795,
12.058820, 552.20760, 21.701977, 529.42912, 529.23806,
12.068250, 533.94806, 21.707403, 530.81375, 530.62686,
12.077690, 536.19865, 21.190126, 532.16747, 531.98581,
12.087120, 560.13903, 21.202412, 533.48569, 533.31039,
12.096550, 545.93753, 22.242056, 534.76835, 534.60063,
12.105980, 513.28942, 22.588829, 536.01385, 535.85502,
12.115410, 526.91459, 22.321890, 537.22058, 537.07206,
12.124830, 533.78747, 22.225697, 538.38576, 538.24907,
12.134260, 569.20504, 23.607098, 539.51011, 539.38691,
12.143680, 505.46566, 23.356121, 540.58961, 540.48165,
12.153100, 575.99894, 25.140535, 541.62397, 541.53318,
12.162520, 518.52643, 26.838036, 542.61142, 542.53984,
12.171940, 553.00916, 24.337769, 543.55016, 543.50001,
12.181360, 527.52094, 25.146919, 544.43868, 544.41235,
12.190770, 572.19756, 27.036816, 545.27427, 545.27427,
12.200180, 521.64039, 24.886637, 546.05669, 546.08569,
12.209600, 552.00333, 25.985630, 546.78737, 546.84788,
12.219010, 549.22093, 27.311634, 547.46580, 547.55997,
12.228420, 528.15682, 28.176327, 548.09390, 548.22370,
12.237820, 523.73925, 28.073803, 548.67213, 548.83924,
12.247230, 556.81392, 28.245176, 549.20284, 549.40879,
12.256630, 575.76171, 29.729034, 549.68594, 549.93194,
12.266040, 689.90117, 33.612202, 550.12343, 550.41059,
12.275440, 972.19779, 38.182709, 550.51544, 550.84458,
12.284840, 825.48193, 36.368935, 550.86339, 551.23517,
12.294230, 633.85153, 34.079277, 551.16806, 551.58292,
12.303630, 575.42240, 45.567005, 551.43096, 551.88925,
12.313030, 607.41856, 38.141644, 551.65277, 552.15465,
12.322420, 541.19809, 40.386612, 551.83423, 552.37964,
12.331810, 583.87336, 28.722239, 551.97652, 552.56530,
12.341200, 566.67448, 23.664078, 552.08056, 552.71242,
12.350590, 577.49476, 24.347284, 552.14724, 552.82177,
12.359980, 628.63005, 26.352919, 552.17747, 552.89410,
12.369360, 596.60549, 26.265781, 552.17213, 552.93016,
12.378750, 594.56773, 27.100227, 552.13207, 552.93077,
12.388130, 599.38924, 29.057777, 552.05824, 552.89669,
12.397510, 599.92297, 29.623341, 551.95146, 552.82868,
12.406890, 579.56343, 28.491793, 551.81253, 552.72747,
12.416270, 579.18036, 29.885778, 551.64229, 552.59380,
12.425640, 615.92489, 30.276608, 551.44179, 552.42860,
12.435020, 624.11492, 32.738247, 551.21137, 552.23224,
12.444390, 629.33407, 33.224434, 550.95233, 552.00588,
12.453760, 609.61800, 31.149475, 550.66523, 551.75002,
12.463130, 585.09912, 31.482828, 550.35081, 551.46539,
12.472500, 586.66085, 35.915768, 550.00984, 551.15270,
12.481870, 639.81618, 44.330070, 549.64308, 550.81266,
12.489420, 655.45775, 25.079197, 549.32928, 550.51923,
12.499490, 638.16418, 25.329447, 548.88611, 550.10158,
12.509550, 654.35724, 24.700279, 548.41605, 549.65511,
12.519610, 679.34670, 23.812160, 547.91959, 549.18030,
12.529670, 673.42378, 30.312683, 547.39765, 548.67806,
12.539730, 726.89806, 25.560703, 546.85101, 548.14914,
12.549780, 800.95189, 27.146824, 546.28119, 547.59502,
12.559840, 720.29131, 25.971382, 545.68785, 547.01541,
12.569890, 709.51953, 23.201061, 545.07308, 546.41234,
12.579940, 719.34820, 24.214336, 544.43709, 545.78607,
12.589990, 731.51723, 24.512541, 543.78073, 545.13743,
12.600040, 767.86696, 24.116947, 543.10474, 544.46718,
12.610090, 765.12114, 23.444103, 542.41006, 543.77628,
12.620130, 766.45729, 26.040472, 541.69819, 543.06624,
12.630170, 798.88007, 24.695580, 540.96915, 542.33710,
12.640210, 782.12727, 24.301445, 540.22378, 541.58975,
12.650250, 762.71567, 23.042339, 539.46287, 540.82500,
12.660290, 752.04595, 22.711746, 538.68728, 540.04373,
12.670330, 765.32670, 23.229897, 537.89762, 539.24662,
12.680360, 823.92890, 24.668695, 537.09560, 538.43539,
12.690390, 854.85038, 24.090643, 536.28114, 537.61002,
12.700420, 843.56952, 23.627014, 535.45493, 536.77124,
12.710450, 857.99787, 23.891582, 534.61787, 535.92000,
12.720480, 852.09450, 25.035221, 533.77064, 535.05703,
12.730500, 873.86900, 29.570045, 532.91480, 534.18394,
12.740530, 864.57685, 24.025803, 532.04946, 533.29989,
12.750550, 843.01693, 23.449800, 531.17700, 532.40734,
12.760570, 856.27912, 24.233070, 530.29741, 531.50632,
12.770590, 857.41161, 24.531025, 529.41127, 530.59746,
12.780610, 833.43205, 23.859203, 528.51938, 529.68163,
12.790620, 836.75592, 24.414398, 527.62341, 528.76058,
12.800640, 976.94860, 25.695568, 526.72220, 527.83317,
12.810650, 1206.3719, 28.709137, 525.81836, 526.90212,
12.820660, 994.12240, 26.596664, 524.91167, 525.96725,
12.830670, 765.92394, 23.227753, 524.00275, 525.02924,
12.840680, 735.45259, 23.065334, 523.09250, 524.08906,
12.850680, 685.13116, 23.071308, 522.18242, 523.14830,
12.860690, 698.35891, 23.731857, 521.27148, 522.20594,
12.870690, 662.44474, 23.211365, 520.36213, 521.26456,
12.880690, 619.99980, 22.145477, 519.45432, 520.32412,
12.890690, 597.11220, 22.117266, 518.54857, 519.38523,
12.900680, 594.81098, 23.083443, 517.64663, 518.44973,
12.910680, 603.84988, 23.641817, 516.74733, 517.51644,
12.920670, 581.51988, 22.587971, 515.85327, 516.58809,
12.930670, 591.39340, 23.086264, 514.96329, 515.66351,
12.940660, 561.67023, 23.431170, 514.07989, 514.74533,
12.950640, 548.21752, 24.316315, 513.20395, 513.83449,
12.960630, 548.82688, 23.616894, 512.33417, 512.92968,
12.970620, 557.71019, 23.820175, 511.47237, 512.03281,
12.980600, 553.81402, 24.636072, 510.62001, 511.14542,
12.990580, 566.24493, 26.344824, 509.77708, 510.26751,
13.000560, 528.58318, 25.506699, 508.94413, 509.39970,
13.010540, 539.26397, 25.622482, 508.12200, 508.54285,
13.020520, 521.94118, 25.358683, 507.31142, 507.69776,
13.030490, 532.56186, 26.780804, 506.51397, 506.86607,
13.040470, 546.15586, 27.930523, 505.72871, 506.04682,
13.050440, 544.78012, 28.317921, 504.95806, 505.24252,
13.060410, 505.93275, 27.522726, 504.20194, 504.45309,
13.070380, 516.65787, 28.516699, 503.46104, 503.67925,
13.080350, 487.77627, 29.327604, 502.73626, 502.92194,
13.090310, 519.58917, 31.467091, 502.02899, 502.18258,
13.100280, 555.87251, 32.294662, 501.33863, 501.46056,
13.110240, 503.71424, 30.945919, 500.66731, 500.75805,
13.120200, 500.80472, 32.922279, 500.01514, 500.07515,
13.130160, 517.66532, 34.250694, 499.38291, 499.41267,
13.140110, 495.98027, 27.423531, 498.77207, 498.77207,
13.150070, 498.90969, 21.791451, 498.18194, 498.15264,
13.160020, 480.50034, 21.506826, 497.61360, 497.55557,
13.169980, 513.23167, 24.694130, 497.06550, 496.97934,
13.179930, 557.13323, 24.786469, 496.53845, 496.42489,
13.189870, 493.52148, 24.576860, 496.03201, 495.89183,
13.199820, 514.01944, 25.243641, 495.54486, 495.37887,
13.209770, 527.36000, 24.889252, 495.07714, 494.88623,
13.219710, 510.89273, 25.059275, 494.62904, 494.41418,
13.229650, 528.83601, 26.751678, 494.19980, 493.96197,
13.239590, 554.13269, 28.149359, 493.78903, 493.52927,
13.249530, 508.68730, 26.720711, 493.39647, 493.11586,
13.259470, 521.96126, 26.337965, 493.02185, 492.72150,
13.269410, 507.33682, 28.368120, 492.66488, 492.34595,
13.279340, 500.57863, 32.514973, 492.32563, 491.98931,
13.289270, 509.01589, 32.723148, 492.00342, 491.65092,
13.299200, 486.05581, 33.216297, 491.69805, 491.33061,
13.309130, 489.28466, 35.069668, 491.40924, 491.02809,
13.318260, 528.52974, 24.458015, 491.15806, 490.76543,
13.328980, 590.62226, 24.743944, 490.88049, 490.47576,
13.339690, 535.75685, 24.148573, 490.62161, 490.20628,
13.350400, 550.76409, 25.286469, 490.38085, 489.95641,
13.361120, 537.61207, 24.486914, 490.15771, 489.72567,
13.371830, 553.20574, 23.200985, 489.95235, 489.51422,
13.382530, 550.56421, 22.658401, 489.76444, 489.32171,
13.393240, 533.97008, 23.176737, 489.59338, 489.14753,
13.403940, 545.70035, 23.274981, 489.43923, 488.99173,
13.414650, 518.54891, 24.764101, 489.30146, 488.85375,
13.425350, 529.35789, 21.291260, 489.18008, 488.73358,
13.436050, 527.92461, 21.392685, 489.07472, 488.63083,
13.446740, 534.39424, 21.622059, 488.98525, 488.54532,
13.457440, 534.00684, 22.046034, 488.91126, 488.47662,
13.468130, 566.77058, 21.454414, 488.85268, 488.42461,
13.478830, 559.96993, 20.711367, 488.80920, 488.38896,
13.489520, 539.11619, 20.250217, 488.78070, 488.36947,
13.500200, 549.88219, 21.080359, 488.76695, 488.36586,
13.510890, 561.98686, 20.906006, 488.76773, 488.37788,
13.521570, 579.33216, 20.657394, 488.78286, 488.40527,
13.532260, 589.25370, 20.059299, 488.81220, 488.44784,
13.542940, 564.77561, 19.953457, 488.85552, 488.50529,
13.553620, 557.48446, 20.694481, 488.91267, 488.57741,
13.564290, 551.45563, 20.089785, 488.98343, 488.66389,
13.574970, 589.86856, 20.128319, 489.06779, 488.76466,
13.585640, 558.39909, 19.072266, 489.16543, 488.87930,
13.596320, 548.89487, 19.757263, 489.27640, 489.00782,
13.606990, 552.32048, 20.166599, 489.40035, 489.14975,
13.617650, 567.68659, 20.247761, 489.53714, 489.30484,
13.628320, 557.73627, 19.421368, 489.68687, 489.47315,
13.638980, 536.20167, 19.294561, 489.84917, 489.65418,
13.649650, 538.45275, 19.748058, 490.02421, 489.84802,
13.660310, 572.34747, 21.025499, 490.21157, 490.05414,
13.670970, 575.87975, 23.021576, 490.41130, 490.27249,
13.681630, 548.78042, 19.812155, 490.62331, 490.50286,
13.692280, 523.85682, 19.912230, 490.84727, 490.74481,
13.702940, 518.80340, 20.211037, 491.08354, 490.99861,
13.713590, 498.05977, 20.978951, 491.33158, 491.26356,
13.724240, 544.09496, 21.233339, 491.59155, 491.53975,
13.734890, 509.44153, 20.841129, 491.86335, 491.82691,
13.745530, 516.45384, 21.130535, 492.14666, 492.12461,
13.756180, 501.51464, 21.454550, 492.44193, 492.43320,
13.766820, 511.29397, 22.751772, 492.74858, 492.75192,
13.777460, 528.88036, 23.559420, 493.06681, 493.08087,
13.788100, 480.76910, 21.225967, 493.39658, 493.41985,
13.798740, 492.69372, 22.142807, 493.73784, 493.76869,
13.809380, 492.35250, 23.223419, 494.09054, 494.12716,
13.820010, 522.07825, 24.258661, 494.45435, 494.49482,
13.830640, 529.31796, 24.602642, 494.82951, 494.87172,
13.841270, 528.80926, 24.388615, 495.21605, 495.25777,
13.851900, 514.60108, 24.381248, 495.61389, 495.65272,
13.862530, 482.39293, 32.122505, 496.02304, 496.05643,
13.873150, 507.59912, 26.097458, 496.44313, 496.46834,
13.883780, 478.94746, 25.939915, 496.87489, 496.88902,
13.894400, 514.08277, 26.225336, 497.31755, 497.31755,
13.905020, 482.37755, 26.391842, 497.77135, 497.75404,
13.915640, 503.58084, 28.093794, 498.23553, 498.19787,
13.926250, 524.30390, 28.895704, 498.70876, 498.64794,
13.936870, 518.00933, 29.222305, 499.19096, 499.10430,
13.947480, 490.84229, 27.317703, 499.68045, 499.56551,
13.958090, 496.42160, 29.071327, 500.17668, 500.03120,
13.968700, 520.98775, 30.677004, 500.67887, 500.50075,
13.979310, 502.07135, 31.475286, 501.18603, 500.97338,
13.989910, 486.03521, 30.444019, 501.69688, 501.44800,
14.000520, 474.69960, 30.092785, 502.21144, 501.92477,
14.011120, 473.61772, 32.011230, 502.72793, 502.40212,
14.021720, 526.56442, 34.752110, 503.24593, 502.87981,
14.032320, 536.65035, 36.804668, 503.76457, 503.35712,
14.042920, 510.78729, 34.492100, 504.28296, 503.83336,
14.053510, 490.48081, 35.092422, 504.79974, 504.30736,
14.064110, 508.66051, 36.284996, 505.31504, 504.77938,
14.074700, 460.94304, 39.723358, 505.82702, 505.24781,
14.085290, 542.39235, 42.929119, 506.33524, 505.71236,
14.095870, 454.36980, 28.267279, 506.83840, 506.17194,
14.106460, 504.84031, 24.308121, 507.33655, 506.62670,
14.117040, 513.46072, 24.469492, 507.82790, 507.07512,
14.127630, 503.76513, 26.578087, 508.31250, 507.51735,
14.138210, 491.47571, 27.228096, 508.78852, 507.95181,
14.148790, 534.20846, 28.547798, 509.25554, 508.37825,
14.159370, 514.97649, 27.483353, 509.71269, 508.79596,
14.169940, 494.75941, 27.471336, 510.15863, 509.20385,
14.180520, 508.33114, 51.247650, 510.59335, 509.60202,
14.182090, 550.16492, 24.828346, 510.65680, 509.66019,
14.193560, 557.03193, 23.383121, 511.11174, 510.07777,
14.205030, 510.33067, 23.317078, 511.55063, 510.48164,
14.216500, 559.78951, 25.123301, 511.97223, 510.87081,
14.227970, 552.15421, 24.303001, 512.37540, 511.24442,
14.239430, 549.09204, 22.836727, 512.75865, 511.60127,
14.250890, 520.00811, 21.442747, 513.12111, 511.94073,
14.262350, 538.51161, 22.583324, 513.46164, 512.26197,
14.273810, 512.28456, 22.450758, 513.77900, 512.56402,
14.285270, 504.01534, 22.322222, 514.07194, 512.84596,
14.296730, 537.86645, 21.150541, 514.33928, 513.10690,
14.308180, 514.46754, 20.425522, 514.57955, 513.34568,
14.319630, 521.08182, 21.273888, 514.79175, 513.56163,
14.331080, 517.12261, 22.429951, 514.97462, 513.75383,
14.342530, 562.61742, 23.041241, 515.12685, 513.92132,
14.353970, 506.55506, 20.657894, 515.24707, 514.06304,
14.365410, 532.35774, 21.133062, 515.33413, 514.17824,
14.376860, 529.61974, 21.257046, 515.38673, 514.26601,
14.388300, 490.81888, 22.116810, 515.40343, 514.32526,
14.399730, 517.77670, 22.403088, 515.38298, 514.35510,
14.411170, 503.49339, 21.054447, 515.32396, 514.35461,
14.422600, 492.66264, 20.376137, 515.22508, 514.32285,
14.434030, 488.83320, 20.172436, 515.08491, 514.25884,
14.445460, 513.79812, 21.639885, 514.90200, 514.16161,
14.456890, 517.58451, 21.196754, 514.67493, 514.03019,
14.468320, 488.53399, 19.898827, 514.40221, 513.86358,
14.479740, 512.49441, 19.320173, 514.08265, 513.66098,
14.491160, 527.67991, 19.537037, 513.71452, 513.42125,
14.502580, 485.55155, 19.846344, 513.29632, 513.14342,
14.514000, 525.63260, 20.473549, 512.82643, 512.82643,
14.525420, 496.91306, 19.440945, 512.30415, 512.46975,
14.536830, 528.35504, 18.614771, 511.73265, 512.07506,
14.548240, 505.73060, 18.639133, 511.11492, 511.64379,
14.559650, 495.18720, 23.080412, 510.45432, 511.17766,
14.571060, 681.46047, 23.464844, 509.75437, 510.67847,
14.582470, 534.48759, 19.719719, 509.01838, 510.14792,
14.593870, 534.10074, 20.774632, 508.25038, 509.58822,
14.605270, 515.31407, 19.371859, 507.45312, 509.00066,
14.616670, 506.47873, 19.431568, 506.62997, 508.38700,
14.628070, 533.30538, 22.839090, 505.78413, 507.74884,
14.639470, 497.26154, 20.150171, 504.91895, 507.08794,
14.650860, 515.44516, 20.116493, 504.03856, 506.40663,
14.662260, 498.76631, 20.049189, 503.14462, 505.70536,
14.673650, 512.39549, 20.627739, 502.24204, 504.98710,
14.685040, 509.42853, 21.856525, 501.33319, 504.25283,
14.696420, 491.94262, 21.833839, 500.42234, 503.50507,
14.707810, 517.41966, 21.971409, 499.51090, 502.74397,
14.719190, 482.61004, 21.275230, 498.60398, 501.97275,
14.730570, 478.74748, 21.284405, 497.70383, 501.19225,
14.741950, 520.51415, 23.216211, 496.81378, 500.40420,
14.753330, 502.59291, 22.800318, 495.93711, 499.61027,
14.764700, 512.50730, 22.767651, 495.07786, 498.81287,
14.776080, 487.92732, 21.796162, 494.23773, 498.01218,
14.787450, 467.23722, 21.378403, 493.42155, 497.21134,
14.798820, 503.93330, 23.565624, 492.63182, 496.41129,
14.810190, 506.50388, 23.326897, 491.87178, 495.61361,
14.821550, 514.04105, 23.481060, 491.14547, 494.82075,
14.832920, 497.90882, 23.219305, 490.45494, 494.03300,
14.844280, 485.87475, 22.642105, 489.80468, 493.25331,
14.855640, 520.12403, 25.074720, 489.19746, 492.48270,
14.866990, 523.69168, 24.832714, 488.63716, 491.72352,
14.878350, 502.09701, 24.912970, 488.12614, 490.97602,
14.889710, 489.16394, 23.732927, 487.66836, 490.24258,
14.901060, 502.70709, 24.298542, 487.26761, 489.52553,
14.912410, 510.34960, 25.347483, 486.92693, 488.82584,
14.923760, 501.80584, 26.362328, 486.64977, 488.14514,
14.935100, 533.58004, 28.264313, 486.43988, 487.48579,
14.946450, 479.70651, 26.869196, 486.30039, 486.84816,
14.957790, 475.40562, 26.487991, 486.23515, 486.23515,
14.969130, 458.96866, 27.365311, 486.24644, 485.64755,
14.980470, 483.51491, 28.528349, 486.33198, 485.08526,
14.991810, 491.30839, 30.787966, 486.48836, 484.54797,
15.003140, 496.91488, 30.767723, 486.71197, 484.03578,
15.014480, 488.05217, 29.446905, 486.99982, 483.54753,
15.025810, 450.92431, 30.185928, 487.34815, 483.08361,
15.037140, 475.77213, 31.317566, 487.75383, 482.64338,
15.048460, 513.05780, 35.218147, 488.21321, 482.22680,
15.059790, 504.53198, 35.222584, 488.72384, 481.83285,
15.071110, 521.27270, 35.275894, 489.28165, 481.46189,
15.082440, 465.11580, 25.422798, 489.88445, 481.11296,
15.093750, 437.68193, 20.169306, 490.52735, 480.78668,
15.105070, 452.48192, 21.646938, 491.20894, 480.48182,
15.116390, 479.37506, 23.165987, 491.92552, 480.19840,
15.127700, 459.87151, 23.472006, 492.67327, 479.93635,
15.139020, 479.01132, 24.975935, 493.45050, 479.69489,
15.150330, 448.32680, 24.069353, 494.25269, 479.47420,
15.162390, 464.20347, 28.325975, 495.13295, 479.26116,
15.174730, 435.14586, 26.697018, 496.05644, 479.06665,
15.187070, 485.69823, 27.543917, 496.99897, 478.89554,
15.199410, 493.89268, 28.782524, 497.95675, 478.74747,
15.211740, 478.50653, 27.030054, 498.92487, 478.62220,
15.224080, 483.42473, 25.448761, 499.90122, 478.51915,
15.236410, 480.87107, 23.707836, 500.88016, 478.43819,
15.248740, 488.15073, 23.983135, 501.85861, 478.37887,
15.261060, 489.36265, 25.540134, 502.83184, 478.34090,
15.273390, 499.31685, 25.043089, 503.79760, 478.32389,
15.285710, 518.85975, 25.399193, 504.75043, 478.32755,
15.298030, 487.93698, 22.870697, 505.68708, 478.35154,
15.310350, 487.28992, 23.095074, 506.60379, 478.39556,
15.322660, 505.79572, 24.716589, 507.49581, 478.45923,
15.334980, 515.86666, 25.570179, 508.36065, 478.54237,
15.347290, 493.38286, 25.877110, 509.19303, 478.64454,
15.359600, 470.72017, 23.382631, 509.98965, 478.76550,
15.371900, 488.20932, 23.465773, 510.74592, 478.90485,
15.384210, 501.45819, 24.407148, 511.45911, 479.06254,
15.396510, 497.19851, 24.570213, 512.12403, 479.23802,
15.408810, 523.84555, 26.297525, 512.73717, 479.43113,
15.421110, 507.49549, 23.721802, 513.29453, 479.64163,
15.433410, 490.68251, 21.887159, 513.79194, 479.86920,
15.445700, 520.66866, 22.329096, 514.22497, 480.11340,
15.457990, 502.23283, 23.098946, 514.58989, 480.37415,
15.470280, 553.24535, 25.305593, 514.88248, 480.65118,
15.482570, 496.24265, 22.651339, 515.09850, 480.94424,
15.494860, 492.52020, 21.577541, 515.23508, 481.25308,
15.507140, 531.25146, 21.996510, 515.29498, 481.57719,
15.519420, 503.53166, 21.731035, 515.28245, 481.91653,
15.531700, 577.44578, 24.245129, 515.20159, 482.27091,
15.543980, 948.36539, 29.144829, 515.05646, 482.64005,
15.556260, 1114.1869, 30.663055, 514.85106, 483.02376,
15.568530, 669.46433, 23.937429, 514.58962, 483.42144,
15.580800, 543.24911, 22.395338, 514.27593, 483.83318,
15.593070, 498.87752, 23.269024, 513.91391, 484.25875,
15.605340, 541.90567, 23.734699, 513.50745, 484.69793,
15.617600, 538.15439, 22.719498, 513.06076, 485.15015,
15.629860, 510.67578, 20.817108, 512.57742, 485.61548,
15.642120, 543.72245, 20.170216, 512.06117, 486.09379,
15.654380, 533.72275, 20.604847, 511.51588, 486.58479,
15.666640, 524.65671, 20.926355, 510.94523, 487.08834,
15.678890, 509.96377, 20.795692, 510.35355, 487.60376,
15.691140, 543.77308, 20.619465, 509.74410, 488.13126,
15.703390, 527.35506, 19.210718, 509.12061, 488.67066,
15.715640, 542.51151, 21.694920, 508.48681, 489.22174,
15.727890, 565.23858, 21.451210, 507.84642, 489.78431,
15.740130, 546.26472, 22.212318, 507.20364, 490.35773,
15.752370, 523.09488, 21.616812, 506.56174, 490.94220,
15.764610, 538.77463, 21.199047, 505.92433, 491.53761,
15.776850, 529.41554, 21.570787, 505.29520, 492.14369,
15.789090, 557.55241, 22.646626, 504.67798, 492.76034,
15.801320, 546.48251, 23.413328, 504.07693, 493.38681,
15.813550, 552.51627, 24.877672, 503.49525, 494.02342,
15.825780, 550.31713, 23.509880, 502.93665, 494.67001,
15.838010, 567.02608, 23.455667, 502.40488, 495.32639,
15.850230, 549.78474, 23.333410, 501.90408, 495.99188,
15.862450, 518.51522, 23.253485, 501.43760, 496.66676,
15.874670, 534.22218, 24.826618, 501.00918, 497.35095,
15.886890, 534.90867, 24.660749, 500.62263, 498.04425,
15.899110, 570.28759, 25.861963, 500.28182, 498.74644,
15.911320, 532.15941, 23.789364, 499.99077, 499.45683,
15.923540, 545.50057, 24.920879, 499.75289, 500.17645,
15.935750, 507.39810, 25.248892, 499.57247, 500.90389,
15.947960, 586.80550, 27.932165, 499.45322, 501.63960,
15.960160, 559.19652, 27.139095, 499.39912, 502.38286,
15.972370, 567.20813, 27.718580, 499.41407, 503.13467,
15.984570, 567.14986, 27.242567, 499.50208, 503.89363,
15.996770, 534.98823, 27.159725, 499.66720, 504.66031,
16.008961, 557.72848, 28.951529, 499.91331, 505.43388,
16.021160, 577.35144, 30.536917, 500.24491, 506.21535,
16.033350, 587.69629, 31.305681, 500.66569, 507.00341,
16.045549, 520.55623, 28.371120, 501.18056, 507.79915,
16.057739, 566.55439, 29.793547, 501.79298, 508.60117,
16.069920, 571.90903, 30.595074, 502.50708, 509.40933,
16.082109, 561.61294, 29.919344, 503.32836, 510.22474,
16.094290, 543.81819, 29.775452, 504.25997, 511.04600,
16.106470, 556.42653, 31.642208, 505.30702, 511.87360,
16.118650, 546.97478, 30.223494, 506.47408, 512.70740,
16.130831, 506.90926, 28.853916, 507.76577, 513.54728,
16.143009, 566.20046, 30.440407, 509.18657, 514.39295,
16.155180, 557.11271, 31.938732, 510.74040, 515.24390,
16.167351, 573.80736, 36.719360, 512.43295, 516.10050,
16.179520, 527.83330, 33.755478, 514.26882, 516.96251,
16.191681, 558.04040, 31.860596, 516.25196, 517.82937,
16.203850, 515.31638, 34.725555, 518.38991, 518.70206,
16.216009, 482.02999, 35.064388, 520.68475, 519.57920,
16.228170, 558.59460, 42.248253, 523.14371, 520.46150,
16.240330, 543.20873, 39.358479, 525.77133, 521.34855,
16.252489, 514.10010, 40.104218, 528.57337, 522.24037,
16.264641, 578.83417, 40.309490, 531.55340, 523.13627,
16.276791, 494.49748, 41.884666, 534.71445, 524.03656,
16.288950, 527.12654, 43.549736, 538.04663, 524.94195,
16.301090, 627.95090, 54.945709, 541.52523, 525.85020,
16.313240, 544.39811, 49.944550, 545.14171, 526.76333,
16.325380, 623.71249, 55.381046, 548.87391, 527.67977,
16.337530, 604.48516, 35.792015, 552.71124, 528.60087,
16.349670, 659.40146, 31.602791, 556.63132, 529.52504,
16.361799, 670.17052, 30.830797, 560.61702, 530.45204,
16.373940, 724.56012, 36.532448, 564.65961, 531.38348,
16.386070, 759.03976, 36.076073, 568.73591, 532.31765,
16.398211, 796.33299, 37.935322, 572.83610, 533.25590,
16.410339, 740.76210, 33.535854, 576.93692, 534.19651,
16.422461, 790.02036, 35.784145, 581.02349, 535.13964,
16.434589, 796.53082, 39.339008, 585.08481, 536.08638,
16.446711, 762.58719, 37.762192, 589.09960, 537.03542,
16.458839, 806.49481, 35.029068, 593.05670, 537.98785,
16.470961, 779.46426, 40.739471, 596.93494, 538.94236,
16.483070, 683.02273, 38.076813, 600.71703, 539.89854,
16.495190, 681.36417, 51.913742, 604.39328, 540.85794,
16.500280, 723.33888, 33.721035, 605.90108, 541.26165,
16.513599, 681.58415, 30.136467, 609.73265, 542.31979,
16.526911, 647.58110, 27.428663, 613.38078, 543.37998,
16.540211, 669.49783, 28.303530, 616.82293, 544.44176,
16.553520, 624.35956, 28.300640, 620.04256, 545.50667,
16.566820, 662.99607, 29.891836, 623.01289, 546.57305,
16.580120, 636.65004, 29.206091, 625.71401, 547.64152,
16.593420, 625.47236, 27.111750, 628.12345, 548.71195,
16.606710, 636.50124, 27.212475, 630.21717, 549.78342,
16.620001, 621.56735, 26.563461, 631.98216, 550.85657,
16.633301, 630.89484, 27.235041, 633.43622, 551.93203,
16.646589, 632.26360, 27.964060, 634.60178, 553.00797,
16.659870, 640.12470, 26.496956, 635.50421, 554.08457,
16.673149, 640.99613, 25.415539, 636.16842, 555.16215,
16.686440, 631.66029, 24.329809, 636.61893, 556.24165,
16.699711, 647.30536, 25.199921, 636.87880, 557.32048,
16.712990, 639.33276, 26.724174, 636.97263, 558.40065,
16.726271, 630.43976, 26.782341, 636.92388, 559.48159,
16.739540, 646.47418, 26.497887, 636.75634, 560.56205,
16.752810, 629.55275, 25.078041, 636.49351, 561.64285,
16.766081, 601.01183, 24.413931, 636.15876, 562.72400,
16.779341, 622.80560, 25.439041, 635.77586, 563.80429,
16.792601, 610.30953, 26.061390, 635.36783, 564.88451,
16.805870, 673.70304, 26.610451, 634.95766, 565.96531,
16.819120, 625.70089, 24.830507, 634.56949, 567.04423,
16.832380, 606.22180, 22.817312, 634.22576, 568.12346,
16.845631, 599.94078, 21.687634, 633.95023, 569.20132,
16.858891, 638.20107, 23.069567, 633.76586, 570.27922,
16.872141, 635.90811, 24.552555, 633.69629, 571.35548,
16.885380, 648.19033, 24.859297, 633.76468, 572.42983,
16.898630, 642.19918, 24.580244, 633.99466, 573.50397,
16.911869, 616.28165, 23.460203, 634.40943, 574.57593,
16.925110, 630.19746, 23.773510, 635.02543, 575.64665,
16.938351, 635.17853, 24.857626, 635.82903, 576.71584,
16.951580, 644.27344, 25.713335, 636.79839, 577.78245,
16.964821, 634.27181, 26.009706, 637.91437, 578.84819,
16.978050, 630.29422, 24.545504, 639.15434, 579.91108,
16.991270, 677.33459, 24.957947, 640.49759, 580.97114,
17.004499, 681.09594, 23.801966, 641.92553, 582.02977,
17.017719, 809.11155, 25.696587, 643.41565, 583.08531,
17.030951, 1104.6588, 30.784470, 644.94990, 584.13929,
17.044161, 920.94546, 29.460918, 646.50409, 585.18899,
17.057381, 708.27521, 26.594221, 648.06144, 586.23671,
17.070601, 663.09639, 25.357790, 649.60047, 587.28155,
17.083811, 703.86995, 27.132652, 651.09975, 588.32262,
17.097019, 650.74989, 25.273323, 652.53984, 589.36039,
17.110229, 663.91216, 27.395718, 653.90078, 590.39501,
17.123430, 683.05615, 28.155663, 655.16104, 591.42545,
17.136641, 677.37018, 27.293297, 656.30194, 592.45307,
17.149839, 669.70837, 26.050598, 657.30117, 593.47607,
17.163040, 651.98046, 25.125542, 658.13926, 594.49537,
17.176229, 656.79102, 24.661842, 658.79484, 595.50978,
17.189430, 665.10417, 25.667257, 659.24822, 596.52093,
17.202620, 656.28942, 26.557652, 659.47769, 597.52692,
17.215811, 653.36809, 26.460024, 659.46263, 598.52862,
17.229000, 659.63317, 26.079121, 659.18185, 599.52559,
17.242180, 653.50476, 26.739079, 658.62122, 600.51712,
17.255369, 673.11382, 28.435249, 657.79209, 601.50449,
17.268551, 640.14642, 28.571280, 656.71420, 602.48626,
17.281719, 654.74394, 29.361065, 655.40714, 603.46187,
17.294901, 694.40930, 32.263802, 653.88665, 604.43314,
17.308069, 685.12775, 33.000690, 652.17405, 605.39795,
17.321251, 732.24098, 30.427534, 650.28400, 606.35810,
17.334410, 726.27369, 30.832134, 648.23986, 607.31081,
17.347580, 702.36414, 31.418348, 646.05439, 608.25840,
17.360750, 699.63951, 32.079010, 643.74710, 609.19989,
17.373911, 732.46761, 34.520386, 641.33750, 610.13443,
17.387070, 698.24321, 33.293495, 638.84195, 611.06243,
17.400230, 697.70982, 34.033375, 636.27730, 611.98397,
17.413380, 690.47335, 31.730927, 633.66371, 612.89798,
17.426540, 711.20071, 33.342129, 631.01412, 613.80587,
17.439690, 627.93122, 31.972080, 628.35057, 614.70590,
17.452841, 662.89844, 35.428429, 625.68780, 615.59882,
17.465981, 664.97954, 36.148567, 623.04590, 616.48355,
17.479130, 647.22886, 36.001450, 620.43808, 617.36135,
17.492270, 638.25350, 33.881557, 617.88553, 618.23076,
17.505409, 632.58592, 33.036083, 615.40380, 619.09225,
17.518551, 652.04583, 34.439148, 613.01003, 619.94575,
17.531679, 688.98772, 36.279877, 610.72441, 620.79012,
17.544821, 635.78680, 35.430817, 608.55990, 621.62688,
17.557949, 588.23988, 34.355083, 606.53855, 622.45416,
17.571079, 613.45793, 35.962112, 604.67558, 623.27273,
17.584200, 573.36613, 35.342705, 602.98633, 624.08171,
17.597330, 612.52716, 36.852566, 601.46646, 624.88208,
17.610451, 746.80456, 40.955818, 600.11245, 625.67249,
17.623569, 639.66769, 39.569633, 598.91768, 626.45322,
17.636690, 703.40743, 53.529175, 597.87627, 627.22429,
17.649799, 586.46451, 44.040920, 596.98369, 627.98474,
17.662910, 620.65940, 46.131233, 596.23356, 628.73514,
17.676029, 624.77252, 41.594456, 595.62047, 629.47562,
17.689131, 564.32422, 48.723358, 595.14027, 630.20458,
17.702240, 671.18496, 52.827450, 594.78686, 630.92320,
17.715349, 678.09250, 49.868572, 594.55557, 631.63084,
17.728451, 636.40764, 50.554459, 594.44152, 632.32690,
17.741550, 614.34742, 46.754066, 594.43973, 633.01147,
17.754641, 621.30721, 34.862957, 594.54530, 633.68395,
17.767740, 655.28030, 33.205448, 594.75369, 634.34511,
17.780830, 659.81839, 38.134361, 595.06001, 634.99375,
17.793921, 691.94437, 34.910370, 595.45981, 635.63013,
17.807011, 602.23877, 32.276970, 595.94860, 636.25404,
17.820101, 650.54839, 37.314018, 596.52196, 636.86523,
17.833179, 643.31259, 36.614826, 597.17489, 637.46295,
17.846270, 565.08409, 32.870964, 597.90422, 638.04803,
17.859341, 656.54700, 35.320709, 598.70390, 638.61885,
17.872419, 644.09819, 38.913975, 599.57126, 639.17638,
17.885500, 645.31799, 41.803699, 600.50179, 639.72009,
17.898569, 673.38547, 42.051880, 601.49035, 640.24920,
17.911640, 685.79802, 40.781364, 602.53377, 640.76402,
17.924709, 628.82767, 38.826385, 603.62769, 641.26413,
17.937780, 594.46087, 64.439621, 604.76839, 641.74944,
17.941250, 595.72348, 33.789082, 605.07849, 641.87572,
17.955721, 606.65256, 31.002956, 606.40263, 642.39082,
17.970181, 628.34896, 31.561012, 607.77122, 642.88652,
17.984650, 579.88774, 30.249290, 609.18089, 643.36317,
17.999109, 580.32140, 30.562857, 610.62446, 643.81978,
18.013571, 656.05166, 32.881023, 612.09776, 644.25635,
18.028021, 643.70851, 31.847702, 613.59416, 644.67210,
18.042480, 646.46162, 31.707085, 615.11056, 645.06725,
18.056931, 582.94000, 29.808352, 616.63976, 645.44090,
18.071381, 598.45147, 29.905392, 618.17777, 645.79290,
18.085819, 611.63722, 30.830072, 619.71927, 646.12261,
18.100269, 655.76859, 32.151642, 621.26287, 646.43012,
18.114710, 612.62510, 31.095119, 622.80248, 646.71456,
18.129150, 641.16502, 29.753412, 624.33526, 646.97574,
18.143579, 663.56884, 28.591578, 625.85617, 647.21302,
18.158020, 626.34923, 27.590040, 627.36377, 647.42635,
18.172449, 608.79392, 30.150820, 628.85179, 647.61496,
18.186880, 645.99829, 31.792629, 630.31776, 647.77858,
18.201300, 612.62785, 32.454304, 631.75645, 647.91663,
18.215719, 605.18334, 29.843529, 633.16514, 648.02879,
18.230150, 645.55251, 28.295334, 634.54096, 648.11464,
18.244560, 615.20208, 27.059837, 635.87692, 648.17353,
18.258980, 634.00006, 27.572315, 637.17190, 648.20514,
18.273390, 640.13193, 28.465042, 638.42018, 648.20893,
18.287800, 620.72440, 29.458517, 639.61860, 648.18443,
18.302210, 632.32639, 29.511471, 640.76307, 648.13113,
18.316620, 630.10803, 28.385735, 641.84948, 648.04851,
18.331020, 631.26086, 28.080877, 642.87301, 647.93612,
18.345421, 655.02379, 29.025759, 643.83018, 647.79339,
18.359819, 629.94437, 28.498505, 644.71664, 647.61981,
18.374210, 624.32134, 30.750921, 645.52781, 647.41492,
18.388611, 618.77362, 30.467459, 646.26027, 647.17791,
18.403000, 632.59647, 28.152693, 646.90856, 646.90856,
18.417379, 659.84701, 28.466368, 647.47023, 646.60718,
18.431770, 699.00438, 28.159098, 647.95030, 646.27692,
18.446150, 665.16652, 27.634842, 648.35392, 645.92273,
18.460529, 649.95777, 30.450663, 648.68736, 645.54878,
18.474911, 627.08232, 32.034187, 648.95643, 645.15944,
18.489281, 681.78762, 32.295288, 649.16669, 644.75949,
18.503660, 664.63913, 29.911850, 649.32417, 644.35275,
18.518030, 642.48160, 27.390070, 649.43430, 643.94416,
18.532391, 695.66781, 27.168991, 649.50279, 643.53812,
18.546761, 656.44373, 27.362906, 649.53532, 643.13849,
18.561119, 639.81631, 28.376965, 649.53739, 642.75022,
18.575480, 691.22165, 31.242186, 649.51456, 642.37736,
18.589840, 715.38030, 31.955072, 649.47232, 642.02434,
18.604191, 705.92668, 31.380432, 649.41621, 641.69579,
18.618549, 673.63847, 30.629845, 649.35165, 641.39570,
18.632900, 669.20139, 28.984192, 649.28415, 641.12881,
18.647240, 719.56845, 31.724735, 649.21921, 640.89954,
18.661591, 682.32498, 31.611631, 649.16217, 640.71195,
18.675930, 804.49447, 33.868092, 649.11858, 640.57076,
18.690269, 1007.5957, 37.226917, 649.09386, 640.48027,
18.704611, 1668.5784, 44.994640, 649.09349, 640.44491,
18.718941, 1451.4986, 40.030159, 649.12294, 640.46914,
18.733271, 822.82728, 31.735132, 649.18769, 640.55740,
18.747601, 668.47056, 32.591774, 649.29330, 640.71416,
18.761930, 715.98779, 35.996841, 649.44532, 640.94397,
18.776260, 695.68701, 36.595592, 649.64935, 641.25134,
18.790581, 708.14764, 34.729755, 649.91084, 641.64056,
18.804899, 763.90141, 33.258514, 650.23554, 642.11631,
18.819220, 720.41279, 31.445349, 650.62924, 642.68332,
18.833530, 753.37447, 32.522961, 651.09733, 643.34567,
18.847839, 722.34053, 32.095112, 651.64581, 644.10824,
18.862150, 735.12706, 35.653522, 652.28067, 644.97590,
18.876459, 660.25308, 37.560230, 653.00770, 645.95313,
18.890770, 708.39176, 37.958382, 653.83310, 647.04492,
18.905069, 743.57682, 38.944134, 654.76206, 648.25487,
18.919371, 709.16530, 36.373913, 655.80151, 649.58879,
18.933670, 737.11562, 37.136909, 656.95739, 651.05115,
18.947960, 775.89713, 41.697762, 658.23526, 652.64584,
18.962250, 683.92675, 39.549339, 659.64223, 654.37870,
18.976540, 785.13350, 43.229755, 661.18481, 656.25463,
18.990829, 711.44968, 41.809765, 662.86958, 658.27860,
19.005119, 747.40502, 40.750786, 664.70324, 660.45560,
19.019400, 688.90957, 37.108521, 666.69122, 662.78907,
19.033680, 729.89246, 38.822681, 668.84160, 665.28549,
19.047960, 663.13180, 40.533627, 671.16142, 667.94998,
19.062229, 766.05762, 47.513664, 673.65575, 670.78536,
19.076500, 723.18527, 51.818382, 676.33405, 673.79931,
19.090771, 720.21559, 42.952065, 679.20339, 676.99674,
19.105040, 725.00251, 43.183956, 682.27091, 680.38248,
19.119310, 739.43817, 44.391541, 685.54512, 683.96280,
19.133570, 773.36425, 42.175449, 689.03061, 687.73955,
19.147829, 777.42299, 45.184196, 692.73791, 691.72099,
19.162090, 769.08048, 49.606022, 696.67572, 695.91321,
19.176340, 771.73267, 53.186539, 700.84845, 700.31763,
19.190599, 715.43394, 54.764030, 705.27070, 704.94632,
19.204849, 706.69030, 54.855209, 709.94524, 709.79878,
19.219101, 706.82986, 50.227280, 714.88447, 714.88447,
19.233339, 655.57372, 45.351856, 720.08718, 720.19997,
19.247580, 789.89453, 56.065182, 725.54447, 725.73908,
19.261820, 784.57988, 45.347507, 731.23703, 731.48604,
19.276060, 739.97566, 54.491356, 737.14642, 737.42587,
19.290300, 727.15329, 51.327774, 743.25435, 743.54361,
19.304529, 752.89640, 59.600571, 749.53753, 749.81926,
19.318760, 735.32445, 59.241394, 755.98372, 756.24374,
19.332991, 719.98530, 60.695400, 762.57422, 762.80142,
19.347219, 829.75832, 62.474052, 769.29039, 769.47668,
19.361441, 747.06357, 62.024448, 776.11175, 776.25200,
19.375660, 849.45397, 68.464714, 783.02341, 783.11538,
19.389879, 784.86197, 62.190231, 790.00880, 790.05309,
19.404100, 816.55269, 66.374054, 797.05148, 797.05148,
19.418310, 708.27192, 62.768581, 804.12741, 804.08934,
19.432520, 826.11684, 68.656067, 811.22494, 811.15775,
