# wave, flux, fluxerr, continuum, continuum_plateau
9.9725246, 796.91752, 24.870438, 796.91752, 796.91752,
9.9806166, 1036.1312, 27.191017, 797.05074, 797.04893,
9.9887066, 903.23735, 21.890390, 797.28442, 797.27743,
9.9967957, 1078.4956, 21.638731, 797.61876, 797.60363,
10.004880, 1062.1421, 23.659151, 798.05373, 798.02791,
10.012970, 958.35134, 22.488953, 798.59020, 798.55146,
10.021050, 934.76410, 19.406517, 799.22738, 799.17389,
10.029140, 932.13148, 20.097622, 799.96709, 799.89731,
10.037220, 979.30021, 22.185398, 800.80782, 800.72058,
10.045300, 1004.0425, 19.845505, 801.75084, 801.64524,
10.053380, 926.61385, 18.525736, 802.79667, 802.67212,
10.061460, 949.22407, 21.084829, 803.94548, 803.80165,
10.069540, 907.44178, 19.798820, 805.19797, 805.03480,
10.077610, 824.13304, 17.291176, 806.55266, 806.37035,
10.085690, 929.01804, 18.787560, 808.01339, 807.81232,
10.093760, 948.36908, 20.281626, 809.57720, 809.35802,
10.101830, 905.25442, 18.278278, 811.24632, 811.00983,
10.109900, 1025.0427, 18.197006, 813.02151, 812.76871,
10.117970, 975.06344, 19.604507, 814.90294, 814.63500,
10.126040, 1043.9924, 19.852602, 816.89143, 816.60966,
10.134100, 998.02871, 18.228163, 818.98483, 818.69068,
10.142170, 1068.7659, 19.384838, 821.18925, 820.88426,
10.150230, 995.27807, 20.843975, 823.49992, 823.18578,
10.158300, 1025.5767, 19.953598, 825.92303, 825.60146,
10.166360, 985.43363, 18.466633, 828.45328, 828.12612,
10.174420, 984.04227, 19.936434, 831.09484, 830.76395,
10.182470, 985.26995, 20.002150, 833.84455, 833.51184,
10.190530, 872.75815, 19.125536, 836.71004, 836.37744,
10.198590, 1034.8235, 18.553833, 839.68934, 839.35877,
10.206640, 914.39988, 19.838259, 842.77888, 842.45225,
10.214690, 933.11917, 19.342991, 845.98335, 845.66255,
10.222750, 942.62451, 17.884773, 849.30768, 848.99455,
10.230800, 874.53121, 19.352404, 852.74496, 852.44127,
10.238850, 853.69994, 20.336628, 856.30002, 856.00747,
10.246890, 1041.2207, 19.641855, 859.96946, 859.68962,
10.254940, 924.17897, 18.737564, 863.76300, 863.49737,
10.262990, 925.81718, 21.173956, 867.67742, 867.42736,
10.271030, 875.80250, 21.455040, 871.70896, 871.47565,
10.279070, 865.99531, 20.427992, 875.86281, 875.64726,
10.287120, 927.46033, 21.993040, 880.14623, 879.94932,
10.295150, 1046.5834, 24.901752, 884.54394, 884.36626,
10.303190, 960.98004, 23.626101, 889.07364, 888.91563,
10.311230, 1044.7266, 23.151644, 893.73032, 893.59216,
10.319270, 1040.5181, 25.629276, 898.51637, 898.39797,
10.327300, 932.35997, 27.670565, 903.42601, 903.32700,
10.335340, 780.69162, 24.093462, 908.47281, 908.39254,
10.343370, 909.96061, 23.121616, 913.64675, 913.58423,
10.351400, 1062.3503, 30.917675, 918.95390, 918.90782,
10.359430, 928.91788, 31.895576, 924.39627, 924.36498,
10.367460, 950.37035, 29.375496, 929.97531, 929.95676,
10.375480, 881.68390, 32.209518, 935.68494, 935.67667,
10.383510, 760.58172, 36.628197, 941.54159, 941.54078,
10.391530, 895.76688, 36.202312, 947.53221, 947.53557,
10.399560, 1031.6965, 28.369986, 953.67264, 953.67643,
10.407580, 956.81493, 23.168663, 959.94988, 959.94988,
10.415600, 923.11956, 23.587387, 966.37125, 966.36292,
10.423620, 992.35155, 23.967249, 972.93616, 972.91526,
10.431640, 1019.7120, 23.534887, 979.64020, 979.60299,
10.439650, 1018.0266, 22.610504, 986.47313, 986.41630,
10.447670, 1139.8483, 23.291050, 993.44929, 993.36992,
10.455680, 893.56474, 21.506636, 1000.5477, 1000.4433,
10.463700, 998.34744, 20.833952, 1007.7842, 1007.6527,
10.471710, 1008.5163, 23.114799, 1015.1372, 1014.9769,
10.479720, 988.26169, 23.243137, 1022.6135, 1022.4229,
10.487730, 1124.0201, 22.954880, 1030.2104, 1029.9885,
10.495730, 1445.9731, 25.173685, 1037.9161, 1037.6622,
10.503740, 2642.6330, 34.231747, 1045.7464, 1045.4600,
10.511750, 2954.5251, 36.345524, 1053.6897, 1053.3705,
10.519750, 1631.4194, 29.187080, 1061.7328, 1061.3810,
10.527750, 1156.3875, 32.690842, 1069.8846, 1069.5004,
10.535750, 1108.1068, 36.461014, 1078.1417, 1077.7257,
10.543750, 1066.3481, 36.801552, 1086.5006, 1086.0535,
10.551750, 1175.6035, 39.398956, 1094.9610, 1094.4838,
10.559750, 1305.3119, 44.211578, 1103.5184, 1103.0122,
10.567850, 1396.4107, 25.557724, 1112.2815, 1111.7472,
10.576350, 1360.9216, 24.260376, 1121.5798, 1121.0175,
10.584840, 1395.2421, 24.147627, 1130.9690, 1130.3807,
10.593340, 1432.9189, 25.729576, 1140.4697, 1139.8572,
10.601830, 1394.9362, 21.437305, 1150.0556, 1149.4211,
10.610330, 1331.1166, 22.583288, 1159.7479, 1159.0934,
10.618820, 1319.4390, 21.547792, 1169.5210, 1168.8488,
10.627310, 1406.1127, 20.639992, 1179.3819, 1178.6945,
10.635800, 1322.3600, 20.708412, 1189.3304, 1188.6301,
10.644280, 1309.1436, 22.001007, 1199.3503, 1198.6397,
10.652770, 1296.0053, 20.526125, 1209.4626, 1208.7442,
10.661250, 1245.1282, 19.245916, 1219.6422, 1218.9185,
10.669740, 1297.0267, 20.662868, 1229.9093, 1229.1829,
10.678220, 1265.3489, 21.102970, 1240.2385, 1239.5120,
10.686700, 1325.5987, 20.119579, 1250.6388, 1249.9148,
10.695180, 1291.2973, 19.735331, 1261.1076, 1260.3887,
10.703650, 1306.4314, 21.318684, 1271.6308, 1270.9194,
10.712130, 1337.4109, 21.637388, 1282.2283, 1281.5270,
10.720600, 1404.8684, 20.639711, 1292.8763, 1292.1876,
10.729080, 1455.1537, 21.292065, 1303.5953, 1302.9215,
10.737550, 1450.6773, 22.619680, 1314.3576, 1313.7009,
10.746020, 1427.5796, 21.860453, 1325.1751, 1324.5379,
10.754490, 1406.9273, 20.669529, 1336.0433, 1335.4277,
10.762960, 1308.3774, 20.931238, 1346.9622, 1346.3702,
10.771420, 1425.4888, 23.267324, 1357.9134, 1357.3470,
10.779890, 1443.0363, 22.460239, 1368.9243, 1368.3853,
10.788350, 1461.2532, 22.239395, 1379.9641, 1379.4543,
10.796810, 1353.0259, 23.151249, 1391.0441, 1390.5651,
10.805270, 1388.7662, 24.795078, 1402.1622, 1401.7153,
10.813730, 1357.0104, 23.680870, 1413.3160, 1412.9027,
10.822190, 1345.7316, 23.158060, 1424.5033, 1424.1247,
10.830650, 1418.0593, 25.971682, 1435.7219, 1435.3792,
10.839100, 1459.5798, 26.654722, 1446.9556, 1446.6496,
10.847560, 1411.9578, 24.663898, 1458.2302, 1457.9616,
10.856010, 1464.4450, 25.353825, 1469.5167, 1469.2861,
10.864460, 1457.8207, 27.974010, 1480.8243, 1480.6321,
10.872910, 1558.9879, 28.993408, 1492.1522, 1491.9987,
10.881360, 1468.7335, 26.766211, 1503.4995, 1503.3847,
10.889800, 1442.4667, 27.614826, 1514.8486, 1514.7723,
10.898250, 1507.5111, 30.603899, 1526.2242, 1526.1863,
10.906690, 1626.8889, 31.710485, 1537.5986, 1537.5986,
10.915140, 1523.3623, 29.319332, 1548.9968, 1549.0341,
10.923580, 1587.7638, 32.487743, 1560.3899, 1560.4639,
10.932020, 1687.2851, 36.997200, 1571.7918, 1571.9019,
10.940460, 1772.7859, 36.318951, 1583.2021, 1583.3476,
10.948890, 1836.6546, 37.536613, 1594.6064, 1594.7867,
10.957330, 1800.1189, 39.323757, 1606.0325, 1606.2471,
10.965760, 2062.7417, 32.576313, 1617.4532, 1617.7014,
10.974200, 2227.9487, 30.747581, 1628.8939, 1629.1752,
10.982630, 2403.5634, 30.033787, 1640.3272, 1640.6410,
10.991060, 2567.9457, 32.369171, 1651.7683, 1652.1139,
10.999490, 2822.3178, 38.302094, 1663.2142, 1663.5911,
11.007920, 2708.9953, 36.145309, 1674.6673, 1675.0749,
11.016340, 2812.1206, 37.754753, 1686.1116, 1686.5493,
11.024770, 2504.3411, 37.512173, 1697.5742, 1698.0414,
11.033190, 2420.4972, 46.870457, 1709.0287, 1709.5247,
11.041610, 2386.9464, 45.674301, 1720.4878, 1721.0121,
11.050030, 2495.7431, 38.503174, 1731.9512, 1732.5031,
11.058450, 2438.5160, 42.499577, 1743.4185, 1743.9975,
11.066870, 2517.5209, 40.943905, 1754.8896, 1755.4949,
11.075290, 2392.3775, 41.616505, 1766.3641, 1766.9951,
11.083700, 2396.3458, 61.155411, 1777.8287, 1778.4847,
11.092120, 2439.9666, 44.265244, 1789.3090, 1789.9895,
11.100530, 2455.2536, 84.558167, 1800.7776, 1801.4818,
11.108940, 2574.5472, 75.491043, 1812.2496, 1812.9768,
11.117350, 2453.1358, 88.618118, 1823.7223, 1824.4718,
11.120570, 2905.7161, 35.249062, 1828.1164, 1828.8742,
11.129530, 2994.1455, 33.370625, 1840.3420, 1841.1226,
11.138500, 3320.7907, 34.031349, 1852.5833, 1853.3858,
11.147460, 3654.2931, 36.040844, 1864.8113, 1865.6348,
11.156430, 4401.3101, 39.492241, 1877.0542, 1877.8979,
11.165390, 5177.0157, 39.931904, 1889.2831, 1890.1460,
11.174350, 6280.6003, 42.252975, 1901.5118, 1902.3932,
11.183300, 7175.8336, 46.888687, 1913.7271, 1914.6259,
11.192260, 8259.0456, 49.954182, 1925.9546, 1926.8700,
11.201220, 8697.2083, 48.539211, 1938.1810, 1939.1119,
11.210170, 8569.7889, 47.609955, 1950.3928, 1951.3383,
11.219120, 8616.6439, 50.229946, 1962.6027, 1963.5619,
11.228070, 8456.3183, 49.569149, 1974.8104, 1975.7823,
11.237020, 8334.9780, 46.244225, 1987.0142, 1987.9977,
11.245970, 8383.1836, 46.948757, 1999.2163, 2000.2105,
11.254920, 8312.8876, 48.180271, 2011.4152, 2012.4190,
11.263860, 8116.8986, 47.209358, 2023.5961, 2024.6084,
11.272800, 7918.6998, 44.526756, 2035.7743, 2036.7941,
11.281750, 7574.8997, 44.375072, 2047.9597, 2048.9860,
11.290690, 7275.4549, 44.894966, 2060.1288, 2061.1603,
11.299630, 6951.3279, 43.585258, 2072.2914, 2073.3272,
11.308560, 6791.7071, 41.887054, 2084.4356, 2085.4745,
11.317500, 6439.1374, 41.440716, 2096.5870, 2097.6278,
11.326430, 6167.1565, 42.565517, 2108.7192, 2109.7608,
11.335370, 5896.2643, 41.406227, 2120.8577, 2121.8991,
11.344300, 5617.0309, 39.228210, 2132.9764, 2134.0164,
11.353230, 5436.0302, 39.139324, 2145.0878, 2146.1252,
11.362160, 5267.2951, 40.614964, 2157.1902, 2158.2238,
11.371080, 5130.0372, 39.569954, 2169.2729, 2170.3017,
11.380010, 4933.7830, 37.697933, 2181.3588, 2182.3815,
11.388930, 4746.6302, 37.765499, 2193.4243, 2194.4398,
11.397850, 4573.3664, 39.340656, 2205.4793, 2206.4865,
11.406780, 4435.5558, 38.619591, 2217.5390, 2218.5366,
11.415700, 4303.6182, 36.937901, 2229.5744, 2230.5614,
11.424610, 4081.1725, 37.180107, 2241.5867, 2242.5619,
11.433530, 4018.5698, 39.286274, 2253.6011, 2254.5634,
11.442450, 3950.0618, 38.981045, 2265.6044, 2266.5526,
11.451360, 3889.9250, 37.330425, 2277.5833, 2278.5163,
11.460270, 3794.0561, 38.517807, 2289.5503, 2290.4670,
11.469180, 3706.9588, 40.029770, 2301.5049, 2302.4043,
11.478090, 3664.6431, 40.911598, 2313.4468, 2314.3278,
11.487000, 3467.4566, 38.469723, 2325.3756, 2326.2371,
11.495910, 3437.3332, 39.848618, 2337.2895, 2338.1305,
11.504810, 3373.4627, 41.539986, 2349.1780, 2349.9975,
11.513710, 3279.6080, 41.854500, 2361.0508, 2361.8478,
11.522620, 3261.3748, 40.817360, 2372.9228, 2373.6964,
11.531520, 3225.5849, 41.633774, 2384.7655, 2385.5148,
11.540420, 3058.3484, 42.650635, 2396.5926, 2397.3166,
11.549310, 3218.0548, 44.603928, 2408.3909, 2409.0889,
11.558210, 3141.9991, 42.175144, 2420.1865, 2420.8577,
11.567100, 3044.4059, 42.197929, 2431.9500, 2432.5936,
11.576000, 3080.8077, 45.219849, 2443.7112, 2444.3265,
11.584890, 3044.8902, 45.814827, 2455.4406, 2456.0269,
11.593780, 2967.4426, 44.611103, 2467.1504, 2467.7071,
11.602670, 2874.2681, 43.707809, 2478.8426, 2479.3692,
11.611560, 2831.5005, 46.509193, 2490.5155, 2491.0115,
11.620440, 2786.2829, 47.172184, 2502.1549, 2502.6198,
11.629330, 2766.1912, 46.417755, 2513.7878, 2514.2213,
11.638210, 2648.4618, 45.848175, 2525.3875, 2525.7892,
11.647090, 2706.8978, 49.228401, 2536.9647, 2537.3344,
11.655970, 2685.5146, 50.600712, 2548.5202, 2548.8578,
11.664850, 2644.6320, 39.422009, 2560.0547, 2560.3601,
11.673730, 2649.9069, 29.256948, 2571.5652, 2571.8385,
11.682600, 2563.4776, 32.060871, 2583.0402, 2583.2814,
11.691480, 2672.3051, 33.121666, 2594.5037, 2594.7130,
11.700350, 2637.7518, 33.517155, 2605.9306, 2606.1083,
11.709220, 2663.8429, 35.000164, 2617.3327, 2617.4792,
11.718090, 2729.0117, 35.949604, 2628.7095, 2628.8252,
11.726960, 2707.7515, 36.848034, 2640.0603, 2640.1459,
11.735830, 2701.2339, 38.559746, 2651.3847, 2651.4408,
11.744690, 2745.7936, 42.384972, 2662.6686, 2662.6963,
11.753560, 2582.3388, 38.477005, 2673.9384, 2673.9384,
11.762420, 2594.4455, 41.050007, 2685.1661, 2685.1396,
11.771280, 2745.8800, 65.257301, 2696.3637, 2696.3115,
11.775020, 2654.1010, 31.836655, 2701.0790, 2701.0163,
11.784500, 2662.3181, 32.954189, 2713.0045, 2712.9155,
11.793980, 2734.6327, 32.860603, 2724.8833, 2724.7687,
11.803460, 2771.5861, 36.726646, 2736.7137, 2736.5741,
11.812940, 2697.6845, 30.560455, 2748.4891, 2748.3249,
11.822420, 2765.8669, 31.941669, 2760.2079, 2760.0193,
11.831890, 2748.4808, 31.479126, 2771.8518, 2771.6391,
11.841360, 2871.2907, 31.317850, 2783.4297, 2783.1928,
11.850840, 2912.5119, 30.571384, 2794.9489, 2794.6877,
11.860310, 2930.0634, 31.820009, 2806.3820, 2806.0965,
11.869770, 2943.9464, 32.303200, 2817.7250, 2817.4151,
11.879240, 2975.6354, 30.946753, 2828.9967, 2828.6620,
11.888710, 3042.7895, 30.333572, 2840.1811, 2839.8214,
11.898170, 3074.0459, 31.369864, 2851.2629, 2850.8780,
11.907630, 3128.3196, 32.182884, 2862.2480, 2861.8375,
11.917090, 3179.3735, 32.991398, 2873.1341, 2872.6980,
11.926550, 3181.0901, 30.769657, 2883.9148, 2883.4527,
11.936010, 3201.0366, 31.021782, 2894.5878, 2894.0996,
11.945470, 3227.5479, 32.350182, 2905.1464, 2904.6321,
11.954920, 3226.0184, 31.466602, 2915.5768, 2915.0365,
11.964370, 3317.6600, 31.116749, 2925.8851, 2925.3191,
11.973830, 3264.8183, 31.108644, 2936.0781, 2935.4867,
11.983280, 3322.5232, 32.673241, 2946.1285, 2945.5123,
11.992720, 3316.9474, 32.215393, 2956.0321, 2955.3920,
12.002170, 3358.7557, 31.719284, 2965.8063, 2965.1432,
12.011610, 3344.3263, 31.726929, 2975.4255, 2974.7408,
12.021060, 3311.0856, 32.961113, 2984.9045, 2984.1998,
12.030500, 3242.7119, 32.540047, 2994.2193, 2993.4965,
12.039940, 3288.1859, 32.196762, 3003.3737, 3002.6352,
12.049380, 3256.9534, 31.739061, 3012.3647, 3011.6132,
12.058820, 3248.3246, 33.462372, 3021.1856, 3020.4240,
12.068250, 3316.4644, 34.392464, 3029.8234, 3029.0556,
12.077690, 3236.8050, 33.374962, 3038.2916, 3037.5215,
12.087120, 3265.7577, 32.969227, 3046.5661, 3045.7983,
12.096550, 3245.5176, 34.241482, 3054.6512, 3053.8911,
12.105980, 3212.4540, 35.427025, 3062.5418, 3061.7950,
12.115410, 3180.1640, 35.072350, 3070.2325, 3069.5056,
12.124830, 3138.3463, 34.063774, 3077.7105, 3077.0105,
12.134260, 3179.9524, 35.381790, 3084.9854, 3084.3203,
12.143680, 3142.4396, 36.678825, 3092.0364, 3091.4148,
12.153100, 3309.8953, 38.246609, 3098.8668, 3098.2982,
12.162520, 3119.4325, 40.993828, 3105.4703, 3104.9650,
12.171940, 3158.3292, 37.025597, 3111.8405, 3111.4098,
12.181360, 3093.1372, 38.261597, 3117.9729, 3117.6290,
12.190770, 3209.6076, 40.242260, 3123.8546, 3123.6106,
12.200180, 3080.9361, 38.373695, 3129.4866, 3129.3568,
12.209600, 3123.2743, 39.152374, 3134.8688, 3134.8688,
12.219010, 3086.4368, 40.908264, 3139.9849, 3140.1306,
12.228420, 3174.0889, 42.969032, 3144.8442, 3145.1507,
12.237820, 3226.3415, 43.191742, 3149.4465, 3149.9273,
12.247230, 3236.3062, 43.092594, 3153.8069, 3154.4743,
12.256630, 3226.7594, 44.545044, 3157.9206, 3158.7853,
12.266040, 3760.8803, 50.221298, 3161.8007, 3162.8726,
12.275440, 4785.8573, 56.152519, 3165.4437, 3166.7309,
12.284840, 4233.0369, 53.382538, 3168.8578, 3170.3676,
12.294230, 3513.8589, 49.911495, 3172.0450, 3173.7831,
12.303630, 3422.9591, 68.029900, 3175.0153, 3176.9870,
12.313030, 3529.1264, 56.430618, 3177.7702, 3179.9795,
12.322420, 3486.4761, 61.578094, 3180.3108, 3182.7603,
12.331810, 3561.8102, 43.296898, 3182.6445, 3185.3361,
12.341200, 3653.4344, 36.390545, 3184.7751, 3187.7099,
12.350590, 3680.4505, 37.625099, 3186.7066, 3189.8849,
12.359980, 3734.9129, 39.143394, 3188.4429, 3191.8639,
12.369360, 3899.2704, 40.607563, 3189.9863, 3193.6484,
12.378750, 3800.1027, 41.340805, 3191.3438, 3195.2450,
12.388130, 3785.9608, 42.789238, 3192.5161, 3196.6534,
12.397510, 3783.6861, 43.164642, 3193.5083, 3197.8780,
12.406890, 3815.0704, 42.611946, 3194.3243, 3198.9221,
12.416270, 3932.2029, 44.235664, 3194.9672, 3199.7885,
12.425640, 3868.1749, 43.837822, 3195.4403, 3200.4793,
12.435020, 3832.1603, 45.108440, 3195.7478, 3200.9989,
12.444390, 4007.0957, 45.367088, 3195.8925, 3201.3491,
12.453760, 3996.1005, 43.169777, 3195.8781, 3201.5331,
12.463130, 4034.6818, 44.989571, 3195.7077, 3201.5540,
12.472500, 4183.9589, 50.545845, 3195.3846, 3201.4143,
12.481870, 4225.8022, 59.868992, 3194.9119, 3201.1169,
12.489420, 4266.0880, 41.613605, 3194.4243, 3200.7644,
12.499490, 4412.2265, 43.011829, 3193.6285, 3200.1399,
12.509550, 4411.3794, 41.479973, 3192.6711, 3199.3431,
12.519610, 4500.3861, 40.426910, 3191.5548, 3198.3768,
12.529670, 4565.9051, 40.503891, 3190.2835, 3197.2443,
12.539730, 4657.0620, 42.176754, 3188.8605, 3195.9487,
12.549780, 4782.3821, 45.741707, 3187.2909, 3194.4948,
12.559840, 4730.7684, 40.506844, 3185.5751, 3192.8830,
12.569890, 4856.8032, 40.048584, 3183.7198, 3191.1198,
12.579940, 4921.1783, 41.270294, 3181.7267, 3189.2066,
12.589990, 5060.2293, 42.389114, 3179.5990, 3187.1466,
12.600040, 5280.4437, 41.782791, 3177.3398, 3184.9429,
12.610090, 5233.3526, 40.207878, 3174.9525, 3182.5988,
12.620130, 5275.8381, 45.526775, 3172.4428, 3180.1199,
12.630170, 5240.5314, 41.244530, 3169.8111, 3177.5066,
12.640210, 5306.2360, 41.847401, 3167.0605, 3174.7623,
12.650250, 5314.2056, 40.206905, 3164.1941, 3171.8898,
12.660290, 5229.3519, 39.433548, 3161.2150, 3168.8926,
12.670330, 5291.9950, 40.238434, 3158.1256, 3165.7730,
12.680360, 5368.4092, 41.190468, 3154.9323, 3162.5377,
12.690390, 5553.5265, 40.683693, 3151.6349, 3159.1865,
12.700420, 5717.5817, 40.601959, 3148.2356, 3155.7220,
12.710450, 5860.2341, 41.463783, 3144.7379, 3152.1477,
12.720480, 5930.1961, 43.562210, 3141.1442, 3148.4661,
12.730500, 5802.7824, 49.362812, 3137.4605, 3144.6839,
12.740530, 5774.7269, 41.021442, 3133.6826, 3140.7967,
12.750550, 5751.8668, 40.307159, 3129.8201, 3136.8147,
12.760570, 5671.5217, 41.392082, 3125.8725, 3132.7375,
12.770590, 5702.1415, 41.695019, 3121.8414, 3128.5671,
12.780610, 5741.6100, 41.438793, 3117.7298, 3124.3068,
12.790620, 5913.3044, 43.979527, 3113.5445, 3119.9639,
12.800640, 7993.6409, 48.340321, 3109.2791, 3115.5321,
12.810650, 11983.329, 60.417912, 3104.9450, 3111.0234,
12.820660, 8068.9408, 49.772301, 3100.5400, 3106.4361,
12.830670, 5058.7458, 38.664024, 3096.0661, 3101.7723,
12.840680, 4718.0030, 38.038208, 3091.5265, 3097.0357,
12.850680, 4473.1004, 37.900253, 3086.9273, 3092.2332,
12.860690, 4290.1711, 38.104591, 3082.2622, 3087.3583,
12.870690, 4048.7869, 36.542694, 3077.5421, 3082.4231,
12.880690, 3936.1826, 35.771137, 3072.7654, 3077.4260,
12.890690, 3715.4956, 35.351707, 3067.9333, 3072.3688,
12.900680, 3668.8917, 36.406872, 3063.0536, 3067.2601,
12.910680, 3607.7435, 36.321331, 3058.1182, 3062.0917,
12.920670, 3489.3185, 35.076633, 3053.1395, 3056.8771,
12.930670, 3363.8837, 34.650620, 3048.1093, 3051.6081,
12.940660, 3340.0745, 35.775158, 3043.0396, 3046.2977,
12.950640, 3341.2491, 37.188419, 3037.9337, 3040.9499,
12.960630, 3203.5826, 35.710693, 3032.7818, 3035.5549,
12.970620, 3213.8184, 35.935555, 3027.5924, 3030.1220,
12.980600, 3239.0407, 36.968040, 3022.3719, 3024.6584,
12.990580, 3177.2600, 38.274204, 3017.1180, 3019.1623,
13.000560, 3147.5594, 37.974762, 3011.8317, 3013.6350,
13.010540, 3132.5233, 37.990280, 3006.5154, 3008.0798,
13.020520, 3073.3561, 37.490215, 3001.1711, 3002.4991,
13.030490, 3053.4138, 39.043129, 2995.8065, 2996.9015,
13.040470, 2910.6494, 39.297508, 2990.4121, 2991.2778,
13.050440, 3040.4944, 40.889896, 2985.0013, 2985.6423,
13.060410, 3024.2225, 40.540218, 2979.5703, 2979.9917,
13.070380, 2965.7586, 40.918507, 2974.1205, 2974.3281,
13.080350, 2946.9443, 42.935581, 2968.6550, 2968.6550,
13.090310, 2931.2427, 44.298859, 2963.1803, 2962.9799,
13.100280, 2975.1068, 44.449959, 2957.6880, 2957.2939,
13.110240, 3026.5992, 44.493855, 2952.1905, 2951.6100,
13.120200, 3109.6229, 47.205593, 2946.6847, 2945.9247,
13.130160, 3004.0036, 48.790390, 2941.1726, 2940.2401,
13.140110, 2975.5828, 39.545441, 2935.6620, 2934.5641,
13.150070, 3006.0951, 30.986618, 2930.1432, 2928.8867,
13.160020, 3002.9777, 31.212776, 2924.6299, 2923.2220,
13.169980, 2949.6750, 34.261646, 2919.1124, 2917.5601,
13.179930, 3016.5365, 34.246445, 2913.6045, 2911.9147,
13.189870, 2991.6072, 35.048206, 2908.1075, 2906.2875,
13.199820, 3017.1853, 35.255081, 2902.6129, 2900.6695,
13.209770, 2991.4441, 34.926853, 2897.1274, 2895.0676,
13.219710, 2925.7090, 33.990559, 2891.6593, 2889.4904,
13.229650, 2946.7343, 35.562290, 2886.2055, 2883.9344,
13.239590, 2979.5025, 36.649117, 2880.7668, 2878.4005,
13.249530, 2910.8263, 35.459526, 2875.3458, 2872.8914,
13.259470, 2879.4138, 34.457420, 2869.9445, 2867.4090,
13.269410, 2954.9275, 37.822563, 2864.5649, 2861.9554,
13.279340, 2908.3719, 40.849792, 2859.2148, 2856.5382,
13.289270, 2959.1413, 42.027908, 2853.8899, 2851.1533,
13.299200, 2862.7038, 42.395195, 2848.5933, 2845.8037,
13.309130, 2875.7731, 45.163193, 2843.3266, 2840.4909,
13.318260, 2975.5160, 35.826183, 2838.5119, 2835.6399,
13.328980, 2998.3573, 34.689655, 2832.8956, 2829.9883,
13.339690, 2971.1735, 35.276058, 2827.3267, 2824.3923,
13.350400, 2906.3271, 35.754353, 2821.8026, 2818.8488,
13.361120, 3016.4623, 36.239449, 2816.3204, 2813.3550,
13.371830, 2951.1642, 34.049423, 2810.8936, 2807.9244,
13.382530, 2928.8739, 33.535370, 2805.5242, 2802.5589,
13.393240, 2933.1041, 35.053623, 2800.2055, 2797.2514,
13.403940, 2950.8514, 35.565884, 2794.9496, 2792.0142,
13.414650, 2938.3735, 39.327545, 2789.7499, 2786.8405,
13.425350, 2992.5621, 34.105461, 2784.6185, 2781.7421,
13.436050, 2973.1579, 34.098949, 2779.5535, 2776.7171,
13.446740, 2940.5911, 34.491581, 2774.5627, 2771.7729,
13.457440, 2978.0949, 35.321533, 2769.6391, 2766.9025,
13.468130, 3012.6454, 33.787552, 2764.7953, 2762.1181,
13.478830, 3007.7468, 32.999851, 2760.0247, 2757.4131,
13.489520, 2982.0955, 32.330704, 2755.3395, 2752.7993,
13.500200, 3038.5541, 33.758045, 2750.7423, 2748.2789,
13.510890, 3020.3028, 33.022415, 2746.2277, 2743.8464,
13.521570, 3136.0349, 32.685703, 2741.8068, 2739.5125,
13.532260, 3184.0613, 31.763592, 2737.4750, 2735.2723,
13.542940, 3185.9731, 31.922195, 2733.2430, 2731.1360,
13.553620, 3197.7118, 33.068432, 2729.1101, 2727.1027,
13.564290, 3150.9645, 32.292202, 2725.0834, 2723.1789,
13.574970, 3078.7460, 30.858021, 2721.1583, 2719.3597,
13.585640, 3120.3787, 30.271545, 2717.3457, 2715.6555,
13.596320, 3064.6087, 30.980768, 2713.6416, 2712.0618,
13.606990, 3043.6455, 31.370590, 2710.0565, 2708.5885,
13.617650, 3005.6222, 30.950920, 2706.5932, 2705.2379,
13.628320, 3008.9894, 29.782375, 2703.2491, 2702.0069,
13.638980, 2994.4499, 29.891582, 2700.0335, 2698.9041,
13.649650, 2922.0637, 29.999218, 2696.9444, 2695.9269,
13.660310, 2873.7035, 30.605417, 2693.9909, 2693.0837,
13.670970, 2850.4255, 33.499851, 2691.1739, 2690.3745,
13.681630, 2878.8700, 29.438511, 2688.4970, 2687.8025,
13.692280, 2895.4927, 30.148024, 2685.9665, 2685.3730,
13.702940, 2831.7774, 30.240353, 2683.5813, 2683.0841,
13.713590, 2789.2606, 31.328485, 2681.3499, 2680.9435,
13.724240, 2789.4526, 30.696619, 2679.2737, 2678.9518,
13.734890, 2724.9470, 30.202551, 2677.3572, 2677.1122,
13.745530, 2716.5714, 30.361483, 2675.6057, 2675.4293,
13.756180, 2704.5972, 31.314964, 2674.0202, 2673.9032,
13.766820, 2681.9419, 32.314259, 2672.6078, 2672.5396,
13.777460, 2779.1192, 33.213455, 2671.3713, 2671.3404,
13.788100, 2672.7917, 31.042597, 2670.3151, 2670.3088,
13.798740, 2682.8373, 31.897163, 2669.4435, 2669.4480,
13.809380, 2649.3801, 33.114769, 2668.7613, 2668.7613,
13.820010, 2644.5729, 33.528221, 2668.2713, 2668.2508,
13.830640, 2694.2244, 34.131268, 2667.9686, 2667.9124,
13.841270, 2653.8903, 33.467449, 2667.8470, 2667.7411,
13.851900, 2649.6200, 33.874325, 2667.9006, 2667.7321,
13.862530, 2628.3798, 43.191605, 2668.1233, 2667.8804,
13.873150, 2697.5664, 36.593483, 2668.5090, 2668.1809,
13.883780, 2690.0238, 36.920044, 2669.0524, 2668.6293,
13.894400, 2687.8014, 36.582340, 2669.7468, 2669.2200,
13.905020, 2720.8523, 37.890106, 2670.5870, 2669.9486,
13.915640, 2741.7426, 39.532261, 2671.5674, 2670.8104,
13.926250, 2739.1673, 40.417786, 2672.6814, 2671.7996,
13.936870, 2783.7582, 41.186535, 2673.9253, 2672.9133,
13.947480, 2708.3576, 39.448025, 2675.2917, 2674.1451,
13.958090, 2801.2644, 42.482021, 2676.7760, 2675.4908,
13.968700, 2809.4531, 44.017891, 2678.3733, 2676.9463,
13.979310, 2770.4903, 45.612534, 2680.0778, 2678.5066,
13.989910, 2817.7784, 44.825874, 2681.8829, 2680.1657,
14.000520, 2737.1687, 44.267799, 2683.7866, 2681.9220,
14.011120, 2760.6243, 46.764160, 2685.7803, 2683.7678,
14.021720, 2833.0074, 50.013973, 2687.8605, 2685.7001,
14.032320, 2838.4787, 51.915054, 2690.0223, 2687.7143,
14.042920, 2816.7647, 49.911613, 2692.2605, 2689.8060,
14.053510, 2832.6660, 50.833015, 2694.5679, 2691.9685,
14.064110, 2863.5876, 52.481968, 2696.9441, 2694.2015,
14.074700, 2684.3989, 55.368126, 2699.3795, 2696.4964,
14.085290, 2708.1855, 56.754009, 2701.8712, 2698.8505,
14.095870, 2773.7923, 40.925205, 2704.4123, 2701.2573,
14.106460, 2863.4074, 33.766212, 2707.0023, 2703.7168,
14.117040, 2904.0117, 34.232475, 2709.6319, 2706.2200,
14.127630, 2872.2513, 36.775284, 2712.3012, 2708.7674,
14.138210, 2899.6121, 37.906269, 2715.0000, 2711.3494,
14.148790, 2877.8900, 38.344425, 2717.7263, 2713.9642,
14.159370, 2958.3160, 38.777279, 2720.4751, 2716.6074,
14.169940, 2920.6236, 38.444656, 2723.2392, 2719.2718,
14.180520, 3087.3277, 70.356758, 2726.0190, 2721.9585,
14.182090, 3089.5816, 38.949928, 2726.4323, 2722.3585,
14.193560, 3122.0890, 37.300201, 2729.4561, 2725.2901,
14.205030, 3155.0115, 38.250908, 2732.4831, 2728.2335,
14.216500, 3174.8245, 39.443554, 2735.5067, 2731.1825,
14.227970, 3142.9049, 38.064148, 2738.5212, 2734.1319,
14.239430, 3106.4485, 35.691681, 2741.5179, 2737.0736,
14.250890, 3023.5120, 33.795052, 2744.4932, 2740.0042,
14.262350, 3018.2790, 34.894226, 2747.4413, 2742.9188,
14.273810, 2999.4351, 34.954666, 2750.3561, 2745.8113,
14.285270, 2939.1928, 34.466736, 2753.2311, 2748.6761,
14.296730, 2971.2333, 32.307968, 2756.0608, 2751.5080,
14.308180, 2920.9284, 31.362640, 2758.8363, 2754.2987,
14.319630, 2859.6903, 31.722755, 2761.5540, 2757.0451,
14.331080, 2869.7502, 33.135986, 2764.2079, 2759.7420,
14.342530, 2885.8032, 33.034389, 2766.7915, 2762.3833,
14.353970, 2922.6974, 31.325262, 2769.2965, 2764.9612,
14.365410, 2960.2637, 31.007236, 2771.7192, 2767.4728,
14.376860, 2855.0604, 31.059778, 2774.0550, 2769.9143,
14.388300, 2821.2811, 32.645962, 2776.2937, 2772.2759,
14.399730, 2819.0523, 32.412350, 2778.4289, 2774.5521,
14.411170, 2742.8021, 30.376013, 2780.4583, 2776.7414,
14.422600, 2772.7996, 30.476660, 2782.3716, 2778.8341,
14.434030, 2819.5405, 31.107435, 2784.1641, 2780.8265,
14.445460, 2780.8102, 32.807449, 2785.8295, 2782.7132,
14.456890, 2767.5499, 32.337482, 2787.3609, 2784.4881,
14.468320, 2766.5676, 31.517155, 2788.7516, 2786.1456,
14.479740, 2768.3878, 30.584976, 2789.9940, 2787.6788,
14.491160, 2764.1282, 30.414579, 2791.0825, 2789.0833,
14.502580, 2789.6897, 31.678041, 2792.0100, 2790.3532,
14.514000, 2805.3435, 31.445839, 2792.7698, 2791.4830,
14.525420, 2851.7783, 30.936903, 2793.3547, 2792.4667,
14.536830, 2808.6372, 28.713825, 2793.7574, 2793.2978,
14.548240, 2754.9387, 28.824696, 2793.9713, 2793.9713,
14.559650, 2765.9323, 36.013874, 2793.9929, 2794.4841,
14.571060, 2788.5700, 29.988529, 2793.8345, 2794.8438,
14.582470, 2794.9107, 29.450174, 2793.5121, 2795.0605,
14.593870, 2802.6351, 31.101519, 2793.0421, 2795.1447,
14.605270, 2768.3908, 28.681669, 2792.4400, 2795.1066,
14.616670, 2767.2126, 28.993986, 2791.7218, 2794.9566,
14.628070, 2822.5179, 33.786270, 2790.9030, 2794.7046,
14.639470, 2758.4594, 31.483612, 2789.9993, 2794.3609,
14.650860, 2814.3674, 29.109066, 2789.0273, 2793.9360,
14.662260, 2790.3808, 29.339878, 2788.0008, 2793.4392,
14.673650, 2779.6957, 29.710445, 2786.9372, 2792.8816,
14.685040, 2767.8747, 31.082190, 2785.8509, 2792.2726,
14.696420, 2779.6289, 31.513430, 2784.7587, 2791.6230,
14.707810, 2846.7560, 31.186224, 2783.6738, 2790.9416,
14.719190, 2800.3886, 31.123158, 2782.6139, 2790.2398,
14.730570, 2808.5869, 31.443151, 2781.5932, 2789.5268,
14.741950, 2841.5459, 34.126511, 2780.6274, 2788.8127,
14.753330, 2875.7556, 34.146847, 2779.7319, 2788.1075,
14.764700, 2829.5368, 34.012192, 2778.9230, 2787.4217,
14.776080, 2795.1475, 33.409859, 2778.2148, 2786.7642,
14.787450, 2813.3227, 34.095367, 2777.6241, 2786.1462,
14.798820, 2834.7298, 36.141464, 2777.1659, 2785.5769,
14.810190, 2821.0324, 35.919434, 2776.8559, 2785.0664,
14.821550, 2814.5395, 35.289337, 2776.7100, 2784.6252,
14.832920, 2844.0869, 34.995995, 2776.7438, 2784.2623,
14.844280, 2806.4187, 34.139618, 2776.9730, 2783.9885,
14.855640, 2791.6976, 36.304451, 2777.4136, 2783.8135,
14.866990, 2828.1277, 36.546860, 2778.0810, 2783.7473,
14.878350, 2787.1116, 36.418385, 2778.9926, 2783.7997,
14.889710, 2813.2515, 35.787399, 2780.1643, 2783.9811,
14.901060, 2817.3701, 35.420906, 2781.6108, 2784.3012,
14.912410, 2782.4112, 36.509453, 2783.3499, 2784.7702,
14.923760, 2765.6057, 37.500900, 2785.3982, 2785.3982,
14.935100, 2757.6344, 39.098671, 2787.7652, 2786.1924,
14.946450, 2803.9693, 38.609013, 2790.4499, 2787.1543,
14.957790, 2800.5606, 38.370487, 2793.4365, 2788.2800,
14.969130, 2791.3166, 39.365528, 2796.7168, 2789.5680,
14.980470, 2793.5086, 40.437447, 2800.2811, 2791.0163,
14.991810, 2810.0459, 42.449615, 2804.1193, 2792.6230,
15.003140, 2871.1179, 42.716709, 2808.2177, 2794.3842,
15.014480, 2866.7715, 41.520603, 2812.5733, 2796.3009,
15.025810, 2822.8954, 43.129993, 2817.1696, 2798.3682,
15.037140, 2823.7750, 43.359539, 2822.0001, 2800.5852,
15.048460, 2801.2727, 46.632408, 2827.0512, 2802.9483,
15.059790, 2748.6422, 46.115913, 2832.3223, 2805.4594,
15.071110, 2754.5378, 45.522949, 2837.7952, 2808.1124,
15.082440, 2723.2915, 34.152481, 2843.4705, 2810.9103,
15.093750, 2747.8792, 28.723114, 2849.3233, 2813.8432,
15.105070, 2732.4480, 30.006069, 2855.3606, 2816.9173,
15.116390, 2843.5904, 32.811569, 2861.5683, 2820.1281,
15.127700, 2725.0164, 32.518467, 2867.9317, 2823.4708,
15.139020, 2714.7426, 34.383568, 2874.4538, 2826.9499,
15.150330, 2769.7928, 34.454079, 2881.1141, 2830.5571,
15.162390, 2744.2491, 39.834530, 2888.3656, 2834.5465,
15.174730, 2818.9993, 39.878605, 2895.9346, 2838.7792,
15.187070, 2738.6600, 40.351082, 2903.6429, 2843.1618,
15.199410, 2816.6046, 43.062191, 2911.4808, 2847.6927,
15.211740, 2812.9450, 41.468430, 2919.4296, 2852.3653,
15.224080, 2820.8498, 39.110001, 2927.4933, 2857.1862,
15.236410, 2796.7548, 36.050804, 2935.6471, 2862.1447,
15.248740, 2805.6231, 36.180000, 2943.8873, 2867.2431,
15.261060, 2900.7602, 38.356636, 2952.1962, 2872.4749,
15.273390, 2829.8786, 36.927780, 2960.5776, 2877.8470,
15.285710, 2970.5522, 37.513943, 2969.0074, 2883.3490,
15.298030, 2926.2836, 34.071796, 2977.4812, 2888.9825,
15.310350, 2885.8470, 33.825916, 2985.9900, 2894.7467,
15.322660, 2889.6016, 35.413208, 2994.5154, 2900.6343,
15.334980, 2827.0202, 35.722542, 3003.0611, 2906.6531,
15.347290, 2864.4323, 36.680832, 3011.6036, 2912.7920,
15.359600, 2894.9076, 34.430328, 3020.1392, 2919.0540,
15.371900, 2980.6661, 34.811993, 3028.6504, 2925.4318,
15.384210, 2989.3678, 36.446884, 3037.1416, 2931.9347,
15.396510, 3029.1613, 37.981167, 3045.5885, 2938.5505,
15.408810, 3143.1762, 40.764812, 3053.9869, 2945.2820,
15.421110, 3043.4018, 37.005920, 3062.3278, 2952.1288,
15.433410, 3040.3236, 34.741158, 3070.5994, 2959.0882,
15.445700, 3013.4764, 34.455086, 3078.7889, 2966.1537,
15.457990, 3112.6191, 35.978104, 3086.9077, 2973.3291,
15.470280, 3122.4711, 37.558662, 3094.9637, 2980.6129,
15.482570, 3069.7902, 34.890182, 3102.9650, 2988.0037,
15.494860, 3126.7945, 33.673954, 3110.9193, 2995.5001,
15.507140, 3150.1544, 32.961525, 3118.8286, 3003.0946,
15.519420, 3349.3587, 34.169907, 3126.7062, 3010.7912,
15.531700, 4075.2346, 38.635857, 3134.5612, 3018.5895,
15.543980, 8682.4419, 54.815941, 3142.4003, 3026.4871,
15.556260, 10593.586, 59.137306, 3150.2324, 3034.4838,
15.568530, 5126.6755, 39.749622, 3158.0581, 3042.5707,
15.580800, 3282.3689, 32.786743, 3165.8920, 3050.7535,
15.593070, 3209.3421, 34.656502, 3173.7417, 3059.0307,
15.605340, 3235.0031, 35.511105, 3181.6151, 3067.4012,
15.617600, 3270.8745, 35.405087, 3189.5138, 3075.8571,
15.629860, 3254.0143, 33.569248, 3197.4513, 3084.4030,
15.642120, 3228.3569, 32.289001, 3205.4365, 3093.0390,
15.654380, 3267.5362, 33.038757, 3213.4762, 3101.7627,
15.666640, 3278.6713, 33.300514, 3221.5793, 3110.5742,
15.678890, 3245.7602, 33.051926, 3229.7464, 3119.4641,
15.691140, 3329.1419, 32.127033, 3237.9921, 3128.4388,
15.703390, 3330.1961, 30.252819, 3246.3245, 3137.4971,
15.715640, 3350.5991, 31.330004, 3254.7517, 3146.6381,
15.727890, 3361.1800, 31.955509, 3263.2818, 3155.8606,
15.740130, 3367.8985, 33.262886, 3271.9160, 3165.1563,
15.752370, 3325.3765, 32.509975, 3280.6686, 3174.5306,
15.764610, 3436.0713, 32.060375, 3289.5492, 3183.9839,
15.776850, 3464.1812, 33.026123, 3298.5647, 3193.5139,
15.789090, 3419.0985, 33.293583, 3307.7249, 3203.1209,
15.801320, 3388.2305, 34.546753, 3317.0295, 3212.7951,
15.813550, 3509.8303, 37.161217, 3326.4950, 3222.5435,
15.825780, 3540.7221, 36.418957, 3336.1299, 3232.3653,
15.838010, 3498.5593, 36.316811, 3345.9429, 3242.2596,
15.850230, 3466.0204, 36.673206, 3355.9350, 3252.2177,
15.862450, 3558.1516, 38.101135, 3366.1218, 3262.2455,
15.874670, 3563.2202, 39.960968, 3376.5141, 3272.3439,
15.886890, 3539.1133, 38.891663, 3387.1200, 3282.5111,
15.899110, 3644.0062, 39.831013, 3397.9481, 3292.7455,
15.911320, 3512.1904, 37.512424, 3408.9997, 3303.0390,
15.923540, 3593.2032, 38.764347, 3420.3024, 3313.4077,
15.935750, 3564.9015, 40.351212, 3431.8465, 3323.8330,
15.947960, 3576.6868, 41.013634, 3443.6513, 3334.3230,
15.960160, 3573.4107, 40.572990, 3455.7171, 3344.8686,
15.972370, 3565.1863, 40.726219, 3468.0728, 3355.4856,
15.984570, 3597.5386, 39.966980, 3480.7082, 3366.1557,
15.996770, 3590.3198, 40.260201, 3493.6452, 3376.8883,
16.008961, 3681.5435, 42.211823, 3506.8827, 3387.6732,
16.021160, 3681.3323, 42.964046, 3520.4510, 3398.5259,
16.033350, 3740.5629, 44.004498, 3534.3408, 3409.4295,
16.045549, 3570.2729, 41.811897, 3548.5847, 3420.4003,
16.057739, 3691.5067, 43.495461, 3563.1716, 3431.4205,
16.069920, 3613.2186, 44.416916, 3578.1120, 3442.4894,
16.082109, 3551.6931, 44.803482, 3593.4408, 3453.6237,
16.094290, 3585.4029, 46.347767, 3609.1458, 3464.8052,
16.106470, 3578.5337, 47.404888, 3625.2507, 3476.0420,
16.118650, 3586.1027, 46.265984, 3641.7677, 3487.3337,
16.130831, 3626.7795, 45.684731, 3658.7091, 3498.6794,
16.143009, 3592.3463, 45.380772, 3676.0847, 3510.0769,
16.155180, 3552.1611, 46.425140, 3693.8987, 3521.5202,
16.167351, 3730.5401, 51.796471, 3712.1749, 3533.0158,
16.179520, 3747.2742, 49.658855, 3730.9235, 3544.5614,
16.191681, 3561.8779, 45.931389, 3750.1487, 3556.1508,
16.203850, 3669.8131, 49.731461, 3769.8885, 3567.7983,
16.216009, 3752.2282, 51.270569, 3790.1289, 3579.4866,
16.228170, 3825.5106, 57.075562, 3810.9028, 3591.2264,
16.240330, 3781.1781, 55.123093, 3832.2182, 3603.0134,
16.252489, 3883.3356, 56.810349, 3854.0934, 3614.8490,
16.264641, 3694.6891, 54.639114, 3876.5176, 3626.7252,
16.276791, 4085.7535, 61.291988, 3899.4584, 3638.6471,
16.288950, 3997.2043, 61.513405, 3922.8841, 3650.6254,
16.301090, 4139.8457, 72.601105, 3946.6857, 3662.6315,
16.313240, 4229.9350, 70.621002, 3970.8656, 3674.6933,
16.325380, 4205.0300, 74.812538, 3995.3330, 3686.7912,
16.337530, 4400.0960, 52.015648, 4020.0735, 3698.9440,
16.349670, 4554.8949, 45.493927, 4044.9957, 3711.1320,
16.361799, 4593.8859, 44.286026, 4070.0428, 3723.3529,
16.373940, 5012.2775, 51.173111, 4095.2096, 3735.6294,
16.386070, 5116.0338, 49.995522, 4120.4005, 3747.9398,
16.398211, 5398.5785, 53.904469, 4145.6028, 3760.3031,
16.410339, 5283.9410, 48.895947, 4170.7208, 3772.6976,
16.422461, 5403.0987, 55.460720, 4195.7103, 3785.1267,
16.434589, 5415.9818, 54.658169, 4220.5506, 3797.6057,
16.446711, 5215.5864, 52.701523, 4245.1582, 3810.1186,
16.458839, 5278.0434, 50.589500, 4269.5115, 3822.6807,
16.470961, 5171.0751, 54.307518, 4293.5275, 3835.2760,
16.483070, 5016.4632, 52.010338, 4317.1467, 3847.9001,
16.495190, 4858.8569, 68.939041, 4340.3574, 3860.5744,
16.500280, 5214.4630, 54.740669, 4349.9668, 3865.9103,
16.513599, 4923.1548, 49.675865, 4374.6786, 3879.9039,
16.526911, 4839.4610, 45.463936, 4398.6985, 3893.9374,
16.540211, 4809.0606, 45.642696, 4421.9501, 3908.0062,
16.553520, 4644.6228, 45.420547, 4444.3984, 3922.1321,
16.566820, 4691.8826, 46.496075, 4465.9391, 3936.2946,
16.580120, 4586.0528, 45.304180, 4486.5159, 3950.5034,
16.593420, 4491.0029, 42.454613, 4506.0555, 3964.7582,
16.606710, 4571.4488, 43.317894, 4524.4711, 3979.0484,
16.620001, 4434.1727, 43.454208, 4541.7336, 3993.3839,
16.633301, 4539.6784, 46.041157, 4557.9342, 4007.7748,
16.646589, 4612.7260, 46.835400, 4573.1576, 4022.1979,
16.659870, 4603.2376, 43.955757, 4587.5197, 4036.6572,
16.673149, 4713.5276, 42.294189, 4601.1365, 4051.1586,
16.686440, 4722.7035, 40.754368, 4614.1292, 4065.7163,
16.699711, 4745.1321, 41.135471, 4626.5763, 4080.2968,
16.712990, 4787.9253, 43.306557, 4638.6110, 4094.9290,
16.726271, 4698.3621, 42.961311, 4650.3350, 4109.6065,
16.739540, 4794.2668, 41.921471, 4661.8437, 4124.3143,
16.752810, 4753.3316, 40.240585, 4673.2539, 4139.0647,
16.766081, 4783.0465, 39.824692, 4684.6739, 4153.8599,
16.779341, 4764.4493, 41.393829, 4696.1987, 4168.6845,
16.792601, 4805.3862, 44.412914, 4707.9445, 4183.5512,
16.805870, 4800.1454, 44.550362, 4720.0269, 4198.4707,
16.819120, 4792.3433, 42.877045, 4732.5260, 4213.4104,
16.832380, 4859.9060, 40.034603, 4745.5755, 4228.4026,
16.845631, 4688.6814, 37.295937, 4759.2639, 4243.4255,
16.858891, 4694.7331, 38.291286, 4773.7186, 4258.5005,
16.872141, 4791.9253, 40.222111, 4788.9935, 4273.6060,
16.885380, 4833.3472, 40.472858, 4805.0256, 4288.7396,
16.898630, 4790.9109, 39.385406, 4821.7509, 4303.9273,
16.911869, 4820.6889, 38.105751, 4839.0493, 4319.1428,
16.925110, 4874.6043, 38.473225, 4856.8465, 4334.4013,
16.938351, 4813.8658, 39.841904, 4875.0497, 4349.7007,
16.951580, 4789.9979, 41.749367, 4893.5524, 4365.0275,
16.964821, 4872.5647, 44.128551, 4912.2966, 4380.4083,
16.978050, 4929.0202, 43.077606, 4931.1600, 4395.8164,
16.991270, 5112.2076, 42.219006, 4950.0557, 4411.2540,
17.004499, 5036.4890, 39.970039, 4968.9212, 4426.7433,
17.017719, 5590.5113, 41.960720, 4987.6399, 4442.2619,
17.030951, 6768.2016, 47.700466, 5006.1517, 4457.8346,
17.044161, 6151.2318, 46.711624, 5024.3220, 4473.4231,
17.057381, 5196.6196, 42.365921, 5042.1033, 4489.0634,
17.070601, 5183.6623, 41.224777, 5059.3922, 4504.7444,
17.083811, 5313.9504, 43.109497, 5076.0865, 4520.4547,
17.097019, 5124.0906, 40.708614, 5092.1059, 4536.2033,
17.110229, 5268.1003, 43.918098, 5107.3641, 4551.9950,
17.123430, 5169.2573, 45.040096, 5121.7572, 4567.8161,
17.136641, 5182.4195, 45.186317, 5135.2138, 4583.6894,
17.149839, 5233.3056, 44.802238, 5147.6204, 4599.5900,
17.163040, 5082.3865, 42.995457, 5158.8974, 4615.5339,
17.176229, 5134.9777, 42.721687, 5168.9411, 4631.5050,
17.189430, 5183.2922, 43.253510, 5177.7035, 4647.5313,
17.202620, 5210.7434, 44.430954, 5185.2203, 4663.5851,
17.215811, 5274.7191, 44.108994, 5191.5798, 4679.6827,
17.229000, 5164.5588, 42.672901, 5196.8584, 4695.8196,
17.242180, 5318.8729, 43.293613, 5201.1323, 4711.9866,
17.255369, 5338.1025, 44.502510, 5204.4847, 4728.2073,
17.268551, 5251.8043, 45.634201, 5206.9875, 4744.4608,
17.281719, 5214.7698, 45.938061, 5208.7173, 4760.7400,
17.294901, 5509.1456, 50.732590, 5209.7531, 4777.0782,
17.308069, 5667.1340, 53.866199, 5210.1676, 4793.4426,
17.321251, 5489.9227, 49.451504, 5210.0360, 4809.8664,
17.334410, 5593.3990, 50.783009, 5209.4332, 4826.3049,
17.347580, 5894.4866, 53.290993, 5208.4321, 4842.8009,
17.360750, 5788.0105, 53.467415, 5207.1063, 4859.3406,
17.373911, 5960.8077, 56.487480, 5205.5304, 4875.9121,
17.387070, 5883.0793, 55.142803, 5203.7768, 4892.5253,
17.400230, 5846.8153, 54.835129, 5201.9177, 4909.1853,
17.413380, 5628.3241, 50.761833, 5200.0279, 4925.8754,
17.426540, 5728.8970, 52.458908, 5198.1766, 4942.6250,
17.439690, 5531.6833, 51.499897, 5196.4398, 4959.4052,
17.452841, 5607.7466, 56.067619, 5194.8883, 4976.2334,
17.465981, 5401.3357, 55.277542, 5193.5962, 4993.0928,
17.479130, 5427.8101, 55.866116, 5192.6342, 5010.0106,
17.492270, 5337.4977, 54.894207, 5192.0767, 5026.9627,
17.505409, 5220.9860, 54.340111, 5191.9961, 5043.9616,
17.518551, 5295.4872, 57.194160, 5192.4662, 5061.0103,
17.531679, 5275.3767, 58.112419, 5193.5594, 5078.0893,
17.544821, 5201.6409, 57.833706, 5195.3522, 5095.2336,
17.557949, 5105.9128, 56.435871, 5197.9155, 5112.4089,
17.571079, 5203.2884, 57.341652, 5201.3263, 5129.6355,
17.584200, 5133.0690, 55.769379, 5205.6390, 5146.8989,
17.597330, 5362.7205, 57.792904, 5210.8480, 5164.2244,
17.610451, 5367.0597, 59.361656, 5216.9173, 5181.5874,
17.623569, 5217.8740, 59.959675, 5223.8212, 5198.9985,
17.636690, 5574.3655, 74.086212, 5231.5342, 5216.4630,
17.649799, 5314.1381, 65.448143, 5240.0206, 5233.9639,
17.662910, 5210.0601, 66.897835, 5249.2617, 5251.5192,
17.676029, 5546.5422, 66.941170, 5259.2363, 5269.1372,
17.689131, 5466.9169, 75.925880, 5269.8992, 5286.7851,
17.702240, 5490.5557, 79.058167, 5281.2449, 5304.4968,
17.715349, 5244.7025, 73.348190, 5293.2426, 5322.2625,
17.728451, 5367.9181, 75.975655, 5305.8604, 5340.0725,
17.741550, 5323.5824, 67.406059, 5319.0796, 5357.9350,
17.754641, 5670.3901, 53.040253, 5332.8680, 5375.8402,
17.767740, 5523.5018, 48.641117, 5347.2229, 5393.8147,
17.780830, 5646.4089, 55.265850, 5362.1004, 5411.8330,
17.793921, 5545.2038, 50.398746, 5377.4887, 5429.9088,
17.807011, 5454.5165, 47.987289, 5393.3656, 5448.0427,
17.820101, 5627.2449, 52.590271, 5409.7094, 5466.2354,
17.833179, 5607.3519, 51.940689, 5426.4839, 5484.4715,
17.846270, 5544.9189, 49.341785, 5443.6972, 5502.7837,
17.859341, 5583.7628, 49.909542, 5461.2880, 5521.1298,
17.872419, 5648.4173, 56.401585, 5479.2711, 5539.5481,
17.885500, 5776.7199, 62.075165, 5497.6188, 5558.0313,
17.898569, 5747.1502, 61.443867, 5516.2918, 5576.5610,
17.911640, 5632.2679, 59.880348, 5535.2890, 5595.1571,
17.924709, 5461.8035, 56.478775, 5554.5851, 5613.8147,
17.937780, 5858.8384, 96.458733, 5574.1663, 5632.5401,
17.941250, 5647.8831, 56.383018, 5579.4088, 5637.5215,
17.955721, 5560.7900, 54.406471, 5601.4666, 5658.3490,
17.970181, 5653.6452, 54.517933, 5623.7969, 5679.2420,
17.984650, 5631.0615, 53.090149, 5646.4063, 5700.2320,
17.999109, 5651.5454, 53.062691, 5669.2395, 5721.2925,
18.013571, 5684.8440, 53.702904, 5692.2892, 5742.4413,
18.028021, 5662.4429, 52.030273, 5715.5088, 5763.6599,
18.042480, 5842.5105, 51.712940, 5738.9071, 5784.9804,
18.056931, 5742.5567, 50.633938, 5762.4284, 5806.3758,
18.071381, 5783.4334, 51.630516, 5786.0634, 5827.8615,
18.085819, 5740.6987, 54.721115, 5809.7725, 5849.4217,
18.100269, 5821.1176, 55.682644, 5833.5872, 5871.0919,
18.114710, 6002.6656, 55.311752, 5857.4707, 5892.8419,
18.129150, 5937.4557, 51.394897, 5881.4367, 5914.6873,
18.143579, 5865.0820, 48.522499, 5905.4637, 5936.6123,
18.158020, 5853.6282, 46.940643, 5929.5881, 5958.6530,
18.172449, 5976.1308, 50.709881, 5953.7694, 5980.7758,
18.186880, 5956.2562, 52.288307, 5978.0282, 6003.0027,
18.201300, 6115.0996, 54.153549, 6002.3399, 6025.3145,
18.215719, 5932.1958, 52.457226, 6026.7221, 6047.7303,
18.230150, 5992.0882, 50.791187, 6051.1924, 6070.2696,
18.244560, 6043.5573, 49.159355, 6075.6941, 6092.8832,
18.258980, 6040.4947, 49.016052, 6100.2773, 6115.6206,
18.273390, 6151.2458, 50.158897, 6124.9079, 6138.4533,
18.287800, 6176.3708, 50.996475, 6149.6006, 6161.3980,
18.302210, 6300.1271, 51.159290, 6174.3538, 6184.4564,
18.316620, 6211.2556, 48.531075, 6199.1663, 6207.6302,
18.331020, 6186.0470, 47.788654, 6224.0199, 6230.9059,
18.345421, 6283.8016, 49.966156, 6248.9299, 6254.3004,
18.359819, 6228.1553, 51.554039, 6273.8915, 6277.8125,
18.374210, 6434.5240, 56.143913, 6298.8935, 6301.4347,
18.388611, 6324.9562, 54.050140, 6323.9644, 6325.1970,
18.403000, 6244.5994, 50.338512, 6349.0667, 6349.0667,
18.417379, 6351.7227, 48.974426, 6374.2022, 6373.0478,
18.431770, 6389.5311, 47.898178, 6399.4061, 6397.1728,
18.446150, 6256.4725, 46.345837, 6424.6369, 6421.3998,
18.460529, 6566.0344, 51.515438, 6449.9131, 6445.7448,
18.474911, 6562.1296, 54.045029, 6475.2367, 6470.2074,
18.489281, 6829.8783, 55.740360, 6500.5827, 6494.7617,
18.503660, 6525.8576, 53.665943, 6525.9867, 6519.4402,
18.518030, 6393.1708, 50.281681, 6551.4136, 6544.2069,
18.532391, 6658.5505, 49.234993, 6576.8622, 6569.0584,
18.546761, 6667.8817, 49.698002, 6602.3649, 6594.0245,
18.561119, 6480.9878, 49.805561, 6627.8832, 6619.0656,
18.575480, 6848.8652, 53.775818, 6653.4397, 6644.2018,
18.589840, 6797.6319, 53.541328, 6679.0296, 6669.4267,
18.604191, 6752.7779, 52.158421, 6704.6349, 6694.7202,
18.618549, 6941.7614, 52.691166, 6730.2850, 6720.1097,
18.632900, 6978.8220, 52.428699, 6755.9516, 6745.5652,
18.647240, 7103.2014, 57.395393, 6781.6266, 6771.0767,
18.661591, 7128.1043, 57.946785, 6807.3500, 6796.6819,
18.675930, 8221.3812, 62.062843, 6833.0796, 6822.3371,
18.690269, 12259.245, 73.199707, 6858.8351, 6848.0598,
18.704611, 23934.085, 100.13535, 6884.6187, 6873.8504,
18.718941, 20370.613, 87.346008, 6910.4054, 6899.6821,
18.733271, 9705.7663, 59.887299, 6936.2149, 6925.5724,
18.747601, 7319.0898, 56.038605, 6962.0462, 6951.5186,
18.761930, 7251.0648, 59.897087, 6987.8984, 6977.5178,
18.776260, 7177.4143, 62.149582, 7013.7705, 7003.5672,
18.790581, 7322.5170, 63.094059, 7039.6444, 7029.6466,
18.804899, 7237.5480, 58.840973, 7065.5329, 7055.7671,
18.819220, 7248.8765, 56.762299, 7091.4421, 7081.9328,
18.833530, 7487.1991, 58.016018, 7117.3504, 7108.1200,
18.847839, 7261.3950, 56.113754, 7143.2707, 7134.3399,
18.862150, 7429.5787, 60.574432, 7169.2091, 7160.5968,
18.876459, 7482.4298, 64.084045, 7195.1579, 7186.8809,
18.890770, 7546.5518, 63.369064, 7221.1231, 7213.1965,
18.905069, 7670.6089, 64.419052, 7247.0797, 7239.5164,
18.919371, 7526.1406, 62.552090, 7273.0511, 7265.8623,
18.933670, 7714.7189, 65.370354, 7299.0297, 7292.2246,
18.947960, 7922.6344, 71.171677, 7325.0007, 7318.5865,
18.962250, 7562.4646, 69.121384, 7350.9806, 7344.9628,
18.976540, 7621.3363, 70.308334, 7376.9689, 7371.3510,
18.990829, 8038.2458, 71.618202, 7402.9645, 7397.7484,
19.005119, 7823.7097, 68.524620, 7428.9669, 7424.1522,
19.019400, 7565.8905, 63.661366, 7454.9579, 7450.5422,
19.033680, 7537.3364, 63.471313, 7480.9542, 7476.9333,
19.047960, 7728.0117, 68.609802, 7506.9548, 7503.3230,
19.062229, 7879.9931, 76.027046, 7532.9384, 7529.6874,
19.076500, 8043.1710, 91.987625, 7558.9284, 7556.0485,
19.090771, 7523.8008, 74.718880, 7584.9207, 7582.4001,
19.105040, 7662.8328, 75.100555, 7610.9111, 7608.7360,
19.119310, 7893.0040, 74.530838, 7636.9057, 7635.0608,
19.133570, 7732.3238, 70.210144, 7662.8796, 7661.3469,
19.147829, 7671.5327, 73.219772, 7688.8528, 7687.6130,
19.162090, 7864.4026, 78.211655, 7714.8281, 7713.8599,
19.176340, 7999.2175, 81.297043, 7740.7804, 7740.0603,
19.190599, 7852.1751, 84.855186, 7766.7473, 7766.2501,
19.204849, 7965.6793, 86.017174, 7792.6932, 7792.3916,
19.219101, 7950.5465, 83.473679, 7818.6384, 7818.5032,
19.233339, 7520.9191, 78.692909, 7844.5542, 7844.5542,
19.247580, 7853.1163, 88.747910, 7870.4679, 7870.5710,
19.261820, 7932.5095, 79.656754, 7896.3769, 7896.5533,
19.276060, 7730.1973, 86.744911, 7922.2821, 7922.5053,
19.290300, 8270.9357, 87.664154, 7948.1843, 7948.4313,
19.304529, 7854.4369, 93.388229, 7974.0638, 7974.3147,
19.318760, 7995.1540, 93.824478, 7999.9458, 8000.1841,
19.332991, 8171.6606, 94.747444, 8025.8278, 8026.0403,
19.347219, 8025.0952, 91.929489, 8051.7071, 8051.8839,
19.361441, 8476.1414, 101.04283, 8077.5745, 8077.7089,
19.375660, 8397.1473, 108.90017, 8103.4412, 8103.5298,
19.389879, 7488.2424, 98.320435, 8129.3116, 8129.3543,
19.404100, 8119.9404, 105.58964, 8155.1902, 8155.1902,
19.418310, 8217.0510, 103.92432, 8181.0536, 8181.0173,
19.432520, 8553.5699, 109.84074, 8206.9236, 8206.8607,
