# wave, flux, fluxerr, continuum, continuum_plateau
9.9725246, 225.64832, 21.369108, 219.95609, 219.94433,
9.9806166, 203.92397, 22.020060, 218.68623, 218.67983,
9.9887066, 245.08443, 18.659492, 217.44017, 217.43742,
9.9967957, 177.17350, 16.655331, 216.21826, 216.21760,
10.004880, 246.97624, 19.946844, 215.02155, 215.02155,
10.012970, 184.53507, 18.707048, 213.84898, 213.84836,
10.021050, 221.33851, 16.790810, 212.70327, 212.70088,
10.029140, 319.94617, 18.311289, 211.58221, 211.57703,
10.037220, 221.59240, 19.150990, 210.48911, 210.48024,
10.045300, 248.69162, 16.739605, 209.42302, 209.40968,
10.053380, 179.11078, 15.127327, 208.38435, 208.36588,
10.061460, 214.39976, 17.249275, 207.37388, 207.34974,
10.069540, 186.89937, 16.552963, 206.39192, 206.36168,
10.077610, 221.40131, 15.176600, 205.44037, 205.40369,
10.085690, 281.26854, 16.596052, 204.51742, 204.47405,
10.093760, 215.53087, 17.214685, 203.62581, 203.57563,
10.101830, 190.40196, 15.333244, 202.76500, 202.70795,
10.109900, 149.36069, 14.228078, 201.93549, 201.87160,
10.117970, 166.91854, 16.077698, 201.13805, 201.06744,
10.126040, 182.74482, 16.175669, 200.37318, 200.29604,
10.134100, 162.05272, 14.653147, 199.64241, 199.55901,
10.142170, 242.40743, 15.342990, 198.94445, 198.85510,
10.150230, 220.58940, 16.244156, 198.28166, 198.18675,
10.158300, 219.71457, 15.280931, 197.65309, 197.55306,
10.166360, 203.40416, 13.901184, 197.06092, 196.95627,
10.174420, 247.89544, 15.377687, 196.50490, 196.39617,
10.182470, 168.64144, 14.759001, 195.98640, 195.87417,
10.190530, 224.27867, 15.247267, 195.50479, 195.38966,
10.198590, 254.83524, 14.476814, 195.06130, 194.94392,
10.206640, 187.00797, 14.854568, 194.65719, 194.53821,
10.214690, 232.33054, 14.887717, 194.29254, 194.17264,
10.222750, 191.97603, 13.580874, 193.96766, 193.84755,
10.230800, 203.33700, 14.555185, 193.68405, 193.56441,
10.238850, 187.28959, 15.590792, 193.44200, 193.32352,
10.246890, 209.73869, 14.310278, 193.24244, 193.12582,
10.254940, 219.96072, 14.456360, 193.08564, 192.97155,
10.262990, 248.42703, 16.562880, 192.97259, 192.86169,
10.271030, 239.91939, 16.676935, 192.90411, 192.79702,
10.279070, 269.22522, 15.895267, 192.88079, 192.77811,
10.287120, 256.07451, 16.867975, 192.90345, 192.80575,
10.295150, 157.83913, 17.804609, 192.97271, 192.88049,
10.303190, 254.73166, 17.925484, 193.08955, 193.00327,
10.311230, 247.19741, 16.784889, 193.25467, 193.17475,
10.319270, 193.51525, 18.401842, 193.46895, 193.39570,
10.327300, 222.24187, 20.897867, 193.73280, 193.66649,
10.335340, 213.72980, 18.276051, 194.04772, 193.98853,
10.343370, 207.40267, 19.388401, 194.41386, 194.36188,
10.351400, 209.28108, 21.564341, 194.83233, 194.78755,
10.359430, 216.26858, 21.879421, 195.30405, 195.26636,
10.367460, 250.17613, 20.383205, 195.82990, 195.79908,
10.375480, 197.68127, 21.098070, 196.40998, 196.38569,
10.383510, 185.92092, 24.299694, 197.04673, 197.02849,
10.391530, 214.44136, 23.228979, 197.73948, 197.72670,
10.399560, 267.12059, 18.599989, 198.49082, 198.48275,
10.407580, 227.73732, 16.776644, 199.29992, 199.29566,
10.415600, 193.30517, 17.506765, 200.16848, 200.16696,
10.423620, 206.64826, 18.424561, 201.09769, 201.09769,
10.431640, 163.64396, 17.487349, 202.08782, 202.08798,
10.439650, 214.15374, 17.995070, 203.13621, 203.13527,
10.447670, 218.48491, 18.636547, 204.24350, 204.24035,
10.455680, 219.13210, 17.599249, 205.40486, 205.39851,
10.463700, 199.95513, 16.961803, 206.62137, 206.61097,
10.471710, 241.09766, 19.213490, 207.88793, 207.87273,
10.479720, 212.47041, 19.443876, 209.20417, 209.18355,
10.487730, 216.36838, 18.620361, 210.56819, 210.54162,
10.495730, 332.52531, 21.343710, 211.97639, 211.94344,
10.503740, 389.10078, 25.155809, 213.43025, 213.39056,
10.511750, 394.99565, 24.934315, 214.92624, 214.87956,
10.519750, 326.37381, 23.340931, 216.46047, 216.40661,
10.527750, 240.22286, 26.057270, 218.03321, 217.97204,
10.535750, 231.84888, 30.667315, 219.64244, 219.57392,
10.543750, 284.95412, 29.840181, 221.28614, 221.21026,
10.551750, 223.90614, 31.344154, 222.96288, 222.87970,
10.559750, 180.99153, 33.230103, 224.67045, 224.58006,
10.567850, 249.40456, 16.501701, 226.42937, 226.33183,
10.576350, 279.70399, 17.578678, 228.30523, 228.20039,
10.584840, 274.58179, 16.938732, 230.20751, 230.09563,
10.593340, 243.16326, 15.065615, 232.13877, 232.02014,
10.601830, 280.50231, 14.846926, 234.09212, 233.96706,
10.610330, 259.85992, 15.670469, 236.07026, 235.93910,
10.618820, 248.49730, 15.399897, 238.06642, 237.92955,
10.627310, 228.99315, 14.013048, 240.08047, 239.93828,
10.635800, 248.66474, 14.661511, 242.11075, 241.96365,
10.644280, 311.24005, 16.732841, 244.15241, 244.00084,
10.652770, 259.90790, 15.037354, 246.20817, 246.05256,
10.661250, 271.01107, 14.183798, 248.27133, 248.11214,
10.669740, 286.62176, 15.448998, 250.34443, 250.18213,
10.678220, 249.43966, 15.468498, 252.42074, 252.25580,
10.686700, 260.83633, 14.529444, 254.50051, 254.33341,
10.695180, 286.95690, 14.821488, 256.58165, 256.41288,
10.703650, 267.12517, 15.549036, 258.65974, 258.48980,
10.712130, 267.82797, 15.580398, 260.73717, 260.56655,
10.720600, 299.39745, 15.143608, 262.80764, 262.63686,
10.729080, 286.01206, 15.074554, 264.87350, 264.70309,
10.737550, 273.46819, 16.153271, 266.92781, 266.75829,
10.746020, 264.38665, 15.545851, 268.97127, 268.80319,
10.754490, 312.18882, 15.345631, 271.00135, 270.83525,
10.762960, 275.10360, 15.625919, 273.01641, 272.85287,
10.771420, 305.13421, 17.136940, 275.01146, 274.85106,
10.779890, 299.35604, 16.432516, 276.98979, 276.83316,
10.788350, 341.95659, 16.568333, 278.94420, 278.79196,
10.796810, 288.74786, 17.059435, 280.87505, 280.72786,
10.805270, 329.20137, 18.547421, 282.78024, 282.63880,
10.813730, 349.74855, 17.480045, 284.65765, 284.52269,
10.822190, 295.84845, 16.369698, 286.50518, 286.37747,
10.830650, 250.54154, 17.087612, 288.32070, 288.20105,
10.839100, 246.84640, 17.571251, 290.09989, 289.98916,
10.847560, 308.36352, 17.272507, 291.84503, 291.74416,
10.856010, 307.94458, 17.165241, 293.54984, 293.45980,
10.864460, 310.03061, 18.989161, 295.21396, 295.13581,
10.872910, 333.96208, 20.039835, 296.83543, 296.77030,
10.881360, 296.97685, 18.236877, 298.41224, 298.36135,
10.889800, 326.45415, 19.226267, 299.94017, 299.90480,
10.898250, 234.71491, 20.578926, 301.42064, 301.40221,
10.906690, 305.92809, 21.410093, 302.84810, 302.84810,
10.915140, 303.71427, 20.126251, 304.22428, 304.24431,
10.923580, 343.42909, 22.110706, 305.54636, 305.58781,
10.932020, 376.09923, 25.254482, 306.81722, 306.88134,
10.940460, 308.65616, 23.929834, 308.03798, 308.12585,
10.948890, 231.96068, 23.295933, 309.20835, 309.32083,
10.957330, 407.10592, 26.750523, 310.33233, 310.47019,
10.965760, 396.78466, 21.926500, 311.40834, 311.57215,
10.974200, 381.05244, 20.223831, 312.43989, 312.63012,
10.982630, 449.97576, 19.385399, 313.42560, 313.64254,
10.991060, 499.21741, 20.443151, 314.36795, 314.61177,
10.999490, 486.53918, 23.272697, 315.26775, 315.53853,
11.007920, 474.06749, 23.014078, 316.12625, 316.42393,
11.016340, 439.48581, 22.332615, 316.94336, 317.26775,
11.024770, 448.50643, 23.648155, 317.72203, 318.07291,
11.033190, 439.49760, 25.849340, 318.46152, 318.83849,
11.041610, 448.55845, 26.904629, 319.16369, 319.56632,
11.050030, 316.84136, 26.145695, 319.82953, 320.25730,
11.058450, 443.27746, 29.857189, 320.46000, 320.91231,
11.066870, 352.57183, 30.500214, 321.05606, 321.53224,
11.075290, 363.10277, 30.981976, 321.61865, 322.11797,
11.083700, 400.27730, 29.728367, 322.14812, 322.66977,
11.092120, 362.42057, 31.243626, 322.64662, 323.18977,
11.100530, 373.36618, 35.866890, 323.11388, 323.67761,
11.108940, 358.08415, 33.746639, 323.55150, 324.13488,
11.117350, 442.77817, 47.016476, 323.96027, 324.56233,
11.120570, 437.69711, 21.784676, 324.10938, 324.71832,
11.129530, 477.22071, 20.614590, 324.50312, 325.13042,
11.138500, 497.60847, 20.134886, 324.86706, 325.51154,
11.147460, 561.92067, 21.811293, 325.20141, 325.86184,
11.156430, 646.85322, 23.104897, 325.50802, 326.18315,
11.165390, 660.22214, 21.248640, 325.78720, 326.47576,
11.174350, 764.36815, 21.711248, 326.04038, 326.74109,
11.183300, 903.11083, 24.155191, 326.26835, 326.97991,
11.192260, 1004.1685, 25.154469, 326.47262, 327.19374,
11.201220, 1084.3926, 24.275618, 326.65394, 327.38334,
11.210170, 1052.2254, 23.676029, 326.81316, 327.54955,
11.219120, 1054.5571, 24.949951, 326.95150, 327.69358,
11.228070, 1092.2866, 25.584166, 327.06994, 327.81646,
11.237020, 1082.1000, 23.590572, 327.16945, 327.91915,
11.245970, 1026.4620, 23.255148, 327.25104, 328.00269,
11.254920, 1065.4119, 24.418385, 327.31568, 328.06806,
11.263860, 1038.1063, 24.130016, 327.36427, 328.11621,
11.272800, 1010.2321, 22.738983, 327.39789, 328.14821,
11.281750, 1018.4414, 23.167503, 327.41748, 328.16506,
11.290690, 950.47774, 23.375313, 327.42397, 328.16771,
11.299630, 909.23773, 22.818138, 327.41833, 328.15718,
11.308560, 860.56870, 21.517729, 327.40154, 328.13447,
11.317500, 793.11679, 21.092880, 327.37450, 328.10052,
11.326430, 826.18256, 22.996500, 327.33820, 328.05638,
11.335370, 782.31748, 22.106209, 327.29351, 328.00293,
11.344300, 705.17984, 20.402248, 327.24146, 327.94127,
11.353230, 706.66070, 20.912685, 327.18292, 327.87231,
11.362160, 685.61400, 21.897846, 327.11884, 327.79704,
11.371080, 702.22787, 22.052975, 327.05020, 327.71650,
11.380010, 663.17072, 20.820347, 326.97779, 327.63151,
11.388930, 688.22386, 21.404888, 326.90269, 327.54320,
11.397850, 635.48849, 22.226366, 326.82573, 327.45247,
11.406780, 610.06375, 21.728035, 326.74775, 327.36017,
11.415700, 556.36561, 20.470911, 326.66985, 327.26748,
11.424610, 556.04083, 21.200071, 326.59294, 327.17536,
11.433530, 581.75941, 23.287373, 326.51777, 327.08458,
11.442450, 547.36635, 22.732153, 326.44534, 326.99621,
11.451360, 548.27544, 21.405165, 326.37664, 326.91131,
11.460270, 542.34943, 22.375206, 326.31252, 326.83074,
11.469180, 564.84494, 23.727631, 326.25390, 326.75546,
11.478090, 546.26992, 24.061161, 326.20169, 326.68645,
11.487000, 479.06684, 22.136196, 326.15682, 326.62468,
11.495910, 468.23295, 22.788610, 326.12022, 326.57110,
11.504810, 437.63168, 23.492775, 326.09283, 326.52673,
11.513710, 499.93254, 24.965422, 326.07555, 326.49248,
11.522620, 464.21112, 23.755060, 326.06929, 326.46929,
11.531520, 448.84718, 24.290438, 326.07501, 326.45818,
11.540420, 434.58817, 25.436300, 326.09363, 326.46009,
11.549310, 405.20132, 26.182838, 326.12605, 326.47597,
11.558210, 445.42579, 25.654240, 326.17328, 326.50682,
11.567100, 431.59353, 25.319441, 326.23617, 326.55354,
11.576000, 407.49987, 27.226700, 326.31581, 326.61722,
11.584890, 444.70797, 28.681202, 326.41298, 326.69869,
11.593780, 477.99008, 28.718811, 326.52870, 326.79897,
11.602670, 425.02940, 27.923019, 326.66396, 326.91907,
11.611560, 386.46530, 29.134552, 326.81973, 327.05996,
11.620440, 354.05132, 30.284416, 326.99676, 327.22241,
11.629330, 414.11679, 30.603916, 327.19645, 327.40779,
11.638210, 303.43222, 30.923798, 327.41935, 327.61668,
11.647090, 398.55636, 32.440231, 327.66661, 327.85021,
11.655970, 472.66090, 35.445705, 327.93927, 328.10941,
11.664850, 416.86991, 27.472164, 328.23836, 328.39530,
11.673730, 396.17553, 19.423738, 328.56484, 328.70881,
11.682600, 468.87844, 24.248302, 328.91936, 329.05058,
11.691480, 395.41979, 22.389132, 329.30372, 329.42235,
11.700350, 414.43017, 23.393620, 329.71813, 329.82432,
11.709220, 395.82532, 24.786936, 330.16403, 330.25789,
11.718090, 418.64693, 25.165304, 330.64247, 330.72406,
11.726960, 389.07411, 26.625587, 331.15452, 331.22384,
11.735830, 416.89692, 27.262619, 331.70126, 331.75824,
11.744690, 367.63725, 29.021915, 332.28305, 332.32759,
11.753560, 340.58789, 28.356049, 332.90237, 332.93427,
11.762420, 373.35330, 31.675362, 333.55886, 333.57785,
11.771280, 264.46496, 48.454655, 334.25441, 334.26014,
11.775020, 356.64432, 18.520493, 334.55992, 334.55992,
11.784500, 311.01762, 18.695368, 335.36648, 335.35161,
11.793980, 367.31940, 19.147961, 336.21724, 336.18707,
11.803460, 401.90796, 20.493095, 337.11019, 337.06442,
11.812940, 365.53683, 17.356884, 338.04299, 337.98145,
11.822420, 370.07975, 18.407610, 339.01367, 338.93631,
11.831890, 403.95077, 18.724188, 340.01888, 339.92574,
11.841360, 369.31209, 17.484219, 341.05755, 340.94876,
11.850840, 390.38240, 17.274258, 342.12865, 342.00444,
11.860310, 360.46288, 17.281109, 343.22795, 343.08863,
11.869770, 420.97028, 18.228975, 344.35326, 344.19923,
11.879240, 392.41479, 16.990486, 345.50478, 345.33647,
11.888710, 379.45801, 16.226576, 346.67932, 346.49726,
11.898170, 410.50233, 17.460035, 347.87359, 347.67837,
11.907630, 408.59820, 17.838055, 349.08660, 348.87885,
11.917090, 377.35678, 16.465401, 350.31656, 350.09696,
11.926550, 430.65580, 17.061281, 351.56116, 351.33047,
11.936010, 398.59736, 16.582584, 352.81863, 352.57762,
11.945470, 422.24717, 17.756962, 354.08669, 353.83619,
11.954920, 403.70560, 17.012175, 355.36215, 355.10303,
11.964370, 457.88072, 17.139153, 356.64427, 356.37744,
11.973830, 400.75163, 16.397888, 357.93246, 357.65886,
11.983280, 412.76019, 17.268259, 359.22185, 358.94247,
11.992720, 425.06060, 17.613022, 360.51042, 360.22629,
12.002170, 440.57646, 17.395153, 361.79903, 361.51120,
12.011610, 418.77388, 16.890095, 363.08294, 362.79251,
12.021060, 422.79258, 17.786598, 364.36273, 364.07083,
12.030500, 424.78669, 18.142174, 365.63381, 365.34161,
12.039940, 395.29771, 17.013313, 366.89534, 366.60406,
12.049380, 400.81408, 17.059608, 368.14555, 367.85644,
12.058820, 381.64754, 17.836426, 369.38218, 369.09655,
12.068250, 384.78779, 18.189486, 370.60211, 370.32130,
12.077690, 358.88645, 17.413069, 371.80590, 371.53132,
12.087120, 380.04860, 17.260675, 372.98885, 372.72195,
12.096550, 393.44621, 18.308743, 374.15026, 373.89256,
12.105980, 386.21971, 19.278362, 375.28811, 375.04119,
12.115410, 358.43013, 18.812010, 376.40034, 376.16586,
12.124830, 409.17337, 18.908825, 377.48382, 377.26348,
12.134260, 399.88902, 19.471455, 378.53868, 378.33430,
12.143680, 375.79691, 20.193920, 379.56061, 379.37407,
12.153100, 352.14363, 20.443569, 380.54882, 380.38211,
12.162520, 420.42146, 22.400650, 381.50112, 381.35631,
12.171940, 408.89051, 21.110806, 382.41532, 382.29461,
12.181360, 364.22303, 21.383007, 383.28949, 383.19519,
12.190770, 398.33738, 22.876564, 384.12050, 384.05501,
12.200180, 352.21174, 21.568275, 384.90722, 384.87310,
12.209600, 389.31411, 22.390034, 385.64830, 385.64830,
12.219010, 357.72506, 22.903568, 386.34045, 386.37732,
12.228420, 430.65323, 25.791969, 386.98496, 387.06127,
12.237820, 435.57062, 25.621668, 387.58212, 387.70017,
12.247230, 408.42213, 25.224705, 388.13421, 388.29611,
12.256630, 379.55923, 25.039454, 388.64096, 388.84848,
12.266040, 505.77480, 29.118343, 389.10429, 389.35909,
12.275440, 700.86346, 32.191864, 389.52415, 389.82755,
12.284840, 613.89715, 30.878372, 389.90187, 390.25502,
12.294230, 440.27915, 29.004375, 390.23805, 390.64186,
12.303630, 334.19362, 41.510811, 390.53416, 390.98942,
12.313030, 369.87699, 32.505978, 390.79073, 391.29802,
12.322420, 428.37370, 34.277493, 391.00830, 391.56795,
12.331810, 406.97045, 24.794069, 391.18801, 391.80023,
12.341200, 394.34732, 20.537846, 391.33063, 391.99547,
12.350590, 403.17500, 21.299953, 391.43694, 392.15430,
12.359980, 405.33433, 22.280277, 391.50772, 392.27733,
12.369360, 460.44143, 22.983711, 391.54368, 392.36510,
12.378750, 463.20547, 24.553795, 391.54566, 392.41840,
12.388130, 414.39799, 25.406063, 391.51438, 392.43773,
12.397510, 392.95373, 25.573513, 391.45058, 392.42375,
12.406890, 444.20542, 26.022156, 391.35496, 392.37706,
12.416270, 461.61691, 28.168880, 391.22822, 392.29824,
12.425640, 463.36986, 28.202524, 391.07125, 392.18803,
12.435020, 456.63222, 29.703360, 390.88437, 392.04676,
12.444390, 408.95195, 27.669041, 390.66866, 391.87532,
12.453760, 425.11802, 25.817869, 390.42460, 391.67414,
12.463130, 372.51196, 26.030182, 390.15282, 391.44379,
12.472500, 412.58832, 30.698954, 389.85397, 391.18485,
12.481870, 421.69342, 37.631447, 389.52868, 390.89786,
12.489420, 424.34908, 20.257145, 389.24775, 390.64659,
12.499490, 405.27484, 20.420479, 388.84754, 390.28419,
12.509550, 439.90293, 20.454193, 388.41925, 389.89165,
12.519610, 445.52857, 19.380318, 387.96326, 389.46932,
12.529670, 479.04854, 19.783752, 387.48035, 389.01790,
12.539730, 432.34684, 19.816555, 386.97115, 388.53800,
12.549780, 424.32387, 20.004440, 386.43698, 388.03085,
12.559840, 519.97515, 20.214399, 385.87742, 387.49608,
12.569890, 512.11681, 19.252174, 385.29434, 386.93544,
12.579940, 480.03271, 19.063290, 384.68785, 386.34906,
12.589990, 466.81984, 18.933945, 384.05862, 385.73759,
12.600040, 529.09207, 19.371756, 383.40724, 385.10160,
12.610090, 516.18164, 18.321373, 382.73451, 384.44187,
12.620130, 539.33480, 22.090410, 382.04173, 383.75970,
12.630170, 511.98969, 18.517157, 381.32880, 383.05499,
12.640210, 487.98679, 18.506071, 380.59639, 382.32843,
12.650250, 533.17562, 18.556776, 379.84515, 381.58065,
12.660290, 512.88767, 17.858763, 379.07575, 380.81235,
12.670330, 520.30062, 18.115017, 378.28867, 380.02400,
12.680360, 510.18430, 18.410175, 377.48542, 379.21717,
12.690390, 509.15130, 17.705616, 376.66579, 378.39165,
12.700420, 537.63640, 17.528244, 375.83029, 377.54797,
12.710450, 595.62416, 18.624809, 374.97966, 376.68690,
12.720480, 559.72285, 18.975845, 374.11440, 375.80898,
12.730500, 532.00499, 20.250744, 373.23592, 374.91567,
12.740530, 556.46783, 17.946774, 372.34312, 374.00588,
12.750550, 550.20249, 17.371765, 371.43826, 373.08193,
12.760570, 700.29717, 19.407850, 370.52113, 372.14366,
12.770590, 583.00712, 25.387783, 369.59213, 371.19149,
12.780610, 581.88013, 18.584524, 368.65187, 370.22609,
12.790620, 618.16470, 18.937271, 367.70190, 369.24910,
12.800640, 1008.3046, 22.538460, 366.74077, 368.25905,
12.810650, 2063.5927, 31.308018, 365.77104, 367.25860,
12.820660, 1477.8075, 27.313480, 364.79221, 366.24733,
12.830670, 612.40128, 18.587362, 363.80474, 365.22570,
12.840680, 464.37948, 17.244371, 362.80932, 364.19450,
12.850680, 413.32309, 17.161724, 361.80735, 363.15520,
12.860690, 428.48035, 17.808697, 360.79743, 362.10642,
12.870690, 422.05411, 17.549561, 359.78200, 361.05072,
12.880690, 402.01751, 16.957073, 358.76070, 359.98778,
12.890690, 403.64739, 17.239178, 357.73387, 358.91799,
12.900680, 371.72713, 17.289135, 356.70317, 357.84314,
12.910680, 395.78389, 18.225437, 355.66696, 356.76156,
12.920670, 399.94544, 17.950808, 354.62791, 355.67609,
12.930670, 351.94737, 17.175083, 353.58434, 354.58501,
12.940660, 379.93990, 18.617855, 352.53884, 353.49109,
12.950640, 392.52974, 19.416510, 351.49212, 352.39511,
12.960630, 366.52562, 18.682854, 350.44226, 351.29513,
12.970620, 386.61025, 19.018242, 349.39108, 350.19308,
12.980600, 359.32789, 18.999765, 348.33996, 349.09047,
12.990580, 361.68614, 20.418791, 347.28850, 347.98693,
13.000560, 347.68491, 19.995613, 346.23700, 346.88282,
13.010540, 341.48254, 20.145809, 345.18605, 345.77880,
13.020520, 369.51660, 20.583296, 344.13614, 344.67544,
13.030490, 329.55495, 20.699657, 343.08887, 343.57447,
13.040470, 346.23368, 22.104193, 342.04253, 342.47414,
13.050440, 384.12690, 23.202528, 340.99982, 341.37732,
13.060410, 313.53538, 21.809074, 339.96012, 340.28342,
13.070380, 318.66482, 22.204285, 338.92385, 339.19291,
13.080350, 413.28989, 25.832033, 337.89169, 338.10656,
13.090310, 275.32320, 23.408409, 336.86502, 337.02586,
13.100280, 317.42535, 24.666222, 335.84239, 335.94931,
13.110240, 393.98090, 26.364502, 334.82624, 334.87955,
13.120200, 287.04328, 25.368259, 333.81610, 333.81610,
13.130160, 293.19004, 27.401388, 332.81240, 332.75946,
13.140110, 377.44093, 23.214277, 331.81630, 331.71090,
13.150070, 357.12306, 18.509926, 330.82574, 330.66834,
13.160020, 339.24511, 18.438477, 329.84286, 329.63407,
13.169980, 324.83673, 19.911667, 328.86562, 328.60603,
13.179930, 337.60499, 20.005785, 327.89614, 327.58649,
13.189870, 318.51334, 20.666046, 326.93434, 326.57543,
13.199820, 375.42678, 21.320732, 325.97844, 325.57105,
13.209770, 367.79612, 21.221573, 325.02932, 324.57431,
13.219710, 318.88004, 20.791897, 324.08814, 323.58649,
13.229650, 381.70890, 22.986597, 323.15402, 322.60672,
13.239590, 319.85261, 22.558313, 322.22686, 321.63495,
13.249530, 309.30586, 22.487736, 321.30682, 320.67138,
13.259470, 269.87009, 21.555298, 320.39395, 319.71613,
13.269410, 299.99377, 23.738865, 319.48833, 318.76931,
13.279340, 287.36392, 27.441948, 318.59098, 317.83205,
13.289270, 293.67636, 28.117573, 317.70093, 316.90336,
13.299200, 262.72383, 28.491009, 316.81842, 315.98356,
13.309130, 376.58616, 31.935467, 315.94346, 315.07266,
13.318260, 330.75307, 18.323788, 315.14564, 314.24305,
13.328980, 320.68529, 17.446615, 314.21724, 313.27889,
13.339690, 336.87583, 17.925959, 313.29882, 312.32648,
13.350400, 345.64101, 18.493704, 312.38959, 311.38504,
13.361120, 333.21733, 18.030052, 311.48880, 310.45383,
13.371830, 342.29779, 17.023327, 310.59832, 309.53485,
13.382530, 337.91450, 16.379070, 309.71819, 308.62814,
13.393240, 336.94318, 17.227228, 308.84697, 307.73225,
13.403940, 349.98067, 17.960499, 307.98633, 306.84896,
13.414650, 336.02154, 20.744923, 307.13489, 305.97686,
13.425350, 325.89517, 17.224262, 306.29431, 305.11768,
13.436050, 366.52080, 17.145430, 305.46397, 304.27081,
13.446740, 350.49534, 17.101631, 304.64483, 303.43725,
13.457440, 336.26622, 17.390942, 303.83542, 302.61553,
13.468130, 325.89679, 16.254875, 303.03750, 301.80745,
13.478830, 333.00931, 16.180794, 302.24967, 301.01161,
13.489520, 332.15932, 15.901285, 301.47364, 300.22976,
13.500200, 359.21290, 17.140453, 300.70949, 299.46197,
13.510890, 369.91182, 17.046661, 299.95603, 298.70706,
13.521570, 349.20229, 16.155445, 299.21478, 297.96658,
13.532260, 375.93483, 15.983709, 298.48462, 297.23939,
13.542940, 360.76356, 15.616262, 297.76703, 296.52698,
13.553620, 341.38769, 15.836089, 297.06155, 295.82891,
13.564290, 379.58993, 16.345312, 296.36908, 295.14603,
13.574970, 358.11827, 15.363220, 295.68844, 294.47721,
13.585640, 369.18528, 14.911156, 295.02120, 293.82395,
13.596320, 329.42927, 14.761864, 294.36625, 293.18520,
13.606990, 294.35089, 14.751484, 293.72511, 292.56240,
13.617650, 348.76564, 15.445848, 293.09791, 291.95567,
13.628320, 349.94657, 14.893061, 292.48376, 291.36414,
13.638980, 345.52796, 14.788567, 291.88401, 290.78908,
13.649650, 317.32513, 14.645391, 291.29781, 290.22968,
13.660310, 309.20923, 15.069774, 290.72648, 289.68716,
13.670970, 308.01713, 16.205566, 290.16974, 289.16125,
13.681630, 317.65590, 14.497058, 289.62785, 288.65215,
13.692280, 315.00064, 14.770008, 289.10159, 288.16059,
13.702940, 314.73499, 15.293083, 288.59020, 287.68581,
13.713590, 297.89667, 15.779581, 288.09497, 287.22899,
13.724240, 312.40663, 15.935020, 287.61563, 286.78985,
13.734890, 296.26869, 15.470057, 287.15256, 286.36870,
13.745530, 303.11091, 15.755171, 286.70642, 285.96611,
13.756180, 287.12598, 15.978357, 286.27670, 285.58158,
13.766820, 333.95836, 17.901678, 285.86450, 285.21607,
13.777460, 303.01354, 17.631823, 285.46975, 284.86945,
13.788100, 318.76702, 16.413216, 285.09276, 284.54199,
13.798740, 251.72358, 16.014975, 284.73388, 284.23395,
13.809380, 315.31504, 17.688404, 284.39348, 283.94559,
13.820010, 327.87678, 18.457506, 284.07213, 283.67737,
13.830640, 344.97040, 19.005880, 283.76994, 283.42933,
13.841270, 294.66428, 17.788704, 283.48720, 283.20169,
13.851900, 305.45577, 18.039402, 283.22435, 282.99476,
13.862530, 278.05546, 23.654013, 282.98175, 282.80879,
13.873150, 273.00894, 20.139912, 282.75997, 282.64420,
13.883780, 237.79784, 20.117800, 282.55901, 282.50097,
13.894400, 337.27737, 21.011600, 282.37964, 282.37964,
13.905020, 245.60414, 20.299911, 282.22195, 282.28024,
13.915640, 318.20991, 22.406643, 282.08568, 282.20244,
13.926250, 367.46716, 23.830732, 281.97053, 282.14584,
13.936870, 159.04718, 24.034851, 281.87591, 282.10993,
13.947480, 360.24464, 23.177816, 281.80162, 282.09431,
13.958090, 320.41450, 24.088032, 281.74721, 282.09853,
13.968700, 308.74218, 24.810484, 281.71230, 282.12216,
13.979310, 294.52729, 25.927271, 281.69656, 282.16478,
13.989910, 342.78974, 26.143435, 281.69964, 282.22590,
14.000520, 291.04171, 24.703224, 281.72120, 282.30522,
14.011120, 300.84276, 26.974743, 281.76089, 282.40218,
14.021720, 313.51141, 29.845375, 281.81840, 282.51645,
14.032320, 322.27239, 31.249199, 281.89343, 282.64761,
14.042920, 288.18619, 29.154285, 281.98566, 282.79525,
14.053510, 310.18233, 31.353413, 282.09470, 282.95882,
14.064110, 249.19665, 30.560024, 282.22046, 283.13823,
14.074700, 324.70378, 34.138527, 282.36244, 283.33275,
14.085290, 297.26175, 36.113319, 282.52045, 283.54212,
14.095870, 343.26761, 26.461454, 282.69408, 283.76576,
14.106460, 305.96969, 21.216169, 282.88338, 284.00370,
14.117040, 295.34116, 21.138222, 283.08775, 284.25510,
14.127630, 360.15829, 22.656683, 283.30733, 284.52007,
14.138210, 346.80370, 24.649483, 283.54146, 284.79770,
14.148790, 286.04285, 24.666727, 283.79010, 285.08787,
14.159370, 276.02423, 24.319942, 284.05304, 285.39020,
14.169940, 345.75913, 25.360104, 284.32976, 285.70400,
14.180520, 252.49359, 48.881001, 284.62059, 286.02951,
14.182090, 303.02384, 19.550270, 284.66491, 286.07876,
14.193560, 347.10713, 19.434982, 284.99778, 286.44585,
14.205030, 342.49447, 19.926430, 285.34641, 286.82541,
14.216500, 374.00820, 21.480644, 285.71049, 287.21692,
14.227970, 368.32870, 21.144236, 286.08981, 287.61993,
14.239430, 335.13173, 19.397490, 286.48379, 288.03363,
14.250890, 312.66305, 17.650032, 286.89248, 288.45785,
14.262350, 333.66343, 18.530737, 287.31573, 288.89221,
14.273810, 327.23221, 18.431808, 287.75327, 289.33622,
14.285270, 357.00548, 19.176687, 288.20487, 289.78937,
14.296730, 338.02557, 17.488617, 288.67041, 290.25130,
14.308180, 336.27456, 16.641743, 289.14919, 290.72107,
14.319630, 304.62541, 16.240334, 289.64146, 291.19866,
14.331080, 289.93737, 16.770885, 290.14707, 291.68365,
14.342530, 325.06819, 17.589497, 290.66576, 292.17553,
14.353970, 332.49679, 16.505104, 291.19692, 292.67342,
14.365410, 319.57042, 15.716864, 291.74090, 293.17737,
14.376860, 341.37508, 16.284889, 292.29795, 293.68733,
14.388300, 309.39270, 16.663918, 292.86702, 294.20200,
14.399730, 309.45900, 16.848259, 293.44787, 294.72088,
14.411170, 296.17393, 15.082518, 294.04142, 295.24449,
14.422600, 330.38436, 15.666307, 294.64647, 295.77144,
14.434030, 305.81330, 14.900598, 295.26342, 296.30176,
14.445460, 341.26814, 16.861639, 295.89219, 296.83505,
14.456890, 324.02124, 16.118755, 296.53259, 297.37080,
14.468320, 294.70710, 15.111609, 297.18453, 297.90862,
14.479740, 316.78543, 15.006939, 297.84737, 298.44761,
14.491160, 316.88557, 15.203465, 298.52155, 298.98779,
14.502580, 302.88004, 15.902359, 299.20690, 299.52868,
14.514000, 282.48837, 15.665693, 299.90347, 300.06995,
14.525420, 303.50085, 15.434402, 300.61110, 300.61110,
14.536830, 301.05356, 14.120901, 301.32887, 301.15136,
14.548240, 313.13270, 14.356275, 302.05633, 301.69149,
14.559650, 322.32192, 17.283815, 302.79226, 302.23196,
14.571060, 318.16284, 15.416698, 303.53529, 302.77308,
14.582470, 325.42194, 15.283161, 304.28419, 303.31532,
14.593870, 323.23383, 16.233915, 305.03708, 303.85864,
14.605270, 344.72473, 15.732512, 305.79332, 304.40390,
14.616670, 299.44186, 14.548158, 306.55158, 304.95148,
14.628070, 291.99278, 16.869877, 307.31074, 305.50187,
14.639470, 331.51372, 16.397533, 308.06947, 306.05546,
14.650860, 332.84344, 15.199970, 308.82583, 306.61214,
14.662260, 302.94316, 14.717809, 309.57995, 307.17335,
14.673650, 323.97000, 15.442434, 310.32919, 307.73848,
14.685040, 312.21028, 16.239334, 311.07304, 308.30851,
14.696420, 302.83508, 16.265856, 311.80945, 308.88323,
14.707810, 341.17652, 16.608496, 312.53864, 309.46421,
14.719190, 291.87065, 15.855598, 313.25787, 310.05070,
14.730570, 313.89300, 16.323801, 313.96668, 310.64376,
14.741950, 340.07793, 18.210754, 314.66372, 311.24376,
14.753330, 297.99714, 17.597511, 315.34773, 311.85112,
14.764700, 297.68739, 17.557892, 316.01680, 312.46569,
14.776080, 283.25750, 16.903603, 316.67088, 313.08903,
14.787450, 316.31991, 17.846224, 317.30746, 313.72042,
14.798820, 266.09188, 18.251913, 317.92586, 314.36086,
14.810190, 301.11044, 19.354519, 318.52481, 315.01082,
14.821550, 317.07485, 19.495766, 319.10242, 315.67008,
14.832920, 345.92655, 20.220016, 319.65837, 316.34023,
14.844280, 339.25476, 19.538517, 320.19038, 317.02057,
14.855640, 300.45505, 20.551926, 320.69760, 317.71209,
14.866990, 384.07920, 28.329166, 321.17822, 318.41459,
14.878350, 319.62930, 20.849230, 321.63176, 319.12979,
14.889710, 314.35712, 20.574915, 322.05638, 319.85749,
14.901060, 345.48180, 21.066639, 322.45032, 320.59745,
14.912410, 314.88253, 20.937263, 322.81259, 321.35077,
14.923760, 310.95344, 21.514568, 323.14178, 322.11797,
14.935100, 368.93071, 24.002022, 323.43614, 322.89864,
14.946450, 309.22963, 22.541920, 323.69480, 323.69480,
14.957790, 307.54967, 21.995787, 323.91650, 324.50527,
14.969130, 321.81056, 23.551884, 324.10350, 325.33058,
14.980470, 309.83399, 23.530403, 324.25853, 326.17067,
14.991810, 350.36771, 25.723957, 324.38428, 327.02526,
15.003140, 306.90163, 24.874048, 324.48336, 327.89340,
15.014480, 305.98886, 24.004677, 324.55858, 328.77626,
15.025810, 320.03822, 25.886520, 324.61250, 329.67231,
15.037140, 269.37138, 25.080004, 324.64781, 330.58194,
15.048460, 319.22789, 28.089798, 324.66714, 331.50423,
15.059790, 299.90164, 28.395283, 324.67315, 332.44054,
15.071110, 304.50280, 26.997553, 324.66843, 333.38910,
15.082440, 330.93542, 24.985142, 324.65558, 334.35140,
15.093750, 322.63975, 20.134556, 324.63726, 335.32456,
15.105070, 319.52891, 18.368998, 324.61602, 336.31108,
15.116390, 332.13436, 19.732409, 324.59447, 337.30988,
15.127700, 327.79751, 19.822742, 324.57522, 338.31983,
15.139020, 374.99259, 21.602661, 324.56084, 339.34263,
15.150330, 307.89319, 20.572041, 324.55394, 340.37620,
15.162390, 313.74207, 22.352020, 324.55774, 341.49108,
15.174730, 330.00266, 22.100956, 324.57677, 342.64523,
15.187070, 341.12219, 22.046867, 324.61448, 343.81259,
15.199410, 332.88710, 23.213781, 324.67427, 344.99311,
15.211740, 361.39529, 24.247219, 324.75945, 346.18537,
15.224080, 284.54641, 20.879974, 324.87362, 347.39138,
15.236410, 333.58308, 20.287579, 325.02000, 348.60877,
15.248740, 344.50267, 19.763674, 325.20214, 349.83835,
15.261060, 319.35961, 20.591484, 325.42329, 351.07886,
15.273390, 293.96186, 20.020306, 325.68733, 352.33221,
15.285710, 360.27066, 20.312372, 325.99734, 353.59616,
15.298030, 359.51494, 18.943727, 326.35701, 354.87138,
15.310350, 343.30474, 18.306999, 326.76997, 356.15786,
15.322660, 342.82122, 19.653872, 327.23934, 357.45421,
15.334980, 279.78048, 18.503576, 327.76952, 358.76234,
15.347290, 314.48011, 19.791506, 328.36332, 360.08003,
15.359600, 328.59771, 18.663383, 329.02482, 361.40811,
15.371900, 317.12324, 17.865524, 329.75709, 362.74525,
15.384210, 367.96979, 19.431955, 330.56513, 364.09354,
15.396510, 338.95798, 19.600801, 331.45142, 365.45061,
15.408810, 359.10582, 21.474857, 332.42034, 366.81722,
15.421110, 344.99978, 20.228054, 333.47590, 368.19340,
15.433410, 321.84943, 18.689190, 334.62188, 369.57877,
15.445700, 314.46345, 18.494549, 335.86019, 370.97217,
15.457990, 332.69091, 19.253128, 337.18997, 372.37451,
15.470280, 358.17647, 20.843513, 338.60842, 373.78561,
15.482570, 317.06175, 18.924362, 340.11279, 375.20531,
15.494860, 358.75651, 18.467937, 341.70036, 376.63345,
15.507140, 365.10395, 17.692204, 343.36715, 378.06873,
15.519420, 380.55317, 17.869839, 345.11162, 379.51201,
15.531700, 466.13354, 20.010887, 346.93146, 380.96333,
15.543980, 846.09152, 23.832762, 348.82387, 382.42232,
15.556260, 1158.9454, 26.543152, 350.78666, 383.88904,
15.568530, 692.42810, 20.646532, 352.81546, 385.36197,
15.580800, 412.92259, 17.176811, 354.90953, 386.84221,
15.593070, 397.51036, 18.051731, 357.06650, 388.32959,
15.605340, 365.94964, 17.841597, 359.28404, 389.82398,
15.617600, 371.91436, 17.571764, 361.55805, 391.32406,
15.629860, 369.70836, 16.824884, 363.88779, 392.83072,
15.642120, 357.52021, 16.033886, 366.27140, 394.34404,
15.654380, 375.70533, 16.849882, 368.70629, 395.86366,
15.666640, 367.51403, 17.117832, 371.19068, 397.38966,
15.678890, 396.46891, 17.504570, 373.72005, 398.92047,
15.691140, 388.20645, 16.741531, 376.29439, 400.45726,
15.703390, 393.07850, 15.576831, 378.91161, 401.99989,
15.715640, 406.09273, 16.003851, 381.56964, 403.54821,
15.727890, 388.81790, 16.298107, 384.26645, 405.10210,
15.740130, 396.27955, 17.244068, 386.99786, 406.66020,
15.752370, 337.19109, 16.436510, 389.76374, 408.22347,
15.764610, 412.05084, 16.887014, 392.56256, 409.79202,
15.776850, 413.48586, 17.103285, 395.39191, 411.36546,
15.789090, 425.30560, 17.581211, 398.25029, 412.94393,
15.801320, 369.85737, 17.411846, 401.13308, 414.52580,
15.813550, 385.00839, 18.703953, 404.04079, 416.11229,
15.825780, 439.55039, 19.355881, 406.97154, 417.70329,
15.838010, 368.16523, 18.001148, 409.92345, 419.29867,
15.850230, 436.24044, 19.360029, 412.89232, 420.89705,
15.862450, 452.11130, 20.616043, 415.87836, 422.49942,
15.874670, 412.90224, 21.775040, 418.88019, 424.10592,
15.886890, 411.66368, 21.687271, 421.89573, 425.71629,
15.899110, 411.52659, 22.263123, 424.92293, 427.33029,
15.911320, 473.39042, 21.960102, 427.95782, 428.94665,
15.923540, 420.06579, 21.636562, 431.00356, 430.56792,
15.935750, 422.15328, 22.294872, 434.05312, 432.19119,
15.947960, 467.67940, 23.996943, 437.10731, 433.81772,
15.960160, 414.64251, 22.871912, 440.16192, 435.44613,
15.972370, 405.42091, 22.770641, 443.21995, 437.07886,
15.984570, 482.78432, 23.347626, 446.27456, 438.71309,
15.996770, 469.35225, 23.292145, 449.32685, 440.35025,
16.008961, 391.12855, 22.628292, 452.37238, 441.98881,
16.021160, 454.25267, 24.644949, 455.41389, 443.63109,
16.033350, 468.40170, 24.710936, 458.44506, 445.27454,
16.045549, 462.30859, 24.014015, 461.46883, 446.92162,
16.057739, 431.94106, 23.605501, 464.47866, 448.56964,
16.069920, 485.04719, 25.674311, 467.47277, 450.21849,
16.082109, 488.29764, 26.074085, 470.45401, 451.87062,
16.094290, 448.72912, 25.930470, 473.41591, 453.52335,
16.106470, 490.83092, 28.628361, 476.35896, 455.17786,
16.118650, 491.72783, 28.065266, 479.28132, 456.83404,
16.130831, 459.31622, 26.548338, 482.18114, 458.49178,
16.143009, 432.42817, 26.279331, 485.05608, 460.15070,
16.155180, 448.42333, 27.601160, 487.90296, 461.80993,
16.167351, 442.27957, 30.593777, 490.72169, 463.47038,
16.179520, 433.06028, 29.057539, 493.50993, 465.13169,
16.191681, 408.35916, 26.677662, 496.26448, 466.79296,
16.203850, 468.60441, 30.323195, 498.98686, 468.45619,
16.216009, 444.32664, 30.037132, 501.67127, 470.11890,
16.228170, 517.80173, 37.293728, 504.31832, 471.78256,
16.240330, 518.82548, 33.906921, 506.92516, 473.44654,
16.252489, 530.22107, 35.733093, 509.49022, 475.11100,
16.264641, 471.91690, 33.921989, 512.00986, 476.77477,
16.276791, 555.45864, 38.906670, 514.48329, 478.43854,
16.288950, 501.02247, 38.815239, 516.91140, 480.10377,
16.301090, 513.79737, 47.247952, 519.28990, 481.76643,
16.313240, 464.37107, 44.291428, 521.62650, 483.43033,
16.325380, 564.10884, 49.675278, 523.91956, 485.09276,
16.337530, 535.93624, 33.935966, 526.17468, 486.75622,
16.349670, 586.37160, 28.508732, 528.39029, 488.41799,
16.361799, 569.68941, 27.884531, 530.56810, 490.07771,
16.373940, 652.59125, 34.131012, 532.71414, 491.73840,
16.386070, 600.65553, 31.968201, 534.82663, 493.39708,
16.398211, 625.88357, 34.365486, 536.91077, 495.05626,
16.410339, 673.26793, 32.006340, 538.96485, 496.71296,
16.422461, 669.44617, 32.190605, 540.99145, 498.36760,
16.434589, 656.14696, 35.291187, 542.99496, 500.02215,
16.446711, 643.33215, 34.178368, 544.97471, 501.67443,
16.458839, 648.12642, 28.034781, 546.93500, 503.32641,
16.470961, 669.76822, 36.950691, 548.87518, 504.97590,
16.483070, 609.61977, 33.348824, 550.79647, 506.62227,
16.495190, 606.74379, 46.281273, 552.70401, 508.26828,
16.500280, 650.20547, 30.275803, 553.50114, 508.95916,
16.513599, 655.30007, 28.214062, 555.57640, 510.76520,
16.526911, 583.15605, 23.899675, 557.63743, 512.56787,
16.540211, 592.21815, 23.668537, 559.68600, 514.36651,
16.553520, 621.85196, 24.469620, 561.72768, 516.16381,
16.566820, 598.37702, 24.588598, 563.76185, 517.95705,
16.580120, 591.24519, 24.602295, 565.79230, 519.74737,
16.593420, 576.54491, 22.736078, 567.82134, 521.53462,
16.606710, 609.29983, 23.110931, 569.84984, 523.31738,
16.620001, 617.39270, 23.428900, 571.88154, 525.09678,
16.633301, 576.87954, 23.772358, 573.92023, 526.87395,
16.646589, 603.82943, 26.108047, 575.96500, 528.64593,
16.659870, 608.79724, 25.084311, 578.01874, 530.41309,
16.673149, 586.71523, 23.296658, 580.08464, 532.17604,
16.686440, 563.77148, 21.824245, 582.16712, 533.93639,
16.699711, 569.32634, 21.744688, 584.26295, 535.68996,
16.712990, 582.22531, 23.355858, 586.37478, 537.44013,
16.726271, 588.27324, 23.881842, 588.49941, 539.18597,
16.739540, 577.10470, 22.190336, 590.63238, 540.92558,
16.752810, 567.04766, 20.754045, 592.77322, 542.66032,
16.766081, 629.37729, 21.008440, 594.91997, 544.39026,
16.779341, 599.88598, 21.213928, 597.06816, 546.11352,
16.792601, 595.09002, 22.591766, 599.21738, 547.83143,
16.805870, 621.21617, 23.419594, 601.36689, 549.54506,
16.819120, 564.71233, 22.332827, 603.50978, 551.25054,
16.832380, 606.13753, 21.208826, 605.64841, 552.95142,
16.845631, 619.45191, 19.900032, 607.77741, 554.64507,
16.858891, 584.63854, 19.596968, 609.89757, 556.33376,
16.872141, 594.32879, 20.713821, 612.00351, 558.01490,
16.885380, 644.93108, 21.440458, 614.09250, 559.68809,
16.898630, 624.23736, 20.893732, 616.16565, 561.35605,
16.911869, 612.33823, 20.062252, 618.21685, 563.01573,
16.925110, 617.69586, 19.590244, 620.24569, 564.66863,
16.938351, 627.35968, 20.862019, 622.24931, 566.31433,
16.951580, 592.47508, 21.222672, 624.22348, 567.95125,
16.964821, 634.43253, 22.779676, 626.16903, 569.58203,
16.978050, 659.60534, 23.246477, 628.08001, 571.20368,
16.991270, 647.82321, 22.569643, 629.95417, 572.81627,
17.004499, 647.67641, 21.633675, 631.79159, 574.42193,
17.017719, 795.41227, 23.328068, 633.58697, 576.01817,
17.030951, 1138.2657, 27.685240, 635.34046, 577.60732,
17.044161, 1098.4339, 28.321331, 637.04512, 579.18532,
17.057381, 727.44560, 24.043900, 638.70221, 580.75562,
17.070601, 667.02864, 22.170507, 640.30773, 582.31690,
17.083811, 743.28920, 24.681038, 641.85776, 583.86782,
17.097019, 678.37829, 21.947052, 643.35047, 585.40911,
17.110229, 686.46686, 23.371059, 644.78340, 586.94101,
17.123430, 661.07003, 23.579781, 646.15249, 588.46200,
17.136641, 655.83893, 23.735884, 647.45677, 589.97406,
17.149839, 672.88943, 23.260799, 648.69120, 591.47459,
17.163040, 654.53307, 22.913141, 649.85408, 592.96492,
17.176229, 656.42904, 23.175251, 650.94126, 594.44333,
17.189430, 616.91295, 22.394449, 651.95152, 595.91216,
17.202620, 666.91957, 23.823387, 652.87993, 597.36867,
17.215811, 650.85722, 23.459316, 653.72543, 598.81411,
17.229000, 673.28089, 23.208895, 654.49002, 600.24785,
17.242180, 698.00345, 24.119156, 655.17664, 601.66884,
17.255369, 698.71470, 23.781178, 655.78953, 603.07892,
17.268551, 701.68564, 24.892532, 656.33107, 604.47601,
17.281719, 693.39778, 25.222322, 656.80435, 605.85930,
17.294901, 664.47835, 26.822018, 657.21341, 607.23137,
17.308069, 662.66619, 29.101360, 657.56050, 608.58919,
17.321251, 682.83822, 26.525122, 657.84932, 609.93529,
17.334410, 678.34786, 27.338333, 658.08213, 611.26571,
17.347580, 721.96404, 29.565781, 658.26255, 612.58372,
17.360750, 712.27253, 30.601410, 658.39325, 613.88788,
17.373911, 712.68146, 31.566000, 658.47708, 615.17702,
17.387070, 738.57268, 31.572689, 658.51699, 616.45166,
17.400230, 725.70025, 31.506462, 658.51580, 617.71188,
17.413380, 736.58747, 29.693211, 658.47633, 618.95618,
17.426540, 671.52258, 29.426659, 658.40129, 620.18644,
17.439690, 614.42229, 28.038460, 658.29353, 621.40026,
17.452841, 726.52595, 32.668598, 658.15571, 622.59862,
17.465981, 746.55753, 32.193161, 657.99067, 623.78003,
17.479130, 701.89571, 31.883108, 657.80084, 624.94610,
17.492270, 676.81848, 30.725494, 657.58916, 626.09486,
17.505409, 624.76698, 29.423042, 657.35812, 627.22687,
17.518551, 692.44572, 31.879457, 657.11033, 628.34200,
17.531679, 687.90983, 33.420124, 656.84871, 629.43867,
17.544821, 636.67542, 33.865311, 656.57533, 630.51883,
17.557949, 623.06616, 32.786858, 656.29335, 631.57996,
17.571079, 674.51978, 34.192715, 656.00471, 632.62302,
17.584200, 659.29557, 33.438175, 655.71055, 633.64681,
17.597330, 637.06135, 33.604336, 655.41103, 634.65248,
17.610451, 738.81788, 36.181625, 655.10711, 635.63827,
17.623569, 687.29714, 33.796295, 654.79920, 636.60444,
17.636690, 786.26400, 50.566570, 654.48775, 637.55095,
17.649799, 622.63956, 40.803505, 654.17362, 638.47651,
17.662910, 654.98841, 42.671577, 653.85705, 639.38176,
17.676029, 724.13369, 36.282658, 653.53845, 640.26672,
17.689131, 723.60921, 47.785664, 653.21894, 641.12939,
17.702240, 606.89085, 48.918129, 652.89849, 641.97108,
17.715349, 475.95389, 45.414543, 652.57780, 642.79093,
17.728451, 632.10595, 49.710674, 652.25761, 643.58810,
17.741550, 704.36431, 46.225925, 651.93832, 644.36260,
17.754641, 631.08257, 34.025444, 651.62065, 645.11364,
17.767740, 622.38277, 29.471451, 651.30468, 645.84194,
17.780830, 695.27572, 36.064125, 650.99142, 646.54605,
17.793921, 648.46867, 31.953123, 650.68117, 647.22612,
17.807011, 634.24129, 29.678743, 650.37448, 647.88176,
17.820101, 790.64522, 36.230923, 650.07190, 648.51256,
17.833179, 669.39932, 32.978558, 649.77423, 649.11760,
17.846270, 685.92513, 32.312843, 649.48150, 649.69753,
17.859341, 671.28695, 31.431454, 649.19496, 650.25060,
17.872419, 736.86507, 37.552845, 648.91455, 650.77756,
17.885500, 596.94004, 38.674976, 648.64099, 651.27771,
17.898569, 691.84890, 40.571228, 648.37509, 651.75014,
17.911640, 622.18847, 38.593613, 648.11715, 652.19492,
17.924709, 590.64056, 36.928654, 647.86783, 652.61147,
17.937780, 582.04034, 62.207619, 647.62762, 652.99946,
17.941250, 637.33391, 30.207933, 647.56547, 653.09758,
17.955721, 631.19140, 28.973169, 647.31391, 653.48454,
17.970181, 612.68346, 28.807114, 647.07547, 653.83481,
17.984650, 706.33218, 29.493221, 646.85062, 654.14824,
17.999109, 678.08912, 28.603415, 646.64048, 654.42377,
18.013571, 572.66561, 27.815460, 646.44570, 654.66098,
18.028021, 604.65069, 26.877766, 646.26731, 654.85901,
18.042480, 620.61534, 26.730576, 646.10590, 655.01746,
18.056931, 645.25421, 25.926804, 645.96255, 655.13542,
18.071381, 667.85238, 26.601690, 645.83804, 655.21230,
18.085819, 595.01319, 27.482672, 645.73334, 655.24737,
18.100269, 672.37494, 30.601746, 645.64919, 655.23995,
18.114710, 645.15369, 30.427261, 645.58667, 655.18929,
18.129150, 647.29327, 28.539593, 645.54664, 655.09464,
18.143579, 633.69200, 26.485655, 645.53007, 654.95536,
18.158020, 624.96870, 24.918951, 645.53672, 654.77045,
18.172449, 676.54271, 27.515896, 645.56152, 654.53940,
18.186880, 596.51689, 26.571777, 645.59826, 654.26124,
18.201300, 626.05988, 27.848228, 645.64068, 653.93545,
18.215719, 608.34359, 26.539246, 645.68261, 653.56100,
18.230150, 609.95540, 25.183323, 645.71786, 653.13668,
18.244560, 605.71981, 24.611773, 645.74017, 652.66263,
18.258980, 603.93597, 24.333138, 645.74338, 652.13704,
18.273390, 664.32184, 25.790318, 645.72127, 651.55970,
18.287800, 661.77442, 26.061329, 645.66760, 650.92940,
18.302210, 635.91426, 25.581799, 645.57613, 650.24520,
18.316620, 627.03751, 24.226286, 645.44055, 649.50618,
18.331020, 598.85999, 23.290813, 645.25469, 648.71192,
18.345421, 613.33414, 23.795351, 645.01212, 647.86100,
18.359819, 665.81914, 25.569271, 644.70649, 646.95256,
18.374210, 678.24472, 29.291540, 644.33156, 645.98603,
18.388611, 657.45441, 29.301809, 643.88038, 644.95922,
18.403000, 644.83167, 26.976139, 643.34708, 643.87262,
18.417379, 586.80341, 24.602198, 642.72517, 642.72517,
18.431770, 640.80284, 24.525103, 642.00914, 641.51507,
18.446150, 683.73351, 24.228706, 641.20373, 640.24787,
18.460529, 713.51481, 27.139948, 640.31399, 638.92718,
18.474911, 697.44596, 27.914968, 639.34532, 637.55736,
18.489281, 710.01178, 27.636311, 638.30417, 636.14423,
18.503660, 613.12648, 25.596447, 637.19442, 634.69024,
18.518030, 604.32168, 24.598450, 636.02292, 633.20183,
18.532391, 662.84194, 24.186771, 634.79508, 631.68352,
18.546761, 659.71309, 23.949858, 633.51453, 630.13778,
18.561119, 581.66777, 23.907694, 632.18836, 628.57131,
18.575480, 642.36228, 26.458046, 630.82055, 626.98713,
18.589840, 675.62974, 26.968910, 629.41644, 625.38988,
18.604191, 694.80256, 26.291040, 627.98208, 623.78507,
18.618549, 676.64773, 26.307171, 626.52087, 622.17522,
18.632900, 678.04548, 25.150997, 625.03942, 620.56646,
18.647240, 673.67715, 27.460089, 623.54321, 618.96364,
18.661591, 701.72206, 29.795828, 622.03488, 617.36862,
18.675930, 856.25090, 31.469446, 620.52185, 615.78837,
18.690269, 1324.8310, 36.173313, 619.00793, 614.22604,
18.704611, 2956.2534, 49.695141, 617.49794, 612.68584,
18.718941, 3060.3115, 47.351334, 615.99828, 611.17363,
18.733271, 1341.1617, 32.007320, 614.51276, 609.69259,
18.747601, 752.92152, 28.407742, 613.04639, 608.24716,
18.761930, 662.96273, 28.829529, 611.60420, 606.84180,
18.776260, 630.53371, 30.839937, 610.19126, 605.48096,
18.790581, 598.97294, 29.673409, 608.81354, 604.16999,
18.804899, 594.98656, 27.668861, 607.47535, 602.91259,
18.819220, 650.21021, 27.404987, 606.18147, 601.71293,
18.833530, 662.54018, 27.754608, 604.93802, 600.57643,
18.847839, 643.55725, 27.326218, 603.74948, 599.50693,
18.862150, 641.52821, 29.346832, 602.62074, 598.50867,
18.876459, 777.64277, 35.004490, 601.55738, 597.58649,
18.890770, 750.91616, 33.842674, 600.56441, 596.74470,
18.905069, 706.17753, 33.008156, 599.64807, 595.98863,
18.919371, 692.39150, 31.794008, 598.81283, 595.32208,
18.933670, 612.99438, 31.383205, 598.06439, 594.74988,
18.947960, 748.00851, 39.016617, 597.40857, 594.27689,
18.962250, 639.10483, 36.607834, 596.85045, 593.90736,
18.976540, 604.44691, 36.772388, 596.39569, 593.64602,
18.990829, 755.65078, 38.712002, 596.05005, 593.49761,
19.005119, 737.91882, 37.814777, 595.81934, 593.46691,
19.019400, 724.83451, 35.075104, 595.70952, 593.55862,
19.033680, 660.08566, 33.024963, 595.72638, 593.77751,
19.047960, 677.76486, 35.162533, 595.87602, 594.12845,
19.062229, 757.76220, 40.356083, 596.16433, 594.61590,
19.076500, 711.20796, 48.129574, 596.59772, 595.24511,
19.090771, 675.02034, 43.042744, 597.18255, 596.02101,
19.105040, 697.55113, 39.650143, 597.92521, 596.94846,
19.119310, 773.23674, 41.513504, 598.83251, 598.03277,
19.133570, 677.54212, 36.363327, 599.91018, 599.27788,
19.147829, 625.59131, 37.922436, 601.16572, 600.68970,
19.162090, 707.22677, 42.783119, 602.60633, 602.27365,
19.176340, 731.61803, 46.309097, 604.23759, 604.03329,
19.190599, 594.39910, 47.859955, 606.06911, 605.97645,
19.204849, 544.07638, 49.536816, 608.10586, 608.10586,
19.219101, 558.76461, 44.472961, 610.35326, 610.42559,
19.233339, 611.67117, 41.332005, 612.79841, 612.92418,
19.247580, 630.24594, 50.677017, 615.43000, 615.59253,
19.261820, 675.61166, 40.417747, 618.23416, 618.41882,
19.276060, 656.79363, 51.929798, 621.19748, 621.39160,
19.290300, 802.22828, 46.498081, 624.30665, 624.49946,
19.304529, 627.09501, 55.784607, 627.54584, 627.72836,
19.318760, 696.94106, 57.194138, 630.90488, 631.06990,
19.332991, 548.99986, 52.988796, 634.37037, 634.51237,
19.347219, 650.73580, 52.582855, 637.92893, 638.04402,
19.361441, 669.09503, 56.623680, 641.56622, 641.65213,
19.375660, 535.49565, 58.772949, 645.27087, 645.32687,
19.389879, 651.28176, 55.620552, 649.03069, 649.05755,
19.404100, 785.78204, 65.266510, 652.83355, 652.83355,
19.418310, 583.89121, 57.638863, 656.66321, 656.64012,
19.432520, 707.71708, 64.549713, 660.51018, 660.46920,
