# wave, flux, fluxerr, continuum, continuum_plateau
9.9725246, 121.46265, 21.394447, 119.25415, 119.24611,
9.9806166, 165.25332, 23.914989, 119.26109, 119.25611,
9.9887066, 129.99739, 20.191689, 119.28209, 119.27939,
9.9967957, 129.86429, 18.836708, 119.31716, 119.31600,
10.004880, 113.29119, 19.802618, 119.36625, 119.36597,
10.012970, 129.93538, 19.586632, 119.42944, 119.42944,
10.021050, 87.446054, 16.661777, 119.50661, 119.50635,
10.029140, 136.61031, 18.174511, 119.59795, 119.59695,
10.037220, 140.77533, 20.504665, 119.70323, 119.70107,
10.045300, 125.12799, 17.906551, 119.82260, 119.81890,
10.053380, 137.03704, 17.271065, 119.95608, 119.95053,
10.061460, 109.96372, 18.440546, 120.10367, 120.09600,
10.069540, 106.21922, 18.053192, 120.26543, 120.25542,
10.077610, 126.49046, 16.498930, 120.44113, 120.42861,
10.085690, 134.75081, 17.804281, 120.63125, 120.61607,
10.093760, 139.81953, 19.795254, 120.83536, 120.81745,
10.101830, 110.94075, 17.011478, 121.05373, 121.03304,
10.109900, 145.22138, 17.254646, 121.28644, 121.26294,
10.117970, 113.80514, 18.220036, 121.53346, 121.50718,
10.126040, 112.60998, 18.288578, 121.79488, 121.76588,
10.134100, 143.31600, 17.676313, 122.07039, 122.03874,
10.142170, 147.79797, 18.158459, 122.36076, 122.32657,
10.150230, 113.52166, 19.000494, 122.66532, 122.62874,
10.158300, 134.01906, 18.462029, 122.98488, 122.94606,
10.166360, 26.991186, 16.487177, 123.31870, 123.27782,
10.174420, 117.82987, 17.913177, 123.66729, 123.62456,
10.182470, 96.022332, 17.199249, 124.03022, 123.98585,
10.190530, 98.297091, 16.168846, 124.40846, 124.36268,
10.198590, 113.98383, 16.193741, 124.80171, 124.75478,
10.206640, 119.49590, 18.212414, 125.20949, 125.16166,
10.214690, 111.82126, 17.415386, 125.63237, 125.58391,
10.222750, 119.42491, 16.158098, 126.07099, 126.02216,
10.230800, 119.52243, 17.610237, 126.52440, 126.47547,
10.238850, 100.52423, 18.204466, 126.99320, 126.94446,
10.246890, 134.64938, 17.422441, 127.47692, 127.42864,
10.254940, 117.82432, 16.490402, 127.97681, 127.92926,
10.262990, 173.25591, 19.733324, 128.49243, 128.44587,
10.271030, 118.22456, 19.029924, 129.02323, 128.97793,
10.279070, 98.030745, 17.683371, 129.56989, 129.52608,
10.287120, 130.16913, 19.392126, 130.13331, 130.09125,
10.295150, 169.96453, 22.251329, 130.71148, 130.67137,
10.303190, 137.84890, 20.464851, 131.30668, 131.26873,
10.311230, 154.50757, 20.003830, 131.91823, 131.88263,
10.319270, 134.78540, 21.481995, 132.54640, 132.51332,
10.327300, 113.25671, 23.618563, 133.19043, 133.15999,
10.335340, 150.78196, 22.195873, 133.85205, 133.82437,
10.343370, 131.59421, 18.652563, 134.52992, 134.50509,
10.351400, 156.11148, 24.940683, 135.22482, 135.20288,
10.359430, 153.63979, 24.938026, 135.93698, 135.91794,
10.367460, 144.22099, 22.955128, 136.66655, 136.65040,
10.375480, 149.72330, 26.345383, 137.41272, 137.39940,
10.383510, 134.85569, 30.079626, 138.17760, 138.16701,
10.391530, 120.71748, 29.969929, 138.95946, 138.95146,
10.399560, 167.39054, 23.756279, 139.76035, 139.75473,
10.407580, 129.09480, 19.450043, 140.57853, 140.57506,
10.415600, 163.09749, 19.740395, 141.41504, 141.41342,
10.423620, 167.57028, 20.180212, 142.27026, 142.27013,
10.431640, 167.62459, 19.742197, 143.14417, 143.14514,
10.439650, 142.40926, 19.274578, 144.03602, 144.03761,
10.447670, 170.95857, 20.137709, 144.94823, 144.94991,
10.455680, 153.23095, 19.194857, 145.87862, 145.87980,
10.463700, 131.01336, 18.192253, 146.82985, 146.82985,
10.471710, 132.92284, 20.673031, 147.79952, 147.79763,
10.479720, 146.02351, 21.335253, 148.78856, 148.78412,
10.487730, 158.99436, 21.493034, 149.79655, 149.78895,
10.495730, 209.09599, 23.605301, 150.82183, 150.81056,
10.503740, 307.69523, 29.299303, 151.86643, 151.85102,
10.511750, 377.45731, 31.606058, 152.92875, 152.90879,
10.519750, 210.52999, 26.787424, 154.00694, 153.98211,
10.527750, 197.55535, 31.403811, 155.10212, 155.07213,
10.535750, 136.02270, 35.510647, 156.21377, 156.17839,
10.543750, 207.31530, 36.557743, 157.34137, 157.30041,
10.551750, 141.48044, 36.760735, 158.48479, 158.43813,
10.559750, 192.76880, 41.036469, 159.64338, 159.59094,
10.567850, 204.85994, 19.703686, 160.83182, 160.77349,
10.576350, 165.90953, 17.848602, 162.09491, 162.03041,
10.584840, 221.82976, 18.692993, 163.37239, 163.30178,
10.593340, 201.74192, 16.713793, 164.66697, 164.59035,
10.601830, 168.37693, 15.719207, 165.97503, 165.89254,
10.610330, 201.88008, 17.779680, 167.29935, 167.21117,
10.618820, 194.60220, 17.028597, 168.63640, 168.54276,
10.627310, 209.34556, 16.101259, 169.98707, 169.88822,
10.635800, 170.31680, 15.916073, 171.35124, 171.24748,
10.644280, 185.62599, 17.492174, 172.72664, 172.61829,
10.652770, 190.59074, 16.726530, 174.11609, 174.00351,
10.661250, 201.34501, 15.902416, 175.51607, 175.39964,
10.669740, 194.40702, 17.204027, 176.92932, 176.80943,
10.678220, 157.12587, 16.839178, 178.35226, 178.22934,
10.686700, 181.78357, 16.567924, 179.78606, 179.66057,
10.695180, 175.23862, 16.019962, 181.23034, 181.10273,
10.703650, 189.75315, 18.043077, 182.68305, 182.55382,
10.712130, 178.72756, 17.802511, 184.14691, 184.01656,
10.720600, 196.78275, 17.045498, 185.61856, 185.48761,
10.729080, 196.15611, 17.685995, 187.10078, 186.96974,
10.737550, 213.66571, 19.384520, 188.58967, 188.45909,
10.746020, 185.97656, 18.016375, 190.08685, 189.95729,
10.754490, 204.39026, 17.880711, 191.59160, 191.46361,
10.762960, 190.35940, 18.339062, 193.10389, 192.97804,
10.771420, 178.84227, 19.670536, 194.62111, 194.49797,
10.779890, 205.54561, 19.559689, 196.14700, 196.02715,
10.788350, 187.00275, 18.826632, 197.67723, 197.56126,
10.796810, 210.41019, 20.962639, 199.21333, 199.10181,
10.805270, 199.34064, 21.792242, 200.75492, 200.64845,
10.813730, 188.67820, 20.325134, 202.30164, 202.20082,
10.822190, 193.18086, 19.774214, 203.85313, 203.75854,
10.830650, 192.69558, 21.896839, 205.40902, 205.32125,
10.839100, 185.03996, 22.214489, 206.96701, 206.88666,
10.847560, 193.11772, 20.860395, 208.53062, 208.45827,
10.856010, 192.47010, 21.302921, 210.09578, 210.03202,
10.864460, 156.50880, 23.149948, 211.66371, 211.60914,
10.872910, 198.92537, 24.083977, 213.23425, 213.18943,
10.881360, 191.45662, 22.349062, 214.80720, 214.77273,
10.889800, 216.02550, 24.645550, 216.38009, 216.35653,
10.898250, 184.30705, 26.315159, 217.95628, 217.94422,
10.906690, 211.92151, 26.974699, 219.53186, 219.53186,
10.915140, 220.00628, 25.550030, 221.11027, 221.12291,
10.923580, 265.39898, 29.858421, 222.68740, 222.71319,
10.932020, 247.28334, 32.013149, 224.26508, 224.30453,
10.940460, 284.32184, 31.170406, 225.84318, 225.89676,
10.948890, 269.32746, 32.205215, 227.41960, 227.48773,
10.957330, 305.70968, 36.944679, 228.99812, 229.08123,
10.965760, 182.80843, 56.379951, 230.57487, 230.67331,
10.974200, 342.98490, 27.684322, 232.15329, 232.26742,
10.982630, 375.24078, 19.431448, 233.72948, 233.85959,
10.991060, 365.05551, 27.669296, 235.30547, 235.45184,
10.999490, 426.22021, 31.636837, 236.88075, 237.04362,
11.007920, 365.63674, 30.585466, 238.45554, 238.63514,
11.016340, 375.18182, 31.036304, 240.02759, 240.22406,
11.024770, 346.10731, 32.503937, 241.60049, 241.81401,
11.033190, 373.27459, 39.383614, 243.17054, 243.40121,
11.041610, 357.33622, 37.964314, 244.73940, 244.98731,
11.050030, 307.01676, 28.799166, 246.30693, 246.57214,
11.058450, 325.97312, 32.572041, 247.87299, 248.15552,
11.066870, 321.68383, 31.055086, 249.43744, 249.73729,
11.075290, 322.12322, 32.321548, 251.00016, 251.31730,
11.083700, 357.47374, 47.154228, 252.55923, 252.89357,
11.092120, 336.27388, 34.550503, 254.11806, 254.46953,
11.100530, 375.71833, 64.124695, 255.67280, 256.04126,
11.108940, 363.30159, 55.678753, 257.22543, 257.61073,
11.117350, 430.67366, 65.927963, 258.77546, 259.17742,
11.120570, 394.21378, 22.222292, 259.36840, 259.77668,
11.129530, 436.58660, 21.302303, 261.01595, 261.44166,
11.138500, 476.69131, 21.533251, 262.66229, 263.10516,
11.147460, 531.92043, 23.106731, 264.30339, 264.76310,
11.156430, 595.62174, 24.270390, 265.94292, 266.41914,
11.165390, 750.88515, 24.861818, 267.57688, 268.06922,
11.174350, 892.88978, 25.823320, 269.20702, 269.71506,
11.183300, 1049.5437, 28.981354, 270.83143, 271.35473,
11.192260, 1204.6608, 30.623392, 272.45340, 272.99150,
11.201220, 1284.2884, 29.867311, 274.07101, 274.62342,
11.210170, 1280.4639, 29.388695, 275.68238, 276.24857,
11.219120, 1235.4361, 30.373514, 277.28905, 277.86846,
11.228070, 1220.2053, 30.225475, 278.89084, 279.48290,
11.237020, 1241.7166, 28.569706, 280.48740, 281.09150,
11.245970, 1244.2683, 28.833654, 282.07888, 282.69440,
11.254920, 1212.9444, 29.598755, 283.66493, 284.29123,
11.263860, 1167.4140, 28.825838, 285.24352, 285.87990,
11.272800, 1120.6977, 26.889616, 286.81648, 287.46227,
11.281750, 1117.0367, 27.493408, 288.38496, 289.03944,
11.290690, 1069.1924, 27.782301, 289.94576, 290.60820,
11.299630, 1044.1697, 27.622261, 291.50004, 292.16968,
11.308560, 992.12949, 26.019632, 293.04610, 293.72217,
11.317500, 954.33051, 25.968182, 294.58707, 295.26879,
11.326430, 898.94447, 26.732225, 296.11945, 296.80601,
11.335370, 874.24428, 26.314373, 297.64632, 298.33691,
11.344300, 794.86911, 24.474865, 299.16421, 299.85801,
11.353230, 776.24312, 24.470982, 300.67456, 301.37073,
11.362160, 779.88025, 26.152500, 302.17700, 302.87469,
11.371080, 726.76341, 25.088366, 303.67005, 304.36841,
11.380010, 711.30253, 24.150169, 305.15637, 305.85453,
11.388930, 675.95617, 23.922817, 306.63290, 307.32999,
11.397850, 651.80372, 25.291073, 308.10068, 308.79583,
11.406780, 651.90425, 25.212784, 309.56138, 310.25372,
11.415700, 590.58892, 23.503124, 311.01135, 311.69999,
11.424610, 576.46187, 24.303024, 312.45054, 313.13461,
11.433530, 544.13382, 25.450649, 313.88181, 314.56043,
11.442450, 565.34316, 25.374269, 315.30339, 315.97569,
11.451360, 549.88304, 24.250641, 316.71354, 317.37866,
11.460270, 532.56032, 24.921587, 318.11355, 318.77064,
11.469180, 503.98089, 25.663464, 319.50320, 320.15139,
11.478090, 549.36806, 27.114834, 320.88223, 321.52068,
11.487000, 516.28532, 25.136452, 322.25041, 322.87830,
11.495910, 516.23545, 26.086815, 323.60735, 324.22385,
11.504810, 494.80553, 26.808012, 324.95165, 325.55599,
11.513710, 464.19618, 26.885077, 326.28424, 326.87562,
11.522620, 451.18403, 25.636387, 327.60655, 328.18420,
11.531520, 448.74272, 26.078754, 328.91521, 329.47841,
11.540420, 444.64400, 27.822880, 330.21153, 330.75956,
11.549310, 434.86839, 28.376543, 331.49386, 332.02606,
11.558210, 441.02627, 26.896507, 332.76484, 333.28051,
11.567100, 444.40373, 27.644588, 334.02105, 334.51959,
11.576000, 407.61467, 29.065248, 335.26547, 335.74625,
11.584890, 447.39191, 30.214752, 336.49472, 336.95722,
11.593780, 401.56916, 28.363956, 337.70989, 338.15357,
11.602670, 419.64896, 28.794756, 338.91094, 339.33531,
11.611560, 388.67220, 30.368910, 340.09745, 340.50208,
11.620440, 409.54900, 31.077353, 341.26775, 341.65226,
11.629330, 352.70344, 30.191149, 342.42431, 342.78833,
11.638210, 403.49950, 31.742035, 343.56422, 343.90747,
11.647090, 386.68642, 32.879807, 344.68829, 345.01052,
11.655970, 356.78289, 34.092815, 345.79633, 346.09737,
11.664850, 354.86769, 26.753674, 346.88816, 347.16786,
11.673730, 347.63017, 19.052122, 347.96320, 348.22151,
11.682600, 375.89744, 22.099346, 349.02013, 349.25706,
11.691480, 329.56642, 21.906898, 350.06089, 350.27648,
11.700350, 381.55219, 23.053761, 351.08290, 351.27731,
11.709220, 375.09187, 24.124454, 352.08696, 352.26039,
11.718090, 404.64397, 24.761818, 353.07271, 353.22546,
11.726960, 346.47423, 25.861111, 354.03981, 354.17224,
11.735830, 375.57362, 27.139742, 354.98790, 355.10046,
11.744690, 359.18112, 28.466869, 355.91553, 356.00878,
11.753560, 418.00300, 28.340223, 356.82453, 356.89908,
11.762420, 391.72006, 30.527235, 357.71238, 357.76897,
11.771280, 390.55427, 46.092892, 358.57988, 358.61933,
11.775020, 359.34175, 19.285614, 358.93975, 358.97224,
11.784500, 351.69020, 19.926720, 359.83533, 359.85095,
11.793980, 375.36474, 19.913364, 360.70630, 360.70630,
11.803460, 352.41796, 22.453548, 361.55253, 361.53825,
11.812940, 364.71688, 18.259686, 362.37419, 362.34689,
11.822420, 377.61988, 19.249237, 363.17193, 363.13283,
11.831890, 394.20636, 19.416409, 363.94532, 363.89555,
11.841360, 352.10909, 17.698456, 364.69574, 364.63634,
11.850840, 395.41112, 18.081654, 365.42439, 365.35631,
11.860310, 394.14486, 18.689037, 366.13026, 366.05444,
11.869770, 400.22026, 18.825218, 366.81389, 366.73116,
11.879240, 412.07455, 18.364225, 367.47710, 367.38826,
11.888710, 418.55573, 17.784216, 368.11965, 368.02542,
11.898170, 417.82614, 18.391359, 368.74134, 368.64243,
11.907630, 410.90347, 18.697702, 369.34322, 369.24027,
11.917090, 417.39568, 18.621555, 369.92583, 369.81945,
11.926550, 414.79918, 17.682289, 370.48946, 370.38022,
11.936010, 415.66444, 17.941456, 371.03465, 370.92310,
11.945470, 445.29871, 19.074764, 371.56168, 371.44834,
11.954920, 423.65189, 18.189505, 372.07052, 371.95587,
11.964370, 446.27666, 17.891977, 372.56209, 372.44661,
11.973830, 434.26577, 17.990339, 373.03730, 372.92145,
11.983280, 435.23015, 18.983925, 373.49548, 373.37969,
11.992720, 477.74233, 19.471346, 373.93706, 373.82178,
12.002170, 439.70409, 18.350204, 374.36338, 374.24904,
12.011610, 439.11608, 18.347948, 374.77392, 374.66094,
12.021060, 424.49998, 18.869301, 375.16985, 375.05867,
12.030500, 411.04619, 18.745449, 375.55074, 375.44178,
12.039940, 425.34601, 18.640482, 375.91730, 375.81101,
12.049380, 439.89327, 18.584917, 376.26996, 376.16679,
12.058820, 420.30882, 19.244787, 376.60898, 376.50940,
12.068250, 417.34632, 19.809235, 376.93442, 376.83890,
12.077690, 422.87313, 19.432976, 377.24729, 377.15633,
12.087120, 411.23255, 18.844057, 377.54723, 377.46135,
12.096550, 409.94993, 19.857784, 377.83491, 377.75466,
12.105980, 445.52447, 21.627485, 378.11065, 378.03659,
12.115410, 404.09020, 20.388735, 378.37477, 378.30751,
12.124830, 400.02816, 19.857235, 378.62733, 378.56749,
12.134260, 400.71725, 20.918743, 378.86915, 378.81740,
12.143680, 380.30625, 21.282722, 379.10001, 379.05704,
12.153100, 408.46698, 22.242075, 379.32051, 379.28707,
12.162520, 404.28523, 26.756571, 379.53093, 379.50780,
12.171940, 361.06427, 21.334604, 379.73153, 379.71953,
12.181360, 371.47346, 22.594341, 379.92266, 379.92266,
12.190770, 378.00386, 23.508030, 380.10434, 380.11722,
12.200180, 384.78645, 23.286972, 380.27693, 380.30353,
12.209600, 412.88961, 24.222961, 380.44073, 380.48184,
12.219010, 398.08411, 25.285595, 380.59548, 380.65178,
12.228420, 383.20508, 26.012066, 380.74147, 380.81359,
12.237820, 377.83792, 25.811968, 380.87866, 380.96715,
12.247230, 428.26153, 26.782576, 381.00745, 381.11283,
12.256630, 419.91597, 27.707426, 381.12766, 381.25036,
12.266040, 487.55845, 30.653337, 381.23964, 381.38004,
12.275440, 660.46693, 33.916931, 381.34324, 381.50165,
12.284840, 599.17037, 32.525654, 381.43866, 381.61535,
12.294230, 432.16710, 30.007528, 381.52593, 381.72108,
12.303630, 436.04000, 38.835949, 381.60528, 381.81908,
12.313030, 418.32870, 33.484764, 381.67672, 381.90926,
12.322420, 437.16504, 40.337013, 381.74025, 381.99158,
12.331810, 490.69020, 27.411371, 381.79604, 382.06615,
12.341200, 453.06117, 21.991341, 381.84415, 382.13300,
12.350590, 463.58974, 22.686621, 381.88465, 382.19217,
12.359980, 461.66564, 23.524284, 381.91762, 382.24367,
12.369360, 496.29856, 24.111914, 381.94309, 382.28748,
12.378750, 475.14703, 24.683020, 381.96119, 382.32372,
12.388130, 457.86764, 26.101089, 381.97193, 382.35234,
12.397510, 473.21207, 26.432276, 381.97539, 382.37339,
12.406890, 483.69270, 26.045567, 381.97164, 382.38690,
12.416270, 502.54198, 27.725149, 381.96072, 382.39289,
12.425640, 457.13659, 26.530869, 381.94271, 382.39137,
12.435020, 491.75038, 29.223206, 381.91761, 382.38237,
12.444390, 519.50048, 29.259020, 381.88554, 382.36591,
12.453760, 490.55642, 26.219852, 381.84650, 382.34201,
12.463130, 464.23624, 27.517700, 381.80054, 382.31068,
12.472500, 508.37334, 31.881268, 381.74771, 382.27193,
12.481870, 534.24654, 37.912731, 381.68803, 382.22578,
12.489420, 505.31400, 22.432222, 381.63499, 382.18321,
12.499490, 554.09633, 23.412369, 381.55740, 382.11898,
12.509550, 562.02424, 23.004776, 381.47210, 382.04630,
12.519610, 567.01095, 21.802681, 381.37906, 381.96513,
12.529670, 545.63043, 21.385523, 381.27831, 381.87550,
12.539730, 563.81354, 22.411381, 381.16988, 381.77738,
12.549780, 581.20580, 23.582430, 381.05392, 381.67092,
12.559840, 581.77072, 21.658386, 380.93022, 381.55589,
12.569890, 590.61980, 20.914782, 380.79905, 381.43254,
12.579940, 619.49059, 21.893841, 380.66030, 381.30076,
12.589990, 641.45149, 22.197481, 380.51400, 381.16055,
12.600040, 598.73329, 20.797657, 380.36013, 381.01189,
12.610090, 644.31891, 20.785585, 380.19875, 380.85483,
12.620130, 657.25701, 23.185865, 380.03001, 380.68951,
12.630170, 656.96553, 21.465450, 379.85375, 380.51577,
12.640210, 657.16097, 21.470596, 379.66999, 380.33361,
12.650250, 647.12907, 20.375374, 379.47871, 380.14302,
12.660290, 635.84574, 20.044205, 379.27994, 379.94403,
12.670330, 640.26577, 20.356304, 379.07364, 379.73659,
12.680360, 664.35312, 21.060783, 378.86003, 379.52093,
12.690390, 655.66054, 20.176924, 378.63889, 379.29685,
12.700420, 703.48716, 20.391310, 378.41019, 379.06429,
12.710450, 719.59472, 20.759914, 378.17395, 378.82331,
12.720480, 748.43401, 22.174652, 377.93014, 378.57385,
12.730500, 738.35216, 25.897926, 377.67896, 378.31617,
12.740530, 725.57669, 20.839058, 377.41992, 378.04975,
12.750550, 720.25760, 20.411930, 377.15348, 377.77508,
12.760570, 709.14408, 20.925457, 376.87939, 377.49193,
12.770590, 719.32610, 21.174747, 376.59756, 377.20022,
12.780610, 666.08901, 20.145287, 376.30798, 376.89996,
12.790620, 715.19044, 21.998589, 376.01093, 376.59146,
12.800640, 902.04367, 23.114233, 375.70575, 376.27405,
12.810650, 1307.6081, 27.616787, 375.39301, 375.94836,
12.820660, 987.12692, 24.263063, 375.07237, 375.61406,
12.830670, 633.19830, 19.536011, 374.74374, 375.27107,
12.840680, 556.74050, 18.827820, 374.40711, 374.91945,
12.850680, 561.22922, 19.443398, 374.06275, 374.55947,
12.860690, 555.49028, 20.038963, 373.70993, 374.19042,
12.870690, 505.07270, 18.768581, 373.34926, 373.81297,
12.880690, 471.22857, 18.008083, 372.98037, 373.42679,
12.890690, 472.82023, 18.503475, 372.60313, 373.03176,
12.900680, 429.62175, 18.453407, 372.21791, 372.62833,
12.910680, 434.76391, 18.783875, 371.82382, 372.21559,
12.920670, 431.90991, 18.272564, 371.42161, 371.79440,
12.930670, 405.92539, 18.006912, 371.01036, 371.36381,
12.940660, 397.28367, 18.568249, 370.59080, 370.92466,
12.950640, 423.31051, 19.886017, 370.16295, 370.47703,
12.960630, 378.05162, 18.803764, 369.72574, 370.01983,
12.970620, 391.01847, 18.943933, 369.27961, 369.55358,
12.980600, 396.00620, 19.388195, 368.82485, 369.07866,
12.990580, 373.62322, 20.241837, 368.36098, 368.59463,
13.000560, 395.47427, 20.533810, 367.88782, 368.10134,
13.010540, 396.53078, 20.672276, 367.40530, 367.59880,
13.020520, 389.24479, 20.292397, 366.91331, 367.08695,
13.030490, 405.46849, 21.849962, 366.41226, 366.56631,
13.040470, 374.01606, 22.083208, 365.90099, 366.03572,
13.050440, 384.40834, 22.761173, 365.38045, 365.49625,
13.060410, 353.16504, 21.715981, 364.84998, 364.94729,
13.070380, 363.31718, 22.159740, 364.30940, 364.38874,
13.080350, 392.71029, 24.383858, 363.75868, 363.82064,
13.090310, 361.58091, 24.648857, 363.19818, 363.24345,
13.100280, 357.79396, 24.817831, 362.62668, 362.65599,
13.110240, 347.59096, 24.009743, 362.04514, 362.05934,
13.120200, 363.40966, 25.792376, 361.45287, 361.45287,
13.130160, 354.11859, 27.012213, 360.84980, 360.83659,
13.140110, 384.35118, 22.095928, 360.23692, 360.21147,
13.150070, 384.35402, 17.949049, 359.61334, 359.57656,
13.160020, 378.26540, 18.052458, 358.98079, 358.93355,
13.169980, 373.62346, 19.888216, 358.33832, 358.28145,
13.179930, 395.80810, 20.106016, 357.68770, 357.62200,
13.189870, 384.43243, 20.729237, 357.02928, 356.95552,
13.199820, 380.29567, 20.346767, 356.36220, 356.28109,
13.209770, 354.77571, 19.732944, 355.68741, 355.59965,
13.219710, 331.98018, 19.130672, 355.00607, 354.91233,
13.229650, 370.67197, 21.610828, 354.31795, 354.21886,
13.239590, 399.88908, 23.114838, 353.62327, 353.51944,
13.249530, 361.28266, 21.704681, 352.92250, 352.81451,
13.259470, 376.06840, 21.654377, 352.21599, 352.10442,
13.269410, 378.43877, 22.862122, 351.50414, 351.38951,
13.279340, 365.42812, 26.125101, 350.78807, 350.67091,
13.289270, 375.16811, 26.712803, 350.06734, 349.94814,
13.299200, 343.37940, 26.810734, 349.34244, 349.22169,
13.309130, 349.12645, 28.703335, 348.61368, 348.49184,
13.318260, 340.99376, 18.103960, 347.94048, 347.81804,
13.328980, 379.00378, 18.091736, 347.14668, 347.02398,
13.339690, 354.07615, 17.858343, 346.35042, 346.22797,
13.350400, 389.35993, 19.035769, 345.55140, 345.42965,
13.361120, 376.73090, 18.748217, 344.74927, 344.62869,
13.371830, 365.30129, 17.427675, 343.94606, 343.82708,
13.382530, 353.82391, 16.917736, 343.14216, 343.02519,
13.393240, 370.84712, 17.904734, 342.33657, 342.22203,
13.403940, 361.63928, 17.991413, 341.53119, 341.41947,
13.414650, 371.91442, 19.595446, 340.72503, 340.61650,
13.425350, 392.01654, 18.131477, 339.91997, 339.81499,
13.436050, 352.54187, 16.909739, 339.11574, 339.01467,
13.446740, 363.55601, 17.398069, 338.31359, 338.21675,
13.457440, 366.37978, 18.135473, 337.51237, 337.42009,
13.468130, 368.23794, 17.244390, 336.71412, 336.62670,
13.478830, 368.84624, 16.905998, 335.91772, 335.83544,
13.489520, 371.98114, 16.925381, 335.12518, 335.04832,
13.500200, 369.30212, 17.497217, 334.33687, 334.26568,
13.510890, 385.23911, 17.348375, 333.55184, 333.48656,
13.521570, 399.87112, 17.084154, 332.77195, 332.71279,
13.532260, 409.88681, 16.707294, 331.99625, 331.94342,
13.542940, 409.56862, 16.811926, 331.22659, 331.18026,
13.553620, 410.04633, 17.511244, 330.46274, 330.42306,
13.564290, 409.21868, 17.124376, 329.70591, 329.67300,
13.574970, 392.03236, 16.289721, 328.95506, 328.92904,
13.585640, 395.90091, 15.795982, 328.21213, 328.19307,
13.596320, 385.17995, 16.292667, 327.47615, 327.46410,
13.606990, 380.54238, 16.456722, 326.74903, 326.74400,
13.617650, 368.28959, 16.129484, 326.03115, 326.03313,
13.628320, 371.53576, 15.560474, 325.32172, 325.33065,
13.638980, 369.91482, 15.644368, 324.62248, 324.63826,
13.649650, 360.02818, 15.764893, 323.93267, 323.95518,
13.660310, 362.82525, 16.515539, 323.25401, 323.28308,
13.670970, 349.53489, 17.768246, 322.58638, 322.62178,
13.681630, 357.57491, 15.554211, 321.93028, 321.97174,
13.692280, 353.80339, 15.997085, 321.28683, 321.33404,
13.702940, 343.12937, 16.120697, 320.65529, 320.70787,
13.713590, 329.17779, 16.594835, 320.03741, 320.09492,
13.724240, 346.68269, 16.652578, 319.43302, 319.49497,
13.734890, 333.64419, 16.396223, 318.84277, 318.90859,
13.745530, 304.99707, 16.090946, 318.26762, 318.33670,
13.756180, 328.12508, 16.820267, 317.70709, 317.77872,
13.766820, 335.54769, 18.156895, 317.16273, 317.23612,
13.777460, 321.77181, 17.929348, 316.63457, 316.70887,
13.788100, 319.77525, 16.781301, 316.12316, 316.19743,
13.798740, 327.96797, 17.567930, 315.62907, 315.70228,
13.809380, 314.25585, 18.228577, 315.15291, 315.22393,
13.820010, 320.80336, 18.628584, 314.69557, 314.76317,
13.830640, 344.02000, 19.197784, 314.25729, 314.32014,
13.841270, 347.93783, 19.106770, 313.83856, 313.89522,
13.851900, 315.92858, 18.600824, 313.44007, 313.48900,
13.862530, 335.79661, 24.180862, 313.06238, 313.10190,
13.873150, 317.54330, 20.513395, 312.70641, 312.73474,
13.883780, 324.70650, 20.875479, 312.37216, 312.38735,
13.894400, 300.33747, 20.226444, 312.06086, 312.06086,
13.905020, 295.47693, 20.618958, 311.77258, 311.75524,
13.915640, 322.24007, 22.563896, 311.50676, 311.47008,
13.926250, 304.91316, 22.513500, 311.26281, 311.20498,
13.936870, 351.97407, 23.870178, 311.03951, 310.95889,
13.947480, 336.23023, 22.924383, 310.83643, 310.73159,
13.958090, 342.08312, 24.643635, 310.65264, 310.52229,
13.968700, 329.12891, 25.101868, 310.48732, 310.33036,
13.979310, 311.84842, 26.091536, 310.33974, 310.15523,
13.989910, 355.20892, 29.039471, 310.20925, 309.99644,
14.000520, 344.88226, 49.127392, 310.09486, 309.85309,
14.011120, 316.75535, 50.066696, 309.99605, 309.72486,
14.021720, 433.08502, 33.611637, 309.91197, 309.61103,
14.032320, 335.39632, 31.204226, 309.84189, 309.51101,
14.042920, 284.77742, 28.834915, 309.78510, 309.42423,
14.053510, 299.27473, 30.809811, 309.74092, 309.35017,
14.064110, 306.24995, 31.656675, 309.70855, 309.28811,
14.074700, 324.89918, 36.652817, 309.68736, 309.23759,
14.085290, 344.89671, 38.144505, 309.67661, 309.19799,
14.095870, 329.79451, 26.688839, 309.67561, 309.16874,
14.106460, 325.18723, 21.668884, 309.68366, 309.14924,
14.117040, 330.75913, 21.725521, 309.70007, 309.13894,
14.127630, 354.69415, 24.593723, 309.72418, 309.13727,
14.138210, 316.37098, 24.451633, 309.75528, 309.14366,
14.148790, 308.50324, 24.575211, 309.79271, 309.15755,
14.159370, 330.17490, 24.246284, 309.83579, 309.17838,
14.169940, 363.51236, 25.701405, 309.88382, 309.20556,
14.180520, 390.81094, 48.014431, 309.93621, 309.23858,
14.182090, 379.91284, 21.262358, 309.94431, 309.24394,
14.193560, 396.76555, 20.701029, 310.00574, 309.28645,
14.205030, 352.60163, 20.994057, 310.07051, 309.33435,
14.216500, 365.16428, 21.977524, 310.13778, 309.38692,
14.227970, 384.28135, 21.712254, 310.20669, 309.44345,
14.239430, 362.36018, 19.837105, 310.27636, 309.50318,
14.250890, 327.02373, 17.982117, 310.34599, 309.56546,
14.262350, 330.76084, 18.589279, 310.41476, 309.62958,
14.273810, 358.14846, 19.356689, 310.48182, 309.69485,
14.285270, 335.87136, 18.874569, 310.54633, 309.76055,
14.296730, 347.17154, 17.280766, 310.60745, 309.82598,
14.308180, 339.52265, 16.670927, 310.66430, 309.89039,
14.319630, 348.51393, 17.102377, 310.71607, 309.95314,
14.331080, 337.73609, 17.778641, 310.76193, 310.01351,
14.342530, 326.35710, 17.327206, 310.80103, 310.07081,
14.353970, 332.98889, 16.096069, 310.83248, 310.12429,
14.365410, 327.79671, 15.645353, 310.85549, 310.17330,
14.376860, 330.68593, 15.802911, 310.86920, 310.21717,
14.388300, 318.08447, 16.477678, 310.87272, 310.25513,
14.399730, 307.77955, 16.190973, 310.86521, 310.28648,
14.411170, 318.00862, 15.339602, 310.84579, 310.31057,
14.422600, 315.12027, 14.919705, 310.81362, 310.32667,
14.434030, 332.78451, 15.470003, 310.76780, 310.33407,
14.445460, 315.30801, 16.219366, 310.70745, 310.33209,
14.456890, 298.47059, 15.557345, 310.63167, 310.32000,
14.468320, 316.62547, 15.754626, 310.53957, 310.29710,
14.479740, 306.91567, 14.989387, 310.43032, 310.26271,
14.491160, 328.23806, 15.560239, 310.30295, 310.21609,
14.502580, 297.45275, 16.074846, 310.15655, 310.15655,
14.514000, 305.53168, 16.121197, 309.99061, 310.08361,
14.525420, 312.64456, 15.600121, 309.80659, 309.99796,
14.536830, 317.38836, 14.619765, 309.60654, 309.90059,
14.548240, 312.84496, 14.764634, 309.39218, 309.79237,
14.559650, 317.04976, 16.949669, 309.16535, 309.67420,
14.571060, 315.64364, 15.609301, 308.92794, 309.54701,
14.582470, 321.35791, 15.344570, 308.68178, 309.41172,
14.593870, 299.91906, 15.325715, 308.42893, 309.26936,
14.605270, 332.45272, 15.284085, 308.17104, 309.12073,
14.616670, 321.91876, 15.239687, 307.90995, 308.96675,
14.628070, 298.15157, 16.500021, 307.64746, 308.80831,
14.639470, 297.73700, 15.503426, 307.38543, 308.64633,
14.650860, 303.85526, 14.860256, 307.12592, 308.48187,
14.662260, 315.33269, 15.359510, 306.87030, 308.31552,
14.673650, 310.95520, 15.498226, 306.62085, 308.14851,
14.685040, 297.91159, 16.192102, 306.37918, 307.98156,
14.696420, 337.75326, 17.076769, 306.14735, 307.81577,
14.707810, 321.40727, 16.381763, 305.92675, 307.65170,
14.719190, 339.29831, 16.917545, 305.71966, 307.49058,
14.730570, 306.34042, 16.630064, 305.52770, 307.33314,
14.741950, 328.38907, 18.588642, 305.35273, 307.18030,
14.753330, 307.55605, 17.938946, 305.19663, 307.03295,
14.764700, 329.89439, 18.424520, 305.06138, 306.89214,
14.776080, 298.58550, 17.662628, 304.94861, 306.75850,
14.787450, 284.88764, 17.804785, 304.86043, 306.63319,
14.798820, 318.78992, 19.607462, 304.79862, 306.51699,
14.810190, 312.02131, 19.860754, 304.76510, 306.41079,
14.821550, 292.55465, 19.381424, 304.76178, 306.31561,
14.832920, 287.84767, 19.023428, 304.79061, 306.23218,
14.844280, 318.84026, 19.698671, 304.85347, 306.16155,
14.855640, 339.93679, 22.227404, 304.95236, 306.10457,
14.866990, 316.25446, 20.973763, 305.08911, 306.06218,
14.878350, 293.45943, 20.873001, 305.26598, 306.03522,
14.889710, 318.35192, 20.587856, 305.48489, 306.02465,
14.901060, 303.94910, 20.011757, 305.74760, 306.03140,
14.912410, 304.65669, 20.719143, 306.05636, 306.05636,
14.923760, 292.12264, 20.711813, 306.41264, 306.10028,
14.935100, 311.20147, 22.384949, 306.81482, 306.16301,
14.946450, 321.07797, 21.949280, 307.26194, 306.24443,
14.957790, 314.64507, 21.372257, 307.75138, 306.34414,
14.969130, 319.94545, 22.274145, 308.28175, 306.46195,
14.980470, 326.13274, 23.049082, 308.85142, 306.59762,
14.991810, 315.13251, 23.857647, 309.45866, 306.75091,
15.003140, 317.24725, 23.804180, 310.10122, 306.92144,
15.014480, 302.97795, 22.670523, 310.77848, 307.10924,
15.025810, 303.13601, 23.609001, 311.48775, 307.31379,
15.037140, 325.55130, 24.153511, 312.22785, 307.53499,
15.048460, 287.15309, 25.384661, 312.99656, 307.77242,
15.059790, 304.21067, 26.005352, 313.79359, 308.02625,
15.071110, 290.68449, 24.791140, 314.61600, 308.29584,
15.082440, 310.35381, 19.358946, 315.46368, 308.58146,
15.093750, 319.00511, 16.449759, 316.33269, 308.88207,
15.105070, 286.33089, 17.616566, 317.22387, 309.19828,
15.116390, 309.20321, 21.314684, 318.13488, 309.52962,
15.127700, 333.13044, 18.741356, 319.06332, 309.87555,
15.139020, 298.83433, 19.082600, 320.00941, 310.23650,
15.150330, 300.22513, 18.999670, 320.96988, 310.61162,
15.162390, 287.26408, 21.082176, 322.00919, 311.02738,
15.174730, 298.88247, 20.532944, 323.08696, 311.46937,
15.187070, 308.66473, 21.212269, 324.17719, 311.92786,
15.199410, 305.76696, 22.639248, 325.27811, 312.40266,
15.211740, 310.17635, 22.008638, 326.38670, 312.89303,
15.224080, 317.29805, 21.152010, 327.50310, 313.39965,
15.236410, 310.27087, 19.475315, 328.62341, 313.92139,
15.248740, 323.76550, 20.075510, 329.74669, 314.45843,
15.261060, 311.85835, 20.823730, 330.87007, 315.01007,
15.273390, 322.48764, 20.513111, 331.99357, 315.57703,
15.285710, 323.65501, 20.046675, 333.11347, 316.15817,
15.298030, 310.84243, 18.172228, 334.22864, 316.75365,
15.310350, 315.58965, 18.263247, 335.33736, 317.36336,
15.322660, 297.82313, 18.666784, 336.43672, 317.98650,
15.334980, 320.30517, 19.904648, 337.52658, 318.62386,
15.347290, 319.57099, 20.116432, 338.60336, 319.27427,
15.359600, 293.09932, 18.114571, 339.66597, 319.93800,
15.371900, 335.15436, 18.747419, 340.71162, 320.61428,
15.384210, 336.19716, 19.894661, 341.74016, 321.30405,
15.396510, 326.84528, 20.482182, 342.74796, 322.00600,
15.408810, 360.54139, 22.902096, 343.73381, 322.72042,
15.421110, 335.09800, 20.246117, 344.69589, 323.44723,
15.433410, 341.24549, 19.789452, 345.63209, 324.18612,
15.445700, 340.50437, 20.111942, 346.54038, 324.93639,
15.457990, 350.77121, 20.709892, 347.42240, 325.69841,
15.470280, 345.19489, 21.429024, 348.27963, 326.47202,
15.482570, 323.17341, 19.165337, 349.11353, 327.25703,
15.494860, 351.75359, 18.545048, 349.92555, 328.05328,
15.507140, 362.85628, 18.094366, 350.71653, 328.85995,
15.519420, 367.79873, 18.222036, 351.48847, 329.67744,
15.531700, 456.13146, 20.110435, 352.24290, 330.50569,
15.543980, 1120.0002, 28.533669, 352.98110, 331.34443,
15.556260, 1381.6408, 30.371552, 353.70459, 332.19360,
15.568530, 621.39645, 20.090405, 354.41409, 333.05227,
15.580800, 379.92853, 16.849163, 355.11161, 333.92097,
15.593070, 344.15067, 17.329050, 355.79850, 334.79957,
15.605340, 338.86110, 17.513182, 356.47614, 335.68791,
15.617600, 342.75140, 17.257990, 357.14535, 336.58513,
15.629860, 363.62306, 16.813343, 357.80798, 337.49170,
15.642120, 357.09166, 16.140610, 358.46547, 338.40762,
15.654380, 375.52214, 17.296177, 359.11906, 339.33259,
15.666640, 351.65220, 17.365692, 359.77020, 340.26662,
15.678890, 363.81551, 17.656902, 360.41961, 341.20869,
15.691140, 358.15484, 16.696007, 361.06920, 342.15945,
15.703390, 357.25704, 15.705442, 361.72029, 343.11876,
15.715640, 375.04530, 16.647739, 362.37423, 344.08649,
15.727890, 356.39759, 16.822838, 363.03235, 345.06250,
15.740130, 355.42204, 17.616394, 363.69547, 346.04590,
15.752370, 366.61838, 17.368790, 364.36540, 347.03723,
15.764610, 347.06911, 16.534185, 365.04358, 348.03651,
15.776850, 380.31573, 17.787104, 365.73125, 349.04347,
15.789090, 389.10373, 18.038746, 366.42988, 350.05813,
15.801320, 358.44066, 18.452635, 367.14016, 351.07942,
15.813550, 393.56792, 20.123354, 367.86405, 352.10807,
15.825780, 394.00183, 19.689049, 368.60291, 353.14398,
15.838010, 376.89246, 19.185795, 369.35813, 354.18701,
15.850230, 391.15805, 20.004181, 370.13048, 355.23624,
15.862450, 377.50290, 20.410173, 370.92188, 356.29226,
15.874670, 413.59976, 23.106226, 371.73386, 357.35514,
15.886890, 380.71455, 22.204943, 372.56777, 358.42468,
15.899110, 397.64673, 23.245197, 373.42497, 359.50068,
15.911320, 379.53193, 21.467196, 374.30627, 360.58226,
15.923540, 415.37971, 22.465099, 375.21458, 361.67110,
15.935750, 401.94879, 23.215496, 376.14979, 362.76522,
15.947960, 399.99897, 23.154879, 377.11416, 363.86544,
15.960160, 394.83303, 22.945019, 378.10840, 364.97078,
15.972370, 388.86461, 22.462517, 379.13556, 366.08289,
15.984570, 384.10536, 21.555214, 380.19550, 367.19982,
15.996770, 392.76777, 22.198036, 381.29071, 368.32252,
16.008961, 432.28996, 24.059986, 382.42178, 369.44992,
16.021160, 427.85584, 23.920065, 383.59196, 370.58359,
16.033350, 417.82126, 24.010502, 384.80112, 371.72175,
16.045549, 383.91166, 22.273148, 386.05277, 372.86609,
16.057739, 433.02984, 23.480192, 387.34661, 374.01472,
16.069920, 405.66506, 23.505333, 388.68420, 375.16754,
16.082109, 393.92491, 23.742762, 390.06934, 376.32625,
16.094290, 375.56186, 24.415298, 391.50156, 377.48896,
16.106470, 401.27264, 28.533741, 392.98368, 378.65647,
16.118650, 390.57522, 26.013792, 394.51746, 379.82870,
16.130831, 400.44931, 25.338316, 396.10472, 381.00556,
16.143009, 396.65346, 26.030760, 397.74699, 382.18677,
16.155180, 378.49198, 26.866264, 399.44532, 383.37169,
16.167351, 397.22326, 31.350203, 401.20258, 384.56096,
16.179520, 396.63916, 29.062016, 403.02042, 385.75433,
16.191681, 419.40695, 27.259136, 404.89983, 386.95113,
16.203850, 436.99959, 30.723343, 406.84517, 388.15278,
16.216009, 375.89414, 30.191933, 408.85569, 389.35751,
16.228170, 456.52398, 36.886677, 410.93527, 390.56637,
16.240330, 400.91041, 32.766235, 413.08534, 391.77889,
16.252489, 405.55793, 33.736534, 415.30834, 392.99519,
16.264641, 409.44899, 33.180454, 417.60386, 394.21441,
16.276791, 404.10041, 36.012344, 419.96944, 395.43706,
16.288950, 466.27963, 39.147587, 422.40286, 396.66420,
16.301090, 445.96088, 45.519543, 424.89383, 397.89288,
16.313240, 470.32472, 44.815701, 427.44372, 399.12590,
16.325380, 465.80814, 48.280716, 430.04409, 400.36125,
16.337530, 547.47875, 35.105522, 432.69465, 401.60080,
16.349670, 517.46172, 29.002262, 435.38687, 402.84254,
16.361799, 516.98810, 28.643387, 438.11591, 404.08617,
16.373940, 560.87878, 33.484871, 440.88260, 405.33399,
16.386070, 660.15933, 34.488754, 443.67789, 406.58376,
16.398211, 701.80808, 35.660851, 446.50190, 407.83737,
16.410339, 626.97310, 30.703310, 449.34550, 409.09258,
16.422461, 648.25563, 32.238220, 452.20529, 410.34973,
16.434589, 633.18959, 34.016430, 455.08065, 411.61031,
16.446711, 585.82653, 32.104660, 457.96375, 412.87267,
16.458839, 638.59181, 32.429642, 460.85401, 414.13834,
16.470961, 611.93853, 33.860268, 463.74359, 415.40565,
16.483070, 606.26989, 33.566109, 466.62739, 416.67413,
16.495190, 576.37377, 44.081310, 469.50619, 417.94591,
16.500280, 631.47252, 33.212643, 470.71226, 418.48080,
16.513599, 558.59568, 27.008705, 473.85589, 419.88207,
16.526911, 517.76042, 23.452827, 476.97616, 421.28512,
16.540211, 536.70817, 23.984423, 480.06663, 422.68945,
16.553520, 548.97003, 24.598999, 483.12657, 424.09719,
16.566820, 550.05333, 25.216467, 486.14597, 425.50624,
16.580120, 509.19650, 23.759041, 489.12139, 426.91753,
16.593420, 486.82914, 21.977930, 492.04714, 428.33096,
16.606710, 521.48978, 22.959454, 494.91548, 429.74544,
16.620001, 526.65920, 23.416359, 497.72280, 431.16191,
16.633301, 559.67676, 25.580835, 500.46525, 432.58129,
16.646589, 506.82111, 25.513300, 503.13273, 434.00126,
16.659870, 502.78464, 24.551575, 505.72028, 435.42216,
16.673149, 516.56556, 23.343853, 508.22321, 436.84449,
16.686440, 501.54402, 21.742722, 510.63975, 438.26963,
16.699711, 513.40071, 22.157354, 512.96730, 439.69422,
16.712990, 549.89939, 23.608084, 515.21521, 441.12103,
16.726271, 536.48381, 23.021763, 517.38694, 442.54938,
16.739540, 536.77071, 22.010138, 519.48486, 443.97775,
16.752810, 524.49779, 20.704491, 521.51528, 445.40729,
16.766081, 526.75977, 20.055784, 523.48286, 446.83813,
16.779341, 553.58626, 21.297890, 525.39000, 448.26875,
16.792601, 553.54963, 22.681503, 527.24271, 449.70032,
16.805870, 522.72823, 22.723061, 529.04651, 451.13377,
16.819120, 521.86659, 22.213810, 530.80178, 452.56594,
16.832380, 544.02803, 21.220699, 532.51654, 453.99985,
16.845631, 528.86139, 19.850731, 534.19247, 455.43336,
16.858891, 534.39687, 20.340204, 535.83612, 456.86846,
16.872141, 563.02563, 21.856548, 537.44923, 458.30300,
16.885380, 527.44234, 21.220316, 539.03570, 459.73669,
16.898630, 530.56018, 20.718771, 540.60236, 461.17196,
16.911869, 518.82197, 19.833883, 542.14914, 462.60623,
16.925110, 563.16167, 20.591103, 543.67475, 464.04087,
16.938351, 550.19761, 21.220612, 545.17466, 465.47562,
16.951580, 538.11702, 22.142422, 546.64332, 466.90914,
16.964821, 567.50486, 23.399693, 548.07893, 468.34385,
16.978050, 584.75819, 23.486298, 549.47468, 469.77719,
16.991270, 565.69085, 23.161716, 550.82650, 471.20930,
17.004499, 554.31144, 22.164864, 552.13196, 472.64215,
17.017719, 683.44745, 23.874090, 553.38475, 474.07361,
17.030951, 959.18131, 28.375925, 554.58241, 475.50588,
17.044161, 822.42760, 26.945171, 555.71757, 476.93537,
17.057381, 582.47048, 22.697227, 556.78843, 478.36531,
17.070601, 594.38075, 21.997511, 557.78958, 479.79459,
17.083811, 588.78102, 21.960110, 558.71577, 481.22211,
17.097019, 573.17844, 20.873222, 559.56300, 482.64861,
17.110229, 587.34250, 22.426905, 560.32680, 484.07442,
17.123430, 564.94784, 22.848879, 561.00186, 485.49825,
17.136641, 589.93393, 22.942982, 561.58435, 486.92207,
17.149839, 571.03555, 22.373096, 562.06850, 488.34353,
17.163040, 587.37930, 25.078745, 562.44999, 489.76401,
17.176229, 559.00707, 22.471825, 562.72359, 491.18199,
17.189430, 592.35455, 23.435333, 562.88470, 492.59986,
17.202620, 540.02585, 23.166275, 562.92795, 494.01507,
17.215811, 552.93766, 23.016048, 562.85042, 495.42898,
17.229000, 570.31463, 22.783995, 562.65741, 496.84111,
17.242180, 582.85273, 23.775906, 562.35645, 498.25056,
17.255369, 580.57743, 25.284931, 561.95434, 499.65930,
17.268551, 570.54069, 24.516998, 561.45874, 501.06541,
17.281719, 569.62772, 24.709349, 560.87716, 502.46820,
17.294901, 603.24403, 27.923510, 560.21546, 503.87043,
17.308069, 607.37142, 28.814281, 559.48194, 505.26920,
17.321251, 603.73160, 26.549679, 558.68205, 506.66724,
17.334410, 633.54477, 28.548868, 557.82494, 508.06065,
17.347580, 654.29552, 30.770985, 556.91528, 509.45297,
17.360750, 633.82981, 31.040262, 555.96061, 510.84291,
17.373911, 633.01832, 32.092743, 554.96843, 512.22938,
17.387070, 633.06632, 30.980595, 553.94497, 513.61311,
17.400230, 657.35258, 30.455240, 552.89664, 514.99441,
17.413380, 608.96082, 27.566969, 551.83123, 516.37180,
17.426540, 605.14680, 28.376558, 550.75357, 517.74759,
17.439690, 607.98753, 28.466551, 549.67222, 519.11931,
17.452841, 600.66394, 29.558155, 548.59275, 520.48825,
17.465981, 616.58418, 29.864433, 547.52291, 521.85296,
17.479130, 600.11637, 29.527397, 546.46766, 523.21551,
17.492270, 590.68650, 31.610319, 545.43521, 524.57385,
17.505409, 543.03187, 28.068642, 544.43147, 525.92887,
17.518551, 577.02091, 30.235729, 543.46300, 527.28069,
17.531679, 541.68909, 30.784863, 542.53759, 528.62763,
17.544821, 561.28804, 31.977678, 541.66011, 529.97236,
17.557949, 525.41546, 30.662956, 540.83911, 531.31205,
17.571079, 562.14910, 31.914455, 540.08036, 532.64816,
17.584200, 545.09083, 32.290936, 539.39131, 533.97944,
17.597330, 529.75741, 32.063717, 538.77782, 535.30773,
17.610451, 572.62620, 34.164391, 538.24773, 536.63101,
17.623569, 546.48898, 33.553261, 537.80756, 537.94995,
17.636690, 591.84210, 45.357262, 537.46424, 539.26484,
17.649799, 500.15154, 37.772659, 537.22507, 540.57424,
17.662910, 512.91655, 39.004658, 537.09497, 541.87940,
17.676029, 534.72619, 35.882732, 537.07179, 543.18078,
17.689131, 557.86034, 45.856434, 537.15147, 544.47582,
17.702240, 549.43109, 47.989326, 537.33011, 545.76687,
17.715349, 471.34251, 44.820061, 537.60383, 547.05308,
17.728451, 538.90023, 48.954506, 537.96857, 548.33360,
17.741550, 545.15857, 43.888470, 538.42064, 549.60889,
17.754641, 529.42620, 30.658110, 538.95598, 550.87809,
17.767740, 573.62485, 29.456198, 539.57174, 552.14296,
17.780830, 585.38748, 32.822048, 540.26343, 553.40154,
17.793921, 564.69145, 29.383360, 541.02794, 554.65465,
17.807011, 620.17135, 29.841681, 541.86179, 555.90216,
17.820101, 568.22131, 30.329966, 542.76153, 557.14398,
17.833179, 559.35926, 29.243130, 543.72289, 558.37890,
17.846270, 548.28788, 27.772118, 544.74419, 559.60898,
17.859341, 545.85297, 28.569977, 545.81969, 560.83122,
17.872419, 581.73440, 31.313038, 546.94824, 562.04802,
17.885500, 612.44593, 34.313843, 548.12614, 563.25873,
17.898569, 587.27331, 34.506180, 549.34892, 564.46198,
17.911640, 547.37351, 33.636715, 550.61461, 565.65889,
17.924709, 560.43879, 33.875355, 551.91967, 566.84900,
17.937780, 532.18793, 54.296150, 553.26136, 568.03251,
17.941250, 572.33697, 29.811743, 553.62321, 568.34550,
17.955721, 557.14237, 28.669508, 555.15652, 569.64568,
17.970181, 515.62237, 28.089994, 556.72425, 570.93618,
17.984650, 576.20846, 28.606312, 558.32450, 572.21870,
17.999109, 555.72095, 28.430876, 559.95105, 573.49135,
18.013571, 559.18113, 28.852161, 561.60107, 574.75499,
18.028021, 560.55858, 27.623108, 563.26893, 576.00825,
18.042480, 580.72810, 27.240232, 564.95298, 577.25278,
18.056931, 559.80974, 26.130003, 566.64695, 578.48675,
18.071381, 573.64364, 26.951878, 568.34792, 579.71078,
18.085819, 588.86444, 29.211363, 570.05049, 580.92371,
18.100269, 571.68449, 31.032320, 571.75335, 582.12728,
18.114710, 560.03243, 30.812840, 573.44999, 583.31954,
18.129150, 555.13447, 27.838327, 575.13800, 584.50107,
18.143579, 591.53412, 26.801006, 576.81447, 585.67074,
18.158020, 564.97171, 25.099945, 578.48098, 586.83020,
18.172449, 591.00192, 26.934788, 580.13376, 587.97740,
18.186880, 591.45926, 27.520573, 581.77326, 589.11319,
18.201300, 603.47516, 28.040775, 583.39685, 590.23632,
18.215719, 573.56271, 26.553276, 585.00469, 591.34746,
18.230150, 546.54975, 25.128544, 586.59690, 592.44727,
18.244560, 596.09038, 25.836145, 588.16877, 593.53303,
18.258980, 545.38211, 24.637684, 589.72247, 594.60685,
18.273390, 579.02209, 25.876604, 591.25476, 595.66706,
18.287800, 582.46379, 26.613073, 592.76549, 596.71414,
18.302210, 569.76773, 25.752565, 594.25343, 597.74783,
18.316620, 576.38998, 24.492823, 595.71735, 598.76790,
18.331020, 620.48522, 24.883118, 597.15506, 599.77344,
18.345421, 578.98564, 25.251282, 598.56627, 600.76485,
18.359819, 593.48985, 26.406507, 599.94950, 601.74177,
18.374210, 632.28323, 30.743809, 601.30294, 602.70354,
18.388611, 596.54652, 30.012280, 602.62685, 603.65106,
18.403000, 598.31044, 27.682369, 603.91796, 604.58266,
18.417379, 626.42535, 26.725300, 605.17515, 605.49823,
18.431770, 594.07304, 24.726477, 606.39883, 606.39883,
18.446150, 589.89454, 24.141573, 607.58632, 607.28313,
18.460529, 623.29076, 26.316870, 608.74055, 608.15353,
18.474911, 640.93374, 27.677353, 609.86429, 609.01221,
18.489281, 635.20638, 27.681246, 610.95910, 609.86045,
18.503660, 585.52406, 25.929638, 612.02915, 610.70155,
18.518030, 573.51526, 24.814903, 613.07557, 611.53645,
18.532391, 639.56492, 25.183346, 614.10091, 612.36722,
18.546761, 630.96052, 25.297262, 615.10905, 613.19700,
18.561119, 588.69614, 25.600447, 616.10101, 614.02664,
18.575480, 635.91110, 27.629702, 617.08019, 614.85896,
18.589840, 649.39362, 27.687378, 618.04895, 615.69590,
18.604191, 630.95633, 26.782873, 619.00909, 616.53893,
18.618549, 676.26303, 27.493626, 619.96422, 617.39113,
18.632900, 635.64576, 26.271341, 620.91578, 618.25364,
18.647240, 685.88562, 29.942766, 621.86594, 619.12825,
18.661591, 704.52963, 32.030579, 622.81868, 620.01842,
18.675930, 777.17270, 33.430870, 623.77490, 620.92478,
18.690269, 1175.9462, 38.713196, 624.73781, 621.85011,
18.704611, 2380.6651, 50.044243, 625.70999, 622.79660,
18.718941, 2085.5085, 43.556564, 626.69296, 623.76541,
18.733271, 957.63399, 30.332504, 627.68995, 624.75936,
18.747601, 666.30818, 28.042477, 628.70344, 625.78055,
18.761930, 678.01021, 30.169014, 629.73589, 626.83105,
18.776260, 650.51450, 30.557289, 630.78981, 627.91297,
18.790581, 673.95294, 30.668898, 631.86698, 629.02766,
18.804899, 675.62022, 29.419197, 632.97046, 630.17778,
18.819220, 666.99282, 28.790028, 634.10309, 631.36576,
18.833530, 696.72999, 29.465614, 635.26650, 632.59276,
18.847839, 671.80367, 28.742317, 636.46386, 633.86152,
18.862150, 706.01479, 32.219994, 637.69810, 635.17453,
18.876459, 660.87215, 33.866135, 638.97152, 636.53360,
18.890770, 680.39670, 33.545696, 640.28712, 637.94127,
18.905069, 685.39614, 33.781422, 641.64634, 639.39837,
18.919371, 670.76770, 32.586750, 643.05312, 640.90840,
18.933670, 720.10244, 35.435165, 644.50984, 642.47319,
18.947960, 726.97009, 39.692429, 646.01847, 644.09405,
18.962250, 729.70773, 40.396748, 647.58278, 645.77424,
18.976540, 721.63228, 41.183048, 649.20566, 647.51604,
18.990829, 694.29848, 39.603676, 650.89002, 649.32171,
19.005119, 677.60071, 35.626541, 652.63882, 651.19355,
19.019400, 689.60342, 33.667873, 654.45385, 653.13255,
19.033680, 697.53812, 32.925465, 656.33929, 655.14226,
19.047960, 678.24830, 34.587193, 658.29827, 657.22503,
19.062229, 695.91034, 38.095325, 660.33228, 659.38146,
19.076500, 717.61780, 42.668541, 662.44636, 661.61588,
19.090771, 710.00665, 39.787865, 664.64353, 663.93042,
19.105040, 708.85950, 39.635677, 666.92680, 666.32716,
19.119310, 735.93914, 41.266140, 669.30020, 668.80920,
19.133570, 687.11198, 37.545128, 671.76487, 671.37661,
19.147829, 702.45636, 39.885025, 674.32621, 674.03383,
19.162090, 766.50794, 44.695000, 676.98819, 676.78375,
19.176340, 721.59843, 46.329216, 679.75188, 679.62624,
19.190599, 663.02687, 48.418980, 682.62510, 682.56804,
19.204849, 671.29492, 47.783043, 685.60781, 685.60781,
19.219101, 688.70051, 45.473854, 688.70436, 688.74908,
19.233339, 683.41833, 43.899826, 691.90581, 691.98375,
19.247580, 669.77155, 51.277832, 695.20819, 695.30917,
19.261820, 706.23502, 46.268509, 698.60387, 698.71892,
19.276060, 701.70756, 51.856861, 702.08572, 702.20702,
19.290300, 702.82943, 52.127567, 705.64667, 705.76753,
19.304529, 679.03233, 51.600864, 709.27677, 709.39157,
19.318760, 725.14255, 51.821331, 712.97240, 713.07660,
19.332991, 687.01230, 50.376804, 716.72618, 716.81624,
19.347219, 681.21849, 49.636032, 720.53077, 720.60413,
19.361441, 783.46737, 51.546082, 724.37775, 724.43284,
19.375660, 694.25125, 54.834763, 728.26189, 728.29804,
19.389879, 730.79937, 54.366707, 732.17695, 732.19444,
19.404100, 729.14751, 56.307022, 736.11675, 736.11675,
19.418310, 758.30175, 56.723476, 740.07089, 740.05548,
19.432520, 768.08389, 59.276073, 744.03584, 744.00798,
