# wave, flux, fluxerr, continuum, continuum_plateau
9.9725246, 144.47964, 24.136703, 144.47964, 144.47964,
9.9806166, 201.66010, 26.794949, 145.95820, 145.95826,
9.9887066, 217.92442, 23.416382, 147.43271, 147.43295,
9.9967957, 218.41680, 22.275585, 148.90338, 148.90388,
10.004880, 197.65826, 23.867191, 150.36951, 150.37037,
10.012970, 139.82408, 23.518774, 151.83303, 151.83431,
10.021050, 182.20263, 19.537525, 153.29118, 153.29295,
10.029140, 205.99367, 20.751667, 154.74741, 154.74973,
10.037220, 194.37246, 22.000237, 156.19814, 156.20103,
10.045300, 217.31114, 19.457628, 157.64525, 157.64875,
10.053380, 166.01723, 17.585655, 159.08893, 159.09306,
10.061460, 206.71682, 20.040756, 160.52884, 160.53360,
10.069540, 202.04384, 19.417618, 161.96532, 161.97072,
10.077610, 187.80275, 17.266129, 163.39635, 163.40238,
10.085690, 186.03357, 17.750597, 164.82549, 164.83214,
10.093760, 166.75533, 18.959728, 166.24936, 166.25661,
10.101830, 227.88943, 17.876389, 167.66966, 167.67747,
10.109900, 244.57610, 17.264977, 169.08655, 169.09490,
10.117970, 187.90626, 18.023388, 170.49970, 170.50855,
10.126040, 196.74956, 17.891289, 171.90927, 171.91857,
10.134100, 215.07366, 16.779091, 173.31344, 173.32315,
10.142170, 229.04106, 17.779324, 174.71586, 174.72593,
10.150230, 249.97210, 19.387245, 176.11304, 176.12341,
10.158300, 244.81671, 18.286272, 177.50829, 177.51891,
10.166360, 211.49418, 16.839977, 178.89814, 178.90895,
10.174420, 229.02505, 18.377132, 180.28456, 180.29550,
10.182470, 217.26158, 18.471560, 181.66559, 181.67659,
10.190530, 215.68902, 18.442453, 183.04466, 183.05566,
10.198590, 185.70928, 16.843569, 184.42027, 184.43121,
10.206640, 179.61477, 18.461208, 185.79047, 185.80129,
10.214690, 209.98267, 18.493769, 187.15705, 187.16769,
10.222750, 226.07842, 17.654661, 188.52161, 188.53201,
10.230800, 202.66534, 19.418116, 189.88090, 189.89100,
10.238850, 153.15942, 19.988607, 191.23654, 191.24628,
10.246890, 204.38354, 18.835407, 192.58690, 192.59623,
10.254940, 149.69610, 17.835205, 193.93517, 193.94406,
10.262990, 166.86720, 19.909594, 195.27974, 195.28813,
10.271030, 271.88252, 21.257118, 196.61901, 196.62686,
10.279070, 213.75103, 19.615362, 197.95439, 197.96167,
10.287120, 215.74561, 20.241405, 199.28775, 199.29444,
10.295150, 206.28516, 22.133566, 200.61405, 200.62011,
10.303190, 228.59671, 21.699345, 201.93829, 201.94372,
10.311230, 241.09263, 20.681690, 203.25857, 203.26336,
10.319270, 223.30559, 22.424953, 204.57518, 204.57933,
10.327300, 259.29565, 24.730478, 205.88623, 205.88975,
10.335340, 218.74763, 21.739470, 207.19496, 207.19787,
10.343370, 222.67106, 20.711369, 208.49841, 208.50074,
10.351400, 219.65723, 25.271227, 209.79780, 209.79958,
10.359430, 196.25716, 25.261312, 211.09325, 211.09453,
10.367460, 227.12320, 24.275738, 212.38473, 212.38557,
10.375480, 189.60201, 27.602306, 213.67054, 213.67102,
10.383510, 267.78309, 33.343700, 214.95402, 214.95421,
10.391530, 297.77765, 34.081070, 216.23192, 216.23194,
10.399560, 184.47128, 25.387856, 217.50727, 217.50722,
10.407580, 197.46661, 21.608561, 218.77700, 218.77700,
10.415600, 207.89409, 22.242556, 220.04246, 220.04265,
10.423620, 206.27539, 23.009418, 221.30398, 221.30449,
10.431640, 248.11121, 23.435215, 222.56130, 222.56224,
10.439650, 189.69276, 22.171162, 223.81314, 223.81460,
10.447670, 268.99983, 23.105719, 225.06266, 225.06473,
10.455680, 228.60235, 21.406843, 226.30664, 226.30938,
10.463700, 253.99345, 21.114035, 227.54837, 227.55185,
10.471710, 208.33969, 22.769804, 228.78465, 228.78891,
10.479720, 229.14253, 23.524178, 230.01714, 230.02223,
10.487730, 205.58532, 22.180538, 231.24588, 231.25182,
10.495730, 258.64179, 23.818190, 232.46945, 232.47626,
10.503740, 342.09476, 29.348083, 233.69081, 233.69849,
10.511750, 376.42791, 29.954859, 234.90852, 234.91707,
10.519750, 261.64116, 26.264683, 236.12105, 236.13046,
10.527750, 275.39292, 31.196583, 237.33015, 237.34041,
10.535750, 422.16979, 49.030937, 238.53572, 238.54680,
10.543750, 292.80840, 35.619625, 239.73765, 239.74952,
10.551750, 148.48015, 37.649857, 240.93626, 240.94887,
10.559750, 247.74892, 40.879639, 242.13128, 242.14461,
10.567850, 217.68442, 19.711222, 243.33793, 243.35193,
10.576350, 229.44200, 20.084473, 244.60039, 244.61503,
10.584840, 234.39930, 20.275318, 245.85751, 245.87273,
10.593340, 258.79367, 18.664927, 247.11243, 247.12817,
10.601830, 228.88723, 18.101522, 248.36210, 248.37828,
10.610330, 215.20415, 19.785496, 249.60963, 249.62617,
10.618820, 257.38424, 20.241261, 250.85211, 250.86894,
10.627310, 206.29822, 18.119509, 252.09082, 252.10787,
10.635800, 286.24279, 19.618673, 253.32609, 253.34326,
10.644280, 247.87618, 20.084404, 254.55627, 254.57349,
10.652770, 262.93947, 19.042683, 255.78429, 255.80148,
10.661250, 242.05298, 17.328932, 257.00743, 257.02450,
10.669740, 251.92845, 18.709084, 258.22845, 258.24533,
10.678220, 265.60944, 19.358877, 259.44464, 259.46125,
10.686700, 275.90711, 17.856909, 260.65739, 260.67365,
10.695180, 259.70437, 17.629776, 261.86673, 261.88256,
10.703650, 247.22902, 18.173073, 263.07131, 263.08665,
10.712130, 265.06899, 18.829193, 264.27374, 264.28851,
10.720600, 302.89797, 18.134602, 265.47160, 265.48575,
10.729080, 299.74015, 18.246555, 266.66746, 266.68094,
10.737550, 269.69033, 18.660162, 267.85853, 267.87127,
10.746020, 250.03427, 17.800190, 269.04643, 269.05839,
10.754490, 250.19913, 16.634708, 270.23091, 270.24206,
10.762960, 300.86060, 18.471624, 271.41226, 271.42255,
10.771420, 274.56943, 19.390982, 272.58875, 272.59816,
10.779890, 261.94576, 18.365898, 273.76359, 273.77211,
10.788350, 271.48101, 18.313107, 274.93375, 274.94136,
10.796810, 230.71781, 18.574131, 276.10069, 276.10740,
10.805270, 267.43912, 20.630901, 277.26442, 277.27023,
10.813730, 261.47585, 19.310112, 278.42495, 278.42989,
10.822190, 273.89783, 19.694185, 279.58229, 279.58639,
10.830650, 280.54985, 21.510515, 280.73646, 280.73975,
10.839100, 257.00420, 21.541084, 281.88602, 281.88856,
10.847560, 268.15146, 20.523937, 283.03383, 283.03569,
10.856010, 275.14607, 21.151075, 284.17720, 284.17845,
10.864460, 303.60017, 24.226696, 285.31728, 285.31801,
10.872910, 304.56880, 25.646091, 286.45421, 286.45453,
10.881360, 277.44372, 22.882483, 287.58812, 287.58815,
10.889800, 317.91768, 25.289524, 288.71748, 288.71735,
10.898250, 320.16032, 28.133837, 289.84498, 289.84483,
10.906690, 265.65976, 27.710791, 290.96806, 290.96806,
10.915140, 254.07593, 25.892075, 292.08940, 292.08973,
10.923580, 297.02660, 29.532825, 293.20628, 293.20710,
10.932020, 300.46790, 33.285587, 294.32015, 294.32161,
10.940460, 303.26428, 31.761372, 295.43109, 295.43334,
10.948890, 352.65590, 33.105412, 296.53778, 296.54094,
10.957330, 340.86997, 35.615627, 297.64303, 297.64723,
10.965760, 327.10669, 27.228306, 298.74430, 298.74965,
10.974200, 398.64454, 26.637997, 299.84414, 299.85072,
10.982630, 451.49773, 25.291449, 300.94000, 300.94791,
10.991060, 425.77656, 26.841438, 302.03343, 302.04275,
10.999490, 551.38231, 32.287220, 303.12425, 303.13504,
11.007920, 465.67243, 30.165644, 304.21277, 304.22509,
11.016340, 453.70321, 30.621372, 305.29757, 305.31147,
11.024770, 397.24328, 31.096823, 306.38129, 306.39682,
11.033190, 498.30847, 39.992268, 307.46154, 307.47874,
11.041610, 511.78356, 38.955650, 308.53960, 308.55849,
11.050030, 403.32860, 30.084600, 309.61553, 309.63614,
11.058450, 442.12650, 34.356075, 310.68939, 310.71174,
11.066870, 420.48808, 33.313461, 311.76124, 311.78533,
11.075290, 411.85601, 34.436295, 312.83112, 312.85696,
11.083700, 499.84943, 48.399101, 313.89789, 313.92548,
11.092120, 380.16359, 37.124847, 314.96402, 314.99335,
11.100530, 439.85766, 65.865326, 316.02703, 316.05810,
11.108940, 474.13695, 56.242493, 317.08843, 317.12121,
11.117350, 405.30870, 69.303932, 318.14801, 318.18249,
11.120570, 471.75122, 24.714876, 318.55337, 318.58849,
11.129530, 470.33585, 23.333994, 319.67984, 319.71674,
11.138500, 537.44755, 24.076746, 320.80587, 320.84451,
11.147460, 529.74260, 24.271160, 321.92887, 321.96922,
11.156430, 655.13954, 26.976059, 323.05155, 323.09356,
11.165390, 742.94055, 26.104576, 324.17133, 324.21497,
11.174350, 862.27537, 26.983131, 325.28959, 325.33481,
11.183300, 1009.6245, 29.939425, 326.40520, 326.45195,
11.192260, 1157.4373, 31.773386, 327.52061, 327.56883,
11.201220, 1230.2684, 30.513128, 328.63468, 328.68433,
11.210170, 1188.7234, 29.798277, 329.74629, 329.79730,
11.219120, 1204.7679, 31.274687, 330.85668, 330.90900,
11.228070, 1237.5397, 31.569052, 331.96591, 332.01948,
11.237020, 1245.9618, 29.375668, 333.07392, 333.12868,
11.245970, 1225.4526, 29.222073, 334.18101, 334.23690,
11.254920, 1211.7260, 30.325029, 335.28712, 335.34407,
11.263860, 1173.3579, 29.392628, 336.39100, 336.44896,
11.272800, 1161.1187, 27.523979, 337.49413, 337.55303,
11.281750, 1156.2160, 27.903831, 338.59751, 338.65728,
11.290690, 1084.6163, 27.960835, 339.69908, 339.75965,
11.299630, 1041.2457, 27.110014, 340.79983, 340.86114,
11.308560, 1040.5672, 26.172350, 341.89876, 341.96075,
11.317500, 1000.0595, 26.090374, 342.99828, 343.06088,
11.326430, 911.67572, 26.191008, 344.09610, 344.15923,
11.335370, 875.27269, 25.423023, 345.19461, 345.25823,
11.344300, 827.02439, 23.748245, 346.29153, 346.35556,
11.353230, 829.42939, 24.146233, 347.38809, 347.45246,
11.362160, 772.39741, 24.851803, 348.48422, 348.54887,
11.371080, 745.37532, 23.976471, 349.57904, 349.64391,
11.380010, 767.50477, 23.405725, 350.67472, 350.73974,
11.388930, 693.53797, 22.818033, 351.76919, 351.83431,
11.397850, 683.53997, 23.739578, 352.86346, 352.92860,
11.406780, 686.49524, 23.997829, 353.95898, 354.02408,
11.415700, 673.68062, 22.674690, 355.05323, 355.11824,
11.424610, 630.22211, 23.291235, 356.14638, 356.21123,
11.433530, 635.76423, 25.034386, 357.24083, 357.30546,
11.442450, 606.52624, 24.194706, 358.33546, 358.39981,
11.451360, 604.67261, 23.041790, 359.42916, 359.49317,
11.460270, 582.95230, 23.653973, 360.52315, 360.58675,
11.469180, 563.30400, 24.351557, 361.61748, 361.68062,
11.478090, 590.18469, 25.965879, 362.71221, 362.77483,
11.487000, 557.69537, 24.316574, 363.80739, 363.86944,
11.495910, 521.09730, 24.807293, 364.90297, 364.96437,
11.504810, 525.89668, 26.030104, 365.99805, 366.05876,
11.513710, 500.49526, 26.532860, 367.09363, 367.15359,
11.522620, 490.18442, 25.130899, 368.19118, 368.25032,
11.531520, 521.03230, 26.431953, 369.28816, 369.34643,
11.540420, 493.38646, 28.088669, 370.38593, 370.44326,
11.549310, 495.28742, 29.209488, 371.48336, 371.53969,
11.558210, 451.53012, 27.108179, 372.58298, 372.63825,
11.567100, 494.55480, 28.074749, 373.68213, 373.73628,
11.576000, 471.37823, 30.797295, 374.78371, 374.83667,
11.584890, 503.76673, 31.943773, 375.88505, 375.93676,
11.593780, 453.97190, 30.428947, 376.98740, 377.03779,
11.602670, 461.48744, 30.774532, 378.09103, 378.14004,
11.611560, 448.62831, 33.627354, 379.19591, 379.24345,
11.620440, 442.38034, 34.290642, 380.30077, 380.34678,
11.629330, 470.93488, 34.809380, 381.40828, 381.45269,
11.638210, 432.58303, 34.608486, 382.51601, 382.55873,
11.647090, 373.82359, 35.840012, 383.62509, 383.66605,
11.655970, 447.17803, 39.170517, 384.73570, 384.77480,
11.664850, 435.60420, 30.558504, 385.84801, 385.88517,
11.673730, 418.49583, 21.711571, 386.96184, 386.99697,
11.682600, 429.18042, 24.031273, 388.07618, 388.10919,
11.691480, 404.35110, 25.091923, 389.19348, 389.22426,
11.700350, 414.39934, 25.525818, 390.31141, 390.33986,
11.709220, 414.96300, 26.449368, 391.43122, 391.45723,
11.718090, 384.88746, 26.690933, 392.55298, 392.57644,
11.726960, 414.64894, 28.820786, 393.67676, 393.69754,
11.735830, 396.01371, 28.977268, 394.80261, 394.82058,
11.744690, 391.43963, 31.391186, 395.92926, 395.94430,
11.753560, 380.17265, 29.308704, 397.05945, 397.07141,
11.762420, 428.28747, 32.510288, 398.19057, 398.19930,
11.771280, 440.18388, 50.695850, 399.32414, 399.32949,
11.775020, 358.11247, 19.664015, 399.80325, 399.80712,
11.784500, 404.86227, 21.540796, 401.01989, 401.01989,
11.793980, 391.31636, 21.011070, 402.23910, 402.23502,
11.803460, 410.62446, 24.274990, 403.46038, 403.45204,
11.812940, 399.69199, 19.329399, 404.68257, 404.66980,
11.822420, 393.43387, 20.008638, 405.90500, 405.88764,
11.831890, 430.42239, 20.443947, 407.12529, 407.10321,
11.841360, 394.04609, 18.942509, 408.34389, 408.31696,
11.850840, 444.49020, 19.238529, 409.56109, 409.52920,
11.860310, 403.86871, 19.426733, 410.77356, 410.73661,
11.869770, 453.47485, 20.420712, 411.98037, 411.93830,
11.879240, 470.89468, 31.242945, 413.18306, 413.13581,
11.888710, 449.50258, 18.736609, 414.37948, 414.32701,
11.898170, 425.23686, 18.676277, 415.56754, 415.50982,
11.907630, 407.04001, 18.790442, 416.74739, 416.68444,
11.917090, 472.28531, 20.241697, 417.91837, 417.85021,
11.926550, 460.58293, 18.336155, 419.07930, 419.00598,
11.936010, 487.14005, 19.081856, 420.22951, 420.15111,
11.945470, 464.23331, 19.073605, 421.36782, 421.28445,
11.954920, 471.60645, 18.853212, 422.49230, 422.40409,
11.964370, 478.59133, 18.451414, 423.60316, 423.51030,
11.973830, 449.49633, 18.089191, 424.70068, 424.60336,
11.983280, 473.09815, 19.465647, 425.78147, 425.67995,
11.992720, 488.86168, 18.848820, 426.84464, 426.73922,
12.002170, 506.28224, 18.902676, 427.89161, 427.78262,
12.011610, 488.46854, 18.910236, 428.91918, 428.80702,
12.021060, 455.76452, 19.139879, 429.92849, 429.81359,
12.030500, 467.14886, 19.231346, 430.91651, 430.79937,
12.039940, 465.78812, 18.666681, 431.88321, 431.76440,
12.049380, 455.36764, 18.496344, 432.82779, 432.70794,
12.058820, 421.77414, 19.122627, 433.74909, 433.62889,
12.068250, 454.81825, 19.782358, 434.64531, 434.52553,
12.077690, 451.10797, 19.366734, 435.51734, 435.39884,
12.087120, 470.68092, 19.239628, 436.36223, 436.24595,
12.096550, 424.69046, 19.227106, 437.17996, 437.06692,
12.105980, 416.62863, 19.874813, 437.96949, 437.86082,
12.115410, 459.41100, 20.373341, 438.72979, 438.62671,
12.124830, 441.74351, 19.552296, 439.45909, 439.36294,
12.134260, 452.44885, 20.686979, 440.15782, 440.07004,
12.143680, 441.46754, 21.333302, 440.82344, 440.74559,
12.153100, 427.95858, 21.769032, 441.45573, 441.38951,
12.162520, 433.03860, 24.436865, 442.05354, 442.00077,
12.171940, 462.92990, 22.028542, 442.61572, 442.57838,
12.181360, 431.23426, 22.660440, 443.14127, 443.12148,
12.190770, 456.43107, 24.035414, 443.62852, 443.62852,
12.200180, 423.05739, 22.411995, 444.07724, 444.09941,
12.209600, 444.48998, 23.114763, 444.48833, 444.53490,
12.219010, 436.45778, 24.311708, 444.86162, 444.93459,
12.228420, 413.18098, 25.176476, 445.19833, 445.29950,
12.237820, 443.58049, 25.630968, 445.49886, 445.62982,
12.247230, 445.80203, 25.333035, 445.76461, 445.92682,
12.256630, 453.67533, 26.294666, 445.99571, 446.19039,
12.266040, 602.68313, 30.353321, 446.19331, 446.42158,
12.275440, 892.26461, 34.595425, 446.35770, 446.62044,
12.284840, 667.98484, 32.262089, 446.48976, 446.78773,
12.294230, 469.59164, 29.401632, 446.59007, 446.92386,
12.303630, 429.54504, 39.757225, 446.65948, 447.02958,
12.313030, 467.90238, 34.162334, 446.69853, 447.10527,
12.322420, 376.50650, 36.038315, 446.70782, 447.15138,
12.331810, 430.37665, 24.697792, 446.68806, 447.16850,
12.341200, 467.81719, 21.530293, 446.63984, 447.15712,
12.350590, 494.12049, 22.607676, 446.56376, 447.11772,
12.359980, 489.22799, 23.627239, 446.46042, 447.05080,
12.369360, 510.89721, 23.744333, 446.33054, 446.95693,
12.378750, 492.24794, 24.836178, 446.17443, 446.83641,
12.388130, 434.71211, 25.546333, 445.99298, 446.68995,
12.397510, 468.21123, 26.294903, 445.78661, 446.51792,
12.406890, 465.14760, 26.141449, 445.55582, 446.32077,
12.416270, 482.84045, 28.108723, 445.30119, 446.09897,
12.425640, 467.30142, 28.071217, 445.02356, 445.85327,
12.435020, 477.24081, 29.622179, 444.72284, 445.58357,
12.444390, 492.71877, 29.609127, 444.40022, 445.29093,
12.453760, 487.84036, 27.021091, 444.05588, 444.97551,
12.463130, 470.79292, 28.866320, 443.69032, 444.63776,
12.472500, 513.96386, 33.602180, 443.30404, 444.27813,
12.481870, 573.40249, 41.915169, 442.89752, 443.89705,
12.489420, 510.89845, 21.935013, 442.55555, 443.57467,
12.499490, 517.67164, 22.384920, 442.07994, 443.12388,
12.509550, 542.75352, 22.437866, 441.58303, 442.65024,
12.519610, 549.61360, 21.235634, 441.06494, 442.15386,
12.529670, 546.46840, 20.981873, 440.52630, 441.63533,
12.539730, 581.89834, 22.579082, 439.96756, 441.09508,
12.549780, 552.04571, 22.561060, 439.38994, 440.53427,
12.559840, 557.51061, 20.857182, 438.79278, 439.95227,
12.569890, 571.67541, 20.695250, 438.17786, 439.35079,
12.579940, 548.63901, 21.041563, 437.54509, 438.72977,
12.589990, 613.74859, 21.895035, 436.89501, 438.08972,
12.600040, 657.89060, 22.634892, 436.22805, 437.43107,
12.610090, 556.38310, 30.473618, 435.54486, 436.75447,
12.620130, 658.96487, 24.035282, 434.84661, 436.06110,
12.630170, 644.07761, 21.743973, 434.13304, 435.35068,
12.640210, 599.77066, 21.141365, 433.40469, 434.62379,
12.650250, 622.11450, 20.561533, 432.66205, 433.88092,
12.660290, 623.75219, 20.499258, 431.90568, 433.12263,
12.670330, 625.06596, 20.736706, 431.13591, 432.34929,
12.680360, 644.79113, 21.261242, 430.35411, 431.56227,
12.690390, 647.61950, 20.800301, 429.55994, 430.76127,
12.700420, 674.02224, 20.753139, 428.75378, 429.94670,
12.710450, 668.59131, 21.127491, 427.93625, 429.11919,
12.720480, 656.32280, 21.823795, 427.10771, 428.27915,
12.730500, 676.43198, 26.054598, 426.26943, 427.42787,
12.740530, 692.93026, 21.282291, 425.42025, 426.56421,
12.750550, 657.18677, 20.484070, 424.56222, 425.69030,
12.760570, 697.52589, 21.872051, 423.69506, 424.80586,
12.770590, 655.58345, 21.477804, 422.81903, 423.91122,
12.780610, 672.77490, 21.239925, 421.93466, 423.00692,
12.790620, 687.66038, 21.556702, 421.04329, 422.09439,
12.800640, 781.10037, 22.657789, 420.14349, 421.17219,
12.810650, 1055.0924, 26.278353, 419.23755, 420.24271,
12.820660, 798.99711, 23.351126, 418.32497, 419.30547,
12.830670, 602.19279, 20.590332, 417.40605, 418.36083,
12.840680, 567.79960, 20.322853, 416.48140, 417.40943,
12.850680, 527.29962, 20.167389, 415.55222, 416.45257,
12.860690, 549.09231, 21.062977, 414.61714, 415.48888,
12.870690, 507.58386, 20.369980, 413.67836, 414.52066,
12.880690, 524.20208, 20.637142, 412.73547, 413.54754,
12.890690, 446.06734, 19.727032, 411.78870, 412.56979,
12.900680, 455.61727, 20.445885, 410.83954, 411.58900,
12.910680, 449.94642, 20.637737, 409.88639, 410.60355,
12.920670, 467.74971, 20.568542, 408.93166, 409.61598,
12.930670, 434.91589, 20.110126, 407.97372, 408.62467,
12.940660, 439.22285, 21.194283, 407.01489, 407.63205,
12.950640, 412.67575, 21.737490, 406.05576, 406.63877,
12.960630, 413.84800, 21.519272, 405.09452, 405.64301,
12.970620, 413.70616, 21.324100, 404.13276, 404.64645,
12.980600, 408.45993, 21.846561, 403.17169, 403.65041,
12.990580, 387.95497, 22.878794, 402.21087, 402.65447,
13.000560, 387.71552, 22.629242, 401.25053, 401.65891,
13.010540, 413.73440, 23.089436, 400.29114, 400.66426,
13.020520, 416.30792, 23.231548, 399.33309, 399.67098,
13.030490, 396.29361, 24.013302, 398.37779, 398.68056,
13.040470, 413.20554, 25.412506, 397.42360, 397.69138,
13.050440, 388.61150, 25.408731, 396.47295, 396.70595,
13.060410, 356.63648, 24.423042, 395.52520, 395.72369,
13.070380, 421.60398, 26.032326, 394.58067, 394.74496,
13.080350, 405.74196, 28.024029, 393.63994, 393.77040,
13.090310, 406.36805, 28.849636, 392.70421, 392.80129,
13.100280, 426.58823, 29.794628, 391.77208, 391.83623,
13.110240, 345.05191, 27.534351, 390.84574, 390.87752,
13.120200, 407.96411, 30.768908, 389.92469, 389.92469,
13.130160, 383.68625, 32.327553, 389.00927, 388.97812,
13.140110, 386.33294, 25.529972, 388.10051, 388.03890,
13.150070, 382.40510, 19.826908, 387.19650, 387.10510,
13.160020, 400.91394, 20.406820, 386.29915, 386.17873,
13.169980, 352.13126, 22.411686, 385.40658, 385.25786,
13.179930, 395.65166, 22.330727, 384.52070, 384.34449,
13.189870, 411.14543, 23.808775, 383.64140, 383.43854,
13.199820, 364.59130, 23.025778, 382.76702, 382.53832,
13.209770, 401.64748, 22.986605, 381.89835, 381.64466,
13.219710, 386.32007, 23.545078, 381.03640, 380.75863,
13.229650, 369.97640, 24.584732, 380.18035, 379.87941,
13.239590, 413.10240, 26.427296, 379.33007, 379.00688,
13.249530, 380.97285, 25.482155, 378.48567, 378.14117,
13.259470, 331.56360, 23.831573, 377.64717, 377.28233,
13.269410, 354.06864, 26.835995, 376.81462, 376.43040,
13.279340, 371.94011, 31.421759, 375.98891, 375.58634,
13.289270, 418.75257, 31.782776, 375.16912, 374.74920,
13.299200, 386.81584, 32.455055, 374.35544, 373.91919,
13.309130, 385.85705, 34.100868, 373.54785, 373.09630,
13.318260, 394.27116, 20.912291, 372.81065, 372.34596,
13.328980, 390.58569, 19.912468, 371.95175, 371.47276,
13.339690, 401.26202, 20.377476, 371.10093, 370.60889,
13.350400, 381.29220, 20.330723, 370.25739, 369.75354,
13.361120, 381.40491, 20.201691, 369.42040, 368.90599,
13.371830, 403.77427, 18.974855, 368.59166, 368.06794,
13.382530, 370.62854, 18.013607, 367.77114, 367.23939,
13.393240, 399.51940, 19.137415, 366.95746, 366.41894,
13.403940, 378.43073, 19.145052, 366.15214, 365.60811,
13.414650, 350.86678, 19.761204, 365.35384, 364.80555,
13.425350, 391.52855, 17.721392, 364.56405, 364.01277,
13.436050, 378.90585, 17.575787, 363.78215, 363.22912,
13.446740, 383.04955, 17.869530, 363.00898, 362.45545,
13.457440, 363.09517, 17.721958, 362.24313, 361.69033,
13.468130, 399.87371, 17.403677, 361.48619, 360.93533,
13.478830, 400.48537, 17.010492, 360.73677, 360.18908,
13.489520, 387.19890, 16.601702, 359.99644, 359.45311,
13.500200, 388.76178, 17.365631, 359.26523, 358.72743,
13.510890, 423.57433, 17.646847, 358.54195, 358.01083,
13.521570, 428.93974, 17.248299, 357.82798, 357.30469,
13.532260, 421.77645, 16.506847, 357.12219, 356.60783,
13.542940, 408.75872, 16.626421, 356.42594, 355.92160,
13.553620, 401.02218, 17.090656, 355.73873, 355.24548,
13.564290, 409.58111, 16.961525, 355.06135, 354.58020,
13.574970, 417.58787, 16.659763, 354.39260, 353.92457,
13.585640, 410.14011, 16.078400, 353.73393, 353.27996,
13.596320, 410.23483, 16.817310, 353.08418, 352.64523,
13.606990, 419.73007, 17.281792, 352.44478, 352.02172,
13.617650, 398.13457, 16.903925, 351.81578, 351.40945,
13.628320, 399.34194, 16.339529, 351.19621, 350.80743,
13.638980, 380.14481, 16.281981, 350.58735, 350.21686,
13.649650, 376.12201, 16.632280, 349.98824, 349.63679,
13.660310, 374.58406, 17.396965, 349.40014, 349.06836,
13.670970, 389.79912, 19.162580, 348.82267, 348.51117,
13.681630, 386.95779, 16.764572, 348.25600, 347.96535,
13.692280, 374.60332, 17.139057, 347.70085, 347.43151,
13.702940, 376.54391, 17.698219, 347.15631, 346.90875,
13.713590, 366.35775, 18.394884, 346.62364, 346.39820,
13.724240, 369.93641, 18.113628, 346.10243, 345.89942,
13.734890, 329.57935, 17.472742, 345.59298, 345.41263,
13.745530, 376.00205, 18.393475, 345.09587, 344.93834,
13.756180, 359.92104, 18.786306, 344.61043, 344.47581,
13.766820, 371.15319, 19.992056, 344.13773, 344.02602,
13.777460, 358.13607, 20.087822, 343.67754, 343.58867,
13.788100, 338.32292, 18.550358, 343.23009, 343.16390,
13.798740, 335.63736, 18.806093, 342.79559, 342.75184,
13.809380, 352.52467, 20.397448, 342.37432, 342.35266,
13.820010, 335.10131, 20.293814, 341.96679, 341.96679,
13.830640, 317.11509, 20.046528, 341.57287, 341.59401,
13.841270, 369.45551, 20.847866, 341.19240, 341.23421,
13.851900, 354.42314, 20.437584, 340.82531, 340.88732,
13.862530, 313.24388, 26.291882, 340.47142, 340.55321,
13.873150, 356.07315, 22.405350, 340.13091, 340.23206,
13.883780, 366.02353, 22.513191, 339.80303, 339.92319,
13.894400, 355.09803, 22.121117, 339.48825, 339.62704,
13.905020, 340.30712, 22.166698, 339.18615, 339.34325,
13.915640, 342.38829, 23.563562, 338.89662, 339.07170,
13.926250, 371.11473, 24.565193, 338.61981, 338.81253,
13.936870, 366.51597, 24.987829, 338.35512, 338.56521,
13.947480, 368.46034, 24.032564, 338.10290, 338.33003,
13.958090, 297.66375, 24.051384, 337.86286, 338.10674,
13.968700, 359.91484, 25.904064, 337.63486, 337.89519,
13.979310, 329.55894, 26.523039, 337.41888, 337.69533,
13.989910, 337.96489, 26.285694, 337.21498, 337.50724,
14.000520, 370.93985, 27.042885, 337.02273, 337.33048,
14.011120, 358.06731, 28.488171, 336.84241, 337.16530,
14.021720, 329.78023, 30.078516, 336.67378, 337.01144,
14.032320, 394.16157, 32.218048, 336.51678, 336.86884,
14.042920, 387.30211, 30.637676, 336.37136, 336.73742,
14.053510, 383.56115, 31.691195, 336.23761, 336.61721,
14.064110, 348.33205, 32.189667, 336.11521, 336.50791,
14.074700, 368.36231, 36.553883, 336.00436, 336.40965,
14.085290, 402.42616, 37.249580, 335.90491, 336.32227,
14.095870, 554.24986, 31.385189, 335.81691, 336.24576,
14.106460, 429.39045, 23.173054, 335.74017, 336.17991,
14.117040, 365.75696, 21.733141, 335.67481, 336.12477,
14.127630, 323.33025, 22.996954, 335.62069, 336.08019,
14.138210, 366.68898, 24.855118, 335.57792, 336.04619,
14.148790, 316.18160, 23.967278, 335.54641, 336.02266,
14.159370, 373.63174, 24.657942, 335.52619, 336.00954,
14.169940, 369.83454, 25.383114, 335.51724, 336.00678,
14.180520, 421.21983, 48.279945, 335.51957, 336.01431,
14.182090, 402.36778, 20.823486, 335.52088, 336.01631,
14.193560, 398.94372, 19.523811, 335.53798, 336.03770,
14.205030, 376.00719, 19.963375, 335.56840, 336.07107,
14.216500, 382.64391, 21.171194, 335.61215, 336.11634,
14.227970, 408.04491, 21.012863, 335.66927, 336.17347,
14.239430, 404.82011, 19.413429, 335.73974, 336.24233,
14.250890, 347.44855, 17.809355, 335.82364, 336.32290,
14.262350, 390.36779, 19.595808, 335.92104, 336.41514,
14.273810, 342.35493, 18.919847, 336.03200, 336.51898,
14.285270, 374.39765, 19.853119, 336.15657, 336.63438,
14.296730, 410.98677, 18.853283, 336.29485, 336.76130,
14.308180, 381.62849, 17.917042, 336.44676, 336.89955,
14.319630, 371.27913, 18.494553, 336.61251, 337.04921,
14.331080, 382.38289, 19.677946, 336.79222, 337.21024,
14.342530, 346.34148, 19.220661, 336.98594, 337.38257,
14.353970, 376.52213, 18.503794, 337.19361, 337.56602,
14.365410, 356.05345, 17.925718, 337.41552, 337.76071,
14.376860, 379.74129, 18.556974, 337.65199, 337.96677,
14.388300, 359.52955, 19.334917, 337.90275, 338.18383,
14.399730, 327.66068, 18.058723, 338.16787, 338.41180,
14.411170, 333.96719, 16.848753, 338.44798, 338.65109,
14.422600, 341.44027, 16.597149, 338.74272, 338.90122,
14.434030, 335.10990, 16.369305, 339.05248, 339.16239,
14.445460, 322.68889, 16.900131, 339.37746, 339.43459,
14.456890, 339.63530, 16.813995, 339.71777, 339.71777,
14.468320, 363.49194, 16.580044, 340.07349, 340.01194,
14.479740, 337.66280, 15.488178, 340.44389, 340.31689,
14.491160, 347.31005, 15.538766, 340.82871, 340.63296,
14.502580, 368.79796, 16.803890, 341.22740, 340.96019,
14.514000, 355.98974, 16.819296, 341.63951, 341.29871,
14.525420, 354.12958, 15.940599, 342.06447, 341.64858,
14.536830, 358.44746, 15.107618, 342.50138, 342.00954,
14.548240, 342.96227, 15.197766, 342.95012, 342.38200,
14.559650, 349.06472, 19.012922, 343.41023, 342.76608,
14.571060, 351.93503, 16.355740, 343.88113, 343.16180,
14.582470, 374.91766, 16.719337, 344.36239, 343.56928,
14.593870, 350.73423, 17.057652, 344.85311, 343.98827,
14.605270, 381.91544, 16.563602, 345.35320, 344.41920,
14.616670, 348.62717, 16.429108, 345.86216, 344.86212,
14.628070, 350.24204, 19.130768, 346.37960, 345.31722,
14.639470, 332.11920, 16.974915, 346.90501, 345.78455,
14.650860, 390.96987, 17.482790, 347.43745, 346.26377,
14.662260, 333.12545, 16.772530, 347.97744, 346.75588,
14.673650, 373.34785, 17.919477, 348.52352, 347.26007,
14.685040, 360.68591, 18.604898, 349.07581, 347.77695,
14.696420, 352.05910, 18.435898, 349.63323, 348.30605,
14.707810, 386.92548, 18.684387, 350.19647, 348.84854,
14.719190, 351.62042, 17.984615, 350.76396, 349.40347,
14.730570, 328.96556, 17.438164, 351.33587, 349.97152,
14.741950, 383.76067, 20.036478, 351.91172, 350.55278,
14.753330, 368.71664, 19.205055, 352.49108, 351.14737,
14.764700, 381.62722, 19.051859, 353.07298, 351.75484,
14.776080, 387.10719, 18.965096, 353.65805, 352.37646,
14.787450, 363.40805, 18.974388, 354.24481, 353.01120,
14.798820, 350.16568, 19.944395, 354.83335, 353.65977,
14.810190, 365.25439, 20.072206, 355.42330, 354.32235,
14.821550, 359.59219, 19.870358, 356.01364, 354.99840,
14.832920, 381.22084, 20.183561, 356.60499, 355.68925,
14.844280, 368.01251, 19.685219, 357.19593, 356.39387,
14.855640, 384.81384, 21.552118, 357.78654, 357.11300,
14.866990, 389.79185, 21.730482, 358.37584, 357.84609,
14.878350, 371.77230, 21.440849, 358.96450, 358.59465,
14.889710, 363.20027, 21.384726, 359.55156, 359.35816,
14.901060, 353.36449, 20.956791, 360.13605, 360.13605,
14.912410, 348.73590, 22.019444, 360.71833, 360.92911,
14.923760, 363.60730, 23.241386, 361.29928, 361.73725,
14.935100, 418.11335, 25.352928, 361.87931, 362.55936,
14.946450, 335.33621, 23.493979, 362.46065, 363.39687,
14.957790, 402.64807, 24.964415, 363.04326, 364.24797,
14.969130, 380.15856, 27.257000, 363.62866, 365.11312,
14.980470, 426.33190, 28.228529, 364.21803, 365.99228,
14.991810, 387.69798, 28.076305, 364.81237, 366.88517,
15.003140, 385.76223, 28.213844, 365.41225, 367.79082,
15.014480, 370.32854, 27.426369, 366.01970, 368.71047,
15.025810, 399.11890, 29.865736, 366.63485, 369.64254,
15.037140, 343.25946, 28.488516, 367.25919, 370.58744,
15.048460, 385.29545, 32.583992, 367.89331, 371.54425,
15.059790, 392.38194, 31.527004, 368.53935, 372.51439,
15.071110, 359.61453, 29.894213, 369.19732, 373.49603,
15.082440, 355.91467, 22.361094, 369.86948, 374.49074,
15.093750, 351.28349, 18.230085, 370.55502, 375.49555,
15.105070, 364.50307, 19.574610, 371.25695, 376.51306,
15.116390, 406.06197, 21.912685, 371.97574, 377.54216,
15.127700, 354.58557, 20.967857, 372.71182, 378.58171,
15.139020, 379.83497, 22.457077, 373.46769, 379.63346,
15.150330, 347.26677, 21.421906, 374.24307, 380.69529,
15.162390, 401.11097, 25.450493, 375.09345, 381.83957,
15.174730, 350.29648, 23.219322, 375.99018, 383.02304,
15.187070, 383.83329, 23.828869, 376.91524, 384.21894,
15.199410, 345.64004, 24.285360, 377.87028, 385.42723,
15.211740, 386.10631, 23.425732, 378.85585, 386.64649,
15.224080, 390.52544, 22.354595, 379.87535, 387.87876,
15.236410, 372.59498, 20.553497, 380.92853, 389.12165,
15.248740, 340.22474, 20.197708, 382.01784, 390.37600,
15.261060, 378.96592, 22.337727, 383.14393, 391.64053,
15.273390, 372.19237, 21.813236, 384.31033, 392.91718,
15.285710, 394.66258, 22.021290, 385.51683, 394.20370,
15.298030, 392.57360, 20.603136, 386.76588, 395.50077,
15.310350, 404.30636, 20.919186, 388.05936, 396.80840,
15.322660, 366.19726, 21.454029, 389.39776, 398.12517,
15.334980, 346.98881, 21.799276, 390.78498, 399.45304,
15.347290, 365.32915, 22.502108, 392.22065, 400.78977,
15.359600, 387.92688, 20.897953, 393.70763, 402.13620,
15.371900, 364.22210, 19.885414, 395.24640, 403.49099,
15.384210, 407.69900, 21.179537, 396.84143, 404.85627,
15.396510, 378.31338, 21.088665, 398.49203, 406.22964,
15.408810, 437.40566, 23.368467, 400.20118, 407.61188,
15.421110, 397.33213, 20.593681, 401.97110, 409.00303,
15.433410, 362.17384, 18.850134, 403.80347, 410.40269,
15.445700, 397.98020, 19.436169, 405.69824, 411.80973,
15.457990, 424.12552, 20.794205, 407.65522, 413.22504,
15.470280, 373.01217, 21.202766, 409.67216, 414.64846,
15.482570, 411.45645, 20.728577, 411.74683, 416.07984,
15.494860, 417.25814, 19.791252, 413.87705, 417.51900,
15.507140, 423.54620, 19.602400, 416.05893, 418.96467,
15.519420, 447.95430, 20.479748, 418.29181, 420.41768,
15.531700, 490.14209, 22.029724, 420.57393, 421.87811,
15.543980, 875.46360, 27.607941, 422.90286, 423.34556,
15.556260, 1007.4242, 28.495029, 425.27692, 424.82012,
15.568530, 597.05896, 21.821108, 427.69183, 426.30025,
15.580800, 453.65434, 19.755100, 430.14759, 427.78705,
15.593070, 415.27841, 20.082638, 432.64223, 429.28038,
15.605340, 377.38481, 18.848404, 435.17381, 430.78009,
15.617600, 421.05866, 19.355972, 437.73839, 432.28486,
15.629860, 446.78952, 18.355383, 440.33580, 433.79558,
15.642120, 433.46104, 17.394001, 442.96457, 435.31236,
15.654380, 421.73560, 17.659966, 445.62241, 436.83480,
15.666640, 454.23832, 18.554111, 448.30787, 438.36301,
15.678890, 453.79940, 18.814880, 451.01659, 439.89541,
15.691140, 442.31741, 17.986935, 453.74902, 441.43317,
15.703390, 453.31820, 17.218948, 456.50335, 442.97615,
15.715640, 442.52345, 17.908901, 459.27779, 444.52422,
15.727890, 445.39048, 18.791756, 462.07055, 446.07723,
15.740130, 441.36699, 19.784363, 464.87766, 447.63384,
15.752370, 448.72038, 19.623600, 467.69929, 449.19500,
15.764610, 464.17398, 19.503105, 470.53414, 450.76082,
15.776850, 450.24619, 19.794840, 473.38002, 452.33092,
15.789090, 475.10583, 20.339767, 476.23561, 453.90543,
15.801320, 465.22676, 20.914778, 479.09652, 455.48272,
15.813550, 508.75814, 22.454214, 481.96344, 457.06403,
15.825780, 475.31222, 20.791203, 484.83467, 458.64922,
15.838010, 479.94391, 20.631048, 487.70846, 460.23816,
15.850230, 485.59454, 20.848131, 490.58086, 461.82950,
15.862450, 492.67985, 21.299347, 493.45217, 463.42420,
15.874670, 455.97123, 22.584398, 496.32111, 465.02240,
15.886890, 465.98180, 22.278540, 499.18575, 466.62385,
15.899110, 510.73811, 23.458376, 502.04413, 468.22830,
15.911320, 498.44970, 22.076817, 504.89254, 469.83450,
15.923540, 509.54923, 23.487144, 507.73392, 471.44496,
15.935750, 475.81584, 24.120535, 510.56165, 473.05679,
15.947960, 479.21868, 24.885164, 513.37645, 474.67126,
15.960160, 474.89674, 24.968077, 516.17439, 476.28698,
15.972370, 518.83146, 26.180258, 518.95809, 477.90635,
15.984570, 542.30132, 26.365612, 521.72124, 479.52661,
15.996770, 479.58286, 26.052656, 524.46469, 481.14914,
16.008961, 494.58827, 27.675133, 527.18431, 482.77244,
16.021160, 564.67972, 29.688797, 529.88237, 484.39880,
16.033350, 473.90673, 27.630581, 532.55306, 486.02569,
16.045549, 521.78363, 27.152800, 535.19876, 487.65553,
16.057739, 532.41314, 27.218990, 537.81350, 489.28567,
16.069920, 471.27615, 26.301861, 540.39551, 490.91598,
16.082109, 500.89035, 26.607925, 542.94698, 492.54889,
16.094290, 483.90343, 26.697691, 545.46204, 494.18175,
16.106470, 518.96938, 28.645649, 547.94082, 495.81570,
16.118650, 539.85796, 28.101011, 550.38141, 497.45065,
16.130831, 565.88186, 28.200783, 552.78188, 499.08647,
16.143009, 518.78768, 28.175608, 555.13992, 500.72279,
16.155180, 500.36352, 29.699423, 557.45250, 502.35872,
16.167351, 503.34587, 34.366310, 559.71911, 503.99519,
16.179520, 527.23323, 32.602013, 561.93740, 505.63182,
16.191681, 489.15330, 30.040077, 564.10435, 507.26772,
16.203850, 495.71541, 33.139313, 566.22060, 508.90484,
16.216009, 530.65013, 35.208447, 568.28110, 510.54075,
16.228170, 563.05512, 41.358734, 570.28570, 512.17689,
16.240330, 476.22824, 37.101318, 572.23164, 513.81261,
16.252489, 583.01741, 40.148159, 574.11705, 515.44807,
16.264641, 594.66725, 39.587936, 575.93859, 517.08213,
16.276791, 579.09625, 42.014175, 577.69496, 518.71545,
16.288950, 546.64812, 42.280617, 579.38547, 520.34944,
16.301090, 568.53179, 50.345081, 581.00455, 521.98016,
16.313240, 607.98393, 48.817116, 582.55699, 523.61133,
16.325380, 617.50276, 52.129902, 584.04184, 525.24028,
16.337530, 625.16635, 34.836357, 585.46289, 526.86945,
16.349670, 640.26452, 29.933428, 586.81934, 528.49618,
16.361799, 623.86080, 29.163677, 588.11253, 530.12010,
16.373940, 660.04532, 34.587559, 589.34625, 531.74415,
16.386070, 689.54695, 34.338196, 590.51968, 533.36542,
16.398211, 719.95202, 35.971359, 591.63594, 534.98634,
16.410339, 696.67098, 31.743595, 592.69439, 536.60400,
16.422461, 715.56293, 33.313103, 593.69671, 538.21879,
16.434589, 720.38467, 36.526505, 594.64537, 539.83263,
16.446711, 740.60739, 36.416149, 595.54034, 541.44338,
16.458839, 745.85056, 34.421616, 596.38388, 543.05294,
16.470961, 703.41623, 38.592422, 597.17605, 544.65918,
16.483070, 723.93341, 38.513020, 597.91779, 546.26148,
16.495190, 676.52578, 52.964539, 598.61145, 547.86250,
16.500280, 670.19836, 31.303871, 598.88856, 548.53422,
16.513599, 659.38937, 28.236593, 599.57434, 550.28938,
16.526911, 611.56812, 25.286268, 600.20406, 552.04010,
16.540211, 641.19115, 26.725548, 600.77894, 553.78574,
16.553520, 560.75787, 26.431065, 601.30114, 555.52888,
16.566820, 600.90794, 28.105667, 601.77113, 557.26688,
16.580120, 611.16230, 27.288071, 602.19046, 559.00082,
16.593420, 594.55586, 24.834330, 602.56029, 560.73054,
16.606710, 583.76395, 24.378462, 602.88151, 562.45464,
16.620001, 595.90709, 24.128719, 603.15719, 564.17420,
16.633301, 629.01836, 25.243320, 603.39710, 565.89028,
16.646589, 560.99513, 24.773605, 603.61215, 567.60003,
16.659870, 603.67018, 24.078125, 603.81372, 569.30376,
16.673149, 619.12769, 23.415319, 604.01315, 571.00206,
16.686440, 597.75739, 22.433929, 604.22189, 572.69645,
16.699711, 575.81139, 22.878857, 604.45068, 574.38288,
16.712990, 601.53451, 25.392471, 604.71121, 576.06458,
16.726271, 591.70178, 25.366026, 605.01467, 577.74065,
16.739540, 632.20475, 25.199713, 605.37199, 579.40923,
16.752810, 602.81107, 23.761028, 605.79474, 581.07160,
16.766081, 654.83914, 23.417141, 606.29433, 582.72782,
16.779341, 594.96637, 22.699442, 606.88158, 584.37605,
16.792601, 648.46962, 24.367773, 607.56829, 586.01754,
16.805870, 624.57524, 23.845818, 608.36660, 587.65329,
16.819120, 597.42647, 22.464275, 609.28621, 589.27960,
16.832380, 621.54831, 21.360540, 610.34061, 590.89979,
16.845631, 613.82128, 20.545128, 611.54000, 592.51136,
16.858891, 626.47873, 21.554676, 612.89793, 594.11644,
16.872141, 603.80630, 22.842695, 614.42434, 595.71253,
16.885380, 605.56141, 23.307240, 616.12606, 597.29923,
16.898630, 622.45397, 23.279966, 617.99540, 598.87908,
16.911869, 643.73488, 22.596910, 620.01410, 600.44917,
16.925110, 644.43440, 22.602964, 622.16908, 602.01089,
16.938351, 622.78283, 22.606989, 624.44519, 603.56382,
16.951580, 645.71866, 23.704855, 626.82554, 605.10643,
16.964821, 608.44504, 23.519220, 629.29955, 606.64118,
16.978050, 632.09600, 22.940918, 631.84832, 608.16522,
16.991270, 661.29812, 22.692112, 634.45745, 609.67858,
17.004499, 641.95962, 21.387716, 637.11621, 611.18324,
17.017719, 786.39142, 23.766817, 639.80626, 612.67682,
17.030951, 1085.2868, 28.565512, 642.51742, 614.16147,
17.044161, 926.20617, 28.261372, 645.22859, 615.63336,
17.057381, 714.30982, 25.438969, 647.93158, 617.09567,
17.070601, 687.04719, 24.751785, 650.61001, 618.54712,
17.083811, 678.07527, 25.514006, 653.24753, 619.98646,
17.097019, 691.65415, 24.846548, 655.83126, 621.41430,
17.110229, 660.62873, 25.376705, 658.34747, 622.83083,
17.123430, 671.95139, 25.748844, 660.77951, 624.23460,
17.136641, 671.49017, 24.860558, 663.11635, 625.62742,
17.149839, 679.88643, 23.904749, 665.33967, 627.00682,
17.163040, 644.13299, 23.403992, 667.43715, 628.37400,
17.176229, 676.01901, 22.977028, 669.39209, 629.72732,
17.189430, 688.85148, 24.138752, 671.19303, 631.06891,
17.202620, 660.08023, 25.005013, 672.82194, 632.39618,
17.215811, 683.62876, 25.421894, 674.26561, 633.71025,
17.229000, 663.80331, 24.952911, 675.51227, 635.01047,
17.242180, 674.96430, 25.882137, 676.56493, 636.29588,
17.255369, 665.81609, 27.963917, 677.43227, 637.56805,
17.268551, 670.95356, 27.378517, 678.12014, 638.82508,
17.281719, 681.15740, 27.928909, 678.63554, 640.06618,
17.294901, 679.46178, 29.767275, 678.98631, 641.29361,
17.308069, 738.94437, 31.177866, 679.17841, 642.50461,
17.321251, 680.09939, 27.352077, 679.21881, 643.70135,
17.334410, 691.07458, 27.655323, 679.11404, 644.88029,
17.347580, 753.80786, 30.181900, 678.87040, 646.04423,
17.360750, 665.82678, 29.434753, 678.49421, 647.19187,
17.373911, 765.83865, 33.041592, 677.99209, 648.32209,
17.387070, 728.30535, 32.590309, 677.37003, 649.43529,
17.400230, 691.21881, 31.857670, 676.63391, 650.53148,
17.413380, 693.44169, 30.479935, 675.79056, 651.60927,
17.426540, 688.72253, 31.456669, 674.84441, 652.67024,
17.439690, 686.24628, 32.318169, 673.80294, 653.71223,
17.452841, 668.16639, 34.166237, 672.67096, 654.73600,
17.465981, 707.77203, 34.818607, 671.45544, 655.74022,
17.479130, 618.07330, 32.626659, 670.16010, 656.72617,
17.492270, 618.92020, 30.981819, 668.79241, 657.69210,
17.505409, 621.59076, 30.098839, 667.35703, 658.63840,
17.518551, 661.54329, 31.907352, 665.85923, 659.56486,
17.531679, 700.29993, 33.677006, 664.30630, 660.47011,
17.544821, 642.39501, 33.149918, 662.70051, 661.35564,
17.557949, 627.29242, 32.801208, 661.05051, 662.21930,
17.571079, 641.71186, 34.382015, 659.35981, 663.06177,
17.584200, 663.61991, 35.324631, 657.63525, 663.88197,
17.597330, 628.69901, 35.728973, 655.87964, 664.68074,
17.610451, 760.13076, 39.268555, 654.10080, 665.45655,
17.623569, 608.82456, 38.442093, 652.30301, 666.20950,
17.636690, 634.65849, 49.294502, 650.49099, 666.93944,
17.649799, 586.43499, 42.136429, 648.67173, 667.64527,
17.662910, 662.40616, 43.831680, 646.84796, 668.32735,
17.676029, 669.87793, 39.437241, 645.02336, 668.98554,
17.689131, 647.59092, 47.396198, 643.20583, 669.61825,
17.702240, 602.16428, 49.241810, 641.39639, 670.22628,
17.715349, 606.26144, 45.609406, 639.60055, 670.80885,
17.728451, 622.92098, 47.989361, 637.82384, 671.36523,
17.741550, 638.42484, 44.753559, 636.06993, 671.89527,
17.754641, 621.82423, 33.729458, 634.34430, 672.39827,
17.767740, 661.39439, 31.980890, 632.64894, 672.87452,
17.780830, 629.18087, 35.402390, 630.99084, 673.32290,
17.793921, 647.33111, 32.775188, 629.37330, 673.74331,
17.807011, 677.25953, 32.825470, 627.80088, 674.13531,
17.820101, 648.80190, 35.432293, 626.27817, 674.49843,
17.833179, 642.62406, 35.022640, 624.81106, 674.83194,
17.846270, 621.97576, 32.856937, 623.40164, 675.13594,
17.859341, 630.78205, 32.663380, 622.05782, 675.40927,
17.872419, 618.17678, 35.139587, 620.78149, 675.65206,
17.885500, 654.91326, 38.079437, 619.57805, 675.86366,
17.898569, 603.65657, 37.708874, 618.45346, 676.04340,
17.911640, 694.26908, 38.347523, 617.41132, 676.19098,
17.924709, 637.46268, 36.687843, 616.45685, 676.30587,
17.937780, 740.34292, 63.275829, 615.59471, 676.38756,
17.941250, 645.13807, 31.619761, 615.38204, 676.40360,
17.955721, 614.72063, 28.973114, 614.57116, 676.44464,
17.970181, 635.40329, 29.179962, 613.88881, 676.44345,
17.984650, 668.61321, 29.787907, 613.34100, 676.39928,
17.999109, 633.62115, 30.244949, 612.93552, 676.31145,
18.013571, 591.58451, 30.501564, 612.67915, 676.17914,
18.028021, 629.90458, 30.562550, 612.57930, 676.00176,
18.042480, 596.60632, 29.375153, 612.64319, 675.77826,
18.056931, 654.17881, 28.921341, 612.87830, 675.50813,
18.071381, 611.74847, 27.728931, 613.29229, 675.19044,
18.085819, 647.95373, 29.137186, 613.89240, 674.82465,
18.100269, 624.00177, 29.787643, 614.68753, 674.40935,
18.114710, 600.69256, 29.201725, 615.68465, 673.94428,
18.129150, 622.35168, 27.720409, 616.89243, 673.42831,
18.143579, 592.07633, 26.245737, 618.31241, 672.86102,
18.158020, 645.33982, 27.047302, 619.92708, 672.24064,
18.172449, 650.79013, 30.154249, 621.70866, 671.56721,
18.186880, 626.60995, 30.570816, 623.63352, 670.83926,
18.201300, 613.77398, 29.615572, 625.67477, 670.05656,
18.215719, 613.24511, 27.582209, 627.80905, 669.21761,
18.230150, 648.17084, 26.179098, 630.01334, 668.32071,
18.244560, 629.79235, 24.991049, 632.25791, 667.36694,
18.258980, 628.98994, 25.735502, 634.52278, 666.35334,
18.273390, 607.26531, 26.634243, 636.78031, 665.28025,
18.287800, 640.67363, 28.436954, 639.00736, 664.14598,
18.302210, 637.61483, 34.335800, 641.17927, 662.94947,
18.316620, 661.59216, 28.422501, 643.27135, 661.68966,
18.331020, 609.61842, 25.819084, 645.25755, 660.36637,
18.345421, 647.24544, 26.342220, 647.11451, 658.97766,
18.359819, 661.98491, 26.881603, 648.81712, 657.52263,
18.374210, 651.10706, 29.080715, 650.33990, 656.00078,
18.388611, 636.19537, 28.563387, 651.65951, 654.40912,
18.403000, 645.75917, 26.748344, 652.74881, 652.74881,
18.417379, 669.73890, 26.911694, 653.58946, 651.01992,
18.431770, 660.94355, 26.442616, 654.18898, 649.22538,
18.446150, 645.29061, 26.592266, 654.55899, 647.37479,
18.460529, 651.43497, 29.276211, 654.71242, 645.47351,
18.474911, 682.73922, 30.821339, 654.66147, 643.52801,
18.489281, 694.19947, 29.780260, 654.41844, 641.54684,
18.503660, 626.98998, 26.580513, 653.99492, 639.53382,
18.518030, 656.32122, 25.270214, 653.40323, 637.49832,
18.532391, 658.93834, 24.667418, 652.65534, 635.44706,
18.546761, 665.35995, 25.703064, 651.76175, 633.38399,
18.561119, 653.86635, 27.097410, 650.73519, 631.31877,
18.575480, 668.88012, 29.464359, 649.58611, 629.25616,
18.589840, 661.80208, 29.736494, 648.32585, 627.20308,
18.604191, 623.41482, 28.506231, 646.96644, 625.16754,
18.618549, 665.47109, 28.015112, 645.51730, 623.15376,
18.632900, 663.80789, 26.958033, 643.99092, 621.17055,
18.647240, 681.68608, 28.847919, 642.39873, 619.22503,
18.661591, 671.73125, 29.135855, 640.74904, 617.32078,
18.675930, 796.90476, 31.687660, 639.05523, 615.46750,
18.690269, 1001.8994, 35.204498, 637.32676, 613.67034,
18.704611, 1691.6731, 42.395866, 635.57411, 611.93579,
18.718941, 1461.2766, 37.837440, 633.80960, 610.27210,
18.733271, 793.00792, 30.376823, 632.04251, 608.68460,
18.747601, 692.05795, 31.408323, 630.28350, 607.18002,
18.761930, 682.38036, 33.070587, 628.54324, 605.76515,
18.776260, 629.97897, 31.755272, 626.83240, 604.44677,
18.790581, 662.08906, 30.847342, 625.16277, 603.23247,
18.804899, 726.43477, 29.840950, 623.54415, 602.12834,
18.819220, 679.07491, 28.562927, 621.98682, 601.14093,
18.833530, 709.22828, 29.865761, 620.50278, 600.27783,
18.847839, 722.44356, 30.365183, 619.10197, 599.54536,
18.862150, 709.81916, 33.806187, 617.79490, 598.95028,
18.876459, 693.29581, 37.081284, 616.59288, 598.49973,
18.890770, 661.73246, 35.836960, 615.50660, 598.20063,
18.905069, 705.70839, 35.753937, 614.54809, 598.06018,
18.919371, 672.34615, 33.271065, 613.72750, 598.08519,
18.933670, 713.37302, 34.458515, 613.05635, 598.28280,
18.947960, 762.43351, 38.108097, 612.54620, 598.65989,
18.962250, 614.86084, 36.144680, 612.20804, 599.22376,
18.976540, 671.08864, 38.471886, 612.05351, 599.98171,
18.990829, 693.82087, 39.548531, 612.09437, 600.94106,
19.005119, 638.88390, 36.182739, 612.34250, 602.10920,
19.019400, 675.32533, 35.744297, 612.80959, 603.49260,
19.033680, 655.59713, 35.880920, 613.50793, 605.09945,
19.047960, 694.21469, 39.776215, 614.44987, 606.93731,
19.062229, 731.17984, 42.688469, 615.64689, 609.01204,
19.076500, 664.79364, 45.990299, 617.11258, 611.33301,
19.090771, 608.85563, 37.397495, 618.85969, 613.90770,
19.105040, 692.91736, 39.748390, 620.90104, 616.74353,
19.119310, 632.77682, 39.855934, 623.25052, 619.84912,
19.133570, 709.71585, 39.288330, 625.91914, 623.22925,
19.147829, 674.83752, 42.033382, 628.92244, 626.89431,
19.162090, 617.83583, 45.865002, 632.27488, 630.85293,
19.176340, 592.11921, 47.495071, 635.98724, 635.10929,
19.190599, 640.09399, 51.343826, 640.07943, 639.67783,
19.204849, 730.37599, 51.890224, 644.56077, 644.56077,
19.219101, 646.60457, 46.355652, 649.44309, 649.76603,
19.233339, 613.61007, 42.697247, 654.70353, 655.27540,
19.247580, 679.21892, 49.262039, 660.32387, 661.07810,
19.261820, 735.47924, 42.641850, 666.28033, 667.15718,
19.276060, 658.56612, 49.464527, 672.55003, 673.49649,
19.290300, 738.87825, 51.659405, 679.11034, 680.07995,
19.304529, 688.94792, 57.918091, 685.93325, 686.88599,
19.318760, 674.30166, 57.506355, 693.00271, 693.90484,
19.332991, 659.87528, 58.381119, 700.29581, 701.11974,
19.347219, 667.33134, 58.275093, 707.78971, 708.51389,
19.361441, 729.89161, 59.064835, 715.45952, 716.06838,
19.375660, 658.39097, 60.185196, 723.28664, 723.77042,
19.389879, 655.22550, 55.655464, 731.25070, 731.60537,
19.404100, 828.36684, 62.111694, 739.33149, 739.55871,
19.418310, 779.61583, 61.179657, 747.50014, 747.60731,
19.432520, 755.74200, 63.926697, 755.74200, 755.74200,
