# wave, flux, fluxerr, continuum, continuum_plateau
9.9725246, 52.529960, 1.5801375, 52.529960, 52.529960,
9.9806166, 59.438058, 1.9433155, 52.028971, 52.028709,
9.9887066, 55.749815, 1.5595151, 51.540402, 51.539393,
9.9967957, 55.162475, 1.3962565, 51.064294, 51.062108,
10.004880, 56.302068, 1.6460179, 50.600968, 50.597231,
10.012970, 50.328526, 1.6127102, 50.149937, 50.144323,
10.021050, 50.005507, 1.3855877, 49.712157, 49.704395,
10.029140, 53.357136, 1.5593009, 49.286715, 49.276575,
10.037220, 50.919972, 1.5754026, 48.874783, 48.862088,
10.045300, 52.589083, 1.4103895, 48.475924, 48.460537,
10.053380, 54.683838, 1.5252520, 48.090222, 48.072047,
10.061460, 51.979880, 1.5328920, 47.717898, 47.696881,
10.069540, 49.477272, 1.4634203, 47.359000, 47.335122,
10.077610, 54.190188, 1.3029301, 47.014149, 46.987430,
10.085690, 54.499025, 1.5704220, 46.682626, 46.653114,
10.093760, 56.480060, 1.5222427, 46.365359, 46.333139,
10.101830, 54.234103, 1.3479141, 46.062096, 46.027277,
10.109900, 62.212991, 1.4085403, 45.772952, 45.735673,
10.117970, 55.948730, 1.4176122, 45.498152, 45.458574,
10.126040, 53.042910, 1.4177632, 45.237816, 45.196125,
10.134100, 51.124670, 1.1787746, 44.992416, 44.948819,
10.142170, 49.185466, 1.3558810, 44.761477, 44.716195,
10.150230, 48.972486, 1.4342135, 44.545743, 44.499017,
10.158300, 49.058325, 1.2646228, 44.344875, 44.296955,
10.166360, 52.655344, 1.2861693, 44.159544, 44.110695,
10.174420, 55.914630, 1.3010038, 43.989638, 43.940133,
10.182470, 53.222427, 1.5047727, 43.835553, 43.785670,
10.190530, 52.297761, 1.5218362, 43.697089, 43.647111,
10.198590, 51.092814, 1.1501214, 43.574614, 43.524826,
10.206640, 46.703085, 1.3245161, 43.468466, 43.419153,
10.214690, 51.479738, 1.3414313, 43.378674, 43.330116,
10.222750, 47.766709, 1.1131587, 43.305362, 43.257835,
10.230800, 50.705992, 1.3177468, 43.248908, 43.202679,
10.238850, 45.552763, 1.2565300, 43.209425, 43.164751,
10.246890, 58.497849, 1.2786268, 43.187143, 43.144265,
10.254940, 54.365455, 1.3694782, 43.182225, 43.141375,
10.262990, 53.564160, 1.4471403, 43.194931, 43.156317,
10.271030, 48.794469, 1.2396829, 43.225440, 43.189249,
10.279070, 45.625355, 1.3211519, 43.273978, 43.240375,
10.287120, 54.185665, 1.4093314, 43.340883, 43.310009,
10.295150, 49.091823, 1.6997004, 43.426104, 43.398064,
10.303190, 48.804875, 1.6574718, 43.530177, 43.505051,
10.311230, 46.296062, 1.1441598, 43.653233, 43.631064,
10.319270, 48.646273, 1.2911822, 43.795554, 43.776348,
10.327300, 48.856442, 1.6096994, 43.957159, 43.940878,
10.335340, 44.710746, 1.3588212, 44.138709, 44.125278,
10.343370, 49.876810, 1.4125051, 44.340064, 44.329354,
10.351400, 47.175920, 1.6863685, 44.561649, 44.553487,
10.359430, 41.443069, 1.5544523, 44.803762, 44.797922,
10.367460, 43.536667, 1.5889212, 45.066684, 45.062883,
10.375480, 43.697818, 1.4380616, 45.350313, 45.348209,
10.383510, 40.742920, 1.6414629, 45.655683, 45.654875,
10.391530, 46.702157, 1.6194487, 45.982329, 45.982350,
10.399560, 45.477772, 1.4714796, 46.331328, 46.331642,
10.407580, 46.360972, 1.1795219, 46.702157, 46.702157,
10.415600, 53.037317, 1.3677818, 47.095309, 47.094338,
10.423620, 48.284903, 1.3373352, 47.510345, 47.507789,
10.431640, 45.952832, 1.2799732, 47.946467, 47.941781,
10.439650, 48.800013, 4.4026694, 48.402477, 48.395181,
10.447670, 51.656882, 6.1454728, 48.878831, 48.868499,
10.455680, 55.940677, 4.3072299, 49.373601, 49.359870,
10.463700, 53.691537, 1.5172177, 49.887407, 49.869960,
10.471710, 52.920447, 1.5623608, 50.418231, 50.396812,
10.479720, 55.990920, 1.7232310, 50.966067, 50.940462,
10.487730, 46.575504, 1.4926350, 51.530251, 51.500293,
10.495730, 50.066307, 1.4888070, 52.109425, 52.074995,
10.503740, 52.504132, 1.7203691, 52.704315, 52.665324,
10.511750, 54.900202, 1.7850399, 53.313588, 53.269991,
10.519750, 53.510110, 1.6716742, 53.935771, 53.887564,
10.527750, 58.532523, 1.8214155, 54.571087, 54.518295,
10.535750, 58.913330, 2.1982874, 55.218822, 55.161503,
10.543750, 64.087613, 1.9451613, 55.878261, 55.816502,
10.551750, 55.261024, 2.4395108, 56.548928, 56.482844,
10.559750, 53.864379, 1.6268617, 57.230031, 57.159767,
10.567850, 64.414170, 1.4117784, 57.929814, 57.855487,
10.576350, 58.822744, 1.3265089, 58.674309, 58.595931,
10.584840, 63.321293, 1.3893161, 59.427567, 59.345386,
10.593340, 64.246143, 2.2775148, 60.190706, 60.104985,
10.601830, 65.204184, 1.3161364, 60.961100, 60.872137,
10.610330, 70.874634, 1.6177107, 61.739914, 61.648018,
10.618820, 64.438676, 1.3302629, 62.524576, 62.430086,
10.627310, 67.269095, 1.2892187, 63.315133, 63.218404,
10.635800, 66.542841, 1.3276265, 64.111030, 64.012434,
10.644280, 69.395031, 1.4385782, 64.910454, 64.810386,
10.652770, 65.219609, 1.2541807, 65.714565, 65.613431,
10.661250, 66.277369, 1.2355543, 66.520827, 66.419054,
10.669740, 68.532213, 1.3395508, 67.330327, 67.228355,
10.678220, 70.988000, 1.4014278, 68.140520, 68.038807,
10.686700, 71.208321, 1.2919214, 68.951590, 68.850608,
10.695180, 72.789867, 1.3543805, 69.762812, 69.663050,
10.703650, 70.147896, 1.6174402, 70.572551, 70.474509,
10.712130, 72.116056, 1.5168491, 71.381815, 71.286014,
10.720600, 74.141541, 1.3904164, 72.188243, 72.095215,
10.729080, 76.736477, 1.4364671, 72.992835, 72.903133,
10.737550, 74.179817, 1.4830457, 73.792966, 73.707155,
10.746020, 80.822617, 1.9499082, 74.589000, 74.507663,
10.754490, 79.780563, 1.4753408, 75.380030, 75.303770,
10.762960, 76.976433, 1.4493812, 76.165508, 76.094947,
10.771420, 75.734196, 1.4284990, 76.943568, 76.879339,
10.779890, 77.093636, 1.5373930, 77.715585, 77.658360,
10.788350, 79.570633, 1.4573369, 78.478829, 78.429284,
10.796810, 75.016026, 1.5078784, 79.233530, 79.192371,
10.805270, 79.179615, 1.7423670, 79.978952, 79.946913,
10.813730, 79.835491, 1.6656631, 80.714359, 80.692201,
10.822190, 82.152170, 1.7130654, 81.439012, 81.427524,
10.830650, 79.485008, 1.6843226, 82.152170, 82.152170,
10.839100, 83.103279, 1.7233339, 82.852381, 82.864689,
10.847560, 84.178329, 1.6972957, 83.541415, 83.566827,
10.856010, 86.144163, 1.8359732, 84.217823, 84.257036,
10.864460, 86.771786, 1.8817416, 84.882493, 84.936153,
10.872910, 85.570097, 1.8564457, 85.535682, 85.604370,
10.881360, 91.398937, 1.8935172, 86.177633, 86.261871,
10.889800, 92.495413, 1.7646556, 86.807669, 86.907896,
10.898250, 94.661940, 1.9326814, 87.427454, 87.544090,
10.906690, 99.132605, 2.4259198, 88.035753, 88.169125,
10.915140, 97.305676, 2.1413553, 88.634170, 88.784590,
10.923580, 108.59425, 3.1006535, 89.221379, 89.389064,
10.932020, 104.43165, 1.9886132, 89.798286, 89.983422,
10.940460, 111.13763, 2.1645671, 90.365043, 90.567770,
10.948890, 113.09240, 2.2320119, 90.921116, 91.141503,
10.957330, 115.78105, 2.8600864, 91.468035, 91.706151,
10.965760, 134.52205, 1.6880825, 92.004648, 92.260475,
10.974200, 141.16530, 2.2203001, 92.532310, 92.805828,
10.982630, 154.54295, 1.9038003, 93.049911, 93.341017,
10.991060, 165.75480, 2.4700194, 93.558307, 93.866884,
10.999490, 164.61543, 2.1831311, 94.057517, 94.383408,
11.007920, 167.30878, 2.2206045, 94.547787, 94.890800,
11.016340, 174.53117, 1.8334094, 95.028595, 95.388484,
11.024770, 167.87490, 2.3505105, 95.501215, 95.877740,
11.033190, 165.43663, 2.0569176, 95.964703, 96.357553,
11.041610, 166.68117, 2.0732284, 96.419719, 96.828575,
11.050030, 160.42457, 2.2386370, 96.866384, 97.290897,
11.058450, 166.01337, 2.1764674, 97.304816, 97.744611,
11.066870, 168.02640, 2.4494760, 97.735132, 98.189806,
11.075290, 156.77668, 1.9363142, 98.157444, 98.626571,
11.083700, 145.69275, 2.1308573, 98.571399, 99.054514,
11.092120, 152.40577, 2.2567241, 98.978045, 99.474693,
11.100530, 151.78935, 2.6286544, 99.376523, 99.886196,
11.108940, 156.64383, 37.216931, 99.767494, 100.28968,
11.117350, 163.98630, 4.0701821, 100.15097, 100.68514,
11.120570, 161.26423, 2.1009816, 100.29588, 100.83450,
11.129530, 165.55350, 2.1216266, 100.69340, 101.24396,
11.138500, 174.01055, 2.0247218, 101.08319, 101.64506,
11.147460, 191.04779, 2.1621246, 101.46446, 102.03696,
11.156430, 214.90950, 2.3126407, 101.83821, 102.42068,
11.165390, 242.99050, 2.2883056, 102.20368, 102.79542,
11.174350, 282.41962, 2.3793232, 102.56143, 103.16172,
11.183300, 331.38473, 2.6873994, 102.91119, 103.51931,
11.192260, 379.25375, 2.9357165, 103.25380, 103.86904,
11.201220, 409.43388, 2.7848409, 103.58900, 104.21062,
11.210170, 415.34027, 2.7617728, 103.91654, 104.54379,
11.219120, 430.79080, 2.9172130, 104.23688, 104.86901,
11.228070, 421.76933, 2.9073404, 104.55011, 105.18638,
11.237020, 426.92821, 2.7591973, 104.85630, 105.49594,
11.245970, 427.10985, 2.8116319, 105.15559, 105.79785,
11.254920, 414.28472, 2.8183432, 105.44806, 106.09217,
11.263860, 405.91174, 2.7760578, 105.73344, 106.37865,
11.272800, 396.68468, 2.6226935, 106.01221, 106.65776,
11.281750, 378.79660, 2.8156025, 106.28467, 106.92980,
11.290690, 358.24037, 3.0718118, 106.55038, 107.19435,
11.299630, 343.52633, 2.5382506, 106.80965, 107.45171,
11.308560, 327.11774, 2.3988482, 107.06233, 107.70175,
11.317500, 309.37374, 2.3627970, 107.30904, 107.94507,
11.326430, 293.52360, 2.3996366, 107.54930, 108.18123,
11.335370, 273.46864, 2.2979334, 107.78372, 108.41082,
11.344300, 255.26825, 2.1394790, 108.01186, 108.63344,
11.353230, 250.32910, 2.1845810, 108.23404, 108.84940,
11.362160, 240.52903, 2.2337588, 108.45029, 109.05876,
11.371080, 230.33325, 2.1813464, 108.66052, 109.26143,
11.380010, 222.35160, 2.0861133, 108.86519, 109.45788,
11.388930, 211.17178, 2.0381487, 109.06396, 109.64780,
11.397850, 201.78640, 2.0750153, 109.25707, 109.83144,
11.406780, 201.45343, 2.0515460, 109.44482, 110.00911,
11.415700, 193.73950, 1.9209589, 109.62682, 110.18045,
11.424610, 184.68240, 1.9107190, 109.80315, 110.34558,
11.433530, 179.30952, 1.9632287, 109.97426, 110.50492,
11.442450, 178.23765, 1.9573770, 110.14000, 110.65836,
11.451360, 169.94077, 1.8422202, 110.30025, 110.80582,
11.460270, 167.22517, 1.9766526, 110.45523, 110.94754,
11.469180, 158.21035, 1.9142539, 110.60499, 111.08359,
11.478090, 155.36127, 1.8733328, 110.74958, 111.21403,
11.487000, 154.52922, 1.7858284, 110.88903, 111.33892,
11.495910, 149.45333, 1.8640076, 111.02337, 111.45834,
11.504810, 141.21303, 1.9709338, 111.15254, 111.57224,
11.513710, 140.35103, 1.9218102, 111.27669, 111.68080,
11.522620, 137.23475, 1.9375433, 111.39600, 111.78422,
11.531520, 143.22062, 1.9340959, 111.51024, 111.88231,
11.540420, 132.42893, 1.9452457, 111.61958, 111.97527,
11.549310, 129.44635, 2.1225060, 111.72393, 112.06307,
11.558210, 130.05825, 2.1537307, 111.82357, 112.14596,
11.567100, 128.54292, 2.0452557, 111.91827, 112.22382,
11.576000, 135.37297, 2.1228005, 112.00832, 112.29688,
11.584890, 128.61065, 2.2296021, 112.09350, 112.36505,
11.593780, 119.09737, 2.0250572, 112.17395, 112.42845,
11.602670, 122.42803, 2.1309809, 112.24971, 112.48717,
11.611560, 120.02177, 2.6383494, 112.32079, 112.54126,
11.620440, 118.70832, 2.2525292, 112.38712, 112.59071,
11.629330, 116.21040, 2.3182184, 112.44890, 112.63571,
11.638210, 109.01600, 2.2025639, 112.50599, 112.67621,
11.647090, 117.61527, 2.2757083, 112.55848, 112.71231,
11.655970, 123.72275, 2.5742465, 112.60638, 112.74407,
11.664850, 112.04163, 1.9079689, 112.64972, 112.77156,
11.673730, 112.08250, 1.4180750, 112.68849, 112.79482,
11.682600, 119.43860, 1.7257572, 112.72268, 112.81390,
11.691480, 113.02990, 1.5377649, 112.75237, 112.82888,
11.700350, 108.04655, 1.9168204, 112.77750, 112.83980,
11.709220, 120.63952, 1.8626850, 112.79811, 112.84671,
11.718090, 114.50708, 1.7133122, 112.81421, 112.84969,
11.726960, 108.13770, 1.8589196, 112.82580, 112.84877,
11.735830, 110.77398, 1.8072438, 112.83289, 112.84401,
11.744690, 113.17655, 1.9432039, 112.83548, 112.83548,
11.753560, 112.83548, 1.7808822, 112.83358, 112.82320,
11.762420, 109.23893, 1.8119823, 112.82729, 112.80729,
11.771280, 116.96135, 2.7820075, 112.81671, 112.78779,
11.775020, 114.60665, 1.7127148, 112.81098, 112.77851,
11.784500, 113.12253, 1.7383432, 112.79318, 112.75222,
11.793980, 118.58890, 1.7701073, 112.77075, 112.72204,
11.803460, 110.83052, 2.2023030, 112.74381, 112.68805,
11.812940, 113.07755, 1.5328522, 112.71250, 112.65037,
11.822420, 119.09360, 1.7889013, 112.67691, 112.60906,
11.831890, 120.05367, 1.7416508, 112.63722, 112.56426,
11.841360, 120.04075, 3.2420326, 112.59350, 112.51603,
11.850840, 120.66533, 2.1483408, 112.54582, 112.46440,
11.860310, 124.51635, 1.6333923, 112.49438, 112.40954,
11.869770, 127.54132, 1.6340797, 112.43931, 112.35157,
11.879240, 127.06863, 1.5775844, 112.38060, 112.29045,
11.888710, 126.87652, 1.5298373, 112.31841, 112.22632,
11.898170, 127.44002, 1.5664222, 112.25292, 112.15934,
11.907630, 130.39577, 1.6326453, 112.18418, 112.08953,
11.917090, 124.04950, 1.5744882, 112.11228, 112.01696,
11.926550, 127.72965, 1.5471056, 112.03733, 111.94173,
11.936010, 132.27205, 1.5312795, 111.95943, 111.86391,
11.945470, 125.11863, 1.5799733, 111.87869, 111.78360,
11.954920, 128.18743, 1.5463597, 111.79529, 111.70096,
11.964370, 133.66205, 1.8226245, 111.70924, 111.61598,
11.973830, 135.88735, 1.5316981, 111.62055, 111.52865,
11.983280, 126.94805, 1.7828637, 111.52950, 111.43926,
11.992720, 129.37878, 1.5824843, 111.43621, 111.34787,
12.002170, 127.44110, 1.4763009, 111.34057, 111.25439,
12.011610, 127.29235, 1.4888402, 111.24285, 111.15907,
12.021060, 125.75318, 1.5645584, 111.14298, 111.06181,
12.030500, 122.33718, 1.5350787, 111.04123, 110.96288,
12.039940, 124.61262, 1.5053193, 110.93761, 110.86228,
12.049380, 119.56020, 1.6127875, 110.83219, 110.76007,
12.058820, 121.28678, 1.6289221, 110.72509, 110.65634,
12.068250, 120.54278, 1.6509319, 110.61650, 110.55128,
12.077690, 121.08727, 1.5029570, 110.50627, 110.44473,
12.087120, 119.91435, 1.5053885, 110.39473, 110.33702,
12.096550, 116.30490, 1.5931473, 110.28187, 110.22810,
12.105980, 119.52480, 1.6291284, 110.16775, 110.11804,
12.115410, 118.54395, 1.6422787, 110.05248, 110.00694,
12.124830, 112.96095, 1.5228062, 109.93625, 109.89498,
12.134260, 120.52997, 1.6665103, 109.81892, 109.78201,
12.143680, 121.16880, 1.7861638, 109.70083, 109.66834,
12.153100, 118.01232, 1.7821141, 109.58192, 109.55393,
12.162520, 116.77837, 2.0074796, 109.46228, 109.43885,
12.171940, 113.61750, 1.6850418, 109.34201, 109.32320,
12.181360, 113.31255, 1.8727393, 109.22118, 109.20703,
12.190770, 112.03123, 1.7255447, 109.10002, 109.09056,
12.200180, 108.85650, 1.9228319, 108.97848, 108.97374,
12.209600, 105.85707, 1.6651192, 108.85650, 108.85650,
12.219010, 106.65695, 1.7647210, 108.73443, 108.73918,
12.228420, 111.82545, 2.3616764, 108.61214, 108.62164,
12.237820, 110.68628, 2.0900881, 108.48975, 108.50400,
12.247230, 114.08830, 1.7833959, 108.36698, 108.38599,
12.256630, 128.70310, 1.9373295, 108.24409, 108.26782,
12.266040, 185.92828, 2.3278349, 108.12080, 108.14926,
12.275440, 393.92182, 3.2016873, 107.99736, 108.03052,
12.284840, 322.31792, 3.0658715, 107.87365, 107.91148,
12.294230, 134.09692, 2.1460587, 107.74975, 107.79222,
12.303630, 111.03708, 2.5966841, 107.62544, 107.67251,
12.313030, 121.92865, 2.3778254, 107.50079, 107.55243,
12.322420, 125.38033, 3.2220431, 107.37595, 107.43211,
12.331810, 121.37200, 1.8583305, 107.25077, 107.31140,
12.341200, 119.46250, 1.3864309, 107.12523, 107.19027,
12.350590, 123.27810, 1.6851088, 106.99933, 107.06873,
12.359980, 117.79828, 1.5786383, 106.87306, 106.94674,
12.369360, 130.20365, 1.7102491, 106.74652, 106.82443,
12.378750, 119.64158, 1.7588548, 106.61946, 106.70151,
12.388130, 119.63827, 1.7948606, 106.49211, 106.57823,
12.397510, 124.73738, 1.6919754, 106.36436, 106.45446,
12.406890, 123.65268, 2.3933196, 106.23615, 106.33016,
12.416270, 127.19278, 1.9836343, 106.10750, 106.20532,
12.425640, 130.04450, 1.9339670, 105.97853, 106.08007,
12.435020, 128.92800, 1.8789495, 105.84894, 105.95410,
12.444390, 130.76300, 2.0466428, 105.71901, 105.82769,
12.453760, 126.65705, 1.6560141, 105.58859, 105.70068,
12.463130, 122.36555, 1.8334741, 105.45765, 105.57304,
12.472500, 133.67801, 2.0311480, 105.32619, 105.44477,
12.481870, 143.75068, 2.3592945, 105.19418, 105.31584,
12.489420, 138.30710, 1.8107521, 105.08741, 105.21147,
12.499490, 145.57243, 2.1387172, 104.94444, 105.07156,
12.509550, 143.41865, 1.7886537, 104.80094, 104.93098,
12.519610, 147.56707, 1.7677825, 104.65675, 104.78957,
12.529670, 146.14490, 1.7591394, 104.51187, 104.64732,
12.539730, 151.85920, 1.7988043, 104.36626, 104.50417,
12.549780, 155.08918, 2.0578587, 104.22006, 104.36028,
12.559840, 151.33992, 1.6902398, 104.07296, 104.21532,
12.569890, 152.69615, 1.6680213, 103.92522, 104.06957,
12.579940, 144.98225, 1.6991493, 103.77670, 103.92286,
12.589990, 157.84293, 1.7575935, 103.62735, 103.77516,
12.600040, 161.44235, 1.7261031, 103.47716, 103.62644,
12.610090, 165.44088, 1.6986061, 103.32613, 103.47671,
12.620130, 170.77917, 2.9830587, 103.17439, 103.32608,
12.630170, 176.74845, 1.7874527, 103.02173, 103.17437,
12.640210, 178.27962, 1.7552511, 102.86816, 103.02156,
12.650250, 173.94592, 1.6622574, 102.71365, 102.86763,
12.660290, 175.15690, 1.6529271, 102.55819, 102.71257,
12.670330, 180.10978, 1.8937961, 102.40175, 102.55634,
12.680360, 182.18067, 1.7447097, 102.24446, 102.39907,
12.690390, 196.05392, 1.7474265, 102.08614, 102.24060,
12.700420, 196.59780, 1.7459703, 101.92677, 102.08088,
12.710450, 194.53197, 1.7176473, 101.76634, 101.91991,
12.720480, 201.12167, 1.7977306, 101.60481, 101.75767,
12.730500, 207.26638, 2.0617005, 101.44232, 101.59427,
12.740530, 197.83627, 1.9648699, 101.27853, 101.42938,
12.750550, 195.19995, 1.6950884, 101.11372, 101.26329,
12.760570, 194.31815, 1.7493120, 100.94774, 101.09585,
12.770590, 199.05082, 1.7518110, 100.78052, 100.92698,
12.780610, 192.61445, 1.7064227, 100.61205, 100.75668,
12.790620, 184.95588, 1.8020745, 100.44249, 100.58511,
12.800640, 184.49835, 1.6778432, 100.27146, 100.41188,
12.810650, 189.74395, 1.7432590, 100.09927, 100.23733,
12.820660, 178.91072, 1.7059076, 99.925727, 100.06125,
12.830670, 161.79865, 1.5695243, 99.750785, 99.883595,
12.840680, 155.14323, 1.5551195, 99.574446, 99.704375,
12.850680, 147.36670, 1.5609570, 99.396833, 99.523720,
12.860690, 142.46690, 1.6137924, 99.217577, 99.341258,
12.870690, 132.09935, 1.5489179, 99.036989, 99.157309,
12.880690, 127.32027, 1.4583456, 98.854884, 98.971691,
12.890690, 122.99483, 1.4973942, 98.671196, 98.784342,
12.900680, 118.62940, 1.5178545, 98.486104, 98.595449,
12.910680, 118.21695, 1.5011251, 98.299187, 98.404589,
12.920670, 112.44960, 1.4614316, 98.110801, 98.212134,
12.930670, 111.33752, 1.4905475, 97.920518, 98.017650,
12.940660, 106.07733, 1.8746565, 97.728683, 97.821499,
12.950640, 106.90957, 1.5948401, 97.535302, 97.623695,
12.960630, 102.51328, 1.7905608, 97.339895, 97.423754,
12.970620, 104.91632, 1.5504150, 97.142665, 97.221893,
12.980600, 107.23502, 1.6179128, 96.943746, 97.018259,
12.990580, 106.11070, 1.6566934, 96.742932, 96.812649,
13.000560, 95.664011, 1.6025356, 96.540145, 96.604994,
13.010540, 98.377869, 1.5802776, 96.335365, 96.395283,
13.020520, 98.333399, 1.5973828, 96.128550, 96.183485,
13.030490, 95.519236, 1.7158470, 95.919881, 95.969795,
13.040470, 97.858337, 1.6668973, 95.708876, 95.753732,
13.050440, 101.59197, 5.8784768, 95.495936, 95.535718,
13.060410, 90.801147, 1.6975748, 95.280796, 95.315497,
13.070380, 94.908812, 1.8563955, 95.063391, 95.093013,
13.080350, 95.135639, 1.9947441, 94.843717, 94.868278,
13.090310, 95.771280, 2.0285075, 94.621922, 94.641456,
13.100280, 98.088474, 1.8929586, 94.397533, 94.412078,
13.110240, 90.083464, 1.8428039, 94.170932, 94.180551,
13.120200, 91.966238, 2.0053728, 93.941857, 93.946623,
13.130160, 102.06483, 2.2077893, 93.710258, 93.710258,
13.140110, 93.710258, 1.6511758, 93.476361, 93.471702,
13.150070, 91.836908, 1.3091857, 93.239758, 93.230536,
13.160020, 90.792610, 1.3310210, 93.001061, 92.987379,
13.169980, 92.006252, 1.3654610, 92.759880, 92.741828,
13.179930, 90.743563, 1.4435113, 92.516833, 92.494512,
13.189870, 84.920551, 1.4240471, 92.272014, 92.245521,
13.199820, 88.470131, 1.4576328, 92.025064, 91.994487,
13.209770, 88.400820, 1.4888509, 91.776300, 91.741732,
13.219710, 91.693630, 1.4725208, 91.526121, 91.487658,
13.229650, 88.665569, 1.5548004, 91.274396, 91.232133,
13.239590, 92.917719, 1.5988256, 91.021184, 90.975214,
13.249530, 91.761620, 1.6638918, 90.766615, 90.717035,
13.259470, 86.120825, 1.5017000, 90.510795, 90.457702,
13.269410, 85.658590, 1.6365138, 90.253831, 90.197324,
13.279340, 88.063519, 1.8549866, 89.996098, 89.936284,
13.289270, 86.280943, 1.8095880, 89.737407, 89.674388,
13.299200, 88.075541, 1.9915154, 89.477910, 89.411795,
13.309130, 87.644850, 2.0207759, 89.217687, 89.148585,
13.318260, 87.754557, 1.4740811, 88.977856, 88.906108,
13.328980, 88.894085, 1.4647497, 88.695701, 88.620972,
13.339690, 90.323565, 1.4709318, 88.413337, 88.335769,
13.350400, 94.042065, 1.5512865, 88.130616, 88.050354,
13.361120, 93.675161, 7.3559576, 87.847390, 87.764580,
13.371830, 92.746592, 8.1013573, 87.564343, 87.479141,
13.382530, 94.075834, 1.3263835, 87.281576, 87.194143,
13.393240, 89.547056, 1.3081286, 86.998716, 86.909213,
13.403940, 89.905994, 1.3718148, 86.716395, 86.624991,
13.414650, 92.450563, 1.5680673, 86.434237, 86.341104,
13.425350, 94.517927, 1.3280551, 86.152874, 86.058190,
13.436050, 92.970581, 1.2567008, 85.872183, 85.776130,
13.446740, 99.090710, 1.3338687, 85.592568, 85.495333,
13.457440, 99.371788, 1.3487872, 85.313609, 85.215380,
13.468130, 100.07426, 1.2273843, 85.035983, 84.936956,
13.478830, 100.76295, 1.2216051, 84.759275, 84.659646,
13.489520, 102.30157, 1.2469712, 84.484158, 84.384129,
13.500200, 101.04489, 1.2000307, 84.210736, 84.110510,
13.510890, 103.97732, 1.2446133, 83.938650, 83.838434,
13.521570, 106.39728, 1.1844020, 83.668520, 83.568522,
13.532260, 111.30665, 1.2283368, 83.399994, 83.300427,
13.542940, 109.77475, 1.2148773, 83.133687, 83.034761,
13.553620, 107.94762, 1.2722226, 82.869492, 82.771420,
13.564290, 107.28502, 1.2240571, 82.607801, 82.510794,
13.574970, 101.57406, 1.1768784, 82.348235, 82.252508,
13.585640, 101.77895, 1.0997278, 82.091440, 81.997204,
13.596320, 106.52793, 1.1867872, 81.837051, 81.744518,
13.606990, 101.08588, 1.1442119, 81.585707, 81.495083,
13.617650, 97.866966, 1.1493502, 81.337516, 81.249006,
13.628320, 99.313356, 1.1452512, 81.092176, 81.005984,
13.638980, 93.763847, 1.0929633, 80.850269, 80.766589,
13.649650, 99.593082, 1.1403211, 80.611506, 80.530533,
13.660310, 93.338472, 1.1219808, 80.376458, 80.298377,
13.670970, 94.286470, 1.3968084, 80.145058, 80.070048,
13.681630, 93.393991, 1.1215509, 79.917455, 79.845686,
13.692280, 92.085958, 1.1774132, 79.694015, 79.625647,
13.702940, 87.793152, 1.1809676, 79.474450, 79.409640,
13.713590, 89.685518, 1.1750769, 79.259347, 79.198231,
13.724240, 85.454025, 1.2165049, 79.048621, 78.991330,
13.734890, 82.823170, 1.1459611, 78.842469, 78.789118,
13.745530, 81.887602, 1.0893602, 78.641207, 78.591894,
13.756180, 86.929150, 1.1948388, 78.444635, 78.399450,
13.766820, 82.496799, 1.2269112, 78.253267, 78.212276,
13.777460, 80.188776, 1.1438095, 78.067090, 78.030344,
13.788100, 78.775715, 1.1754196, 77.886270, 77.853800,
13.798740, 79.673128, 1.0844204, 77.710976, 77.682792,
13.809380, 81.474524, 1.2417806, 77.541394, 77.517484,
13.820010, 79.978291, 1.2751739, 77.377811, 77.358135,
13.830640, 78.335030, 1.2857304, 77.220278, 77.204774,
13.841270, 79.330290, 1.2651508, 77.068943, 77.057523,
13.851900, 76.654194, 1.2387841, 76.924016, 76.916563,
13.862530, 80.241266, 1.7356462, 76.785666, 76.782031,
13.873150, 75.882036, 1.4867110, 76.654194, 76.654194,
13.883780, 76.044840, 1.2676956, 76.529480, 76.532914,
13.894400, 78.946468, 1.7892032, 76.411577, 76.418250,
13.905020, 79.355108, 1.3981785, 76.300131, 76.309870,
13.915640, 80.260809, 1.6013675, 76.194905, 76.207554,
13.926250, 83.564262, 1.5680965, 76.095749, 76.111168,
13.936870, 80.902899, 1.6283843, 76.002262, 76.020329,
13.947480, 82.944088, 1.5591076, 75.914367, 75.934968,
13.958090, 78.531822, 1.5020794, 75.831765, 75.854802,
13.968700, 82.512066, 2.2768711, 75.754218, 75.779601,
13.979310, 83.060919, 1.9121528, 75.681517, 75.709165,
13.989910, 81.049658, 1.9022404, 75.613494, 75.643332,
14.000520, 77.648233, 1.5412912, 75.549809, 75.581772,
14.011120, 80.075951, 1.7252682, 75.490359, 75.524383,
14.021720, 81.813648, 2.1940229, 75.434872, 75.470900,
14.032320, 73.454208, 2.4198152, 75.383135, 75.421112,
14.042920, 81.430237, 1.8958605, 75.334938, 75.374810,
14.053510, 78.101046, 1.8523766, 75.290114, 75.331827,
14.064110, 81.514601, 2.1316619, 75.248366, 75.291871,
14.074700, 69.387633, 2.2085255, 75.209569, 75.254809,
14.085290, 73.041210, 2.3213234, 75.173480, 75.220402,
14.095870, 75.789339, 1.5698360, 75.139922, 75.188467,
14.106460, 79.363400, 1.3071521, 75.108632, 75.158742,
14.117040, 76.156670, 1.3165205, 75.079466, 75.131075,
14.127630, 75.835537, 1.3601088, 75.052167, 75.105211,
14.138210, 76.390799, 1.5573267, 75.026590, 75.080994,
14.148790, 82.054071, 1.5237665, 75.002510, 75.058197,
14.159370, 80.882875, 1.6130619, 74.979727, 75.036614,
14.169940, 83.240053, 1.4413666, 74.958065, 75.016062,
14.180520, 85.423899, 2.8634025, 74.937285, 74.996299,
14.182090, 82.838297, 1.5123448, 74.934266, 74.993423,
14.193560, 87.589766, 1.4601570, 74.912625, 74.972752,
14.205030, 83.162224, 1.4507454, 74.891528, 74.952497,
14.216500, 88.778341, 1.4768362, 74.870729, 74.932403,
14.227970, 84.280039, 1.9245746, 74.849977, 74.912209,
14.239430, 93.301790, 1.5241295, 74.829040, 74.891674,
14.250890, 83.226925, 1.3776741, 74.807653, 74.870527,
14.262350, 85.238985, 1.5000952, 74.785563, 74.848504,
14.273810, 87.929638, 1.4906936, 74.762522, 74.825349,
14.285270, 87.905884, 1.5461624, 74.738282, 74.800807,
14.296730, 77.914534, 1.3507819, 74.712589, 74.774614,
14.308180, 76.019459, 1.2616591, 74.685219, 74.746541,
14.319630, 76.348150, 1.2893413, 74.655897, 74.716305,
14.331080, 74.398676, 1.4331358, 74.624368, 74.683644,
14.342530, 76.704908, 1.4313275, 74.590384, 74.648305,
14.353970, 74.222731, 1.2062390, 74.553721, 74.610061,
14.365410, 76.770725, 1.2612462, 74.514092, 74.568618,
14.376860, 73.448425, 1.3935284, 74.471205, 74.523680,
14.388300, 74.712685, 1.5757826, 74.424873, 74.475060,
14.399730, 75.892904, 1.2974549, 74.374848, 74.422511,
14.411170, 75.987225, 1.1919165, 74.320777, 74.365674,
14.422600, 74.584009, 1.1825381, 74.262496, 74.304390,
14.434030, 74.501722, 1.1093752, 74.199691, 74.238347,
14.445460, 76.210583, 1.3004741, 74.132088, 74.167273,
14.456890, 74.295877, 1.2511433, 74.059429, 74.090915,
14.468320, 75.752007, 1.1318094, 73.981436, 74.009002,
14.479740, 71.448988, 1.0810040, 73.897906, 73.921342,
14.491160, 73.549561, 1.1012494, 73.808499, 73.827601,
14.502580, 74.088039, 1.1584733, 73.712943, 73.727521,
14.514000, 73.386570, 1.1416952, 73.610938, 73.620813,
14.525420, 74.664104, 1.1809943, 73.502208, 73.507215,
14.536830, 71.032770, 1.0131558, 73.386570, 73.386570,
14.548240, 72.328592, 1.0017079, 73.263779, 73.258647,
14.559650, 75.335697, 1.1488073, 73.134237, 73.123880,
14.571060, 66.780494, 1.0199551, 72.998519, 72.982879,
14.582470, 71.544430, 1.2855613, 72.857164, 72.836221,
14.593870, 70.211914, 1.1353156, 72.710842, 72.684619,
14.605270, 70.723389, 1.2312380, 72.559982, 72.528538,
14.616670, 69.232416, 1.0071934, 72.405137, 72.368573,
14.628070, 67.774813, 1.1953080, 72.246820, 72.205280,
14.639470, 70.655991, 1.0530430, 72.085580, 72.039252,
14.650860, 69.878511, 0.98494320, 71.922106, 71.871227,
14.662260, 67.832659, 0.97451140, 71.756630, 71.701475,
14.673650, 70.420174, 1.0355608, 71.589989, 71.530887,
14.685040, 71.179344, 1.1232571, 71.422550, 71.359871,
14.696420, 67.925322, 1.1606123, 71.255025, 71.189192,
14.707810, 69.188478, 1.0962109, 71.087610, 71.019085,
14.719190, 71.374895, 1.1347469, 70.921169, 70.850468,
14.730570, 70.835163, 1.3975250, 70.756052, 70.683733,
14.741950, 68.339640, 1.2255743, 70.592803, 70.519473,
14.753330, 71.569862, 1.2032453, 70.431953, 70.358264,
14.764700, 70.122704, 1.4563755, 70.274181, 70.200830,
14.776080, 71.848057, 1.2214589, 70.119728, 70.047458,
14.787450, 68.907709, 1.5536843, 69.969415, 69.899010,
14.798820, 72.189856, 1.7872682, 69.823634, 69.755921,
14.810190, 71.724794, 1.2777580, 69.682912, 69.618762,
14.821550, 68.585091, 1.4652345, 69.547925, 69.488242,
14.832920, 69.139812, 1.3690504, 69.418977, 69.364714,
14.844280, 73.229860, 1.3305428, 69.296831, 69.248966,
14.855640, 69.798477, 1.3504737, 69.181926, 69.141477,
14.866990, 68.952409, 1.4864897, 69.074907, 69.042918,
14.878350, 68.720343, 1.3375418, 68.976134, 68.953692,
14.889710, 68.805944, 1.4064479, 68.886268, 68.874485,
14.901060, 68.590689, 3.1344732, 68.805944, 68.805944,
14.912410, 73.300842, 1.4998442, 68.735510, 68.748397,
14.923760, 69.871418, 1.5755412, 68.674868, 68.701503,
14.935100, 67.234773, 3.7417062, 68.623851, 68.664777,
14.946450, 73.600887, 1.6281176, 68.582140, 68.637628,
14.957790, 69.012150, 1.5110440, 68.549607, 68.619591,
14.969130, 71.186132, 1.8020100, 68.526003, 68.610123,
14.980470, 73.915545, 1.9107269, 68.511124, 68.608711,
14.991810, 77.737040, 1.8766865, 68.504772, 68.614843,
15.003140, 69.206392, 1.5831219, 68.506751, 68.627994,
15.014480, 71.654152, 1.7038316, 68.516871, 68.647678,
15.025810, 69.051067, 1.9159325, 68.534934, 68.673357,
15.037140, 71.038218, 1.8843432, 68.560759, 68.704535,
15.048460, 75.632435, 2.0196871, 68.594138, 68.740678,
15.059790, 72.154182, 1.9352593, 68.634955, 68.781343,
15.071110, 68.789120, 1.9177242, 68.682970, 68.825960,
15.082440, 67.291878, 2.3356125, 68.738102, 68.874108,
15.093750, 73.855240, 1.3271930, 68.800026, 68.925147,
15.105070, 69.825752, 1.3247899, 68.868745, 68.978717,
15.116390, 74.084993, 1.3848681, 68.944047, 69.034273,
15.127700, 68.569099, 2.4100566, 69.025702, 69.091262,
15.139020, 71.907337, 1.5177136, 69.113709, 69.149293,
15.150330, 68.196682, 1.4746493, 69.207760, 69.207760,
15.162390, 69.207760, 1.6954286, 69.314615, 69.270188,
15.174730, 71.053606, 1.6849864, 69.430691, 69.334059,
15.187070, 69.302019, 1.5893477, 69.553268, 69.397918,
15.199410, 70.094975, 1.6919323, 69.682064, 69.461775,
15.211740, 68.765659, 1.5143091, 69.816644, 69.525565,
15.224080, 70.883976, 1.4008455, 69.956965, 69.589407,
15.236410, 71.597876, 1.2964085, 70.102488, 69.653189,
15.248740, 66.856990, 1.4282285, 70.253041, 69.716964,
15.261060, 74.313189, 1.5375207, 70.408207, 69.780679,
15.273390, 77.922201, 1.4053560, 70.567969, 69.844443,
15.285710, 76.019300, 1.4848950, 70.731788, 69.908152,
15.298030, 70.396013, 1.3941523, 70.899498, 69.971850,
15.310350, 74.503067, 1.5543334, 71.070851, 70.035548,
15.322660, 73.000967, 1.3959093, 71.245412, 70.099188,
15.334980, 70.541615, 1.3429007, 71.423195, 70.162872,
15.347290, 70.298405, 1.4712983, 71.603657, 70.226502,
15.359600, 70.445307, 1.2978756, 71.786668, 70.290128,
15.371900, 75.671812, 1.2629091, 71.971807, 70.353697,
15.384210, 73.372784, 1.3377738, 72.159125, 70.417316,
15.396510, 85.226133, 1.4217456, 72.348056, 70.480882,
15.408810, 77.115808, 8.1079225, 72.538471, 70.544440,
15.421110, 75.849623, 1.3639547, 72.730138, 70.608001,
15.433410, 73.245893, 1.3555189, 72.922770, 70.671554,
15.445700, 69.931139, 1.3264550, 73.115973, 70.735055,
15.457990, 71.823772, 1.3747292, 73.309640, 70.798554,
15.470280, 72.456467, 1.4980063, 73.503512, 70.862052,
15.482570, 70.495193, 1.4292913, 73.697334, 70.925547,
15.494860, 76.014814, 1.3474398, 73.890848, 70.989041,
15.507140, 72.948841, 1.3014698, 74.083649, 71.052485,
15.519420, 75.114939, 1.3366320, 74.275615, 71.115923,
15.531700, 75.463593, 1.4146303, 74.466519, 71.179365,
15.543980, 75.974228, 1.3912902, 74.656073, 71.242802,
15.556260, 76.024269, 1.6456635, 74.844048, 71.306243,
15.568530, 75.395353, 1.3704604, 75.030013, 71.369630,
15.580800, 74.099346, 1.2445967, 75.213868, 71.433018,
15.593070, 76.963598, 1.3250701, 75.395353, 71.496406,
15.605340, 72.650698, 1.4803785, 75.574312, 71.559794,
15.617600, 77.827353, 1.3261907, 75.750875, 71.623135,
15.629860, 80.091503, 1.2577046, 75.925539, 71.686471,
15.642120, 76.774448, 1.2643031, 76.098703, 71.749814,
15.654380, 77.650936, 1.1730207, 76.270708, 71.813153,
15.666640, 78.692747, 1.2211799, 76.441950, 71.876500,
15.678890, 78.700495, 1.1144879, 76.612637, 71.939794,
15.691140, 81.226938, 1.1203019, 76.783284, 72.003091,
15.703390, 82.053711, 1.0488236, 76.954257, 72.066390,
15.715640, 77.599564, 1.1060063, 77.125923, 72.129692,
15.727890, 81.790483, 1.1249429, 77.298650, 72.192997,
15.740130, 79.104404, 1.0896423, 77.472670, 72.256256,
15.752370, 81.819469, 1.1916812, 77.648472, 72.319513,
15.764610, 87.512318, 1.1032231, 77.826451, 72.382779,
15.776850, 84.299330, 1.1474115, 78.006951, 72.446045,
15.789090, 83.334499, 1.1526392, 78.190370, 72.509319,
15.801320, 81.557121, 1.2145395, 78.376908, 72.572544,
15.813550, 83.267698, 1.2796124, 78.567094, 72.635773,
15.825780, 87.318195, 1.3477510, 78.761304, 72.699008,
15.838010, 86.477180, 1.2916452, 78.959918, 72.762247,
15.850230, 84.010498, 1.3075093, 79.163155, 72.825443,
15.862450, 86.700212, 1.3309885, 79.371536, 72.888640,
15.874670, 87.355635, 1.7110284, 79.585478, 72.951847,
15.886890, 88.460396, 1.5374460, 79.805354, 73.015060,
15.899110, 90.489971, 1.5293020, 80.031538, 73.078275,
15.911320, 87.384899, 1.5338860, 80.264259, 73.141447,
15.923540, 84.193996, 1.5638799, 80.504298, 73.204681,
15.935750, 87.360842, 1.5700598, 80.751645, 73.267867,
15.947960, 84.931492, 1.6356836, 81.006912, 73.331061,
15.960160, 81.244293, 1.5004010, 81.270298, 73.394213,
15.972370, 84.347185, 1.6489219, 81.542632, 73.457422,
15.984570, 86.060255, 1.5537750, 81.823885, 73.520586,
15.996770, 89.222025, 1.6578525, 82.114736, 73.583762,
16.008961, 90.485722, 1.7307735, 82.415354, 73.646898,
16.021160, 88.203007, 1.7344948, 82.726620, 73.710087,
16.033350, 88.526810, 1.7906716, 83.048510, 73.773236,
16.045549, 88.408432, 1.6371042, 83.381977, 73.836444,
16.057739, 88.019102, 1.5893783, 83.726952, 73.899612,
16.069920, 84.526585, 1.6892575, 84.083865, 73.962741,
16.082109, 88.181517, 2.7766422, 84.453742, 74.025930,
16.094290, 81.953199, 2.6304276, 84.836476, 74.089079,
16.106470, 85.380465, 1.6401106, 85.232831, 74.152240,
16.118650, 84.620838, 1.6768100, 85.643294, 74.215411,
16.130831, 85.106804, 1.6213968, 86.068361, 74.278594,
16.143009, 81.339737, 1.9814988, 86.508463, 74.341779,
16.155180, 86.382872, 1.6353980, 86.963888, 74.404936,
16.167351, 90.569853, 1.7145517, 87.435424, 74.468105,
16.179520, 87.923523, 2.0287011, 87.923523, 74.531277,
16.191681, 85.975916, 1.7713935, 88.428188, 74.594422,
16.203850, 86.753294, 1.6882060, 88.949183, 74.657619,
16.216009, 92.618507, 1.9751514, 89.484626, 74.720781,
16.228170, 91.075508, 2.2634275, 90.033873, 74.783966,
16.240330, 106.34978, 2.1839899, 90.595625, 74.847155,
16.252489, 94.453188, 2.4944963, 91.168848, 74.910358,
16.264641, 95.188440, 2.2462546, 91.752060, 74.973536,
16.276791, 101.21073, 2.2572340, 92.344419, 75.036720,
16.288950, 107.98743, 2.6735065, 92.945389, 75.099968,
16.301090, 99.218332, 2.4328822, 93.552454, 75.163132,
16.313240, 104.36520, 2.5968057, 94.165945, 75.226361,
16.325380, 113.47850, 2.7976091, 94.783813, 75.289558,
16.337530, 122.07843, 2.2774159, 95.405944, 75.352820,
16.349670, 128.57918, 1.8110832, 96.030282, 75.416049,
16.361799, 136.31263, 1.7755803, 96.655643, 75.479236,
16.373940, 145.02658, 2.0252476, 97.282131, 75.542500,
16.386070, 152.14878, 2.0886626, 97.907587, 75.605732,
16.398211, 163.83147, 2.2903445, 98.531917, 75.669031,
16.410339, 162.21685, 2.1719538, 99.152966, 75.732290,
16.422461, 164.35525, 2.3313059, 99.769860, 75.795527,
16.434589, 166.01700, 2.4442413, 100.38230, 75.858824,
16.446711, 168.77978, 2.5023455, 100.98842, 75.922100,
16.458839, 160.13630, 2.3124925, 101.58792, 75.985435,
16.470961, 147.73710, 2.3960047, 102.17894, 76.048751,
16.483070, 147.21437, 2.3524238, 102.76024, 76.112028,
16.495190, 132.18245, 2.9610891, 103.33171, 76.175376,
16.500280, 129.19350, 1.7878931, 103.56843, 76.201991,
16.513599, 134.57550, 1.8471369, 104.17767, 76.271644,
16.526911, 130.38508, 1.7358180, 104.77080, 76.341284,
16.540211, 125.85695, 1.6695580, 105.34620, 76.410890,
16.553520, 147.39547, 1.7938876, 105.90328, 76.480574,
16.566820, 119.00315, 1.8804523, 106.43974, 76.550236,
16.580120, 116.92175, 1.6804691, 106.95448, 76.619926,
16.593420, 108.42336, 1.5677636, 107.44596, 76.689645,
16.606710, 111.57997, 1.5613355, 107.91232, 76.759344,
16.620001, 106.41178, 2.8052933, 108.35234, 76.829073,
16.633301, 114.07835, 2.2013742, 108.76475, 76.898883,
16.646589, 113.76982, 1.9169517, 109.14729, 76.968663,
16.659870, 105.78450, 1.6808639, 109.49854, 77.038436,
16.673149, 110.69442, 1.6488151, 109.81703, 77.108230,
16.686440, 106.66162, 1.6458495, 110.10142, 77.178118,
16.699711, 115.57225, 1.7225344, 110.34938, 77.247939,
16.712990, 109.90415, 1.9328640, 110.55977, 77.317834,
16.726271, 110.55977, 1.8429310, 110.73186, 77.387774,
16.739540, 110.74175, 1.6503270, 110.86936, 77.457689,
16.752810, 111.70602, 1.6526511, 110.97736, 77.527640,
16.766081, 114.39345, 1.6658755, 111.06080, 77.597637,
16.779341, 114.22935, 1.8633518, 111.12451, 77.667612,
16.792601, 112.20998, 1.6106693, 111.17345, 77.737624,
16.805870, 109.10950, 1.5520569, 111.21251, 77.807725,
16.819120, 107.25312, 1.7166252, 111.24647, 77.877764,
16.832380, 104.54502, 1.4115313, 111.28028, 77.947894,
16.845631, 108.31805, 1.2752590, 111.31872, 78.018014,
16.858891, 106.14313, 1.3231459, 111.36672, 78.088225,
16.872141, 105.62463, 1.4351245, 111.42906, 78.158428,
16.885380, 106.35098, 1.3803305, 111.51056, 78.228613,
16.898630, 111.75078, 1.4418017, 111.61623, 78.298902,
16.911869, 108.63790, 1.3878385, 111.75078, 78.369174,
16.925110, 115.11103, 1.4024819, 111.91775, 78.439501,
16.938351, 112.89842, 1.3848295, 112.11478, 78.509874,
16.951580, 110.80940, 1.5982079, 112.33786, 78.580232,
16.964821, 109.23990, 1.6981498, 112.58362, 78.650698,
16.978050, 115.27435, 1.5771156, 112.84788, 78.721151,
16.991270, 117.67743, 1.5020830, 113.12690, 78.791602,
17.004499, 133.42813, 1.5970009, 113.41735, 78.862153,
17.017719, 225.24900, 1.9679577, 113.71511, 78.932704,
17.030951, 428.85683, 10.662979, 114.01693, 79.003367,
17.044161, 421.69576, 3.0162902, 114.31837, 79.073970,
17.057381, 161.06797, 1.8415354, 114.61642, 79.144677,
17.070601, 116.20620, 1.6009137, 114.90716, 79.215437,
17.083811, 119.45318, 1.6615326, 115.18667, 79.286201,
17.097019, 123.87190, 1.6635836, 115.45143, 79.357010,
17.110229, 126.96705, 1.7488014, 115.69779, 79.427886,
17.123430, 118.99198, 1.6779471, 115.92182, 79.498768,
17.136641, 116.50635, 1.6497326, 116.12011, 79.569759,
17.149839, 119.72280, 1.7806390, 116.28859, 79.640748,
17.163040, 118.87137, 1.4986385, 116.42368, 79.711807,
17.176229, 115.29200, 1.4069676, 116.52150, 79.782866,
17.189430, 113.25378, 1.5061438, 116.57839, 79.854048,
17.202620, 117.66700, 1.5204385, 116.59042, 79.925232,
17.215811, 116.59042, 1.4872181, 116.55479, 79.996490,
17.229000, 116.50802, 1.4690084, 116.47269, 80.067803,
17.242180, 116.28498, 1.4552371, 116.34636, 80.139131,
17.255369, 119.29298, 1.4778024, 116.17776, 80.210577,
17.268551, 119.93137, 1.6374372, 115.96919, 80.282050,
17.281719, 120.76933, 1.5687939, 115.72290, 80.353521,
17.294901, 126.15465, 2.0936322, 115.44044, 80.425134,
17.308069, 127.40790, 1.9101743, 115.12438, 80.496746,
17.321251, 136.95563, 1.8435168, 114.77609, 80.568503,
17.334410, 141.98983, 1.8713800, 114.39853, 80.640210,
17.347580, 138.70210, 1.9863276, 113.99270, 80.712054,
17.360750, 138.61507, 1.9951661, 113.56085, 80.783975,
17.373911, 137.85710, 2.1872486, 113.10525, 80.855920,
17.387070, 134.18280, 2.2047956, 112.62754, 80.927934,
17.400230, 126.42383, 2.0460308, 112.12949, 81.000039,
17.413380, 125.91147, 1.9652244, 111.61347, 81.072162,
17.426540, 126.23185, 2.1770376, 111.08046, 81.144430,
17.439690, 127.50740, 2.1732587, 110.53322, 81.216719,
17.452841, 124.56418, 2.3123423, 109.97304, 81.289103,
17.465981, 119.57060, 2.0832900, 109.40233, 81.361511,
17.479130, 119.46613, 2.1829293, 108.82200, 81.434059,
17.492270, 115.88035, 2.0869788, 108.23469, 81.506644,
17.505409, 114.60760, 1.9240438, 107.64180, 81.579319,
17.518551, 110.56825, 2.1556182, 107.04503, 81.652097,
17.531679, 115.33682, 2.0429375, 106.44688, 81.724894,
17.544821, 114.10057, 2.0468444, 105.84792, 81.797860,
17.557949, 104.51097, 1.8973157, 105.25116, 81.870848,
17.571079, 110.24410, 2.0887990, 104.65771, 81.943945,
17.584200, 104.63335, 2.0120210, 104.06985, 82.017088,
17.597330, 104.61762, 2.1248979, 103.48855, 82.090385,
17.610451, 98.919638, 2.1074581, 102.91643, 82.163731,
17.623569, 101.80580, 2.0857689, 102.35497, 82.237170,
17.636690, 105.14012, 2.3240711, 101.80580, 82.310726,
17.649799, 97.844418, 2.2306119, 101.27094, 82.384325,
17.662910, 103.18605, 2.6652242, 100.74989, 82.458044,
17.676029, 115.48243, 3.2512675, 100.24215, 82.531916,
17.689131, 116.76427, 3.8747847, 99.748380, 82.605804,
17.702240, 119.50770, 2.8537961, 99.267376, 82.679849,
17.715349, 107.03456, 3.6760146, 98.799166, 82.754011,
17.728451, 107.07693, 3.8292638, 98.343762, 82.828246,
17.741550, 110.53815, 2.6902881, 97.900709, 82.902591,
17.754641, 103.70495, 1.8748883, 97.470015, 82.977002,
17.767740, 113.81183, 2.2987341, 97.050826, 83.051591,
17.780830, 110.29255, 1.9216190, 96.643536, 83.126251,
17.793921, 112.88412, 1.9850672, 96.247623, 83.201038,
17.807011, 111.83062, 1.8865704, 95.862884, 83.275954,
17.820101, 110.83828, 1.9851762, 95.489123, 83.351002,
17.833179, 107.04590, 1.9826322, 95.126464, 83.426116,
17.846270, 100.14417, 1.9434835, 94.774090, 83.501432,
17.859341, 98.188719, 1.8331015, 94.432638, 83.576774,
17.872419, 102.87822, 2.0295274, 94.101229, 83.652300,
17.885500, 102.93241, 2.0807959, 93.779857, 83.727979,
17.898569, 110.30725, 2.3940173, 93.468685, 83.803735,
17.911640, 104.41592, 2.0657412, 93.167236, 83.879648,
17.924709, 90.801521, 2.0967244, 92.875454, 83.955698,
17.937780, 95.587049, 4.0843660, 92.593119, 84.031909,
17.941250, 96.150560, 1.9482490, 92.519756, 84.052164,
17.955721, 102.80678, 1.8432514, 92.220819, 84.136762,
17.970181, 97.963552, 1.8962482, 91.933371, 84.221484,
17.984650, 89.561850, 1.7217774, 91.656837, 84.306457,
17.999109, 94.740467, 1.7036498, 91.391432, 84.391571,
18.013571, 84.840918, 1.8945417, 91.136800, 84.476898,
18.028021, 93.023947, 1.7903666, 90.893033, 84.562362,
18.042480, 98.172607, 1.8317803, 90.659654, 84.648090,
18.056931, 98.159445, 1.8164669, 90.436857, 84.733974,
18.071381, 92.133623, 1.7819040, 90.224379, 84.820072,
18.085819, 87.709347, 1.7587710, 90.022278, 84.906322,
18.100269, 89.648178, 1.9095847, 89.830144, 84.992862,
18.114710, 91.661945, 1.9847811, 89.648178, 85.079572,
18.129150, 89.364868, 1.8615606, 89.476130, 85.166512,
18.143579, 87.448978, 1.7687531, 89.313830, 85.253617,
18.158020, 90.403309, 1.6919932, 89.160687, 85.341029,
18.172449, 91.161421, 1.8040908, 89.016621, 85.428614,
18.186880, 88.988014, 1.9358272, 88.881169, 85.516457,
18.201300, 87.876795, 2.1471401, 88.754140, 85.604481,
18.215719, 88.823483, 1.8422408, 88.635116, 85.692759,
18.230150, 91.367409, 1.6327281, 88.523716, 85.781366,
18.244560, 92.080858, 1.4229491, 88.419890, 85.870108,
18.258980, 88.728233, 1.5211797, 88.323124, 85.959177,
18.273390, 92.716234, 1.6939877, 88.233266, 86.048458,
18.287800, 86.385241, 1.6578511, 88.149975, 86.138017,
18.302210, 87.844852, 1.5670362, 88.072981, 86.227857,
18.316620, 90.489393, 1.5071179, 88.002021, 86.317984,
18.331020, 82.727221, 1.6258279, 87.936875, 86.408343,
18.345421, 89.699768, 1.5693732, 87.877240, 86.498997,
18.359819, 89.074217, 1.5833919, 87.822872, 86.589941,
18.374210, 89.486155, 1.7297335, 87.773542, 86.681143,
18.388611, 88.331841, 1.7725304, 87.728949, 86.772716,
18.403000, 84.859917, 1.7413747, 87.688920, 86.864534,
18.417379, 87.949678, 1.7183718, 87.653204, 86.956612,
18.431770, 86.909613, 1.6863884, 87.621518, 87.049091,
18.446150, 95.136051, 1.6499861, 87.593686, 87.141830,
18.460529, 89.251383, 1.9897134, 87.569456, 87.234907,
18.474911, 87.516178, 1.7661574, 87.548604, 87.328341,
18.489281, 83.793360, 1.6971386, 87.530925, 87.422050,
18.503660, 87.685715, 1.6440110, 87.516178, 87.516178,
18.518030, 87.340672, 1.5032486, 87.504212, 87.610603,
18.532391, 92.384466, 1.5271983, 87.495034, 87.705321,
18.546761, 88.808422, 5.5467910, 87.488690, 87.800451,
18.561119, 91.996143, 1.5683396, 87.485251, 87.895848,
18.575480, 102.68324, 2.4308860, 87.484774, 87.991594,
18.589840, 88.400358, 1.6368232, 87.487325, 88.087671,
18.604191, 92.938423, 1.5495090, 87.492968, 88.184009,
18.618549, 92.458868, 1.5993362, 87.501780, 88.280717,
18.632900, 90.923803, 1.5632809, 87.513824, 88.377687,
18.647240, 87.580034, 1.6681844, 87.529165, 88.474887,
18.661591, 91.485422, 1.8106973, 87.547906, 88.572466,
18.675930, 90.610497, 1.9128518, 87.570098, 88.670264,
18.690269, 91.953171, 1.8711484, 87.595836, 88.768352,
18.704611, 98.309763, 8.4864964, 87.625212, 88.866740,
18.718941, 93.837135, 1.7754557, 87.658281, 88.965329,
18.733271, 88.949070, 1.7645068, 87.695159, 89.064194,
18.747601, 84.795788, 1.7823957, 87.735937, 89.163328,
18.761930, 98.510607, 2.0226701, 87.780715, 89.262729,
18.776260, 97.060484, 2.0494302, 87.829592, 89.362390,
18.790581, 98.004526, 1.9115494, 87.882635, 89.462240,
18.804899, 96.402933, 1.6849697, 87.939973, 89.562328,
18.819220, 97.833794, 1.7147198, 88.001732, 89.662675,
18.833530, 97.030327, 1.7900097, 88.067971, 89.763197,
18.847839, 99.706413, 1.7050250, 88.138838, 89.863943,
18.862150, 99.548223, 1.9293961, 88.214470, 89.964936,
18.876459, 107.86808, 1.9513188, 88.294972, 90.066143,
18.890770, 105.71212, 2.0403413, 88.380491, 90.167588,
18.905069, 105.86527, 1.9378668, 88.471075, 90.269172,
18.919371, 101.34981, 1.9475764, 88.566938, 90.370985,
18.933670, 107.92950, 2.1714936, 88.668193, 90.472997,
18.947960, 103.79295, 2.5023982, 88.774922, 90.575148,
18.962250, 99.445456, 2.4194424, 88.887338, 90.677502,
18.976540, 108.89345, 2.6002207, 89.005594, 90.780057,
18.990829, 115.59505, 2.5697539, 89.129843, 90.882807,
19.005119, 106.24500, 2.4275430, 89.260247, 90.985750,
19.019400, 104.52615, 2.2502925, 89.396879, 91.088813,
19.033680, 104.62332, 2.1235412, 89.539991, 91.192060,
19.047960, 95.071705, 2.4304173, 89.689759, 91.295489,
19.062229, 102.40072, 2.7197240, 89.846235, 91.399013,
19.076500, 101.57323, 2.9122810, 90.009743, 91.502724,
19.090771, 96.682270, 2.5826581, 90.180451, 91.606606,
19.105040, 94.211401, 2.2787160, 90.358532, 91.710642,
19.119310, 98.899466, 3.5190553, 90.544234, 91.814856,
19.133570, 99.778955, 2.1463985, 90.737582, 91.919146,
19.147829, 94.848383, 2.1825662, 90.938934, 92.023595,
19.162090, 100.69710, 2.6138724, 91.148539, 92.128211,
19.176340, 100.49553, 2.8236820, 91.366415, 92.232895,
19.190599, 95.161680, 2.7814723, 91.593112, 92.337797,
19.204849, 89.255035, 2.6229572, 91.828566, 92.442774,
19.219101, 94.942675, 2.5574767, 92.073202, 92.547906,
19.233339, 92.863859, 3.5681540, 92.326999, 92.653080,
19.247580, 92.117401, 2.6752190, 92.590474, 92.758403,
19.261820, 94.879892, 2.9490701, 92.863859, 92.863859,
19.276060, 85.178173, 3.2652625, 93.147428, 92.969446,
19.290300, 93.731184, 3.5106603, 93.441460, 93.075160,
19.304529, 92.787590, 2.9284793, 93.745995, 93.180914,
19.318760, 98.357637, 3.0619524, 94.061604, 93.286805,
19.332991, 101.47902, 3.3241625, 94.388550, 93.392814,
19.347219, 83.341341, 3.0154111, 94.727101, 93.498927,
19.361441, 88.983833, 3.0939437, 95.077431, 93.605096,
19.375660, 89.576647, 3.6843276, 95.439998, 93.711362,
19.389879, 93.291618, 2.9914553, 95.815188, 93.817738,
19.404100, 108.40998, 3.0360861, 96.203404, 93.924234,
19.418310, 107.91053, 3.2403190, 96.604625, 94.030748,
19.432520, 91.234680, 3.8327916, 97.019529, 94.137364,
