# wave, flux, fluxerr, continuum, continuum_plateau
9.9725246, 57.112623, 1.5235363, 57.058331, 57.045388,
9.9806166, 53.006535, 1.9178558, 56.347833, 56.339156,
9.9887066, 55.401560, 1.5060339, 55.651674, 55.646316,
9.9967957, 46.061248, 1.2924594, 54.969938, 54.967032,
10.004880, 53.013545, 1.3976137, 54.303110, 54.301866,
10.012970, 49.534841, 1.4362037, 53.650511, 53.650212,
10.021050, 47.640408, 1.2125945, 53.013545, 53.013545,
10.029140, 53.185020, 1.2468373, 52.390899, 52.390622,
10.037220, 51.919749, 1.4414019, 51.784304, 51.783240,
10.045300, 57.476752, 1.2202220, 51.193139, 51.190843,
10.053380, 50.078065, 1.4039844, 50.617536, 50.613626,
10.061460, 54.220097, 1.1896109, 50.057836, 50.051986,
10.069540, 52.366416, 1.2932255, 49.514113, 49.506056,
10.077610, 55.961705, 1.0906323, 48.987321, 48.976847,
10.085690, 56.707948, 1.3154572, 48.476365, 48.463308,
10.093760, 58.412017, 1.5054478, 47.982668, 47.966921,
10.101830, 59.834727, 1.2870380, 47.505842, 47.487338,
10.109900, 51.369234, 1.2213750, 47.046059, 47.024778,
10.117970, 52.788469, 1.3426074, 46.603659, 46.579620,
10.126040, 55.378112, 1.2800990, 46.178823, 46.152085,
10.134100, 52.281165, 1.2306819, 45.772305, 45.742966,
10.142170, 52.862585, 1.2041186, 45.383293, 45.351478,
10.150230, 48.847743, 1.5128434, 45.013001, 44.978871,
10.158300, 52.218535, 1.2465190, 44.660806, 44.624545,
10.166360, 53.670271, 1.1615228, 44.327835, 44.289657,
10.174420, 57.378477, 1.3943732, 44.013842, 43.973980,
10.182470, 52.002749, 1.3741977, 43.719504, 43.678213,
10.190530, 50.261516, 1.5421785, 43.444355, 43.401902,
10.198590, 48.887370, 1.1262128, 43.189000, 43.145668,
10.206640, 47.676888, 1.3259104, 42.954046, 42.910127,
10.214690, 46.574405, 1.3828878, 42.739430, 42.695225,
10.222750, 45.598829, 1.1511035, 42.545223, 42.501037,
10.230800, 50.680244, 1.4157325, 42.372178, 42.328315,
10.238850, 46.203971, 1.3321088, 42.220350, 42.177116,
10.246890, 52.856915, 1.2854242, 42.090185, 42.047876,
10.254940, 46.062409, 1.3158962, 41.981683, 41.940590,
10.262990, 54.113950, 1.3878596, 41.895323, 41.855725,
10.271030, 49.648326, 1.4035286, 41.831487, 41.793647,
10.279070, 47.523211, 1.2089140, 41.790386, 41.754548,
10.287120, 50.268542, 1.3979619, 41.772332, 41.738724,
10.295150, 41.451563, 1.5101884, 41.777686, 41.746500,
10.303190, 49.601740, 1.6147639, 41.806767, 41.778177,
10.311230, 48.008232, 1.2044547, 41.859921, 41.834064,
10.319270, 48.256618, 1.2683077, 41.937511, 41.914490,
10.327300, 45.252138, 1.5286524, 42.039741, 42.019615,
10.335340, 44.934053, 1.4777383, 42.167223, 42.150016,
10.343370, 45.232432, 1.4622143, 42.320044, 42.305726,
10.351400, 48.938790, 1.7297896, 42.498677, 42.487170,
10.359430, 46.644690, 1.9836153, 42.703519, 42.694692,
10.367460, 37.879060, 1.6202272, 42.934957, 42.928619,
10.375480, 41.329952, 1.5183708, 43.193028, 43.188924,
10.383510, 42.136345, 1.3500660, 43.478806, 43.476620,
10.391530, 43.473399, 1.5517990, 43.791989, 43.791329,
10.399560, 47.006937, 1.4481467, 44.133733, 44.134138,
10.407580, 45.330795, 1.2302979, 44.503646, 44.504570,
10.415600, 48.073518, 1.2140690, 44.902491, 44.903310,
10.423620, 42.434410, 1.4560468, 45.330795, 45.330795,
10.431640, 41.836484, 1.4290743, 45.788655, 45.787061,
10.439650, 45.834618, 1.2663164, 46.274763, 46.270861,
10.447670, 49.134440, 1.2851906, 46.789347, 46.782498,
10.455680, 51.261106, 1.2765594, 47.330077, 47.319726,
10.463700, 47.950701, 1.1786766, 47.897388, 47.883048,
10.471710, 49.567761, 1.3198673, 48.488825, 48.470087,
10.479720, 54.174027, 1.5376287, 49.104147, 49.080663,
10.487730, 46.531220, 1.2996248, 49.742395, 49.713881,
10.495730, 50.575106, 1.4254542, 50.401816, 50.368053,
10.503740, 47.660687, 1.4324758, 51.083035, 51.043846,
10.511750, 56.138257, 1.7060318, 51.784334, 51.739601,
10.519750, 62.516958, 1.8016810, 52.503819, 52.453482,
10.527750, 52.374520, 1.7781831, 53.241553, 53.185589,
10.535750, 60.260295, 2.9701756, 53.996526, 53.934958,
10.543750, 66.281139, 1.6696557, 54.767722, 54.700613,
10.551750, 55.784360, 2.5687139, 55.554406, 55.481857,
10.559750, 56.729571, 1.7092996, 56.355476, 56.277626,
10.567850, 64.897305, 1.2827265, 57.180490, 57.097449,
10.576350, 60.278595, 1.3699440, 58.060130, 57.971869,
10.584840, 63.795321, 1.2350441, 58.951855, 58.858648,
10.593340, 64.698199, 1.7469442, 59.856789, 59.758931,
10.601830, 62.342655, 1.2091416, 60.771621, 60.669452,
10.610330, 68.243192, 1.5172623, 61.697538, 61.591418,
10.618820, 63.520790, 1.4039991, 62.631289, 62.521614,
10.627310, 66.763950, 1.1807725, 63.572734, 63.459926,
10.635800, 64.851051, 1.1630836, 64.521020, 64.405523,
10.644280, 68.921719, 11.008546, 65.473797, 65.356083,
10.652770, 65.685894, 1.1358601, 66.432253, 66.312814,
10.661250, 65.158526, 1.1864680, 67.393177, 67.272531,
10.669740, 65.351593, 1.2086266, 68.357672, 68.236358,
10.678220, 71.575785, 1.4116984, 69.322515, 69.201095,
10.686700, 69.676231, 1.2733020, 70.287735, 70.166791,
10.695180, 74.115458, 1.3360795, 71.252276, 71.132413,
10.703650, 75.069733, 1.2315914, 72.214002, 72.095845,
10.712130, 73.431017, 1.3994409, 73.173917, 73.058116,
10.720600, 80.105839, 1.2753579, 74.129025, 74.016249,
10.729080, 72.425604, 1.3935367, 75.080312, 74.971260,
10.737550, 76.424311, 1.3024820, 76.024476, 75.919863,
10.746020, 81.676758, 1.4540076, 76.961747, 76.862318,
10.754490, 82.878658, 1.2929856, 77.890856, 77.797382,
10.762960, 83.743162, 1.3013993, 78.810952, 78.724234,
10.771420, 79.107353, 1.3843898, 79.719645, 79.640501,
10.779890, 81.715807, 1.4649435, 80.618330, 80.547632,
10.788350, 83.385979, 1.3093131, 81.503611, 81.442242,
10.796810, 81.269621, 1.4333535, 82.375542, 82.324430,
10.805270, 87.783363, 1.7170505, 83.233051, 83.193162,
10.813730, 86.499737, 1.4712973, 84.075063, 84.047405,
10.822190, 79.252716, 1.4540923, 84.900498, 84.886121,
10.830650, 78.517899, 1.5656376, 85.708273, 85.708273,
10.839100, 85.708273, 1.7503800, 86.496566, 86.512044,
10.847560, 86.134024, 1.4892172, 87.267412, 87.299432,
10.856010, 92.592138, 1.6540734, 88.019288, 88.068782,
10.864460, 93.858046, 1.7403809, 88.753293, 88.821116,
10.872910, 93.110531, 1.8552963, 89.469807, 89.556727,
10.881360, 95.885065, 1.7989987, 90.169201, 90.275902,
10.889800, 99.717030, 1.7997083, 90.850841, 90.977896,
10.898250, 107.63757, 2.0297209, 91.516631, 91.664582,
10.906690, 101.86374, 2.2461679, 92.165343, 92.334607,
10.915140, 109.55837, 1.9300721, 92.798789, 92.989758,
10.923580, 121.70070, 2.5927886, 93.415662, 93.628606,
10.932020, 116.22315, 2.5981212, 94.017025, 94.252167,
10.940460, 122.69243, 2.2817912, 94.603135, 94.860635,
10.948890, 131.85053, 2.4527211, 95.173549, 95.453474,
10.957330, 127.75612, 3.0031394, 95.729938, 96.032349,
10.965760, 148.93260, 1.8727502, 96.271225, 96.596073,
10.974200, 172.87935, 2.0060850, 96.798880, 97.146108,
10.982630, 189.73810, 2.0696343, 97.311893, 97.681338,
10.991060, 200.04957, 2.1938589, 97.811219, 98.202696,
10.999490, 200.31772, 2.3832827, 98.296978, 98.710249,
11.007920, 200.01085, 3.0810897, 98.769507, 99.204291,
11.016340, 198.49292, 1.9648944, 99.228413, 99.684355,
11.024770, 193.09903, 2.0786532, 99.675010, 100.15176,
11.033190, 194.97560, 2.1902483, 100.10851, 100.60564,
11.041610, 186.76617, 2.1635901, 100.52963, 101.04668,
11.050030, 182.06728, 2.0638240, 100.93858, 101.47508,
11.058450, 189.65560, 2.1501297, 101.33558, 101.89100,
11.066870, 188.03820, 5.7163451, 101.72083, 102.29461,
11.075290, 168.99867, 1.8477803, 102.09452, 102.68609,
11.083700, 168.13695, 2.0426983, 102.45646, 103.06518,
11.092120, 173.04910, 2.1386747, 102.80765, 103.43291,
11.100530, 167.78672, 2.6550563, 103.14747, 103.78857,
11.108940, 174.39762, 2.1371805, 103.47657, 104.13283,
11.117350, 173.53600, 3.3111263, 103.79506, 104.46578,
11.120570, 179.62012, 2.5382339, 103.91428, 104.59033,
11.129530, 185.44915, 1.9603007, 104.23802, 104.92836,
11.138500, 193.58177, 2.6601653, 104.55062, 105.25442,
11.147460, 207.00828, 1.9324266, 104.85158, 105.56794,
11.156430, 238.70305, 2.1016592, 105.14181, 105.86984,
11.165390, 264.69215, 2.0280458, 105.42084, 106.15961,
11.174350, 310.33160, 2.1173602, 105.68920, 106.43781,
11.183300, 372.90492, 2.4165668, 105.94685, 106.70434,
11.192260, 426.94433, 2.5654249, 106.19451, 106.95995,
11.201220, 461.99187, 2.5432950, 106.43211, 107.20455,
11.210170, 461.35332, 2.5342331, 106.65960, 107.43807,
11.219120, 467.19873, 2.6477041, 106.87743, 107.66097,
11.228070, 457.22372, 2.5966442, 107.08577, 107.87342,
11.237020, 454.94665, 2.4404137, 107.28480, 108.07559,
11.245970, 457.02850, 2.4643205, 107.47472, 108.26770,
11.254920, 438.87325, 2.4990077, 107.65571, 108.44990,
11.263860, 428.06183, 2.4485152, 107.82772, 108.62217,
11.272800, 413.40938, 2.3070912, 107.99117, 108.78493,
11.281750, 399.86230, 2.3146256, 108.14636, 108.93848,
11.290690, 377.63260, 2.3535794, 108.29314, 109.08269,
11.299630, 359.55047, 2.2724532, 108.43182, 109.21787,
11.308560, 340.78082, 2.3741386, 108.56245, 109.34409,
11.317500, 315.83978, 2.1332902, 108.68545, 109.46177,
11.326430, 296.77522, 2.1690741, 108.80073, 109.57085,
11.335370, 283.50710, 2.5656800, 108.90867, 109.67172,
11.344300, 262.96680, 2.4148062, 109.00921, 109.76433,
11.353230, 255.96680, 1.9444731, 109.10260, 109.84896,
11.362160, 246.00262, 1.9977479, 109.18899, 109.92576,
11.371080, 230.85512, 1.9252622, 109.26846, 109.99486,
11.380010, 219.01972, 1.8118948, 109.34130, 110.05655,
11.388930, 213.30418, 1.9938169, 109.40752, 110.11086,
11.397850, 205.07898, 1.9451154, 109.46731, 110.15802,
11.406780, 198.75045, 1.9648685, 109.52089, 110.19824,
11.415700, 186.88873, 8.4996962, 109.56825, 110.23159,
11.424610, 178.29327, 1.7749217, 109.60956, 110.25824,
11.433530, 173.56295, 1.8570923, 109.64504, 110.27842,
11.442450, 173.83508, 1.8987981, 109.67476, 110.29225,
11.451360, 164.43703, 1.8047419, 109.69884, 110.29988,
11.460270, 162.64980, 1.8818673, 109.71742, 110.30149,
11.469180, 154.72787, 1.9819075, 109.73065, 110.29723,
11.478090, 144.90170, 1.8338704, 109.73863, 110.28725,
11.487000, 146.00053, 1.8626686, 109.74148, 110.27172,
11.495910, 148.15775, 1.9008870, 109.73933, 110.25078,
11.504810, 138.06483, 2.0464064, 109.73231, 110.22461,
11.513710, 135.28253, 1.9627326, 109.72052, 110.19335,
11.522620, 130.39638, 2.0026512, 109.70407, 110.15711,
11.531520, 132.02097, 2.0076634, 109.68310, 110.11612,
11.540420, 126.45848, 2.0592046, 109.65771, 110.07049,
11.549310, 118.49987, 2.2050118, 109.62804, 110.02042,
11.558210, 120.11342, 2.0139534, 109.59413, 109.96595,
11.567100, 115.59480, 2.0602753, 109.55618, 109.90737,
11.576000, 125.67930, 2.1950326, 109.51419, 109.84466,
11.584890, 131.56017, 2.3555472, 109.46837, 109.77814,
11.593780, 115.78422, 2.0057531, 109.41878, 109.70788,
11.602670, 115.83375, 2.1813568, 109.36552, 109.63402,
11.611560, 105.78363, 2.5500463, 109.30869, 109.55670,
11.620440, 119.03452, 2.3008761, 109.24847, 109.47617,
11.629330, 113.29382, 2.4577807, 109.18480, 109.39239,
11.638210, 118.23503, 2.4859776, 109.11794, 109.30568,
11.647090, 118.41250, 6.6869642, 109.04792, 109.21612,
11.655970, 116.21912, 2.8702521, 108.97483, 109.12383,
11.664850, 109.53518, 2.1257253, 108.89876, 109.02895,
11.673730, 111.87635, 1.4306617, 108.81981, 108.93165,
11.682600, 115.06650, 1.6421028, 108.73817, 108.83216,
11.691480, 109.21297, 1.6165492, 108.65374, 108.73041,
11.700350, 113.92400, 2.0122686, 108.56681, 108.62676,
11.709220, 117.83265, 9.0760937, 108.47738, 108.52124,
11.718090, 107.31005, 5.3933129, 108.38552, 108.41401,
11.726960, 100.85719, 1.7710101, 108.29134, 108.30519,
11.735830, 108.45802, 1.9785222, 108.19492, 108.19492,
11.744690, 108.19492, 2.0967220, 108.09647, 108.08347,
11.753560, 109.38963, 2.2074197, 107.99580, 107.97062,
11.762420, 100.96583, 1.8415482, 107.89322, 107.85667,
11.771280, 114.83045, 3.1170683, 107.78864, 107.74149,
11.775020, 108.90940, 1.4955885, 107.74393, 107.69253,
11.784500, 114.27007, 1.5345714, 107.62905, 107.56748,
11.793980, 113.32287, 1.5504124, 107.51207, 107.44114,
11.803460, 117.81625, 1.8690248, 107.39301, 107.31352,
11.812940, 111.26247, 1.3350056, 107.27198, 107.18470,
11.822420, 123.54848, 1.5679948, 107.14901, 107.05467,
11.831890, 114.93695, 1.5293378, 107.02431, 106.92364,
11.841360, 120.92947, 1.8576529, 106.89780, 106.79150,
11.850840, 124.74223, 1.4497397, 106.76943, 106.65814,
11.860310, 125.79393, 1.4615380, 106.63949, 106.52388,
11.869770, 124.63065, 1.3893017, 106.50807, 106.38874,
11.879240, 127.10143, 1.4272983, 106.37494, 106.25250,
11.888710, 127.04180, 1.3621640, 106.24031, 106.11532,
11.898170, 128.33100, 1.4019333, 106.10436, 105.97738,
11.907630, 129.11248, 1.4513293, 105.96704, 105.83858,
11.917090, 121.29537, 1.4698480, 105.82837, 105.69894,
11.926550, 130.71402, 1.3904272, 105.68843, 105.55852,
11.936010, 132.19500, 1.4153827, 105.54725, 105.41733,
11.945470, 125.41292, 1.4080881, 105.40492, 105.27542,
11.954920, 125.30535, 1.3486029, 105.26162, 105.13296,
11.964370, 131.88070, 1.4930668, 105.11726, 104.98985,
11.973830, 131.62743, 1.5649405, 104.97174, 104.84595,
11.983280, 123.14747, 2.0500306, 104.82542, 104.70162,
11.992720, 126.15360, 1.5175586, 104.67837, 104.55690,
12.002170, 124.54845, 1.3929347, 104.53031, 104.41149,
12.011610, 126.67803, 1.3644368, 104.38161, 104.26574,
12.021060, 124.29580, 1.4167239, 104.23202, 104.11940,
12.030500, 115.99425, 1.3289801, 104.08189, 103.97277,
12.039940, 117.23212, 1.2768088, 103.93114, 103.82578,
12.049380, 115.26940, 1.2846678, 103.77979, 103.67842,
12.058820, 117.88417, 1.3117821, 103.62792, 103.53075,
12.068250, 117.49603, 1.4004800, 103.47573, 103.38295,
12.077690, 117.11575, 1.6265203, 103.32293, 103.23472,
12.087120, 113.51245, 1.3650384, 103.16992, 103.08645,
12.096550, 108.54620, 1.3941051, 103.01658, 102.93798,
12.105980, 115.80530, 1.5089029, 102.86296, 102.78936,
12.115410, 111.77962, 1.4501606, 102.70911, 102.64062,
12.124830, 112.39588, 1.4573764, 102.55524, 102.49195,
12.134260, 115.35515, 1.4519706, 102.40108, 102.34306,
12.143680, 110.81030, 1.7329461, 102.24702, 102.19432,
12.153100, 113.98072, 1.5626364, 102.09291, 102.04558,
12.162520, 116.94147, 1.7668936, 101.93882, 101.89688,
12.171940, 102.67815, 1.5718548, 101.78481, 101.74828,
12.181360, 103.11998, 1.5207358, 101.63091, 101.59976,
12.190770, 105.84500, 1.6409501, 101.47735, 101.45156,
12.200180, 105.42130, 1.7914983, 101.32401, 101.30353,
12.209600, 102.49670, 1.5896366, 101.17076, 101.15554,
12.219010, 100.45856, 1.6828107, 101.01801, 101.00796,
12.228420, 99.371502, 1.8718956, 100.86562, 100.86066,
12.237820, 103.40596, 2.1764690, 100.71382, 100.71382,
12.247230, 100.71382, 1.7254575, 100.56231, 100.56716,
12.256630, 117.54150, 2.0103501, 100.41141, 100.42096,
12.266040, 142.63700, 2.2560251, 100.26078, 100.27492,
12.275440, 254.17720, 2.7191426, 100.11071, 100.12931,
12.284840, 210.90740, 2.4193444, 99.961059, 99.983997,
12.294230, 117.11350, 2.2236570, 99.811916, 99.839066,
12.303630, 109.01755, 2.6794515, 99.662993, 99.694239,
12.313030, 111.56910, 2.1952140, 99.514395, 99.549618,
12.322420, 123.47290, 2.6153321, 99.366283, 99.405362,
12.331810, 112.91080, 1.8463339, 99.218475, 99.261293,
12.341200, 113.03453, 1.4055702, 99.070952, 99.117394,
12.350590, 119.37288, 1.6745163, 98.923697, 98.973647,
12.359980, 118.01908, 1.6842514, 98.776692, 98.830037,
12.369360, 117.58377, 1.7140116, 98.630069, 98.686693,
12.378750, 118.83817, 1.8492069, 98.483513, 98.543306,
12.388130, 123.99212, 1.7356968, 98.337304, 98.400151,
12.397510, 123.91075, 1.7563119, 98.191291, 98.257080,
12.406890, 122.98537, 1.8281064, 98.045427, 98.114048,
12.416270, 125.52458, 1.8819942, 97.899711, 97.971053,
12.425640, 127.62730, 2.0173659, 97.754287, 97.828238,
12.435020, 129.83225, 1.8948791, 97.608813, 97.685267,
12.444390, 128.84077, 2.0231525, 97.463599, 97.542443,
12.453760, 130.07430, 1.8482172, 97.318463, 97.399589,
12.463130, 123.12390, 1.7410547, 97.173391, 97.256690,
12.472500, 132.24047, 2.0551101, 97.028365, 97.113728,
12.481870, 144.33765, 2.2723876, 96.883367, 96.970688,
12.489420, 140.37087, 1.6401302, 96.766538, 96.855357,
12.499490, 143.44770, 1.9407017, 96.610719, 96.701427,
12.509550, 147.58010, 1.6739916, 96.455027, 96.547498,
12.519610, 150.23788, 1.5893125, 96.299291, 96.393402,
12.529670, 154.07710, 1.5729760, 96.143508, 96.239134,
12.539730, 154.89590, 1.5650137, 95.987626, 96.084644,
12.549780, 161.07862, 1.7402829, 95.831802, 95.930088,
12.559840, 157.61925, 1.5908914, 95.675690, 95.775122,
12.569890, 159.15175, 1.4566976, 95.519595, 95.620049,
12.579940, 154.86558, 1.4761288, 95.363334, 95.464687,
12.589990, 167.11213, 1.6492104, 95.206885, 95.309015,
12.600040, 172.98843, 1.5408837, 95.050212, 95.152998,
12.610090, 175.13515, 1.4964707, 94.893325, 94.996644,
12.620130, 177.68147, 2.0543758, 94.736352, 94.840082,
12.630170, 181.18417, 1.5805766, 94.579092, 94.683114,
12.640210, 187.36627, 1.5575121, 94.421540, 94.525732,
12.650250, 186.37908, 1.5201661, 94.263674, 94.367916,
12.660290, 191.76588, 1.5088731, 94.105488, 94.209661,
12.670330, 196.16953, 1.5473025, 93.946930, 94.050915,
12.680360, 200.48660, 1.5973107, 93.788159, 93.891839,
12.690390, 212.89890, 1.6088650, 93.628989, 93.732246,
12.700420, 214.85828, 1.5970175, 93.469381, 93.572100,
12.710450, 215.45175, 1.6308573, 93.309345, 93.411409,
12.720480, 215.28340, 1.6085993, 93.148843, 93.250138,
12.730500, 220.75250, 2.0329349, 92.988006, 93.088419,
12.740530, 218.82938, 1.7046573, 92.826505, 92.925923,
12.750550, 207.18075, 1.4930587, 92.664623, 92.762937,
12.760570, 202.60697, 1.5456923, 92.502202, 92.599301,
12.770590, 205.90565, 1.6220336, 92.339186, 92.434963,
12.780610, 198.31310, 1.5016509, 92.175567, 92.269916,
12.790620, 195.47913, 1.6464048, 92.011494, 92.104312,
12.800640, 192.27505, 1.5333966, 91.846600, 91.937782,
12.810650, 193.51250, 1.5245085, 91.681206, 91.770653,
12.820660, 182.31595, 1.4967678, 91.515114, 91.602728,
12.830670, 165.18195, 1.4158327, 91.348285, 91.433970,
12.840680, 158.07288, 1.4318785, 91.180725, 91.264388,
12.850680, 146.43143, 1.3779853, 91.012555, 91.094106,
12.860690, 141.37807, 1.3922087, 90.843428, 90.922777,
12.870690, 132.19710, 1.3968705, 90.673642, 90.750705,
12.880690, 123.37922, 1.2477586, 90.503024, 90.577721,
12.890690, 119.15085, 1.3772169, 90.331518, 90.403768,
12.900680, 115.64877, 1.3064087, 90.159293, 90.229025,
12.910680, 110.62588, 1.3082540, 89.985962, 90.053102,
12.920670, 105.70547, 1.3626691, 89.811860, 89.876343,
12.930670, 103.13355, 1.2264018, 89.636595, 89.698354,
12.940660, 99.418224, 1.2764190, 89.460490, 89.519469,
12.950640, 97.853661, 1.4207807, 89.283552, 89.339700,
12.960630, 96.621305, 1.5732102, 89.105349, 89.158613,
12.970620, 97.506475, 1.3143346, 88.926069, 88.976405,
12.980600, 97.945595, 1.2911860, 88.745841, 88.793211,
12.990580, 95.185019, 1.3915781, 88.564480, 88.608851,
13.000560, 84.738655, 1.3347920, 88.381921, 88.423266,
13.010540, 90.385757, 1.4347997, 88.198152, 88.236448,
13.020520, 85.151371, 1.4449109, 88.013142, 88.048373,
13.030490, 86.768435, 1.4815038, 87.827055, 87.859216,
13.040470, 80.827469, 1.4880360, 87.639468, 87.668553,
13.050440, 87.005260, 1.6359499, 87.450742, 87.476760,
13.060410, 86.221931, 1.5585594, 87.260649, 87.283612,
13.070380, 87.678186, 1.4313919, 87.069137, 87.089065,
13.080350, 86.785290, 1.7240790, 86.876207, 86.893130,
13.090310, 88.494802, 1.6328660, 86.681996, 86.695952,
13.100280, 88.369219, 1.8582889, 86.486095, 86.497127,
13.110240, 85.930616, 1.7958338, 86.288843, 86.297011,
13.120200, 85.421637, 1.6138108, 86.090019, 86.095385,
13.130160, 85.141079, 1.7675212, 85.889586, 85.892225,
13.140110, 86.397556, 1.4453148, 85.687719, 85.687719,
13.150070, 85.687719, 1.2222224, 85.483975, 85.481426,
13.160020, 81.304462, 1.1844367, 85.278834, 85.273829,
13.169980, 85.116333, 1.3048871, 85.071935, 85.064559,
13.179930, 83.958191, 1.2545562, 84.863782, 84.854123,
13.189870, 76.478683, 1.3998638, 84.654430, 84.642571,
13.199820, 79.723360, 1.4059478, 84.443544, 84.429562,
13.209770, 79.480490, 1.2718222, 84.231373, 84.215344,
13.219710, 84.042919, 1.2969029, 84.018229, 84.000231,
13.229650, 82.591818, 1.4145048, 83.803977, 83.784084,
13.239590, 77.209023, 1.3418575, 83.588642, 83.566926,
13.249530, 76.802645, 1.4471630, 83.372312, 83.348843,
13.259470, 75.040237, 1.1959049, 83.155050, 83.129899,
13.269410, 78.661186, 1.2899235, 82.936924, 82.910160,
13.279340, 77.554312, 1.5529165, 82.718229, 82.689923,
13.289270, 74.319401, 1.4012771, 82.498778, 82.468999,
13.299200, 81.762486, 1.4718455, 82.278679, 82.247496,
13.309130, 69.919279, 1.8015925, 82.057974, 82.025457,
13.318260, 81.731791, 1.7860977, 81.854552, 81.820869,
13.328980, 75.360237, 1.2957601, 81.615193, 81.580216,
13.339690, 82.992617, 1.2381437, 81.375585, 81.339397,
13.350400, 82.755342, 1.2121640, 81.135573, 81.098258,
13.361120, 79.976200, 1.2165037, 80.895002, 80.856641,
13.371830, 82.258112, 1.1803965, 80.654420, 80.615100,
13.382530, 83.678635, 1.1681203, 80.413886, 80.373694,
13.393240, 81.845463, 1.2789887, 80.173049, 80.132072,
13.403940, 80.587837, 1.2200932, 79.932419, 79.890744,
13.414650, 84.024141, 1.4631943, 79.691644, 79.649361,
13.425350, 84.664730, 1.1807158, 79.451231, 79.408432,
13.436050, 83.565256, 1.2604912, 79.211046, 79.167822,
13.446740, 85.739046, 1.3378392, 78.971401, 78.927846,
13.457440, 95.112440, 1.3468903, 78.731906, 78.688114,
13.468130, 90.459688, 1.2489837, 78.493108, 78.449175,
13.478830, 94.707890, 1.2953432, 78.254619, 78.210640,
13.489520, 95.861197, 1.3076748, 78.016985, 77.973058,
13.500200, 95.710348, 1.4174198, 77.780263, 77.736485,
13.510890, 98.009687, 1.2300285, 77.544110, 77.500578,
13.521570, 103.45605, 1.2369684, 77.309027, 77.265840,
13.532260, 105.25438, 1.2456891, 77.074675, 77.031931,
13.542940, 102.92665, 1.2248873, 76.841552, 76.799349,
13.553620, 104.85415, 1.3595182, 76.609531, 76.567966,
13.564290, 103.69890, 1.3187739, 76.378919, 76.338089,
13.574970, 99.031853, 1.2075898, 76.149344, 76.109345,
13.585640, 92.808569, 1.1457720, 75.921341, 75.882266,
13.596320, 95.458282, 1.1793895, 75.694543, 75.656487,
13.606990, 91.332212, 1.2164282, 75.469481, 75.432532,
13.617650, 96.171768, 1.2821153, 75.246214, 75.210460,
13.628320, 89.190510, 1.1530699, 75.024427, 74.989954,
13.638980, 88.951321, 1.2353891, 74.804602, 74.771491,
13.649650, 91.378120, 1.2381090, 74.586432, 74.554763,
13.660310, 85.256805, 1.3029201, 74.370394, 74.340240,
13.670970, 84.803772, 1.2844049, 74.156381, 74.127810,
13.681630, 88.023268, 1.2303304, 73.944480, 73.917557,
13.692280, 81.843378, 1.2352434, 73.734987, 73.709767,
13.702940, 77.973143, 1.1814718, 73.527578, 73.504117,
13.713590, 79.239286, 1.3876284, 73.322754, 73.301094,
13.724240, 79.932930, 1.2652896, 73.120383, 73.100562,
13.734890, 75.787323, 1.2796399, 72.920595, 72.902642,
13.745530, 76.980129, 1.2569515, 72.723641, 72.707575,
13.756180, 80.323343, 1.2376456, 72.529264, 72.515097,
13.766820, 75.303547, 1.3509456, 72.337907, 72.325638,
13.777460, 73.530218, 1.3588337, 72.149493, 72.139111,
13.788100, 69.822821, 1.1506583, 71.964121, 71.955604,
13.798740, 72.955708, 1.1697800, 71.781890, 71.775204,
13.809380, 72.783751, 1.3622896, 71.602918, 71.598014,
13.820010, 70.957943, 1.3956631, 71.427432, 71.424246,
13.830640, 73.090382, 1.3011384, 71.255405, 71.253858,
13.841270, 71.086910, 1.3129077, 71.086910, 71.086910,
13.851900, 66.276477, 1.2370746, 70.922056, 70.923497,
13.862530, 67.819977, 1.4664092, 70.760782, 70.763568,
13.873150, 72.683910, 1.6848203, 70.603155, 70.607204,
13.883780, 72.163628, 1.3870899, 70.448822, 70.454065,
13.894400, 70.697069, 1.3772414, 70.297988, 70.304369,
13.905020, 72.785088, 1.4510204, 70.150446, 70.157920,
13.915640, 72.801062, 1.4034737, 70.006129, 70.014660,
13.926250, 77.206547, 1.5762521, 69.865095, 69.874659,
13.936870, 74.286448, 1.5161936, 69.727041, 69.737621,
13.947480, 73.821604, 1.3843591, 69.592125, 69.603712,
13.958090, 76.013039, 1.5379041, 69.460186, 69.472778,
13.968700, 74.373699, 2.4548367, 69.331138, 69.344741,
13.979310, 74.983841, 1.9191697, 69.204947, 69.219570,
13.989910, 75.775909, 1.6796595, 69.081651, 69.097310,
14.000520, 68.757071, 1.6650000, 68.960973, 68.977687,
14.011120, 75.087978, 1.8699859, 68.843074, 68.860865,
14.021720, 75.762289, 1.7850046, 68.727790, 68.746683,
14.032320, 71.374399, 2.2545313, 68.615068, 68.635090,
14.042920, 70.991936, 1.9269760, 68.504854, 68.526034,
14.053510, 70.472298, 1.8917246, 68.397205, 68.419569,
14.064110, 74.168823, 2.1399751, 68.291855, 68.315436,
14.074700, 72.991568, 2.9083836, 68.188956, 68.213780,
14.085290, 72.700245, 2.5212822, 68.088373, 68.114466,
14.095870, 67.159826, 1.5962840, 67.990137, 68.017524,
14.106460, 73.318859, 1.2619738, 67.894024, 67.922729,
14.117040, 69.293648, 1.1913433, 67.800163, 67.830204,
14.127630, 71.523756, 1.5699980, 67.708332, 67.739727,
14.138210, 70.192617, 1.5828258, 67.618670, 67.651430,
14.148790, 80.776503, 1.6144586, 67.531042, 67.565174,
14.159370, 74.970699, 1.4717768, 67.445407, 67.480914,
14.169940, 77.300379, 1.5081965, 67.361806, 67.398682,
14.180520, 81.221161, 3.2229805, 67.280033, 67.318271,
14.182090, 76.579849, 1.4092289, 67.268061, 67.306500,
14.193560, 82.555626, 1.5178937, 67.181824, 67.221716,
14.205030, 75.994581, 1.3883610, 67.097726, 67.139042,
14.216500, 86.446892, 1.6528532, 67.015733, 67.058433,
14.227970, 86.461040, 1.8549795, 66.935792, 66.979827,
14.239430, 89.641068, 1.3791755, 66.857921, 66.903227,
14.250890, 77.197041, 1.1906105, 66.782016, 66.828520,
14.262350, 76.384787, 1.2426384, 66.708019, 66.755635,
14.273810, 78.275803, 1.3398543, 66.635894, 66.684524,
14.285270, 78.055254, 1.2422118, 66.565606, 66.615136,
14.296730, 71.261257, 0.99382973, 66.497103, 66.547407,
14.308180, 73.578289, 1.1260137, 66.430410, 66.481345,
14.319630, 73.761755, 1.1571288, 66.365425, 66.416836,
14.331080, 65.814866, 1.1255856, 66.302105, 66.353818,
14.342530, 67.322453, 1.2470582, 66.240423, 66.292250,
14.353970, 70.429390, 1.1119507, 66.180392, 66.232126,
14.365410, 68.819822, 1.0219489, 66.121914, 66.173333,
14.376860, 74.779352, 1.3009887, 66.064912, 66.115774,
14.388300, 69.013214, 1.3928376, 66.009448, 66.059493,
14.399730, 66.614965, 1.0983976, 65.955488, 66.004440,
14.411170, 65.362698, 1.1511834, 65.902901, 65.950461,
14.422600, 67.055624, 1.1283425, 65.851752, 65.897603,
14.434030, 64.826898, 1.0081376, 65.801960, 65.845765,
14.445460, 68.031815, 1.1220385, 65.753492, 65.794890,
14.456890, 63.557135, 1.0596325, 65.706324, 65.744938,
14.468320, 66.735550, 1.0248416, 65.660424, 65.695851,
14.479740, 62.269975, 1.1062576, 65.615800, 65.647620,
14.491160, 68.603382, 1.0755696, 65.572385, 65.600151,
14.502580, 65.331270, 1.0744144, 65.530155, 65.553400,
14.514000, 67.829454, 1.1336655, 65.489077, 65.507306,
14.525420, 65.694778, 1.2898649, 65.449127, 65.461825,
14.536830, 64.678742, 0.97220924, 65.410315, 65.416947,
14.548240, 62.505733, 0.99730934, 65.372580, 65.372580,
14.559650, 65.372580, 1.2777036, 65.335869, 65.328666,
14.571060, 61.191933, 1.0934718, 65.300049, 65.285147,
14.582470, 64.424357, 1.3681389, 65.264955, 65.241946,
14.593870, 63.226191, 1.1922332, 65.230453, 65.199029,
14.605270, 63.786889, 1.1952418, 65.196350, 65.156287,
14.616670, 61.378208, 1.0925059, 65.162490, 65.113655,
14.628070, 57.106735, 1.3314052, 65.128704, 65.071053,
14.639470, 58.954181, 1.1167850, 65.094834, 65.028415,
14.650860, 61.708884, 1.0951948, 65.060750, 64.985709,
14.662260, 63.091826, 1.1507804, 65.026229, 64.942785,
14.673650, 62.827815, 1.1400719, 64.991172, 64.899652,
14.685040, 62.258480, 1.2005871, 64.955382, 64.856195,
14.696420, 59.463929, 1.1810197, 64.918740, 64.812392,
14.707810, 57.444588, 1.0989781, 64.881007, 64.768084,
14.719190, 62.042680, 1.1014465, 64.842099, 64.723289,
14.730570, 61.417111, 1.3085997, 64.801810, 64.677887,
14.741950, 61.550767, 1.4120636, 64.759981, 64.631812,
14.753330, 64.673858, 1.1774795, 64.716448, 64.584993,
14.764700, 62.796457, 1.3411153, 64.671087, 64.537402,
14.776080, 58.948997, 1.2755764, 64.623648, 64.488879,
14.787450, 59.922643, 1.1252448, 64.574054, 64.439445,
14.798820, 64.592896, 1.3825505, 64.522093, 64.388981,
14.810190, 62.276998, 1.2376618, 64.467591, 64.337412,
14.821550, 60.204018, 1.1599492, 64.410437, 64.284720,
14.832920, 59.803639, 1.1910444, 64.350359, 64.230740,
14.844280, 60.956127, 1.5189162, 64.287286, 64.175490,
14.855640, 62.326572, 1.4370695, 64.220994, 64.118852,
14.866990, 62.298597, 1.2988995, 64.151374, 64.060809,
14.878350, 59.457027, 1.3209554, 64.078121, 64.001180,
14.889710, 65.089420, 1.2571516, 64.001119, 63.939944,
14.901060, 61.038234, 1.3606946, 63.920263, 63.877089,
14.912410, 66.811008, 1.2948641, 63.835303, 63.812483,
14.923760, 63.746047, 1.4832340, 63.746047, 63.746047,
14.935100, 57.786207, 1.2798178, 63.652581, 63.677825,
14.946450, 64.104049, 1.6063984, 63.555370, 63.607814,
14.957790, 57.919050, 1.3237474, 63.455423, 63.536327,
14.969130, 66.580057, 1.7291563, 63.353479, 63.463483,
14.980470, 63.393569, 1.4096453, 63.250336, 63.389448,
14.991810, 69.140129, 1.4740076, 63.146821, 63.314404,
15.003140, 64.680954, 1.4686086, 63.043837, 63.238591,
15.014480, 65.469805, 1.4390458, 62.942035, 63.162065,
15.025810, 58.752642, 1.3577215, 62.842385, 63.085118,
15.037140, 61.314017, 1.4788552, 62.745634, 63.007873,
15.048460, 64.707426, 1.7535916, 62.652667, 62.930566,
15.059790, 64.796871, 2.3398027, 62.564147, 62.853241,
15.071110, 60.371357, 3.5446284, 62.481042, 62.776204,
15.082440, 58.761662, 1.5564032, 62.404031, 62.699495,
15.093750, 66.236874, 1.1244163, 62.334141, 62.623500,
15.105070, 58.767725, 1.1714914, 62.271998, 62.548184,
15.116390, 65.230288, 1.3233442, 62.218502, 62.473791,
15.127700, 57.465258, 1.2140190, 62.174524, 62.400566,
15.139020, 64.713307, 1.3679376, 62.140822, 62.328548,
15.150330, 64.261534, 1.3562175, 62.118305, 62.258047,
15.162390, 59.468349, 1.3879809, 62.107529, 62.184661,
15.174730, 62.111705, 1.4337338, 62.111705, 62.111705,
15.187070, 59.101798, 1.9483565, 62.132052, 62.041098,
15.199410, 63.000411, 1.9670213, 62.168146, 61.972838,
15.211740, 63.568919, 1.4808175, 62.219197, 61.906958,
15.224080, 62.658937, 1.5409335, 62.284577, 61.843301,
15.236410, 63.485731, 1.3267555, 62.363457, 61.781949,
15.248740, 63.650680, 1.5607257, 62.455181, 61.722813,
15.261060, 67.027397, 1.5474790, 62.558955, 61.665909,
15.273390, 67.201159, 1.4701073, 62.674264, 61.611109,
15.285710, 64.878232, 1.5019072, 62.800239, 61.558471,
15.298030, 62.235697, 1.4861455, 62.936274, 61.507925,
15.310350, 61.295193, 1.2988828, 63.081719, 61.459433,
15.322660, 61.489201, 1.4324298, 63.235762, 61.413008,
15.334980, 62.240550, 1.5073029, 63.397989, 61.368545,
15.347290, 58.412482, 1.3255958, 63.567495, 61.326085,
15.359600, 60.728611, 1.2471172, 63.743749, 61.285563,
15.371900, 68.110245, 1.2759660, 63.925945, 61.246985,
15.384210, 64.851007, 1.3501637, 64.113752, 61.210256,
15.396510, 69.781166, 1.3883272, 64.306222, 61.175410,
15.408810, 66.192335, 1.3996115, 64.502848, 61.142393,
15.421110, 68.015032, 1.3215310, 64.703024, 61.111173,
15.433410, 68.435587, 1.2324707, 64.906088, 61.081731,
15.445700, 62.884345, 1.1330048, 65.111262, 61.054058,
15.457990, 64.048182, 1.2543889, 65.318076, 61.028106,
15.470280, 61.471035, 1.2564363, 65.525902, 61.003851,
15.482570, 61.841282, 1.2012170, 65.734113, 60.981267,
15.494860, 64.278783, 1.2204882, 65.942082, 60.960332,
15.507140, 66.349077, 1.0299631, 66.149022, 60.941035,
15.519420, 66.733625, 1.2603160, 66.354453, 60.923337,
15.531700, 66.501646, 1.2609555, 66.557781, 60.907214,
15.543980, 69.801975, 1.2647469, 66.758346, 60.892645,
15.556260, 69.498846, 1.2169017, 66.955550, 60.879605,
15.568530, 65.635883, 0.96207848, 67.148583, 60.868083,
15.580800, 69.037111, 1.0383538, 67.336982, 60.858045,
15.593070, 66.765167, 1.1114220, 67.520114, 60.849470,
15.605340, 69.038393, 1.3841833, 67.697340, 60.842338,
15.617600, 68.868690, 1.1936092, 67.867890, 60.836631,
15.629860, 68.186796, 1.0912862, 68.031250, 60.832324,
15.642120, 66.491423, 1.0392574, 68.186796, 60.829395,
15.654380, 66.238194, 1.2288329, 68.334104, 60.827825,
15.666640, 67.653633, 1.1190047, 68.473785, 60.827595,
15.678890, 74.051094, 1.1876191, 68.606552, 60.828684,
15.691140, 69.312757, 1.1666342, 68.733357, 60.831072,
15.703390, 70.468000, 1.1338435, 68.855024, 60.834741,
15.715640, 65.614563, 1.0613353, 68.972378, 60.839673,
15.727890, 69.445740, 1.1888379, 69.086237, 60.845849,
15.740130, 67.719070, 1.2353263, 69.197335, 60.853246,
15.752370, 75.113134, 1.2237443, 69.306569, 60.861849,
15.764610, 77.977161, 1.2629038, 69.414768, 60.871643,
15.776850, 73.157167, 1.2424544, 69.522730, 60.882609,
15.789090, 73.380266, 1.3116402, 69.631284, 60.894732,
15.801320, 75.381687, 1.2473401, 69.741141, 60.907983,
15.813550, 77.131130, 1.3425174, 69.853205, 60.922356,
15.825780, 78.588034, 1.2732905, 69.968290, 60.937834,
15.838010, 78.639778, 1.2646559, 70.087211, 60.954402,
15.850230, 72.871044, 1.3410167, 70.210686, 60.972031,
15.862450, 79.485640, 1.3713555, 70.339616, 60.990715,
15.874670, 72.693102, 1.3090126, 70.474840, 61.010442,
15.886890, 75.378733, 1.4718615, 70.617173, 61.031197,
15.899110, 79.383049, 1.3961138, 70.767432, 61.052964,
15.911320, 77.964867, 1.3311912, 70.926333, 61.075710,
15.923540, 76.372881, 1.2336350, 71.094973, 61.099459,
15.935750, 77.565479, 1.4033405, 71.273907, 61.124157,
15.947960, 72.058157, 1.4538208, 71.464119, 61.149810,
15.960160, 71.795664, 1.2906402, 71.666301, 61.176382,
15.972370, 79.767221, 1.5581113, 71.881628, 61.203903,
15.984570, 77.350876, 1.3899146, 72.110610, 61.232313,
15.996770, 79.832169, 1.3879233, 72.354319, 61.261626,
16.008961, 78.085052, 1.3892893, 72.613409, 61.291802,
16.021160, 77.592188, 1.5989797, 72.889151, 61.322874,
16.033350, 81.622169, 1.6197888, 73.182032, 61.354783,
16.045549, 84.051115, 1.5515913, 73.493417, 61.387566,
16.057739, 81.252651, 1.4829798, 73.823735, 61.421160,
16.069920, 81.683426, 1.6930030, 74.173868, 61.455552,
16.082109, 80.025299, 1.5300805, 74.545299, 61.490784,
16.094290, 78.556032, 1.6626969, 74.938396, 61.526789,
16.106470, 77.708773, 1.8408846, 75.354400, 61.563583,
16.118650, 78.727922, 1.8210362, 75.794283, 61.601154,
16.130831, 81.448244, 1.6402990, 76.259031, 61.639493,
16.143009, 72.471649, 1.6495317, 76.749562, 61.678581,
16.155180, 76.979031, 1.7356888, 77.266627, 61.718389,
16.167351, 78.385284, 1.8797188, 77.811552, 61.758930,
16.179520, 83.160089, 2.0556388, 78.385284, 61.800189,
16.191681, 76.169147, 1.9887421, 78.988054, 61.842133,
16.203850, 84.279655, 1.9018344, 79.619075, 61.884806,
16.216009, 83.786846, 2.0014077, 80.275403, 61.928138,
16.228170, 80.923882, 2.2962016, 80.955598, 61.972159,
16.240330, 95.521744, 2.2310461, 81.657429, 62.016845,
16.252489, 99.339800, 2.5657180, 82.378992, 62.062194,
16.264641, 89.719988, 2.4645264, 83.117824, 62.108168,
16.276791, 98.274158, 2.3904097, 83.872269, 62.154778,
16.288950, 110.72863, 2.7000733, 84.641077, 62.202059,
16.301090, 106.30523, 2.6672344, 85.420459, 62.249891,
16.313240, 103.93717, 3.0378591, 86.210279, 62.298377,
16.325380, 113.47125, 3.2711920, 87.007348, 62.347432,
16.337530, 118.03205, 2.4737812, 87.810970, 62.397125,
16.349670, 128.94590, 1.7145392, 88.617941, 62.447369,
16.361799, 137.08747, 1.6978794, 89.426188, 62.498147,
16.373940, 154.99495, 2.2528056, 90.235299, 62.549546,
16.386070, 164.95515, 2.2110608, 91.041943, 62.601469,
16.398211, 174.06393, 2.1817047, 91.845448, 62.653991,
16.410339, 173.32203, 1.7971874, 92.642492, 62.707013,
16.422461, 172.23812, 2.2619385, 93.431401, 62.760541,
16.434589, 175.37200, 3.6126474, 94.211226, 62.814637,
16.446711, 174.99102, 2.1708903, 94.979041, 62.869224,
16.458839, 164.23595, 2.0930275, 95.733859, 62.924364,
16.470961, 159.31477, 2.3145384, 96.472772, 62.979981,
16.483070, 154.65882, 2.1121039, 97.193619, 63.036048,
16.495190, 148.31250, 3.2126525, 97.895681, 63.092656,
16.500280, 144.20475, 2.4976748, 98.184330, 63.116581,
16.513599, 131.67122, 2.2192333, 98.920641, 63.179580,
16.526911, 131.51930, 1.8299314, 99.627102, 63.243123,
16.540211, 126.79920, 1.8621196, 100.30091, 63.307179,
16.553520, 147.21582, 2.0244260, 100.94043, 63.371842,
16.566820, 121.05912, 2.0022703, 101.54204, 63.437010,
16.580120, 111.12475, 1.9222377, 102.10348, 63.502721,
16.593420, 107.41170, 1.6949614, 102.62199, 63.568966,
16.606710, 109.34217, 1.7454152, 103.09444, 63.635691,
16.620001, 113.71352, 1.7679451, 103.51843, 63.702933,
16.633301, 110.81768, 5.4606812, 103.89133, 63.770734,
16.646589, 113.29457, 2.5756013, 104.20971, 63.838978,
16.659870, 107.05008, 3.3547967, 104.47085, 63.907678,
16.673149, 104.81025, 2.1512901, 104.67198, 63.976854,
16.686440, 103.90755, 1.5132377, 104.81025, 64.046570,
16.699711, 102.55705, 1.5696335, 104.88425, 64.116657,
16.712990, 106.10090, 1.6290771, 104.90057, 64.187249,
16.726271, 107.15790, 1.5669559, 104.86733, 64.258309,
16.739540, 105.30265, 1.4009803, 104.79278, 64.329758,
16.752810, 103.92450, 1.3651152, 104.68505, 64.401650,
16.766081, 107.08185, 1.3385421, 104.55220, 64.473990,
16.779341, 111.86838, 1.4903309, 104.40248, 64.546697,
16.792601, 105.16738, 1.4554794, 104.24384, 64.619827,
16.805870, 104.95200, 1.4851244, 104.08421, 64.693427,
16.819120, 106.72965, 1.6697218, 103.93199, 64.767332,
16.832380, 103.31190, 1.4617859, 103.79490, 64.841694,
16.845631, 101.25226, 1.4485023, 103.68118, 64.916401,
16.858891, 99.790483, 1.4322578, 103.59875, 64.991554,
16.872141, 99.667625, 1.4367139, 103.55581, 65.067039,
16.885380, 96.327490, 1.5215430, 103.56037, 65.142839,
16.898630, 103.74450, 1.5555387, 103.62058, 65.219080,
16.911869, 103.62663, 1.4501920, 103.74450, 65.295623,
16.925110, 108.86658, 1.4760443, 103.93783, 65.372541,
16.938351, 110.89708, 1.4197526, 104.19605, 65.449817,
16.951580, 107.52190, 1.6484369, 104.51185, 65.527379,
16.964821, 102.47640, 1.5001337, 104.87880, 65.605355,
16.978050, 107.78703, 1.4475104, 105.28933, 65.683606,
16.991270, 108.58075, 1.4360327, 105.73650, 65.762137,
17.004499, 123.92352, 1.5127686, 106.21409, 65.841057,
17.017719, 183.96202, 1.7431183, 106.71457, 65.920246,
17.030951, 353.35108, 2.3031228, 107.23189, 65.999827,
17.044161, 313.11690, 2.3036692, 107.75796, 66.079599,
17.057381, 148.67118, 1.6540271, 108.28718, 66.159741,
17.070601, 108.46837, 1.2991135, 108.81235, 66.240191,
17.083811, 113.16895, 1.6106419, 109.32632, 66.320887,
17.097019, 118.02085, 1.6434069, 109.82257, 66.401870,
17.110229, 123.58273, 1.5101768, 110.29445, 66.483160,
17.123430, 111.18348, 1.5099365, 110.73475, 66.564682,
17.136641, 107.45500, 1.3047394, 111.13725, 66.646548,
17.149839, 115.50507, 1.7618213, 111.49446, 66.728626,
17.163040, 117.01203, 1.9473639, 111.79992, 66.810994,
17.176229, 109.36533, 1.5355880, 112.04644, 66.893564,
17.189430, 112.11127, 1.5272223, 112.22750, 66.976477,
17.202620, 112.22750, 1.6258648, 112.33750, 67.059583,
17.215811, 113.99105, 1.6898167, 112.37806, 67.142964,
17.229000, 116.07353, 1.6647658, 112.35228, 67.226591,
17.242180, 116.35875, 1.6443492, 112.26331, 67.310413,
17.255369, 117.36080, 1.7919664, 112.11402, 67.394547,
17.268551, 118.68328, 1.7974223, 111.90756, 67.478881,
17.281719, 118.51095, 1.6841739, 111.64710, 67.563373,
17.294901, 125.27655, 2.1546621, 111.33500, 67.648191,
17.308069, 123.51395, 2.1846776, 110.97474, 67.733162,
17.321251, 135.81867, 1.9404000, 110.56842, 67.818453,
17.334410, 140.55860, 1.8506024, 110.12001, 67.903826,
17.347580, 137.41965, 1.9281086, 109.63116, 67.989502,
17.360750, 141.51138, 2.0446796, 109.10498, 68.075403,
17.373911, 135.00920, 2.0916526, 108.54460, 68.161464,
17.387070, 136.15715, 3.0617546, 107.95243, 68.247730,
17.400230, 133.89810, 1.9376975, 107.33097, 68.334225,
17.413380, 129.45115, 1.7800827, 106.68353, 68.420858,
17.426540, 127.12655, 10.905864, 106.01162, 68.507776,
17.439690, 124.92228, 2.5881082, 105.31900, 68.594825,
17.452841, 118.14238, 2.1634281, 104.60761, 68.682092,
17.465981, 113.43440, 1.9480178, 103.88076, 68.769484,
17.479130, 114.28498, 2.3030353, 103.13986, 68.857140,
17.492270, 118.14550, 1.8466064, 102.38857, 68.944928,
17.505409, 109.35415, 1.8299501, 101.62889, 69.032910,
17.518551, 97.825636, 1.8805860, 100.86326, 69.121097,
17.531679, 105.01325, 2.0512441, 100.09512, 69.209383,
17.544821, 105.34895, 2.0483253, 99.325445, 69.297945,
17.557949, 94.165396, 2.0837707, 98.558339, 69.386603,
17.571079, 99.958889, 2.2672184, 97.795443, 69.475455,
17.584200, 93.899675, 1.9801416, 97.039955, 69.564422,
17.597330, 96.569918, 2.3677319, 96.293318, 69.653632,
17.610451, 94.473469, 2.0366879, 95.559164, 69.742952,
17.623569, 93.454571, 2.2004868, 94.839601, 69.832433,
17.636690, 97.084106, 2.4556330, 94.136982, 69.922098,
17.649799, 93.287369, 2.3851034, 93.454571, 70.011854,
17.662910, 89.888752, 2.5907162, 92.793695, 70.101790,
17.676029, 101.67101, 3.0952617, 92.154008, 70.191944,
17.689131, 109.93925, 3.2717042, 91.536090, 70.282144,
17.702240, 111.44300, 2.8599008, 90.938159, 70.372557,
17.715349, 102.56702, 3.1988605, 90.360003, 70.463131,
17.728451, 107.97893, 3.3711632, 89.801377, 70.553809,
17.741550, 98.086542, 2.6070496, 89.261464, 70.644631,
17.754641, 99.489880, 1.8130641, 88.740015, 70.735541,
17.767740, 107.53860, 2.1168332, 88.235744, 70.826669,
17.780830, 107.43777, 2.0453255, 87.748868, 70.917883,
17.793921, 111.04288, 1.8408513, 87.278509, 71.009246,
17.807011, 113.24388, 1.7857830, 86.824173, 71.100757,
17.820101, 112.43820, 1.9618759, 86.385376, 71.192415,
17.833179, 105.17138, 1.7977644, 85.962007, 71.284138,
17.846270, 100.44563, 1.9032706, 85.552863, 71.376084,
17.859341, 95.053261, 1.7472370, 85.158429, 71.468039,
17.872419, 93.950623, 2.4774261, 84.777438, 71.560188,
17.885500, 95.215725, 2.5792806, 84.409633, 71.652489,
17.898569, 93.496201, 2.5586756, 84.054949, 71.744849,
17.911640, 90.455177, 2.1836731, 83.712591, 71.837358,
17.924709, 86.964285, 2.3210213, 83.382248, 71.929990,
17.937780, 104.81586, 3.9528260, 83.063419, 72.022769,
17.941250, 94.417208, 1.8846376, 82.980684, 72.047418,
17.955721, 93.203606, 1.7579649, 82.643920, 72.150329,
17.970181, 83.359774, 1.9287361, 82.320443, 72.253320,
17.984650, 87.151218, 1.8324027, 82.009267, 72.356540,
17.999109, 86.152103, 3.3333085, 81.710298, 72.459849,
18.013571, 85.484808, 2.2412702, 81.422796, 72.563330,
18.028021, 83.616686, 2.1843489, 81.146530, 72.666884,
18.042480, 85.199072, 1.8932995, 80.880620, 72.770661,
18.056931, 87.975948, 1.7183572, 80.624949, 72.874523,
18.071381, 82.710657, 1.6106073, 80.378878, 72.978537,
18.085819, 78.516136, 2.7326597, 80.142140, 73.082620,
18.100269, 79.529768, 2.3294990, 79.913913, 73.186935,
18.114710, 83.802357, 1.7921269, 79.694094, 73.291329,
18.129150, 79.694094, 1.5569689, 79.482133, 73.395872,
18.143579, 79.665117, 1.4498655, 79.277949, 73.500478,
18.158020, 77.971748, 1.4769335, 79.081019, 73.605313,
18.172449, 77.942917, 1.5927252, 78.891461, 73.710209,
18.186880, 75.021881, 1.5261299, 78.708905, 73.815264,
18.201300, 80.660439, 1.8201659, 78.533332, 73.920378,
18.215719, 77.128252, 1.7264739, 78.364417, 74.025634,
18.230150, 81.489761, 1.5798105, 78.201864, 74.131116,
18.244560, 80.970121, 1.5387266, 78.045864, 74.236586,
18.258980, 80.603601, 1.5273658, 77.895920, 74.342265,
18.273390, 78.873356, 1.6738329, 77.752072, 74.448014,
18.287800, 76.361732, 1.7425300, 77.614069, 74.553903,
18.302210, 78.406956, 1.7801955, 77.481763, 74.659930,
18.316620, 75.980253, 1.5818199, 77.355012, 74.766095,
18.331020, 78.323877, 1.8071686, 77.233756, 74.872328,
18.345421, 78.367567, 1.4575698, 77.117775, 74.978697,
18.359819, 76.897917, 1.5387809, 77.006954, 75.085190,
18.374210, 81.532228, 1.8555475, 76.901207, 75.191763,
18.388611, 79.397678, 1.8326514, 76.800286, 75.298543,
18.403000, 79.536957, 1.5193275, 76.704220, 75.405374,
18.417379, 74.937840, 3.6363326, 76.612871, 75.512270,
18.431770, 77.568018, 2.2373764, 76.525997, 75.619386,
18.446150, 82.577568, 1.2426361, 76.443629, 75.726553,
18.460529, 80.782465, 1.7545355, 76.365592, 75.833856,
18.474911, 76.156519, 1.4821739, 76.291777, 75.941308,
18.489281, 72.114054, 1.5133210, 76.222151, 76.048810,
18.503660, 76.435535, 1.6271876, 76.156519, 76.156519,
18.518030, 75.419605, 1.3997281, 76.094902, 76.264294,
18.532391, 80.523346, 1.3687939, 76.037330, 76.372148,
18.546761, 82.275032, 1.5692346, 75.983794, 76.480237,
18.561119, 77.690742, 1.9147796, 75.934440, 76.588418,
18.575480, 94.941284, 1.8992164, 75.889290, 76.696806,
18.589840, 86.919888, 2.0050244, 75.848428, 76.805400,
18.604191, 86.006720, 1.7053301, 75.811954, 76.914144,
18.618549, 78.469566, 1.4985178, 75.779907, 77.023182,
18.632900, 81.130112, 1.6019003, 75.752407, 77.132412,
18.647240, 75.857420, 1.4681659, 75.729541, 77.241820,
18.661591, 80.689590, 1.6480933, 75.711364, 77.351594,
18.675930, 85.787687, 2.5018831, 75.698003, 77.461575,
18.690269, 81.530096, 1.6772113, 75.689540, 77.571865,
18.704611, 80.397997, 1.5364815, 75.686080, 77.682493,
18.718941, 81.912968, 1.4629967, 75.687726, 77.793372,
18.733271, 77.652391, 1.7567193, 75.694586, 77.904604,
18.747601, 78.796030, 1.5706413, 75.706775, 78.016205,
18.761930, 84.943726, 1.9264738, 75.724411, 78.128190,
18.776260, 89.140837, 1.7745293, 75.747618, 78.240574,
18.790581, 83.701963, 1.7304583, 75.776503, 78.353298,
18.804899, 87.037619, 1.9055489, 75.811205, 78.466438,
18.819220, 84.985945, 1.7701098, 75.851869, 78.580038,
18.833530, 87.107100, 1.7829183, 75.898600, 78.694024,
18.847839, 85.043297, 1.6937396, 75.951558, 78.808472,
18.862150, 87.415611, 1.9076087, 76.010910, 78.923428,
18.876459, 88.098366, 2.9091375, 76.076792, 79.038878,
18.890770, 95.884903, 2.0382107, 76.149382, 79.154869,
18.905069, 88.738733, 2.5153293, 76.228770, 79.271310,
18.919371, 88.663553, 2.0642381, 76.315194, 79.388324,
18.933670, 92.378948, 2.0879221, 76.408804, 79.505898,
18.947960, 91.747194, 2.3632062, 76.509723, 79.623985,
18.962250, 88.589970, 1.9956260, 76.618196, 79.742681,
18.976540, 91.671307, 2.0545635, 76.734414, 79.862002,
18.990829, 92.046700, 2.2521958, 76.858575, 79.981966,
19.005119, 99.409853, 2.1370311, 76.990883, 80.102591,
19.019400, 89.084293, 1.8577112, 77.131448, 80.223814,
19.033680, 95.581488, 1.9960529, 77.280574, 80.345732,
19.047960, 87.481396, 2.0105608, 77.438481, 80.468364,
19.062229, 87.756300, 2.1791919, 77.605261, 80.591630,
19.076500, 86.098192, 2.8035148, 77.781296, 80.715661,
19.090771, 81.971994, 3.0030723, 77.966806, 80.840462,
19.105040, 74.332888, 2.6007421, 78.162014, 80.966034,
19.119310, 90.729340, 2.8386457, 78.367227, 81.092429,
19.133570, 84.418272, 2.3545734, 78.582509, 81.219548,
19.147829, 85.746828, 2.5550750, 78.808290, 81.347512,
19.162090, 80.662304, 2.5331299, 79.044882, 81.476358,
19.176340, 77.352633, 2.6711483, 79.292340, 81.605985,
19.190599, 82.868076, 2.4394976, 79.551321, 81.736603,
19.204849, 74.519583, 2.4857348, 79.821784, 81.868058,
19.219101, 90.522432, 2.5538892, 80.104248, 82.000477,
19.233339, 89.925694, 2.4868003, 80.398718, 82.133736,
19.247580, 83.016237, 2.6631968, 80.705825, 82.268001,
19.261820, 76.772688, 2.3898089, 81.025869, 82.403273,
19.276060, 83.862152, 6.8213940, 81.359202, 82.539575,
19.290300, 85.585051, 3.3366260, 81.706181, 82.676930,
19.304529, 85.468948, 4.3620118, 82.066881, 82.815248,
19.318760, 91.267845, 3.0427576, 82.442005, 82.954680,
19.332991, 82.450254, 2.7901389, 82.831899, 83.095231,
19.347219, 70.032305, 2.8195717, 83.236906, 83.236906,
19.361441, 83.236906, 2.6294594, 83.657262, 83.379670,
19.375660, 71.837799, 3.7751156, 84.093545, 83.523603,
19.389879, 74.058121, 2.8499117, 84.546245, 83.668748,
19.404100, 105.14266, 3.5758279, 85.015875, 83.815151,
19.418310, 103.70814, 3.9663874, 85.502437, 83.962697,
19.432520, 94.441349, 4.2686720, 86.006776, 84.111529,
