# wave, flux, fluxerr, continuum, continuum_plateau
9.9725246, 59.733842, 1.9398302, 59.733842, 59.733842,
9.9806166, 71.811016, 2.4361331, 59.546459, 59.546307,
9.9887066, 72.730122, 2.0266413, 59.366790, 59.366201,
9.9967957, 65.075378, 1.9016920, 59.194853, 59.193578,
10.004880, 69.305456, 2.0949305, 59.030768, 59.028588,
10.012970, 66.402587, 2.1774764, 58.874370, 58.871096,
10.021050, 63.602587, 2.2227244, 58.725999, 58.721474,
10.029140, 68.830311, 2.2465099, 58.585356, 58.579447,
10.037220, 64.367688, 2.5086194, 58.452841, 58.445446,
10.045300, 67.508452, 2.4340982, 58.328323, 58.319363,
10.053380, 68.150906, 2.5572877, 58.211846, 58.201265,
10.061460, 74.354582, 3.2975677, 58.103495, 58.091264,
10.069540, 72.572714, 2.4564854, 58.003307, 57.989415,
10.077610, 67.483681, 2.0429866, 57.911472, 57.895932,
10.085690, 66.350988, 2.1954909, 57.827826, 57.810666,
10.093760, 68.884564, 2.5031238, 57.752633, 57.733904,
10.101830, 66.741331, 2.3143966, 57.685859, 57.665625,
10.109900, 66.533789, 2.1767296, 57.627567, 57.605909,
10.117970, 64.016870, 1.9906369, 57.577845, 57.554858,
10.126040, 66.967763, 2.0599026, 57.536761, 57.512552,
10.134100, 67.960747, 2.1183836, 57.504426, 57.479117,
10.142170, 66.979560, 1.9693585, 57.480838, 57.454556,
10.150230, 66.164507, 2.1094359, 57.466136, 57.439022,
10.158300, 65.828242, 2.0039107, 57.460369, 57.432568,
10.166360, 70.612234, 1.9316855, 57.463636, 57.435302,
10.174420, 70.486409, 2.5318553, 57.476012, 57.447302,
10.182470, 67.635620, 2.2521876, 57.497553, 57.468629,
10.190530, 68.471553, 2.0025827, 57.528402, 57.499427,
10.198590, 64.991804, 1.8643314, 57.568640, 57.539778,
10.206640, 56.486103, 1.9733039, 57.618287, 57.589703,
10.214690, 64.900618, 2.0947972, 57.677489, 57.649345,
10.222750, 63.718223, 1.8973300, 57.746433, 57.718888,
10.230800, 67.690657, 11.733268, 57.825059, 57.798266,
10.238850, 66.124533, 9.6280989, 57.913547, 57.887655,
10.246890, 71.258506, 1.9492869, 58.011883, 57.987031,
10.254940, 68.028592, 1.8579684, 58.120410, 58.096730,
10.262990, 68.410802, 3.2442343, 58.239129, 58.216741,
10.271030, 70.101274, 1.9491180, 58.367996, 58.347007,
10.279070, 63.378845, 1.7499507, 58.507244, 58.487749,
10.287120, 61.348340, 1.7842189, 58.657211, 58.639291,
10.295150, 66.287878, 2.1301328, 58.817429, 58.801144,
10.303190, 72.793201, 2.4012700, 58.988615, 58.974011,
10.311230, 68.318981, 1.4770519, 59.170668, 59.157770,
10.319270, 65.430656, 1.6096125, 59.363763, 59.352574,
10.327300, 60.139856, 1.8989020, 59.567736, 59.558235,
10.335340, 65.543491, 1.9810649, 59.783229, 59.775372,
10.343370, 62.519032, 1.9888919, 60.009894, 60.003610,
10.351400, 65.756937, 1.9119348, 60.248067, 60.243256,
10.359430, 62.109047, 2.4090999, 60.497916, 60.494449,
10.367460, 60.821867, 1.8556076, 60.759586, 60.757302,
10.375480, 50.651633, 2.0060353, 61.032859, 61.031565,
10.383510, 50.129642, 2.3495802, 61.318602, 61.318068,
10.391530, 61.785146, 2.2302311, 61.616256, 61.616218,
10.399560, 59.025015, 1.6954338, 61.926685, 61.926839,
10.407580, 62.249312, 1.5235497, 62.249312, 62.249312,
10.415600, 63.018028, 1.8134743, 62.584534, 62.584008,
10.423620, 65.409701, 1.8564651, 62.932166, 62.930767,
10.431640, 60.950359, 1.7815416, 63.291781, 63.289199,
10.439650, 61.811021, 1.6665687, 63.662627, 63.658591,
10.447670, 65.574223, 1.8028292, 64.045293, 64.039564,
10.455680, 74.707857, 2.0256973, 64.438443, 64.430816,
10.463700, 69.254705, 1.9852678, 64.842771, 64.833069,
10.471710, 75.292370, 2.4199205, 65.256888, 65.244968,
10.479720, 72.430481, 1.9428356, 65.680987, 65.666732,
10.487730, 64.472767, 1.8091235, 66.114742, 66.098059,
10.495730, 65.528653, 2.0006682, 66.557295, 66.538122,
10.503740, 67.910596, 2.3722397, 67.009380, 66.987670,
10.511750, 73.885502, 3.0331066, 67.470156, 67.445887,
10.519750, 76.602893, 2.9908568, 67.938684, 67.911859,
10.527750, 82.717140, 3.3389722, 68.415305, 68.385943,
10.535750, 85.635672, 3.5778272, 68.899651, 68.867790,
10.543750, 88.119495, 2.6152312, 69.391352, 69.357047,
10.551750, 75.352110, 2.7072501, 69.890216, 69.853536,
10.559750, 72.745106, 2.1539363, 70.395817, 70.356849,
10.567850, 85.581984, 1.7552306, 70.914420, 70.873236,
10.576350, 77.154322, 1.8967102, 71.465416, 71.422030,
10.584840, 85.207201, 1.9292678, 72.022336, 71.976894,
10.593340, 79.936804, 2.4147708, 72.586196, 72.538850,
10.601830, 84.095074, 1.6162553, 73.155245, 73.106165,
10.610330, 94.913736, 1.8891030, 73.730533, 73.679895,
10.618820, 83.479931, 1.7877830, 74.310348, 74.258343,
10.627310, 81.161013, 1.7228340, 74.894912, 74.841740,
10.635800, 80.361542, 1.7785592, 75.484005, 75.429874,
10.644280, 78.723263, 2.0700689, 76.076474, 76.021599,
10.652770, 78.072088, 1.7387773, 76.673367, 76.617972,
10.661250, 80.918724, 1.7303368, 77.272995, 77.217309,
10.669740, 81.748478, 4.4134683, 77.876358, 77.820618,
10.678220, 84.340792, 2.2592683, 78.481753, 78.426201,
10.686700, 81.773226, 1.8760306, 79.089510, 79.034394,
10.695180, 83.035061, 1.8836142, 79.699285, 79.644857,
10.703650, 79.088449, 1.9354343, 80.310045, 80.256560,
10.712130, 87.960552, 2.1768916, 80.922751, 80.870472,
10.720600, 84.599815, 2.0810314, 81.535820, 81.485012,
10.729080, 88.309904, 2.1301509, 82.150221, 82.101154,
10.737550, 92.036068, 2.3443487, 82.764159, 82.717106,
10.746020, 97.363096, 2.3213675, 83.378121, 83.333360,
10.754490, 96.266228, 2.2194833, 83.991628, 83.949439,
10.762960, 83.407604, 2.1870707, 84.604474, 84.565144,
10.771420, 89.131321, 2.5122453, 85.215423, 85.179237,
10.779890, 86.987946, 2.1377980, 85.825784, 85.793041,
10.788350, 90.648691, 2.3688443, 86.433636, 86.404630,
10.796810, 86.214506, 2.1394307, 87.039392, 87.014428,
10.805270, 94.264620, 2.6862279, 87.642709, 87.622096,
10.813730, 92.011835, 2.6567775, 88.243244, 88.227297,
10.822190, 87.244825, 2.3976361, 88.840653, 88.829692,
10.830650, 90.671656, 2.9165002, 89.434589, 89.428945,
10.839100, 89.162001, 2.4323682, 90.023979, 90.023979,
10.847560, 90.023979, 2.3398262, 90.610006, 90.615996,
10.856010, 90.065336, 3.9220261, 91.191272, 91.203562,
10.864460, 93.618153, 3.6586866, 91.768432, 91.787312,
10.872910, 101.00790, 2.3576036, 92.341606, 92.367342,
10.881360, 102.08468, 3.3329683, 92.910912, 92.943747,
10.889800, 99.430174, 3.1128748, 93.475638, 93.515781,
10.898250, 100.46262, 2.8216219, 94.037178, 94.084831,
10.906690, 96.474581, 2.9489781, 94.594315, 94.649641,
10.915140, 97.816843, 2.4821260, 95.148419, 95.211580,
10.923580, 105.80550, 2.5499100, 95.698164, 95.769279,
10.932020, 107.97860, 3.4243061, 96.244287, 96.323465,
10.940460, 110.75943, 2.9792320, 96.786837, 96.874166,
10.948890, 115.41695, 3.1560137, 97.325190, 97.420731,
10.957330, 124.51085, 4.1880270, 97.860732, 97.964545,
10.965760, 133.63543, 2.2137775, 98.392236, 98.504345,
10.974200, 146.28112, 2.9576424, 98.920946, 99.041376,
10.982630, 142.99480, 2.4833412, 99.445651, 99.574390,
10.991060, 155.20607, 2.8880072, 99.967111, 100.10414,
10.999490, 145.60049, 3.4072744, 100.48525, 100.63054,
11.007920, 153.60563, 3.7302322, 101.00022, 101.15372,
11.016340, 151.49080, 1.7883447, 101.51137, 101.67300,
11.024770, 150.07128, 2.5121323, 102.01995, 102.18965,
11.033190, 151.22822, 2.0271982, 102.52485, 102.70252,
11.041610, 146.65678, 2.0521267, 103.02668, 103.21221,
11.050030, 144.24027, 2.1419492, 103.52548, 103.71876,
11.058450, 153.48423, 2.6278083, 104.02129, 104.22218,
11.066870, 165.19977, 2.3848947, 104.51413, 104.72249,
11.075290, 149.88268, 2.2547892, 105.00403, 105.21972,
11.083700, 148.82365, 2.4017027, 105.49049, 105.71333,
11.092120, 157.53995, 2.7120249, 105.97463, 106.20446,
11.100530, 148.93277, 3.4855217, 106.45534, 106.69196,
11.108940, 159.16525, 2.9127693, 106.93330, 107.17653,
11.117350, 166.42355, 3.7423102, 107.40844, 107.65806,
11.120570, 170.31360, 2.4268090, 107.58967, 107.84169,
11.129530, 177.57940, 2.4444987, 108.09177, 108.35029,
11.138500, 191.28532, 2.3772507, 108.59139, 108.85616,
11.147460, 210.54908, 2.6676764, 109.08738, 109.35814,
11.156430, 235.71490, 2.7425575, 109.58094, 109.85743,
11.165390, 259.94295, 2.8329684, 110.07095, 110.35288,
11.174350, 304.47345, 2.8591562, 110.55801, 110.84511,
11.183300, 356.50027, 3.2442719, 111.04165, 111.33360,
11.192260, 398.99185, 3.4515353, 111.52291, 111.81944,
11.201220, 431.93220, 3.4266708, 112.00131, 112.30210,
11.210170, 444.75603, 3.4407639, 112.47637, 112.78112,
11.219120, 456.62601, 3.8832759, 112.94862, 113.25701,
11.228070, 451.97230, 3.6976706, 113.41810, 113.72981,
11.237020, 443.59048, 3.4632410, 113.88477, 114.19949,
11.245970, 448.90833, 3.5368393, 114.34875, 114.66615,
11.254920, 441.66220, 3.6368334, 114.81003, 115.12977,
11.263860, 425.76948, 3.5764141, 115.26808, 115.58984,
11.272800, 415.45650, 3.4265887, 115.72351, 116.04695,
11.281750, 404.89133, 3.4343333, 116.17673, 116.50152,
11.290690, 388.87327, 3.5127904, 116.62688, 116.95270,
11.299630, 371.00942, 3.4805729, 117.07438, 117.40088,
11.308560, 362.37067, 3.3255131, 117.51882, 117.84566,
11.317500, 344.40543, 3.2326813, 117.96115, 118.28801,
11.326430, 331.56148, 3.3156892, 118.40046, 118.72699,
11.335370, 314.26814, 3.1953392, 118.83770, 119.16357,
11.344300, 300.23125, 3.0072540, 119.27194, 119.59682,
11.353230, 298.66180, 3.0252816, 119.70367, 120.02724,
11.362160, 291.56925, 3.1151744, 120.13285, 120.45478,
11.371080, 279.83591, 3.1420635, 120.55914, 120.87910,
11.380010, 268.06110, 2.9768058, 120.98337, 121.30103,
11.388930, 262.11871, 2.9527774, 121.40472, 121.71978,
11.397850, 251.06612, 3.1182181, 121.82358, 122.13572,
11.406780, 249.08632, 2.9488106, 122.24049, 122.54940,
11.415700, 243.47091, 2.8381020, 122.65447, 122.95985,
11.424610, 234.88783, 2.7833061, 123.06559, 123.36714,
11.433530, 225.99345, 2.9719074, 123.47472, 123.77215,
11.442450, 226.60960, 3.0213357, 123.88145, 124.17447,
11.451360, 218.53373, 2.7122646, 124.28533, 124.57367,
11.460270, 215.62075, 2.8105590, 124.68682, 124.97020,
11.469180, 209.58690, 2.9550524, 125.08592, 125.36407,
11.478090, 196.46775, 2.8958617, 125.48262, 125.75529,
11.487000, 201.92548, 2.8961180, 125.87693, 126.14387,
11.495910, 202.21657, 2.9355585, 126.26882, 126.52978,
11.504810, 189.02217, 3.2060788, 126.65794, 126.91271,
11.513710, 193.46945, 3.3634665, 127.04464, 127.29299,
11.522620, 192.38583, 3.3430061, 127.42942, 127.67113,
11.531520, 192.75475, 3.3782680, 127.81136, 128.04623,
11.540420, 183.03720, 3.8303894, 128.19092, 128.41876,
11.549310, 179.80860, 3.4257735, 128.56769, 128.78833,
11.558210, 168.14050, 2.9416730, 128.94251, 129.15578,
11.567100, 170.96700, 2.8749532, 129.31447, 129.52021,
11.576000, 176.93945, 3.3546037, 129.68451, 129.88256,
11.584890, 178.43777, 3.2639796, 130.05171, 130.24196,
11.593780, 164.57117, 3.2968317, 130.41648, 130.59880,
11.602670, 163.91557, 3.1645844, 130.77887, 130.95316,
11.611560, 156.21215, 4.4536890, 131.13885, 131.30501,
11.620440, 155.72800, 3.3432292, 131.49599, 131.65395,
11.629330, 155.70023, 3.1166561, 131.85111, 132.00081,
11.638210, 154.23512, 3.1908052, 132.20342, 132.34481,
11.647090, 158.34050, 3.0879106, 132.55324, 132.68629,
11.655970, 152.80133, 3.6053387, 132.90060, 133.02530,
11.664850, 147.37743, 2.7465596, 133.24554, 133.36187,
11.673730, 148.26667, 2.0244648, 133.58795, 133.69595,
11.682600, 152.42895, 2.4304788, 133.92751, 134.02721,
11.691480, 145.31397, 2.2546220, 134.26493, 134.35637,
11.700350, 144.15638, 2.2506859, 134.59946, 134.68273,
11.709220, 152.14615, 2.5258045, 134.93147, 135.00665,
11.718090, 142.69712, 2.2396170, 135.26092, 135.32813,
11.726960, 139.02125, 2.5109314, 135.58782, 135.64717,
11.735830, 139.24073, 2.3503741, 135.91213, 135.96378,
11.744690, 136.26990, 2.3821595, 136.23347, 136.27758,
11.753560, 140.50167, 2.2513087, 136.55257, 136.58933,
11.762420, 128.36745, 2.1779526, 136.86866, 136.89829,
11.771280, 143.64005, 4.0452195, 137.18213, 137.20487,
11.775020, 141.15707, 2.3262209, 137.31362, 137.33352,
11.784500, 134.99235, 2.4360867, 137.64485, 137.65778,
11.793980, 140.90913, 2.3186054, 137.97295, 137.97923,
11.803460, 132.73402, 3.4070597, 138.29795, 138.29795,
11.812940, 138.29795, 2.3274774, 138.61976, 138.61386,
11.822420, 144.46670, 2.2788836, 138.93836, 138.92693,
11.831890, 138.71030, 2.2491806, 139.25329, 139.23670,
11.841360, 144.15837, 3.5911365, 139.56482, 139.54340,
11.850840, 149.35440, 2.6936895, 139.87316, 139.84723,
11.860310, 145.80465, 2.3226827, 140.17761, 140.14750,
11.869770, 156.52235, 2.3299925, 140.47808, 140.44409,
11.879240, 154.36520, 2.2419680, 140.77509, 140.73750,
11.888710, 153.17705, 2.1057789, 141.06825, 141.02734,
11.898170, 155.80010, 2.1857264, 141.35717, 141.31321,
11.907630, 163.15942, 2.3445082, 141.64202, 141.59526,
11.917090, 152.40277, 2.1832912, 141.92277, 141.87346,
11.926550, 152.29048, 2.0956657, 142.19925, 142.14764,
11.936010, 164.01988, 2.2426640, 142.47144, 142.41775,
11.945470, 153.28627, 2.1918536, 142.73916, 142.68363,
11.954920, 158.82727, 2.2846531, 143.00210, 142.94493,
11.964370, 170.17335, 2.4278152, 143.26040, 143.20182,
11.973830, 170.21378, 2.2697634, 143.51425, 143.45448,
11.983280, 159.22655, 2.3207855, 143.76298, 143.70222,
11.992720, 158.85405, 2.3716009, 144.00650, 143.94497,
12.002170, 161.21252, 2.0896061, 144.24524, 144.18314,
12.011610, 157.66777, 2.0725560, 144.47857, 144.41612,
12.021060, 161.60162, 2.2348896, 144.70687, 144.64428,
12.030500, 153.66860, 2.1396752, 144.92955, 144.86703,
12.039940, 158.07742, 2.7992669, 145.14672, 145.08449,
12.049380, 155.81810, 2.1397774, 145.35828, 145.29658,
12.058820, 152.34243, 2.6502892, 145.56410, 145.50315,
12.068250, 155.47858, 2.3464295, 145.76385, 145.70390,
12.077690, 150.25625, 2.2376209, 145.95786, 145.89915,
12.087120, 155.65572, 2.1814274, 146.14555, 146.08834,
12.096550, 146.70095, 2.1552062, 146.32702, 146.27159,
12.105980, 149.59395, 2.3790429, 146.50214, 146.44877,
12.115410, 154.28877, 2.4206716, 146.67079, 146.61977,
12.124830, 153.34590, 2.3337740, 146.83266, 146.78431,
12.134260, 152.50775, 2.3360596, 146.98795, 146.94260,
12.143680, 151.17258, 2.5707167, 147.13619, 147.09419,
12.153100, 150.34650, 2.4443028, 147.27744, 147.23915,
12.162520, 150.95553, 4.0517241, 147.41154, 147.37735,
12.171940, 152.84303, 2.4531016, 147.53832, 147.50865,
12.181360, 152.82110, 2.4915708, 147.65768, 147.63297,
12.190770, 154.07446, 2.6411505, 147.76932, 147.75002,
12.200180, 156.60925, 4.6767151, 147.87324, 147.85984,
12.209600, 147.89538, 2.6155534, 147.96938, 147.96241,
12.219010, 145.27750, 2.5671171, 148.05737, 148.05737,
12.228420, 148.05737, 2.7567520, 148.13722, 148.14476,
12.237820, 156.68863, 5.1318398, 148.20893, 148.22453,
12.247230, 150.75018, 2.7710674, 148.27279, 148.29693,
12.256630, 172.23705, 3.0442451, 148.32879, 148.36189,
12.266040, 242.12988, 3.7022620, 148.37716, 148.41961,
12.275440, 520.42651, 5.1092355, 148.41793, 148.47005,
12.284840, 477.94194, 4.9942955, 148.45127, 148.51335,
12.294230, 176.67525, 3.4820282, 148.47727, 148.54954,
12.303630, 154.76080, 4.4086482, 148.49609, 148.57877,
12.313030, 165.55633, 3.5768377, 148.50783, 148.60107,
12.322420, 160.49370, 5.9626834, 148.51259, 148.61649,
12.331810, 157.78300, 3.0378443, 148.51048, 148.62514,
12.341200, 157.29125, 2.0149919, 148.50162, 148.62708,
12.350590, 164.71798, 2.4204945, 148.48610, 148.62238,
12.359980, 161.71750, 2.6364904, 148.46402, 148.61110,
12.369360, 170.51715, 2.7602864, 148.43552, 148.59333,
12.378750, 161.39917, 2.5707680, 148.40063, 148.56910,
12.388130, 160.29040, 2.8208681, 148.35951, 148.53852,
12.397510, 163.74277, 2.5698605, 148.31223, 148.50163,
12.406890, 166.26145, 2.4592292, 148.25886, 148.45850,
12.416270, 167.30293, 2.8004441, 148.19951, 148.40918,
12.425640, 173.64383, 2.9384731, 148.13432, 148.35381,
12.435020, 172.99505, 3.1620365, 148.06324, 148.29231,
12.444390, 177.25350, 2.4772520, 147.98651, 148.22489,
12.453760, 170.62790, 2.4908100, 147.90412, 148.15153,
12.463130, 171.26485, 2.7807775, 147.81616, 148.07230,
12.472500, 174.63398, 3.0872354, 147.72270, 147.98725,
12.481870, 174.96230, 3.2216253, 147.62382, 147.89643,
12.489420, 177.77932, 2.7367591, 147.54024, 147.81910,
12.499490, 179.70728, 2.9182578, 147.42342, 147.71024,
12.509550, 178.05323, 2.5252197, 147.30069, 147.59501,
12.519610, 178.55135, 2.4911071, 147.17203, 147.47339,
12.529670, 182.51090, 2.4215807, 147.03751, 147.34546,
12.539730, 183.37838, 2.5792633, 146.89721, 147.21124,
12.549780, 189.32772, 2.5489366, 146.75135, 147.07097,
12.559840, 189.11595, 2.3851735, 146.59972, 146.92441,
12.569890, 190.59023, 2.4537909, 146.44269, 146.77194,
12.579940, 194.25983, 3.0200213, 146.28019, 146.61345,
12.589990, 190.58958, 2.4716480, 146.11228, 146.44903,
12.600040, 195.56065, 2.4830187, 145.93901, 146.27869,
12.610090, 195.10867, 2.3687665, 145.76047, 146.10255,
12.620130, 203.51055, 2.7246200, 145.57691, 145.92082,
12.630170, 204.05820, 2.4332942, 145.38819, 145.73337,
12.640210, 200.19412, 2.4094240, 145.19437, 145.54027,
12.650250, 202.39205, 2.3667754, 144.99552, 145.34157,
12.660290, 201.39255, 2.4326913, 144.79170, 145.13736,
12.670330, 202.91100, 2.3657026, 144.58293, 144.92763,
12.680360, 203.29057, 2.4819370, 144.36951, 144.71270,
12.690390, 214.91850, 2.4298377, 144.15127, 144.49239,
12.700420, 217.03680, 2.5507989, 143.92823, 144.26674,
12.710450, 218.99820, 2.3849042, 143.70048, 144.03584,
12.720480, 219.96610, 2.4819743, 143.46805, 143.79972,
12.730500, 229.47357, 3.6050002, 143.23119, 143.55865,
12.740530, 231.70600, 2.3796509, 142.98950, 143.31224,
12.750550, 212.06870, 2.2438217, 142.74348, 143.06098,
12.760570, 212.41545, 2.2997225, 142.49296, 142.80472,
12.770590, 220.90122, 2.4768891, 142.23792, 142.54346,
12.780610, 211.41438, 3.2185931, 141.97843, 142.27727,
12.790620, 211.78870, 2.2715975, 141.71478, 142.00648,
12.800640, 207.52920, 2.2495775, 141.44646, 141.73056,
12.810650, 214.06968, 2.3997966, 141.17406, 141.45014,
12.820660, 202.12238, 2.2652276, 140.89732, 141.16496,
12.830670, 186.02738, 2.1034907, 140.61625, 140.87505,
12.840680, 183.01057, 2.1045300, 140.33091, 140.58050,
12.850680, 170.56152, 2.0942878, 140.04158, 140.28160,
12.860690, 171.95280, 2.1953629, 139.74773, 139.97784,
12.870690, 160.38102, 2.1011331, 139.44994, 139.66982,
12.880690, 156.31580, 2.1012816, 139.14796, 139.35733,
12.890690, 154.46100, 2.0251070, 138.84177, 139.04035,
12.900680, 151.57575, 2.1414783, 138.53173, 138.71928,
12.910680, 148.27167, 2.0422148, 138.21720, 138.39348,
12.920670, 144.28447, 1.9898402, 137.89885, 138.06367,
12.930670, 143.83640, 2.0038087, 137.57602, 137.72920,
12.940660, 143.31448, 2.6072926, 137.24937, 137.39076,
12.950640, 138.64682, 2.1063504, 136.91897, 137.04848,
12.960630, 139.57135, 3.2584750, 136.58407, 136.70159,
12.970620, 139.14422, 3.3811736, 136.24508, 136.35056,
12.980600, 137.18618, 2.0956009, 135.90231, 135.99573,
12.990580, 137.14848, 2.2312879, 135.55545, 135.63682,
13.000560, 126.06845, 2.1627474, 135.20446, 135.27381,
13.010540, 136.25870, 2.3018664, 134.84934, 134.90674,
13.020520, 132.78055, 2.2221906, 134.49011, 134.53567,
13.030490, 133.26128, 2.2921270, 134.12713, 134.16100,
13.040470, 127.84133, 2.2992202, 133.75964, 133.78198,
13.050440, 134.92480, 2.4703213, 133.38839, 133.39944,
13.060410, 131.95102, 2.4388291, 133.01300, 133.01300,
13.070380, 133.01300, 2.5603188, 132.63344, 132.62268,
13.080350, 135.57150, 2.6153989, 132.24992, 132.22868,
13.090310, 127.14207, 2.6649401, 131.86294, 131.83151,
13.100280, 136.88495, 2.7585003, 131.47191, 131.43055,
13.110240, 136.97885, 2.6253620, 131.07775, 131.02673,
13.120200, 126.04225, 2.5992989, 130.68024, 130.61981,
13.130160, 139.37775, 2.9615590, 130.27954, 130.20995,
13.140110, 138.69658, 2.4342199, 129.87622, 129.79774,
13.150070, 138.00343, 1.9206947, 129.46959, 129.38245,
13.160020, 125.43590, 1.8724120, 129.06067, 128.96511,
13.169980, 133.67565, 2.4268242, 128.64873, 128.54499,
13.179930, 128.47225, 2.2299190, 128.23480, 128.12313,
13.189870, 124.49180, 2.2295437, 127.81900, 127.69964,
13.199820, 128.75713, 2.2357545, 127.40067, 127.27385,
13.209770, 127.17403, 2.1672338, 126.98033, 126.84628,
13.219710, 130.03680, 2.0334367, 126.55860, 126.41758,
13.229650, 129.06472, 2.2111684, 126.13523, 125.98747,
13.239590, 124.60605, 2.2011082, 125.71028, 125.55603,
13.249530, 117.62972, 2.0789457, 125.28394, 125.12344,
13.259470, 122.82193, 2.1316665, 124.85636, 124.68986,
13.269410, 122.65728, 2.3280373, 124.42767, 124.25542,
13.279340, 127.20387, 2.7488080, 123.99849, 123.82073,
13.289270, 127.12390, 2.5132827, 123.56844, 123.38545,
13.299200, 128.58123, 2.5674599, 123.13777, 122.94979,
13.309130, 122.88890, 2.6591537, 122.70657, 122.51388,
13.318260, 128.30510, 2.0473817, 122.30973, 122.11293,
13.328980, 121.32207, 1.8231628, 121.84353, 121.64220,
13.339690, 124.59055, 1.9301754, 121.37766, 121.17213,
13.350400, 131.89017, 2.0029009, 120.91185, 120.70245,
13.361120, 125.57357, 1.8258040, 120.44583, 120.23287,
13.371830, 124.07528, 2.2523331, 119.98067, 119.76451,
13.382530, 125.92492, 1.7853449, 119.51653, 119.29750,
13.393240, 124.85472, 1.7208044, 119.05274, 118.83119,
13.403940, 121.15417, 1.8041072, 118.59031, 118.36659,
13.414650, 118.93892, 1.8508454, 118.12861, 117.90307,
13.425350, 122.80633, 1.5999611, 117.66862, 117.44163,
13.436050, 122.83853, 1.7066864, 117.21012, 116.98204,
13.446740, 124.76645, 1.7261264, 116.75373, 116.52493,
13.457440, 126.83200, 1.6577509, 116.29875, 116.06960,
13.468130, 123.77608, 1.5805126, 115.84624, 115.61711,
13.478830, 127.90285, 1.5782114, 115.39550, 115.16677,
13.489520, 123.28397, 1.5437582, 114.94759, 114.71965,
13.500200, 126.76070, 1.5843320, 114.50266, 114.27588,
13.510890, 126.77323, 1.5193569, 114.06009, 113.83486,
13.521570, 130.55560, 1.5042216, 113.62086, 113.39755,
13.532260, 132.13763, 1.4612743, 113.18438, 112.96337,
13.542940, 130.56107, 1.5279143, 112.75160, 112.53328,
13.553620, 131.91157, 1.7295710, 112.32234, 112.10708,
13.564290, 128.90750, 1.5651615, 111.89719, 111.68536,
13.574970, 125.47748, 1.4275100, 111.47551, 111.26749,
13.585640, 120.09145, 1.4097966, 111.05833, 110.85448,
13.596320, 127.19905, 1.4502123, 110.64503, 110.44571,
13.606990, 121.98535, 1.4858141, 110.23660, 110.04216,
13.617650, 122.16038, 1.4347575, 109.83321, 109.64399,
13.628320, 121.19500, 1.4951883, 109.43433, 109.25067,
13.638980, 122.83930, 1.4422379, 109.04087, 108.86310,
13.649650, 125.51343, 1.4688445, 108.65235, 108.48077,
13.660310, 117.70668, 1.4564643, 108.26965, 108.10457,
13.670970, 112.67065, 1.7091281, 107.89265, 107.73434,
13.681630, 120.77000, 1.6533705, 107.52155, 107.37029,
13.692280, 120.26323, 1.5054290, 107.15692, 107.01295,
13.702940, 113.18567, 1.6441588, 106.79826, 106.66183,
13.713590, 109.08145, 1.5350716, 106.44650, 106.31781,
13.724240, 108.63787, 1.4637825, 106.10147, 105.98071,
13.734890, 104.85833, 1.6707956, 105.76346, 105.65080,
13.745530, 110.33327, 1.4970244, 105.43295, 105.32852,
13.756180, 114.33247, 1.7107958, 105.10959, 105.01351,
13.766820, 106.45990, 1.8964365, 104.79419, 104.70654,
13.777460, 108.51920, 1.6999843, 104.48669, 104.40751,
13.788100, 103.15293, 1.6151299, 104.18732, 104.11665,
13.798740, 105.35040, 2.0072311, 103.89634, 103.83415,
13.809380, 106.24292, 1.8270963, 103.61401, 103.56025,
13.820010, 105.04603, 1.9239953, 103.34078, 103.29534,
13.830640, 106.65217, 1.8098089, 103.07668, 103.03944,
13.841270, 106.27398, 1.7568633, 102.82193, 102.79270,
13.851900, 102.77437, 1.7690342, 102.57684, 102.55538,
13.862530, 101.90220, 2.5039311, 102.34164, 102.32769,
13.873150, 109.72735, 2.0967077, 102.11681, 102.11002,
13.883780, 98.139135, 2.0437087, 101.90220, 101.90220,
13.894400, 101.50463, 1.9630407, 101.69839, 101.70474,
13.905020, 107.20540, 2.2364537, 101.50494, 101.51725,
13.915640, 105.11036, 2.3032818, 101.32154, 101.33943,
13.926250, 109.01703, 2.3387685, 101.14800, 101.17114,
13.936870, 105.24554, 2.9120136, 100.98374, 101.01181,
13.947480, 104.40304, 2.2785657, 100.82868, 100.86142,
13.958090, 102.54681, 2.4975088, 100.68241, 100.71956,
13.968700, 104.63051, 3.1671964, 100.54459, 100.58592,
13.979310, 113.57275, 2.4187099, 100.41496, 100.46026,
13.989910, 106.87468, 2.7471542, 100.29329, 100.34237,
14.000520, 106.81009, 2.9068455, 100.17909, 100.23178,
14.011120, 101.85150, 2.9611917, 100.07227, 100.12841,
14.021720, 106.67160, 3.0819763, 99.972434, 100.03187,
14.032320, 105.66743, 3.3906883, 99.879300, 99.941904,
14.042920, 99.332575, 7.1449418, 99.792587, 99.858229,
14.053510, 113.09150, 3.4118560, 99.712093, 99.780652,
14.064110, 104.83023, 2.9513527, 99.637384, 99.708749,
14.074700, 103.77680, 3.5696884, 99.568329, 99.642388,
14.085290, 100.31110, 3.5445482, 99.504594, 99.581238,
14.095870, 100.88658, 2.6933237, 99.445954, 99.525077,
14.106460, 104.49207, 1.7823036, 99.392038, 99.473535,
14.117040, 100.22188, 1.9429837, 99.342680, 99.426443,
14.127630, 99.819998, 1.8592644, 99.297526, 99.383446,
14.138210, 102.58496, 2.1726927, 99.256404, 99.344366,
14.148790, 108.98445, 2.2168860, 99.219011, 99.308897,
14.159370, 102.35938, 2.1403119, 99.185089, 99.276775,
14.169940, 102.79029, 2.2710432, 99.154413, 99.247767,
14.180520, 105.21550, 4.1651476, 99.126669, 99.221555,
14.182090, 112.10557, 2.1303575, 99.122789, 99.217890,
14.193560, 111.24562, 2.1614298, 99.096177, 99.192749,
14.205030, 107.39252, 2.1223046, 99.072386, 99.170243,
14.216500, 120.06243, 2.2544747, 99.051100, 99.150046,
14.227970, 119.92663, 3.5103318, 99.032001, 99.131824,
14.239430, 121.49835, 2.1687018, 99.014786, 99.115261,
14.250890, 109.82273, 1.8798762, 98.999125, 99.100013,
14.262350, 115.10917, 2.1272449, 98.984701, 99.085747,
14.273810, 113.12012, 2.2024922, 98.971203, 99.072138,
14.285270, 113.92270, 2.1762412, 98.958318, 99.058857,
14.296730, 107.21130, 2.0318510, 98.945733, 99.045573,
14.308180, 107.82432, 1.8683693, 98.933147, 99.031972,
14.319630, 101.90137, 1.8747944, 98.920238, 99.017714,
14.331080, 101.13407, 1.9156137, 98.906692, 99.002470,
14.342530, 102.15035, 1.8622747, 98.892201, 98.985914,
14.353970, 106.51517, 1.7245049, 98.876465, 98.967734,
14.365410, 104.07433, 1.6588439, 98.859158, 98.947587,
14.376860, 104.14043, 1.6055367, 98.839951, 98.925125,
14.388300, 100.59977, 1.7571865, 98.818563, 98.900058,
14.399730, 104.51310, 1.6360413, 98.794686, 98.872066,
14.411170, 99.288124, 1.5797261, 98.767961, 98.840769,
14.422600, 104.53753, 1.4512939, 98.738120, 98.805893,
14.434030, 99.566689, 1.4878920, 98.704821, 98.767084,
14.445460, 101.63862, 1.5883402, 98.667742, 98.724005,
14.456890, 94.990532, 1.5148158, 98.626566, 98.676333,
14.468320, 102.36532, 1.3881767, 98.580967, 98.623732,
14.479740, 98.383230, 1.3533463, 98.530664, 98.565920,
14.491160, 101.00946, 1.4099649, 98.475294, 98.502522,
14.502580, 96.331249, 1.4898640, 98.414531, 98.433209,
14.514000, 101.68327, 1.4746850, 98.348033, 98.357636,
14.525420, 97.887764, 1.3892664, 98.275471, 98.275471,
14.536830, 98.275471, 1.2561804, 98.196705, 98.186599,
14.548240, 94.790060, 1.4048532, 98.111949, 98.091295,
14.559650, 98.606379, 1.6585448, 98.021592, 97.990037,
14.571060, 96.109577, 1.3708030, 97.926046, 97.883323,
14.582470, 101.47799, 1.7972487, 97.825696, 97.771628,
14.593870, 96.392372, 1.3765119, 97.721020, 97.655532,
14.605270, 97.302752, 1.6950759, 97.612325, 97.535424,
14.616670, 92.360540, 17.175485, 97.500006, 97.411792,
14.628070, 92.104956, 1.6110182, 97.384426, 97.285094,
14.639470, 95.313551, 1.5266300, 97.265979, 97.155817,
14.650860, 95.965578, 1.3934705, 97.145155, 97.024560,
14.662260, 95.027262, 1.4035607, 97.022113, 96.891559,
14.673650, 96.703342, 1.5093149, 96.897456, 96.757532,
14.685040, 100.89748, 1.7186025, 96.771438, 96.622823,
14.696420, 96.724159, 1.5460733, 96.644574, 96.488051,
14.707810, 91.167019, 1.6366967, 96.516983, 96.353422,
14.719190, 99.355589, 1.8863803, 96.389296, 96.219678,
14.730570, 100.34929, 2.4548847, 96.261749, 96.087148,
14.741950, 97.747656, 1.7953917, 96.134727, 95.956316,
14.753330, 96.632177, 1.8818569, 96.008604, 95.827657,
14.764700, 90.826246, 2.0357866, 95.883869, 95.701760,
14.776080, 96.355907, 1.8762396, 95.760668, 95.578867,
14.787450, 95.249073, 1.7534159, 95.639603, 95.459680,
14.798820, 99.457743, 2.2192807, 95.520936, 95.344559,
14.810190, 96.966743, 2.1447847, 95.405034, 95.233970,
14.821550, 93.822342, 2.0871321, 95.292390, 95.128495,
14.832920, 95.833759, 1.9347481, 95.183184, 95.028424,
14.844280, 98.387939, 1.9901550, 95.077981, 94.934403,
14.855640, 93.214878, 1.9792627, 94.977069, 94.846824,
14.866990, 93.975367, 1.9521957, 94.880922, 94.766237,
14.878350, 90.567699, 1.9514754, 94.789746, 94.692973,
14.889710, 95.265940, 2.2102544, 94.704024, 94.627592,
14.901060, 94.400295, 4.0127809, 94.624218, 94.570627,
14.912410, 95.628380, 2.2796026, 94.550639, 94.522495,
14.923760, 94.483681, 2.7916866, 94.483681, 94.483681,
14.935100, 93.348270, 2.5841517, 94.423785, 94.454543,
14.946450, 94.734314, 2.3716687, 94.371133, 94.434736,
14.957790, 90.461861, 2.2413217, 94.326113, 94.423857,
14.969130, 96.397491, 2.7555698, 94.288967, 94.421445,
14.980470, 100.30288, 2.3279579, 94.259979, 94.427062,
14.991810, 103.87900, 2.7079859, 94.239450, 94.440271,
15.003140, 96.939903, 2.3865628, 94.227687, 94.460619,
15.014480, 94.315636, 2.3126285, 94.224975, 94.487703,
15.025810, 89.470316, 2.3222373, 94.231626, 94.521050,
15.037140, 101.60066, 2.3281031, 94.247946, 94.560245,
15.048460, 99.595058, 2.6505544, 94.274225, 94.604821,
15.059790, 98.628956, 4.8659267, 94.310830, 94.654426,
15.071110, 98.712980, 4.2829864, 94.358026, 94.708550,
15.082440, 95.062195, 1.9654226, 94.416228, 94.766862,
15.093750, 95.399782, 1.6611130, 94.485597, 94.828771,
15.105070, 96.157488, 1.7182615, 94.566650, 94.894020,
15.116390, 103.19388, 2.6405408, 94.659677, 94.962129,
15.127700, 90.973425, 3.2082180, 94.764925, 95.032610,
15.139020, 97.322172, 1.8493350, 94.882949, 95.105170,
15.150330, 103.53531, 1.8158140, 95.013894, 95.179255,
15.162390, 94.770887, 2.1753267, 95.168294, 95.259535,
15.174730, 94.298782, 2.0872909, 95.342525, 95.342525,
15.187070, 95.342525, 2.0657522, 95.533410, 95.425913,
15.199410, 98.696630, 2.3409038, 95.740211, 95.509614,
15.211740, 92.202112, 2.0944235, 95.961693, 95.593538,
15.224080, 106.98327, 1.9196844, 96.197264, 95.677838,
15.236410, 104.32027, 1.8352636, 96.445515, 95.762356,
15.248740, 95.603888, 1.8714079, 96.705656, 95.847161,
15.261060, 100.37512, 1.8231003, 96.976474, 95.932174,
15.273390, 101.18216, 1.8963477, 97.257459, 96.017534,
15.285710, 102.01836, 2.0072193, 97.547190, 96.103100,
15.298030, 103.47430, 2.1757058, 97.844899, 96.188924,
15.310350, 98.547237, 1.9732383, 98.149678, 96.275016,
15.322660, 102.21645, 2.0233364, 98.460285, 96.361290,
15.334980, 100.90182, 2.0058967, 98.776280, 96.447882,
15.347290, 100.37569, 2.0817665, 99.096229, 96.534654,
15.359600, 97.576349, 2.0315327, 99.419436, 96.621666,
15.371900, 107.31252, 2.0270941, 99.744686, 96.708842,
15.384210, 102.10904, 1.9266545, 100.07160, 96.796324,
15.396510, 111.51810, 2.1162103, 100.39870, 96.883967,
15.408810, 100.84989, 2.1910514, 100.72530, 96.971826,
15.421110, 101.65490, 2.0364830, 101.05050, 97.059910,
15.433410, 101.94322, 1.9093912, 101.37332, 97.148203,
15.445700, 99.496471, 1.9464414, 101.69261, 97.236637,
15.457990, 101.47555, 2.1490677, 102.00768, 97.325278,
15.470280, 100.23783, 2.2347832, 102.31760, 97.414120,
15.482570, 97.725430, 2.1383683, 102.62142, 97.503159,
15.494860, 101.67900, 1.9906630, 102.91820, 97.592392,
15.507140, 103.94031, 1.9682849, 103.20676, 97.681746,
15.519420, 102.09078, 1.8035931, 103.48639, 97.771277,
15.531700, 103.41424, 2.0713342, 103.75615, 97.860997,
15.543980, 100.93003, 1.9258361, 104.01506, 97.950887,
15.556260, 107.21921, 2.5229024, 104.26217, 98.040958,
15.568530, 104.26217, 1.7514387, 104.49660, 98.131121,
15.580800, 105.04730, 1.6398814, 104.71899, 98.221450,
15.593070, 105.44995, 1.7588143, 104.93006, 98.311940,
15.605340, 106.47725, 1.8736835, 105.13053, 98.402589,
15.617600, 106.40030, 1.6128672, 105.32095, 98.493322,
15.629860, 102.99573, 1.5162917, 105.50216, 98.584198,
15.642120, 106.02715, 1.5472739, 105.67490, 98.675228,
15.654380, 104.79060, 1.4908752, 105.83980, 98.766394,
15.666640, 101.43228, 1.4363931, 105.99760, 98.857707,
15.678890, 108.38387, 1.5805379, 106.14882, 98.949078,
15.691140, 106.55288, 1.5058412, 106.29428, 99.040581,
15.703390, 109.32297, 1.3754316, 106.43464, 99.132214,
15.715640, 104.67067, 1.4224717, 106.57059, 99.223972,
15.727890, 109.68317, 2.1761686, 106.70277, 99.315853,
15.740130, 104.50196, 1.5670904, 106.83176, 99.407780,
15.752370, 109.97230, 1.6314618, 106.95831, 99.499816,
15.764610, 113.98697, 1.6371652, 107.08310, 99.591970,
15.776850, 108.34375, 1.6541297, 107.20677, 99.684227,
15.789090, 113.39598, 1.7212638, 107.32999, 99.776595,
15.801320, 110.71982, 1.8238561, 107.45331, 99.868987,
15.813550, 111.11132, 2.0605969, 107.57749, 99.961477,
15.825780, 112.90718, 1.9938665, 107.70318, 100.05406,
15.838010, 116.06833, 2.1801934, 107.83104, 100.14674,
15.850230, 111.20470, 2.1256201, 107.96162, 100.23944,
15.862450, 111.31530, 2.0719919, 108.09568, 100.33221,
15.874670, 114.36718, 2.2158300, 108.23388, 100.42507,
15.886890, 116.42257, 2.2681066, 108.37689, 100.51801,
15.899110, 115.49283, 2.2144639, 108.52536, 100.61103,
15.911320, 113.88125, 2.1941838, 108.67984, 100.70404,
15.923540, 107.67267, 2.0934911, 108.84125, 100.79720,
15.935750, 111.53697, 2.3164675, 109.01000, 100.89035,
15.947960, 111.12880, 2.4727805, 109.18690, 100.98356,
15.960160, 111.66223, 2.5399930, 109.37247, 101.07677,
15.972370, 110.62855, 2.4594737, 109.56770, 101.17010,
15.984570, 111.45147, 2.2220925, 109.77296, 101.26341,
15.996770, 108.13075, 2.3364988, 109.98912, 101.35678,
16.008961, 108.02608, 2.1957960, 110.21668, 101.45012,
16.021160, 108.91175, 2.2556258, 110.45670, 101.54357,
16.033350, 116.09145, 2.3017923, 110.70952, 101.63700,
16.045549, 115.89715, 2.1625623, 110.97626, 101.73054,
16.057739, 120.61275, 2.0349013, 111.25724, 101.82404,
16.069920, 110.91377, 2.1648501, 111.55315, 101.91750,
16.082109, 111.12827, 14.601109, 111.86521, 102.01107,
16.094290, 112.03350, 2.0816155, 112.19366, 102.10459,
16.106470, 111.84930, 2.1487828, 112.53953, 102.19814,
16.118650, 112.38073, 1.9965423, 112.90356, 102.29172,
16.130831, 114.59310, 2.1524314, 113.28655, 102.38531,
16.143009, 108.33253, 2.0503844, 113.68921, 102.47890,
16.155180, 118.28905, 2.2188509, 114.11214, 102.57245,
16.167351, 122.96902, 2.3224161, 114.55639, 102.66601,
16.179520, 118.46683, 2.4519298, 115.02270, 102.75957,
16.191681, 116.56208, 2.2905531, 115.51167, 102.85307,
16.203850, 114.33282, 2.2551036, 116.02475, 102.94663,
16.216009, 120.88275, 2.9514673, 116.56208, 103.04012,
16.228170, 115.30410, 3.4393695, 117.12457, 103.13362,
16.240330, 127.77890, 3.2979874, 117.71084, 103.22710,
16.252489, 118.08217, 3.6731861, 118.31932, 103.32057,
16.264641, 119.36355, 3.0536683, 118.94799, 103.41397,
16.276791, 120.37330, 3.5051978, 119.59553, 103.50734,
16.288950, 135.70060, 3.6306047, 120.26094, 103.60077,
16.301090, 121.06287, 3.1933855, 120.94106, 103.69403,
16.313240, 121.03568, 4.0960383, 121.63590, 103.78734,
16.325380, 126.22792, 4.6514254, 122.34278, 103.88055,
16.337530, 142.79455, 4.1955069, 123.06127, 103.97381,
16.349670, 148.10640, 2.9554337, 123.78866, 104.06696,
16.361799, 152.78035, 2.6905026, 124.52328, 104.15999,
16.373940, 162.69878, 6.9575766, 125.26496, 104.25307,
16.386070, 170.67890, 5.8547002, 126.01089, 104.34604,
16.398211, 182.18000, 6.1046062, 126.76069, 104.43903,
16.410339, 177.90277, 14.664764, 127.51153, 104.53190,
16.422461, 183.28177, 22.401999, 128.26212, 104.62465,
16.434589, 183.73788, 6.7128850, 129.01186, 104.71741,
16.446711, 184.97073, 5.1627015, 129.75828, 104.81006,
16.458839, 185.54568, 3.2887361, 130.50079, 104.90271,
16.470961, 178.82782, 3.1532307, 131.23691, 104.99525,
16.483070, 171.36665, 3.3241621, 131.96489, 105.08763,
16.495190, 167.79720, 5.1301858, 132.68444, 105.18001,
16.500280, 160.68150, 2.5499438, 132.98364, 105.21880,
16.513599, 161.06173, 2.2661984, 133.75680, 105.32022,
16.526911, 153.99115, 2.1072335, 134.51395, 105.42149,
16.540211, 152.35823, 2.1243224, 135.25283, 105.52259,
16.553520, 177.37447, 2.3312097, 135.97254, 105.62365,
16.566820, 144.93232, 2.3161311, 136.66995, 105.72455,
16.580120, 142.49085, 2.3877570, 137.34347, 105.82534,
16.593420, 138.84057, 2.1501216, 137.99100, 105.92602,
16.606710, 143.78065, 2.2872505, 138.60995, 106.02651,
16.620001, 141.95950, 2.3396194, 139.19866, 106.12689,
16.633301, 142.49613, 2.4653691, 139.75533, 106.22722,
16.646589, 150.43045, 2.5294022, 140.27691, 106.32734,
16.659870, 134.58128, 2.4559030, 140.76140, 106.42726,
16.673149, 141.20683, 2.3967614, 141.20683, 106.52705,
16.686440, 136.27253, 2.2175488, 141.61226, 106.62677,
16.699711, 146.89625, 2.3789454, 141.97920, 106.72622,
16.712990, 152.81913, 2.7490803, 142.31172, 106.82557,
16.726271, 143.50742, 2.4511990, 142.61290, 106.92479,
16.739540, 142.06380, 2.1775879, 142.88573, 107.02376,
16.752810, 143.65758, 2.0943805, 143.13370, 107.12258,
16.766081, 149.98998, 2.6701353, 143.36005, 107.22125,
16.779341, 146.84190, 2.0474094, 143.56777, 107.31966,
16.792601, 142.11042, 2.0533357, 143.76023, 107.41790,
16.805870, 140.74683, 1.9182634, 143.94073, 107.51603,
16.819120, 140.00447, 2.0377387, 144.11205, 107.61384,
16.832380, 141.85535, 1.7811097, 144.27771, 107.71153,
16.845631, 145.33680, 1.6470799, 144.44062, 107.80896,
16.858891, 141.47055, 1.7015963, 144.60416, 107.90627,
16.872141, 141.43360, 2.1939189, 144.77124, 108.00330,
16.885380, 147.01797, 2.0344278, 144.94496, 108.10004,
16.898630, 149.12885, 1.8415792, 145.12877, 108.19666,
16.911869, 141.16545, 1.8533026, 145.32549, 108.29298,
16.925110, 152.45835, 1.9394858, 145.53846, 108.38909,
16.938351, 145.77083, 2.1216419, 145.77083, 108.48498,
16.951580, 145.50013, 2.1069093, 146.02423, 108.58055,
16.964821, 150.31427, 2.3062606, 146.29575, 108.67597,
16.978050, 159.02982, 2.3452815, 146.58028, 108.77107,
16.991270, 154.54823, 2.3235302, 146.87320, 108.86585,
17.004499, 180.51450, 2.3969313, 147.17031, 108.96045,
17.017719, 290.78835, 2.8348704, 147.46656, 109.05473,
17.030951, 604.24567, 4.0277514, 147.75782, 109.14883,
17.044161, 603.65210, 4.5307214, 148.03874, 109.24251,
17.057381, 229.41053, 3.0468041, 148.30538, 109.33598,
17.070601, 157.74525, 2.3168327, 148.55289, 109.42918,
17.083811, 163.95605, 2.3551544, 148.77647, 109.52203,
17.097019, 166.96270, 2.1462392, 148.97164, 109.61457,
17.110229, 166.54548, 2.2128342, 149.13379, 109.70683,
17.123430, 152.15957, 2.3388886, 149.25812, 109.79873,
17.136641, 148.44060, 2.0822722, 149.34009, 109.89038,
17.149839, 155.21582, 2.2489099, 149.37486, 109.98165,
17.163040, 153.12795, 1.8808134, 149.35775, 110.07260,
17.176229, 148.94735, 1.7957071, 149.28404, 110.16316,
17.189430, 145.30902, 1.8849691, 149.14878, 110.25346,
17.202620, 150.22390, 1.9486009, 148.94735, 110.34335,
17.215811, 146.29910, 1.9538944, 148.67614, 110.43290,
17.229000, 149.21217, 1.8999363, 148.33745, 110.52210,
17.242180, 151.93975, 1.9216496, 147.93518, 110.61087,
17.255369, 150.10882, 2.0019979, 147.47230, 110.69935,
17.268551, 153.06802, 2.3281318, 146.95295, 110.78740,
17.281719, 154.87843, 2.2547989, 146.38096, 110.87499,
17.294901, 154.51700, 2.7124887, 145.75863, 110.96229,
17.308069, 157.18365, 2.7540855, 145.09064, 111.04911,
17.321251, 166.24588, 2.6417993, 144.37901, 111.13562,
17.334410, 173.34587, 2.9242874, 143.62912, 111.22158,
17.347580, 165.95820, 2.8265555, 142.84238, 111.30720,
17.360750, 168.09250, 2.9945773, 142.02275, 111.39241,
17.373911, 166.59593, 3.2160136, 141.17413, 111.47712,
17.387070, 155.01810, 3.0697830, 140.29934, 111.56140,
17.400230, 167.12485, 3.1944737, 139.40136, 111.64524,
17.413380, 156.10125, 2.8483081, 138.48437, 111.72857,
17.426540, 154.66620, 2.8384629, 137.54997, 111.81151,
17.439690, 148.43018, 2.7832178, 136.60300, 111.89392,
17.452841, 152.14085, 2.8992629, 135.64571, 111.97587,
17.465981, 144.40187, 3.1070675, 134.68225, 112.05727,
17.479130, 144.97725, 2.7424434, 133.71426, 112.13824,
17.492270, 140.91502, 2.5519646, 132.74633, 112.21866,
17.505409, 134.95100, 2.5064237, 131.78093, 112.29857,
17.518551, 135.30270, 2.5970434, 130.82108, 112.37798,
17.531679, 134.34148, 2.5579165, 129.87107, 112.45680,
17.544821, 138.47332, 2.4261901, 128.93214, 112.53516,
17.557949, 125.79238, 2.4628128, 128.00938, 112.61291,
17.571079, 127.09307, 2.7442614, 127.10489, 112.69012,
17.584200, 128.22033, 2.5105967, 126.22266, 112.76672,
17.597330, 132.27913, 2.8868158, 125.36459, 112.84281,
17.610451, 120.99715, 2.5632603, 124.53519, 112.91827,
17.623569, 122.97353, 2.5967023, 123.73715, 112.99313,
17.636690, 128.43442, 2.7952127, 122.97353, 113.06742,
17.649799, 119.84372, 3.0746329, 122.24759, 113.14103,
17.662910, 123.21015, 3.4670851, 121.55819, 113.21405,
17.676029, 125.30850, 5.8907160, 120.90398, 113.28648,
17.689131, 131.55575, 7.3192327, 120.28509, 113.35819,
17.702240, 132.55753, 4.6399393, 119.69926, 113.42929,
17.715349, 123.80767, 4.4202218, 119.14585, 113.49975,
17.728451, 129.79317, 3.9515971, 118.62414, 113.56949,
17.741550, 128.52723, 3.8149804, 118.13291, 113.63856,
17.754641, 130.59420, 2.9561877, 117.67142, 113.70688,
17.767740, 132.95115, 2.7989038, 117.23807, 113.77457,
17.780830, 130.10570, 3.3190025, 116.83257, 113.84149,
17.793921, 134.08205, 2.8251564, 116.45368, 113.90770,
17.807011, 136.34887, 2.6170277, 116.10053, 113.97317,
17.820101, 132.37628, 2.8379798, 115.77223, 114.03791,
17.833179, 130.38902, 2.7222964, 115.46819, 114.10183,
17.846270, 123.00590, 2.4342330, 115.18704, 114.16505,
17.859341, 120.11603, 2.5602058, 114.92858, 114.22740,
17.872419, 117.93905, 2.5071335, 114.69145, 114.28899,
17.885500, 124.18613, 2.9113647, 114.47499, 114.34979,
17.898569, 127.58527, 2.7423437, 114.27860, 114.40972,
17.911640, 117.81615, 2.6045167, 114.10130, 114.46883,
17.924709, 113.87227, 2.4531935, 113.94238, 114.52710,
17.937780, 117.66945, 3.8490296, 113.80105, 114.58452,
17.941250, 123.56557, 2.3513011, 113.76640, 114.59961,
17.955721, 132.56125, 2.2951755, 113.63440, 114.66191,
17.970181, 120.48215, 2.1455760, 113.52196, 114.72307,
17.984650, 120.52210, 2.0565622, 113.42794, 114.78317,
17.999109, 114.25128, 2.1921329, 113.35153, 114.84210,
18.013571, 117.27827, 2.3784626, 113.29171, 114.89990,
18.028021, 121.24960, 2.1553240, 113.24761, 114.95649,
18.042480, 124.18180, 2.2700794, 113.21825, 115.01193,
18.056931, 119.34982, 2.4005763, 113.20277, 115.06613,
18.071381, 120.66955, 2.4497034, 113.20028, 115.11910,
18.085819, 104.36161, 2.5344795, 113.20987, 115.17079,
18.100269, 113.23070, 2.7096250, 113.23070, 115.22125,
18.114710, 113.16630, 2.6559405, 113.26193, 115.27039,
18.129150, 119.68750, 2.8838753, 113.30293, 115.31822,
18.143579, 119.44330, 2.7035764, 113.35304, 115.36468,
18.158020, 114.07360, 2.3796766, 113.41176, 115.40982,
18.172449, 117.02495, 2.3824774, 113.47842, 115.45354,
18.186880, 116.26840, 2.4540526, 113.55247, 115.49586,
18.201300, 123.36208, 2.3775538, 113.63329, 115.53673,
18.215719, 119.36095, 2.1604835, 113.72036, 115.57614,
18.230150, 121.51183, 1.9394594, 113.81319, 115.61411,
18.244560, 124.91715, 1.9778377, 113.91101, 115.65052,
18.258980, 121.07105, 1.8983231, 114.01348, 115.68543,
18.273390, 123.87683, 2.0986654, 114.11990, 115.71877,
18.287800, 115.56975, 2.0072077, 114.22980, 115.75052,
18.302210, 117.94602, 2.0722803, 114.34264, 115.78068,
18.316620, 118.21745, 2.1792817, 114.45788, 115.80919,
18.331020, 121.90050, 2.8400144, 114.57489, 115.83603,
18.345421, 122.84122, 2.3940293, 114.69323, 115.86118,
18.359819, 120.06800, 2.4222675, 114.81233, 115.88461,
18.374210, 123.69100, 2.5878485, 114.93163, 115.90628,
18.388611, 110.97325, 2.5655780, 115.05072, 115.92619,
18.403000, 117.42020, 2.3847024, 115.16890, 115.94427,
18.417379, 119.88102, 2.5494140, 115.28565, 115.96051,
18.431770, 113.61660, 2.4837547, 115.40061, 115.97490,
18.446150, 125.12087, 2.4335027, 115.51307, 115.98737,
18.460529, 125.49857, 3.2061868, 115.62257, 115.99792,
18.474911, 119.24015, 2.3707379, 115.72860, 116.00650,
18.489281, 112.55607, 2.3191762, 115.83051, 116.01308,
18.503660, 116.80583, 2.0908932, 115.92791, 116.01764,
18.518030, 112.24540, 1.8866265, 116.02012, 116.02012,
18.532391, 116.02012, 1.7856997, 116.10672, 116.02053,
18.546761, 121.34132, 1.9193531, 116.18782, 116.01886,
18.561119, 115.48100, 2.0363577, 116.26339, 116.01517,
18.575480, 134.08733, 2.2277898, 116.33362, 116.00949,
18.589840, 124.74368, 2.4479477, 116.39858, 116.00184,
18.604191, 126.46947, 2.2469360, 116.45832, 115.99228,
18.618549, 123.11407, 2.4644996, 116.51301, 115.98081,
18.632900, 120.88572, 2.2248297, 116.56267, 115.96748,
18.647240, 112.14493, 2.6470428, 116.60736, 115.95233,
18.661591, 120.65825, 2.6554796, 116.64725, 115.93537,
18.675930, 124.92520, 3.0018647, 116.68232, 115.91665,
18.690269, 124.47063, 2.7572403, 116.71269, 115.89619,
18.704611, 125.52093, 2.6824823, 116.73841, 115.87401,
18.718941, 124.13883, 2.7455224, 116.75953, 115.85017,
18.733271, 120.78963, 2.3022661, 116.77613, 115.82466,
18.747601, 115.78778, 2.2529887, 116.78825, 115.79754,
18.761930, 124.59278, 2.2783234, 116.79595, 115.76880,
18.776260, 135.09078, 2.5860787, 116.79927, 115.73850,
18.790581, 122.82902, 2.5796426, 116.79826, 115.70666,
18.804899, 127.34798, 2.1690977, 116.79295, 115.67331,
18.819220, 128.17580, 2.2025713, 116.78339, 115.63845,
18.833530, 129.22790, 2.3143223, 116.76961, 115.60214,
18.847839, 128.52090, 2.1425962, 116.75165, 115.56439,
18.862150, 137.01390, 2.3889870, 116.72952, 115.52521,
18.876459, 140.92340, 2.4969620, 116.70326, 115.48463,
18.890770, 144.99005, 2.7471210, 116.67287, 115.44267,
18.905069, 136.67200, 3.0151269, 116.63840, 115.39939,
18.919371, 133.19397, 2.9314197, 116.59984, 115.35476,
18.933670, 138.66342, 2.8763653, 116.55721, 115.30883,
18.947960, 137.76260, 3.2110093, 116.51055, 115.26165,
18.962250, 129.42040, 3.2093474, 116.45983, 115.21319,
18.976540, 143.50447, 3.3832815, 116.40505, 115.16349,
18.990829, 140.04247, 3.7777446, 116.34621, 115.11256,
19.005119, 146.01490, 3.4038238, 116.28331, 115.06042,
19.019400, 128.18910, 3.2873376, 116.21638, 115.00712,
19.033680, 131.23420, 3.0244459, 116.14537, 114.95266,
19.047960, 118.25395, 2.9832239, 116.07027, 114.89705,
19.062229, 127.37285, 3.1840083, 115.99112, 114.84035,
19.076500, 124.21185, 3.1983170, 115.90784, 114.78253,
19.090771, 123.36482, 3.3236606, 115.82041, 114.72362,
19.105040, 121.83485, 2.8668560, 115.72882, 114.66363,
19.119310, 132.41757, 2.8369143, 115.63301, 114.60258,
19.133570, 132.92247, 2.7001772, 115.53305, 114.54054,
19.147829, 130.11588, 3.1955150, 115.42882, 114.47746,
19.162090, 125.17917, 3.4918058, 115.32026, 114.41337,
19.176340, 117.65165, 3.5279293, 115.20746, 114.34834,
19.190599, 128.81705, 3.5184953, 115.09018, 114.28229,
19.204849, 127.32455, 4.1010034, 114.96854, 114.21532,
19.219101, 121.57170, 4.1821400, 114.84240, 114.14739,
19.233339, 108.88899, 3.8647368, 114.71183, 114.07859,
19.247580, 120.12540, 4.9040573, 114.57665, 114.00887,
19.261820, 129.01205, 5.3171315, 114.43682, 113.93824,
19.276060, 117.66460, 4.0440484, 114.29225, 113.86672,
19.290300, 128.68888, 5.1936910, 114.14289, 113.79433,
19.304529, 121.32262, 4.6023591, 113.98879, 113.72114,
19.318760, 113.49650, 4.1693706, 113.82973, 113.64709,
19.332991, 128.39045, 4.2580787, 113.66566, 113.57220,
19.347219, 109.62598, 3.5666517, 113.49650, 113.49650,
19.361441, 110.03060, 4.4246566, 113.32226, 113.42003,
19.375660, 114.77390, 4.1302581, 113.14276, 113.34278,
19.389879, 116.65815, 3.9104321, 112.95790, 113.26474,
19.404100, 146.14538, 3.8866196, 112.76754, 113.18592,
19.418310, 147.98915, 4.2549356, 112.57178, 113.10640,
19.432520, 147.39537, 5.1881687, 112.37034, 113.02613,
