# wave, flux, fluxerr, continuum, continuum_plateau
9.9725246, 76.676189, 1.6729768, 80.085809, 80.066441,
9.9806166, 79.107054, 2.0758317, 79.550546, 79.535814,
9.9887066, 76.009670, 1.6797192, 79.026401, 79.015551,
9.9967957, 74.507380, 1.5310938, 78.513426, 78.505764,
10.004880, 78.804531, 1.8551200, 78.011974, 78.006863,
10.012970, 73.972979, 1.6253854, 77.521521, 77.518383,
10.021050, 78.750980, 1.6432267, 77.043112, 77.041419,
10.029140, 73.209030, 1.7137120, 76.575748, 76.575028,
10.037220, 74.477900, 1.8560133, 76.120717, 76.120545,
10.045300, 75.850813, 1.6201554, 75.677544, 75.677544,
10.053380, 75.677544, 1.7869492, 75.246315, 75.246158,
10.061460, 76.415070, 1.9966424, 74.827275, 74.826676,
10.069540, 75.133999, 1.7323733, 74.420471, 74.419187,
10.077610, 77.725262, 1.4968620, 74.026603, 74.024435,
10.085690, 74.873274, 1.8041633, 73.644844, 73.641626,
10.093760, 77.938400, 1.9014037, 73.276249, 73.271856,
10.101830, 75.501446, 1.5250992, 72.920515, 72.914855,
10.109900, 78.296120, 1.6280288, 72.577763, 72.570778,
10.117970, 76.408243, 1.5277809, 72.248237, 72.239897,
10.126040, 77.707638, 1.8434734, 71.932063, 71.922368,
10.134100, 75.996229, 1.6348642, 71.629793, 71.618772,
10.142170, 73.901632, 2.0181221, 71.340814, 71.328515,
10.150230, 69.817593, 2.2461129, 71.066021, 71.052520,
10.158300, 77.074064, 1.7342214, 70.804943, 70.790331,
10.166360, 76.310102, 1.5545376, 70.558409, 70.542798,
10.174420, 76.718885, 1.6695485, 70.326227, 70.309746,
10.182470, 75.107193, 1.6637903, 70.108893, 70.091682,
10.190530, 73.611393, 1.7295125, 69.906055, 69.888265,
10.198590, 73.883989, 1.5583277, 69.718153, 69.699947,
10.206640, 65.131480, 1.6853052, 69.545629, 69.527174,
10.214690, 74.503515, 1.7057391, 69.388430, 69.369899,
10.222750, 72.079161, 1.6385090, 69.246605, 69.228173,
10.230800, 71.154497, 1.5718878, 69.120700, 69.102543,
10.238850, 67.377881, 1.5469019, 69.010753, 68.993042,
10.246890, 78.287060, 1.7055380, 68.917083, 68.899985,
10.254940, 71.708984, 1.8293012, 68.839690, 68.823366,
10.262990, 73.558634, 1.7406030, 68.778920, 68.763522,
10.271030, 70.297134, 1.7222871, 68.735047, 68.720710,
10.279070, 67.455761, 1.7530046, 68.708223, 68.695071,
10.287120, 78.132093, 1.6402754, 68.698680, 68.686819,
10.295150, 70.311724, 1.8769922, 68.706663, 68.696177,
10.303190, 82.840988, 2.1013789, 68.732419, 68.723371,
10.311230, 69.642138, 1.5975774, 68.776192, 68.768620,
10.319270, 67.783877, 1.5124521, 68.838246, 68.832161,
10.327300, 69.645695, 1.6459305, 68.918721, 68.914098,
10.335340, 70.100212, 1.4994927, 69.018077, 69.014863,
10.343370, 66.579569, 1.6525546, 69.136361, 69.134463,
10.351400, 73.986565, 1.9118564, 69.273922, 69.273210,
10.359430, 69.372911, 1.9286508, 69.431051, 69.431352,
10.367460, 69.562136, 1.7581986, 69.608029, 69.609125,
10.375480, 62.717665, 1.8039223, 69.804872, 69.806494,
10.383510, 64.148346, 1.7697100, 70.022383, 70.024216,
10.391530, 67.835903, 1.7546393, 70.260321, 70.261993,
10.399560, 68.576204, 1.5009827, 70.519551, 70.520631,
10.407580, 71.510571, 1.3293315, 70.799763, 70.799763,
10.415600, 70.799763, 1.5253610, 71.101370, 71.099758,
10.423620, 70.481421, 1.4347507, 71.423988, 71.420275,
10.431640, 70.942003, 1.5507913, 71.766935, 71.760691,
10.439650, 73.193523, 1.4961005, 72.129205, 72.120062,
10.447670, 74.405241, 1.5107019, 72.511110, 72.498748,
10.455680, 79.250387, 1.5083837, 72.911063, 72.895221,
10.463700, 74.694668, 1.5152075, 73.329525, 73.309980,
10.471710, 75.354486, 1.6752106, 73.764820, 73.741407,
10.479720, 76.151894, 1.5395391, 74.216908, 74.189499,
10.487730, 74.438814, 1.6160049, 74.685216, 74.653724,
10.495730, 73.100609, 1.6960457, 75.168592, 75.132973,
10.503740, 75.106533, 1.8826913, 75.667623, 75.627859,
10.511750, 79.652920, 1.9349685, 76.181183, 76.137293,
10.519750, 78.322895, 1.8330121, 76.708013, 76.660055,
10.527750, 82.957748, 2.1002149, 77.248291, 77.196344,
10.535750, 82.213896, 2.3056896, 77.801406, 77.745578,
10.543750, 83.064241, 2.4296079, 78.366745, 78.307168,
10.551750, 79.956209, 2.7445422, 78.943899, 78.880729,
10.559750, 84.038599, 2.0661646, 79.532191, 79.465605,
10.567850, 95.036079, 1.5341550, 80.138787, 80.068944,
10.576350, 83.810263, 1.5918311, 80.786464, 80.713440,
10.584840, 87.549250, 1.5668428, 81.444119, 81.368182,
10.593340, 90.408937, 2.0356239, 82.112743, 82.034171,
10.601830, 93.192730, 1.5113547, 82.790056, 82.709150,
10.610330, 100.09677, 1.7879450, 83.477102, 83.394171,
10.618820, 92.802164, 1.6177332, 84.171638, 84.087011,
10.627310, 93.386509, 1.5117683, 84.873727, 84.787742,
10.635800, 86.642576, 1.5502284, 85.582907, 85.495912,
10.644280, 91.521433, 1.5114939, 86.297592, 86.209946,
10.652770, 91.776463, 1.5960587, 87.018852, 86.930921,
10.661250, 91.823732, 1.4113150, 87.744453, 87.656610,
10.669740, 92.436420, 1.4757938, 88.475412, 88.388040,
10.678220, 94.281998, 1.6669698, 89.209477, 89.122961,
10.686700, 92.247351, 1.6508625, 89.946857, 89.861589,
10.695180, 97.808903, 1.5575192, 90.686941, 90.603318,
10.703650, 97.890629, 1.6946584, 91.428287, 91.346707,
10.712130, 99.935337, 1.7136129, 92.171873, 92.092743,
10.720600, 102.01469, 1.6960845, 92.915588, 92.839315,
10.729080, 98.752085, 1.7176364, 93.660416, 93.587416,
10.737550, 99.417170, 1.7527263, 94.403993, 94.334678,
10.746020, 106.08930, 1.6987559, 95.146720, 95.081509,
10.754490, 107.05525, 1.6468610, 95.887823, 95.827142,
10.762960, 103.41049, 1.6884463, 96.626865, 96.571141,
10.771420, 103.73000, 1.8652612, 97.362162, 97.311822,
10.779890, 101.90793, 1.7422801, 98.095098, 98.050587,
10.788350, 105.58718, 1.6143693, 98.823169, 98.784924,
10.796810, 96.156902, 1.7084673, 99.546677, 99.515148,
10.805270, 104.29840, 1.9759320, 100.26502, 100.24066,
10.813730, 102.38291, 1.8657187, 100.97757, 100.96086,
10.822190, 97.907846, 1.6917262, 101.68374, 101.67514,
10.830650, 100.76289, 2.0814157, 102.38291, 102.38291,
10.839100, 108.33520, 2.0537859, 103.07372, 103.08280,
10.847560, 105.73095, 1.7673429, 103.75791, 103.77653,
10.856010, 104.01097, 1.8122039, 104.43396, 104.46253,
10.864460, 105.14517, 2.1537975, 105.10271, 105.14159,
10.872910, 111.30070, 2.7029118, 105.76433, 105.81387,
10.881360, 113.31605, 3.4417792, 106.41903, 106.47952,
10.889800, 112.08985, 2.0792448, 107.06603, 107.13772,
10.898250, 118.10598, 2.5014413, 107.70700, 107.79012,
10.906690, 113.70188, 2.6843238, 108.34058, 108.43531,
10.915140, 114.53990, 2.1811528, 108.96839, 109.07491,
10.923580, 127.45252, 2.5195785, 109.58898, 109.70740,
10.932020, 119.11323, 2.6140332, 110.20324, 110.33365,
10.940460, 127.23545, 2.7098702, 110.81126, 110.95374,
10.948890, 138.00420, 2.6933184, 111.41241, 111.56698,
10.957330, 135.27672, 2.7973332, 112.00827, 112.17496,
10.965760, 148.63645, 1.9232143, 112.59754, 112.77631,
10.974200, 163.79728, 2.1363462, 113.18164, 113.37248,
10.982630, 171.78098, 2.0730619, 113.75927, 113.96210,
10.991060, 182.33932, 2.7705038, 114.33134, 114.54606,
10.999490, 181.28620, 2.0440334, 114.89779, 115.12430,
11.007920, 183.97112, 2.2134099, 115.45884, 115.69702,
11.016340, 182.30733, 1.7060969, 116.01384, 116.26351,
11.024770, 174.37757, 2.0429541, 116.56419, 116.82519,
11.033190, 179.24002, 4.8624949, 117.10872, 117.38086,
11.041610, 175.73955, 1.9482273, 117.64815, 117.93122,
11.050030, 175.07663, 2.0521942, 118.18256, 118.47634,
11.058450, 176.81740, 2.0981296, 118.71203, 119.01628,
11.066870, 180.84507, 2.4430857, 119.23664, 119.55110,
11.075290, 174.33832, 1.9722286, 119.75647, 120.08087,
11.083700, 169.83224, 2.4734562, 120.27102, 120.60507,
11.092120, 173.44752, 2.5134101, 120.78152, 121.12493,
11.100530, 165.61487, 2.1770798, 121.28683, 121.63929,
11.108940, 179.98240, 2.1017311, 121.78774, 122.14892,
11.117350, 184.36550, 3.6646868, 122.28418, 122.65376,
11.120570, 198.26208, 2.1669928, 122.47316, 122.84586,
11.129530, 199.22532, 2.0381451, 122.99558, 123.37672,
11.138500, 216.84375, 2.6801434, 123.51382, 123.90299,
11.147460, 237.30632, 2.2018931, 124.02672, 124.42350,
11.156430, 262.34407, 2.3077195, 124.53558, 124.93957,
11.165390, 291.71893, 2.2866287, 125.03929, 125.45004,
11.174350, 339.15887, 2.3964685, 125.53851, 125.95559,
11.183300, 389.59884, 2.6554743, 126.03281, 126.45577,
11.192260, 444.06673, 2.8201827, 126.52331, 126.95170,
11.201220, 478.64148, 2.8547420, 127.00956, 127.44292,
11.210170, 487.82335, 2.7992290, 127.49111, 127.92899,
11.219120, 504.82957, 3.0639735, 127.96856, 128.41049,
11.228070, 496.98251, 2.9751743, 128.44198, 128.88749,
11.237020, 494.99363, 2.8334415, 128.91139, 129.36002,
11.245970, 499.02908, 11.932343, 129.37695, 129.82822,
11.254920, 487.31049, 2.9543102, 129.83869, 130.29213,
11.263860, 474.77615, 2.9058870, 130.29612, 130.75126,
11.272800, 461.77642, 2.7670298, 130.74991, 131.20628,
11.281750, 454.51894, 2.7946337, 131.20050, 131.65763,
11.290690, 430.05913, 3.1037306, 131.64709, 132.10451,
11.299630, 418.53143, 3.3951025, 132.09013, 132.54737,
11.308560, 403.83839, 3.2186452, 132.52925, 132.98585,
11.317500, 384.93961, 2.6168054, 132.96545, 133.42095,
11.326430, 369.23685, 2.7224067, 133.39786, 133.85181,
11.335370, 347.96815, 2.5566247, 133.82746, 134.27940,
11.344300, 337.77970, 2.4732982, 134.25338, 134.70288,
11.353230, 328.26875, 2.4379725, 134.67615, 135.12275,
11.362160, 321.50244, 2.5663246, 135.09576, 135.53905,
11.371080, 305.69353, 2.5397235, 135.51193, 135.95147,
11.380010, 296.60415, 2.3153974, 135.92549, 136.36086,
11.388930, 288.25630, 2.3373930, 136.33571, 136.76651,
11.397850, 277.31036, 3.7050060, 136.74299, 137.16881,
11.406780, 278.91415, 2.5151577, 137.14790, 137.56834,
11.415700, 270.00985, 2.3783023, 137.54953, 137.96422,
11.424610, 261.81920, 2.2985146, 137.94799, 138.35655,
11.433530, 251.94700, 2.3929624, 138.34417, 138.74624,
11.442450, 251.65925, 2.3789754, 138.73769, 139.13291,
11.451360, 240.11580, 2.2339338, 139.12818, 139.51621,
11.460270, 237.61310, 2.3392297, 139.51610, 139.89661,
11.469180, 228.48698, 2.4244416, 139.90150, 140.27417,
11.478090, 222.76780, 2.3806115, 140.28441, 140.64895,
11.487000, 223.66002, 2.3541803, 140.66489, 141.02099,
11.495910, 222.72655, 2.3779427, 141.04292, 141.39031,
11.504810, 206.75980, 2.4169784, 141.41824, 141.75665,
11.513710, 208.01370, 2.4404720, 141.79120, 142.12038,
11.522620, 205.71798, 2.4233906, 142.16232, 142.48203,
11.531520, 204.32058, 2.5000590, 142.53077, 142.84079,
11.540420, 196.22717, 2.5094647, 142.89701, 143.19713,
11.549310, 193.50065, 2.5194323, 143.26069, 143.55074,
11.558210, 189.87822, 2.4111334, 143.62268, 143.90247,
11.567100, 185.99697, 2.4804637, 143.98211, 144.25149,
11.576000, 193.81438, 2.6677707, 144.33995, 144.59875,
11.584890, 197.49958, 2.7538894, 144.69533, 144.94346,
11.593780, 177.14902, 2.5105940, 145.04870, 145.28603,
11.602670, 179.47425, 2.6557721, 145.40014, 145.62660,
11.611560, 173.24080, 3.2418659, 145.74966, 145.96516,
11.620440, 174.25785, 2.8565097, 146.09688, 146.30139,
11.629330, 169.01065, 2.7911050, 146.44265, 146.63611,
11.638210, 161.48245, 2.7237825, 146.78622, 146.96863,
11.647090, 167.99585, 3.0843473, 147.12795, 147.29932,
11.655970, 164.26733, 2.9465636, 147.46791, 147.62827,
11.664850, 157.23463, 2.4708405, 147.80617, 147.95555,
11.673730, 159.27170, 1.7591998, 148.14269, 148.28115,
11.682600, 169.15200, 1.9598806, 148.47715, 148.60480,
11.691480, 162.97308, 2.0410076, 148.81033, 148.92724,
11.700350, 156.93850, 1.9794585, 149.14151, 149.24784,
11.709220, 164.60250, 2.1803284, 149.47110, 149.56699,
11.718090, 154.86945, 2.0804131, 149.79911, 149.88473,
11.726960, 153.66610, 2.7100081, 150.12557, 150.20111,
11.735830, 155.33520, 2.2425521, 150.45050, 150.51618,
11.744690, 154.14093, 2.2857716, 150.77355, 150.82961,
11.753560, 152.08287, 2.2639511, 151.09550, 151.14220,
11.762420, 150.55010, 2.1713855, 151.41562, 151.45325,
11.771280, 163.02322, 3.5934622, 151.73435, 151.76321,
11.775020, 154.85100, 2.0580899, 151.86843, 151.89370,
11.784500, 150.63433, 1.9165820, 152.20727, 152.22369,
11.793980, 155.27023, 1.8694602, 152.54451, 152.55249,
11.803460, 151.92713, 2.1974420, 152.88023, 152.88023,
11.812940, 152.88023, 1.8332273, 153.21436, 153.20685,
11.822420, 164.21665, 1.8416107, 153.54684, 153.53229,
11.831890, 156.83695, 1.8388262, 153.87709, 153.85595,
11.841360, 161.45465, 2.4241063, 154.20532, 154.17803,
11.850840, 162.10783, 1.7533847, 154.53168, 154.49865,
11.860310, 163.34343, 1.8591076, 154.85535, 154.81699,
11.869770, 166.56362, 9.6116320, 155.17616, 155.13287,
11.879240, 169.05697, 1.7360837, 155.49458, 155.44673,
11.888710, 171.52710, 1.7256245, 155.81013, 155.75808,
11.898170, 169.87907, 2.7884342, 156.12230, 156.06642,
11.907630, 173.82443, 4.5299117, 156.43122, 156.37184,
11.917090, 170.25312, 1.8018814, 156.73677, 156.67423,
11.926550, 175.46465, 1.7207232, 157.03871, 156.97333,
11.936010, 179.60727, 1.8169459, 157.33693, 157.26901,
11.945470, 174.53952, 1.8206921, 157.63119, 157.56104,
11.954920, 173.09637, 1.7513902, 157.92104, 157.84897,
11.964370, 180.47635, 2.1920214, 158.20661, 158.13289,
11.973830, 180.78110, 1.7485162, 158.48801, 158.41294,
11.983280, 172.69427, 1.8731409, 158.76444, 158.68830,
11.992720, 177.83478, 1.7978577, 159.03574, 158.95880,
12.002170, 176.80473, 1.7266083, 159.30231, 159.22485,
12.011610, 176.80239, 1.7445033, 159.56340, 159.48570,
12.021060, 177.64608, 1.7963856, 159.81935, 159.74168,
12.030500, 171.86927, 1.7469917, 160.06945, 159.99208,
12.039940, 170.56408, 1.7305183, 160.31374, 160.23695,
12.049380, 168.55945, 1.7205072, 160.55207, 160.47615,
12.058820, 170.63385, 1.8587587, 160.78421, 160.70943,
12.068250, 174.31810, 1.8339078, 161.00974, 160.93640,
12.077690, 170.23035, 1.9044808, 161.22894, 161.15734,
12.087120, 171.39137, 1.7633977, 161.44113, 161.37158,
12.096550, 164.01120, 1.8150041, 161.64635, 161.57915,
12.105980, 171.35075, 1.9339778, 161.84438, 161.77987,
12.115410, 170.85423, 1.9346138, 162.03501, 161.97354,
12.124830, 165.23928, 2.6651541, 162.21786, 162.15978,
12.134260, 169.40540, 2.0632130, 162.39307, 162.33876,
12.143680, 168.03053, 2.0096352, 162.56006, 162.50990,
12.153100, 171.55988, 1.9857029, 162.71882, 162.67323,
12.162520, 169.65810, 2.2727070, 162.86911, 162.82853,
12.171940, 161.90903, 1.9265442, 163.01069, 162.97557,
12.181360, 168.71437, 2.0382491, 163.14336, 163.11419,
12.190770, 170.18625, 2.1119681, 163.26674, 163.24402,
12.200180, 167.72160, 2.4475316, 163.38076, 163.36502,
12.209600, 161.11695, 2.0631467, 163.48527, 163.47711,
12.219010, 162.64722, 2.2767741, 163.57982, 163.57982,
12.228420, 163.57982, 2.5699289, 163.66435, 163.67314,
12.237820, 166.22795, 2.6259183, 163.73888, 163.75703,
12.247230, 169.13248, 2.2733666, 163.80376, 163.83178,
12.256630, 185.44050, 2.4691462, 163.85901, 163.89736,
12.266040, 273.46190, 3.0448154, 163.90491, 163.95401,
12.275440, 547.85036, 4.1504184, 163.94153, 164.00171,
12.284840, 483.38283, 3.9239856, 163.96907, 164.04063,
12.294230, 202.78995, 2.6935292, 163.98769, 164.07085,
12.303630, 179.16588, 3.3907973, 163.99756, 164.09255,
12.313030, 180.56102, 2.8068848, 163.99883, 164.10579,
12.322420, 180.05532, 3.2198839, 163.99164, 164.11066,
12.331810, 170.26265, 2.3899095, 163.97615, 164.10730,
12.341200, 175.58580, 1.8919464, 163.95249, 164.09580,
12.350590, 182.82590, 1.9614768, 163.92081, 164.07625,
12.359980, 180.59548, 2.0979509, 163.88124, 164.04876,
12.369360, 186.46753, 2.0945698, 163.83397, 164.01347,
12.378750, 182.09977, 2.0202889, 163.77902, 163.97039,
12.388130, 182.10060, 2.1094738, 163.71665, 163.91972,
12.397510, 181.36755, 2.1568200, 163.64692, 163.86150,
12.406890, 178.27142, 2.0562088, 163.56995, 163.79583,
12.416270, 186.97860, 2.2691361, 163.48587, 163.72280,
12.425640, 187.50730, 2.0989828, 163.39489, 163.64259,
12.435020, 192.23520, 2.2695398, 163.29693, 163.55511,
12.444390, 191.92373, 2.5365945, 163.19233, 163.46066,
12.453760, 193.76543, 2.2101930, 163.08108, 163.35922,
12.463130, 189.96060, 2.3525526, 162.96329, 163.25088,
12.472500, 193.88798, 3.0813636, 162.83908, 163.13573,
12.481870, 200.94615, 3.1903383, 162.70854, 163.01385,
12.489420, 195.45868, 2.1518335, 162.59883, 162.91080,
12.499490, 197.07885, 2.3777478, 162.44629, 162.76673,
12.509550, 201.82415, 2.0817727, 162.28694, 162.61531,
12.519610, 204.71447, 2.0320026, 162.12076, 162.45653,
12.529670, 201.59212, 1.9600130, 161.94786, 162.29048,
12.539730, 204.02668, 2.0413229, 161.76834, 162.11725,
12.549780, 212.31530, 2.1858067, 161.58252, 161.93713,
12.559840, 206.75757, 1.9661566, 161.39012, 161.74985,
12.569890, 211.77203, 1.9555608, 161.19164, 161.55590,
12.579940, 202.85648, 1.9662536, 160.98700, 161.35518,
12.589990, 213.25892, 2.9097900, 160.77630, 161.14779,
12.600040, 216.19378, 1.9341614, 160.55961, 160.93379,
12.610090, 217.37295, 1.9144954, 160.33707, 160.71333,
12.620130, 226.71973, 2.2006330, 160.10900, 160.48671,
12.630170, 230.51614, 1.9871110, 159.87523, 160.25377,
12.640210, 232.14145, 2.0344259, 159.63589, 160.01463,
12.650250, 225.63027, 1.8910159, 159.39105, 159.76938,
12.660290, 227.90175, 1.9140723, 159.14083, 159.51812,
12.670330, 230.44272, 1.9334752, 158.88526, 159.26090,
12.680360, 229.68895, 1.9169644, 158.62472, 158.99810,
12.690390, 244.38903, 1.9121230, 158.35903, 158.72955,
12.700420, 244.45945, 1.9125816, 158.08825, 158.45530,
12.710450, 246.46015, 1.9033323, 157.81249, 158.17549,
12.720480, 246.21718, 2.0636237, 157.53180, 157.89018,
12.730500, 255.74287, 2.3789900, 157.24654, 157.59972,
12.740530, 248.64062, 2.0578929, 156.95623, 157.30364,
12.750550, 237.30183, 1.8221823, 156.66148, 157.00260,
12.760570, 241.06775, 1.9145504, 156.36212, 156.69641,
12.770590, 244.53983, 1.9339148, 156.05817, 156.38510,
12.780610, 238.10062, 1.9242962, 155.74969, 156.06878,
12.790620, 233.91293, 1.9579711, 155.43710, 155.74786,
12.800640, 234.71643, 2.0663992, 155.11980, 155.42175,
12.810650, 236.85550, 1.8977541, 154.79849, 155.09120,
12.820660, 225.65360, 1.8414984, 154.47292, 154.75595,
12.830670, 206.29195, 2.1450990, 154.14311, 154.41605,
12.840680, 202.51117, 2.6840111, 153.80916, 154.07162,
12.850680, 194.21257, 1.7704251, 153.47143, 153.72306,
12.860690, 186.30622, 1.7729951, 153.12932, 153.36976,
12.870690, 178.92297, 1.6796180, 152.78353, 153.01247,
12.880690, 175.73540, 1.6861107, 152.43381, 152.65096,
12.890690, 167.32030, 1.6858913, 152.08015, 152.28524,
12.900680, 163.32558, 1.6865868, 151.72299, 151.91579,
12.910680, 163.37975, 1.7057330, 151.36164, 151.54192,
12.920670, 158.87837, 1.5922589, 150.99688, 151.16447,
12.930670, 157.01472, 1.6665594, 150.62799, 150.78272,
12.940660, 154.94518, 2.0583869, 150.25575, 150.39749,
12.950640, 152.24577, 1.7679309, 149.88028, 150.00896,
12.960630, 150.00610, 2.0812986, 149.50075, 149.61628,
12.970620, 149.19753, 1.7693035, 149.11765, 149.22001,
12.980600, 150.38385, 1.7457272, 148.73136, 148.82056,
12.990580, 152.53565, 1.8669473, 148.34159, 148.41765,
13.000560, 140.73153, 1.7965711, 147.94827, 148.01127,
13.010540, 143.77030, 1.8934801, 147.55149, 147.60153,
13.020520, 147.16112, 1.9018772, 147.15127, 147.18848,
13.030490, 145.93105, 1.8799060, 146.74805, 146.77264,
13.040470, 142.62593, 1.9223592, 146.34102, 146.35318,
13.050440, 146.79285, 1.9388733, 145.93105, 145.93105,
13.060410, 144.23265, 2.4136377, 145.51776, 145.50589,
13.070380, 146.01370, 2.0335176, 145.10123, 145.07777,
13.080350, 150.08523, 2.1699956, 144.68169, 144.64693,
13.090310, 153.22170, 2.5682249, 144.25964, 144.21386,
13.100280, 150.31498, 2.2581950, 143.83441, 143.77788,
13.110240, 147.06550, 2.0935338, 143.40696, 143.33996,
13.120200, 142.67430, 2.3114273, 142.97702, 142.89982,
13.130160, 150.56820, 2.6682471, 142.54472, 142.45759,
13.140110, 147.14948, 1.9596402, 142.11066, 142.01388,
13.150070, 147.38410, 1.5264122, 141.67406, 141.56788,
13.160020, 138.88363, 1.5487381, 141.23598, 141.12067,
13.169980, 141.96665, 1.6771720, 140.79561, 140.67144,
13.179930, 142.87365, 1.7002801, 140.35403, 140.22127,
13.189870, 136.70840, 1.8650219, 139.91132, 139.77025,
13.199820, 138.53155, 1.7327560, 139.46678, 139.31766,
13.209770, 146.07130, 1.7572508, 139.02090, 138.86401,
13.219710, 144.05918, 1.7904195, 138.57434, 138.40996,
13.229650, 138.90400, 1.7345483, 138.12680, 137.95520,
13.239590, 134.20755, 1.7461908, 137.67832, 137.49979,
13.249530, 133.98977, 1.6919885, 137.22908, 137.04390,
13.259470, 134.76807, 1.7102407, 136.77919, 136.58766,
13.269410, 133.38673, 1.8480133, 136.32880, 136.13120,
13.279340, 129.60680, 1.9724251, 135.87850, 135.67513,
13.289270, 136.55095, 2.1346108, 135.42790, 135.21907,
13.299200, 141.02262, 2.1044808, 134.97722, 134.76323,
13.309130, 137.03362, 2.4715195, 134.52654, 134.30771,
13.318260, 133.76325, 1.5920309, 134.11225, 133.88922,
13.328980, 134.62915, 1.4984285, 133.62609, 133.39849,
13.339690, 135.05222, 1.5194768, 133.14085, 132.90906,
13.350400, 138.58488, 1.6310994, 132.65622, 132.42062,
13.361120, 135.30603, 1.5348947, 132.17189, 131.93285,
13.371830, 134.03030, 1.4325235, 131.68895, 131.44687,
13.382530, 136.26590, 1.4628115, 131.20753, 130.96281,
13.393240, 135.25547, 1.4412943, 130.72694, 130.47997,
13.403940, 135.20635, 1.4833875, 130.24818, 129.99937,
13.414650, 135.29758, 5.0010928, 129.77057, 129.52032,
13.425350, 135.08455, 1.4337810, 129.29512, 129.04385,
13.436050, 133.62345, 1.4395430, 128.82157, 128.56969,
13.446740, 134.36850, 1.4576399, 128.35055, 128.09847,
13.457440, 138.91145, 1.4685719, 127.88129, 127.62943,
13.468130, 137.71920, 1.3878956, 127.41488, 127.16367,
13.478830, 134.82315, 1.3136694, 126.95058, 126.70043,
13.489520, 138.58002, 1.3721885, 126.48946, 126.24080,
13.500200, 137.07280, 1.4524373, 126.03164, 125.78489,
13.510890, 138.72182, 1.4429561, 125.57648, 125.33206,
13.521570, 141.57070, 1.3812548, 125.12496, 124.88329,
13.532260, 144.60400, 1.3736645, 124.67644, 124.43794,
13.542940, 142.78910, 1.4323648, 124.23191, 123.99698,
13.553620, 143.80363, 1.4049526, 123.79112, 123.56019,
13.564290, 141.09650, 2.2401505, 123.35470, 123.12816,
13.574970, 136.27473, 1.3562719, 122.92196, 122.70021,
13.585640, 133.44370, 1.5431882, 122.49393, 122.27735,
13.596320, 136.38343, 1.3361487, 122.06994, 121.85894,
13.606990, 132.34880, 1.3746365, 121.65103, 121.44596,
13.617650, 133.27743, 1.3619014, 121.23732, 121.03854,
13.628320, 131.05615, 1.3864449, 120.82826, 120.63613,
13.638980, 132.91425, 1.5303035, 120.42477, 120.23963,
13.649650, 135.07410, 1.6269215, 120.02632, 119.84849,
13.660310, 132.02995, 1.7069362, 119.63383, 119.46361,
13.670970, 127.75340, 1.7575620, 119.24711, 119.08481,
13.681630, 129.50382, 1.4196099, 118.86639, 118.71226,
13.692280, 130.27542, 1.6146919, 118.49222, 118.34652,
13.702940, 123.89432, 1.7005713, 118.12407, 117.98703,
13.713590, 119.48268, 1.4377155, 117.76286, 117.63469,
13.724240, 120.94507, 1.4664404, 117.40843, 117.28930,
13.734890, 118.91540, 1.4444598, 117.06103, 116.95110,
13.745530, 119.31068, 1.5123436, 116.72115, 116.62054,
13.756180, 118.91480, 1.5539781, 116.38841, 116.29722,
13.766820, 119.26707, 1.5739833, 116.06361, 115.98190,
13.777460, 118.22850, 1.6133783, 115.74669, 115.67449,
13.788100, 117.51230, 1.5463107, 115.43786, 115.37516,
13.798740, 115.85147, 1.4636998, 115.13737, 115.08412,
13.809380, 115.59497, 1.9000209, 114.84546, 114.80158,
13.820010, 118.36777, 1.6878979, 114.56258, 114.52792,
13.830640, 114.98685, 1.7631654, 114.28875, 114.26314,
13.841270, 112.71140, 1.6011624, 114.02416, 114.00738,
13.851900, 113.52385, 1.5704782, 113.76912, 113.76089,
13.862530, 114.71893, 1.9842936, 113.52385, 113.52385,
13.873150, 112.33380, 1.8097612, 113.28872, 113.29657,
13.883780, 113.23455, 1.7785700, 113.06310, 113.07846,
13.894400, 115.11660, 1.7061191, 112.84708, 112.86963,
13.905020, 116.73077, 1.7770714, 112.64018, 112.66961,
13.915640, 110.87525, 1.8602890, 112.44208, 112.47814,
13.926250, 118.16705, 1.8871030, 112.25268, 112.29511,
13.936870, 116.28745, 1.9442053, 112.07135, 112.11994,
13.947480, 117.28565, 1.8357506, 111.89811, 111.95265,
13.958090, 117.37182, 2.0530490, 111.73255, 111.79285,
13.968700, 111.40837, 2.5872953, 111.57436, 111.64024,
13.979310, 117.98040, 2.4863448, 111.42329, 111.49460,
13.989910, 113.26345, 2.0782170, 111.27920, 111.35577,
14.000520, 115.51587, 2.1457127, 111.14154, 111.22324,
14.011120, 116.47165, 2.1992486, 111.01032, 111.09700,
14.021720, 112.11437, 2.3166637, 110.88514, 110.97668,
14.032320, 110.31830, 2.5807256, 110.76575, 110.86200,
14.042920, 114.19272, 2.2907670, 110.65188, 110.75273,
14.053510, 116.55845, 2.4813815, 110.54339, 110.64871,
14.064110, 113.15305, 2.5059265, 110.43983, 110.54948,
14.074700, 110.35250, 3.1263914, 110.34112, 110.45498,
14.085290, 113.33088, 2.8025208, 110.24695, 110.36488,
14.095870, 113.16743, 1.9394319, 110.15713, 110.27899,
14.106460, 114.77378, 1.5766875, 110.07127, 110.19692,
14.117040, 112.38343, 1.7932639, 109.98928, 110.11855,
14.127630, 115.03590, 1.8239293, 109.91077, 110.04351,
14.138210, 114.07800, 1.8126913, 109.83565, 109.97168,
14.148790, 119.30950, 2.0356785, 109.76361, 109.90275,
14.159370, 115.09162, 2.0495735, 109.69441, 109.83648,
14.169940, 116.60217, 2.8602097, 109.62790, 109.77268,
14.180520, 119.02283, 3.2307813, 109.56370, 109.71098,
14.182090, 121.52705, 2.1502832, 109.55436, 109.70200,
14.193560, 127.19655, 1.9293155, 109.48751, 109.63756,
14.205030, 116.12837, 1.9273546, 109.42285, 109.57502,
14.216500, 123.02470, 1.8180923, 109.36009, 109.51408,
14.227970, 127.64550, 2.2237335, 109.29896, 109.45443,
14.239430, 130.00020, 1.8626188, 109.23919, 109.39581,
14.250890, 119.48923, 1.5806593, 109.18047, 109.33786,
14.262350, 120.28630, 1.6743772, 109.12249, 109.28026,
14.273810, 119.38042, 1.7361689, 109.06496, 109.22272,
14.285270, 120.92885, 1.6765725, 109.00762, 109.16492,
14.296730, 117.75215, 1.6664874, 108.95016, 109.10656,
14.308180, 114.24145, 1.6416890, 108.89234, 109.04737,
14.319630, 113.91455, 1.5218778, 108.83384, 108.98701,
14.331080, 109.00445, 1.5827350, 108.77436, 108.92516,
14.342530, 107.23160, 1.5994689, 108.71363, 108.86151,
14.353970, 110.45680, 1.4054889, 108.65140, 108.79583,
14.365410, 115.24100, 1.3906651, 108.58733, 108.72773,
14.376860, 112.14140, 1.4181919, 108.52109, 108.65686,
14.388300, 107.23632, 1.5999265, 108.45248, 108.58302,
14.399730, 112.26385, 1.3847698, 108.38124, 108.50592,
14.411170, 107.08880, 1.2515381, 108.30693, 108.42510,
14.422600, 110.58575, 1.3028081, 108.22941, 108.34041,
14.434030, 105.51912, 1.3122368, 108.14830, 108.25146,
14.445460, 110.88475, 1.5399826, 108.06332, 108.15793,
14.456890, 107.08620, 1.4983524, 107.97416, 108.05953,
14.468320, 110.37367, 1.4066035, 107.88053, 107.95593,
14.479740, 108.37905, 1.6418072, 107.78221, 107.84692,
14.491160, 107.86168, 1.9336121, 107.67881, 107.73209,
14.502580, 107.88385, 1.3135311, 107.57005, 107.61114,
14.514000, 107.20845, 1.2562940, 107.45558, 107.48373,
14.525420, 107.71495, 1.2683053, 107.33511, 107.34957,
14.536830, 107.05180, 1.1823771, 107.20845, 107.20845,
14.548240, 106.94532, 1.2767535, 107.07527, 107.06008,
14.559650, 107.81240, 1.4867172, 106.93581, 106.90480,
14.571060, 102.77556, 1.2498152, 106.79042, 106.74313,
14.582470, 109.15680, 1.6115078, 106.63944, 106.57555,
14.593870, 104.36513, 1.4179487, 106.48334, 106.40271,
14.605270, 105.91120, 1.3998018, 106.32232, 106.22494,
14.616670, 102.42532, 1.3506618, 106.15673, 106.04277,
14.628070, 101.99360, 1.5372195, 105.98687, 105.85663,
14.639470, 103.81440, 1.4185020, 105.81309, 105.66704,
14.650860, 103.17857, 1.3425886, 105.63587, 105.47465,
14.662260, 104.76580, 1.4090772, 105.45522, 105.27960,
14.673650, 105.07790, 1.3474262, 105.27177, 105.08274,
14.685040, 103.46873, 1.4326328, 105.08568, 104.88435,
14.696420, 103.34064, 1.5460185, 104.89746, 104.68513,
14.707810, 100.48453, 1.4701424, 104.70706, 104.48516,
14.719190, 102.75232, 1.7505688, 104.51517, 104.28533,
14.730570, 104.99737, 1.6760279, 104.32190, 104.08590,
14.741950, 105.34115, 1.8459140, 104.12758, 103.88737,
14.753330, 104.80970, 1.5840300, 103.93252, 103.69022,
14.764700, 102.90973, 1.6427570, 103.73722, 103.49511,
14.776080, 101.12422, 1.4440373, 103.54163, 103.30217,
14.787450, 103.63610, 1.4763278, 103.34642, 103.11223,
14.798820, 104.66585, 1.6274845, 103.15172, 102.92560,
14.810190, 104.06182, 1.6284762, 102.95783, 102.74273,
14.821550, 101.98286, 1.5559309, 102.76526, 102.56431,
14.832920, 104.22075, 1.5407308, 102.57397, 102.39048,
14.844280, 105.71408, 1.5754886, 102.38460, 102.22204,
14.855640, 102.00900, 1.6225262, 102.19731, 102.05931,
14.866990, 101.94879, 1.7709108, 102.01258, 101.90293,
14.878350, 97.843477, 1.6312061, 101.83039, 101.75309,
14.889710, 101.47554, 1.6130981, 101.65121, 101.61042,
14.901060, 100.42621, 1.6400706, 101.47554, 101.47554,
14.912410, 103.99102, 1.7207472, 101.30357, 101.34868,
14.923760, 101.66678, 1.7958483, 101.13587, 101.22970,
14.935100, 100.30259, 1.8149759, 100.97322, 101.11847,
14.946450, 108.37805, 1.8360106, 100.81594, 101.01452,
14.957790, 100.69899, 1.7973889, 100.66495, 100.91781,
14.969130, 102.22579, 1.9693267, 100.52075, 100.82800,
14.980470, 108.43990, 1.8898030, 100.38394, 100.74484,
14.991810, 108.26253, 2.0243863, 100.25518, 100.66808,
15.003140, 104.44358, 5.1390200, 100.13520, 100.59756,
15.014480, 105.09965, 2.0056310, 100.02445, 100.53290,
15.025810, 98.352221, 1.9404564, 99.923759, 100.47399,
15.037140, 102.96375, 1.8641449, 99.833689, 100.42052,
15.048460, 99.701374, 2.1120742, 99.754952, 100.37230,
15.059790, 102.87915, 2.0022072, 99.688078, 100.32902,
15.071110, 104.15065, 2.0353570, 99.633849, 100.29051,
15.082440, 103.36827, 1.5065568, 99.592843, 100.25647,
15.093750, 108.43955, 1.3093712, 99.565837, 100.22677,
15.105070, 105.12233, 1.4549356, 99.553420, 100.20107,
15.116390, 107.09747, 1.5267103, 99.556320, 100.17919,
15.127700, 97.791031, 1.4297525, 99.575210, 100.16090,
15.139020, 106.85270, 1.6884617, 99.610834, 100.14595,
15.150330, 104.95015, 1.4847559, 99.663841, 100.13413,
15.162390, 101.63170, 1.7122303, 99.740359, 100.12471,
15.174730, 98.675026, 1.7846637, 99.840925, 100.11820,
15.187070, 97.335451, 1.6494898, 99.964961, 100.11454,
15.199410, 103.25929, 1.7089857, 100.11346, 100.11346,
15.211740, 100.11346, 1.6915640, 100.28681, 100.11470,
15.224080, 105.13715, 1.6582947, 100.48416, 100.11819,
15.236410, 106.00400, 1.4975114, 100.70360, 100.12388,
15.248740, 107.95235, 1.9010195, 100.94372, 100.13175,
15.261060, 110.73558, 1.7972052, 101.20274, 100.14175,
15.273390, 106.88207, 1.7964016, 101.47956, 100.15388,
15.285710, 101.31180, 1.6716754, 101.77222, 100.16807,
15.298030, 101.76729, 1.7230269, 102.07938, 100.18430,
15.310350, 105.80933, 1.6207487, 102.39959, 100.20255,
15.322660, 106.00517, 1.8271212, 102.73102, 100.22277,
15.334980, 104.49220, 1.7407646, 103.07272, 100.24496,
15.347290, 101.62188, 1.6287359, 103.42269, 100.26906,
15.359600, 105.33673, 1.6220447, 103.77970, 100.29505,
15.371900, 110.61470, 1.6307660, 104.14196, 100.32288,
15.384210, 104.65802, 1.7111411, 104.50863, 100.35258,
15.396510, 119.16335, 1.8135539, 104.87764, 100.38406,
15.408810, 109.34945, 1.9072567, 105.24778, 100.41731,
15.421110, 109.64180, 1.7013972, 105.61764, 100.45232,
15.433410, 108.26067, 1.5714926, 105.98570, 100.48906,
15.445700, 109.38227, 1.6386460, 106.35025, 100.52747,
15.457990, 111.51303, 1.6410223, 106.71010, 100.56755,
15.470280, 106.09348, 1.7328204, 107.06379, 100.60927,
15.482570, 102.97373, 18.209405, 107.40985, 100.65262,
15.494860, 107.33752, 2.0340709, 107.74680, 100.69757,
15.507140, 109.59820, 1.5642750, 108.07293, 100.74406,
15.519420, 107.50727, 1.4645983, 108.38698, 100.79208,
15.531700, 106.75240, 1.5269314, 108.68752, 100.84164,
15.543980, 108.44620, 1.6053883, 108.97300, 100.89269,
15.556260, 118.53640, 2.0674842, 109.24197, 100.94522,
15.568530, 109.24197, 1.3080084, 109.49312, 100.99916,
15.580800, 110.04080, 1.3715018, 109.72729, 101.05454,
15.593070, 113.91880, 1.3994758, 109.94554, 101.11132,
15.605340, 114.53095, 1.6423324, 110.14889, 101.16948,
15.617600, 113.23718, 1.4578200, 110.33824, 101.22897,
15.629860, 113.21168, 1.3362166, 110.51474, 101.28980,
15.642120, 115.30390, 5.2166251, 110.67943, 101.35195,
15.654380, 114.51755, 1.3449623, 110.83330, 101.41539,
15.666640, 115.84870, 1.3339017, 110.97734, 101.48013,
15.678890, 114.43003, 1.3987508, 111.11244, 101.54607,
15.691140, 112.25243, 1.3674430, 111.23970, 101.61324,
15.703390, 115.19700, 1.4291611, 111.36009, 101.68164,
15.715640, 112.40417, 1.3140354, 111.47460, 101.75124,
15.727890, 117.99830, 1.4182676, 111.58419, 101.82202,
15.740130, 114.81055, 1.4722375, 111.68975, 101.89391,
15.752370, 117.65235, 1.5479051, 111.79232, 101.96694,
15.764610, 123.31615, 3.4506103, 111.89287, 102.04110,
15.776850, 118.53882, 1.5312027, 111.99236, 102.11636,
15.789090, 119.65952, 1.4713585, 112.09175, 102.19272,
15.801320, 117.11617, 1.6176619, 112.19192, 102.27009,
15.813550, 120.35960, 1.6958864, 112.29391, 102.34851,
15.825780, 123.92953, 1.5493361, 112.39867, 102.42797,
15.838010, 123.34052, 1.5842081, 112.50716, 102.50845,
15.850230, 121.12003, 1.6695435, 112.62026, 102.58987,
15.862450, 123.83635, 1.6700802, 112.73900, 102.67227,
15.874670, 119.68640, 1.7334857, 112.86437, 102.75565,
15.886890, 123.31575, 1.7562221, 112.99733, 102.83998,
15.899110, 123.70100, 1.7755595, 113.13883, 102.92525,
15.911320, 116.32905, 1.8029658, 113.28976, 103.01137,
15.923540, 120.72517, 1.8309586, 113.45133, 103.09848,
15.935750, 116.12577, 1.7765272, 113.62426, 103.18640,
15.947960, 117.38610, 1.8450616, 113.80968, 103.27521,
15.960160, 117.00948, 1.8808133, 114.00843, 103.36480,
15.972370, 121.39047, 1.8486933, 114.22182, 103.45532,
15.984570, 119.47285, 1.8108318, 114.45052, 103.54659,
15.996770, 124.35012, 1.8143412, 114.69574, 103.63869,
16.008961, 121.65435, 1.8596186, 114.95830, 103.73153,
16.021160, 118.12868, 1.7630104, 115.23962, 103.82522,
16.033350, 124.77443, 1.8000322, 115.54032, 103.91961,
16.045549, 122.70090, 1.7484793, 115.86195, 104.01485,
16.057739, 121.37643, 1.8701738, 116.20507, 104.11076,
16.069920, 122.51510, 1.7464443, 116.57071, 104.20734,
16.082109, 117.54423, 1.7504608, 116.96055, 104.30471,
16.094290, 118.30155, 1.8123484, 117.37507, 104.40272,
16.106470, 118.33565, 1.9505614, 117.81570, 104.50143,
16.118650, 116.84878, 1.7400733, 118.28358, 104.60083,
16.130831, 126.16375, 1.9252919, 118.77985, 104.70091,
16.143009, 117.48573, 1.9571343, 119.30559, 104.80163,
16.155180, 122.18678, 1.9789744, 119.86172, 104.90293,
16.167351, 125.98240, 2.0310244, 120.44973, 105.00488,
16.179520, 121.06990, 2.5967021, 121.07076, 105.10744,
16.191681, 121.72570, 2.1721180, 121.72570, 105.21054,
16.203850, 118.46565, 2.0930923, 122.41599, 105.31432,
16.216009, 127.88483, 2.3928861, 123.13873, 105.41860,
16.228170, 125.17865, 2.4804874, 123.89207, 105.52348,
16.240330, 128.27422, 2.7108597, 124.67326, 105.62892,
16.252489, 128.97010, 3.0827233, 125.47993, 105.73491,
16.264641, 129.12442, 2.7900224, 126.30908, 105.84139,
16.276791, 131.73300, 3.1008907, 127.15862, 105.94838,
16.288950, 144.99925, 3.0465253, 128.02692, 106.05599,
16.301090, 131.02295, 2.7829646, 128.90949, 106.16394,
16.313240, 137.99510, 3.1862861, 129.80596, 106.27248,
16.325380, 145.34068, 3.2388112, 130.71251, 106.38143,
16.337530, 154.06395, 2.4692158, 131.62816, 106.49096,
16.349670, 164.71733, 2.2107209, 132.54908, 106.60087,
16.361799, 167.27145, 2.0799658, 133.47269, 106.71114,
16.373940, 178.93272, 2.6366247, 134.39837, 106.82197,
16.386070, 179.48107, 2.2739711, 135.32211, 106.93316,
16.398211, 192.70123, 2.5408533, 136.24297, 107.04487,
16.410339, 199.22803, 2.3690742, 137.15697, 107.15690,
16.422461, 199.50058, 2.4155095, 138.06203, 107.26928,
16.434589, 202.03482, 2.6019580, 138.95688, 107.38213,
16.446711, 201.87068, 2.5513441, 139.83799, 107.49531,
16.458839, 195.31047, 2.8325077, 140.70407, 107.60896,
16.470961, 188.52707, 2.8127198, 141.55161, 107.72291,
16.483070, 189.05378, 2.5254487, 142.37796, 107.83712,
16.495190, 185.35028, 3.2467514, 143.18212, 107.95178,
16.500280, 167.22055, 2.2715885, 143.51251, 108.00005,
16.513599, 174.07885, 2.0878176, 144.35448, 108.12663,
16.526911, 168.33235, 2.9168197, 145.16092, 108.25355,
16.540211, 165.54827, 2.0171606, 145.92839, 108.38076,
16.553520, 183.98410, 2.1641576, 146.65479, 108.50845,
16.566820, 158.47295, 2.2278464, 147.33573, 108.63642,
16.580120, 153.51450, 2.1484005, 147.96839, 108.76475,
16.593420, 149.24540, 1.8784796, 148.54936, 108.89344,
16.606710, 148.08915, 1.9462361, 149.07485, 109.02238,
16.620001, 149.54182, 1.9686986, 149.54182, 109.15164,
16.633301, 151.68763, 2.1474487, 149.94855, 109.28133,
16.646589, 160.50435, 2.1198745, 150.29837, 109.41121,
16.659870, 142.40437, 1.9098972, 150.59689, 109.54131,
16.673149, 149.72890, 1.8656715, 150.84969, 109.67169,
16.686440, 149.25423, 1.7957831, 151.06231, 109.80246,
16.699711, 155.64110, 1.8550820, 151.23960, 109.93330,
16.712990, 152.64875, 2.1378246, 151.38727, 110.06449,
16.726271, 157.87617, 1.9486181, 151.51047, 110.19593,
16.739540, 153.36452, 1.7578239, 151.61436, 110.32750,
16.752810, 147.78442, 1.6269717, 151.70429, 110.45930,
16.766081, 155.79245, 1.5756377, 151.78548, 110.59134,
16.779341, 159.15923, 1.6306632, 151.86308, 110.72347,
16.792601, 155.75652, 1.6634115, 151.94235, 110.85579,
16.805870, 151.81695, 2.0438648, 152.02855, 110.98840,
16.819120, 149.90410, 2.0543841, 152.12671, 111.12100,
16.832380, 151.83090, 1.5755128, 152.24223, 111.25386,
16.845631, 154.17430, 1.5261346, 152.38015, 111.38678,
16.858891, 150.53865, 1.5816147, 152.54593, 111.51995,
16.872141, 153.51337, 1.7812529, 152.74456, 111.65316,
16.885380, 147.99910, 1.8156713, 152.98120, 111.78638,
16.898630, 151.98555, 1.7917270, 153.26156, 111.91984,
16.911869, 153.59045, 1.7333764, 153.59045, 112.05330,
16.925110, 160.63983, 1.7383959, 153.97147, 112.18688,
16.938351, 160.81055, 1.7587433, 154.39979, 112.32055,
16.951580, 159.68760, 1.9053049, 154.86817, 112.45418,
16.964821, 161.23803, 1.9418651, 155.37067, 112.58801,
16.978050, 166.89172, 1.9611926, 155.89967, 112.72178,
16.991270, 171.05915, 1.8271190, 156.44848, 112.85551,
17.004499, 200.37300, 1.9084276, 157.01120, 112.98938,
17.017719, 348.53987, 2.4654206, 157.58033, 113.12320,
17.030951, 718.14082, 3.4583626, 158.15010, 113.25715,
17.044161, 654.80954, 3.5856511, 158.71242, 113.39091,
17.057381, 237.31215, 2.1520971, 159.26195, 113.52478,
17.070601, 171.92455, 1.8163956, 159.79158, 113.65864,
17.083811, 173.58213, 1.8166677, 160.29425, 113.79240,
17.097019, 175.26888, 1.8714912, 160.76360, 113.92612,
17.110229, 176.46535, 15.388373, 161.19304, 114.05983,
17.123430, 163.41483, 2.1920991, 161.57547, 114.19341,
17.136641, 162.21015, 1.6743098, 161.90470, 114.32704,
17.149839, 171.54107, 1.9281726, 162.17338, 114.46049,
17.163040, 167.29730, 1.7364923, 162.37503, 114.59390,
17.176229, 162.47497, 1.6973841, 162.50264, 114.72713,
17.189430, 161.16145, 1.6798284, 162.54950, 114.86038,
17.202620, 167.30530, 1.9522511, 162.50855, 114.99342,
17.215811, 162.50855, 1.8380618, 162.37482, 115.12638,
17.229000, 161.44497, 1.8417374, 162.15124, 115.25922,
17.242180, 163.33963, 2.0089122, 161.84289, 115.39183,
17.255369, 164.13395, 2.1430479, 161.45410, 115.52441,
17.268551, 163.93140, 2.0931886, 160.99006, 115.65678,
17.281719, 167.80298, 2.2539752, 160.45583, 115.78886,
17.294901, 166.74015, 2.8187684, 159.85494, 115.92092,
17.308069, 172.60188, 2.2782397, 159.19318, 116.05268,
17.321251, 178.02520, 2.1608598, 158.47373, 116.18440,
17.334410, 185.27548, 2.2450602, 157.70313, 116.31570,
17.347580, 186.52695, 2.3394048, 156.88387, 116.44692,
17.360750, 183.20438, 2.2849967, 156.02105, 116.57793,
17.373911, 186.88047, 2.4738418, 155.11971, 116.70864,
17.387070, 177.17578, 2.6155161, 154.18375, 116.83910,
17.400230, 176.37475, 2.3430780, 153.21724, 116.96935,
17.413380, 169.02780, 2.2793728, 152.22549, 117.09924,
17.426540, 170.09592, 2.3140968, 151.21108, 117.22899,
17.439690, 163.77118, 2.3184663, 150.18005, 117.35837,
17.452841, 165.41670, 2.2412853, 149.13565, 117.48749,
17.465981, 161.72822, 2.5020373, 148.08320, 117.61622,
17.479130, 162.85630, 2.2437550, 147.02526, 117.74474,
17.492270, 158.99145, 2.0888960, 145.96761, 117.87287,
17.505409, 152.96640, 2.2322976, 144.91373, 118.00069,
17.518551, 148.29010, 2.1751546, 143.86770, 118.12820,
17.531679, 150.96313, 2.4883519, 142.83497, 118.25525,
17.544821, 149.71770, 2.3307684, 141.81768, 118.38208,
17.557949, 141.00093, 2.2587198, 140.82216, 118.50843,
17.571079, 150.17622, 3.7135785, 139.85150, 118.63444,
17.584200, 142.92570, 2.3116158, 138.91080, 118.75997,
17.597330, 144.07403, 2.6596401, 138.00298, 118.88522,
17.610451, 132.99510, 2.6702597, 137.13369, 119.00997,
17.623569, 135.52617, 2.6758011, 136.30671, 119.13430,
17.636690, 137.59852, 3.1225385, 135.52617, 119.25823,
17.649799, 132.08650, 2.7920410, 134.79615, 119.38162,
17.662910, 137.70232, 2.9863389, 134.11499, 119.50459,
17.676029, 141.42210, 3.3245354, 133.48058, 119.62718,
17.689131, 149.43355, 3.8557172, 132.89221, 119.74914,
17.702240, 143.94368, 3.2585475, 132.34690, 119.87070,
17.715349, 139.09935, 3.9101049, 131.84323, 119.99178,
17.728451, 138.29523, 3.8715692, 131.37969, 120.11228,
17.741550, 138.28793, 3.6075764, 130.95429, 120.23226,
17.754641, 134.73803, 2.6393295, 130.56553, 120.35164,
17.767740, 143.69490, 2.3051819, 130.21117, 120.47056,
17.780830, 143.87635, 2.3400628, 129.89005, 120.58886,
17.793921, 141.88030, 2.1572003, 129.60027, 120.70660,
17.807011, 148.29117, 2.1494834, 129.34022, 120.82376,
17.820101, 144.71428, 2.3003510, 129.10829, 120.94035,
17.833179, 140.88580, 2.1440854, 128.90306, 121.05624,
17.846270, 134.67105, 1.9135159, 128.72263, 121.17162,
17.859341, 134.01100, 1.9764147, 128.56585, 121.28622,
17.872419, 132.65432, 2.2282345, 128.43084, 121.40025,
17.885500, 138.14310, 2.2874556, 128.31616, 121.51365,
17.898569, 141.09678, 2.4615716, 128.22042, 121.62629,
17.911640, 133.99330, 2.1713453, 128.14201, 121.73827,
17.924709, 124.51700, 2.2781945, 128.07948, 121.84956,
17.937780, 137.08128, 4.0323561, 128.03134, 121.96016,
17.941250, 135.66320, 2.1402197, 128.02079, 121.98939,
17.955721, 140.35533, 2.3725908, 127.98606, 122.11079,
17.970181, 134.03863, 2.1023752, 127.96477, 122.23119,
17.984650, 128.06995, 2.0750845, 127.95496, 122.35076,
17.999109, 131.26050, 2.1592698, 127.95469, 122.46930,
18.013571, 125.08775, 3.0888497, 127.96203, 122.58690,
18.028021, 129.48987, 2.6522846, 127.97504, 122.70344,
18.042480, 124.38037, 2.6254051, 127.99183, 122.81905,
18.056931, 128.85725, 3.1552804, 128.01046, 122.93356,
18.071381, 128.82353, 2.7043584, 128.02904, 123.04703,
18.085819, 127.87010, 2.6187287, 128.04562, 123.15936,
18.100269, 132.18630, 2.5812861, 128.05835, 123.27069,
18.114710, 133.59285, 2.5724325, 128.06527, 123.38083,
18.129150, 124.90435, 2.3790527, 128.06449, 123.48986,
18.143579, 128.05410, 2.0764108, 128.05410, 123.59764,
18.158020, 126.31273, 1.9577255, 128.03260, 123.70434,
18.172449, 127.74438, 1.8918377, 128.00030, 123.80976,
18.186880, 118.29865, 1.9387400, 127.95788, 123.91397,
18.201300, 124.80218, 1.9101650, 127.90612, 124.01686,
18.215719, 123.33447, 1.7643559, 127.84566, 124.11849,
18.230150, 129.55147, 1.7227441, 127.77714, 124.21890,
18.244560, 130.02447, 1.6622325, 127.70140, 124.31785,
18.258980, 126.23070, 1.7255460, 127.61897, 124.41552,
18.273390, 131.66370, 1.9223154, 127.53063, 124.51176,
18.287800, 118.48855, 1.9928442, 127.43698, 124.60661,
18.302210, 124.39515, 2.1208516, 127.33869, 124.70004,
18.316620, 126.95747, 2.0430399, 127.23642, 124.79202,
18.331020, 118.19518, 2.2352043, 127.13088, 124.88247,
18.345421, 128.17970, 1.9165083, 127.02267, 124.97142,
18.359819, 127.18802, 1.9392931, 126.91245, 125.05883,
18.374210, 123.59420, 2.2719970, 126.80090, 125.14464,
18.388611, 124.06823, 2.2101815, 126.68854, 125.22892,
18.403000, 116.72692, 1.9897537, 126.57618, 125.31152,
18.417379, 126.74162, 1.8952570, 126.46445, 125.39242,
18.431770, 128.36180, 1.9677973, 126.35381, 125.47171,
18.446150, 132.92052, 1.8390761, 126.24511, 125.54923,
18.460529, 128.28210, 2.1579290, 126.13888, 125.62502,
18.474911, 129.61772, 2.0108828, 126.03576, 125.69904,
18.489281, 122.94560, 1.8638219, 125.93650, 125.77122,
18.503660, 122.66665, 1.8454400, 125.84160, 125.84160,
18.518030, 125.84160, 1.6123130, 125.75172, 125.91009,
18.532391, 131.20560, 1.6327004, 125.66689, 125.97671,
18.546761, 132.02105, 1.7122593, 125.58692, 126.04161,
18.561119, 124.25655, 1.9438854, 125.51185, 126.10471,
18.575480, 141.23633, 2.0959125, 125.44155, 126.16614,
18.589840, 129.99430, 2.1619219, 125.37595, 126.22591,
18.604191, 135.64875, 2.1012408, 125.31504, 126.28404,
18.618549, 132.53915, 1.9614749, 125.25869, 126.34063,
18.632900, 131.91377, 1.9381351, 125.20690, 126.39567,
18.647240, 129.16197, 2.0813020, 125.15962, 126.44918,
18.661591, 135.03550, 2.1545194, 125.11674, 126.50129,
18.675930, 133.94318, 2.2888339, 125.07827, 126.55194,
18.690269, 130.30630, 2.1810400, 125.04415, 126.60123,
18.704611, 133.60458, 2.1891012, 125.01433, 126.64920,
18.718941, 132.47405, 1.9902345, 124.98880, 126.69584,
18.733271, 127.70807, 1.8789574, 124.96751, 126.74122,
18.747601, 128.18242, 1.8998377, 124.95043, 126.78539,
18.761930, 137.73750, 2.1409412, 124.93754, 126.82838,
18.776260, 140.67735, 2.1781461, 124.92882, 126.87022,
18.790581, 139.54075, 2.1353739, 124.92425, 126.91093,
18.804899, 136.62292, 2.0328859, 124.92381, 126.95056,
18.819220, 140.43220, 1.9635732, 124.92749, 126.98916,
18.833530, 143.19902, 2.1397231, 124.93528, 127.02673,
18.847839, 140.41835, 2.0125851, 124.94717, 127.06333,
18.862150, 150.59130, 2.5091604, 124.96317, 127.09900,
18.876459, 150.68125, 2.5890695, 124.98326, 127.13377,
18.890770, 157.87312, 3.5114234, 125.00748, 127.16768,
18.905069, 148.27353, 2.9150311, 125.03578, 127.20072,
18.919371, 144.67522, 2.4880086, 125.06822, 127.23298,
18.933670, 150.41265, 2.4947152, 125.10479, 127.26446,
18.947960, 151.62650, 2.7946693, 125.14549, 127.29520,
18.962250, 144.49347, 2.8788117, 125.19037, 127.32523,
18.976540, 145.82630, 2.7257787, 125.23944, 127.35459,
18.990829, 148.89907, 2.8601102, 125.29274, 127.38332,
19.005119, 148.15932, 2.5646410, 125.35029, 127.41145,
19.019400, 140.67525, 2.7901912, 125.41209, 127.43898,
19.033680, 143.73065, 2.7268659, 125.47821, 127.46597,
19.047960, 137.86880, 2.4712755, 125.54870, 127.49246,
19.062229, 136.07880, 2.6070157, 125.62353, 127.51844,
19.076500, 147.93567, 3.0561943, 125.70281, 127.54398,
19.090771, 138.20225, 3.0138289, 125.78660, 127.56910,
19.105040, 136.29303, 2.8085879, 125.87492, 127.59383,
19.119310, 136.12465, 2.4128414, 125.96787, 127.61821,
19.133570, 135.15835, 2.4639749, 126.06541, 127.64225,
19.147829, 133.19470, 2.9240150, 126.16767, 127.66599,
19.162090, 135.62730, 3.0224052, 126.27475, 127.68947,
19.176340, 135.51500, 3.1645830, 126.38660, 127.71269,
19.190599, 133.36070, 3.3961147, 126.50347, 127.73573,
19.204849, 125.96502, 3.4656026, 126.62529, 127.75857,
19.219101, 126.29260, 3.1235676, 126.75221, 127.78127,
19.233339, 128.89623, 3.1335091, 126.88420, 127.80384,
19.247580, 126.25708, 3.1601466, 127.02147, 127.82632,
19.261820, 137.21098, 3.4863052, 127.16411, 127.84874,
19.276060, 127.64175, 3.6455015, 127.31222, 127.87114,
19.290300, 135.88370, 4.2600579, 127.46588, 127.89354,
19.304529, 126.68675, 3.0959772, 127.62509, 127.91595,
19.318760, 132.63205, 3.5350176, 127.79010, 127.93843,
19.332991, 127.96100, 3.2151067, 127.96100, 127.96100,
19.347219, 113.94255, 2.9055785, 128.13789, 127.98369,
19.361441, 129.35810, 3.8626439, 128.32081, 128.00651,
19.375660, 132.65730, 11.539746, 128.50997, 128.02951,
19.389879, 122.82130, 3.2033178, 128.70551, 128.05272,
19.404100, 144.75972, 3.3198782, 128.90761, 128.07617,
19.418310, 150.17945, 4.1224186, 129.11622, 128.09987,
19.432520, 153.57000, 4.9028049, 129.33163, 128.12387,
