# wave, flux, fluxerr, continuum, continuum_plateau
9.9725246, 56.206850, 1.7214145, 56.206850, 56.206850,
9.9806166, 69.746625, 1.9236935, 55.835090, 55.834867,
9.9887066, 66.957932, 1.5823946, 55.474053, 55.473192,
9.9967957, 57.697130, 1.9729069, 55.123764, 55.121898,
10.004880, 61.436399, 1.5868855, 54.784454, 54.781263,
10.012970, 55.500277, 1.4772196, 54.455765, 54.450970,
10.021050, 60.074992, 1.4020386, 54.138391, 54.131759,
10.029140, 59.282476, 1.4681723, 53.831667, 53.823001,
10.037220, 57.501925, 1.5902539, 53.536438, 53.525585,
10.045300, 64.403371, 1.3711744, 53.252389, 53.239231,
10.053380, 59.013480, 1.5090186, 52.979581, 52.964035,
10.061460, 57.328057, 1.4314035, 52.718175, 52.700190,
10.069540, 60.231476, 1.4981564, 52.468206, 52.447766,
10.077610, 62.227275, 1.3714587, 52.230110, 52.207228,
10.085690, 60.429270, 1.4951622, 52.003396, 51.978111,
10.093760, 63.521203, 1.5422538, 51.788708, 51.761089,
10.101830, 62.115117, 1.3570059, 51.585878, 51.556017,
10.109900, 66.315960, 1.2781970, 51.394998, 51.363008,
10.117970, 59.890901, 1.4384501, 51.216227, 51.182245,
10.126040, 66.034355, 1.4039367, 51.049661, 51.013840,
10.134100, 59.219694, 1.2932584, 50.895612, 50.858126,
10.142170, 58.282622, 1.3639019, 50.753803, 50.714838,
10.150230, 56.654333, 1.4928258, 50.624714, 50.584473,
10.158300, 59.234932, 1.4082522, 50.508171, 50.466863,
10.166360, 62.995163, 1.3391283, 50.404592, 50.362442,
10.174420, 63.552969, 1.3924803, 50.313944, 50.271181,
10.182470, 58.879245, 1.3662571, 50.236471, 50.193330,
10.190530, 58.230375, 1.2616288, 50.172118, 50.128840,
10.198590, 55.672780, 1.4145608, 50.121127, 50.077952,
10.206640, 52.180747, 1.3313305, 50.083693, 50.040863,
10.214690, 58.758900, 1.3288292, 50.059892, 50.017646,
10.222750, 58.429112, 1.3406628, 50.049876, 50.008448,
10.230800, 57.829080, 1.4039655, 50.053825, 50.013445,
10.238850, 55.056723, 1.7367423, 50.071881, 50.032768,
10.246890, 63.529474, 1.4494324, 50.104162, 50.066523,
10.254940, 57.087692, 1.3709729, 50.150911, 50.114946,
10.262990, 60.724602, 1.4445840, 50.212271, 50.178163,
10.271030, 59.623107, 1.4842477, 50.288317, 50.256228,
10.279070, 54.999110, 1.4398477, 50.379280, 50.349357,
10.287120, 63.979465, 1.4747924, 50.485497, 50.457867,
10.295150, 53.421418, 1.5823902, 50.606724, 50.581483,
10.303190, 56.818148, 1.5202181, 50.743583, 50.720810,
10.311230, 54.336579, 1.5021757, 50.896099, 50.875840,
10.319270, 57.089604, 1.5443195, 51.064505, 51.046778,
10.327300, 52.906955, 1.6994490, 51.248733, 51.233517,
10.335340, 54.480432, 1.5833765, 51.449442, 51.436689,
10.343370, 55.645213, 1.6018971, 51.666392, 51.656009,
10.351400, 57.205458, 1.7265336, 51.899969, 51.891828,
10.359430, 55.282924, 1.7346017, 52.150414, 52.144341,
10.367460, 52.023231, 1.5635246, 52.417947, 52.413725,
10.375480, 46.487615, 1.5492637, 52.702406, 52.699767,
10.383510, 53.374265, 1.6963250, 53.004763, 53.003394,
10.391530, 52.163187, 1.5289966, 53.324499, 53.324030,
10.399560, 54.018530, 1.4282479, 53.662609, 53.662616,
10.407580, 51.513900, 1.3263958, 54.018530, 54.018530,
10.415600, 61.315989, 1.5672066, 54.392719, 54.392188,
10.423620, 53.119688, 1.4933203, 54.784853, 54.783303,
10.431640, 54.962617, 1.3825772, 55.194298, 55.191296,
10.439650, 56.399844, 1.3875320, 55.620049, 55.615213,
10.447670, 58.693114, 1.4441908, 56.062640, 56.055632,
10.455680, 62.987878, 1.4203192, 56.520389, 56.510922,
10.463700, 58.856023, 1.4015271, 56.993969, 56.981794,
10.471710, 64.120854, 1.5307567, 57.481624, 57.466539,
10.479720, 63.119277, 1.5111350, 57.983448, 57.965286,
10.487730, 59.475573, 1.5476267, 58.498930, 58.477560,
10.495730, 59.538974, 1.5296586, 59.026924, 59.002254,
10.503740, 59.995358, 1.8273204, 59.568184, 59.540147,
10.511750, 64.462447, 1.6154056, 60.121587, 60.090149,
10.519750, 64.977299, 1.6274318, 60.685887, 60.651047,
10.527750, 64.514455, 1.8264286, 61.261373, 61.223154,
10.535750, 63.715362, 1.9297751, 61.847489, 61.805938,
10.543750, 70.591698, 1.6845808, 62.443674, 62.398861,
10.551750, 65.817963, 1.9671146, 63.049581, 63.001599,
10.559750, 63.189727, 1.8353697, 63.664583, 63.613546,
10.567850, 77.109360, 1.6423394, 64.296203, 64.242208,
10.576350, 69.885813, 1.3682628, 64.968010, 64.911076,
10.584840, 70.667305, 1.5618164, 65.647653, 65.587975,
10.593340, 75.523989, 1.9779812, 66.336242, 66.274025,
10.601830, 77.783897, 1.4548879, 67.031510, 66.966981,
10.610330, 81.136854, 1.9233471, 67.734607, 67.668006,
10.618820, 75.196875, 1.4542861, 68.443314, 68.374900,
10.627310, 76.552670, 1.2869342, 69.157775, 69.087818,
10.635800, 74.402048, 1.2743700, 69.877590, 69.806371,
10.644280, 76.447802, 1.4079132, 70.601222, 70.529037,
10.652770, 71.885504, 1.2925227, 71.329822, 71.256976,
10.661250, 73.393469, 1.3193823, 72.061199, 71.988008,
10.669740, 77.100809, 1.4739797, 72.796444, 72.723232,
10.678220, 83.606232, 1.4735944, 73.533351, 73.460453,
10.686700, 74.546713, 1.7118655, 74.272192, 74.199952,
10.695180, 82.781246, 1.4382635, 75.012418, 74.941187,
10.703650, 81.129772, 1.4296284, 75.752642, 75.682779,
10.712130, 80.443398, 1.5128006, 76.493899, 76.425774,
10.720600, 85.691906, 1.5546381, 77.234137, 77.168126,
10.729080, 84.261057, 1.3736504, 77.974392, 77.910881,
10.737550, 81.343691, 1.5022974, 78.712364, 78.651745,
10.746020, 88.709866, 1.4534550, 79.448504, 79.391179,
10.754490, 93.543011, 1.4473773, 80.182096, 80.128476,
10.762960, 88.743317, 1.5173600, 80.912755, 80.863262,
10.771420, 84.315088, 1.4953605, 81.638868, 81.593926,
10.779890, 86.720098, 1.4568694, 82.361846, 82.321905,
10.788350, 86.981276, 1.4331061, 83.079265, 83.044771,
10.796810, 84.424334, 1.4730330, 83.791471, 83.762889,
10.805270, 85.261808, 1.7117114, 84.497910, 84.475718,
10.813730, 82.634882, 1.5834200, 85.198025, 85.182717,
10.822190, 82.809158, 1.5086143, 85.891260, 85.883343,
10.830650, 88.163315, 1.7299514, 86.577055, 86.577055,
10.839100, 86.577055, 1.5970020, 87.254128, 87.262566,
10.847560, 89.300148, 1.5314568, 87.924166, 87.941548,
10.856010, 86.920944, 1.5649761, 88.585699, 88.612469,
10.864460, 89.179306, 1.8046619, 89.239530, 89.276093,
10.872910, 97.903473, 1.8497823, 89.885848, 89.932572,
10.881360, 100.50690, 1.8985233, 90.524835, 90.582047,
10.889800, 100.78942, 1.8219428, 91.155749, 91.223722,
10.898250, 102.44848, 1.9657964, 91.780195, 91.859191,
10.906690, 104.71340, 2.2651689, 92.396870, 92.487089,
10.915140, 104.31772, 1.9520873, 93.007339, 93.108971,
10.923580, 115.79907, 2.1818380, 93.610188, 93.723363,
10.932020, 110.15515, 2.3414510, 94.206281, 94.331108,
10.940460, 117.82467, 2.3854769, 94.795714, 94.932270,
10.948890, 121.77935, 2.3770674, 95.377864, 95.526182,
10.957330, 125.69450, 2.4260854, 95.954275, 96.114386,
10.965760, 139.82050, 2.1019672, 96.523669, 96.695550,
10.974200, 150.06915, 1.9659818, 97.087427, 97.271052,
10.982630, 162.90987, 1.8239080, 97.644302, 97.839590,
10.991060, 175.76240, 2.1660665, 98.195146, 98.402009,
10.999490, 169.73975, 2.5633055, 98.739922, 98.958244,
11.007920, 171.69057, 2.8102728, 99.278838, 99.508481,
11.016340, 174.86795, 1.9478890, 99.811254, 100.05204,
11.024770, 166.58440, 2.1249930, 100.33852, 100.59029,
11.033190, 166.85423, 2.2081863, 100.85952, 101.12205,
11.041610, 165.24662, 2.1638214, 101.37493, 101.64801,
11.050030, 162.04870, 2.4005399, 101.88484, 102.16821,
11.058450, 169.25498, 2.3123594, 102.38930, 102.68272,
11.066870, 170.30637, 2.3647344, 102.88841, 103.19160,
11.075290, 163.77977, 2.2268019, 103.38223, 103.69489,
11.083700, 160.31035, 2.4825515, 103.87027, 104.19210,
11.092120, 161.49815, 2.5602446, 104.35373, 104.68441,
11.100530, 156.19185, 2.4447180, 104.83151, 105.17069,
11.108940, 160.07615, 2.6247486, 105.30434, 105.65169,
11.117350, 165.09973, 4.2529981, 105.77218, 106.12733,
11.120570, 177.92205, 2.1066220, 105.95005, 106.30810,
11.129530, 183.91847, 2.0084615, 106.44117, 106.80697,
11.138500, 196.16832, 2.0543153, 106.92743, 107.30056,
11.147460, 216.56010, 2.1908981, 107.40776, 107.78777,
11.156430, 242.51413, 3.0368897, 107.88336, 108.26979,
11.165390, 273.17745, 2.3318023, 108.35318, 108.74557,
11.174350, 317.33692, 2.4194794, 108.81786, 109.21573,
11.183300, 378.83055, 2.7350541, 109.27697, 109.67983,
11.192260, 429.46795, 2.8205701, 109.73156, 110.13894,
11.201220, 467.76324, 2.7615212, 110.18120, 110.59260,
11.210170, 472.18905, 2.7301692, 110.62549, 111.04040,
11.219120, 492.48272, 2.9438107, 111.06496, 111.48289,
11.228070, 483.32545, 2.9588528, 111.49967, 111.92012,
11.237020, 480.30452, 2.6833755, 111.92964, 112.35210,
11.245970, 481.67770, 2.7096516, 112.35501, 112.77897,
11.254920, 469.83310, 2.7723984, 112.77580, 113.20076,
11.263860, 457.97855, 2.6852011, 113.19157, 113.61702,
11.272800, 446.60015, 2.5413727, 113.60292, 114.02835,
11.281750, 431.49352, 2.5564226, 114.01023, 114.43514,
11.290690, 403.94620, 2.5644534, 114.41278, 114.83667,
11.299630, 393.27845, 2.4646556, 114.81097, 115.23335,
11.308560, 377.96622, 2.3543802, 115.20447, 115.62484,
11.317500, 354.54708, 2.2983332, 115.59416, 116.01203,
11.326430, 337.18235, 2.3706032, 115.97927, 116.39416,
11.335370, 321.02642, 2.2646482, 116.36064, 116.77208,
11.344300, 300.13588, 2.1431730, 116.73752, 117.14504,
11.353230, 296.96627, 2.1418266, 117.11035, 117.51349,
11.362160, 294.02033, 2.3192331, 117.47913, 117.87745,
11.371080, 273.45944, 2.1630267, 117.84359, 118.23665,
11.380010, 261.84925, 2.0185870, 118.20447, 118.59183,
11.388930, 254.12440, 2.0642037, 118.56112, 118.94236,
11.397850, 245.61003, 2.1158520, 118.91388, 119.28858,
11.406780, 237.68057, 2.0780602, 119.26322, 119.63100,
11.415700, 232.92252, 2.0085161, 119.60836, 119.96883,
11.424610, 224.25342, 2.0721136, 119.94938, 120.30218,
11.433530, 216.96643, 2.0822013, 120.28705, 120.63180,
11.442450, 218.80785, 2.1070023, 120.62102, 120.95739,
11.451360, 206.85952, 1.9824854, 120.95097, 121.27863,
11.460270, 202.16158, 2.0406491, 121.27728, 121.59593,
11.469180, 192.43388, 2.1149321, 121.59999, 121.90933,
11.478090, 188.34255, 2.1058097, 121.91911, 122.21886,
11.487000, 188.32563, 2.1084336, 122.23467, 122.52457,
11.495910, 187.82273, 2.0987318, 122.54666, 122.82647,
11.504810, 176.61057, 2.2463216, 122.85484, 123.12434,
11.513710, 171.60905, 2.1782234, 123.15950, 123.41849,
11.522620, 169.63665, 2.1591567, 123.46104, 123.70933,
11.531520, 167.14722, 2.1348758, 123.75877, 123.99621,
11.540420, 163.55417, 2.5648923, 124.05308, 124.27951,
11.549310, 161.14413, 2.3647323, 124.34365, 124.55899,
11.558210, 164.42463, 2.7477973, 124.63117, 124.83529,
11.567100, 154.33213, 2.3489930, 124.91494, 125.10779,
11.576000, 160.57707, 2.4808820, 125.19571, 125.37721,
11.584890, 160.83640, 2.6255784, 125.47278, 125.64293,
11.593780, 152.98608, 2.4594309, 125.74648, 125.90528,
11.602670, 144.57472, 2.4895534, 126.01688, 126.16435,
11.611560, 136.08515, 2.9405689, 126.28396, 126.42015,
11.620440, 147.48515, 2.8194185, 126.54741, 126.67242,
11.629330, 138.67038, 2.6522282, 126.80787, 126.92178,
11.638210, 136.86457, 2.6344148, 127.06475, 127.16772,
11.647090, 144.39475, 3.0389349, 127.31832, 127.41050,
11.655970, 144.67950, 3.2340632, 127.56860, 127.65018,
11.664850, 138.93295, 2.3818757, 127.81562, 127.88683,
11.673730, 136.48172, 1.8101627, 128.05935, 128.12043,
11.682600, 143.96840, 1.9245006, 128.29954, 128.35079,
11.691480, 132.59108, 2.2148424, 128.53671, 128.57844,
11.700350, 130.38405, 2.5886138, 128.77035, 128.80291,
11.709220, 141.52567, 2.1835898, 129.00073, 129.02450,
11.718090, 129.67220, 1.9354011, 129.22783, 129.24322,
11.726960, 129.03503, 2.1898553, 129.45166, 129.45911,
11.735830, 135.38175, 2.2166553, 129.67220, 129.67220,
11.744690, 128.10245, 2.2483587, 129.88920, 129.88227,
11.753560, 131.30470, 2.1492020, 130.10316, 130.08977,
11.762420, 129.87663, 2.3206024, 130.31357, 130.29420,
11.771280, 141.95417, 3.6583715, 130.52067, 130.49578,
11.775020, 139.43120, 1.7300294, 130.60707, 130.57998,
11.784500, 133.44672, 1.7193829, 130.82346, 130.79111,
11.793980, 135.38667, 1.7092671, 131.03598, 130.99883,
11.803460, 131.53157, 2.1249404, 131.24465, 131.20313,
11.812940, 131.55700, 1.6004021, 131.44940, 131.40393,
11.822420, 139.95790, 1.7262789, 131.65026, 131.60121,
11.831890, 139.78863, 1.7220774, 131.84696, 131.79471,
11.841360, 136.24137, 2.0849784, 132.03969, 131.98458,
11.850840, 139.25725, 1.6146562, 132.22862, 132.17097,
11.860310, 141.51938, 1.6103505, 132.41334, 132.35346,
11.869770, 147.48983, 1.5532108, 132.59382, 132.53201,
11.879240, 147.55717, 1.5556219, 132.77041, 132.70693,
11.888710, 146.81673, 1.5205096, 132.94287, 132.87798,
11.898170, 148.80145, 1.5673784, 133.11101, 133.04495,
11.907630, 152.02681, 1.5378892, 133.27495, 133.20795,
11.917090, 147.16602, 1.5549973, 133.43469, 133.36696,
11.926550, 152.27580, 1.4913430, 133.59014, 133.52190,
11.936010, 153.86390, 1.4805462, 133.74132, 133.67274,
11.945470, 150.99318, 1.5224975, 133.88813, 133.81940,
11.954920, 152.27575, 1.5357087, 134.03041, 133.96171,
11.964370, 153.69342, 1.6388052, 134.16828, 134.09975,
11.973830, 160.29932, 1.5690424, 134.30181, 134.23363,
11.983280, 149.17830, 1.6229493, 134.43068, 134.36298,
11.992720, 152.45082, 1.5765488, 134.55484, 134.48778,
12.002170, 152.36592, 1.5043967, 134.67453, 134.60823,
12.011610, 152.32957, 1.4768338, 134.78942, 134.72404,
12.021060, 149.95300, 1.5846532, 134.89971, 134.83537,
12.030500, 147.46277, 1.5832397, 135.00512, 134.94194,
12.039940, 147.07155, 1.5046632, 135.10568, 135.04380,
12.049380, 147.19147, 1.4964261, 135.20137, 135.14092,
12.058820, 145.86163, 1.4902055, 135.29210, 135.23321,
12.068250, 145.34540, 1.5962040, 135.37774, 135.32054,
12.077690, 143.89603, 1.5407130, 135.45839, 135.40304,
12.087120, 143.55118, 1.4889332, 135.53383, 135.48045,
12.096550, 140.95322, 1.6162140, 135.60407, 135.55282,
12.105980, 142.09195, 1.7874706, 135.66905, 135.62008,
12.115410, 142.34642, 1.7223056, 135.72869, 135.68217,
12.124830, 141.17397, 1.5603749, 135.78288, 135.73897,
12.134260, 145.89245, 1.6625157, 135.83164, 135.79053,
12.143680, 142.13972, 1.7114537, 135.87479, 135.83668,
12.153100, 143.52428, 1.7321005, 135.91233, 135.87742,
12.162520, 141.88887, 2.2709282, 135.94417, 135.91267,
12.171940, 139.03065, 1.8494462, 135.97022, 135.94238,
12.181360, 139.53260, 1.7634161, 135.99041, 135.96648,
12.190770, 141.04715, 1.9472828, 136.00464, 135.98487,
12.200180, 139.15675, 2.0335025, 136.01284, 135.99753,
12.209600, 134.01695, 1.7757586, 136.01492, 136.00439,
12.219010, 132.55595, 1.9977280, 136.01080, 136.00535,
12.228420, 138.56417, 2.0459543, 136.00038, 136.00038,
12.237820, 136.00038, 2.4677404, 135.98362, 135.98942,
12.247230, 138.50132, 2.0568036, 135.96057, 135.97252,
12.256630, 154.74275, 2.1708090, 135.93139, 135.94977,
12.266040, 234.47653, 2.6844365, 135.89613, 135.92122,
12.275440, 471.09898, 3.6578368, 135.85497, 135.88699,
12.284840, 412.84637, 3.3473332, 135.80799, 135.84714,
12.294230, 164.64915, 2.3778443, 135.75534, 135.80178,
12.303630, 146.04287, 3.1023505, 135.69703, 135.75089,
12.313030, 153.74717, 2.5851270, 135.63320, 135.69459,
12.322420, 150.84002, 2.8183628, 135.56403, 135.63302,
12.331810, 149.31633, 2.0057793, 135.48955, 135.56620,
12.341200, 150.51975, 1.6324397, 135.40985, 135.49418,
12.350590, 154.74128, 1.7144989, 135.32504, 135.41704,
12.359980, 149.78220, 1.9014969, 135.23520, 135.33486,
12.369360, 156.50930, 2.1115895, 135.14052, 135.24777,
12.378750, 149.62157, 1.8958674, 135.04090, 135.15569,
12.388130, 146.91102, 1.9181737, 134.93662, 135.05886,
12.397510, 151.68608, 1.9230892, 134.82769, 134.95726,
12.406890, 151.76097, 1.9652780, 134.71417, 134.85094,
12.416270, 162.17033, 2.1855223, 134.59614, 134.73998,
12.425640, 160.11767, 2.0247711, 134.47383, 134.62457,
12.435020, 161.24757, 2.2510548, 134.34705, 134.50451,
12.444390, 164.32180, 2.2737111, 134.21615, 134.38014,
12.453760, 160.36773, 2.0516018, 134.08108, 134.25138,
12.463130, 158.67336, 2.0906311, 133.94190, 134.11831,
12.472500, 166.41302, 2.2419659, 133.79870, 133.98097,
12.481870, 170.29715, 2.9031912, 133.65153, 133.83943,
12.489420, 170.50187, 1.8024207, 133.53012, 133.72237,
12.499490, 171.82913, 2.0383714, 133.36432, 133.56210,
12.509550, 172.86728, 1.7547410, 133.19435, 133.39735,
12.519610, 178.57032, 1.7150748, 133.02013, 133.22802,
12.529670, 175.35692, 1.7391655, 132.84176, 133.05420,
12.539730, 182.72073, 1.9003907, 132.65929, 132.87594,
12.549780, 184.39248, 2.0014096, 132.47301, 132.69351,
12.559840, 184.49622, 1.7993269, 132.28261, 132.50661,
12.569890, 184.89995, 1.7316169, 132.08856, 132.31569,
12.579940, 179.13182, 1.7170567, 131.89073, 132.12063,
12.589990, 190.45618, 1.7948084, 131.68921, 131.92149,
12.600040, 195.10000, 1.7311342, 131.48403, 131.71832,
12.610090, 195.11185, 1.6355281, 131.27532, 131.51123,
12.620130, 198.57592, 1.8844797, 131.06333, 131.30049,
12.630170, 210.58928, 1.7957893, 130.84791, 131.08593,
12.640210, 209.41383, 1.7544376, 130.62913, 130.86763,
12.650250, 205.32708, 1.7127445, 130.40707, 130.64566,
12.660290, 211.04358, 2.1406008, 130.18180, 130.42011,
12.670330, 213.17022, 1.7213831, 129.95335, 130.19098,
12.680360, 213.20580, 1.7066682, 129.72204, 129.95862,
12.690390, 227.27833, 1.7055494, 129.48769, 129.72285,
12.700420, 228.48370, 1.7939451, 129.25033, 129.48370,
12.710450, 228.34508, 1.7929604, 129.01008, 129.24129,
12.720480, 234.35650, 1.8207698, 128.76696, 128.99565,
12.730500, 240.86575, 2.0593090, 128.52127, 128.74707,
12.740530, 243.97140, 1.9524183, 128.27258, 128.49516,
12.750550, 223.58783, 1.6690420, 128.02143, 128.24043,
12.760570, 224.00407, 1.7185145, 127.76765, 127.98275,
12.770590, 229.95945, 1.7591935, 127.51125, 127.72212,
12.780610, 220.24328, 1.8379755, 127.25231, 127.45862,
12.790620, 218.67257, 1.8452072, 126.99113, 127.19259,
12.800640, 217.50712, 1.7159026, 126.72724, 126.92352,
12.810650, 219.38535, 1.7809013, 126.46121, 126.65205,
12.820660, 206.83835, 1.7053142, 126.19284, 126.37794,
12.830670, 193.43692, 1.6412730, 125.92212, 126.10123,
12.840680, 181.70235, 1.6017965, 125.64917, 125.82202,
12.850680, 171.96803, 1.6016697, 125.37426, 125.54062,
12.860690, 168.28190, 1.6576804, 125.09690, 125.25653,
12.870690, 157.93035, 1.6134099, 124.81767, 124.97036,
12.880690, 154.93198, 1.5617823, 124.53638, 124.68191,
12.890690, 147.86133, 1.5424292, 124.25300, 124.39120,
12.900680, 146.39680, 1.5509976, 123.96791, 124.09859,
12.910680, 144.05430, 1.5480881, 123.68054, 123.80355,
12.920670, 142.57978, 1.5475523, 123.39153, 123.50673,
12.930670, 136.90425, 1.7199893, 123.10032, 123.20756,
12.940660, 131.46580, 1.6671594, 122.80753, 122.90670,
12.950640, 131.80030, 1.6214892, 122.51324, 122.60426,
12.960630, 126.90708, 1.8083684, 122.21682, 122.29960,
12.970620, 132.65262, 1.6027729, 121.91867, 121.99315,
12.980600, 130.06945, 1.6054016, 121.61909, 121.68521,
12.990580, 127.68805, 1.6351051, 121.31784, 121.37559,
13.000560, 119.36315, 1.6080831, 121.01490, 121.06428,
13.010540, 122.30825, 1.7062814, 120.71034, 120.75134,
13.020520, 121.42050, 1.6624841, 120.40418, 120.43684,
13.030490, 123.84235, 1.7209268, 120.09677, 120.12115,
13.040470, 115.60055, 1.7309586, 119.78751, 119.80366,
13.050440, 124.18262, 1.7924170, 119.47707, 119.48509,
13.060410, 119.16515, 1.8651919, 119.16515, 119.16515,
13.070380, 116.88380, 1.8104759, 118.85176, 118.84387,
13.080350, 121.89920, 1.8954418, 118.53704, 118.52138,
13.090310, 121.56440, 1.9528243, 118.22134, 118.19807,
13.100280, 125.88925, 1.9880274, 117.90415, 117.87338,
13.110240, 124.77100, 1.9494103, 117.58614, 117.54803,
13.120200, 114.79955, 2.0429385, 117.26712, 117.22180,
13.130160, 127.66693, 2.2719504, 116.94715, 116.89477,
13.140110, 122.49268, 1.7977090, 116.62666, 116.56737,
13.150070, 121.92593, 1.3820049, 116.30505, 116.23900,
13.160020, 113.82262, 1.3616947, 115.98308, 115.91044,
13.169980, 115.93265, 1.5116555, 115.66016, 115.58107,
13.179930, 116.57525, 1.6289704, 115.33705, 115.25168,
13.189870, 111.93127, 1.5307812, 115.01379, 114.92232,
13.199820, 115.45515, 1.5625698, 114.68985, 114.59244,
13.209770, 119.15897, 1.5211896, 114.36559, 114.26242,
13.219710, 117.64112, 1.4652964, 114.04146, 113.93271,
13.229650, 117.24047, 1.6396121, 113.71723, 113.60309,
13.239590, 115.23550, 2.5570264, 113.39292, 113.27358,
13.249530, 112.35383, 1.7211096, 113.06864, 112.94429,
13.259470, 111.90285, 1.6243546, 112.74447, 112.61531,
13.269410, 111.54800, 1.6435143, 112.42049, 112.28673,
13.279340, 111.54213, 1.7700809, 112.09712, 111.95896,
13.289270, 112.56690, 2.0029267, 111.77407, 111.63174,
13.299200, 114.85800, 1.8075675, 111.45148, 111.30518,
13.309130, 111.95075, 2.0969196, 111.12940, 110.97937,
13.318260, 110.35840, 1.5530654, 110.83376, 110.68049,
13.328980, 109.95908, 1.5002225, 110.48737, 110.33054,
13.339690, 113.60298, 1.5257515, 110.14219, 109.98209,
13.350400, 116.23392, 1.6429380, 109.79798, 109.63489,
13.361120, 111.70475, 1.5740138, 109.45453, 109.28872,
13.371830, 112.59802, 1.4709600, 109.11258, 108.94436,
13.382530, 115.80778, 1.4766557, 108.77223, 108.60188,
13.393240, 113.80487, 1.5714784, 108.43296, 108.26078,
13.403940, 114.93802, 1.6679956, 108.09549, 107.92177,
13.414650, 112.00410, 1.8561582, 107.75931, 107.58437,
13.425350, 114.66750, 1.5083256, 107.42513, 107.24927,
13.436050, 114.41738, 1.4974956, 107.09277, 106.91630,
13.446740, 116.71072, 1.5593044, 106.76263, 106.58587,
13.457440, 119.05302, 1.5944644, 106.43420, 106.25745,
13.468130, 118.69678, 1.5038016, 106.10821, 105.93180,
13.478830, 121.24408, 1.5349202, 105.78415, 105.60838,
13.489520, 120.18835, 1.5589735, 105.46274, 105.28794,
13.500200, 121.95335, 1.9409837, 105.14408, 104.97055,
13.510890, 123.62015, 1.6017037, 104.82771, 104.65577,
13.521570, 123.98363, 1.5650621, 104.51429, 104.34426,
13.532260, 130.04058, 1.5806740, 104.20339, 104.03557,
13.542940, 127.71545, 1.7981320, 103.89568, 103.73038,
13.553620, 128.28405, 1.6666905, 103.59099, 103.42851,
13.564290, 125.91020, 1.7386454, 103.28974, 103.13038,
13.574970, 121.85402, 1.5993784, 102.99145, 102.83550,
13.585640, 117.22565, 2.1775238, 102.69683, 102.54458,
13.596320, 120.26937, 1.5202736, 102.40542, 102.25716,
13.606990, 116.82173, 1.5287591, 102.11792, 101.97391,
13.617650, 113.45448, 1.4597384, 101.83442, 101.69492,
13.628320, 113.97923, 1.4288449, 101.55454, 101.41980,
13.638980, 113.99195, 1.4568001, 101.27890, 101.14917,
13.649650, 118.61740, 1.5172634, 101.00714, 100.88265,
13.660310, 113.99797, 1.7547680, 100.73987, 100.62084,
13.670970, 109.85168, 1.7597182, 100.47700, 100.36362,
13.681630, 112.44510, 1.6192652, 100.21864, 100.11111,
13.692280, 108.88675, 1.5603165, 99.965185, 99.863677,
13.702940, 107.60360, 1.5741160, 99.716276, 99.620947,
13.713590, 101.73040, 1.5073343, 99.472539, 99.383521,
13.724240, 103.16050, 1.4614925, 99.233851, 99.151261,
13.734890, 102.00516, 1.4192043, 99.000397, 98.924332,
13.745530, 102.75715, 1.4812913, 98.772505, 98.703033,
13.756180, 105.25120, 1.5685341, 98.549914, 98.487092,
13.766820, 100.85316, 1.5530417, 98.333176, 98.277021,
13.777460, 100.47120, 1.5340898, 98.122240, 98.072751,
13.788100, 99.362230, 1.5484203, 97.917263, 97.874410,
13.798740, 99.662819, 1.4397513, 97.718403, 97.682125,
13.809380, 95.106009, 1.7795619, 97.525838, 97.496043,
13.820010, 96.867954, 1.6123715, 97.339861, 97.316419,
13.830640, 97.002956, 1.6435147, 97.160494, 97.143246,
13.841270, 97.753790, 1.5314536, 96.987876, 96.976625,
13.851900, 96.663647, 1.5723761, 96.822207, 96.816719,
13.862530, 96.492138, 1.9851697, 96.663647, 96.663647,
13.873150, 96.443300, 2.1158325, 96.512432, 96.517610,
13.883780, 97.197802, 1.7469708, 96.368108, 96.378176,
13.894400, 100.14604, 1.5948514, 96.230681, 96.245366,
13.905020, 99.022556, 1.6839004, 96.099770, 96.118822,
13.915640, 94.280653, 1.7616457, 95.975128, 95.998315,
13.926250, 100.64969, 1.8760325, 95.856614, 95.883721,
13.936870, 99.472881, 1.9503172, 95.743784, 95.774616,
13.947480, 102.49615, 1.8974384, 95.636582, 95.670951,
13.958090, 99.914219, 2.0655255, 95.534688, 95.572422,
13.968700, 99.287134, 2.7103318, 95.437848, 95.478788,
13.979310, 101.43410, 2.0764839, 95.345849, 95.389843,
13.989910, 100.16878, 1.9603053, 95.258529, 95.305432,
14.000520, 97.740215, 2.0634645, 95.175502, 95.225181,
14.011120, 94.279587, 2.0189893, 95.096694, 95.149016,
14.021720, 101.92287, 2.1195578, 95.021803, 95.076644,
14.032320, 98.621250, 2.5053474, 94.950608, 95.007846,
14.042920, 100.27337, 2.2879587, 94.882889, 94.942405,
14.053510, 99.009071, 2.2501158, 94.818488, 94.880164,
14.064110, 95.431120, 2.1131107, 94.757061, 94.820783,
14.074700, 93.741180, 2.8867419, 94.698509, 94.764160,
14.085290, 94.630068, 2.3492479, 94.642565, 94.710028,
14.095870, 101.10439, 1.7594284, 94.589058, 94.658213,
14.106460, 100.54808, 1.4531335, 94.537679, 94.608409,
14.117040, 96.384226, 1.3996967, 94.488310, 94.560491,
14.127630, 94.984665, 1.6026392, 94.440647, 94.514155,
14.138210, 94.516920, 1.6537721, 94.394575, 94.469279,
14.148790, 104.48970, 1.7992310, 94.349837, 94.425605,
14.159370, 97.825415, 1.8285120, 94.306226, 94.382920,
14.169940, 101.85715, 1.6538291, 94.263575, 94.341052,
14.180520, 101.04296, 2.9850821, 94.221592, 94.299707,
14.182090, 106.08870, 1.7106496, 94.215411, 94.293608,
14.193560, 108.02020, 1.7294287, 94.170522, 94.249212,
14.205030, 101.11452, 2.3352516, 94.125923, 94.204920,
14.216500, 112.17220, 1.7744556, 94.081357, 94.160467,
14.227970, 103.62787, 1.7991447, 94.036559, 94.115581,
14.239430, 112.03963, 1.5367028, 93.991302, 94.070028,
14.250890, 105.65070, 1.4211766, 93.945291, 94.023507,
14.262350, 105.22425, 1.4670306, 93.898254, 93.975740,
14.273810, 105.12035, 1.4501872, 93.849932, 93.926459,
14.285270, 108.35273, 1.4624230, 93.800064, 93.875400,
14.296730, 100.76204, 1.3581680, 93.748377, 93.822282,
14.308180, 99.188705, 1.3942503, 93.694659, 93.766890,
14.319630, 96.139353, 1.3686227, 93.638597, 93.708907,
14.331080, 95.865795, 1.3502051, 93.579919, 93.648055,
14.342530, 94.247150, 1.4628016, 93.518366, 93.584073,
14.353970, 96.224977, 1.2580389, 93.453723, 93.516747,
14.365410, 98.029045, 1.2375486, 93.385659, 93.445741,
14.376860, 95.650749, 1.4471260, 93.313845, 93.370724,
14.388300, 95.182396, 1.6453022, 93.238126, 93.291546,
14.399730, 97.103373, 1.4260375, 93.158242, 93.207951,
14.411170, 92.803406, 1.3590668, 93.073768, 93.119511,
14.422600, 95.290857, 1.2705411, 92.984580, 93.026112,
14.434030, 95.171606, 1.2689994, 92.890319, 92.927398,
14.445460, 97.484814, 1.4195775, 92.790692, 92.823084,
14.456890, 91.249157, 1.2945801, 92.685429, 92.712909,
14.468320, 95.111906, 1.4946384, 92.574231, 92.596584,
14.479740, 93.006166, 1.3949739, 92.456905, 92.473934,
14.491160, 93.881460, 1.4121699, 92.333067, 92.344585,
14.502580, 91.513327, 1.4211920, 92.202429, 92.208264,
14.514000, 90.829302, 1.5254319, 92.064667, 92.064667,
14.525420, 92.064667, 1.4523996, 91.919638, 91.913671,
14.536830, 95.402800, 2.1483879, 91.767931, 91.755903,
14.548240, 89.724165, 1.3619878, 91.610013, 91.591852,
14.559650, 94.827375, 1.7077407, 91.446458, 91.422132,
14.571060, 85.340958, 1.3774362, 91.277883, 91.247394,
14.582470, 92.952501, 1.7241619, 91.104861, 91.068248,
14.593870, 88.255749, 1.4684891, 90.928124, 90.885471,
14.605270, 90.698931, 1.5157442, 90.748110, 90.699536,
14.616670, 88.744410, 1.4426004, 90.565412, 90.511079,
14.628070, 83.226131, 1.5599274, 90.380579, 90.320688,
14.639470, 91.384245, 1.4898948, 90.194201, 90.128997,
14.650860, 88.314493, 1.3621494, 90.007027, 89.936803,
14.662260, 86.584970, 1.5488770, 89.819286, 89.744370,
14.673650, 87.881317, 1.3619563, 89.631899, 89.552670,
14.685040, 90.797956, 1.5389121, 89.445250, 89.362127,
14.696420, 88.472994, 1.4407476, 89.260114, 89.173563,
14.707810, 86.773033, 1.4094431, 89.076693, 88.987217,
14.719190, 89.222300, 1.3297292, 88.895931, 88.804079,
14.730570, 90.515429, 1.5533124, 88.718202, 88.624564,
14.741950, 89.719114, 1.6853135, 88.544097, 88.449305,
14.753330, 91.627609, 1.4426696, 88.374196, 88.278920,
14.764700, 91.898943, 1.5175716, 88.209229, 88.114178,
14.776080, 85.809238, 1.3501316, 88.049473, 87.955395,
14.787450, 87.517538, 1.3497942, 87.895808, 87.803485,
14.798820, 91.427710, 1.5527213, 87.748669, 87.658918,
14.810190, 88.791897, 1.4488033, 87.608636, 87.522307,
14.821550, 87.016541, 1.4132631, 87.476433, 87.394402,
14.832920, 89.129993, 1.3675843, 87.352422, 87.275601,
14.844280, 89.458496, 1.4284637, 87.237410, 87.166729,
14.855640, 88.143110, 1.4601286, 87.131895, 87.068311,
14.866990, 90.413044, 1.4607892, 87.036567, 86.981050,
14.878350, 88.445189, 1.5008528, 86.951864, 86.905415,
14.889710, 89.914495, 2.0373825, 86.878495, 86.842127,
14.901060, 86.287584, 1.4149028, 86.817137, 86.791860,
14.912410, 89.375570, 1.4805417, 86.768342, 86.755187,
14.923760, 86.732744, 1.5874895, 86.732744, 86.732744,
14.935100, 86.593378, 1.6003042, 86.710820, 86.724947,
14.946450, 94.566011, 4.0506423, 86.702259, 86.731273,
14.957790, 87.891031, 1.5517355, 86.706639, 86.750976,
14.969130, 94.124279, 1.7507509, 86.723510, 86.783321,
14.980470, 93.404440, 1.7561882, 86.752447, 86.827586,
14.991810, 90.599997, 1.9466877, 86.793024, 86.883040,
15.003140, 88.637915, 1.8130291, 86.844777, 86.948899,
15.014480, 92.659903, 1.7417836, 86.907377, 87.024545,
15.025810, 87.629013, 1.7226099, 86.980322, 87.109142,
15.037140, 90.464682, 1.9806273, 87.063247, 87.202020,
15.048460, 91.739151, 2.1031860, 87.155682, 87.302379,
15.059790, 90.843313, 2.0355551, 87.257391, 87.409676,
15.071110, 88.724339, 1.9938075, 87.367816, 87.523017,
15.082440, 90.331224, 1.5258638, 87.486773, 87.641891,
15.093750, 94.373304, 1.3062780, 87.613541, 87.765251,
15.105070, 88.280672, 1.2923857, 87.748089, 87.892726,
15.116390, 91.341541, 1.5340594, 87.889934, 88.023494,
15.127700, 88.333157, 1.5155992, 88.038567, 88.156724,
15.139020, 91.045557, 1.5643781, 88.193901, 88.291956,
15.150330, 91.973978, 1.5984631, 88.355290, 88.428233,
15.162390, 88.294382, 1.9050036, 88.533813, 88.574050,
15.174730, 82.559317, 1.9563297, 88.722914, 88.722914,
15.187070, 88.722914, 1.7807795, 88.918071, 88.870666,
15.199410, 89.404339, 1.8282825, 89.118982, 89.017192,
15.211740, 84.234442, 1.8341015, 89.325131, 89.162365,
15.224080, 92.765516, 1.8020600, 89.536597, 89.306472,
15.236410, 91.718124, 1.7172595, 89.752705, 89.449273,
15.248740, 89.172268, 2.1665956, 89.973334, 89.590911,
15.261060, 99.683008, 1.8802075, 90.197998, 89.731282,
15.273390, 96.369419, 1.9079959, 90.426786, 89.870643,
15.285710, 91.731842, 2.0918913, 90.659037, 90.008784,
15.298030, 89.878317, 1.9288452, 90.894622, 90.145818,
15.310350, 93.506660, 1.6930371, 91.133291, 90.281783,
15.322660, 90.270386, 2.0916061, 91.374536, 90.416570,
15.334980, 91.631453, 2.0586104, 91.618466, 90.550414,
15.347290, 93.579353, 1.8037583, 91.864424, 90.683123,
15.359600, 92.746344, 1.6956409, 92.112320, 90.814817,
15.371900, 93.903599, 1.7005018, 92.361661, 90.945398,
15.384210, 94.748613, 1.6914485, 92.612597, 91.075106,
15.396510, 107.18682, 1.8008739, 92.864444, 91.203742,
15.408810, 93.378740, 1.6051462, 93.117101, 91.331414,
15.421110, 95.760309, 1.5509936, 93.370334, 91.458153,
15.433410, 95.634169, 1.4264160, 93.623830, 91.583955,
15.445700, 92.661646, 1.3751783, 93.877136, 91.708747,
15.457990, 93.229776, 1.4427848, 94.130178, 91.832640,
15.470280, 95.800461, 1.5037848, 94.382682, 91.955647,
15.482570, 89.060305, 1.4790293, 94.634374, 92.077782,
15.494860, 95.670385, 1.8053909, 94.884980, 92.199057,
15.507140, 94.633720, 1.3568736, 95.134033, 92.319393,
15.519420, 93.054222, 1.3671463, 95.381434, 92.438886,
15.531700, 96.111115, 1.4214774, 95.626945, 92.557568,
15.543980, 95.898144, 1.4533902, 95.870252, 92.675432,
15.556260, 96.159870, 1.5000010, 96.111115, 92.792509,
15.568530, 95.811495, 1.2310366, 96.349133, 92.908703,
15.580800, 97.009731, 1.3439605, 96.584737, 93.024125,
15.593070, 94.207214, 1.4140861, 96.818251, 93.138787,
15.605340, 96.433121, 1.6539538, 97.049995, 93.252701,
15.617600, 96.030313, 1.4566373, 97.280113, 93.365789,
15.629860, 96.506451, 1.4026130, 97.509086, 93.478143,
15.642120, 99.679682, 1.3558863, 97.737269, 93.589791,
15.654380, 99.728043, 1.4779428, 97.964943, 93.700727,
15.666640, 99.449358, 1.4819138, 98.192463, 93.810978,
15.678890, 101.84274, 1.5021189, 98.419934, 93.920453,
15.691140, 98.727898, 1.4898349, 98.647866, 94.029257,
15.703390, 102.98657, 1.4015282, 98.876579, 94.137399,
15.715640, 100.64453, 1.4378526, 99.106388, 94.244889,
15.727890, 104.20168, 1.4516452, 99.337613, 94.351738,
15.740130, 98.861212, 1.4652404, 99.570390, 94.457873,
15.752370, 105.81270, 1.5592198, 99.805200, 94.563378,
15.764610, 110.82752, 1.5277250, 100.04240, 94.668280,
15.776850, 104.24948, 1.4562763, 100.28228, 94.772570,
15.789090, 106.28065, 1.4540373, 100.52519, 94.876275,
15.801320, 99.936987, 1.5025156, 100.77123, 94.979308,
15.813550, 106.25695, 1.6437154, 101.02093, 95.081765,
15.825780, 110.51547, 1.5023628, 101.27462, 95.183657,
15.838010, 112.29963, 1.5963707, 101.53263, 95.284992,
15.850230, 110.31060, 1.4758831, 101.79509, 95.385699,
15.862450, 109.19208, 1.5117077, 102.06251, 95.485860,
15.874670, 105.46740, 1.5626522, 102.33527, 95.585496,
15.886890, 110.43880, 1.6475752, 102.61368, 95.684610,
15.899110, 112.13105, 1.6695572, 102.89808, 95.783201,
15.911320, 108.82765, 1.7008275, 103.18859, 95.881209,
15.923540, 107.98605, 1.9566053, 103.48605, 95.978802,
15.935750, 105.41960, 1.7848236, 103.79030, 96.075821,
15.947960, 105.76515, 1.6136266, 104.10194, 96.172356,
15.960160, 102.66400, 1.5668415, 104.42109, 96.268341,
15.972370, 106.34780, 1.6330420, 104.74861, 96.363934,
15.984570, 108.53213, 1.6970010, 105.08433, 96.458984,
15.996770, 111.20988, 1.6632236, 105.42893, 96.553589,
16.008961, 105.96902, 1.6875143, 105.78249, 96.647674,
16.021160, 105.79143, 1.8532541, 106.14590, 96.741388,
16.033350, 115.01432, 2.3508919, 106.51902, 96.834597,
16.045549, 112.31440, 5.9685491, 106.90283, 96.927454,
16.057739, 111.23593, 1.8227775, 107.29713, 97.019822,
16.069920, 107.45072, 1.8977766, 107.70229, 97.111706,
16.082109, 105.68595, 1.9038165, 108.11936, 97.203259,
16.094290, 109.49533, 2.0718043, 108.54812, 97.294343,
16.106470, 107.22078, 2.1912656, 108.98929, 97.385036,
16.118650, 108.27835, 2.2099177, 109.44332, 97.475345,
16.130831, 111.94155, 2.0735813, 109.91063, 97.565275,
16.143009, 109.47970, 2.1038228, 110.39161, 97.654820,
16.155180, 112.01575, 2.2021827, 110.88646, 97.743943,
16.167351, 113.08790, 2.2568911, 111.39593, 97.832707,
16.179520, 114.38212, 2.7907021, 111.92041, 97.921103,
16.191681, 113.01620, 5.6192983, 112.46011, 98.009097,
16.203850, 109.11687, 2.4253816, 113.01620, 98.096805,
16.216009, 110.38062, 2.4311443, 113.58809, 98.184108,
16.228170, 114.43365, 3.6387351, 114.17536, 98.271095,
16.240330, 124.45650, 3.0743833, 114.77664, 98.357743,
16.252489, 115.25975, 2.9218906, 115.39080, 98.444073,
16.264641, 117.84360, 2.6847127, 116.01626, 98.530035,
16.276791, 121.12960, 2.7700542, 116.65211, 98.615677,
16.288950, 133.06873, 2.9852468, 117.29778, 98.701082,
16.301090, 132.48702, 3.6404892, 117.95057, 98.786057,
16.313240, 130.17320, 3.0382631, 118.61083, 98.870806,
16.325380, 134.49150, 3.2332588, 119.27637, 98.955203,
16.337530, 140.43422, 2.3865195, 119.94706, 99.039384,
16.349670, 152.80238, 2.0891491, 120.62071, 99.123222,
16.361799, 163.79235, 1.7972039, 121.29603, 99.206709,
16.373940, 173.17920, 2.3086485, 121.97315, 99.290009,
16.386070, 179.93773, 2.2476437, 122.64975, 99.372982,
16.398211, 193.96397, 2.2963958, 123.32574, 99.455763,
16.410339, 193.58287, 1.9513938, 123.99880, 99.538213,
16.422461, 191.42725, 2.3828862, 124.66800, 99.620364,
16.434589, 195.12245, 2.3756163, 125.33302, 99.702324,
16.446711, 197.00230, 2.3902877, 125.99187, 99.783995,
16.458839, 192.63385, 2.4130316, 126.64422, 99.865483,
16.470961, 184.91770, 2.4580986, 127.28809, 99.946690,
16.483070, 179.65385, 2.6323723, 127.92214, 100.02760,
16.495190, 175.77287, 3.4895004, 128.54629, 100.10834,
16.500280, 165.43727, 2.9251681, 128.80508, 100.14220,
16.513599, 165.48015, 2.3729242, 129.47186, 100.23059,
16.526911, 151.27135, 2.1668964, 130.12212, 100.31869,
16.540211, 151.68435, 2.2591936, 130.75412, 100.40645,
16.553520, 170.29725, 2.3367522, 131.36729, 100.49404,
16.566820, 147.08353, 2.2208725, 131.95912, 100.58133,
16.580120, 145.45202, 2.2241562, 132.52846, 100.66839,
16.593420, 132.77690, 1.9574912, 133.07368, 100.75522,
16.606710, 136.76788, 1.8061917, 133.59276, 100.84177,
16.620001, 138.93937, 1.9565096, 134.08444, 100.92811,
16.633301, 139.68045, 2.0891447, 134.54738, 101.01430,
16.646589, 144.64425, 2.3868054, 134.97913, 101.10020,
16.659870, 131.81915, 11.811094, 135.37819, 101.18586,
16.673149, 134.91715, 1.7785990, 135.74302, 101.27131,
16.686440, 135.74302, 1.5662131, 136.07314, 101.35665,
16.699711, 140.09997, 1.6756473, 136.37073, 101.44168,
16.712990, 140.23547, 2.0090053, 136.64027, 101.52657,
16.726271, 139.51168, 1.7575854, 136.88545, 101.61130,
16.739540, 141.50095, 1.8521056, 137.10982, 101.69579,
16.752810, 140.69570, 1.7083497, 137.31741, 101.78011,
16.766081, 139.01205, 1.6356684, 137.51201, 101.86429,
16.779341, 140.68300, 1.7619519, 137.69719, 101.94823,
16.792601, 138.25225, 1.8607227, 137.87687, 102.03202,
16.805870, 137.63795, 1.9160657, 138.05493, 102.11573,
16.819120, 141.48145, 2.1775519, 138.23473, 102.19917,
16.832380, 134.67418, 1.8070203, 138.42039, 102.28253,
16.845631, 136.01970, 1.7441614, 138.61539, 102.36570,
16.858891, 135.72787, 1.8190316, 138.82377, 102.44880,
16.872141, 134.04555, 1.8296484, 139.04899, 102.53171,
16.885380, 132.25227, 1.9657047, 139.29472, 102.61443,
16.898630, 139.86367, 1.8953470, 139.56517, 102.69710,
16.911869, 138.78375, 1.8137477, 139.86367, 102.77960,
16.925110, 145.67173, 1.6927244, 140.19289, 102.86199,
16.938351, 144.57525, 1.7368331, 140.54954, 102.94428,
16.951580, 141.36895, 1.7378718, 140.92867, 103.02640,
16.964821, 143.95667, 1.8071223, 141.32633, 103.10849,
16.978050, 150.50410, 1.7250309, 141.73725, 103.19042,
16.991270, 151.18172, 1.6353182, 142.15688, 103.27220,
17.004499, 174.46577, 1.6867786, 142.58125, 103.35396,
17.017719, 297.70840, 2.1184669, 143.00520, 103.43558,
17.030951, 584.21994, 2.9869083, 143.42484, 103.51719,
17.044161, 557.60783, 3.0944236, 143.83458, 103.59861,
17.057381, 208.49330, 1.9102755, 144.23081, 103.68001,
17.070601, 151.55487, 1.6270026, 144.60866, 103.76135,
17.083811, 155.85952, 1.7743700, 144.96331, 103.84257,
17.097019, 158.87285, 1.7629545, 145.29038, 103.92372,
17.110229, 158.03328, 1.8847855, 145.58536, 104.00484,
17.123430, 143.95995, 1.8490823, 145.84341, 104.08584,
17.136641, 147.29090, 1.7493937, 146.06023, 104.16686,
17.149839, 156.12085, 2.6484101, 146.23083, 104.24777,
17.163040, 152.36098, 2.1475741, 146.35072, 104.32865,
17.176229, 144.63947, 1.8735317, 146.41511, 104.40943,
17.189430, 142.38442, 1.9542578, 146.41934, 104.49026,
17.202620, 147.37526, 2.0260043, 146.35860, 104.57098,
17.215811, 146.35860, 1.9988526, 146.22946, 104.65170,
17.229000, 147.50037, 2.0915486, 146.03403, 104.73238,
17.242180, 150.87088, 1.9817126, 145.77594, 104.81300,
17.255369, 151.78800, 2.1569467, 145.45822, 104.89366,
17.268551, 150.67540, 2.0091759, 145.08459, 104.97426,
17.281719, 149.27065, 2.0998390, 144.65868, 105.05479,
17.294901, 155.12020, 2.2694282, 144.18289, 105.13539,
17.308069, 159.45957, 2.1674520, 143.66142, 105.21592,
17.321251, 164.93585, 2.0332097, 143.09642, 105.29654,
17.334410, 170.74240, 2.1171355, 142.49268, 105.37703,
17.347580, 166.14975, 2.1644203, 141.85181, 105.45761,
17.360750, 169.08600, 2.1527942, 141.17746, 105.53821,
17.373911, 171.03320, 2.2533981, 140.47326, 105.61877,
17.387070, 160.38060, 2.2601924, 139.74191, 105.69934,
17.400230, 159.38075, 2.1499699, 138.98628, 105.77996,
17.413380, 154.18715, 2.0700226, 138.21019, 105.86054,
17.426540, 157.81770, 2.1516243, 137.41532, 105.94124,
17.439690, 159.94290, 2.1114420, 136.60608, 106.02190,
17.452841, 148.90182, 2.2229559, 135.78466, 106.10262,
17.465981, 146.13470, 2.1917857, 134.95492, 106.18332,
17.479130, 147.06035, 2.2036381, 134.11850, 106.26413,
17.492270, 143.82165, 2.2237694, 133.27962, 106.34494,
17.505409, 135.06267, 2.2445775, 132.44064, 106.42581,
17.518551, 130.92078, 2.1824745, 131.60442, 106.50676,
17.531679, 137.65245, 2.4145552, 130.77491, 106.58770,
17.544821, 135.00005, 2.7082169, 129.95340, 106.66879,
17.557949, 130.19998, 2.6778766, 129.14454, 106.74987,
17.571079, 129.52775, 12.935464, 128.35038, 106.83104,
17.584200, 129.78175, 6.0310779, 127.57458, 106.91224,
17.597330, 132.50288, 2.7354125, 126.81904, 106.99359,
17.610451, 124.05902, 2.6444411, 126.08786, 107.07497,
17.623569, 124.70920, 2.6934765, 125.38364, 107.15643,
17.636690, 129.67973, 2.9406236, 124.70920, 107.23801,
17.649799, 123.07880, 2.9031035, 124.06758, 107.31961,
17.662910, 125.42078, 2.8670768, 123.45769, 107.40134,
17.676029, 128.87837, 3.4946541, 122.87820, 107.48323,
17.689131, 139.98090, 3.4270410, 122.32913, 107.56512,
17.702240, 143.07565, 2.9808119, 121.80834, 107.64719,
17.715349, 125.81857, 3.2926382, 121.31516, 107.72937,
17.728451, 127.12245, 3.3399820, 120.84882, 107.81164,
17.741550, 130.35472, 3.1370652, 120.40813, 107.89403,
17.754641, 130.29970, 2.2295053, 119.99232, 107.97649,
17.767740, 132.35935, 2.1806183, 119.59983, 108.05915,
17.780830, 135.93022, 2.4569745, 119.23030, 108.14190,
17.793921, 133.94605, 2.2704899, 118.88252, 108.22480,
17.807011, 139.92928, 2.1793714, 118.55556, 108.30785,
17.820101, 134.44660, 2.5893701, 118.24854, 108.39106,
17.833179, 129.85518, 2.2310216, 117.96081, 108.47436,
17.846270, 124.08140, 2.0514040, 117.69100, 108.55789,
17.859341, 121.40167, 2.0869617, 117.43886, 108.64148,
17.872419, 125.85130, 2.2411360, 117.20301, 108.72529,
17.885500, 122.57425, 2.2866153, 116.98273, 108.80930,
17.898569, 119.62048, 7.6208110, 116.77741, 108.89341,
17.911640, 123.92947, 2.6221607, 116.58601, 108.97772,
17.924709, 119.99058, 2.7721005, 116.40777, 109.06222,
17.937780, 127.32370, 4.3758399, 116.24184, 109.14693,
17.941250, 126.73203, 2.2236311, 116.19977, 109.16945,
17.955721, 126.08687, 2.1917769, 116.03275, 109.26352,
17.970181, 119.32158, 2.2629250, 115.87868, 109.35779,
17.984650, 120.25095, 2.2677683, 115.73630, 109.45237,
17.999109, 120.56115, 2.5172502, 115.60475, 109.54717,
18.013571, 113.48975, 2.5965805, 115.48289, 109.64225,
18.028021, 117.68052, 2.3786985, 115.36981, 109.73754,
18.042480, 119.09155, 2.2290464, 115.26432, 109.83319,
18.056931, 119.41505, 2.0359327, 115.16555, 109.92907,
18.071381, 113.66945, 2.0134732, 115.07243, 110.02526,
18.085819, 109.88933, 2.1008202, 114.98403, 110.12168,
18.100269, 118.69277, 2.2631484, 114.89922, 110.21850,
18.114710, 121.63295, 2.2148223, 114.81713, 110.31558,
18.129150, 110.98927, 1.8067382, 114.73671, 110.41299,
18.143579, 114.65705, 1.6890649, 114.65705, 110.51066,
18.158020, 112.96697, 1.6658235, 114.57723, 110.60877,
18.172449, 116.74330, 1.8332166, 114.49737, 110.70715,
18.186880, 117.30245, 2.0300354, 114.41759, 110.80591,
18.201300, 119.14632, 2.0929059, 114.33816, 110.90496,
18.215719, 112.53400, 2.1487837, 114.25919, 111.00439,
18.230150, 120.04690, 1.8531067, 114.18083, 111.10429,
18.244560, 119.40480, 1.9860412, 114.10344, 111.20444,
18.258980, 117.46862, 2.0270444, 114.02705, 111.30505,
18.273390, 121.60880, 2.0872479, 113.95195, 111.40602,
18.287800, 111.01848, 2.0400245, 113.87828, 111.50740,
18.302210, 116.65005, 2.1266309, 113.80624, 111.60922,
18.316620, 113.09908, 1.9790347, 113.73603, 111.71147,
18.331020, 111.47653, 2.1031518, 113.66789, 111.81411,
18.345421, 115.03470, 1.8827135, 113.60197, 111.91719,
18.359819, 115.53575, 1.8239593, 113.53848, 112.02074,
18.374210, 116.60192, 1.9183517, 113.47765, 112.12469,
18.388611, 112.69500, 1.8160872, 113.41960, 112.22921,
18.403000, 111.38807, 1.8321555, 113.36464, 112.33413,
18.417379, 115.97210, 1.7360592, 113.31294, 112.43948,
18.431770, 113.40943, 1.6401010, 113.26466, 112.54544,
18.446150, 118.26278, 1.6255420, 113.22008, 112.65183,
18.460529, 116.28608, 2.0431307, 113.17938, 112.75875,
18.474911, 113.24455, 1.8812877, 113.14276, 112.86623,
18.489281, 111.25917, 2.0468013, 113.11050, 112.97417,
18.503660, 113.08275, 1.8370864, 113.08275, 113.08275,
18.518030, 111.24315, 8.5967567, 113.05975, 113.19183,
18.532391, 118.99302, 1.8805820, 113.04150, 113.30139,
18.546761, 117.59795, 2.0059189, 113.02796, 113.41156,
18.561119, 115.30635, 2.0063175, 113.01912, 113.52217,
18.575480, 132.10275, 2.1827945, 113.01496, 113.63329,
18.589840, 119.74070, 2.7114417, 113.01547, 113.74490,
18.604191, 119.67733, 2.0542171, 113.02063, 113.85691,
18.618549, 115.88973, 1.8967946, 113.03044, 113.96944,
18.632900, 116.96405, 1.8082854, 113.04491, 114.08234,
18.647240, 113.50682, 1.9310687, 113.06400, 114.19557,
18.661591, 118.51328, 2.0801825, 113.08776, 114.30930,
18.675930, 117.21960, 2.0027540, 113.11617, 114.42333,
18.690269, 121.07757, 2.0800752, 113.14925, 114.53773,
18.704611, 124.80957, 2.0644681, 113.18702, 114.65250,
18.718941, 117.62493, 1.8159253, 113.22947, 114.76752,
18.733271, 115.80125, 1.7150775, 113.27665, 114.88287,
18.747601, 118.28855, 1.9149418, 113.32859, 114.99853,
18.761930, 126.95897, 2.3071415, 113.38531, 115.11449,
18.776260, 130.85682, 2.3442411, 113.44685, 115.23072,
18.790581, 130.31753, 2.2364999, 113.51321, 115.34715,
18.804899, 120.20630, 2.4669036, 113.58446, 115.46381,
18.819220, 126.28090, 2.2171306, 113.66066, 115.58072,
18.833530, 129.41135, 2.1940321, 113.74180, 115.69777,
18.847839, 126.01340, 2.1936621, 113.82797, 115.81501,
18.862150, 131.06785, 2.5064171, 113.91924, 115.93246,
18.876459, 129.40543, 2.5545363, 114.01566, 116.05006,
18.890770, 134.80377, 2.5689833, 114.11732, 116.16785,
18.905069, 139.68763, 2.5836220, 114.22419, 116.28569,
18.919371, 131.08610, 2.8083961, 114.33643, 116.40367,
18.933670, 135.51785, 2.1878902, 114.45409, 116.52176,
18.947960, 131.43700, 2.3133635, 114.57719, 116.63987,
18.962250, 134.02942, 2.5335869, 114.70588, 116.75807,
18.976540, 133.48557, 2.6725676, 114.84026, 116.87634,
18.990829, 133.92245, 2.5598536, 114.98042, 116.99468,
19.005119, 140.73898, 2.5339420, 115.12646, 117.11306,
19.019400, 127.03605, 2.3899811, 115.27837, 117.23139,
19.033680, 130.65170, 2.3496055, 115.43637, 117.34974,
19.047960, 125.69555, 2.3984182, 115.60056, 117.46809,
19.062229, 127.06205, 2.9137252, 115.77091, 117.58634,
19.076500, 124.24400, 3.1822223, 115.94772, 117.70458,
19.090771, 116.61688, 3.2846701, 116.13107, 117.82278,
19.105040, 120.62418, 2.8169762, 116.32107, 117.94091,
19.119310, 126.68127, 2.6204705, 116.51792, 118.05899,
19.133570, 128.85253, 2.7703951, 116.72156, 118.17689,
19.147829, 119.12555, 3.2340371, 116.93229, 118.29469,
19.162090, 124.58278, 3.1643406, 117.15029, 118.41240,
19.176340, 131.82083, 3.2153239, 117.37551, 118.52989,
19.190599, 133.15780, 3.1966085, 117.60844, 118.64732,
19.204849, 114.16610, 3.2463045, 117.84895, 118.76452,
19.219101, 119.09917, 3.1794437, 118.09738, 118.88157,
19.233339, 122.15625, 2.7169887, 118.35364, 118.99832,
19.247580, 122.23775, 3.5508372, 118.61819, 119.11490,
19.261820, 128.45835, 3.5272311, 118.89119, 119.23126,
19.276060, 113.45382, 3.1650965, 119.17282, 119.34740,
19.290300, 119.46330, 3.7808282, 119.46330, 119.46330,
19.304529, 119.19653, 3.1994574, 119.76259, 119.57885,
19.318760, 126.62892, 3.1995623, 120.07119, 119.69415,
19.332991, 133.42717, 3.3944353, 120.38928, 119.80916,
19.347219, 119.32230, 3.8549654, 120.71704, 119.92386,
19.361441, 115.90498, 3.2579371, 121.05458, 120.03819,
19.375660, 124.00980, 3.8149028, 121.40226, 120.15217,
19.389879, 117.04328, 3.9752008, 121.76039, 120.26581,
19.404100, 132.65460, 4.1949223, 122.12927, 120.37911,
19.418310, 133.84912, 4.1264284, 122.50883, 120.49194,
19.432520, 132.86265, 5.1401934, 122.89963, 120.60438,
