# wave, flux, fluxerr, continuum, continuum_plateau
9.9725246, 49.423403, 1.7094818, 49.423403, 49.423403,
9.9806166, 61.117215, 1.9993986, 49.062937, 49.062683,
9.9887066, 56.683612, 1.6810762, 48.713324, 48.712343,
9.9967957, 55.103636, 1.5249318, 48.374603, 48.372473,
10.004880, 54.961730, 1.6737377, 48.047010, 48.043360,
10.012970, 49.054800, 1.7533932, 47.730212, 47.724718,
10.021050, 54.040877, 1.5488026, 47.424894, 47.417280,
10.029140, 56.796635, 1.4759722, 47.130431, 47.120461,
10.037220, 51.966772, 1.6070613, 46.847648, 46.835136,
10.045300, 60.042957, 1.5690513, 46.576259, 46.561055,
10.053380, 55.732491, 1.6055944, 46.316338, 46.298332,
10.061460, 52.839049, 1.6236376, 46.068053, 46.047173,
10.069540, 51.374670, 1.5425388, 45.831457, 45.807664,
10.077610, 56.353565, 1.4212156, 45.606976, 45.580271,
10.085690, 53.197841, 1.7287362, 45.394166, 45.364574,
10.093760, 56.855986, 1.6789618, 45.193650, 45.161232,
10.101830, 55.094786, 1.3358845, 45.005289, 44.970132,
10.109900, 60.775509, 1.4058568, 44.829188, 44.791404,
10.117970, 53.014870, 1.4051136, 44.665516, 44.625243,
10.126040, 56.724318, 1.4615966, 44.514381, 44.471778,
10.134100, 54.702612, 1.3520453, 44.376090, 44.331340,
10.142170, 48.287798, 1.6053088, 44.250418, 44.203716,
10.150230, 50.948134, 1.6117812, 44.137818, 44.089383,
10.158300, 53.877058, 1.3530099, 44.038168, 43.988227,
10.166360, 54.682495, 1.2355464, 43.951857, 43.900655,
10.174420, 60.420766, 1.3771411, 43.878888, 43.826678,
10.182470, 53.392100, 1.3350175, 43.819493, 43.766537,
10.190530, 52.330558, 1.3520558, 43.773677, 43.720243,
10.198590, 52.218227, 1.2980174, 43.741673, 43.688035,
10.206640, 50.316972, 1.3328423, 43.723665, 43.670097,
10.214690, 54.766894, 1.7796370, 43.719765, 43.666544,
10.222750, 53.391370, 1.2258979, 43.730164, 43.677564,
10.230800, 55.229028, 1.2703592, 43.755008, 43.703299,
10.238850, 50.053595, 1.6736732, 43.794477, 43.743922,
10.246890, 58.521092, 1.3986965, 43.848675, 43.799529,
10.254940, 56.444385, 1.3127343, 43.917914, 43.870423,
10.262990, 50.816628, 1.5342952, 44.002324, 43.956721,
10.271030, 54.831592, 1.3883069, 44.101968, 44.058467,
10.279070, 52.368217, 1.4943488, 44.217114, 44.175916,
10.287120, 54.479107, 1.5972187, 44.348150, 44.309438,
10.295150, 49.674935, 1.5243219, 44.494753, 44.458678,
10.303190, 54.823730, 1.5762989, 44.657655, 44.624354,
10.311230, 52.466183, 1.3645647, 44.836861, 44.806441,
10.319270, 54.384398, 4.4948571, 45.032625, 45.005164,
10.327300, 49.598610, 1.6479610, 45.244855, 45.220394,
10.335340, 45.227693, 1.3932576, 45.474296, 45.452851,
10.343370, 46.324472, 1.6071204, 45.720659, 45.702200,
10.351400, 50.880113, 1.8499954, 45.984374, 45.968837,
10.359430, 47.927082, 1.7085201, 46.265702, 46.252979,
10.367460, 44.897452, 1.7750959, 46.564877, 46.554818,
10.375480, 41.474440, 1.5369732, 46.881715, 46.874117,
10.383510, 45.047081, 1.5433459, 47.217289, 47.211906,
10.391530, 50.017754, 1.6650096, 47.571012, 47.567541,
10.399560, 49.362127, 1.5748002, 47.943981, 47.942065,
10.407580, 47.285002, 1.2887832, 48.335566, 48.334787,
10.415600, 53.369202, 1.5528743, 48.746411, 48.746292,
10.423620, 49.176880, 1.4275253, 49.176880, 49.176880,
10.431640, 43.273295, 1.3291026, 49.626986, 49.626517,
10.439650, 50.097279, 1.3940013, 50.095705, 50.094222,
10.447670, 51.142133, 1.3624241, 50.583558, 50.580568,
10.455680, 54.943927, 1.4067333, 51.088618, 51.083690,
10.463700, 55.936678, 1.4691859, 51.611562, 51.604310,
10.471710, 56.939742, 1.5717093, 52.150380, 52.140475,
10.479720, 57.954997, 1.5390280, 52.705110, 52.692266,
10.487730, 47.965470, 1.4704113, 53.275118, 53.259094,
10.495730, 50.419079, 1.7952778, 53.859070, 53.839672,
10.503740, 53.516488, 1.9551444, 54.457734, 54.434800,
10.511750, 57.505026, 1.9426064, 55.069801, 55.043209,
10.519750, 60.539280, 1.7429152, 55.693825, 55.663495,
10.527750, 64.346972, 2.0336119, 56.330061, 56.295942,
10.535750, 61.625749, 2.3185869, 56.977826, 56.939899,
10.543750, 63.727183, 1.5587368, 57.636433, 57.594709,
10.551750, 54.920862, 2.3283059, 58.305433, 58.259952,
10.559750, 58.966724, 1.6460084, 58.984064, 58.934893,
10.567850, 67.283070, 1.6881662, 59.680552, 59.627738,
10.576350, 55.915185, 1.3526253, 60.420762, 60.364255,
10.584840, 64.737290, 1.5419563, 61.168930, 61.108893,
10.593340, 70.847942, 2.3102681, 61.926193, 61.862806,
10.601830, 69.047586, 1.3758328, 62.689972, 62.623450,
10.610330, 75.856030, 1.7956743, 63.461448, 63.392019,
10.618820, 66.474234, 1.4827467, 64.238100, 64.166022,
10.627310, 66.198653, 1.2949772, 65.019998, 64.945547,
10.635800, 67.096510, 1.4917982, 65.806617, 65.730089,
10.644280, 69.626198, 1.5030716, 66.596192, 66.517904,
10.652770, 64.960960, 1.3313638, 67.389888, 67.310171,
10.661250, 66.012987, 1.3049150, 68.185225, 68.104435,
10.669740, 67.177865, 1.4293437, 68.983297, 68.901801,
10.678220, 71.863539, 1.4697925, 69.781616, 69.699803,
10.686700, 69.036133, 1.3411691, 70.580384, 70.498658,
10.695180, 72.355659, 1.3566863, 71.378906, 71.297690,
10.703650, 69.754362, 1.5357791, 72.175593, 72.095324,
10.712130, 73.721680, 1.7005099, 72.971456, 72.892593,
10.720600, 73.477322, 17.856431, 73.764191, 73.687207,
10.729080, 77.702137, 1.9038597, 74.554799, 74.480189,
10.737550, 74.718697, 1.4902277, 75.340719, 75.268992,
10.746020, 82.118328, 1.5442263, 76.122325, 76.054012,
10.754490, 77.888559, 1.4974617, 76.898745, 76.834398,
10.762960, 78.044426, 1.6216966, 77.669456, 77.609648,
10.771420, 78.757599, 1.6367665, 78.432646, 78.377965,
10.779890, 81.265608, 1.6056028, 79.189678, 79.140750,
10.788350, 83.278580, 1.5358497, 79.937891, 79.895351,
10.796810, 76.852779, 1.5491200, 80.677526, 80.642042,
10.805270, 82.821424, 1.7921525, 81.407878, 81.380145,
10.813730, 77.759956, 1.5744268, 82.128239, 82.108984,
10.822190, 83.536154, 1.6560194, 82.837902, 82.827880,
10.830650, 81.137438, 1.7855129, 83.536154, 83.536154,
10.839100, 84.431019, 1.5757752, 84.221587, 84.232402,
10.847560, 86.207243, 1.7072939, 84.895945, 84.918343,
10.856010, 84.483212, 1.6109147, 85.557817, 85.592476,
10.864460, 84.621614, 1.7742852, 86.208085, 86.255628,
10.872910, 89.961637, 2.8507233, 86.847006, 86.907997,
10.881360, 89.744665, 4.3684797, 87.474829, 87.549775,
10.889800, 93.272699, 1.6690841, 88.090900, 88.180229,
10.898250, 93.854172, 1.9189666, 88.696856, 88.800976,
10.906690, 95.709021, 2.1551585, 89.291500, 89.410731,
10.915140, 97.529680, 1.8775995, 89.876408, 90.011055,
10.923580, 111.33335, 2.1899506, 90.450293, 90.600572,
10.932020, 109.21633, 2.7884479, 91.014049, 91.180146,
10.940460, 110.37000, 2.3435056, 91.567835, 91.749892,
10.948890, 112.63280, 2.1583560, 92.111138, 92.309229,
10.957330, 115.48990, 2.7310918, 92.645464, 92.859661,
10.965760, 132.96428, 1.8258056, 93.169693, 93.399990,
10.974200, 146.46245, 2.1149668, 93.685161, 93.931546,
10.982630, 159.41407, 2.2030083, 94.190791, 94.453177,
10.991060, 172.52743, 2.0103573, 94.687429, 94.965713,
10.999490, 173.33762, 2.0975006, 95.175104, 95.469145,
11.007920, 173.12113, 2.3844524, 95.654063, 95.963690,
11.016340, 172.48585, 1.8114592, 96.123808, 96.448797,
11.024770, 167.73832, 2.0692970, 96.585591, 96.925722,
11.033190, 168.62675, 2.2590854, 97.038498, 97.393489,
11.041610, 164.42688, 2.0144388, 97.483185, 97.852742,
11.050030, 158.49003, 2.8342708, 97.919779, 98.303583,
11.058450, 169.15235, 2.1326611, 98.348404, 98.746109,
11.066870, 167.13105, 2.7292418, 98.769183, 99.180420,
11.075290, 157.57670, 3.2604272, 99.182235, 99.606612,
11.083700, 149.50265, 2.2882140, 99.587225, 100.02431,
11.092120, 148.21512, 2.4426374, 99.985185, 100.43457,
11.100530, 152.77077, 2.4188059, 100.37529, 100.83649,
11.108940, 155.31200, 2.3260697, 100.75818, 101.23074,
11.117350, 159.69705, 3.6945588, 101.13390, 101.61733,
11.120570, 166.19010, 2.2214300, 101.27592, 101.76337,
11.129530, 168.69373, 2.1846285, 101.66564, 102.16392,
11.138500, 178.52357, 2.1444551, 102.04801, 102.55652,
11.147460, 189.66830, 2.2497621, 102.42224, 102.94037,
11.156430, 218.31805, 2.4389175, 102.78934, 103.31647,
11.165390, 241.78300, 2.4201606, 103.14857, 103.68405,
11.174350, 283.94367, 2.5669056, 103.50048, 104.04367,
11.183300, 333.51355, 2.8814614, 103.84482, 104.39505,
11.192260, 379.60794, 2.9718980, 104.18245, 104.73906,
11.201220, 413.42185, 2.9681679, 104.51309, 105.07542,
11.210170, 416.41251, 2.8741019, 104.83652, 105.40388,
11.219120, 433.03851, 3.6144647, 105.15321, 105.72491,
11.228070, 426.87837, 3.7762070, 105.46326, 106.03861,
11.237020, 422.10098, 2.8477873, 105.76673, 106.34505,
11.245970, 432.58988, 2.8916640, 106.06380, 106.64439,
11.254920, 418.07497, 2.9169877, 106.35454, 106.93670,
11.263860, 404.08157, 2.8782678, 106.63870, 107.22175,
11.272800, 396.32430, 2.6771134, 106.91676, 107.50001,
11.281750, 380.05223, 2.6566095, 107.18904, 107.77180,
11.290690, 361.78653, 2.6954349, 107.45510, 108.03669,
11.299630, 344.64478, 2.5991802, 107.71529, 108.29503,
11.308560, 329.99744, 2.4759292, 107.96943, 108.54666,
11.317500, 308.71339, 2.4098021, 108.21817, 108.79222,
11.326430, 297.01791, 2.5002379, 108.46105, 109.03127,
11.335370, 276.00832, 2.3584667, 108.69868, 109.26442,
11.344300, 259.29302, 2.2390777, 108.93063, 109.49125,
11.353230, 257.22095, 2.2837022, 109.15724, 109.71212,
11.362160, 251.93550, 2.3317230, 109.37855, 109.92709,
11.371080, 237.96865, 2.2817251, 109.59448, 110.13607,
11.380010, 222.42090, 2.1416687, 109.80550, 110.33956,
11.388930, 213.46265, 3.5426147, 110.01128, 110.53724,
11.397850, 211.55817, 3.7897488, 110.21208, 110.72939,
11.406780, 205.74713, 2.1144048, 110.40822, 110.91632,
11.415700, 199.13320, 2.0112018, 110.59931, 111.09769,
11.424610, 189.40223, 1.9678458, 110.78544, 111.27361,
11.433530, 184.25817, 2.3319152, 110.96709, 111.44456,
11.442450, 186.38068, 2.0772926, 111.14411, 111.61041,
11.451360, 174.67760, 1.9047988, 111.31639, 111.77108,
11.460270, 170.26072, 2.0206645, 111.48418, 111.92684,
11.469180, 163.62728, 2.0326233, 111.64754, 112.07776,
11.478090, 158.81640, 1.9626028, 111.80652, 112.22394,
11.487000, 156.27985, 2.0045302, 111.96119, 112.36544,
11.495910, 163.89405, 1.9179298, 112.11158, 112.50233,
11.504810, 146.89123, 2.2153320, 112.25763, 112.63459,
11.513710, 149.23720, 2.1270636, 112.39952, 112.76241,
11.522620, 148.06483, 1.9326115, 112.53748, 112.88603,
11.531520, 147.43843, 2.1435260, 112.67123, 113.00524,
11.540420, 140.64467, 2.0415685, 112.80100, 113.12025,
11.549310, 136.52485, 2.0481911, 112.92669, 113.23104,
11.558210, 138.41530, 2.1151386, 113.04863, 113.33792,
11.567100, 133.07113, 2.1106875, 113.16658, 113.44072,
11.576000, 137.89570, 2.1611264, 113.28088, 113.53976,
11.584890, 138.47748, 2.4382136, 113.39128, 113.63488,
11.593780, 126.87467, 2.1623489, 113.49797, 113.72626,
11.602670, 127.28410, 2.1807575, 113.60100, 113.81400,
11.611560, 120.55677, 2.5555142, 113.70040, 113.89817,
11.620440, 125.72940, 6.7891257, 113.79610, 113.97873,
11.629330, 116.92578, 2.2680275, 113.88836, 114.05595,
11.638210, 120.10345, 2.2307532, 113.97702, 114.12974,
11.647090, 127.63122, 2.3718647, 114.06220, 114.20024,
11.655970, 123.19175, 2.5756727, 114.14394, 114.26753,
11.664850, 119.24765, 1.9119610, 114.22229, 114.33168,
11.673730, 117.99582, 1.5544870, 114.29727, 114.39276,
11.682600, 124.81480, 1.7603650, 114.36883, 114.45078,
11.691480, 116.97417, 1.6509563, 114.43716, 114.50594,
11.700350, 111.81783, 1.6626766, 114.50215, 114.55819,
11.709220, 126.83770, 1.8545459, 114.56391, 114.60765,
11.718090, 115.09460, 1.7849007, 114.62244, 114.65440,
11.726960, 113.70825, 1.9832988, 114.67780, 114.69850,
11.735830, 117.58282, 1.9751488, 114.72999, 114.74003,
11.744690, 114.77900, 2.1362505, 114.77900, 114.77900,
11.753560, 114.45665, 1.9831322, 114.82496, 114.81557,
11.762420, 110.77173, 1.9025433, 114.86780, 114.84968,
11.771280, 124.23455, 3.1433770, 114.90763, 114.88139,
11.775020, 116.34690, 1.7047679, 114.92354, 114.89406,
11.784500, 118.37685, 1.8235794, 114.96153, 114.92429,
11.793980, 120.74638, 1.7889117, 114.99617, 114.95182,
11.803460, 115.08113, 2.3486216, 115.02752, 114.97667,
11.812940, 118.93225, 1.6990682, 115.05562, 114.99887,
11.822420, 123.85555, 1.7541166, 115.08053, 115.01844,
11.831890, 119.85510, 1.7438213, 115.10225, 115.03539,
11.841360, 121.35635, 1.9034097, 115.12087, 115.04974,
11.850840, 120.48635, 1.7276820, 115.13643, 115.06153,
11.860310, 125.35500, 1.6466830, 115.14895, 115.07077,
11.869770, 128.38103, 1.6802153, 115.15847, 115.07747,
11.879240, 132.17440, 1.6931215, 115.16506, 115.08167,
11.888710, 130.70385, 1.5841541, 115.16875, 115.08337,
11.898170, 134.69847, 1.6884013, 115.16956, 115.08260,
11.907630, 139.03788, 1.7159046, 115.16754, 115.07938,
11.917090, 125.99740, 1.6594097, 115.16272, 115.07373,
11.926550, 134.06905, 1.6335060, 115.15514, 115.06566,
11.936010, 136.73940, 1.6110985, 115.14484, 115.05518,
11.945470, 130.74997, 1.9320976, 115.13183, 115.04233,
11.954920, 131.14555, 1.8352383, 115.11618, 115.02712,
11.964370, 138.96037, 1.8071275, 115.09790, 115.00956,
11.973830, 139.88557, 1.6122648, 115.07700, 114.98965,
11.983280, 131.02913, 3.3888506, 115.05354, 114.96744,
11.992720, 134.96887, 1.6278167, 115.02757, 114.94296,
12.002170, 131.22008, 1.5698740, 114.99906, 114.91616,
12.011610, 131.14200, 1.5986974, 114.96808, 114.88712,
12.021060, 133.42770, 1.7283938, 114.93461, 114.85579,
12.030500, 128.40345, 1.6609961, 114.89873, 114.82226,
12.039940, 126.46877, 1.6065290, 114.86044, 114.78649,
12.049380, 125.40207, 1.5316111, 114.81976, 114.74851,
12.058820, 127.68827, 1.6574389, 114.77671, 114.70834,
12.068250, 130.17098, 1.6634843, 114.73135, 114.66601,
12.077690, 129.10755, 1.6683525, 114.68362, 114.62146,
12.087120, 125.02515, 1.6270546, 114.63363, 114.57481,
12.096550, 119.42820, 1.6186795, 114.58136, 114.52600,
12.105980, 127.04417, 1.8825564, 114.52682, 114.47505,
12.115410, 126.02213, 1.7466033, 114.47002, 114.42198,
12.124830, 117.55925, 1.6561909, 114.41105, 114.36685,
12.134260, 122.78945, 1.7410712, 114.34981, 114.30956,
12.143680, 125.42520, 1.7694757, 114.28642, 114.25025,
12.153100, 126.40638, 1.7414535, 114.22084, 114.18885,
12.162520, 128.87220, 2.1361133, 114.15309, 114.12537,
12.171940, 120.96398, 2.0660029, 114.08319, 114.05985,
12.181360, 118.55932, 1.8927710, 114.01112, 113.99226,
12.190770, 120.21230, 1.7806279, 113.93700, 113.92272,
12.200180, 120.57880, 2.0587536, 113.86076, 113.85114,
12.209600, 111.49962, 1.7734659, 113.78231, 113.77746,
12.219010, 113.40363, 1.9432883, 113.70185, 113.70185,
12.228420, 113.70185, 2.2919921, 113.61929, 113.62423,
12.237820, 118.03057, 2.2137745, 113.53476, 113.54472,
12.247230, 119.78825, 1.9340075, 113.44809, 113.46314,
12.256630, 135.89330, 2.0856174, 113.35949, 113.37968,
12.266040, 193.01355, 2.4880071, 113.26882, 113.29419,
12.275440, 420.86510, 3.3914092, 113.17628, 113.20685,
12.284840, 355.99610, 3.1697892, 113.08182, 113.11759,
12.294230, 136.57145, 2.1562552, 112.98553, 113.02651,
12.303630, 126.42100, 2.6944865, 112.88727, 112.93345,
12.313030, 131.25500, 2.5174520, 112.78714, 112.83849,
12.322420, 127.42237, 2.6970594, 112.68527, 112.74176,
12.331810, 123.33300, 1.8667962, 112.58159, 112.64318,
12.341200, 127.87320, 1.5362369, 112.47612, 112.54275,
12.350590, 131.36822, 1.7052559, 112.36887, 112.44048,
12.359980, 127.23422, 1.7391154, 112.25986, 112.33637,
12.369360, 132.56670, 1.8182961, 112.14923, 112.23057,
12.378750, 127.49700, 1.7258719, 112.03677, 112.12284,
12.388130, 128.12068, 1.8636928, 111.92272, 112.01343,
12.397510, 128.76145, 1.8468145, 111.80701, 111.90225,
12.406890, 129.42190, 1.7037748, 111.68962, 111.78928,
12.416270, 132.04645, 2.1016647, 111.57059, 111.67454,
12.425640, 135.79552, 1.9090205, 111.45006, 111.55818,
12.435020, 134.60475, 1.9869803, 111.32779, 111.43993,
12.444390, 137.97250, 2.2171332, 111.20405, 111.32009,
12.453760, 138.48180, 1.8322890, 111.07873, 111.19851,
12.463130, 135.61700, 1.7926638, 110.95184, 111.07521,
12.472500, 144.46648, 2.0794438, 110.82339, 110.95020,
12.481870, 154.40827, 2.4116698, 110.69340, 110.82349,
12.489420, 144.06602, 1.9309625, 110.58754, 110.72015,
12.499490, 151.88945, 2.2570779, 110.44481, 110.58061,
12.509550, 150.01050, 2.0215261, 110.30047, 110.43926,
12.519610, 153.03807, 1.8010816, 110.15441, 110.29597,
12.529670, 151.46655, 1.8422316, 110.00664, 110.15078,
12.539730, 154.69212, 1.9638989, 109.85716, 110.00365,
12.549780, 159.26950, 2.1261442, 109.70614, 109.85477,
12.559840, 156.75000, 1.8168451, 109.55328, 109.70383,
12.569890, 161.94600, 1.8278948, 109.39892, 109.55115,
12.579940, 156.94735, 1.8347315, 109.24289, 109.39659,
12.589990, 162.44350, 1.8454102, 109.08521, 109.24015,
12.600040, 168.78200, 1.7750152, 108.92587, 109.08182,
12.610090, 172.14230, 1.7739401, 108.76490, 108.92164,
12.620130, 176.83418, 2.1875538, 108.60248, 108.75977,
12.630170, 184.70280, 1.8640052, 108.43843, 108.59603,
12.640210, 183.40702, 1.8456830, 108.27275, 108.43044,
12.650250, 179.48265, 5.7593091, 108.10547, 108.26301,
12.660290, 182.26217, 7.1566400, 107.93660, 108.09376,
12.670330, 182.52545, 1.8012866, 107.76611, 107.92265,
12.680360, 190.68910, 1.8287582, 107.59420, 107.74990,
12.690390, 201.84837, 1.8407877, 107.42069, 107.57533,
12.700420, 204.25957, 1.8438462, 107.24558, 107.39892,
12.710450, 204.37053, 1.8331018, 107.06889, 107.22071,
12.720480, 205.65950, 1.8836661, 106.89061, 107.04069,
12.730500, 214.53728, 2.2441764, 106.71091, 106.85903,
12.740530, 210.75565, 2.0106450, 106.52945, 106.67539,
12.750550, 199.88645, 1.7984032, 106.34658, 106.49013,
12.760570, 202.78988, 2.0915190, 106.16213, 106.30308,
12.770590, 203.05525, 1.8340396, 105.97607, 106.11422,
12.780610, 194.29073, 1.8208122, 105.78841, 105.92356,
12.790620, 191.52605, 1.9494861, 105.59935, 105.73130,
12.800640, 191.70115, 1.7914993, 105.40849, 105.53706,
12.810650, 194.02232, 1.8367893, 105.21622, 105.34122,
12.820660, 183.23008, 1.7787282, 105.02234, 105.14360,
12.830670, 168.28465, 1.6926706, 104.82682, 104.94416,
12.840680, 161.93015, 1.6691471, 104.62970, 104.74296,
12.850680, 151.37670, 1.7152394, 104.43113, 104.54016,
12.860690, 147.45597, 1.7866392, 104.23074, 104.33538,
12.870690, 138.41803, 1.5916041, 104.02890, 104.12900,
12.880690, 135.73278, 1.6264090, 103.82542, 103.92086,
12.890690, 126.85587, 1.5522603, 103.62025, 103.71091,
12.900680, 125.07175, 1.6469737, 103.41364, 103.49938,
12.910680, 123.61547, 1.6484482, 103.20512, 103.28585,
12.920670, 117.49980, 1.5219361, 102.99512, 103.07074,
12.930670, 116.50333, 1.5942570, 102.78320, 102.85361,
12.940660, 111.15077, 1.8701055, 102.56976, 102.63489,
12.950640, 109.92063, 1.6502261, 102.35484, 102.41463,
12.960630, 104.86080, 1.8613138, 102.13792, 102.19231,
12.970620, 109.49397, 1.6065566, 101.91927, 101.96821,
12.980600, 109.23377, 1.6831038, 101.69905, 101.74251,
12.990580, 108.02720, 1.8100358, 101.47706, 101.51502,
13.000560, 101.91025, 1.6294391, 101.25325, 101.28570,
13.010540, 101.41853, 1.7257496, 101.02762, 101.05457,
13.020520, 101.28020, 1.6849342, 100.80014, 100.82161,
13.030490, 101.77952, 1.7455181, 100.57105, 100.58707,
13.040470, 99.213791, 1.8496207, 100.33984, 100.35045,
13.050440, 101.48181, 1.9735205, 100.10698, 100.11224,
13.060410, 99.872200, 1.8362766, 99.872200, 99.872200,
13.070380, 99.826502, 1.8201108, 99.635480, 99.630302,
13.080350, 101.33344, 2.0543264, 99.396929, 99.386665,
13.090310, 101.62909, 2.1451145, 99.156840, 99.141583,
13.100280, 102.08740, 2.0214115, 98.914837, 98.894670,
13.110240, 103.11405, 2.0450444, 98.671464, 98.646479,
13.120200, 97.325279, 2.2144543, 98.426572, 98.396856,
13.130160, 111.59320, 2.2068507, 98.180243, 98.145883,
13.140110, 102.51534, 1.8486616, 97.932819, 97.893908,
13.150070, 96.963625, 1.4404135, 97.683858, 97.640480,
13.160020, 98.274969, 1.4315004, 97.433963, 97.386214,
13.169980, 98.093351, 1.5363286, 97.182687, 97.130653,
13.179930, 96.299160, 1.6010691, 96.930638, 96.874417,
13.189870, 90.393726, 1.5821460, 96.677872, 96.617565,
13.199820, 96.989992, 1.6907758, 96.423983, 96.359682,
13.209770, 97.668634, 1.6609676, 96.169265, 96.101071,
13.219710, 99.921396, 1.8350540, 95.914089, 95.842110,
13.229650, 98.047308, 1.8858738, 95.658289, 95.582630,
13.239590, 92.150368, 1.7526719, 95.401892, 95.322661,
13.249530, 91.949951, 1.6283253, 95.144998, 95.062308,
13.259470, 89.741083, 1.5678883, 94.887683, 94.801650,
13.269410, 93.831259, 1.8460921, 94.630023, 94.540766,
13.279340, 94.189667, 1.9965903, 94.372367, 94.280012,
13.289270, 93.523602, 1.9087266, 94.114493, 94.019165,
13.299200, 97.558842, 2.1483692, 93.856525, 93.758354,
13.309130, 86.469463, 2.1911881, 93.598515, 93.497635,
13.318260, 91.726936, 1.6234635, 93.361297, 93.258047,
13.328980, 95.366014, 1.4866517, 93.082890, 92.977009,
13.339690, 94.903547, 1.6034364, 92.804968, 92.696627,
13.350400, 100.64456, 1.6199957, 92.527354, 92.416726,
13.361120, 96.890186, 1.6650081, 92.249870, 92.137132,
13.371830, 95.703209, 1.4814583, 91.973155, 91.858490,
13.382530, 97.053040, 1.5446635, 91.697278, 91.580875,
13.393240, 95.744892, 1.4557850, 91.421841, 91.303890,
13.403940, 95.926954, 1.4582505, 91.147432, 91.028129,
13.414650, 98.076946, 1.6030637, 90.873656, 90.753200,
13.425350, 98.010344, 1.4132762, 90.601098, 90.479692,
13.436050, 99.726416, 1.3971123, 90.329610, 90.207461,
13.446740, 103.28706, 1.4681045, 90.059553, 89.936870,
13.457440, 104.44927, 1.4685578, 89.790494, 89.667491,
13.468130, 106.08177, 1.3768860, 89.523059, 89.399950,
13.478830, 105.54543, 1.3666080, 89.256821, 89.133825,
13.489520, 106.05655, 1.3984205, 88.992402, 88.869737,
13.500200, 107.98860, 1.3827019, 88.729873, 88.607760,
13.510890, 111.01017, 1.3926106, 88.468865, 88.347526,
13.521570, 111.69420, 1.3956627, 88.209944, 88.089603,
13.532260, 115.57318, 1.3329300, 87.952751, 87.833631,
13.542940, 116.21735, 1.3665578, 87.697846, 87.580170,
13.553620, 117.66997, 1.4298410, 87.445103, 87.329092,
13.564290, 113.81817, 1.3865532, 87.194870, 87.080744,
13.574970, 109.20445, 1.2933923, 86.946761, 86.834741,
13.585640, 107.05692, 1.2857699, 86.701369, 86.591669,
13.596320, 108.95257, 1.2701374, 86.458319, 86.351154,
13.606990, 103.86320, 1.2793717, 86.218195, 86.113775,
13.617650, 103.71350, 1.2627267, 85.981079, 85.879605,
13.628320, 101.41893, 1.2217067, 85.746656, 85.648331,
13.638980, 101.64345, 1.2441057, 85.515457, 85.420472,
13.649650, 103.22240, 1.2392288, 85.287180, 85.195727,
13.660310, 97.852661, 1.2704471, 85.062349, 84.974605,
13.670970, 96.095604, 1.4026413, 84.840872, 84.757009,
13.681630, 96.865110, 1.1553551, 84.622867, 84.543047,
13.692280, 96.426283, 1.2773250, 84.408661, 84.333033,
13.702940, 92.737482, 1.2184121, 84.197952, 84.126663,
13.713590, 91.221239, 1.2171306, 83.991276, 83.924450,
13.724240, 89.899420, 1.2968286, 83.788527, 83.726283,
13.734890, 86.796621, 1.2381111, 83.589867, 83.532307,
13.745530, 89.798473, 1.2984679, 83.395575, 83.342783,
13.756180, 91.982380, 6.4882550, 83.205432, 83.157484,
13.766820, 86.090633, 1.2702537, 83.019906, 82.976853,
13.777460, 83.816854, 1.2280436, 82.838957, 82.800836,
13.788100, 84.194294, 1.3218880, 82.662719, 82.629545,
13.798740, 86.010386, 1.1909340, 82.491325, 82.463096,
13.809380, 86.489573, 1.3301132, 82.324929, 82.301618,
13.820010, 84.498440, 1.3953576, 82.163782, 82.145335,
13.830640, 86.877111, 1.3547657, 82.007902, 81.994245,
13.841270, 85.724665, 1.3593494, 81.857405, 81.848438,
13.851900, 80.136391, 1.3107346, 81.712463, 81.708058,
13.862530, 80.540339, 1.6049158, 81.573212, 81.573212,
13.873150, 81.573212, 1.5151946, 81.439857, 81.444079,
13.883780, 81.890911, 1.3571187, 81.312015, 81.320290,
13.894400, 86.289577, 3.7817513, 81.189710, 81.201878,
13.905020, 81.355160, 1.4513551, 81.072625, 81.088541,
13.915640, 84.161118, 1.5361055, 80.960562, 80.980090,
13.926250, 86.570457, 1.5429583, 80.853417, 80.876431,
13.936870, 85.245438, 1.5581725, 80.750812, 80.777200,
13.947480, 87.831362, 1.6766038, 80.652723, 80.682372,
13.958090, 91.153107, 1.7156251, 80.558881, 80.591689,
13.968700, 88.136803, 2.0673472, 80.469082, 80.504951,
13.979310, 88.738420, 1.9196072, 80.383155, 80.421992,
13.989910, 88.041142, 1.9535999, 80.300979, 80.342690,
14.000520, 82.028154, 1.7001010, 80.222224, 80.266722,
14.011120, 88.042635, 1.8834721, 80.146848, 80.194042,
14.021720, 79.780756, 1.7867469, 80.074601, 80.124402,
14.032320, 83.595282, 2.2662340, 80.005302, 80.057622,
14.042920, 85.216114, 2.2805585, 79.938775, 79.993522,
14.053510, 85.149429, 2.1997173, 79.874905, 79.931983,
14.064110, 86.704208, 2.5698749, 79.813391, 79.872706,
14.074700, 77.559294, 2.3337482, 79.754175, 79.815624,
14.085290, 79.453787, 2.4941047, 79.697034, 79.760512,
14.095870, 81.644094, 1.6673718, 79.641838, 79.707233,
14.106460, 86.224104, 1.3483686, 79.588318, 79.655517,
14.117040, 83.408409, 1.4696776, 79.536399, 79.605280,
14.127630, 83.553482, 1.4633806, 79.485815, 79.556251,
14.138210, 83.904013, 1.5335405, 79.436497, 79.508351,
14.148790, 91.758074, 1.5614937, 79.388225, 79.461357,
14.159370, 85.461334, 1.6031852, 79.340832, 79.415093,
14.169940, 88.129337, 1.8765142, 79.294196, 79.369430,
14.180520, 85.619635, 2.9517730, 79.248059, 79.324101,
14.182090, 88.453009, 1.5423926, 79.241250, 79.317397,
14.193560, 93.672066, 1.5223025, 79.191699, 79.268498,
14.205030, 85.312431, 1.5130555, 79.142347, 79.219584,
14.216500, 92.879354, 1.7633284, 79.092989, 79.170440,
14.227970, 93.266346, 1.9087336, 79.043410, 79.120838,
14.239430, 92.820467, 1.4812459, 78.993439, 79.070599,
14.250890, 85.861931, 1.3738472, 78.942827, 79.019462,
14.262350, 85.889545, 1.5622390, 78.891353, 78.967198,
14.273810, 87.549442, 1.5561367, 78.838810, 78.913586,
14.285270, 94.431007, 1.6252678, 78.784987, 78.858410,
14.296730, 87.154085, 1.4969446, 78.729663, 78.801436,
14.308180, 86.671984, 1.4758572, 78.672680, 78.742500,
14.319630, 80.344532, 1.8464566, 78.613774, 78.681328,
14.331080, 82.992105, 1.5131038, 78.552723, 78.617690,
14.342530, 81.240091, 1.4213260, 78.489320, 78.551373,
14.353970, 82.721315, 1.3877266, 78.423405, 78.482211,
14.365410, 79.596088, 1.3643207, 78.354696, 78.409914,
14.376860, 82.942625, 1.5296007, 78.282916, 78.334198,
14.388300, 81.219629, 1.5675556, 78.207964, 78.254962,
14.399730, 80.120581, 1.3921919, 78.129632, 78.171998,
14.411170, 79.517719, 1.7047101, 78.047551, 78.084924,
14.422600, 77.431179, 1.3643429, 77.961645, 77.993674,
14.434030, 78.444464, 1.2249539, 77.871613, 77.897940,
14.445460, 80.799215, 1.3025587, 77.777217, 77.797486,
14.456890, 75.863548, 1.2739244, 77.678240, 77.692099,
14.468320, 78.761883, 1.2121921, 77.574440, 77.581539,
14.479740, 77.465673, 1.1625506, 77.465673, 77.465673,
14.491160, 73.383804, 1.2211571, 77.351721, 77.344291,
14.502580, 78.416573, 14.537508, 77.232871, 77.217718,
14.514000, 78.726711, 1.7493191, 77.109484, 77.086360,
14.525420, 78.221886, 1.1950812, 76.981947, 76.950651,
14.536830, 78.045183, 1.1198056, 76.850758, 76.811148,
14.548240, 77.095392, 1.1368355, 76.716174, 76.668147,
14.559650, 80.888481, 1.3419709, 76.578555, 76.522060,
14.571060, 74.663193, 1.1665750, 76.438293, 76.373332,
14.582470, 78.591078, 1.3744284, 76.295746, 76.222371,
14.593870, 74.906700, 1.2445221, 76.151401, 76.069725,
14.605270, 77.788593, 1.3422066, 76.005507, 75.915688,
14.616670, 73.712994, 1.1164249, 75.858440, 75.760693,
14.628070, 73.627840, 1.2960347, 75.710539, 75.605130,
14.639470, 77.157881, 1.1333210, 75.562180, 75.449432,
14.650860, 73.271641, 1.0745980, 75.413864, 75.294159,
14.662260, 75.399590, 1.1850874, 75.265679, 75.139443,
14.673650, 75.480694, 1.1475819, 75.118262, 74.985987,
14.685040, 76.160856, 1.2269347, 74.971827, 74.834053,
14.696420, 75.305182, 1.2114575, 74.826894, 74.684221,
14.707810, 72.639378, 1.1634847, 74.683535, 74.536608,
14.719190, 76.631992, 1.2086877, 74.542403, 74.391928,
14.730570, 76.758944, 1.3841968, 74.403706, 74.250437,
14.741950, 74.256918, 1.7233428, 74.267821, 74.112566,
14.753330, 76.664429, 9.8487293, 74.135117, 73.978736,
14.764700, 78.708334, 1.4543385, 74.006079, 73.849482,
14.776080, 75.273739, 1.2727194, 73.880840, 73.724987,
14.787450, 71.793371, 1.2130548, 73.760002, 73.605901,
14.798820, 80.332230, 1.4692728, 73.643822, 73.492528,
14.810190, 75.002644, 7.6704380, 73.532667, 73.385282,
14.821550, 77.054495, 1.3944928, 73.427020, 73.284687,
14.832920, 75.426691, 1.3886692, 73.327074, 73.190989,
14.844280, 76.312506, 1.4337953, 73.233381, 73.104770,
14.855640, 76.645071, 1.5690584, 73.146240, 73.026375,
14.866990, 75.145514, 1.5327621, 73.066111, 72.956293,
14.878350, 73.696201, 1.5445644, 72.993237, 72.894823,
14.889710, 76.340059, 1.6055184, 72.928092, 72.842464,
14.901060, 76.714769, 1.6006244, 72.871124, 72.799684,
14.912410, 75.320055, 1.5839778, 72.822672, 72.766864,
14.923760, 72.732512, 1.8135452, 72.783140, 72.744436,
14.935100, 71.218828, 1.7135886, 72.752968, 72.732847,
14.946450, 77.115492, 1.7331169, 72.732512, 72.732512,
14.957790, 72.345497, 1.6488450, 72.722135, 72.743700,
14.969130, 78.085178, 1.7720443, 72.721763, 72.765987,
14.980470, 75.839310, 4.3193055, 72.731257, 72.798790,
14.991810, 83.355206, 1.8995741, 72.750479, 72.841521,
15.003140, 76.638741, 1.8499696, 72.779270, 72.893550,
15.014480, 77.727671, 1.7280138, 72.817549, 72.954378,
15.025810, 77.144274, 1.9721448, 72.865135, 73.023333,
15.037140, 78.110380, 2.0932867, 72.921931, 73.099874,
15.048460, 79.061190, 2.2494570, 72.987769, 73.183359,
15.059790, 69.366306, 2.2539836, 73.062651, 73.273353,
15.071110, 73.314451, 2.0294663, 73.146348, 73.369134,
15.082440, 76.143894, 1.5890557, 73.238907, 73.470298,
15.093750, 81.341181, 1.3109294, 73.339966, 73.575989,
15.105070, 73.675852, 1.4244406, 73.449701, 73.685926,
15.116390, 75.428244, 1.4741427, 73.567936, 73.799444,
15.127700, 74.589567, 1.5477701, 73.694466, 73.915866,
15.139020, 77.283375, 1.4885602, 73.829448, 74.034843,
15.150330, 77.029861, 1.4984159, 73.972556, 74.155587,
15.162390, 75.040543, 1.8026680, 74.134168, 74.285776,
15.174730, 74.101307, 1.8343915, 74.309078, 74.419824,
15.187070, 74.687513, 1.7418634, 74.493542, 74.553973,
15.199410, 75.113665, 2.0194085, 74.687513, 74.687513,
15.211740, 74.519985, 1.9387639, 74.890595, 74.819703,
15.224080, 76.785444, 1.5912604, 75.102500, 74.950683,
15.236410, 73.128765, 1.4672508, 75.322072, 75.080239,
15.248740, 76.099771, 1.5269148, 75.548714, 75.208503,
15.261060, 81.108381, 1.6420911, 75.781456, 75.335385,
15.273390, 81.561115, 1.6118103, 76.019928, 75.461120,
15.285710, 80.626432, 1.6074574, 76.262980, 75.585523,
15.298030, 72.784906, 1.5090636, 76.510018, 75.708699,
15.310350, 78.934727, 1.3743267, 76.760323, 75.830686,
15.322660, 79.078939, 1.5605270, 77.012905, 75.951390,
15.334980, 74.499006, 1.5690068, 77.267423, 76.071023,
15.347290, 78.211687, 1.4585742, 77.522730, 76.189417,
15.359600, 75.531967, 1.3151409, 77.778275, 76.306684,
15.371900, 84.416872, 1.3228414, 78.033090, 76.422739,
15.384210, 79.262096, 1.4156147, 78.286860, 76.537799,
15.396510, 87.828560, 1.5181913, 78.538423, 76.651691,
15.408810, 79.282713, 1.4663316, 78.787208, 76.764512,
15.421110, 79.918222, 1.4451874, 79.032500, 76.876295,
15.433410, 81.121559, 1.3568002, 79.273508, 76.987038,
15.445700, 79.910128, 1.4694358, 79.509315, 77.096681,
15.457990, 76.891497, 1.5086786, 79.739353, 77.205324,
15.470280, 80.584198, 1.7621849, 79.962860, 77.312982,
15.482570, 79.317600, 1.6537142, 80.179074, 77.419669,
15.494860, 81.751015, 1.4875824, 80.387225, 77.525400,
15.507140, 78.814615, 1.3213608, 80.586391, 77.630108,
15.519420, 78.190405, 1.3474025, 80.775945, 77.733881,
15.531700, 81.279217, 1.5135094, 80.955136, 77.836748,
15.543980, 80.922581, 1.5396015, 81.123149, 77.938708,
15.556260, 81.286013, 1.8764547, 81.279217, 78.039788,
15.568530, 80.022680, 2.8979248, 81.422687, 78.139910,
15.580800, 82.459017, 1.3321337, 81.554284, 78.239172,
15.593070, 80.452147, 1.4410275, 81.674866, 78.337588,
15.605340, 85.169521, 1.5815045, 81.785285, 78.435169,
15.617600, 82.720129, 1.3763101, 81.886312, 78.531853,
15.629860, 82.343208, 1.3079896, 81.978867, 78.627721,
15.642120, 83.847109, 1.3399680, 82.063799, 78.722800,
15.654380, 82.171700, 1.3307830, 82.141925, 78.817086,
15.666640, 86.595377, 1.3927390, 82.214082, 78.910606,
15.678890, 85.151897, 1.3037225, 82.281031, 79.003285,
15.691140, 83.537952, 1.2640223, 82.343653, 79.095214,
15.703390, 86.644791, 1.1710552, 82.402764, 79.186405,
15.715640, 83.709898, 1.2394927, 82.459176, 79.276868,
15.727890, 86.570791, 1.2875808, 82.513701, 79.366615,
15.740130, 82.841570, 1.2762376, 82.567108, 79.455586,
15.752370, 87.403065, 1.3461934, 82.620244, 79.543855,
15.764610, 93.148916, 1.2468831, 82.673924, 79.631447,
15.776850, 87.797068, 1.2083230, 82.728948, 79.718358,
15.789090, 89.913902, 1.2454981, 82.786133, 79.804611,
15.801320, 86.215792, 1.3472730, 82.846233, 79.890137,
15.813550, 92.714298, 1.3508587, 82.910104, 79.975019,
15.825780, 91.848665, 1.3258475, 82.978559, 80.059267,
15.838010, 92.501450, 1.2973135, 83.052411, 80.142891,
15.850230, 92.507944, 1.3586575, 83.132414, 80.225835,
15.862450, 93.590040, 1.5019139, 83.219433, 80.308167,
15.874670, 91.821762, 1.5802790, 83.314306, 80.389909,
15.886890, 94.773409, 1.5587241, 83.417853, 80.471064,
15.899110, 94.291208, 1.6460107, 83.530897, 80.551634,
15.911320, 91.664637, 1.6990068, 83.654183, 80.631572,
15.923540, 90.562685, 1.5990528, 83.788756, 80.711018,
15.935750, 94.742207, 1.6790561, 83.935233, 80.789843,
15.947960, 91.871725, 1.7968357, 84.094580, 80.868124,
15.960160, 87.087221, 1.7341511, 84.267516, 80.945810,
15.972370, 88.581852, 1.6295404, 84.455180, 81.023029,
15.984570, 88.159025, 1.7775091, 84.658138, 81.099662,
15.996770, 92.271488, 1.7812576, 84.877446, 81.175791,
16.008961, 91.340157, 1.8880990, 85.113790, 81.251357,
16.021160, 91.020838, 1.8783295, 85.368421, 81.326481,
16.033350, 96.786819, 2.7123433, 85.641870, 81.401059,
16.045549, 91.955723, 1.8223062, 85.935485, 81.475215,
16.057739, 93.351452, 1.7541174, 86.249743, 81.548840,
16.069920, 93.603022, 1.9333831, 86.585534, 81.621943,
16.082109, 89.571850, 1.7940228, 86.944341, 81.694644,
16.094290, 86.879084, 1.7853989, 87.326569, 81.766838,
16.106470, 88.410700, 1.9802900, 87.733469, 81.838588,
16.118650, 94.542149, 1.8148172, 88.166034, 81.909901,
16.130831, 94.761925, 1.9452668, 88.625272, 81.980784,
16.143009, 87.062366, 1.7032018, 89.112126, 82.051232,
16.155180, 88.878105, 1.9006513, 89.627370, 82.121219,
16.167351, 94.013012, 1.8661378, 90.172354, 82.190796,
16.179520, 88.941488, 2.2101691, 90.748051, 82.259958,
16.191681, 90.748051, 1.8756002, 91.354683, 82.328680,
16.203850, 91.198580, 1.9605172, 91.991335, 82.397054,
16.216009, 96.116074, 2.1907116, 92.654888, 82.464989,
16.228170, 98.947142, 2.3627007, 93.343744, 82.532557,
16.240330, 109.98483, 2.3766728, 94.055505, 82.599741,
16.252489, 103.30123, 2.8042792, 94.788105, 82.666558,
16.264641, 103.70770, 2.3397132, 95.538911, 82.732972,
16.276791, 106.95335, 2.4509121, 96.306111, 82.799022,
16.288950, 116.73108, 2.4980433, 97.088306, 82.864773,
16.301090, 106.95625, 2.4773211, 97.881514, 82.930077,
16.313240, 107.70746, 2.8314533, 98.685474, 82.995095,
16.325380, 119.49748, 2.9434660, 99.496812, 83.059729,
16.337530, 123.92400, 2.6089993, 100.31470, 83.124086,
16.349670, 134.70765, 1.9431406, 101.13574, 83.188071,
16.361799, 148.02735, 1.8456100, 101.95772, 83.251679,
16.373940, 151.28880, 2.3806155, 102.78007, 83.315036,
16.386070, 155.39680, 2.3285815, 103.59929, 83.378036,
16.398211, 169.85535, 2.3854341, 104.41457, 83.440785,
16.410339, 170.84380, 3.3103576, 105.22240, 83.503178,
16.422461, 169.46983, 2.5648277, 106.02095, 83.565241,
16.434589, 168.16813, 2.5121645, 106.80913, 83.627056,
16.446711, 168.64333, 2.5533488, 107.58384, 83.688551,
16.458839, 169.81255, 2.4330666, 108.34393, 83.749807,
16.470961, 156.06602, 2.5616476, 109.08634, 83.810753,
16.483070, 153.88565, 2.4533971, 109.80872, 83.871374,
16.495190, 146.53558, 3.7783661, 110.51021, 83.931779,
16.500280, 139.49792, 2.2749754, 110.79795, 83.957075,
16.513599, 141.95717, 2.1053385, 111.52989, 84.023043,
16.526911, 138.25460, 1.8698701, 112.22892, 84.088670,
16.540211, 135.31380, 2.0571400, 112.89202, 84.153942,
16.553520, 148.05098, 1.9513103, 113.51731, 84.218968,
16.566820, 123.40115, 1.7724427, 114.10097, 84.283660,
16.580120, 121.99485, 1.8904419, 114.64048, 84.348072,
16.593420, 110.35240, 1.6389417, 115.13284, 84.412207,
16.606710, 117.31145, 1.6536486, 115.57474, 84.476025,
16.620001, 113.59650, 1.6712019, 115.96348, 84.539578,
16.633301, 115.96348, 1.7604597, 116.29741, 84.602917,
16.646589, 125.42167, 2.0423983, 116.57904, 84.665946,
16.659870, 110.65842, 1.7486858, 116.81276, 84.728690,
16.673149, 115.31055, 1.8833244, 117.00287, 84.791180,
16.686440, 118.00547, 1.7986455, 117.15366, 84.853484,
16.699711, 121.16920, 1.7805344, 117.26891, 84.915464,
16.712990, 118.86138, 2.2857743, 117.35300, 84.977250,
16.726271, 115.81840, 1.9229512, 117.40990, 85.038819,
16.739540, 115.33970, 1.7464298, 117.44363, 85.100115,
16.752810, 117.11100, 1.6648347, 117.45827, 85.161196,
16.766081, 118.35065, 1.6851282, 117.45781, 85.222074,
16.779341, 119.49322, 1.7227688, 117.44628, 85.282693,
16.792601, 111.79187, 1.7061308, 117.42764, 85.343111,
16.805870, 113.65760, 1.6543876, 117.40587, 85.403374,
16.819120, 113.94572, 1.7800441, 117.38498, 85.463358,
16.832380, 113.52325, 1.4922918, 117.36891, 85.523197,
16.845631, 111.00047, 1.4451286, 117.36163, 85.582808,
16.858891, 108.64090, 1.4219773, 117.36713, 85.642281,
16.872141, 111.41250, 1.5199135, 117.38937, 85.701536,
16.885380, 111.46857, 1.5456933, 117.43232, 85.760568,
16.898630, 118.11040, 1.9563485, 117.50003, 85.819484,
16.911869, 115.45642, 1.4204158, 117.59642, 85.878185,
16.925110, 121.44910, 1.7996648, 117.72558, 85.936735,
16.938351, 117.89155, 1.5179332, 117.89155, 85.995130,
16.951580, 117.73368, 1.4514095, 118.09672, 86.053322,
16.964821, 114.18653, 1.6839886, 118.33799, 86.111417,
16.978050, 123.98262, 1.5665212, 118.61004, 86.169319,
16.991270, 127.06497, 1.6749157, 118.90793, 86.227038,
17.004499, 144.04820, 1.7417044, 119.22722, 86.284663,
17.017719, 240.34950, 2.0681498, 119.56260, 86.342115,
17.030951, 478.63168, 3.1087482, 119.90974, 86.399487,
17.044161, 455.10817, 3.2299018, 120.26296, 86.456643,
17.057381, 167.55487, 1.9495129, 120.61822, 86.513719,
17.070601, 124.73198, 1.6446086, 120.97045, 86.570677,
17.083811, 129.75852, 1.7543273, 121.31456, 86.627481,
17.097019, 136.58335, 1.6939255, 121.64595, 86.684165,
17.110229, 132.58795, 1.8042160, 121.95986, 86.740750,
17.123430, 125.48508, 1.9051958, 122.25122, 86.797191,
17.136641, 120.59100, 1.8293875, 122.51556, 86.853573,
17.149839, 129.11400, 1.8389272, 122.74762, 86.909809,
17.163040, 130.48007, 1.7390465, 122.94278, 86.965960,
17.176229, 120.27035, 1.7545336, 123.09596, 87.021973,
17.189430, 119.99565, 1.7468617, 123.20250, 87.077947,
17.202620, 123.20250, 1.7791352, 123.25843, 87.133790,
17.215811, 124.23115, 1.8277996, 123.26479, 87.189561,
17.229000, 122.94475, 1.6729394, 123.22367, 87.245248,
17.242180, 125.63737, 1.6077280, 123.13718, 87.300821,
17.255369, 126.31012, 1.5764641, 123.00722, 87.356364,
17.268551, 128.62623, 1.6328323, 122.83595, 87.411808,
17.281719, 125.61492, 1.7084279, 122.62548, 87.467132,
17.294901, 129.38665, 2.1368630, 122.37732, 87.522452,
17.308069, 136.70765, 2.1545756, 122.09389, 87.577659,
17.321251, 142.57332, 1.8228187, 121.77648, 87.632868,
17.334410, 153.44920, 2.0203668, 121.42787, 87.687929,
17.347580, 142.99477, 7.4497243, 121.04903, 87.742991,
17.360750, 145.50137, 2.1740717, 120.64207, 87.798009,
17.373911, 142.38633, 2.2192448, 120.20910, 87.852945,
17.387070, 138.26105, 2.2785495, 119.75169, 87.907834,
17.400230, 136.58033, 2.2637526, 119.27148, 87.962696,
17.413380, 131.05993, 2.1784582, 118.77072, 88.017478,
17.426540, 135.06400, 2.2284862, 118.25027, 88.072278,
17.439690, 143.06985, 2.4042436, 117.71276, 88.127004,
17.452841, 130.55482, 2.3795256, 117.15937, 88.181715,
17.465981, 121.36280, 2.3585725, 116.59236, 88.236358,
17.479130, 121.57237, 2.3555439, 116.01254, 88.291024,
17.492270, 122.41895, 2.2078405, 115.42241, 88.345636,
17.505409, 121.28345, 2.2773854, 114.82323, 88.400237,
17.518551, 115.96393, 2.4528673, 114.21656, 88.454837,
17.531679, 117.06693, 2.3184292, 113.60479, 88.509377,
17.544821, 117.21580, 2.3045656, 112.98832, 88.563970,
17.557949, 109.63343, 2.2429547, 112.37005, 88.618509,
17.571079, 119.86725, 2.2829888, 111.75092, 88.673059,
17.584200, 109.90620, 2.2372590, 111.13310, 88.727576,
17.597330, 114.81850, 2.2778231, 110.51735, 88.782143,
17.610451, 108.44807, 2.2534635, 109.90620, 88.836683,
17.623569, 108.10740, 2.1098022, 109.30071, 88.891231,
17.636690, 111.20170, 2.3630434, 108.70114, 88.945805,
17.649799, 112.30857, 2.5562699, 108.10832, 89.000354,
17.662910, 118.20710, 2.9216522, 107.52185, 89.054935,
17.676029, 115.98520, 2.7031302, 106.94171, 89.109576,
17.689131, 125.92997, 3.4783137, 106.36922, 89.164175,
17.702240, 130.19848, 3.0194016, 105.80351, 89.218841,
17.715349, 115.81792, 3.3489857, 105.24516, 89.273543,
17.728451, 114.18477, 3.1096148, 104.69473, 89.328253,
17.741550, 116.15895, 3.1437067, 104.15221, 89.382998,
17.754641, 108.04675, 3.6835478, 103.61816, 89.437749,
17.767740, 119.25515, 27.876698, 103.09205, 89.492588,
17.780830, 115.73888, 2.3166049, 102.57492, 89.547439,
17.793921, 119.72040, 2.0456063, 102.06665, 89.602346,
17.807011, 118.90075, 2.1486514, 101.56750, 89.657310,
17.820101, 114.46967, 2.0742543, 101.07775, 89.712336,
17.833179, 114.84750, 2.0015359, 100.59810, 89.767377,
17.846270, 111.32195, 1.9937510, 100.12801, 89.822534,
17.859341, 107.03807, 2.0392902, 99.668846, 89.877681,
17.872419, 110.02795, 2.2021121, 99.219971, 89.932934,
17.885500, 107.52978, 2.1819782, 98.781898, 89.988271,
17.898569, 108.82705, 2.2709132, 98.355378, 90.043640,
17.911640, 111.64620, 2.6198073, 97.940285, 90.099100,
17.924709, 100.43689, 2.2447744, 97.537070, 90.154638,
17.937780, 97.856043, 3.5454943, 97.145953, 90.210274,
17.941250, 106.75093, 2.2001119, 97.044223, 90.225057,
17.955721, 112.66275, 2.1057241, 96.629558, 90.286788,
17.970181, 105.24531, 2.0221694, 96.231122, 90.348589,
17.984650, 99.649437, 2.0009685, 95.848831, 90.410554,
17.999109, 98.123499, 1.9286762, 95.483694, 90.472607,
18.013571, 95.575462, 2.0124153, 95.135931, 90.534801,
18.028021, 97.863106, 1.8933947, 94.806379, 90.597082,
18.042480, 94.359501, 1.7242239, 94.495103, 90.659547,
18.056931, 100.17907, 1.7544731, 94.203076, 90.722117,
18.071381, 93.621677, 1.6703194, 93.930662, 90.784838,
18.085819, 91.832872, 1.8036167, 93.678646, 90.847665,
18.100269, 93.237392, 1.9355079, 93.447235, 90.910702,
18.114710, 94.626677, 2.0235655, 93.237392, 90.973864,
18.129150, 92.498901, 1.9195755, 93.049315, 91.037195,
18.143579, 94.277067, 1.8227856, 92.882372, 91.100652,
18.158020, 98.334488, 1.7541124, 92.735278, 91.164339,
18.172449, 98.806644, 1.9908199, 92.607262, 91.228160,
18.186880, 92.076569, 2.0592240, 92.497197, 91.292180,
18.201300, 92.557291, 2.0501683, 92.404195, 91.356345,
18.215719, 92.011864, 1.8505729, 92.327200, 91.420709,
18.230150, 96.894505, 1.8564093, 92.265223, 91.485330,
18.244560, 97.675070, 1.6944102, 92.217455, 91.550068,
18.258980, 97.460140, 1.6722089, 92.182851, 91.615065,
18.273390, 97.139690, 1.8133887, 92.160547, 91.680240,
18.287800, 92.632076, 1.9500005, 92.149613, 91.745642,
18.302210, 94.514278, 2.0044572, 92.149154, 91.811277,
18.316620, 97.233986, 1.6320070, 92.158286, 91.877149,
18.331020, 89.142187, 1.9059824, 92.176116, 91.943221,
18.345421, 95.978979, 1.6495826, 92.201777, 92.009543,
18.359819, 94.138639, 1.6202389, 92.234402, 92.076110,
18.374210, 98.532059, 1.8973039, 92.273115, 92.142903,
18.388611, 97.063366, 1.8140484, 92.317109, 92.210006,
18.403000, 89.631666, 1.7754459, 92.365472, 92.277329,
18.417379, 89.954657, 1.8328230, 92.417358, 92.344886,
18.431770, 92.497591, 1.7094195, 92.472004, 92.412781,
18.446150, 99.883913, 1.7764231, 92.528483, 92.480913,
18.460529, 98.276834, 2.2732212, 92.586004, 92.549342,
18.474911, 92.756439, 1.9137562, 92.643740, 92.618084,
18.489281, 90.440426, 1.8332422, 92.700802, 92.687080,
18.503660, 96.032063, 2.4285888, 92.756439, 92.756439,
18.518030, 91.397978, 1.6589770, 92.809912, 92.826072,
18.532391, 97.057999, 1.9565564, 92.861227, 92.895967,
18.546761, 100.89036, 2.2159812, 92.910625, 92.966203,
18.561119, 95.778036, 2.6757800, 92.958202, 93.036665,
18.575480, 112.97698, 1.9664253, 93.004172, 93.107404,
18.589840, 96.560230, 1.6973879, 93.048695, 93.178398,
18.604191, 99.310396, 1.6725969, 93.091907, 93.249584,
18.618549, 96.569265, 1.5273854, 93.134025, 93.321036,
18.632900, 96.682407, 1.6784383, 93.175167, 93.392663,
18.647240, 93.441938, 1.9933490, 93.215486, 93.464434,
18.661591, 93.043848, 1.8871115, 93.255209, 93.536449,
18.675930, 94.312674, 1.8352957, 93.294431, 93.608581,
18.690269, 95.929485, 2.0229977, 93.333347, 93.680874,
18.704611, 99.305038, 2.1085159, 93.372121, 93.753324,
18.718941, 98.279203, 1.8762817, 93.410876, 93.825852,
18.733271, 93.236835, 1.8947067, 93.449805, 93.898502,
18.747601, 94.833908, 1.9463240, 93.489067, 93.971261,
18.761930, 106.03467, 2.1398951, 93.528821, 94.044117,
18.776260, 107.86547, 2.1248263, 93.569229, 94.117056,
18.790581, 107.26538, 2.1474092, 93.610424, 94.190018,
18.804899, 103.87558, 2.0614268, 93.652588, 94.263028,
18.819220, 105.34223, 1.8761952, 93.695895, 94.336093,
18.833530, 103.10238, 1.8791183, 93.740471, 94.409143,
18.847839, 110.16317, 1.8962684, 93.786502, 94.482203,
18.862150, 110.27848, 2.1007013, 93.834167, 94.555280,
18.876459, 106.63890, 1.9371182, 93.883617, 94.628342,
18.890770, 115.62135, 2.1314888, 93.935033, 94.701396,
18.905069, 111.31005, 2.1421596, 93.988535, 94.774362,
18.919371, 113.39570, 2.0275647, 94.044340, 94.847294,
18.933670, 116.87383, 2.1997008, 94.102605, 94.920162,
18.947960, 115.10855, 2.3219685, 94.163470, 94.992912,
18.962250, 112.16027, 2.4323559, 94.227148, 95.065582,
18.976540, 111.58029, 2.6851418, 94.293817, 95.138158,
18.990829, 114.65237, 2.6216548, 94.363656, 95.210628,
19.005119, 115.27637, 2.4636071, 94.436849, 95.282980,
19.019400, 111.39520, 2.3769186, 94.513528, 95.355151,
19.033680, 109.66304, 2.2673681, 94.593927, 95.427179,
19.047960, 107.15768, 2.5087471, 94.678237, 95.499050,
19.062229, 99.804018, 2.6838032, 94.766578, 95.570693,
19.076500, 101.05044, 3.0828913, 94.859225, 95.642164,
19.090771, 104.21807, 3.6639378, 94.956365, 95.713440,
19.105040, 100.23103, 2.6304511, 95.058187, 95.784497,
19.119310, 105.66225, 2.4032130, 95.164925, 95.855343,
19.133570, 108.37804, 2.4245150, 95.276682, 95.925898,
19.147829, 102.60273, 2.5225567, 95.393757, 95.996206,
19.162090, 93.922377, 2.6931610, 95.516382, 96.066263,
19.176340, 99.188475, 2.5621602, 95.644660, 96.135990,
19.190599, 94.791489, 2.7234190, 95.779004, 96.205477,
19.204849, 91.553324, 2.6825908, 95.919464, 96.274618,
19.219101, 98.842796, 2.8344938, 96.066383, 96.343454,
19.233339, 95.754429, 2.4876301, 96.219835, 96.411898,
19.247580, 96.547771, 2.9972460, 96.380221, 96.480012,
19.261820, 97.290495, 3.0761867, 96.547771, 96.547771,
19.276060, 84.215588, 3.1844980, 96.722740, 96.615163,
19.290300, 98.739307, 3.9674418, 96.905388, 96.682173,
19.304529, 104.01749, 3.6615650, 97.095826, 96.748733,
19.318760, 104.39958, 3.3457822, 97.294495, 96.814893,
19.332991, 110.02745, 3.7990184, 97.501651, 96.880629,
19.347219, 93.275145, 3.5420344, 97.717547, 96.945918,
19.361441, 101.37654, 3.2832148, 97.942379, 97.010720,
19.375660, 100.14661, 3.4941867, 98.176526, 97.075046,
19.389879, 103.25113, 3.5435790, 98.420323, 97.138892,
19.404100, 111.39956, 3.8331949, 98.674115, 97.202249,
19.418310, 124.96202, 3.9078918, 98.937975, 97.265045,
19.432520, 122.29175, 4.8363145, 99.212429, 97.327315,
