# wave, flux, fluxerr, continuum, continuum_plateau
9.9725246, 72.939291, 2.2806849, 72.939291, 72.939291,
9.9806166, 84.514181, 3.8969109, 72.454576, 72.454312,
9.9887066, 76.340794, 2.2873754, 71.982643, 71.981625,
9.9967957, 75.365404, 2.1865801, 71.523509, 71.521304,
10.004880, 75.839758, 2.2228592, 71.077459, 71.073688,
10.012970, 77.880661, 2.6049856, 70.644002, 70.638336,
10.021050, 76.310442, 2.3595347, 70.224035, 70.216199,
10.029140, 79.010771, 2.4075590, 69.816657, 69.806420,
10.037220, 75.228651, 2.3882941, 69.422971, 69.410152,
10.045300, 82.884008, 2.4037813, 69.042536, 69.026997,
10.053380, 73.771311, 2.3196874, 68.675413, 68.657054,
10.061460, 72.840466, 2.6408206, 68.321791, 68.300556,
10.069540, 75.707701, 2.2869353, 67.981695, 67.957562,
10.077610, 84.714483, 2.1990308, 67.655693, 67.628682,
10.085690, 79.357714, 2.2599148, 67.343089, 67.313244,
10.093760, 74.824137, 2.0569639, 67.044737, 67.012142,
10.101830, 79.841232, 2.2836776, 66.760382, 66.725144,
10.109900, 79.214949, 2.3996930, 66.490115, 66.452371,
10.117970, 71.912220, 2.1403788, 66.234130, 66.194040,
10.126040, 75.945969, 2.3584144, 65.992523, 65.950270,
10.134100, 74.195993, 2.1640267, 65.765716, 65.721506,
10.142170, 72.928383, 1.9727152, 65.553256, 65.507307,
10.150230, 69.410234, 2.3175213, 65.355814, 65.308366,
10.158300, 74.549351, 2.1211240, 65.173068, 65.124370,
10.166360, 81.521093, 2.2424668, 65.005618, 64.955933,
10.174420, 82.449789, 3.0797486, 64.853351, 64.802951,
10.182470, 80.344131, 3.1796137, 64.716612, 64.665776,
10.190530, 71.087132, 1.9543092, 64.595218, 64.544226,
10.198590, 71.115488, 1.9323433, 64.489491, 64.438629,
10.206640, 68.076372, 2.0961308, 64.399720, 64.349273,
10.214690, 72.866983, 1.9289056, 64.325928, 64.276177,
10.222750, 72.497297, 1.8031441, 64.268231, 64.219453,
10.230800, 75.382679, 2.2374436, 64.226943, 64.179406,
10.238850, 70.613056, 2.1729858, 64.202169, 64.156133,
10.246890, 86.202042, 2.1243264, 64.194095, 64.149804,
10.254940, 69.505552, 1.9008780, 64.202892, 64.160580,
10.262990, 66.212558, 15.126418, 64.228773, 64.188654,
10.271030, 75.564127, 1.9949270, 64.271875, 64.234142,
10.279070, 70.045637, 1.8117748, 64.332414, 64.297236,
10.287120, 73.205715, 2.2248214, 64.410712, 64.378241,
10.295150, 70.210955, 1.9724781, 64.506652, 64.476998,
10.303190, 93.510117, 2.1888709, 64.620782, 64.594037,
10.311230, 73.329430, 1.7162902, 64.753190, 64.729408,
10.319270, 71.035332, 1.6332289, 64.904131, 64.883331,
10.327300, 70.993116, 2.2302555, 65.073585, 65.055742,
10.335340, 68.442058, 2.2374814, 65.262205, 65.247260,
10.343370, 70.673713, 1.9389511, 65.469804, 65.457649,
10.351400, 71.022036, 2.3500734, 65.696787, 65.687267,
10.359430, 64.885041, 2.1236309, 65.943424, 65.936334,
10.367460, 70.871885, 3.1651523, 66.209964, 66.205047,
10.375480, 65.191054, 2.9127542, 66.496276, 66.493216,
10.383510, 58.568720, 2.5495272, 66.803369, 66.801794,
10.391530, 66.741263, 2.5135574, 67.130744, 67.130218,
10.399560, 65.577901, 1.7666150, 67.479451, 67.479473,
10.407580, 67.848934, 3.2328323, 67.848934, 67.848934,
10.415600, 77.810980, 15.650276, 68.239680, 68.239041,
10.423620, 69.988658, 1.8594587, 68.651326, 68.649471,
10.431640, 70.644957, 1.9745170, 69.083174, 69.079592,
10.439650, 71.395290, 2.0023767, 69.534129, 69.528371,
10.447670, 77.543884, 2.0857550, 70.004734, 69.996401,
10.455680, 78.927704, 2.1795987, 70.493174, 70.481929,
10.463700, 72.717257, 1.9247804, 71.000149, 70.985697,
10.471710, 76.433519, 2.2786867, 71.523757, 71.505861,
10.479720, 75.356730, 2.2499325, 72.064081, 72.042545,
10.487730, 74.465940, 2.1091488, 72.620555, 72.595225,
10.495730, 75.713541, 2.2782779, 73.191926, 73.162696,
10.503740, 75.918795, 2.4226906, 73.779000, 73.745789,
10.511750, 85.451265, 2.9645441, 74.380549, 74.343321,
10.519750, 84.215298, 4.7883283, 74.995208, 74.953962,
10.527750, 85.677324, 3.0298552, 75.623286, 75.578049,
10.535750, 82.057640, 11.942821, 76.264167, 76.214995,
10.543750, 89.438854, 3.6102601, 76.917234, 76.864212,
10.551750, 86.209589, 3.7358675, 77.582105, 77.525342,
10.559750, 87.789228, 2.0502887, 78.258088, 78.197719,
10.567850, 93.857431, 1.9442670, 78.953475, 78.889614,
10.576350, 93.387341, 1.9841475, 79.694319, 79.626988,
10.584840, 93.468559, 2.0411560, 80.445031, 80.374458,
10.593340, 87.777647, 2.7222143, 81.206839, 81.133263,
10.601830, 95.209845, 1.9305750, 81.977240, 81.900927,
10.610330, 101.56186, 2.2712790, 82.757514, 82.678744,
10.618820, 93.128954, 2.2104597, 83.545208, 83.464280,
10.627310, 94.318609, 2.6711285, 84.340485, 84.257712,
10.635800, 95.132492, 2.7682578, 85.142912, 85.058618,
10.644280, 91.364954, 2.1341686, 85.950784, 85.865310,
10.652770, 92.609541, 2.0712362, 86.765400, 86.679093,
10.661250, 90.648151, 2.0561345, 87.584321, 87.497543,
10.669740, 97.897675, 2.3580646, 88.408784, 88.321903,
10.678220, 100.43004, 2.4768757, 89.236333, 89.149728,
10.686700, 91.784195, 2.2353630, 90.067289, 89.981345,
10.695180, 95.337282, 2.1858853, 90.901050, 90.816162,
10.703650, 91.944746, 2.4727137, 91.736074, 91.652641,
10.712130, 96.597107, 2.6897656, 92.573549, 92.491980,
10.720600, 99.315193, 2.4016326, 93.411179, 93.331887,
10.729080, 105.22087, 2.5134336, 94.250159, 94.173567,
10.737550, 106.97207, 2.6610990, 95.087910, 95.014441,
10.746020, 107.48445, 2.4905714, 95.924965, 95.855054,
10.754490, 103.67210, 2.2299376, 96.760539, 96.694625,
10.762960, 96.850182, 2.1894314, 97.594223, 97.532754,
10.771420, 99.614182, 2.5044605, 98.424203, 98.367627,
10.779890, 99.294512, 2.3345178, 99.252126, 99.200912,
10.788350, 106.54255, 2.3561657, 100.07525, 100.02986,
10.796810, 96.584652, 2.4233955, 100.89400, 100.85492,
10.805270, 103.33834, 2.8126699, 101.70778, 101.67549,
10.813730, 108.05300, 2.6634183, 102.51599, 102.49100,
10.822190, 98.875656, 2.2669375, 103.31802, 103.30084,
10.830650, 104.90018, 2.8032098, 104.11328, 104.10442,
10.839100, 107.11073, 2.4636940, 104.90018, 104.90018,
10.847560, 102.39714, 2.3436816, 105.68018, 105.68959,
10.856010, 103.48855, 2.6759448, 106.45144, 106.47076,
10.864460, 106.03475, 3.1658003, 107.21488, 107.24456,
10.872910, 111.86260, 2.3492862, 107.97068, 108.01115,
10.881360, 117.65535, 2.8645391, 108.71904, 108.77067,
10.889800, 120.07458, 3.0178686, 109.45907, 109.52217,
10.898250, 123.59570, 3.5669983, 110.19264, 110.26752,
10.906690, 112.48810, 2.8862232, 110.91819, 111.00508,
10.915140, 113.34235, 2.6673699, 111.63754, 111.73668,
10.923580, 127.43915, 3.2812452, 112.34901, 112.46055,
10.932020, 130.70758, 3.8414108, 113.05359, 113.17768,
10.940460, 127.08592, 3.3368771, 113.75139, 113.88812,
10.948890, 125.87328, 3.8638777, 114.44162, 114.59108,
10.957330, 142.94790, 4.0262141, 115.12612, 115.28834,
10.965760, 153.72165, 2.2409934, 115.80335, 115.97833,
10.974200, 170.03765, 3.0237012, 116.47491, 116.66266,
10.982630, 174.75450, 2.5748420, 117.13932, 117.33977,
10.991060, 192.03038, 3.0505368, 117.79757, 118.01064,
10.999490, 189.33200, 2.7345297, 118.44959, 118.67518,
11.007920, 189.81553, 2.9704250, 119.09561, 119.33360,
11.016340, 191.54650, 2.2029377, 119.73484, 119.98507,
11.024770, 183.10107, 3.1561428, 120.36890, 120.63120,
11.033190, 185.55658, 2.4409660, 120.99641, 121.27057,
11.041610, 185.05457, 2.3679113, 121.61817, 121.90398,
11.050030, 177.95757, 2.5713765, 122.23427, 122.53148,
11.058450, 183.56058, 2.7704088, 122.84476, 123.15312,
11.066870, 191.64590, 2.6111633, 123.44973, 123.76896,
11.075290, 178.64457, 2.5772690, 124.04923, 124.37905,
11.083700, 189.95587, 2.6985704, 124.64268, 124.98275,
11.092120, 182.85690, 2.8734832, 125.23148, 125.58148,
11.100530, 184.95263, 3.0719469, 125.81429, 126.17388,
11.108940, 191.26565, 3.1320417, 126.39199, 126.76081,
11.117350, 187.22847, 4.4414899, 126.96450, 127.34218,
11.120570, 205.76978, 3.0980595, 127.18240, 127.56338,
11.129530, 208.76255, 2.8495460, 127.78476, 128.17459,
11.138500, 228.12243, 2.8817885, 128.38217, 128.78042,
11.147460, 256.02905, 3.1064670, 128.97330, 129.37948,
11.156430, 286.43919, 3.4644762, 129.55959, 129.97325,
11.165390, 321.62199, 3.5388322, 130.13976, 130.56039,
11.174350, 373.11180, 3.9440330, 130.71455, 131.14165,
11.183300, 443.68150, 4.3883578, 131.28342, 131.71648,
11.192260, 493.13845, 4.5502382, 131.84764, 132.28615,
11.201220, 532.90095, 4.2314780, 132.40667, 132.85011,
11.210170, 552.55309, 4.2619594, 132.95997, 133.40781,
11.219120, 568.72577, 4.6923638, 133.50820, 133.95990,
11.228070, 570.89021, 4.9109794, 134.05142, 134.50644,
11.237020, 541.43536, 4.6390971, 134.58962, 135.04742,
11.245970, 548.71014, 4.6488622, 135.12296, 135.58301,
11.254920, 538.13712, 4.5183677, 135.65145, 136.11319,
11.263860, 520.67727, 4.4437313, 136.17451, 136.63740,
11.272800, 508.02330, 4.2178349, 136.69288, 137.15636,
11.281750, 497.61539, 4.2413660, 137.20703, 137.67057,
11.290690, 476.28271, 4.3799285, 137.71602, 138.17908,
11.299630, 458.36172, 4.2939146, 138.22034, 138.68237,
11.308560, 449.65860, 4.1284715, 138.71955, 139.18002,
11.317500, 417.58470, 3.9973942, 139.21476, 139.67313,
11.326430, 403.30523, 4.1282489, 139.70495, 140.16070,
11.335370, 381.58942, 3.9742919, 140.19120, 140.64381,
11.344300, 368.10317, 3.7241072, 140.67252, 141.12147,
11.353230, 361.95620, 3.7083090, 141.14946, 141.59424,
11.362160, 354.27438, 3.8301407, 141.62200, 142.06212,
11.371080, 334.04993, 3.6774519, 142.08978, 142.52475,
11.380010, 325.39675, 3.4437318, 142.55373, 142.98306,
11.388930, 317.27753, 3.4421770, 143.01299, 143.43621,
11.397850, 299.51160, 3.4738727, 143.46798, 143.88464,
11.406780, 295.93260, 3.4443575, 143.91931, 144.32896,
11.415700, 284.58028, 3.2219853, 144.36595, 144.76814,
11.424610, 285.01433, 3.3475905, 144.80797, 145.20231,
11.433530, 273.90627, 3.3586832, 145.24636, 145.63242,
11.442450, 266.68950, 3.3819677, 145.68065, 146.05803,
11.451360, 259.79177, 3.1907030, 146.11041, 146.47875,
11.460270, 250.28474, 3.2216962, 146.53613, 146.89507,
11.469180, 244.20760, 3.2299493, 146.95782, 147.30701,
11.478090, 241.28782, 3.3692609, 147.37550, 147.71461,
11.487000, 237.54080, 3.0810370, 147.78919, 148.11791,
11.495910, 236.47355, 3.3488861, 148.19886, 148.51690,
11.504810, 223.84585, 3.2042143, 148.60417, 148.91127,
11.513710, 217.64120, 4.6204143, 149.00550, 149.30141,
11.522620, 215.26305, 3.4663237, 149.40336, 149.68784,
11.531520, 219.10703, 3.1688707, 149.79683, 150.06968,
11.540420, 209.99047, 3.2723183, 150.18639, 150.44742,
11.549310, 210.25630, 3.3574815, 150.57163, 150.82069,
11.558210, 200.38068, 3.0843432, 150.95342, 151.19036,
11.567100, 195.05603, 3.1778823, 151.33084, 151.55556,
11.576000, 197.26312, 3.1918220, 151.70485, 151.91724,
11.584890, 215.13585, 3.5277737, 152.07455, 152.27456,
11.593780, 199.12298, 3.3423638, 152.44033, 152.62792,
11.602670, 186.13255, 3.2771308, 152.80227, 152.97744,
11.611560, 181.69715, 4.1159794, 153.16033, 153.32309,
11.620440, 183.95673, 3.7931587, 153.51411, 153.66451,
11.629330, 173.24085, 3.4034067, 153.86442, 154.00253,
11.638210, 172.63065, 3.6134147, 154.21048, 154.33642,
11.647090, 182.16628, 3.2362265, 154.55262, 154.66652,
11.655970, 168.67380, 3.5886723, 154.89087, 154.99290,
11.664850, 160.37070, 2.9417091, 155.22527, 155.31563,
11.673730, 166.85632, 2.3294245, 155.55572, 155.63464,
11.682600, 170.57215, 2.6423348, 155.88192, 155.94968,
11.691480, 161.09858, 2.4602544, 156.20454, 156.26143,
11.700350, 159.09535, 2.6795004, 156.52289, 156.56925,
11.709220, 177.44430, 2.7081901, 156.83731, 156.87350,
11.718090, 162.55405, 2.6887935, 157.14776, 157.17420,
11.726960, 157.58282, 2.6732050, 157.45425, 157.47138,
11.735830, 164.89330, 2.8099457, 157.75675, 157.76505,
11.744690, 154.63440, 2.6632914, 158.05490, 158.05490,
11.753560, 158.05490, 2.5494684, 158.34938, 158.34162,
11.762420, 155.04792, 2.6228592, 158.63944, 158.62447,
11.771280, 159.17625, 4.8696993, 158.92542, 158.90374,
11.775020, 162.11850, 2.9477279, 159.04487, 159.02050,
11.784500, 161.03783, 2.9262120, 159.34435, 159.31355,
11.793980, 159.07258, 2.9029645, 159.63895, 159.60223,
11.803460, 153.99820, 3.5828812, 159.92866, 159.88651,
11.812940, 160.59747, 2.6152665, 160.21335, 160.16623,
11.822420, 164.56413, 2.7531545, 160.49301, 160.44136,
11.831890, 160.91280, 2.8919596, 160.76724, 160.71148,
11.841360, 165.31763, 2.6439648, 161.03628, 160.97679,
11.850840, 164.49470, 2.6017694, 161.30031, 161.23747,
11.860310, 166.08242, 2.6190449, 161.55874, 161.49289,
11.869770, 171.58942, 2.7445971, 161.81149, 161.74297,
11.879240, 172.50530, 2.5865571, 162.05901, 161.98811,
11.888710, 172.70758, 2.5025347, 162.30094, 162.22797,
11.898170, 176.74300, 2.5978654, 162.53698, 162.46221,
11.907630, 175.07248, 2.6987512, 162.76725, 162.69095,
11.917090, 173.92870, 2.5182799, 162.99172, 162.91415,
11.926550, 176.50983, 2.5024728, 163.21026, 163.13164,
11.936010, 183.65140, 2.7135582, 163.42281, 163.34338,
11.945470, 183.04918, 19.430690, 163.62924, 163.54923,
11.954920, 183.46015, 2.6050316, 163.82929, 163.74889,
11.964370, 189.41962, 2.7261943, 164.02305, 163.94249,
11.973830, 195.12568, 2.5844751, 164.21065, 164.13011,
11.983280, 185.19375, 2.6337888, 164.39156, 164.31124,
11.992720, 181.68420, 3.6078731, 164.56570, 164.48580,
12.002170, 183.67318, 2.4959692, 164.73335, 164.65406,
12.011610, 189.63427, 3.0495550, 164.89404, 164.81556,
12.021060, 193.61330, 4.6818927, 165.04801, 164.97052,
12.030500, 180.51318, 2.5687620, 165.19481, 165.11852,
12.039940, 178.15345, 2.5080514, 165.33448, 165.25959,
12.049380, 174.56308, 2.4030317, 165.46694, 165.39365,
12.058820, 178.84317, 2.6176378, 165.59203, 165.52057,
12.068250, 173.03950, 2.5495248, 165.70953, 165.64013,
12.077690, 174.64938, 2.4659920, 165.81958, 165.75246,
12.087120, 172.51475, 2.3895396, 165.92179, 165.85721,
12.096550, 168.45565, 2.4670934, 166.01617, 165.95439,
12.105980, 173.69660, 2.6653130, 166.10258, 166.04389,
12.115410, 174.37142, 2.5857883, 166.18089, 166.12558,
12.124830, 169.47142, 2.5048852, 166.25089, 166.19928,
12.134260, 169.57028, 2.6172714, 166.31260, 166.26503,
12.143680, 169.36625, 2.6698923, 166.36573, 166.32256,
12.153100, 174.84562, 2.7849910, 166.41022, 166.37183,
12.162520, 169.37672, 4.2611231, 166.44592, 166.41272,
12.171940, 170.67680, 2.6078520, 166.47268, 166.44511,
12.181360, 170.41560, 2.7127726, 166.49033, 166.46887,
12.190770, 172.37915, 2.9688371, 166.49873, 166.48387,
12.200180, 157.65738, 4.3672746, 166.49774, 166.49002,
12.209600, 166.48717, 2.8615571, 166.48717, 166.48717,
12.219010, 161.64040, 2.7744798, 166.46695, 166.47526,
12.228420, 167.42640, 3.1413230, 166.43720, 166.45437,
12.237820, 169.81925, 5.1187451, 166.39813, 166.42465,
12.247230, 174.70943, 2.9388773, 166.34985, 166.38617,
12.256630, 192.89200, 3.0952818, 166.29263, 166.33913,
12.266040, 253.48492, 3.5957416, 166.22651, 166.28355,
12.275440, 544.47127, 5.3336092, 166.15181, 166.21967,
12.284840, 500.89165, 5.2948051, 166.06864, 166.14756,
12.294230, 199.04758, 3.4600997, 165.97724, 166.06741,
12.303630, 174.26352, 3.8043608, 165.87759, 165.97919,
12.313030, 186.41395, 3.7699192, 165.76993, 165.88308,
12.322420, 185.41570, 5.8051762, 165.65455, 165.77931,
12.331810, 188.79860, 2.9912980, 165.53149, 165.66791,
12.341200, 183.50197, 2.3291869, 165.40089, 165.54897,
12.350590, 188.03643, 2.6356424, 165.26290, 165.42262,
12.359980, 183.95858, 2.7676394, 165.11767, 165.28897,
12.369360, 193.99495, 2.8495221, 164.96549, 165.14826,
12.378750, 190.46540, 3.0312200, 164.80620, 165.00033,
12.388130, 185.33808, 2.7412657, 164.64024, 164.84558,
12.397510, 192.22277, 2.8111338, 164.46762, 164.68399,
12.406890, 191.88610, 2.8756745, 164.28844, 164.51563,
12.416270, 195.57230, 3.3929963, 164.10283, 164.34063,
12.425640, 200.51937, 3.4277213, 163.91114, 164.15928,
12.435020, 205.80263, 4.5584956, 163.71307, 163.97130,
12.444390, 208.04078, 3.6003132, 163.50919, 163.77720,
12.453760, 200.63480, 2.7402210, 163.29940, 163.57689,
12.463130, 196.35065, 2.8568284, 163.08381, 163.37045,
12.472500, 201.53942, 3.2383266, 162.86254, 163.15799,
12.481870, 213.22825, 4.4383849, 162.63572, 162.93961,
12.489420, 203.80985, 3.0644712, 162.44897, 162.75940,
12.499490, 209.56128, 2.6980827, 162.19449, 162.51325,
12.509550, 205.62668, 3.0027532, 161.93422, 162.26084,
12.519610, 210.20440, 2.9138322, 161.66803, 162.00204,
12.529670, 221.38987, 2.9128095, 161.39609, 161.73701,
12.539730, 225.05898, 3.0946631, 161.11848, 161.46581,
12.549780, 220.66843, 3.0203406, 160.83564, 161.18887,
12.559840, 226.03423, 2.9620134, 160.54712, 160.90573,
12.569890, 226.62008, 3.6620686, 160.25363, 160.61711,
12.579940, 224.90235, 2.9360829, 159.95500, 160.32281,
12.589990, 230.00835, 3.0121767, 159.65134, 160.02295,
12.600040, 231.64925, 2.9436661, 159.34275, 159.71762,
12.610090, 234.05875, 2.9010958, 159.02940, 159.40698,
12.620130, 244.97027, 2.9930690, 158.71170, 159.09145,
12.630170, 243.44588, 3.0386940, 158.38941, 158.77079,
12.640210, 240.46755, 3.0938790, 158.06267, 158.44514,
12.650250, 244.11559, 2.8575048, 157.73159, 158.11460,
12.660290, 241.66270, 2.8167703, 157.39630, 157.77931,
12.670330, 242.05045, 2.8330871, 157.05685, 157.43933,
12.680360, 249.76873, 2.8980384, 156.71372, 157.09513,
12.690390, 255.61275, 3.5383889, 156.36668, 156.74649,
12.700420, 259.55725, 2.7974256, 156.01578, 156.39347,
12.710450, 261.03652, 2.8044302, 155.66119, 156.03624,
12.720480, 264.62043, 2.9722266, 155.30297, 155.67488,
12.730500, 279.30585, 3.9906079, 154.94157, 155.30983,
12.740530, 296.87263, 2.9768888, 154.57638, 154.94050,
12.750550, 253.30178, 2.6873872, 154.20820, 154.56770,
12.760570, 250.89570, 2.7356583, 153.83680, 154.19121,
12.770590, 261.10783, 3.2559660, 153.46221, 153.81106,
12.780610, 256.27592, 18.061694, 153.08455, 153.42739,
12.790620, 245.65608, 2.6403211, 152.70431, 153.04071,
12.800640, 246.83709, 2.6524623, 152.32077, 152.65030,
12.810650, 248.55500, 3.2548513, 151.93483, 152.25707,
12.820660, 235.33590, 3.1748930, 151.54616, 151.86073,
12.830670, 215.15842, 2.4788866, 151.15481, 151.46133,
12.840680, 210.52973, 2.4785768, 150.76095, 151.05903,
12.850680, 202.51062, 2.5097531, 150.36498, 150.65430,
12.860690, 199.61768, 2.5364623, 149.96624, 150.24644,
12.870690, 185.62027, 2.4215740, 149.56557, 149.83634,
12.880690, 181.51733, 2.3506942, 149.16270, 149.42374,
12.890690, 172.76525, 2.3862317, 148.75763, 149.00866,
12.900680, 170.62383, 2.4276152, 148.35091, 148.59166,
12.910680, 166.54538, 2.4281255, 147.94175, 148.17198,
12.920670, 167.12735, 2.3229089, 147.53109, 147.75057,
12.930670, 163.50165, 2.4047160, 147.11815, 147.32666,
12.940660, 156.67623, 3.1881814, 146.70381, 146.90118,
12.950640, 152.40610, 2.7842985, 146.28825, 146.47431,
12.960630, 144.91600, 3.2623488, 145.87056, 146.04516,
12.970620, 152.56770, 2.7396230, 145.45136, 145.61437,
12.980600, 156.50588, 2.6248209, 145.03106, 145.18238,
12.990580, 153.18673, 2.6428525, 144.60937, 144.74892,
13.000560, 137.45485, 2.4377516, 144.18629, 144.31401,
13.010540, 146.02093, 2.4732090, 143.76193, 143.87777,
13.020520, 142.79500, 2.4522239, 143.33635, 143.44030,
13.030490, 147.48210, 2.5422732, 142.91007, 143.00214,
13.040470, 145.48640, 2.8779160, 142.48226, 142.56246,
13.050440, 143.96165, 2.7150435, 142.05388, 142.12229,
13.060410, 145.03410, 2.6736184, 141.62456, 141.68124,
13.070380, 144.88223, 2.6795944, 141.19432, 141.23937,
13.080350, 153.34592, 3.0980691, 140.76330, 140.79684,
13.090310, 140.04033, 2.8707834, 140.33195, 140.35414,
13.100280, 139.46685, 2.8185074, 139.89950, 139.91049,
13.110240, 137.45573, 2.8455291, 139.46685, 139.46685,
13.120200, 126.05505, 3.0096772, 139.03365, 139.02287,
13.130160, 141.58992, 3.2924071, 138.59996, 138.57863,
13.140110, 149.37932, 2.5787372, 138.16633, 138.13468,
13.150070, 143.43958, 2.0910427, 137.73191, 137.69017,
13.160020, 142.96690, 2.1108419, 137.29768, 137.24610,
13.169980, 149.14975, 2.3248716, 136.86281, 136.80161,
13.179930, 144.82940, 2.4260339, 136.42829, 136.35773,
13.189870, 141.22368, 2.4880901, 135.99415, 135.91449,
13.199820, 138.14688, 2.4301360, 135.55962, 135.47112,
13.209770, 139.75615, 2.4110126, 135.12516, 135.02807,
13.219710, 141.24702, 2.4281672, 134.69134, 134.58593,
13.229650, 141.12687, 2.4361812, 134.25781, 134.14436,
13.239590, 137.75270, 2.5555106, 133.82456, 133.70336,
13.249530, 130.88712, 2.3723306, 133.39171, 133.26303,
13.259470, 130.63645, 2.3857575, 132.95933, 132.82346,
13.269410, 137.66470, 2.8582270, 132.52750, 132.38473,
13.279340, 131.91285, 2.6356506, 132.09674, 131.94738,
13.289270, 136.22807, 2.8712371, 131.66663, 131.51099,
13.299200, 142.32877, 2.9935442, 131.23733, 131.07570,
13.309130, 138.83082, 3.2145915, 130.80887, 130.64157,
13.318260, 136.19795, 2.2534083, 130.41569, 130.24346,
13.328980, 132.47737, 2.0778914, 129.95513, 129.77744,
13.339690, 139.99903, 2.1216281, 129.49625, 129.31349,
13.350400, 134.85150, 2.1157141, 129.03870, 128.85126,
13.361120, 133.93683, 2.2085489, 128.58213, 128.39040,
13.371830, 135.86457, 2.0563542, 128.12754, 127.93190,
13.382530, 133.92930, 1.8655227, 127.67497, 127.47582,
13.393240, 137.57990, 1.9626977, 127.22371, 127.02145,
13.403940, 132.32100, 2.3262564, 126.77466, 126.56970,
13.414650, 136.27505, 15.514727, 126.32713, 126.11987,
13.425350, 130.67070, 2.1857596, 125.88201, 125.67285,
13.436050, 130.44888, 2.5093644, 125.43900, 125.22835,
13.446740, 133.61650, 1.8656300, 124.99864, 124.78691,
13.457440, 135.39560, 1.9436408, 124.56016, 124.34776,
13.468130, 134.12938, 1.8181228, 124.12452, 123.91186,
13.478830, 137.73913, 1.7402171, 123.69097, 123.47846,
13.489520, 135.63565, 1.6844294, 123.26047, 123.04852,
13.500200, 138.21962, 1.7527891, 122.83308, 122.62210,
13.510890, 139.47623, 1.7236603, 122.40814, 122.19853,
13.521570, 143.06200, 1.7501465, 121.98652, 121.77868,
13.532260, 145.66780, 1.6506635, 121.56758, 121.36190,
13.542940, 145.84545, 1.7114571, 121.15217, 120.94905,
13.553620, 145.36175, 1.7688481, 120.74003, 120.53985,
13.564290, 139.70063, 1.6747350, 120.33167, 120.13482,
13.574970, 136.69505, 1.6628793, 119.92642, 119.73326,
13.585640, 133.51202, 1.5453994, 119.52517, 119.33608,
13.596320, 137.57585, 1.6766374, 119.12725, 118.94259,
13.606990, 128.61182, 1.6063865, 118.73358, 118.55368,
13.617650, 132.25993, 1.5844997, 118.34422, 118.16942,
13.628320, 134.26560, 1.5808699, 117.95860, 117.78922,
13.638980, 131.82150, 1.5816770, 117.57753, 117.41389,
13.649650, 136.88178, 1.5910823, 117.20046, 117.04286,
13.660310, 129.36197, 1.6335789, 116.82819, 116.67690,
13.670970, 124.28890, 2.2043279, 116.46051, 116.31580,
13.681630, 129.98395, 1.6074182, 116.09755, 115.95967,
13.692280, 127.30322, 1.6354503, 115.73979, 115.60897,
13.702940, 122.43220, 1.6909404, 115.38667, 115.26313,
13.713590, 121.32967, 1.5950576, 115.03901, 114.92294,
13.724240, 116.71708, 1.6608175, 114.69659, 114.58814,
13.734890, 116.52717, 1.6630192, 114.35959, 114.25892,
13.745530, 115.76870, 1.6053764, 114.02843, 113.93564,
13.756180, 118.30370, 1.7937993, 113.70266, 113.61786,
13.766820, 114.05610, 1.9497019, 113.38301, 113.30626,
13.777460, 111.87025, 2.0374566, 113.06934, 113.00068,
13.788100, 111.32455, 1.6336171, 112.76180, 112.70123,
13.798740, 110.76515, 1.6122170, 112.46056, 112.40804,
13.809380, 112.74343, 1.8413409, 112.16578, 112.12127,
13.820010, 113.39715, 1.8342151, 111.87784, 111.84122,
13.830640, 114.92662, 1.8124008, 111.59669, 111.56783,
13.841270, 110.81845, 1.9065657, 111.32244, 111.30116,
13.851900, 110.54325, 1.8931369, 111.05531, 111.04140,
13.862530, 110.41730, 2.4546652, 110.79545, 110.78865,
13.873150, 111.20025, 2.3194220, 110.54325, 110.54325,
13.883780, 109.02093, 2.2157891, 110.29838, 110.30485,
13.894400, 110.60268, 2.2137564, 110.06114, 110.07374,
13.905020, 112.05600, 2.2149621, 109.83109, 109.84953,
13.915640, 107.69058, 2.3077070, 109.60803, 109.63204,
13.926250, 114.24787, 2.5693980, 109.39195, 109.42127,
13.936870, 108.03920, 2.3380094, 109.18229, 109.21670,
13.947480, 117.75027, 2.5651756, 108.97919, 109.01847,
13.958090, 115.24600, 2.5416396, 108.78230, 108.82627,
13.968700, 110.75380, 2.8084989, 108.59140, 108.63988,
13.979310, 114.87933, 2.9543979, 108.40635, 108.45916,
13.989910, 111.21185, 2.9559719, 108.22709, 108.28409,
14.000520, 112.82438, 2.5538812, 108.05312, 108.11417,
14.011120, 110.62636, 2.9978486, 107.88458, 107.94955,
14.021720, 101.22677, 3.0787354, 107.72114, 107.78990,
14.032320, 106.43745, 3.3494894, 107.56261, 107.63505,
14.042920, 116.02895, 2.9905437, 107.40884, 107.48484,
14.053510, 107.34640, 2.8774804, 107.25978, 107.33924,
14.064110, 112.28790, 3.3426027, 107.11499, 107.19780,
14.074700, 103.05383, 2.9652703, 106.97457, 107.06063,
14.085290, 114.07487, 3.5735659, 106.83823, 106.92743,
14.095870, 111.13670, 2.5706009, 106.70592, 106.79816,
14.106460, 111.65525, 2.0226549, 106.57724, 106.67241,
14.117040, 110.72658, 2.1350585, 106.45226, 106.55026,
14.127630, 107.93413, 1.9495368, 106.33059, 106.43130,
14.138210, 114.38405, 2.2563709, 106.21231, 106.31562,
14.148790, 118.35755, 2.0667772, 106.09716, 106.20294,
14.159370, 114.14002, 2.4372310, 105.98497, 106.09310,
14.169940, 111.74935, 2.4218027, 105.87570, 105.98604,
14.180520, 111.55363, 4.5511218, 105.76898, 105.88139,
14.182090, 124.79263, 6.9474830, 105.75337, 105.86607,
14.193560, 121.97232, 2.0095486, 105.64091, 105.75565,
14.205030, 116.47052, 2.1926587, 105.53118, 105.64777,
14.216500, 124.78678, 2.4497305, 105.42401, 105.54225,
14.227970, 123.37128, 3.7229478, 105.31921, 105.43888,
14.239430, 128.93062, 2.5285927, 105.21668, 105.33754,
14.250890, 126.14767, 3.1272330, 105.11616, 105.23796,
14.262350, 123.43045, 2.7913056, 105.01744, 105.13992,
14.273810, 123.35145, 2.3358478, 104.92036, 105.04323,
14.285270, 111.48070, 2.4573739, 104.82474, 104.94771,
14.296730, 118.65935, 2.2829699, 104.73038, 104.85313,
14.308180, 113.83245, 2.0898400, 104.63721, 104.75940,
14.319630, 105.07507, 2.1857166, 104.54495, 104.66624,
14.331080, 113.00610, 2.1658338, 104.45342, 104.57343,
14.342530, 109.16465, 2.1863066, 104.36245, 104.48080,
14.353970, 110.90405, 1.9984079, 104.27195, 104.38823,
14.365410, 109.06575, 1.8384363, 104.18165, 104.29543,
14.376860, 110.28777, 1.8395631, 104.09131, 104.20214,
14.388300, 107.89658, 1.9667577, 104.00089, 104.10831,
14.399730, 106.63102, 1.9492434, 103.91023, 104.01375,
14.411170, 106.33682, 1.8452410, 103.81900, 103.91810,
14.422600, 110.77605, 1.7524865, 103.72717, 103.82135,
14.434030, 107.46550, 1.6308730, 103.63448, 103.72319,
14.445460, 112.70255, 1.7865060, 103.54077, 103.62343,
14.456890, 104.23586, 1.6446292, 103.44585, 103.52190,
14.468320, 111.43265, 1.6398993, 103.34955, 103.41837,
14.479740, 106.79527, 1.5878717, 103.25177, 103.31276,
14.491160, 103.90163, 1.4902176, 103.15225, 103.20477,
14.502580, 104.04500, 1.5963399, 103.05082, 103.09421,
14.514000, 105.82533, 1.5097975, 102.94729, 102.98087,
14.525420, 102.65749, 1.5119598, 102.84147, 102.86456,
14.536830, 100.81234, 1.4769327, 102.73329, 102.74519,
14.548240, 100.67776, 1.4746879, 102.62246, 102.62246,
14.559650, 102.62246, 1.6591906, 102.50888, 102.49626,
14.571060, 95.093950, 1.5070537, 102.39278, 102.36695,
14.582470, 97.920618, 2.0986085, 102.27447, 102.23495,
14.593870, 101.13952, 1.5301632, 102.15434, 102.10082,
14.605270, 100.12054, 1.9111739, 102.03260, 101.96488,
14.616670, 101.28151, 1.5287243, 101.90957, 101.82757,
14.628070, 98.375746, 1.6678738, 101.78551, 101.68932,
14.639470, 97.634945, 1.5631452, 101.66075, 101.55057,
14.650860, 100.70438, 1.4068391, 101.53570, 101.41188,
14.662260, 99.288328, 1.4461317, 101.41041, 101.27343,
14.673650, 102.76059, 1.5661747, 101.28544, 101.13590,
14.685040, 103.71913, 1.7129320, 101.16094, 100.99961,
14.696420, 100.96065, 2.0739425, 101.03735, 100.86512,
14.707810, 95.761040, 2.2107038, 100.91472, 100.73260,
14.719190, 98.932749, 1.8140087, 100.79360, 100.60275,
14.730570, 102.69073, 2.7211304, 100.67415, 100.47586,
14.741950, 101.41642, 2.0525043, 100.55668, 100.35238,
14.753330, 100.23395, 1.8713369, 100.44150, 100.23274,
14.764700, 98.032042, 1.9662915, 100.32900, 100.11748,
14.776080, 98.734301, 1.7883098, 100.21929, 100.00683,
14.787450, 99.168953, 1.8317589, 100.11288, 99.901431,
14.798820, 101.49176, 1.9311949, 100.00995, 99.801611,
14.810190, 101.31556, 2.0910523, 99.910827, 99.707805,
14.821550, 96.891342, 1.9804310, 99.815899, 99.620538,
14.832920, 99.960569, 2.0837503, 99.725314, 99.540097,
14.844280, 102.41745, 1.9703231, 99.639535, 99.467058,
14.855640, 99.278196, 2.0317485, 99.558800, 99.401793,
14.866990, 105.20710, 2.2205012, 99.483495, 99.344794,
14.878350, 100.75265, 2.3567152, 99.413799, 99.296402,
14.889710, 100.48755, 2.1423466, 99.350107, 99.257120,
14.901060, 96.354414, 2.0760024, 99.292796, 99.227420,
14.912410, 99.198441, 2.4425852, 99.242131, 99.207710,
14.923760, 102.38480, 2.4563808, 99.198441, 99.198441,
14.935100, 96.040327, 2.5662551, 99.162091, 99.199903,
14.946450, 100.24001, 2.7890375, 99.133317, 99.211766,
14.957790, 98.017914, 2.4345634, 99.112482, 99.233519,
14.969130, 102.28922, 2.7259753, 99.099867, 99.264680,
14.980470, 107.06663, 2.7233220, 99.095784, 99.304769,
14.991810, 105.87730, 2.8407497, 99.100552, 99.353300,
15.003140, 102.71165, 3.0170904, 99.114479, 99.409741,
15.014480, 101.14709, 2.4601027, 99.137910, 99.473701,
15.025810, 102.41536, 2.4399450, 99.171143, 99.544606,
15.037140, 100.96379, 2.5259567, 99.214523, 99.622017,
15.048460, 94.970896, 2.5136076, 99.268341, 99.705393,
15.059790, 101.99749, 2.5785697, 99.333035, 99.794401,
15.071110, 99.627085, 2.4922375, 99.408844, 99.888418,
15.082440, 97.759550, 2.2229566, 99.496259, 99.987140,
15.093750, 103.66253, 1.6991544, 99.595383, 100.08982,
15.105070, 100.79282, 1.8203571, 99.706840, 100.19626,
15.116390, 107.07550, 2.0009653, 99.830917, 100.30590,
15.127700, 97.870434, 2.0163544, 99.967857, 100.41817,
15.139020, 107.68157, 1.9235376, 100.11830, 100.53282,
15.150330, 102.69512, 1.9170734, 100.28236, 100.64915,
15.162390, 106.60587, 2.2874951, 100.47289, 100.77466,
15.174730, 97.708923, 2.2960295, 100.68501, 100.90407,
15.187070, 101.80139, 2.2198666, 100.91500, 101.03385,
15.199410, 100.77909, 2.5235350, 101.16344, 101.16344,
15.211740, 101.16344, 2.5326081, 101.43027, 101.29218,
15.224080, 103.59792, 1.9740549, 101.71488, 101.42024,
15.236410, 98.452488, 1.9388635, 102.01536, 101.54740,
15.248740, 102.59304, 1.8719812, 102.33051, 101.67377,
15.261060, 100.29410, 2.0093618, 102.65865, 101.79927,
15.273390, 110.34417, 2.0335951, 102.99895, 101.92411,
15.285710, 102.05297, 2.1983791, 103.34945, 102.04811,
15.298030, 96.377728, 2.5462787, 103.70902, 102.17136,
15.310350, 104.83130, 1.8483706, 104.07632, 102.29389,
15.322660, 101.61815, 2.4376436, 104.44964, 102.41561,
15.334980, 105.87737, 2.2478180, 104.82821, 102.53671,
15.347290, 103.71991, 1.9484062, 105.21009, 102.65703,
15.359600, 103.57446, 2.8730447, 105.59421, 102.77666,
15.371900, 101.30730, 2.0982412, 105.97888, 102.89551,
15.384210, 106.81068, 2.0099208, 106.36339, 103.01380,
15.396510, 104.92727, 1.9872980, 106.74577, 103.13135,
15.408810, 104.70682, 2.1991359, 107.12493, 103.24824,
15.421110, 103.54571, 2.0294642, 107.49957, 103.36451,
15.433410, 106.98240, 2.0089705, 107.86826, 103.48014,
15.445700, 103.60567, 2.1650547, 108.22940, 103.59506,
15.457990, 107.70905, 2.1146792, 108.58191, 103.70938,
15.470280, 103.97830, 2.3908413, 108.92441, 103.82310,
15.482570, 105.81740, 2.2623237, 109.25554, 103.93623,
15.494860, 103.84560, 2.1354246, 109.57391, 104.04877,
15.507140, 107.67528, 2.1000623, 109.87790, 104.16066,
15.519420, 110.57797, 2.1156664, 110.16635, 104.27197,
15.531700, 109.46483, 2.4109902, 110.43789, 104.38274,
15.543980, 106.71903, 2.1279517, 110.69108, 104.49295,
15.556260, 111.99195, 2.4759340, 110.92453, 104.60263,
15.568530, 110.92453, 1.9337458, 111.13707, 104.71168,
15.580800, 111.66722, 1.8260414, 111.32976, 104.82021,
15.593070, 111.52402, 1.8730478, 111.50393, 104.92822,
15.605340, 112.94032, 2.7266132, 111.66086, 105.03573,
15.617600, 115.34425, 2.2188587, 111.80174, 105.14264,
15.629860, 107.40590, 1.6474323, 111.92796, 105.24906,
15.642120, 112.36780, 1.6173922, 112.04081, 105.35500,
15.654380, 108.81602, 1.7076086, 112.14153, 105.46045,
15.666640, 107.49680, 1.5696067, 112.23139, 105.56544,
15.678890, 112.82332, 1.7238304, 112.31156, 105.66987,
15.691140, 111.80902, 1.7289794, 112.38337, 105.77384,
15.703390, 114.70507, 1.4704847, 112.44803, 105.87736,
15.715640, 111.12107, 1.6215043, 112.50680, 105.98043,
15.727890, 114.90500, 1.6182468, 112.56088, 106.08307,
15.740130, 108.66008, 1.6882184, 112.61147, 106.18519,
15.752370, 114.63693, 1.6662925, 112.65982, 106.28688,
15.764610, 116.13303, 1.7531092, 112.70716, 106.38816,
15.776850, 115.54105, 1.7884877, 112.75470, 106.48901,
15.789090, 121.00387, 1.8041612, 112.80366, 106.58947,
15.801320, 114.31075, 1.8248526, 112.85520, 106.68943,
15.813550, 120.37242, 1.9262934, 112.91060, 106.78900,
15.825780, 119.50063, 1.8712213, 112.97106, 106.88818,
15.838010, 122.93200, 2.0560597, 113.03780, 106.98698,
15.850230, 119.94865, 2.1125482, 113.11199, 107.08532,
15.862450, 116.76065, 2.1720684, 113.19490, 107.18327,
15.874670, 118.57410, 2.3097733, 113.28777, 107.28087,
15.886890, 122.19993, 2.2646326, 113.39183, 107.37811,
15.899110, 124.62018, 2.6669828, 113.50832, 107.47498,
15.911320, 117.07665, 2.2122074, 113.63837, 107.57142,
15.923540, 116.79147, 2.3757999, 113.78347, 107.66760,
15.935750, 116.87467, 2.5006385, 113.94463, 107.76335,
15.947960, 115.01937, 2.6414697, 114.12324, 107.85876,
15.960160, 119.95605, 2.5712415, 114.32042, 107.95377,
15.972370, 118.97240, 2.7428427, 114.53776, 108.04853,
15.984570, 116.73973, 2.3854679, 114.77620, 108.14288,
15.996770, 119.32693, 2.4963412, 115.03727, 108.23692,
16.008961, 118.32797, 2.5828114, 115.32203, 108.33057,
16.021160, 119.27250, 2.4547587, 115.63223, 108.42398,
16.033350, 125.60813, 2.5965897, 115.96877, 108.51701,
16.045549, 125.94120, 2.3153303, 116.33354, 108.60982,
16.057739, 123.30503, 2.2729464, 116.72734, 108.70226,
16.069920, 118.19897, 2.2638414, 117.15151, 108.79433,
16.082109, 119.57973, 2.3639415, 117.60811, 108.88619,
16.094290, 113.41340, 2.3035562, 118.09785, 108.97769,
16.106470, 118.12247, 2.2538352, 118.62254, 109.06891,
16.118650, 118.43608, 2.2262827, 119.18363, 109.15986,
16.130831, 121.28865, 2.3003001, 119.78261, 109.25054,
16.143009, 118.70225, 2.2091587, 120.42088, 109.34093,
16.155180, 113.83365, 2.3867112, 121.09963, 109.43101,
16.167351, 128.88007, 2.5046721, 121.82077, 109.52082,
16.179520, 122.58578, 2.5815473, 122.58578, 109.61037,
16.191681, 120.01125, 2.5001477, 123.39502, 109.69960,
16.203850, 123.28560, 2.9657987, 124.24716, 109.78865,
16.216009, 127.86798, 3.0580910, 125.13784, 109.87737,
16.228170, 122.32495, 3.1136076, 126.06477, 109.96588,
16.240330, 140.59485, 2.9460905, 127.02455, 110.05412,
16.252489, 130.92625, 3.3351360, 128.01427, 110.14214,
16.264641, 125.48547, 3.5110818, 129.03023, 110.22986,
16.276791, 141.67615, 3.7848411, 130.06984, 110.31735,
16.288950, 153.97943, 4.0935092, 131.13108, 110.40468,
16.301090, 136.08875, 3.4686933, 132.20843, 110.49165,
16.313240, 149.30527, 4.5330678, 133.30140, 110.57846,
16.325380, 143.62105, 5.0865662, 134.40530, 110.66500,
16.337530, 159.27868, 4.4397983, 135.51888, 110.75139,
16.349670, 170.98815, 3.0178029, 136.63743, 110.83750,
16.361799, 175.30342, 2.6113119, 137.75779, 110.92333,
16.373940, 176.00565, 2.9304319, 138.87912, 111.00903,
16.386070, 188.68172, 3.3086462, 139.99650, 111.09446,
16.398211, 199.93693, 3.3802553, 141.10875, 111.17977,
16.410339, 206.33887, 2.9778388, 142.21096, 111.26479,
16.422461, 208.69990, 3.5768778, 143.30056, 111.34957,
16.434589, 201.87525, 3.5116725, 144.37593, 111.43422,
16.446711, 213.39840, 3.8482957, 145.43274, 111.51862,
16.458839, 204.75152, 3.0504854, 146.46935, 111.60289,
16.470961, 198.09993, 3.5960214, 147.48143, 111.68693,
16.483070, 188.32825, 3.6127588, 148.46574, 111.77071,
16.495190, 188.46510, 5.4614582, 149.42095, 111.85437,
16.500280, 183.87468, 2.9127847, 149.81254, 111.88947,
16.513599, 178.25398, 3.3342799, 150.80795, 111.98113,
16.526911, 170.45190, 2.8510771, 151.75746, 112.07254,
16.540211, 169.29355, 2.3014220, 152.65678, 112.16367,
16.553520, 191.88018, 2.5207845, 153.50324, 112.25466,
16.566820, 157.94717, 2.4949395, 154.29146, 112.34539,
16.580120, 163.81285, 4.8265970, 155.01788, 112.43592,
16.593420, 149.19975, 2.4073685, 155.67827, 112.52627,
16.606710, 156.78310, 2.5132752, 156.26794, 112.61636,
16.620001, 148.37675, 2.3960567, 156.78310, 112.70626,
16.633301, 158.35040, 2.4389163, 157.22146, 112.79604,
16.646589, 161.29200, 2.7575774, 157.58697, 112.88557,
16.659870, 149.90967, 2.6614929, 157.88622, 112.97487,
16.673149, 156.98915, 2.7007629, 158.12574, 113.06398,
16.686440, 148.84298, 2.5916210, 158.31195, 113.15299,
16.699711, 158.33957, 2.6047214, 158.45071, 113.24171,
16.712990, 160.75755, 2.8402858, 158.54855, 113.33031,
16.726271, 159.72168, 2.7118444, 158.61155, 113.41876,
16.739540, 155.82052, 2.4730606, 158.64581, 113.50697,
16.752810, 157.61568, 2.2888258, 158.65753, 113.59502,
16.766081, 161.39807, 2.2320782, 158.65279, 113.68292,
16.779341, 163.85275, 2.2092206, 158.63770, 113.77059,
16.792601, 155.32288, 2.1387109, 158.61832, 113.85811,
16.805870, 149.28690, 2.0553952, 158.60071, 113.94554,
16.819120, 151.35252, 2.0382024, 158.59096, 114.03270,
16.832380, 154.09317, 1.9203850, 158.59512, 114.11977,
16.845631, 160.15005, 1.7884914, 158.61923, 114.20663,
16.858891, 153.07245, 1.8172115, 158.66944, 114.29341,
16.872141, 155.61015, 1.9698953, 158.75175, 114.37999,
16.885380, 157.01783, 2.0343560, 158.87220, 114.46636,
16.898630, 158.46970, 2.0470937, 159.03714, 114.55266,
16.911869, 159.25242, 1.9285583, 159.25242, 114.63875,
16.925110, 167.74828, 2.0858489, 159.52221, 114.72473,
16.938351, 163.34175, 2.1554315, 159.84167, 114.81057,
16.951580, 165.20033, 2.3412611, 160.20348, 114.89620,
16.964821, 165.03282, 2.6302083, 160.60133, 114.98179,
16.978050, 171.37982, 2.4371393, 161.02760, 115.06717,
16.991270, 179.91367, 2.5337843, 161.47540, 115.15237,
17.004499, 204.73372, 2.5250569, 161.93850, 115.23750,
17.017719, 319.99103, 4.2741094, 162.40938, 115.32246,
17.030951, 712.23392, 4.9483975, 162.88192, 115.40737,
17.044161, 711.63164, 5.4667484, 163.34811, 115.49202,
17.057381, 249.60960, 3.3246858, 163.80219, 115.57662,
17.070601, 170.22918, 3.4673229, 164.23696, 115.66110,
17.083811, 179.22870, 2.5991075, 164.64526, 115.74541,
17.097019, 180.26227, 2.4709460, 165.02049, 115.82960,
17.110229, 183.48690, 2.4194556, 165.35586, 115.91369,
17.123430, 170.01500, 2.3755720, 165.64419, 115.99760,
17.136641, 166.67110, 2.4586430, 165.87895, 116.08147,
17.149839, 172.40930, 2.1191860, 166.05281, 116.16516,
17.163040, 173.17775, 2.0281638, 166.15899, 116.24876,
17.176229, 166.67080, 1.9774752, 166.19042, 116.33218,
17.189430, 162.68107, 2.0989494, 166.14003, 116.41557,
17.202620, 167.91305, 2.1290971, 166.00077, 116.49879,
17.215811, 163.41903, 2.0990033, 165.76540, 116.58192,
17.229000, 165.76540, 2.1156986, 165.42889, 116.66494,
17.242180, 167.59923, 2.1208902, 164.99510, 116.74780,
17.255369, 172.14650, 2.1969079, 164.46904, 116.83062,
17.268551, 174.09898, 2.3983245, 163.85697, 116.91330,
17.281719, 164.11125, 2.3885468, 163.16488, 116.99580,
17.294901, 174.03360, 2.7643934, 162.39681, 117.07829,
17.308069, 183.21885, 2.9067326, 161.55975, 117.16061,
17.321251, 193.55502, 2.7868663, 160.65735, 117.24291,
17.334410, 189.50867, 2.8936197, 159.69750, 117.32499,
17.347580, 189.71085, 3.2161521, 158.68303, 117.40704,
17.360750, 194.26380, 3.3170296, 157.62002, 117.48901,
17.373911, 186.56720, 3.3565999, 156.51447, 117.57083,
17.387070, 183.67920, 3.2947888, 155.37100, 117.65255,
17.400230, 178.55205, 3.4129271, 154.19441, 117.73420,
17.413380, 176.49950, 3.1752709, 152.99105, 117.81569,
17.426540, 173.71772, 3.0375586, 151.76395, 117.89716,
17.439690, 172.32085, 3.1255272, 150.52031, 117.97849,
17.452841, 162.14028, 3.1026476, 149.26397, 118.05974,
17.465981, 156.17363, 3.0103635, 148.00128, 118.14084,
17.479130, 162.13702, 2.8986389, 146.73527, 118.22192,
17.492270, 161.36375, 2.9994654, 145.47284, 118.30285,
17.505409, 152.36365, 2.7737280, 144.21811, 118.38371,
17.518551, 147.10060, 2.9840810, 142.97595, 118.46450,
17.531679, 143.96888, 2.9892526, 141.75285, 118.54513,
17.544821, 151.63695, 2.7179091, 140.55138, 118.62577,
17.557949, 142.99715, 2.7524653, 139.37907, 118.70624,
17.571079, 155.04060, 3.0139653, 138.23962, 118.78666,
17.584200, 141.45430, 2.8410894, 137.13909, 118.86693,
17.597330, 145.84172, 3.1282471, 136.08102, 118.94719,
17.610451, 134.09535, 2.7622084, 135.07212, 119.02732,
17.623569, 128.44505, 2.9338891, 134.11691, 119.10736,
17.636690, 138.69017, 2.9849692, 133.22035, 119.18734,
17.649799, 122.11132, 3.3251953, 132.38853, 119.26718,
17.662910, 132.38853, 3.3962886, 131.62445, 119.34695,
17.676029, 136.35928, 4.6959056, 130.92628, 119.42670,
17.689131, 136.21800, 6.4651774, 130.29236, 119.50627,
17.702240, 133.17305, 4.0776416, 129.71858, 119.58582,
17.715349, 138.15373, 4.2626497, 129.20250, 119.66530,
17.728451, 138.82222, 4.4072002, 128.74157, 119.74466,
17.741550, 145.24465, 4.0540247, 128.33281, 119.82394,
17.754641, 142.98170, 3.2061918, 127.97367, 119.90309,
17.767740, 149.67210, 2.8559109, 127.66095, 119.98222,
17.780830, 145.81295, 3.0365578, 127.39246, 120.06124,
17.793921, 151.26577, 3.1745806, 127.16536, 120.14018,
17.807011, 147.01213, 2.9097497, 126.97704, 120.21905,
17.820101, 138.34578, 2.6961847, 126.82496, 120.29786,
17.833179, 139.25688, 2.6455296, 126.70665, 120.37653,
17.846270, 127.92625, 2.6008737, 126.61940, 120.45520,
17.859341, 127.74757, 2.5981342, 126.56090, 120.53369,
17.872419, 132.22750, 2.7781178, 126.52851, 120.61215,
17.885500, 130.54010, 2.8281050, 126.51982, 120.69057,
17.898569, 133.45165, 3.0091616, 126.53239, 120.76884,
17.911640, 122.79950, 2.8209202, 126.56377, 120.84706,
17.924709, 126.43493, 3.9258957, 126.61155, 120.92520,
17.937780, 140.12640, 4.9491510, 126.67334, 121.00329,
17.941250, 131.68217, 4.9663291, 126.69179, 121.02400,
17.955721, 133.23715, 2.4426769, 126.77659, 121.11036,
17.970181, 130.02135, 2.3868586, 126.87154, 121.19656,
17.984650, 131.11613, 2.5260921, 126.97356, 121.28274,
17.999109, 116.01102, 2.1264256, 127.07930, 121.36878,
18.013571, 118.04240, 2.2801802, 127.18565, 121.45475,
18.028021, 125.77200, 2.5247937, 127.28928, 121.54057,
18.042480, 129.61848, 2.5687516, 127.38716, 121.62637,
18.056931, 133.54277, 2.4689055, 127.47594, 121.71202,
18.071381, 130.85080, 2.4948849, 127.55247, 121.79760,
18.085819, 119.94875, 2.6820750, 127.61349, 121.88303,
18.100269, 122.29773, 2.9072743, 127.65587, 121.96845,
18.114710, 127.65587, 3.0379216, 127.67705, 122.05372,
18.129150, 132.48615, 3.0936393, 127.67757, 122.13892,
18.143579, 127.52435, 2.9575801, 127.65871, 122.22396,
18.158020, 123.69267, 2.6273916, 127.62166, 122.30899,
18.172449, 128.58338, 2.8651738, 127.56770, 122.39388,
18.186880, 118.87740, 2.4706860, 127.49801, 122.47869,
18.201300, 126.50720, 2.6273318, 127.41385, 122.56335,
18.215719, 126.15230, 2.4724037, 127.31634, 122.64792,
18.230150, 120.70857, 2.1023988, 127.20657, 122.73248,
18.244560, 135.01125, 2.2153431, 127.08595, 122.81684,
18.258980, 129.32488, 2.0426539, 126.95539, 122.90117,
18.273390, 131.59822, 2.0684711, 126.81619, 122.98535,
18.287800, 122.69873, 2.2153495, 126.66941, 123.06945,
18.302210, 125.64585, 2.2044847, 126.51617, 123.15347,
18.316620, 127.43040, 2.1997917, 126.35759, 123.23740,
18.331020, 125.20120, 2.4236090, 126.19489, 123.32119,
18.345421, 125.19798, 2.4533748, 126.02909, 123.40489,
18.359819, 125.38875, 2.3953276, 125.86132, 123.48849,
18.374210, 130.13257, 2.6580031, 125.69274, 123.57196,
18.388611, 119.90460, 2.7940178, 125.52427, 123.65540,
18.403000, 132.75587, 2.9381321, 125.35725, 123.73868,
18.417379, 123.60990, 2.7160437, 125.19276, 123.82182,
18.431770, 118.23465, 2.7103383, 125.03168, 123.90493,
18.446150, 134.71978, 2.8499390, 124.87535, 123.98789,
18.460529, 129.34135, 3.9254440, 124.72477, 124.07076,
18.474911, 126.12487, 2.5913107, 124.58104, 124.15354,
18.489281, 124.31875, 2.3827301, 124.44539, 124.23616,
18.503660, 121.30505, 2.1620374, 124.31875, 124.31875,
18.518030, 122.70325, 2.0576414, 124.20220, 124.40119,
18.532391, 128.95005, 2.0263020, 124.09571, 124.48347,
18.546761, 126.80955, 2.0822626, 123.99892, 124.56570,
18.561119, 125.55322, 2.2299515, 123.91175, 124.64777,
18.575480, 142.12285, 4.0194734, 123.83389, 124.72974,
18.589840, 134.92260, 2.3218457, 123.76516, 124.81159,
18.604191, 125.86882, 2.1629566, 123.70541, 124.89327,
18.618549, 129.19240, 2.2557746, 123.65436, 124.97488,
18.632900, 127.73253, 2.4499470, 123.61189, 125.05632,
18.647240, 129.78203, 2.8166998, 123.57783, 125.13757,
18.661591, 126.63965, 2.7894252, 123.55194, 125.21875,
18.675930, 132.80745, 2.9897935, 123.53411, 125.29973,
18.690269, 122.42463, 2.6634862, 123.52417, 125.38057,
18.704611, 129.91213, 2.8853880, 123.52195, 125.46128,
18.718941, 133.94168, 2.8494244, 123.52732, 125.54178,
18.733271, 130.01648, 2.5949251, 123.54013, 125.62213,
18.747601, 128.83325, 2.7071199, 123.56024, 125.70232,
18.761930, 134.05920, 2.6272659, 123.58755, 125.78236,
18.776260, 148.60835, 2.8234899, 123.62191, 125.86223,
18.790581, 135.13358, 2.7748366, 123.66320, 125.94188,
18.804899, 134.84788, 2.4467975, 123.71131, 126.02135,
18.819220, 136.57052, 2.3445069, 123.76616, 126.10066,
18.833530, 138.35225, 2.3513785, 123.82759, 126.17973,
18.847839, 141.21170, 2.4054448, 123.89554, 126.25861,
18.862150, 140.30862, 2.6346825, 123.96994, 126.33731,
18.876459, 148.91977, 2.8435095, 124.05068, 126.41581,
18.890770, 159.00480, 2.9020462, 124.13771, 126.49412,
18.905069, 152.11993, 3.2315854, 124.23087, 126.57216,
18.919371, 146.07125, 2.8876500, 124.33016, 126.65001,
18.933670, 149.98135, 3.2235156, 124.43551, 126.72764,
18.947960, 149.20235, 3.5434247, 124.54678, 126.80500,
18.962250, 146.78980, 3.5495148, 124.66399, 126.88214,
18.976540, 153.67970, 3.5786118, 124.78709, 126.95906,
18.990829, 150.59822, 3.5924002, 124.91603, 127.03575,
19.005119, 158.63350, 3.7177364, 125.05078, 127.11220,
19.019400, 141.12133, 3.2847171, 125.19119, 127.18836,
19.033680, 145.88240, 3.3404550, 125.33734, 127.26427,
19.047960, 132.67435, 4.8076113, 125.48918, 127.33993,
19.062229, 133.36005, 5.1248549, 125.64657, 127.41528,
19.076500, 131.87645, 3.3268676, 125.80963, 127.49038,
19.090771, 128.06780, 3.3831443, 125.97833, 127.56521,
19.105040, 124.45125, 3.0404519, 126.15263, 127.63976,
19.119310, 130.57167, 6.4680961, 126.33256, 127.71405,
19.133570, 143.11472, 3.2199660, 126.51797, 127.78799,
19.147829, 148.41012, 3.3810682, 126.70898, 127.86164,
19.162090, 135.09403, 3.8562493, 126.90564, 127.93501,
19.176340, 136.49485, 3.8497537, 127.10776, 128.00802,
19.190599, 130.80907, 3.9473217, 127.31566, 128.08078,
19.204849, 127.17528, 4.0193529, 127.52908, 128.15317,
19.219101, 130.34100, 3.7323750, 127.74821, 128.22526,
19.233339, 127.65548, 4.1291118, 127.97283, 128.29696,
19.247580, 119.73640, 4.5322041, 128.20322, 128.36833,
19.261820, 128.43937, 4.5367340, 128.43937, 128.43937,
19.276060, 130.12733, 4.5560055, 128.68134, 128.51007,
19.290300, 136.42470, 5.1984510, 128.92917, 128.58042,
19.304529, 120.36070, 4.9453146, 129.18270, 128.65036,
19.318760, 129.23892, 4.6037853, 129.44222, 128.71995,
19.332991, 137.84690, 4.6523248, 129.70775, 128.78916,
19.347219, 121.08452, 4.4980101, 129.97932, 128.85800,
19.361441, 120.66120, 4.2988101, 130.25688, 128.92641,
19.375660, 128.38175, 4.6342509, 130.54062, 128.99442,
19.389879, 124.93675, 4.0541382, 130.83064, 129.06204,
19.404100, 147.89292, 4.8066413, 131.12708, 129.12926,
19.418310, 161.31505, 5.1534972, 131.42972, 129.19602,
19.432520, 152.09405, 5.2690253, 131.73891, 129.26236,
