# wave, flux, fluxerr, continuum, continuum_plateau
9.9725246, 54.399620, 1.5253334, 54.399620, 54.399620,
9.9806166, 60.897158, 1.7588741, 54.012136, 54.011917,
9.9887066, 54.647007, 1.4947056, 53.635063, 53.634219,
9.9967957, 54.036207, 1.4699275, 53.268430, 53.266602,
10.004880, 59.831667, 1.4231718, 52.912483, 52.909357,
10.012970, 54.041937, 1.3947395, 52.566846, 52.562149,
10.021050, 55.699994, 1.3216659, 52.232250, 52.225754,
10.029140, 52.820525, 1.3728508, 51.907998, 51.899509,
10.037220, 54.940857, 1.3314019, 51.594981, 51.584350,
10.045300, 59.796588, 1.3734795, 51.292868, 51.279979,
10.053380, 55.293895, 1.3367720, 51.001722, 50.986493,
10.061460, 55.109309, 1.2932622, 50.721714, 50.704097,
10.069540, 52.800376, 1.2977982, 50.452879, 50.432856,
10.077610, 56.805399, 1.1329148, 50.195686, 50.173271,
10.085690, 55.652639, 1.3359444, 49.949601, 49.924833,
10.093760, 57.006282, 1.5972459, 49.715318, 49.688264,
10.101830, 57.200363, 1.1934568, 49.492652, 49.463403,
10.109900, 57.716923, 1.2066152, 49.281696, 49.250364,
10.117970, 52.883635, 1.2433276, 49.082621, 49.049338,
10.126040, 59.599330, 1.2936618, 48.895522, 48.860440,
10.134100, 54.682947, 1.1438781, 48.720744, 48.684034,
10.142170, 50.975995, 1.2436925, 48.557961, 48.519805,
10.150230, 48.907903, 1.3991536, 48.407709, 48.368307,
10.158300, 50.675090, 1.1603853, 48.269768, 48.229326,
10.166360, 54.803815, 1.1615817, 48.144614, 48.103351,
10.174420, 54.217850, 1.2132478, 48.032186, 47.990330,
10.182470, 53.722278, 1.3024022, 47.932766, 47.890547,
10.190530, 54.328622, 1.2517892, 47.846249, 47.803902,
10.198590, 50.058127, 1.2054862, 47.772901, 47.730663,
10.206640, 45.447955, 1.2747416, 47.712956, 47.671064,
10.214690, 52.716109, 1.2375623, 47.666464, 47.625153,
10.222750, 51.188835, 1.1095727, 47.633553, 47.593054,
10.230800, 54.435970, 1.2246632, 47.614462, 47.574999,
10.238850, 48.032677, 1.3264855, 47.609311, 47.571098,
10.246890, 58.501019, 1.3700884, 47.618246, 47.581490,
10.254940, 51.235700, 1.6895634, 47.641463, 47.606357,
10.262990, 57.389811, 1.4492377, 47.679133, 47.645856,
10.271030, 47.254665, 1.2995419, 47.731364, 47.700076,
10.279070, 53.149745, 1.3091649, 47.798365, 47.769209,
10.287120, 56.938195, 1.3629922, 47.880444, 47.853543,
10.295150, 51.201545, 1.4220512, 47.977451, 47.952899,
10.303190, 58.217899, 1.5036349, 48.089920, 48.067792,
10.311230, 50.695166, 1.3920671, 48.217914, 48.198255,
10.319270, 53.418512, 1.5690205, 48.361663, 48.344488,
10.327300, 52.307358, 1.5746627, 48.521138, 48.506425,
10.335340, 50.553990, 1.3689286, 48.696941, 48.684641,
10.343370, 49.934470, 1.5072035, 48.888889, 48.878908,
10.351400, 51.898925, 1.6215822, 49.097351, 49.089558,
10.359430, 50.857455, 1.6374610, 49.322566, 49.316790,
10.367460, 47.853527, 1.4817644, 49.564757, 49.560779,
10.375480, 45.262793, 1.3794383, 49.823800, 49.821354,
10.383510, 45.462959, 1.3062761, 50.100604, 50.099377,
10.391530, 47.675763, 1.4943209, 50.394716, 50.394339,
10.399560, 49.746812, 1.3387260, 50.707073, 50.707125,
10.407580, 51.037177, 1.2516217, 51.037177, 51.037177,
10.415600, 56.104543, 1.4156685, 51.385458, 51.384885,
10.423620, 54.403059, 1.4688870, 51.751578, 51.749946,
10.431640, 47.776880, 1.2376843, 52.134897, 52.131775,
10.439650, 48.281210, 1.2708037, 52.534427, 52.529435,
10.447670, 53.785250, 1.3576889, 52.950626, 52.943427,
10.455680, 53.660003, 1.2983848, 53.381867, 53.372175,
10.463700, 55.833200, 1.1811748, 53.828745, 53.816310,
10.471710, 57.253010, 1.4342894, 54.289561, 54.274181,
10.479720, 60.744069, 1.4355234, 54.764361, 54.745869,
10.487730, 54.191470, 1.4346102, 55.252624, 55.230888,
10.495730, 57.571476, 1.4604206, 55.753225, 55.728152,
10.503740, 58.110368, 1.7502160, 56.266840, 56.238362,
10.511750, 62.064673, 1.6601781, 56.792368, 56.760449,
10.519750, 60.155354, 1.5357477, 57.328586, 57.293224,
10.527750, 64.999213, 2.7749264, 57.875734, 57.836950,
10.535750, 57.352824, 2.0003337, 58.433246, 58.391083,
10.543750, 62.423915, 1.4439906, 59.000551, 58.955080,
10.551750, 59.815671, 1.7422323, 59.577286, 59.528596,
10.559750, 59.737335, 3.2795931, 60.162816, 60.111019,
10.567850, 62.541205, 1.5622680, 60.764273, 60.709462,
10.576350, 61.660691, 1.2905014, 61.404066, 61.346258,
10.584840, 66.113893, 1.3423828, 62.051353, 61.990739,
10.593340, 65.926066, 1.6933059, 62.707147, 62.643929,
10.601830, 70.681135, 1.8643088, 63.369246, 63.303652,
10.610330, 77.161140, 2.0197874, 64.038705, 63.970973,
10.618820, 69.176336, 1.3208146, 64.713368, 64.643756,
10.627310, 70.500937, 1.2840576, 65.393330, 65.322107,
10.635800, 68.185597, 1.3068866, 66.078167, 66.005616,
10.644280, 69.357920, 1.5178706, 66.766376, 66.692793,
10.652770, 67.781214, 1.2512299, 67.459007, 67.384700,
10.661250, 70.310751, 1.1384966, 68.153936, 68.079221,
10.669740, 70.854033, 1.2364702, 68.852153, 68.777361,
10.678220, 75.178001, 1.3635091, 69.551521, 69.476991,
10.686700, 71.344160, 1.2201754, 70.252256, 70.178336,
10.695180, 77.260649, 1.2064110, 70.953788, 70.880838,
10.703650, 73.286333, 1.2091314, 71.654763, 71.583149,
10.712130, 73.810713, 1.2541021, 72.356112, 72.286215,
10.720600, 81.110153, 1.2856210, 73.055849, 72.988054,
10.729080, 76.931654, 1.3073091, 73.754904, 73.689613,
10.737550, 70.541744, 1.4022189, 74.451059, 74.388676,
10.746020, 81.754095, 1.3655798, 75.144692, 75.085637,
10.754490, 85.207819, 1.3460349, 75.835078, 75.779780,
10.762960, 82.100788, 1.3862352, 76.521806, 76.470707,
10.771420, 79.536570, 1.4301518, 77.203309, 77.156857,
10.779890, 80.996288, 1.4424198, 77.880861, 77.839529,
10.788350, 83.912668, 1.3421496, 78.552137, 78.516399,
10.796810, 78.839262, 1.3774022, 79.217407, 79.187758,
10.805270, 83.087297, 1.4957081, 79.876099, 79.853051,
10.813730, 81.407528, 25.077330, 80.527638, 80.511720,
10.822190, 81.806952, 1.4838293, 81.171449, 81.163206,
10.830650, 80.357891, 1.5743555, 81.806952, 81.806952,
10.839100, 86.296768, 1.6537782, 82.432915, 82.441722,
10.847560, 83.888842, 1.3769314, 83.050911, 83.069075,
10.856010, 85.301962, 1.5288703, 83.659614, 83.687612,
10.864460, 86.034231, 1.5576552, 84.259789, 84.298064,
10.872910, 90.513212, 1.6859409, 84.851640, 84.900588,
10.881360, 95.064495, 1.6553793, 85.435360, 85.495336,
10.889800, 93.352539, 1.7668469, 86.010300, 86.081603,
10.898250, 95.070950, 1.8075271, 86.577952, 86.660863,
10.906690, 92.018839, 2.0494897, 87.137155, 87.231894,
10.915140, 99.018433, 1.8305418, 87.689357, 87.796131,
10.923580, 109.52432, 2.0903057, 88.233306, 88.352256,
10.932020, 108.65987, 2.3337772, 88.769808, 88.901055,
10.940460, 109.29580, 2.2029578, 89.298978, 89.442608,
10.948890, 115.88683, 2.2699417, 89.820284, 89.976334,
10.957330, 121.32187, 2.5011676, 90.335134, 90.503643,
10.965760, 131.70490, 1.8732665, 90.842414, 91.023358,
10.974200, 147.41633, 1.7731692, 91.343378, 91.536734,
10.982630, 155.75642, 1.7286026, 91.836945, 92.042629,
10.991060, 171.74895, 2.0051303, 92.323897, 92.541819,
10.999490, 167.43430, 1.9555285, 92.804227, 93.034266,
11.007920, 167.60818, 2.0380777, 93.278142, 93.520155,
11.016340, 168.99195, 2.0121511, 93.745108, 93.998912,
11.024770, 167.34535, 2.1729079, 94.206332, 94.471750,
11.033190, 165.43815, 2.4826404, 94.660864, 94.937672,
11.041610, 159.68160, 2.1331257, 95.109324, 95.397288,
11.050030, 159.30392, 2.1666397, 95.551800, 95.850668,
11.058450, 165.47322, 2.0564220, 95.988384, 96.297885,
11.066870, 163.39165, 2.2599928, 96.419161, 96.739007,
11.075290, 158.81143, 2.8550058, 96.844219, 97.174103,
11.083700, 152.61247, 2.1605327, 97.263169, 97.602761,
11.092120, 152.00783, 2.3765921, 97.677046, 98.026019,
11.100530, 152.02412, 2.2027352, 98.084947, 98.442940,
11.108940, 155.29673, 2.4040128, 98.487516, 98.854167,
11.117350, 152.58365, 3.1427846, 98.884741, 99.259674,
11.120570, 171.52542, 4.9335187, 99.035479, 99.413481,
11.129530, 169.77427, 2.7717143, 99.450845, 99.837084,
11.138500, 182.16579, 1.9068405, 99.860884, 100.25491,
11.147460, 198.42180, 2.0906261, 100.26473, 100.66607,
11.156430, 226.39790, 2.0970457, 100.66341, 101.07159,
11.165390, 253.04240, 2.0573649, 101.05607, 101.47060,
11.174350, 296.12310, 2.1371569, 101.44329, 101.86367,
11.183300, 346.70844, 2.3798503, 101.82472, 102.25044,
11.192260, 393.90388, 2.5396729, 102.20127, 102.63183,
11.201220, 427.89545, 2.4818993, 102.57261, 103.00749,
11.210170, 433.48125, 2.4596219, 102.93842, 103.37710,
11.219120, 448.18275, 2.6398815, 103.29919, 103.74114,
11.228070, 439.29270, 2.5905539, 103.65497, 104.09968,
11.237020, 434.95451, 2.4029342, 104.00582, 104.45275,
11.245970, 440.83943, 2.4288045, 104.35188, 104.80050,
11.254920, 424.17515, 2.4654858, 104.69318, 105.14296,
11.263860, 416.30256, 2.4076514, 105.02939, 105.47980,
11.272800, 403.52835, 2.2730498, 105.36102, 105.81154,
11.281750, 390.88025, 2.2609723, 105.68841, 106.13852,
11.290690, 371.23438, 2.2655668, 106.01101, 106.46017,
11.299630, 357.49786, 6.5403819, 106.32914, 106.77686,
11.308560, 340.59332, 2.1307714, 106.64259, 107.08833,
11.317500, 319.97000, 2.0859560, 106.95207, 107.39534,
11.326430, 304.45845, 2.1789148, 107.25698, 107.69728,
11.335370, 287.86937, 2.0164455, 107.55805, 107.99488,
11.344300, 273.31443, 1.9495839, 107.85467, 108.28754,
11.353230, 262.61877, 1.9396277, 108.14722, 108.57567,
11.362160, 260.98008, 1.9802257, 108.43574, 108.85929,
11.371080, 244.17150, 1.8969099, 108.72003, 109.13822,
11.380010, 232.26845, 1.7881005, 109.00069, 109.41307,
11.388930, 224.70955, 1.8540500, 109.27724, 109.68338,
11.397850, 216.38440, 1.8822160, 109.54995, 109.94943,
11.406780, 214.54945, 1.9051753, 109.81923, 110.21162,
11.415700, 206.13720, 1.7870254, 110.08449, 110.46940,
11.424610, 201.57058, 1.8690108, 110.34582, 110.72287,
11.433530, 193.89370, 1.9361896, 110.60382, 110.97262,
11.442450, 195.60037, 1.8934856, 110.85825, 111.21845,
11.451360, 183.07998, 1.8593977, 111.10888, 111.46015,
11.460270, 179.64162, 1.8639885, 111.35604, 111.69805,
11.469180, 171.38355, 1.9236694, 111.59976, 111.93221,
11.478090, 163.14537, 1.8549303, 111.84009, 112.16267,
11.487000, 165.95515, 1.8150507, 112.07705, 112.38950,
11.495910, 167.26078, 2.0082362, 112.31067, 112.61272,
11.504810, 157.43058, 2.0927259, 112.54078, 112.83221,
11.513710, 155.27410, 1.9521437, 112.76762, 113.04822,
11.522620, 152.41312, 1.9305773, 112.99152, 113.26107,
11.531520, 151.77145, 2.0959698, 113.21197, 113.47031,
11.540420, 145.60337, 2.1455602, 113.42928, 113.67626,
11.549310, 138.22483, 2.2381972, 113.64325, 113.87874,
11.558210, 140.83805, 2.1085519, 113.85439, 114.07827,
11.567100, 136.53952, 2.2705010, 114.06221, 114.27441,
11.576000, 148.32368, 2.5418645, 114.26728, 114.46771,
11.584890, 149.69665, 2.4515644, 114.46912, 114.65775,
11.593780, 137.62468, 2.3295836, 114.66797, 114.84479,
11.602670, 135.41177, 2.3651714, 114.86390, 115.02893,
11.611560, 128.16048, 2.8489757, 115.05692, 115.21018,
11.620440, 134.26653, 2.5356409, 115.24684, 115.38840,
11.629330, 121.91005, 2.4680931, 115.43411, 115.56405,
11.638210, 123.29975, 2.4147188, 115.61834, 115.73679,
11.647090, 130.83162, 2.9603203, 115.79974, 115.90684,
11.655970, 132.10335, 3.4330287, 115.97835, 116.07426,
11.664850, 126.33797, 2.1669684, 116.15421, 116.23912,
11.673730, 128.31480, 2.2578407, 116.32728, 116.40144,
11.682600, 125.55370, 1.8034781, 116.49745, 116.56111,
11.691480, 122.37575, 1.8289154, 116.66507, 116.71852,
11.700350, 118.69580, 1.8403705, 116.82982, 116.87339,
11.709220, 128.06395, 1.9574885, 116.99189, 117.02592,
11.718090, 124.27783, 2.0293482, 117.15130, 117.17616,
11.726960, 117.38842, 1.9582804, 117.30805, 117.32417,
11.735830, 117.77698, 2.2107293, 117.46216, 117.46998,
11.744690, 117.61348, 2.2124693, 117.61348, 117.61348,
11.753560, 115.89268, 2.0402131, 117.76235, 117.75503,
11.762420, 117.64923, 2.1524578, 117.90843, 117.89429,
11.771280, 124.72465, 3.2606150, 118.05191, 118.03142,
11.775020, 117.55663, 1.5274115, 118.11166, 118.08863,
11.784500, 118.93760, 1.5317459, 118.26105, 118.23193,
11.793980, 120.31405, 1.5037539, 118.40739, 118.37266,
11.803460, 119.40763, 2.0096815, 118.55068, 118.51081,
11.812940, 124.41792, 1.5307134, 118.69089, 118.64632,
11.822420, 128.01278, 1.5139307, 118.82802, 118.77919,
11.831890, 125.28290, 1.4477135, 118.96189, 118.90920,
11.841360, 128.28443, 2.0392432, 119.09263, 119.03648,
11.850840, 126.74400, 1.3543161, 119.22036, 119.16110,
11.860310, 127.20883, 1.4087852, 119.34479, 119.28278,
11.869770, 133.66203, 1.4707572, 119.46591, 119.40149,
11.879240, 137.89418, 1.4518936, 119.58394, 119.51743,
11.888710, 131.75077, 1.3062536, 119.69873, 119.63043,
11.898170, 138.16180, 1.3619626, 119.81015, 119.74035,
11.907630, 140.18335, 1.4188851, 119.91826, 119.84725,
11.917090, 131.71908, 1.3556465, 120.02307, 119.95111,
11.926550, 137.61655, 1.3807686, 120.12453, 120.05186,
11.936010, 143.36595, 1.3819245, 120.22262, 120.14949,
11.945470, 137.57510, 1.4617625, 120.31730, 120.24393,
11.954920, 134.06240, 1.3229301, 120.40844, 120.33506,
11.964370, 140.42992, 1.5235662, 120.49612, 120.42294,
11.973830, 144.52170, 1.4103253, 120.58038, 120.50760,
11.983280, 134.37792, 1.5460891, 120.66101, 120.58883,
11.992720, 136.81152, 1.3910261, 120.73799, 120.66658,
12.002170, 137.60252, 1.4218786, 120.81143, 120.74100,
12.011610, 135.56185, 1.3385346, 120.88115, 120.81186,
12.021060, 136.21233, 1.3881249, 120.94725, 120.87927,
12.030500, 133.49002, 1.6624997, 121.00955, 120.94305,
12.039940, 131.71498, 1.3304573, 121.06807, 121.00321,
12.049380, 127.99690, 1.3824178, 121.12278, 121.05973,
12.058820, 133.25110, 1.3595273, 121.17362, 121.11254,
12.068250, 134.38852, 1.4942088, 121.22050, 121.16155,
12.077690, 128.78822, 1.3743198, 121.26347, 121.20682,
12.087120, 130.08865, 1.3956240, 121.30239, 121.24820,
12.096550, 125.76885, 1.4273792, 121.33727, 121.28569,
12.105980, 130.55580, 1.5530722, 121.36803, 121.31924,
12.115410, 128.66080, 1.5067614, 121.39464, 121.34880,
12.124830, 128.11550, 1.4581178, 121.41701, 121.37431,
12.134260, 131.24025, 1.4971035, 121.43514, 121.39575,
12.143680, 125.35938, 1.5532242, 121.44892, 121.41304,
12.153100, 130.00827, 1.6413265, 121.45833, 121.42615,
12.162520, 128.63718, 1.7287762, 121.46330, 121.43502,
12.171940, 122.36468, 1.5803259, 121.46376, 121.43960,
12.181360, 122.51878, 1.5614033, 121.45966, 121.43984,
12.190770, 123.35305, 1.8374136, 121.45095, 121.43570,
12.200180, 121.88865, 1.8992204, 121.43754, 121.42711,
12.209600, 118.48462, 1.5618639, 121.41936, 121.41401,
12.219010, 121.39638, 1.7400895, 121.39638, 121.39638,
12.228420, 121.17605, 2.0008595, 121.36852, 121.37415,
12.237820, 122.05860, 2.2674728, 121.33589, 121.34740,
12.247230, 124.82478, 2.2736966, 121.29849, 121.31613,
12.256630, 139.20975, 2.0332466, 121.25648, 121.28043,
12.266040, 201.33487, 2.3613028, 121.20986, 121.24030,
12.275440, 394.84212, 3.2356902, 121.15878, 121.19587,
12.284840, 340.58597, 2.9341793, 121.10330, 121.14714,
12.294230, 143.84945, 2.0172126, 121.04353, 121.09421,
12.303630, 128.86875, 2.5937991, 120.97943, 121.03703,
12.313030, 130.51378, 2.3026452, 120.91112, 120.97570,
12.322420, 132.53383, 2.4865407, 120.83876, 120.91033,
12.331810, 135.15368, 1.7878578, 120.76235, 120.84090,
12.341200, 135.38860, 1.7167106, 120.68193, 120.76747,
12.350590, 138.38395, 1.5878378, 120.59759, 120.69008,
12.359980, 136.92503, 1.7351755, 120.50938, 120.60877,
12.369360, 140.76295, 1.6375153, 120.41746, 120.52367,
12.378750, 141.74005, 1.9287754, 120.32170, 120.43465,
12.388130, 138.43855, 1.7572858, 120.22236, 120.34194,
12.397510, 137.79203, 1.6975375, 120.11942, 120.24550,
12.406890, 140.74382, 1.7059516, 120.01289, 120.14536,
12.416270, 141.66845, 2.1947292, 119.90286, 120.04156,
12.425640, 142.06308, 1.7655178, 119.78950, 119.93426,
12.435020, 145.39755, 2.3959403, 119.67262, 119.82328,
12.444390, 143.57107, 2.4455233, 119.55253, 119.70888,
12.453760, 145.97895, 2.2222716, 119.42914, 119.59101,
12.463130, 144.83643, 2.3146814, 119.30251, 119.46968,
12.472500, 154.46375, 2.2426613, 119.17269, 119.34495,
12.481870, 157.96383, 2.6304679, 119.03973, 119.21684,
12.489420, 151.98155, 1.6367755, 118.93033, 119.11118,
12.499490, 153.75695, 1.8766365, 118.78133, 118.96694,
12.509550, 161.67442, 1.6101037, 118.62900, 118.81906,
12.519610, 161.53250, 1.5087416, 118.47325, 118.66747,
12.529670, 160.18775, 1.5430098, 118.31414, 118.51222,
12.539730, 166.84595, 1.6928558, 118.15171, 118.35333,
12.549780, 168.21128, 1.7715835, 117.98618, 118.19102,
12.559840, 166.46403, 1.5194686, 117.81727, 118.02501,
12.569890, 167.55945, 1.5310768, 117.64536, 117.85568,
12.579940, 166.27668, 1.6346703, 117.47035, 117.68290,
12.589990, 172.58495, 1.5661085, 117.29226, 117.50671,
12.600040, 177.71943, 1.6010075, 117.11112, 117.32714,
12.610090, 178.02475, 1.5548892, 116.92702, 117.14426,
12.620130, 183.86087, 1.8048068, 116.74017, 116.95830,
12.630170, 189.07707, 1.6261759, 116.55041, 116.76908,
12.640210, 191.31125, 1.6126069, 116.35779, 116.57665,
12.650250, 189.76215, 1.5439545, 116.16235, 116.38107,
12.660290, 190.31627, 1.4916098, 115.96416, 116.18239,
12.670330, 192.73885, 1.5555119, 115.76319, 115.98060,
12.680360, 198.74610, 1.5555800, 115.55974, 115.77598,
12.690390, 208.97540, 1.5489503, 115.35361, 115.56835,
12.700420, 212.03615, 1.7196886, 115.14483, 115.35774,
12.710450, 212.31192, 1.6346765, 114.93346, 115.14422,
12.720480, 215.03460, 1.6589574, 114.71952, 114.92780,
12.730500, 224.69033, 1.9426902, 114.50324, 114.70873,
12.740530, 210.98210, 1.7600104, 114.28424, 114.48662,
12.750550, 207.12335, 1.5096262, 114.06297, 114.26195,
12.760570, 202.15533, 1.5722757, 113.83927, 114.03454,
12.770590, 211.72150, 1.5971511, 113.61312, 113.80439,
12.780610, 204.26535, 1.7494270, 113.38457, 113.57156,
12.790620, 200.05928, 1.7140656, 113.15388, 113.33632,
12.800640, 197.91450, 1.5330341, 112.92060, 113.09822,
12.810650, 200.55977, 1.5613405, 112.68524, 112.85778,
12.820660, 191.38042, 1.5621252, 112.44757, 112.61479,
12.830670, 173.77417, 1.4190268, 112.20760, 112.36926,
12.840680, 165.21730, 1.4127389, 111.96538, 112.12127,
12.850680, 154.55565, 1.4529538, 111.72116, 111.87105,
12.860690, 155.48932, 1.6102635, 111.47448, 111.61818,
12.870690, 142.53450, 1.4382444, 111.22583, 111.36314,
12.880690, 140.57630, 1.3966916, 110.97502, 111.10577,
12.890690, 129.78877, 1.3255697, 110.72201, 110.84604,
12.900680, 130.15190, 1.4017931, 110.46711, 110.58428,
12.910680, 131.08547, 1.4444470, 110.20981, 110.31997,
12.920670, 121.72233, 1.3294205, 109.95066, 110.05369,
12.930670, 120.45270, 1.3693473, 109.68911, 109.78491,
12.940660, 118.48332, 1.5281923, 109.42572, 109.51420,
12.950640, 119.43322, 1.8379207, 109.16054, 109.24163,
12.960630, 113.01863, 1.6686004, 108.89298, 108.96662,
12.970620, 115.27437, 1.4239989, 108.62338, 108.68953,
12.980600, 117.17110, 1.5033028, 108.35199, 108.41062,
12.990580, 113.77285, 1.5168248, 108.07857, 108.12969,
13.000560, 108.18350, 1.5496567, 107.80308, 107.84670,
13.010540, 105.82370, 1.5475579, 107.52556, 107.56172,
13.020520, 106.44503, 1.4991679, 107.24602, 107.27475,
13.030490, 106.83075, 1.5534390, 106.96474, 106.98614,
13.040470, 106.10855, 1.6823114, 106.68116, 106.69530,
13.050440, 111.13652, 1.7460739, 106.39586, 106.40286,
13.060410, 105.06608, 1.5887933, 106.10855, 106.10855,
13.070380, 104.51494, 1.6479112, 105.81922, 105.81237,
13.080350, 110.01740, 1.9524417, 105.52801, 105.51446,
13.090310, 110.28370, 2.0355087, 105.23526, 105.21517,
13.100280, 112.13045, 1.7750341, 104.94050, 104.91401,
13.110240, 111.03750, 1.7695565, 104.64439, 104.61165,
13.120200, 105.18193, 1.9254707, 104.34674, 104.30789,
13.130160, 111.37505, 2.2306833, 104.04763, 104.00283,
13.140110, 109.08259, 1.5876001, 103.74747, 103.69688,
13.150070, 108.35641, 1.2426376, 103.44572, 103.38947,
13.160020, 104.17660, 1.2697542, 103.14311, 103.08135,
13.169980, 105.20720, 1.5196959, 102.83907, 102.77196,
13.179930, 98.699591, 1.3706693, 102.53435, 102.46203,
13.189870, 98.174860, 1.3646182, 102.22899, 102.15163,
13.199820, 101.90752, 3.2775359, 101.92250, 101.84025,
13.209770, 102.87481, 1.3610429, 101.61524, 101.52824,
13.219710, 104.10001, 1.4492397, 101.30763, 101.21606,
13.229650, 103.22721, 1.5277332, 100.99948, 100.90349,
13.239590, 100.56525, 1.5359892, 100.69080, 100.59056,
13.249530, 98.790100, 1.5367245, 100.38172, 100.27738,
13.259470, 95.753166, 1.3800888, 100.07231, 99.964055,
13.269410, 97.860546, 1.5655351, 99.762658, 99.650660,
13.279340, 99.696003, 2.3347639, 99.453183, 99.337617,
13.289270, 101.07604, 1.9264743, 99.143609, 99.024652,
13.299200, 103.71855, 2.5624884, 98.834080, 98.711913,
13.309130, 95.123800, 1.9698296, 98.524650, 98.399456,
13.318260, 96.269590, 1.3291777, 98.240283, 98.112472,
13.328980, 102.63870, 1.3802860, 97.906691, 97.776011,
13.339690, 100.95547, 1.4577778, 97.573835, 97.440513,
13.350400, 106.26224, 1.4381596, 97.241494, 97.105760,
13.361120, 100.75772, 1.4473654, 96.909452, 96.771535,
13.371830, 100.74549, 1.3074911, 96.578464, 96.438603,
13.382530, 102.72809, 1.2871266, 96.248606, 96.107041,
13.393240, 103.31686, 1.4198556, 95.919397, 95.776368,
13.403940, 103.94109, 1.4660228, 95.591530, 95.447285,
13.414650, 97.953362, 1.5955180, 95.264530, 95.119316,
13.425350, 100.69909, 1.4303509, 94.939088, 94.793154,
13.436050, 104.41275, 1.3806501, 94.615020, 94.468620,
13.446740, 103.53229, 1.4808891, 94.292752, 94.146140,
13.457440, 106.81745, 1.4402116, 93.971761, 93.825193,
13.468130, 106.96125, 1.3973906, 93.652787, 93.506519,
13.478830, 107.92517, 1.3695712, 93.335316, 93.189605,
13.489520, 107.76315, 1.3935023, 93.020082, 92.875186,
13.500200, 106.98198, 1.4374539, 92.707164, 92.563339,
13.510890, 113.69468, 1.4372880, 92.396118, 92.253620,
13.521570, 110.41625, 1.3927823, 92.087612, 91.946696,
13.532260, 114.49663, 1.3828254, 91.781211, 91.642132,
13.542940, 117.37715, 1.4413487, 91.477579, 91.340584,
13.553620, 115.97462, 1.5024632, 91.176557, 91.041895,
13.564290, 113.63165, 1.4638784, 90.878557, 90.746469,
13.574970, 105.36458, 9.7424493, 90.583111, 90.453839,
13.585640, 106.32900, 1.8000132, 90.290921, 90.164696,
13.596320, 110.91147, 1.3860785, 90.001534, 89.878587,
13.606990, 103.83782, 1.3835954, 89.715642, 89.596192,
13.617650, 105.25732, 1.3352895, 89.433335, 89.317591,
13.628320, 105.01728, 1.3157850, 89.154232, 89.042405,
13.638980, 100.46222, 1.3553794, 88.878961, 88.771242,
13.649650, 105.23792, 1.3688655, 88.607156, 88.503737,
13.660310, 98.685900, 1.3682389, 88.339435, 88.240486,
13.670970, 97.614660, 1.7977315, 88.075685, 87.981369,
13.681630, 98.227110, 1.3567689, 87.816038, 87.726505,
13.692280, 99.357525, 1.3154722, 87.560879, 87.476260,
13.702940, 94.492241, 1.3748109, 87.309843, 87.230263,
13.713590, 92.869864, 1.4260305, 87.063561, 86.989119,
13.724240, 92.122419, 1.4001065, 86.821903, 86.752687,
13.734890, 90.192415, 1.3589517, 86.585056, 86.521133,
13.745530, 89.024668, 1.3077000, 86.353345, 86.294759,
13.756180, 92.923435, 1.3815719, 86.126504, 86.073284,
13.766820, 88.218569, 1.4905678, 85.905085, 85.857232,
13.777460, 87.889660, 1.4712623, 85.689035, 85.646528,
13.788100, 86.881575, 1.4200526, 85.478504, 85.441299,
13.798740, 87.846024, 1.3400291, 85.273649, 85.241673,
13.809380, 85.463863, 1.4254148, 85.074644, 85.047797,
13.820010, 87.708561, 1.4317950, 84.881784, 84.859930,
13.830640, 87.249430, 1.5216456, 84.695084, 84.678062,
13.841270, 88.459892, 1.4267121, 84.514674, 84.502290,
13.851900, 84.013161, 1.3476403, 84.340755, 84.332779,
13.862530, 87.153650, 1.8445308, 84.173479, 84.169645,
13.873150, 83.135321, 1.8990562, 84.013161, 84.013161,
13.883780, 83.179039, 1.6149509, 83.859626, 83.863132,
13.894400, 88.016443, 1.5217826, 83.713029, 83.719724,
13.905020, 87.652851, 1.5029536, 83.573047, 83.582648,
13.915640, 86.377735, 1.7024780, 83.439505, 83.451755,
13.926250, 91.156744, 1.6207726, 83.312338, 83.327004,
13.936870, 90.932981, 1.6417956, 83.191159, 83.208034,
13.947480, 91.397644, 1.5656470, 83.075992, 83.094890,
13.958090, 91.230843, 1.6583512, 82.966582, 82.987337,
13.968700, 82.409552, 2.9863934, 82.862745, 82.885212,
13.979310, 90.940981, 3.6215001, 82.764338, 82.788388,
13.989910, 90.220627, 1.8232467, 82.671274, 82.696793,
14.000520, 86.418541, 1.8123474, 82.583229, 82.610119,
14.011120, 90.604395, 2.0256410, 82.500205, 82.528382,
14.021720, 87.166880, 1.8463117, 82.421970, 82.451360,
14.032320, 82.302502, 2.2363311, 82.348373, 82.378914,
14.042920, 89.128401, 1.9773824, 82.279266, 82.310904,
14.053510, 89.431824, 1.9086685, 82.214564, 82.247254,
14.064110, 87.211306, 2.0658207, 82.153994, 82.187699,
14.074700, 84.230539, 2.5732000, 82.097529, 82.132216,
14.085290, 89.018719, 2.3498922, 82.044976, 82.080618,
14.095870, 87.159000, 1.5223734, 81.996233, 82.032806,
14.106460, 89.807837, 1.3725578, 81.951075, 81.988559,
14.117040, 85.819172, 1.3634119, 81.909447, 81.947823,
14.127630, 84.400312, 1.5959179, 81.871135, 81.910386,
14.138210, 85.896141, 1.5428475, 81.836085, 81.876192,
14.148790, 92.484718, 1.6110788, 81.804123, 81.845068,
14.159370, 88.349228, 1.5971806, 81.775120, 81.816882,
14.169940, 90.811972, 1.5414108, 81.748971, 81.791528,
14.180520, 87.313385, 2.9814537, 81.725498, 81.768824,
14.182090, 91.237194, 1.4999443, 81.722237, 81.765675,
14.193560, 100.43597, 1.7807033, 81.700097, 81.744330,
14.205030, 94.173046, 1.4435833, 81.680800, 81.725787,
14.216500, 102.17613, 1.6080705, 81.664192, 81.709885,
14.227970, 96.044434, 1.6635223, 81.650113, 81.696456,
14.239430, 100.27377, 1.7757377, 81.638417, 81.685345,
14.250890, 92.533106, 1.4372531, 81.628938, 81.676378,
14.262350, 89.987892, 1.3136341, 81.621520, 81.669388,
14.273810, 93.610399, 1.3772473, 81.616013, 81.664216,
14.285270, 97.344933, 1.3389841, 81.612264, 81.660698,
14.296730, 90.008158, 1.3180863, 81.610125, 81.658672,
14.308180, 87.432760, 1.1709473, 81.609444, 81.657976,
14.319630, 84.900715, 1.2562664, 81.610072, 81.658448,
14.331080, 88.076387, 1.3257162, 81.611860, 81.659926,
14.342530, 84.110245, 1.3059863, 81.614661, 81.662249,
14.353970, 84.264002, 1.1529377, 81.618324, 81.665254,
14.365410, 84.812246, 1.1442386, 81.622707, 81.668783,
14.376860, 86.853403, 1.3048809, 81.627667, 81.672680,
14.388300, 84.637663, 1.4699682, 81.633051, 81.676777,
14.399730, 84.512119, 1.1817601, 81.638712, 81.680914,
14.411170, 85.565437, 1.2057622, 81.644516, 81.684940,
14.422600, 82.685772, 1.1684938, 81.650308, 81.688688,
14.434030, 82.058146, 1.2178973, 81.655948, 81.692001,
14.445460, 86.216259, 1.5559330, 81.661292, 81.694720,
14.456890, 80.564180, 1.1808241, 81.666195, 81.696686,
14.468320, 85.639534, 1.1748708, 81.670512, 81.697739,
14.479740, 82.885689, 1.2005026, 81.674094, 81.697719,
14.491160, 82.599316, 1.2022869, 81.676802, 81.696469,
14.502580, 82.140007, 1.2995836, 81.678489, 81.693827,
14.514000, 85.219646, 1.3677830, 81.679009, 81.689635,
14.525420, 80.077143, 1.2328777, 81.678215, 81.683731,
14.536830, 81.675962, 1.2533229, 81.675962, 81.675962,
14.548240, 79.973341, 1.2303400, 81.672123, 81.666197,
14.559650, 83.589136, 1.4920081, 81.666643, 81.654437,
14.571060, 78.469681, 1.3244519, 81.659490, 81.640719,
14.582470, 82.916981, 1.5238980, 81.650626, 81.625076,
14.593870, 79.316692, 1.4257550, 81.640026, 81.607558,
14.605270, 82.751963, 1.4418423, 81.627646, 81.588188,
14.616670, 79.679880, 1.2651211, 81.613449, 81.567000,
14.628070, 75.948858, 1.4108913, 81.597394, 81.544024,
14.639470, 80.504246, 1.3213964, 81.579443, 81.519295,
14.650860, 78.394318, 1.1703129, 81.559575, 81.492870,
14.662260, 77.531471, 1.3442515, 81.537711, 81.464734,
14.673650, 79.792498, 1.2925840, 81.513849, 81.434969,
14.685040, 81.227152, 1.3150874, 81.487925, 81.403580,
14.696420, 80.017651, 1.3404596, 81.459925, 81.370634,
14.707810, 77.431393, 1.2049311, 81.429748, 81.336097,
14.719190, 79.287209, 1.2488007, 81.397408, 81.300067,
14.730570, 79.516504, 1.4034383, 81.362826, 81.262538,
14.741950, 78.062355, 1.5099009, 81.325956, 81.223544,
14.753330, 81.971672, 1.2978178, 81.286748, 81.183115,
14.764700, 78.484064, 1.3081784, 81.245192, 81.141318,
14.776080, 76.921577, 1.2339702, 81.201158, 81.098106,
14.787450, 77.447994, 1.2728661, 81.154676, 81.053589,
14.798820, 79.454659, 1.3929515, 81.105651, 81.007755,
14.810190, 80.681963, 1.3073127, 81.054025, 80.960629,
14.821550, 80.745871, 1.3505028, 80.999796, 80.912288,
14.832920, 79.199194, 1.2986000, 80.942810, 80.862676,
14.844280, 80.750685, 1.3133455, 80.883105, 80.811903,
14.855640, 74.705622, 1.4065531, 80.820574, 80.759956,
14.866990, 76.942629, 1.3029285, 80.755217, 80.706911,
14.878350, 74.926096, 1.3283401, 80.686850, 80.652699,
14.889710, 80.191517, 1.8285373, 80.615468, 80.597394,
14.901060, 80.541075, 1.3809775, 80.541075, 80.541075,
14.912410, 80.861998, 1.3612153, 80.463652, 80.483739,
14.923760, 80.892223, 1.3833464, 80.383691, 80.425513,
14.935100, 74.559557, 1.4238862, 80.301891, 80.366613,
14.946450, 81.415138, 1.4918140, 80.218694, 80.307072,
14.957790, 75.170036, 1.4183147, 80.134869, 80.247155,
14.969130, 81.756496, 1.6502094, 80.050951, 80.186964,
14.980470, 81.912233, 1.6371072, 79.967534, 80.126641,
14.991810, 85.104870, 1.6819975, 79.885229, 80.066340,
15.003140, 81.056171, 1.7179337, 79.804712, 80.006264,
15.014480, 82.284225, 1.5968290, 79.726459, 79.946468,
15.025810, 80.215168, 1.6935915, 79.651198, 79.887192,
15.037140, 79.077061, 1.7353032, 79.579482, 79.828548,
15.048460, 75.745029, 1.7727869, 79.511969, 79.770728,
15.059790, 76.809273, 2.1456433, 79.449159, 79.713788,
15.071110, 73.933025, 1.8489687, 79.391770, 79.657973,
15.082440, 78.507614, 1.4009678, 79.340317, 79.603337,
15.093750, 83.319681, 1.2221954, 79.295554, 79.550179,
15.105070, 81.745430, 1.1784607, 79.257967, 79.498503,
15.116390, 83.075636, 1.3956661, 79.228226, 79.448510,
15.127700, 78.377802, 1.4062839, 79.206976, 79.400395,
15.139020, 83.850431, 1.4552463, 79.194808, 79.354221,
15.150330, 80.390841, 1.3796341, 79.192383, 79.310227,
15.162390, 79.223305, 10.992801, 79.201232, 79.265838,
15.174730, 77.965664, 20.263308, 79.223305, 79.223305,
15.187070, 77.225204, 16.665385, 79.259137, 79.183852,
15.199410, 80.693022, 1.6507791, 79.308369, 79.147468,
15.211740, 80.931295, 1.5924565, 79.370334, 79.114142,
15.224080, 87.274368, 1.8095413, 79.444555, 79.083765,
15.236410, 83.890781, 2.0820543, 79.530314, 79.056349,
15.248740, 81.064623, 2.5840018, 79.627092, 79.031824,
15.261060, 86.406551, 1.7386947, 79.734220, 79.010163,
15.273390, 81.372589, 1.7236782, 79.851315, 78.991289,
15.285710, 87.544615, 1.8451167, 79.977627, 78.975189,
15.298030, 80.603722, 1.7321099, 80.112678, 78.961810,
15.310350, 81.481398, 1.4748276, 80.255940, 78.951108,
15.322660, 81.596491, 1.8374513, 80.406726, 78.943051,
15.334980, 81.819950, 1.8327496, 80.564741, 78.937586,
15.347290, 85.237152, 1.5547280, 80.729205, 78.934683,
15.359600, 79.950727, 1.4003615, 80.899705, 78.934300,
15.371900, 85.992334, 1.5132106, 81.075562, 78.936396,
15.384210, 83.604280, 1.4430107, 81.256552, 78.940937,
15.396510, 91.100695, 1.5793943, 81.441860, 78.947880,
15.408810, 80.769650, 1.4940312, 81.631090, 78.957191,
15.421110, 84.145470, 1.4060239, 81.823756, 78.968837,
15.433410, 85.291418, 1.3166528, 82.019314, 78.982781,
15.445700, 83.658438, 1.2364393, 82.217113, 78.998975,
15.457990, 82.695768, 1.3404063, 82.416794, 79.017397,
15.470280, 85.474874, 1.3975873, 82.617846, 79.038012,
15.482570, 80.878839, 1.2294417, 82.819763, 79.060789,
15.494860, 85.873613, 1.2104890, 83.022038, 79.085694,
15.507140, 86.214977, 1.1818731, 83.224005, 79.112675,
15.519420, 86.656105, 1.2098579, 83.425301, 79.141715,
15.531700, 87.562429, 1.2679612, 83.625450, 79.172789,
15.543980, 90.490433, 1.3877332, 83.823914, 79.205861,
15.556260, 83.305267, 1.3676922, 84.020215, 79.240905,
15.568530, 83.986252, 1.1352861, 84.213665, 79.277859,
15.580800, 85.245729, 1.1480060, 84.403923, 79.316721,
15.593070, 84.403923, 1.2863753, 84.590645, 79.357463,
15.605340, 89.634514, 1.5556377, 84.774159, 79.400055,
15.617600, 89.118492, 1.6826252, 84.954819, 79.444436,
15.629860, 90.115683, 1.8789141, 85.133246, 79.490607,
15.642120, 89.079691, 1.3894797, 85.309956, 79.538546,
15.654380, 88.259623, 1.3208668, 85.485411, 79.588220,
15.666640, 89.501539, 1.3699189, 85.660127, 79.639610,
15.678890, 90.501827, 1.4634058, 85.834428, 79.692641,
15.691140, 87.846170, 1.3926438, 86.008949, 79.747329,
15.703390, 92.940161, 1.3899844, 86.184178, 79.803650,
15.715640, 92.239351, 1.3381806, 86.360600, 79.861578,
15.727890, 91.675339, 1.3704571, 86.538703, 79.921089,
15.740130, 92.266500, 1.3495739, 86.718834, 79.982110,
15.752370, 89.714600, 1.3797592, 86.901605, 80.044658,
15.764610, 98.601357, 1.3506093, 87.087534, 80.108719,
15.776850, 93.301107, 1.3046957, 87.277084, 80.174260,
15.789090, 96.359253, 1.3391429, 87.470777, 80.241269,
15.801320, 90.885420, 1.4715943, 87.668924, 80.309657,
15.813550, 93.993145, 1.4634237, 87.872186, 80.379461,
15.825780, 100.45179, 1.3745528, 88.081061, 80.450656,
15.838010, 98.061092, 1.4214206, 88.296055, 80.523223,
15.850230, 97.896437, 1.3841865, 88.517498, 80.597081,
15.862450, 98.031115, 1.5066273, 88.746045, 80.672259,
15.874670, 95.300354, 1.6342300, 88.982247, 80.748748,
15.886890, 99.607780, 1.4575611, 89.226602, 80.826522,
15.899110, 102.18457, 1.4743923, 89.479612, 80.905554,
15.911320, 96.083740, 1.5321215, 89.741616, 80.985767,
15.923540, 93.245722, 1.5127629, 90.013573, 81.067273,
15.935750, 96.955442, 1.5781492, 90.295556, 81.149912,
15.947960, 92.701588, 1.5156087, 90.588333, 81.233735,
15.960160, 93.397720, 1.5456261, 90.892210, 81.318656,
15.972370, 96.156294, 1.5221813, 91.208217, 81.404789,
15.984570, 97.119579, 1.6430311, 91.536393, 81.491974,
15.996770, 98.610474, 1.8873927, 91.877597, 81.580273,
16.008961, 97.502020, 1.5418085, 92.232095, 81.669591,
16.021160, 96.850124, 1.7052552, 92.600993, 81.760043,
16.033350, 101.48261, 1.8376346, 92.984328, 81.851477,
16.045549, 98.110357, 1.6447426, 93.383298, 81.944019,
16.057739, 103.46450, 1.6911891, 93.797882, 82.037507,
16.069920, 100.04287, 1.8142763, 94.228655, 82.131921,
16.082109, 93.317442, 1.6571501, 94.676914, 82.227394,
16.094290, 94.844385, 1.7726343, 95.142587, 82.323758,
16.106470, 93.943453, 1.9961398, 95.626657, 82.421073,
16.118650, 97.120535, 1.8294163, 96.129776, 82.519322,
16.130831, 100.61144, 1.9989276, 96.652603, 82.618489,
16.143009, 93.415735, 1.8763959, 97.195723, 82.718543,
16.155180, 95.956062, 1.9680851, 97.759538, 82.819420,
16.167351, 103.59223, 2.2713873, 98.345076, 82.921168,
16.179520, 95.048517, 2.4334429, 98.952944, 83.023756,
16.191681, 98.952944, 2.0318467, 99.583150, 83.127119,
16.203850, 98.164501, 2.1065740, 100.23523, 83.231372,
16.216009, 100.17841, 2.2299965, 100.90664, 83.336353,
16.228170, 101.96119, 2.3109942, 101.59636, 83.442147,
16.240330, 109.83752, 2.2993222, 102.30256, 83.548706,
16.252489, 101.93863, 2.5524540, 103.02376, 83.656032,
16.264641, 108.43985, 2.4930442, 103.75788, 83.764043,
16.276791, 119.26630, 2.6269850, 104.50369, 83.872777,
16.288950, 122.93248, 2.5710085, 105.26031, 83.982322,
16.301090, 119.43353, 2.6240375, 106.02439, 84.092406,
16.313240, 115.97430, 2.6553922, 106.79614, 84.203275,
16.325380, 124.69513, 3.2630057, 107.57281, 84.314742,
16.337530, 134.94850, 2.1829978, 108.35405, 84.426969,
16.349670, 137.78068, 1.8490169, 109.13708, 84.539766,
16.361799, 150.41750, 1.7203383, 109.92023, 84.653103,
16.373940, 160.57910, 2.1259775, 110.70342, 84.767180,
16.386070, 163.75827, 2.1059807, 111.48375, 84.881789,
16.398211, 173.24570, 2.0723898, 112.26090, 84.997096,
16.410339, 177.17690, 2.0388691, 113.03197, 85.112890,
16.422461, 181.12743, 2.3801414, 113.79567, 85.229196,
16.434589, 181.07430, 2.3452063, 114.55140, 85.346146,
16.446711, 183.63763, 2.2001123, 115.29666, 85.463583,
16.458839, 178.02055, 2.2391153, 116.03080, 85.581642,
16.470961, 167.94263, 2.2124072, 116.75135, 85.700164,
16.483070, 165.42493, 2.3998903, 117.45653, 85.819099,
16.495190, 152.02660, 3.5643570, 118.14598, 85.938641,
16.500280, 146.97298, 2.5280246, 118.43035, 85.989005,
16.513599, 154.59465, 2.3475627, 119.15854, 86.121189,
16.526911, 146.84085, 1.9571023, 119.86179, 86.253883,
16.540211, 141.45103, 2.0434712, 120.53781, 86.387035,
16.553520, 157.56835, 2.2195048, 121.18550, 86.520839,
16.566820, 134.31707, 2.1816395, 121.80176, 86.655090,
16.580120, 129.85562, 2.1324020, 122.38485, 86.789871,
16.593420, 122.18965, 1.8081768, 122.93257, 86.925165,
16.606710, 130.38270, 1.8640933, 123.44231, 87.060864,
16.620001, 128.40605, 1.7583283, 123.91221, 87.197049,
16.633301, 128.02098, 2.3419239, 124.34029, 87.333807,
16.646589, 130.80443, 13.176709, 124.72354, 87.470906,
16.659870, 123.82777, 1.5832989, 125.05984, 87.608374,
16.673149, 124.48905, 1.6117359, 125.34700, 87.746254,
16.686440, 125.34700, 1.6151026, 125.58424, 87.884674,
16.699711, 132.43925, 1.5556621, 125.77555, 88.023303,
16.712990, 133.33015, 1.9506318, 125.92722, 88.162406,
16.726271, 123.92255, 1.6239207, 126.04494, 88.301911,
16.739540, 130.15130, 1.8256788, 126.13444, 88.441664,
16.752810, 126.89935, 20.799934, 126.20158, 88.581774,
16.766081, 134.32510, 12.786569, 126.25213, 88.722248,
16.779341, 134.62428, 4.8104662, 126.29177, 88.862932,
16.792601, 123.17207, 1.6771280, 126.32629, 89.003936,
16.805870, 126.46702, 1.7448125, 126.36143, 89.145348,
16.819120, 129.47167, 2.0577295, 126.40281, 89.286851,
16.832380, 123.37577, 1.6587087, 126.45624, 89.428740,
16.845631, 128.02992, 1.5745272, 126.52737, 89.570797,
16.858891, 122.73557, 1.5992315, 126.62202, 89.713216,
16.872141, 124.50210, 1.6526486, 126.74581, 89.855780,
16.885380, 124.88337, 1.7313311, 126.90441, 89.998456,
16.898630, 127.34965, 1.7780636, 127.10387, 90.141479,
16.911869, 126.70503, 1.5370891, 127.34965, 90.284591,
16.925110, 131.71360, 1.5964366, 127.64582, 90.427925,
16.938351, 128.27327, 1.5851136, 127.98846, 90.571447,
16.951580, 132.02720, 1.6268566, 128.37139, 90.715024,
16.964821, 130.86557, 1.6583990, 128.78949, 90.858891,
16.978050, 136.20333, 1.6658237, 129.23628, 91.002789,
16.991270, 137.88755, 3.1579615, 129.70603, 91.146727,
17.004499, 161.92685, 1.5976801, 130.19369, 91.290902,
17.017719, 277.39878, 1.9502273, 130.69287, 91.435094,
17.030951, 541.35335, 3.1539537, 131.19865, 91.579522,
17.044161, 520.83485, 3.4315115, 131.70411, 91.723819,
17.057381, 199.43410, 1.8017009, 132.20474, 91.868309,
17.070601, 140.33885, 1.5576553, 132.69448, 92.012876,
17.083811, 140.94262, 1.5241003, 133.16730, 92.157405,
17.097019, 147.16485, 1.5519901, 133.61780, 92.301969,
17.110229, 144.15225, 1.6738224, 134.04040, 92.446597,
17.123430, 136.66577, 1.7648415, 134.42905, 92.591154,
17.136641, 132.87463, 1.5863682, 134.77856, 92.735838,
17.149839, 137.62717, 1.9768661, 135.08262, 92.880407,
17.163040, 137.08623, 1.9900103, 135.33580, 93.024999,
17.176229, 133.36320, 1.8053121, 135.53208, 93.169454,
17.189430, 135.73127, 1.8148564, 135.66595, 93.314013,
17.202620, 138.50452, 1.9260855, 135.73127, 93.458415,
17.215811, 135.12572, 1.8110122, 135.72385, 93.602795,
17.229000, 137.68720, 1.8341028, 135.64562, 93.747100,
17.242180, 135.29927, 1.8953015, 135.50018, 93.891236,
17.255369, 139.13520, 1.9345447, 135.29076, 94.035400,
17.268551, 135.52152, 2.0348407, 135.02099, 94.179394,
17.281719, 138.29380, 2.1027473, 134.69446, 94.323145,
17.294901, 141.93758, 2.1588530, 134.31383, 94.466934,
17.308069, 147.90332, 1.9861551, 133.88312, 94.610457,
17.321251, 152.34988, 1.9528934, 133.40470, 94.753995,
17.334410, 160.74662, 1.9923449, 132.88312, 94.897143,
17.347580, 154.65947, 2.0354229, 132.32025, 95.040263,
17.360750, 156.80040, 2.0049193, 131.71967, 95.183220,
17.373911, 157.25055, 2.0731462, 131.08498, 95.325898,
17.387070, 152.59635, 2.0563394, 130.41893, 95.468371,
17.400230, 150.28295, 2.0700574, 129.72440, 95.610667,
17.413380, 144.28418, 1.8800256, 129.00518, 95.752632,
17.426540, 145.34280, 2.0635689, 128.26304, 95.894501,
17.439690, 138.93534, 2.0785832, 127.50230, 96.036017,
17.452841, 139.14065, 2.1927637, 126.72519, 96.177311,
17.465981, 135.00227, 2.0535889, 125.93552, 96.318230,
17.479130, 133.96585, 2.0985690, 125.13500, 96.458987,
17.492270, 131.55363, 2.1279334, 124.32777, 96.599365,
17.505409, 127.93542, 2.2220207, 123.51620, 96.739457,
17.518551, 125.71175, 2.1961416, 122.70316, 96.879269,
17.531679, 127.78395, 2.2857238, 121.89252, 97.018630,
17.544821, 125.05920, 2.2832680, 121.08561, 97.157809,
17.557949, 119.66502, 2.2697553, 120.28703, 97.296513,
17.571079, 120.91270, 2.4198304, 119.49879, 97.434892,
17.584200, 119.09373, 2.4500160, 118.72454, 97.572813,
17.597330, 113.55025, 2.3717483, 117.96613, 97.710463,
17.610451, 116.77513, 2.4998441, 117.22765, 97.847633,
17.623569, 116.51163, 2.5968979, 116.51163, 97.984388,
17.636690, 115.31327, 2.5970463, 115.82026, 98.120757,
17.649799, 109.61850, 2.7221281, 115.15426, 98.256589,
17.662910, 119.40667, 2.6369440, 114.51234, 98.392010,
17.676029, 123.12193, 2.7353417, 113.89369, 98.527066,
17.689131, 130.25413, 3.4638317, 113.29894, 98.661489,
17.702240, 127.00803, 2.7409723, 112.72639, 98.795522,
17.715349, 118.73350, 2.9997758, 112.17591, 98.929074,
17.728451, 118.60290, 2.7413270, 111.64730, 99.062053,
17.741550, 118.39910, 2.4835067, 111.13983, 99.194506,
17.754641, 124.63030, 2.1489232, 110.65330, 99.326342,
17.767740, 125.66515, 1.9383960, 110.18656, 99.457740,
17.780830, 123.09738, 2.1926316, 109.73984, 99.588496,
17.793921, 125.91747, 1.9683265, 109.31238, 99.718692,
17.807011, 126.42917, 1.7737148, 108.90376, 99.848313,
17.820101, 120.79190, 1.9234591, 108.51358, 99.977347,
17.833179, 122.03830, 1.9241584, 108.14178, 100.10567,
17.846270, 116.12062, 1.7604854, 107.78732, 100.23348,
17.859341, 114.87737, 1.8331203, 107.45066, 100.36048,
17.872419, 109.32427, 2.0303971, 107.13073, 100.48691,
17.885500, 111.23555, 2.5434971, 106.82734, 100.61270,
17.898569, 111.55008, 2.4159851, 106.54045, 100.73771,
17.911640, 113.58193, 2.6007141, 106.26945, 100.86205,
17.924709, 107.05440, 2.3106321, 106.01408, 100.98567,
17.937780, 117.26443, 4.0070522, 105.77398, 101.10858,
17.941250, 114.51895, 2.1539284, 105.71278, 101.14109,
17.955721, 117.33140, 1.9661180, 105.46882, 101.27610,
17.970181, 108.89717, 1.9994159, 105.24296, 101.41007,
17.984650, 108.27723, 2.1128885, 105.03451, 101.54319,
17.999109, 108.46225, 2.2263408, 104.84339, 101.67526,
18.013571, 104.74913, 2.5578899, 104.66911, 101.80636,
18.028021, 108.71675, 4.2748868, 104.51149, 101.93634,
18.042480, 109.39755, 4.4010861, 104.36997, 102.06537,
18.056931, 112.23237, 3.6875352, 104.24446, 102.19326,
18.071381, 104.53078, 1.8337955, 104.13458, 102.32008,
18.085819, 107.15977, 1.8189436, 104.04010, 102.44570,
18.100269, 102.47933, 1.8612691, 103.96064, 102.57028,
18.114710, 108.41478, 1.8192118, 103.89605, 102.69364,
18.129150, 103.84605, 1.6331519, 103.84605, 102.81583,
18.143579, 103.08609, 1.6297333, 103.81034, 102.93673,
18.158020, 107.98205, 1.6153019, 103.78819, 103.05649,
18.172449, 104.84552, 1.6359998, 103.77889, 103.17492,
18.186880, 102.02322, 1.7328970, 103.78168, 103.29210,
18.201300, 104.41980, 1.9949565, 103.79581, 103.40788,
18.215719, 101.59516, 1.7911431, 103.82055, 103.52234,
18.230150, 106.07080, 1.7625602, 103.85523, 103.63554,
18.244560, 105.35089, 1.8271678, 103.89906, 103.74720,
18.258980, 104.38620, 1.7126708, 103.95141, 103.85754,
18.273390, 107.98705, 1.8451199, 104.01153, 103.96637,
18.287800, 103.16180, 1.9583548, 104.07877, 104.07374,
18.302210, 107.11520, 1.9862485, 104.15245, 104.17962,
18.316620, 105.67330, 1.8265866, 104.23189, 104.28399,
18.331020, 97.837521, 1.9577476, 104.31637, 104.38675,
18.345421, 103.62202, 1.6402042, 104.40528, 104.48793,
18.359819, 101.94103, 1.7323086, 104.49795, 104.58749,
18.374210, 104.92390, 1.7794905, 104.59367, 104.68537,
18.388611, 101.70359, 1.7504588, 104.69191, 104.78165,
18.403000, 101.52415, 1.7238589, 104.79188, 104.87616,
18.417379, 106.81282, 1.6226395, 104.89292, 104.96887,
18.431770, 104.67337, 1.4858210, 104.99455, 105.05990,
18.446150, 109.32598, 1.4904401, 105.09595, 105.14906,
18.460529, 107.16012, 2.0288154, 105.19656, 105.23640,
18.474911, 107.70915, 1.7727052, 105.29573, 105.32189,
18.489281, 101.91063, 1.7646664, 105.39274, 105.40542,
18.503660, 100.04949, 1.7681872, 105.48707, 105.48707,
18.518030, 105.48707, 1.7276662, 105.57808, 105.56672,
18.532391, 108.98015, 1.8421802, 105.66576, 105.64441,
18.546761, 106.77309, 1.7893173, 105.75036, 105.72029,
18.561119, 103.99910, 1.8338655, 105.83186, 105.79431,
18.575480, 124.70293, 2.1183919, 105.91047, 105.86657,
18.589840, 104.48380, 2.0918908, 105.98628, 105.93714,
18.604191, 106.56915, 1.9364350, 106.05935, 106.00599,
18.618549, 109.55895, 1.7804986, 106.12989, 106.07328,
18.632900, 109.34825, 1.6868473, 106.19792, 106.13898,
18.647240, 98.433640, 1.7143136, 106.26354, 106.20311,
18.661591, 106.05055, 1.7307320, 106.32696, 106.26583,
18.675930, 105.50723, 1.7899525, 106.38817, 106.32709,
18.690269, 107.18295, 1.7638014, 106.44732, 106.38698,
18.704611, 111.67595, 1.8229072, 106.50453, 106.44556,
18.718941, 107.79618, 1.6819139, 106.55983, 106.50282,
18.733271, 105.66387, 1.6295324, 106.61337, 106.55885,
18.747601, 106.95378, 1.7319836, 106.66524, 106.61370,
18.761930, 114.91925, 1.9239768, 106.71553, 106.66741,
18.776260, 119.51100, 1.9994451, 106.76434, 106.72003,
18.790581, 119.87250, 2.0117960, 106.81171, 106.77156,
18.804899, 116.78247, 2.2699193, 106.85778, 106.82208,
18.819220, 121.04530, 2.1049773, 106.90263, 106.87165,
18.833530, 115.88065, 2.0985165, 106.94632, 106.92026,
18.847839, 115.16695, 1.9670964, 106.98895, 106.96799,
18.862150, 116.71787, 2.1856270, 107.03064, 107.01490,
18.876459, 122.90855, 2.2097959, 107.07144, 107.06101,
18.890770, 123.58455, 2.3345895, 107.11145, 107.10638,
18.905069, 123.31995, 2.1528125, 107.15072, 107.15100,
18.919371, 119.68860, 2.1756345, 107.18936, 107.19497,
18.933670, 122.94867, 2.2271046, 107.22746, 107.23831,
18.947960, 120.11180, 2.2537471, 107.26506, 107.28104,
18.962250, 118.89485, 2.2741799, 107.30228, 107.32323,
18.976540, 123.96173, 2.4859421, 107.33920, 107.36491,
18.990829, 127.21748, 2.2555136, 107.37589, 107.40614,
19.005119, 120.39467, 2.2929466, 107.41244, 107.44695,
19.019400, 115.40710, 3.1988059, 107.44890, 107.48736,
19.033680, 119.07900, 4.1664354, 107.48537, 107.52742,
19.047960, 108.98338, 2.1085508, 107.52194, 107.56719,
19.062229, 111.40555, 2.2885626, 107.55865, 107.60667,
19.076500, 120.53485, 2.8706698, 107.59563, 107.64593,
19.090771, 100.60726, 3.4361942, 107.63293, 107.68502,
19.105040, 105.96317, 2.6716363, 107.67064, 107.72397,
19.119310, 114.93690, 2.7309675, 107.70886, 107.76282,
19.133570, 115.61950, 2.4974819, 107.74761, 107.80157,
19.147829, 120.55287, 2.7717985, 107.78702, 107.84031,
19.162090, 108.45423, 2.9086733, 107.82718, 107.87908,
19.176340, 112.36040, 3.8124970, 107.86811, 107.91787,
19.190599, 115.87275, 2.9727624, 107.90998, 107.95678,
19.204849, 104.36547, 3.1596502, 107.95280, 107.99581,
19.219101, 108.68527, 2.6452044, 107.99669, 108.03502,
19.233339, 103.97330, 2.6043647, 108.04169, 108.07441,
19.247580, 110.31622, 2.9032510, 108.08793, 108.11406,
19.261820, 109.71883, 2.8604636, 108.13550, 108.15400,
19.276060, 100.89485, 2.7898050, 108.18447, 108.19428,
19.290300, 106.84663, 3.6712589, 108.23494, 108.23494,
19.304529, 108.23494, 3.0093766, 108.28695, 108.27597,
19.318760, 116.64820, 3.2074337, 108.34065, 108.31747,
19.332991, 118.10648, 3.0673752, 108.39611, 108.35946,
19.347219, 100.33957, 3.0693695, 108.45343, 108.40198,
19.361441, 105.82018, 3.3809878, 108.51266, 108.44504,
19.375660, 115.20055, 3.8179576, 108.57394, 108.48872,
19.389879, 109.99388, 3.6062695, 108.63736, 108.53305,
19.404100, 127.74410, 3.8775854, 108.70303, 108.57808,
19.418310, 139.62997, 4.2793877, 108.77100, 108.62381,
19.432520, 126.43925, 4.9825746, 108.84140, 108.67032,
