# wave, flux, fluxerr, continuum, continuum_plateau
9.9725246, 53.135900, 1.4161982, 53.135900, 53.135900,
9.9806166, 58.041780, 1.8589402, 52.766625, 52.766391,
9.9887066, 66.076200, 1.6131889, 52.408350, 52.407449,
9.9967957, 55.049898, 1.3409346, 52.061122, 52.059169,
10.004880, 63.468995, 1.6534938, 51.725190, 51.721850,
10.012970, 57.533728, 1.5022315, 51.400222, 51.395204,
10.021050, 53.998773, 1.2756174, 51.086927, 51.079986,
10.029140, 55.115052, 1.3260780, 50.784671, 50.775601,
10.037220, 57.512975, 1.5013542, 50.494308, 50.482950,
10.045300, 60.681153, 1.3727614, 50.215552, 50.201782,
10.053380, 58.775073, 1.4029309, 49.948486, 49.932216,
10.061460, 55.823997, 1.4513415, 49.693290, 49.674470,
10.069540, 58.555405, 1.3777118, 49.450025, 49.428635,
10.077610, 64.057535, 1.3895874, 49.219135, 49.195193,
10.085690, 58.862367, 1.3827022, 49.000173, 48.973718,
10.093760, 64.047000, 1.3677064, 48.793784, 48.764890,
10.101830, 60.644808, 1.2976368, 48.599833, 48.568598,
10.109900, 65.236653, 1.1747742, 48.418434, 48.384978,
10.117970, 59.063455, 1.3538531, 48.249769, 48.214234,
10.126040, 59.919855, 1.1931986, 48.093954, 48.056505,
10.134100, 58.839538, 1.1435341, 47.951312, 47.912131,
10.142170, 57.173697, 1.2834603, 47.821617, 47.780901,
10.150230, 50.788549, 1.1767867, 47.705345, 47.663306,
10.158300, 54.586785, 1.1153285, 47.602372, 47.559233,
10.166360, 55.111204, 1.0856117, 47.513108, 47.469105,
10.174420, 58.328407, 1.2197102, 47.437562, 47.392937,
10.182470, 58.302908, 1.3072387, 47.375979, 47.330981,
10.190530, 58.636592, 1.2630488, 47.328369, 47.283250,
10.198590, 53.818650, 1.0827161, 47.294980, 47.249994,
10.206640, 46.733018, 1.1217376, 47.276006, 47.231407,
10.214690, 56.190657, 1.3073986, 47.271570, 47.227610,
10.222750, 55.776273, 1.1967621, 47.281873, 47.238799,
10.230800, 53.289355, 1.5513894, 47.307074, 47.265125,
10.238850, 53.558685, 1.3139584, 47.347361, 47.306769,
10.246890, 58.647744, 1.2947998, 47.402851, 47.363833,
10.254940, 54.031919, 1.1589832, 47.473867, 47.436633,
10.262990, 59.347855, 1.3176275, 47.560553, 47.525292,
10.271030, 55.301008, 1.5168866, 47.662976, 47.629858,
10.279070, 52.276558, 1.1392091, 47.781421, 47.750597,
10.287120, 58.706338, 1.2791172, 47.916293, 47.887895,
10.295150, 52.316715, 1.4136856, 48.067263, 48.041388,
10.303190, 57.938668, 1.5291846, 48.235093, 48.211820,
10.311230, 53.751431, 1.2169023, 48.419793, 48.399166,
10.319270, 54.196707, 1.2900511, 48.621631, 48.603662,
10.327300, 51.567887, 1.4077284, 48.840517, 48.825180,
10.335340, 48.927505, 1.2893745, 49.077226, 49.064463,
10.343370, 51.788959, 1.3564663, 49.331465, 49.321170,
10.351400, 54.570443, 1.5577702, 49.603682, 49.595710,
10.359430, 52.965830, 1.6805999, 49.894153, 49.888312,
10.367460, 51.019429, 1.4022502, 50.203125, 50.199176,
10.375480, 50.169624, 1.5091418, 50.530411, 50.528060,
10.383510, 49.530991, 1.6764097, 50.877126, 50.876029,
10.391530, 47.252730, 1.5749996, 51.242670, 51.242422,
10.399560, 52.033007, 1.3830413, 51.628178, 51.628318,
10.407580, 50.818569, 1.7016978, 52.033007, 52.033007,
10.415600, 54.118357, 1.3309014, 52.457674, 52.456965,
10.423620, 52.156784, 1.6555650, 52.901807, 52.899856,
10.431640, 52.806809, 1.2427229, 53.364678, 53.361013,
10.439650, 54.669075, 1.1835672, 53.845139, 53.839343,
10.447670, 55.326430, 1.2478010, 54.343784, 54.335487,
10.455680, 59.417692, 1.2562539, 54.858700, 54.847588,
10.463700, 55.510993, 1.1841944, 55.390634, 55.376432,
10.471710, 56.122175, 1.3593943, 55.937594, 55.920079,
10.479720, 58.812512, 1.3865631, 56.499672, 56.478660,
10.487730, 51.719941, 1.4431187, 57.076278, 57.051621,
10.495730, 54.629793, 1.6986363, 57.666111, 57.637708,
10.503740, 56.311378, 1.7286022, 58.269997, 58.237768,
10.511750, 60.910345, 1.5293676, 58.886658, 58.850563,
10.519750, 60.563314, 1.6056312, 59.514687, 59.474722,
10.527750, 65.397313, 2.1082412, 60.154387, 60.110570,
10.535750, 66.644478, 2.2290688, 60.805113, 60.757493,
10.543750, 72.128206, 1.4957943, 61.466220, 61.414870,
10.551750, 61.781148, 2.4619819, 62.137300, 62.082317,
10.559750, 64.281531, 1.4002576, 62.817631, 62.759136,
10.567850, 74.255798, 1.5736960, 63.515495, 63.453587,
10.576350, 68.876741, 1.4037586, 64.256820, 64.191510,
10.584840, 69.334045, 1.3798127, 65.005813, 64.937310,
10.593340, 74.791445, 1.6739827, 65.763661, 65.692187,
10.601830, 72.341619, 1.2705204, 66.527833, 66.453637,
10.610330, 77.426010, 1.6075162, 67.299556, 67.222900,
10.618820, 73.322962, 1.2592618, 68.076358, 67.997527,
10.627310, 73.353304, 1.1917863, 68.858358, 68.777650,
10.635800, 75.373201, 1.2981093, 69.645077, 69.562806,
10.644280, 75.466413, 1.3817052, 70.434797, 70.351293,
10.652770, 72.744532, 1.2123143, 71.228733, 71.144337,
10.661250, 73.795647, 1.2105881, 72.024451, 71.939521,
10.669740, 74.626858, 1.3570572, 72.823093, 72.737998,
10.678220, 80.965374, 1.3808883, 73.622218, 73.537340,
10.686700, 75.925028, 1.2245097, 74.422076, 74.337810,
10.695180, 78.104111, 1.2541742, 75.222020, 75.138774,
10.703650, 80.995043, 1.3677460, 76.020507, 75.938700,
10.712130, 79.884951, 1.4942391, 76.818599, 76.738664,
10.720600, 82.097504, 1.4085060, 77.614035, 77.536417,
10.729080, 82.979311, 1.3432089, 78.407871, 78.333031,
10.737550, 78.398273, 1.3970480, 79.197587, 79.125994,
10.746020, 89.351263, 1.4320069, 79.983607, 79.915750,
10.754490, 90.141768, 1.3587862, 80.765109, 80.701489,
10.762960, 86.841124, 1.3320559, 81.541620, 81.482755,
10.771420, 83.763996, 1.3658085, 82.311364, 82.257782,
10.779890, 85.751995, 1.4796449, 83.075775, 83.028034,
10.788350, 89.819530, 1.2694367, 83.832219, 83.790883,
10.796810, 83.447149, 1.3419802, 84.580995, 84.546656,
10.805270, 88.329781, 1.4484726, 85.321449, 85.294717,
10.813730, 82.939541, 1.4566485, 86.052924, 86.034435,
10.822190, 87.486298, 1.5186228, 86.774761, 86.765173,
10.830650, 87.143633, 1.6971453, 87.486298, 87.486298,
10.839100, 88.924875, 1.5732604, 88.186148, 88.196420,
10.847560, 90.587496, 1.4517210, 88.876082, 88.897292,
10.856010, 90.548035, 1.5087849, 89.554635, 89.587363,
10.864460, 95.441248, 3.1853380, 90.222681, 90.267463,
10.872910, 97.024984, 1.4503200, 90.880463, 90.937779,
10.881360, 95.559324, 1.5773219, 91.528213, 91.598493,
10.889800, 100.12772, 1.7076999, 92.165229, 92.248834,
10.898250, 103.94982, 2.0656259, 92.793180, 92.890451,
10.906690, 101.19675, 2.0929636, 93.410801, 93.522002,
10.915140, 103.84937, 1.7408314, 94.019707, 94.145088,
10.923580, 115.56325, 2.1899637, 94.618534, 94.758264,
10.932020, 109.69402, 2.1828688, 95.208187, 95.362412,
10.940460, 117.87642, 2.2329213, 95.788810, 95.957633,
10.948890, 120.11495, 2.2314052, 96.359838, 96.543303,
10.957330, 124.21842, 2.3153740, 96.922829, 97.120980,
10.965760, 142.81018, 1.7928707, 97.476581, 97.689389,
10.974200, 157.87150, 13.192729, 98.022481, 98.249914,
10.982630, 169.22258, 1.9117670, 98.559365, 98.801323,
10.991060, 180.08337, 2.0430339, 99.088103, 99.344475,
10.999490, 181.75495, 2.1058593, 99.608704, 99.879340,
11.007920, 185.92941, 1.9087435, 100.12141, 100.40613,
11.016340, 187.11357, 1.7374059, 100.62565, 100.92425,
11.024770, 183.45695, 2.1190864, 101.12276, 101.43501,
11.033190, 182.93632, 1.9936955, 101.61173, 101.93735,
11.041610, 176.93473, 1.9030454, 102.09323, 102.43195,
11.050030, 172.07545, 2.0747781, 102.56738, 102.91890,
11.058450, 182.92653, 2.1512317, 103.03429, 103.39827,
11.066870, 180.51055, 2.1595621, 103.49408, 103.87017,
11.075290, 171.70770, 2.1677131, 103.94684, 104.33468,
11.083700, 168.68782, 2.1938979, 104.39219, 104.79137,
11.092120, 163.99253, 2.3842666, 104.83123, 105.24136,
11.100530, 162.66225, 2.4500478, 105.26303, 105.68367,
11.108940, 172.45412, 2.2573927, 105.68829, 106.11900,
11.117350, 173.41580, 3.4482989, 106.10700, 106.54733,
11.120570, 184.82597, 2.1316754, 106.26565, 106.70955,
11.129530, 192.27353, 1.9996299, 106.70214, 107.15558,
11.138500, 200.31315, 2.0198187, 107.13202, 107.59446,
11.147460, 220.85938, 2.1554148, 107.55440, 108.02527,
11.156430, 260.26248, 2.3443113, 107.97037, 108.44910,
11.165390, 298.59277, 2.3417785, 108.37908, 108.86507,
11.174350, 346.59170, 2.4389554, 108.78111, 109.27377,
11.183300, 410.73315, 2.7619992, 109.17615, 109.67488,
11.192260, 472.93917, 2.9248751, 109.56515, 110.06933,
11.201220, 515.61981, 2.8692620, 109.94778, 110.45679,
11.210170, 521.69257, 2.8516205, 110.32374, 110.83696,
11.219120, 534.19627, 3.7358437, 110.69354, 111.21034,
11.228070, 525.09493, 4.3294974, 111.05726, 111.57702,
11.237020, 523.28515, 2.8483296, 111.41498, 111.93705,
11.245970, 525.95952, 2.8031356, 111.76684, 112.29061,
11.254920, 509.89002, 2.9331236, 112.11291, 112.63773,
11.263860, 495.63158, 3.4792785, 112.45287, 112.97811,
11.272800, 484.25813, 3.1085463, 112.78724, 113.31229,
11.281750, 465.04272, 2.6468950, 113.11640, 113.64062,
11.290690, 441.87178, 2.5390742, 113.43979, 113.96257,
11.299630, 421.35895, 2.4601543, 113.75777, 114.27849,
11.308560, 405.21797, 2.3168294, 114.07013, 114.58819,
11.317500, 381.89677, 2.2614833, 114.37761, 114.89240,
11.326430, 364.79425, 2.3011673, 114.67963, 115.19056,
11.335370, 339.61819, 2.2113078, 114.97690, 115.48339,
11.344300, 319.69565, 2.0952505, 115.26887, 115.77034,
11.353230, 310.49487, 2.0424567, 115.55592, 116.05181,
11.362160, 302.86018, 2.1356356, 115.83810, 116.32786,
11.371080, 287.53630, 2.0650618, 116.11523, 116.59833,
11.380010, 270.95833, 2.0364949, 116.38791, 116.86382,
11.388930, 261.89066, 1.9832288, 116.65570, 117.12390,
11.397850, 254.87295, 1.9809521, 116.91887, 117.37888,
11.406780, 246.91655, 1.9142885, 117.17783, 117.62915,
11.415700, 236.54898, 1.7743782, 117.43203, 117.87421,
11.424610, 230.90740, 1.8736637, 117.68157, 118.11416,
11.433530, 221.09277, 1.9519897, 117.92704, 118.34961,
11.442450, 221.14263, 2.3539911, 118.16823, 118.58036,
11.451360, 205.60837, 1.7656972, 118.40493, 118.80625,
11.460270, 201.03202, 1.9706449, 118.63748, 119.02760,
11.469180, 191.45237, 1.8210799, 118.86590, 119.24448,
11.478090, 186.20040, 1.7897950, 119.09027, 119.45697,
11.487000, 181.68007, 1.7207933, 119.31062, 119.66515,
11.495910, 182.11452, 1.7456005, 119.52699, 119.86904,
11.504810, 172.39948, 1.7792274, 119.73923, 120.06858,
11.513710, 170.01465, 1.7586380, 119.94759, 120.26399,
11.522620, 165.69982, 1.7318214, 120.15238, 120.45559,
11.531520, 169.76525, 1.8364448, 120.35315, 120.64301,
11.540420, 157.97485, 1.8208397, 120.55019, 120.82653,
11.549310, 158.02025, 1.9400745, 120.74333, 121.00605,
11.558210, 153.26725, 1.7857377, 120.93306, 121.18202,
11.567100, 150.87803, 1.8090613, 121.11894, 121.35408,
11.576000, 154.79913, 2.0601120, 121.30149, 121.52275,
11.584890, 157.13708, 2.0120540, 121.48029, 121.68767,
11.593780, 140.50065, 6.8412996, 121.65559, 121.84910,
11.602670, 141.07375, 6.0590462, 121.82746, 122.00713,
11.611560, 137.37395, 2.4690763, 121.99590, 122.16181,
11.620440, 139.35347, 2.2280493, 122.16077, 122.31303,
11.629330, 136.25125, 2.0079785, 122.32248, 122.46121,
11.638210, 132.96803, 2.2362874, 122.48069, 122.60609,
11.647090, 134.99988, 2.2423869, 122.63560, 122.74787,
11.655970, 137.94495, 2.4295000, 122.78726, 122.88662,
11.664850, 129.07052, 1.9149132, 122.93570, 123.02244,
11.673730, 128.07995, 1.4833139, 123.08093, 123.15535,
11.682600, 133.87243, 1.6427357, 123.22283, 123.28528,
11.691480, 129.34065, 1.6612146, 123.36173, 123.41259,
11.700350, 125.80952, 1.6194386, 123.49736, 123.53706,
11.709220, 131.22970, 1.6627766, 123.62990, 123.65889,
11.718090, 128.01950, 1.7289519, 123.75936, 123.77814,
11.726960, 118.82078, 1.7248560, 123.88577, 123.89488,
11.735830, 124.00915, 1.7882773, 124.00915, 124.00915,
11.744690, 121.60348, 2.0673165, 124.12937, 124.12088,
11.753560, 124.65380, 1.9999985, 124.24672, 124.23032,
11.762420, 124.65453, 1.9858978, 124.36090, 124.33716,
11.771280, 131.46983, 3.0310689, 124.47206, 124.44152,
11.775020, 129.11472, 1.5805636, 124.51806, 124.48480,
11.784500, 126.10185, 1.5709729, 124.63223, 124.59251,
11.793980, 128.10390, 1.6039846, 124.74288, 124.69725,
11.803460, 126.41253, 2.1483827, 124.85001, 124.79900,
11.812940, 129.29793, 1.5150635, 124.95358, 124.89771,
11.822420, 139.12432, 1.7103119, 125.05359, 124.99333,
11.831890, 131.18942, 1.5346242, 125.14991, 125.08573,
11.841360, 129.57633, 1.7166088, 125.24262, 125.17496,
11.850840, 137.52185, 1.5326014, 125.33178, 125.26107,
11.860310, 140.89848, 1.5566276, 125.41720, 125.34383,
11.869770, 144.27130, 1.5160852, 125.49885, 125.42320,
11.879240, 142.72292, 1.5843754, 125.57688, 125.49931,
11.888710, 143.57298, 1.3874345, 125.65118, 125.57203,
11.898170, 147.53303, 7.8153180, 125.72163, 125.64123,
11.907630, 150.59645, 1.5349207, 125.78829, 125.70695,
11.917090, 141.97260, 1.4261270, 125.85113, 125.76914,
11.926550, 145.45697, 1.4184418, 125.91011, 125.82775,
11.936010, 150.26175, 1.4596794, 125.96520, 125.88273,
11.945470, 144.53933, 1.4827514, 126.01636, 125.93404,
11.954920, 146.39145, 1.4673529, 126.06351, 125.98157,
11.964370, 150.22748, 1.6939056, 126.10666, 126.02534,
11.973830, 151.21285, 1.3982117, 126.14582, 126.06533,
11.983280, 144.63098, 1.6726634, 126.18085, 126.10141,
11.992720, 147.00982, 1.4304333, 126.21173, 126.13353,
12.002170, 146.21698, 1.4463950, 126.23849, 126.16172,
12.011610, 145.37003, 2.3669388, 126.26101, 126.18587,
12.021060, 145.11197, 1.4625612, 126.27930, 126.20596,
12.030500, 137.80710, 1.4264386, 126.29328, 126.22192,
12.039940, 141.40985, 1.4103584, 126.30291, 126.23369,
12.049380, 139.43310, 1.4079141, 126.30814, 126.24124,
12.058820, 138.80389, 1.3670790, 126.30892, 126.24451,
12.068250, 142.45355, 1.4441170, 126.30521, 126.24344,
12.077690, 136.87990, 1.3833121, 126.29693, 126.23799,
12.087120, 135.36115, 1.3519471, 126.28406, 126.22809,
12.096550, 131.85025, 1.3739525, 126.26652, 126.21370,
12.105980, 135.96530, 1.4814911, 126.24426, 126.19475,
12.115410, 134.13046, 1.5137766, 126.21721, 126.17119,
12.124830, 131.24620, 1.3884770, 126.18535, 126.14300,
12.134260, 133.12723, 1.4764060, 126.14854, 126.11005,
12.143680, 133.30842, 1.5325906, 126.10680, 126.07235,
12.153100, 133.82125, 1.5183439, 126.06003, 126.02982,
12.162520, 133.41895, 1.8361713, 126.00814, 125.98238,
12.171940, 126.13242, 1.4765948, 125.95108, 125.92999,
12.181360, 128.04995, 1.5772621, 125.88877, 125.87258,
12.190770, 125.90060, 1.5584785, 125.82121, 125.81015,
12.200180, 124.02035, 1.7475016, 125.74826, 125.74259,
12.209600, 125.66975, 1.6719590, 125.66975, 125.66975,
12.219010, 123.70743, 1.5829293, 125.58581, 125.59175,
12.228420, 128.55922, 2.0782845, 125.49643, 125.50856,
12.237820, 124.59110, 2.1979087, 125.40183, 125.42036,
12.247230, 127.51632, 1.7522981, 125.30189, 125.32703,
12.256630, 138.60995, 2.6289826, 125.19693, 125.22884,
12.266040, 193.48322, 2.0490136, 125.08684, 125.12567,
12.275440, 357.24551, 2.7750803, 124.97195, 125.01780,
12.284840, 302.76820, 2.5214982, 124.85225, 124.90521,
12.294230, 143.40165, 2.8561225, 124.72793, 124.78807,
12.303630, 134.79662, 2.3386650, 124.59888, 124.66624,
12.313030, 141.51965, 2.5968472, 124.46527, 124.53988,
12.322420, 143.30183, 2.5061084, 124.32737, 124.40921,
12.331810, 140.64602, 1.6831347, 124.18513, 124.27419,
12.341200, 139.32070, 1.2791291, 124.03862, 124.13486,
12.350590, 143.78050, 1.4072228, 123.88794, 123.99130,
12.359980, 141.41855, 1.6146745, 123.73316, 123.84359,
12.369360, 145.73602, 1.5600326, 123.57455, 123.69193,
12.378750, 141.59667, 1.5168250, 123.41185, 123.53609,
12.388130, 136.68623, 1.6333641, 123.24548, 123.37645,
12.397510, 139.14820, 1.6366604, 123.07537, 123.21295,
12.406890, 141.78945, 1.5784595, 122.90156, 123.04560,
12.416270, 148.53075, 1.9525768, 122.72416, 122.87450,
12.425640, 149.82132, 1.7372203, 122.54343, 122.69989,
12.435020, 151.29325, 1.9355808, 122.35905, 122.52147,
12.444390, 156.02652, 2.0789216, 122.17151, 122.33968,
12.453760, 151.72880, 1.8160710, 121.98068, 122.15440,
12.463130, 146.90925, 1.8881715, 121.78661, 121.96568,
12.472500, 153.87297, 2.0809635, 121.58940, 121.77359,
12.481870, 170.53455, 2.1962485, 121.38909, 121.57819,
12.489420, 160.58655, 1.6657120, 121.22549, 121.41837,
12.499490, 164.25000, 1.7622524, 121.00430, 121.20199,
12.509550, 166.59105, 1.6513460, 120.77998, 120.98219,
12.519610, 168.66808, 1.6386579, 120.55241, 120.75886,
12.529670, 169.59092, 1.5777914, 120.32168, 120.53207,
12.539730, 175.73432, 1.6847274, 120.08784, 120.30187,
12.549780, 178.19200, 1.9602442, 119.85122, 120.06860,
12.559840, 179.49275, 1.6251000, 119.61142, 119.83183,
12.569890, 179.45210, 1.6465942, 119.36900, 119.59214,
12.579940, 174.72180, 1.6260793, 119.12380, 119.34935,
12.589990, 185.69382, 1.5956015, 118.87588, 119.10353,
12.600040, 188.92963, 1.6307456, 118.62528, 118.85473,
12.610090, 194.26365, 1.5524167, 118.37214, 118.60306,
12.620130, 197.74173, 1.7790672, 118.11676, 118.34884,
12.630170, 209.10223, 1.7214317, 117.85893, 118.09184,
12.640210, 207.76655, 1.7113844, 117.59873, 117.83217,
12.650250, 206.27503, 1.6281797, 117.33623, 117.56990,
12.660290, 206.04890, 1.5751672, 117.07153, 117.30510,
12.670330, 209.87125, 1.6186773, 116.80463, 117.03781,
12.680360, 212.59615, 1.6519308, 116.53592, 116.76839,
12.690390, 225.74947, 1.6405773, 116.26517, 116.49663,
12.700420, 227.88375, 1.6581855, 115.99242, 116.22258,
12.710450, 229.44413, 1.6649916, 115.71778, 115.94636,
12.720480, 233.29255, 1.7799471, 115.44129, 115.66799,
12.730500, 237.51722, 2.0363959, 115.16328, 115.38782,
12.740530, 238.55820, 1.6875446, 114.88327, 115.10537,
12.750550, 227.64883, 1.6506694, 114.60186, 114.82125,
12.760570, 223.79030, 1.6595460, 114.31886, 114.53528,
12.770590, 229.71202, 1.7003006, 114.03429, 114.24747,
12.780610, 223.15977, 1.6433537, 113.74821, 113.95792,
12.790620, 217.88515, 1.8759274, 113.46100, 113.66698,
12.800640, 216.88288, 1.6447005, 113.17210, 113.37412,
12.810650, 218.71370, 1.6598485, 112.88218, 113.08001,
12.820660, 205.38932, 1.6363199, 112.59099, 112.78440,
12.830670, 187.48565, 1.5132542, 112.29855, 112.48734,
12.840680, 176.39193, 1.5145811, 112.00497, 112.18893,
12.850680, 169.67033, 1.5263487, 111.71056, 111.88950,
12.860690, 161.64900, 1.5447110, 111.41482, 111.58855,
12.870690, 151.73538, 1.9051498, 111.11835, 111.28669,
12.880690, 144.97258, 1.4837982, 110.82096, 110.98375,
12.890690, 134.49348, 2.4713932, 110.52264, 110.67972,
12.900680, 135.14948, 1.4479397, 110.22378, 110.37501,
12.910680, 135.67095, 1.5193649, 109.92381, 110.06904,
12.920670, 128.80670, 1.4422384, 109.62341, 109.76251,
12.930670, 122.86920, 1.4288689, 109.32199, 109.45485,
12.940660, 119.41257, 1.5289021, 109.02022, 109.14673,
12.950640, 118.15138, 1.5449937, 108.71819, 108.83826,
12.960630, 117.58820, 1.9188317, 108.41528, 108.52881,
12.970620, 115.51752, 1.5352280, 108.11189, 108.21881,
12.980600, 119.95258, 1.4345419, 107.80834, 107.90860,
12.990580, 115.84230, 1.5788085, 107.50442, 107.59796,
13.000560, 104.98095, 1.5112081, 107.20012, 107.28689,
13.010540, 106.55218, 1.5555568, 106.89552, 106.97549,
13.020520, 105.95016, 1.4698635, 106.59067, 106.66381,
13.030490, 107.50240, 1.5670966, 106.28593, 106.35225,
13.040470, 103.71278, 1.6925892, 105.98071, 106.04020,
13.050440, 105.34997, 1.7383277, 105.67570, 105.72838,
13.060410, 102.65583, 1.6335290, 105.37063, 105.41652,
13.070380, 107.38418, 1.7406289, 105.06551, 105.10465,
13.080350, 102.37259, 2.0247188, 104.76046, 104.79289,
13.090310, 104.20768, 1.8620490, 104.45578, 104.48157,
13.100280, 105.81675, 1.9028118, 104.15094, 104.17015,
13.110240, 100.34787, 1.8494562, 103.84657, 103.85928,
13.120200, 96.529058, 1.9392381, 103.54242, 103.54873,
13.130160, 110.14728, 2.0593776, 103.23855, 103.23855,
13.140110, 103.23855, 1.6183809, 102.93531, 102.92913,
13.150070, 102.40330, 1.2356986, 102.63211, 102.61985,
13.160020, 100.95522, 1.2808625, 102.32960, 102.31140,
13.169980, 100.27932, 1.3830332, 102.02719, 102.00316,
13.179930, 98.216322, 1.4402736, 101.72553, 101.69582,
13.189870, 90.136988, 1.3953782, 101.42463, 101.38939,
13.199820, 98.086916, 1.4817577, 101.12394, 101.08330,
13.209770, 101.48307, 1.4588475, 100.82376, 100.77786,
13.219710, 99.163223, 1.3958460, 100.52445, 100.47345,
13.229650, 99.643518, 1.5781827, 100.22576, 100.16982,
13.239590, 98.027258, 1.5103379, 99.927663, 99.866951,
13.249530, 93.634287, 1.4502444, 99.630220, 99.564896,
13.259470, 96.120142, 1.4833117, 99.333461, 99.263696,
13.269410, 93.778725, 1.4948761, 99.037419, 98.963386,
13.279340, 95.685402, 1.7260578, 98.742437, 98.664317,
13.289270, 94.403534, 1.7792518, 98.448206, 98.366181,
13.299200, 100.85648, 1.7404374, 98.154814, 98.069070,
13.309130, 93.823414, 1.8798514, 97.862267, 97.772991,
13.318260, 95.613565, 1.4677238, 97.594039, 97.501684,
13.328980, 96.163254, 1.3700941, 97.280090, 97.184330,
13.339690, 98.915697, 1.5250312, 96.967547, 96.868616,
13.350400, 102.34119, 1.5482271, 96.656146, 96.554277,
13.361120, 99.600710, 1.4386679, 96.345627, 96.241054,
13.371830, 98.541470, 1.3351847, 96.036641, 95.929605,
13.382530, 100.27809, 1.3467600, 95.729202, 95.619947,
13.393240, 97.859400, 1.3388453, 95.422806, 95.311574,
13.403940, 99.447920, 1.3502055, 95.118044, 95.005083,
13.414650, 98.453112, 1.5391222, 94.814420, 94.699975,
13.425350, 101.73579, 1.3789610, 94.512520, 94.396842,
13.436050, 101.77464, 1.3152675, 94.212120, 94.095458,
13.446740, 105.66715, 1.3266937, 93.913561, 93.796165,
13.457440, 107.15215, 1.4572848, 93.616305, 93.498425,
13.468130, 108.21293, 1.5333548, 93.320984, 93.202869,
13.478830, 107.69725, 1.4127386, 93.027068, 92.908967,
13.489520, 108.72327, 1.3127988, 92.735183, 92.617345,
13.500200, 108.53280, 1.3589384, 92.445350, 92.328021,
13.510890, 113.49755, 1.4196566, 92.157103, 92.040527,
13.521570, 116.03665, 1.3461437, 91.871009, 91.755427,
13.532260, 119.15337, 1.3093594, 91.586610, 91.472263,
13.542940, 117.90218, 1.3182308, 91.304468, 91.191591,
13.553620, 121.88103, 2.4908085, 91.024384, 90.913209,
13.564290, 115.10568, 2.4914493, 90.746685, 90.637437,
13.574970, 111.74340, 1.2373086, 90.470882, 90.363786,
13.585640, 111.63973, 1.1952424, 90.197575, 90.092846,
13.596320, 112.40965, 1.2021802, 89.926284, 89.824136,
13.606990, 107.39853, 1.2437243, 89.657602, 89.558237,
13.617650, 106.81360, 1.2126661, 89.391560, 89.295173,
13.628320, 108.21213, 1.2069576, 89.127741, 89.034525,
13.638980, 104.94527, 1.1424602, 88.866681, 88.776815,
13.649650, 104.98703, 1.2404968, 88.607975, 88.521635,
13.660310, 101.17633, 1.2609364, 88.352152, 88.269496,
13.670970, 100.65418, 1.3844498, 88.099043, 88.020226,
13.681630, 100.15854, 1.1286854, 87.848716, 87.773879,
13.692280, 99.412909, 1.1337654, 87.601481, 87.530750,
13.702940, 95.457863, 1.1574657, 87.356920, 87.290417,
13.713590, 92.279055, 1.1978866, 87.115585, 87.053410,
13.724240, 92.289715, 1.2204043, 86.877284, 86.819527,
13.734890, 89.603304, 1.1081867, 86.642132, 86.588869,
13.745530, 89.028900, 1.1158513, 86.410388, 86.361676,
13.756180, 89.513519, 1.2065127, 86.181712, 86.137599,
13.766820, 86.421692, 1.1198968, 85.956590, 85.917099,
13.777460, 85.724436, 1.1938150, 85.734895, 85.700033,
13.788100, 85.024572, 1.1179794, 85.516705, 85.486464,
13.798740, 85.548010, 1.1049796, 85.302102, 85.276450,
13.809380, 84.485121, 1.1883993, 85.091187, 85.070074,
13.820010, 86.591970, 1.1873824, 84.884190, 84.867539,
13.830640, 85.002615, 1.2764176, 84.681043, 84.668758,
13.841270, 85.162270, 1.1228596, 84.481796, 84.473759,
13.851900, 81.734367, 1.1716596, 84.286574, 84.282641,
13.862530, 81.930233, 1.5408525, 84.095449, 84.095449,
13.873150, 84.095449, 1.3982942, 83.908649, 83.912390,
13.883780, 85.159910, 11.035077, 83.725779, 83.733083,
13.894400, 84.990486, 1.3146725, 83.547078, 83.557776,
13.905020, 85.650385, 1.3250568, 83.372295, 83.386234,
13.915640, 84.168985, 1.3322262, 83.201346, 83.218384,
13.926250, 89.726654, 1.4848595, 83.034295, 83.054302,
13.936870, 86.866043, 1.4436551, 82.870775, 82.893635,
13.947480, 89.481150, 1.4595328, 82.710972, 82.736573,
13.958090, 87.283422, 1.5359140, 82.554688, 82.582929,
13.968700, 84.792049, 1.8234621, 82.401816, 82.432605,
13.979310, 89.334166, 1.8111639, 82.252311, 82.285560,
13.989910, 90.804974, 1.6026930, 82.106214, 82.141840,
14.000520, 84.275202, 1.5234264, 81.963189, 82.001118,
14.011120, 83.054079, 1.6263587, 81.823424, 81.863581,
14.021720, 82.334593, 1.6314013, 81.686718, 81.729035,
14.032320, 81.834850, 1.7990521, 81.553004, 81.597413,
14.042920, 84.213768, 1.8106453, 81.422214, 81.468650,
14.053510, 84.283354, 1.7028113, 81.294407, 81.342803,
14.064110, 87.795212, 1.8575507, 81.169266, 81.219560,
14.074700, 82.785992, 2.1146782, 81.046965, 81.099088,
14.085290, 82.816900, 1.9528348, 80.927337, 80.981223,
14.095870, 84.883011, 1.5372641, 80.810416, 80.865994,
14.106460, 87.894491, 1.2872873, 80.695930, 80.753129,
14.117040, 83.951845, 1.2496609, 80.584027, 80.642769,
14.127630, 82.752436, 1.4305643, 80.474438, 80.534645,
14.138210, 83.170525, 1.4459271, 80.367322, 80.428908,
14.148790, 89.928976, 1.4013439, 80.262516, 80.325389,
14.159370, 84.626051, 1.4576481, 80.159964, 80.224028,
14.169940, 88.505127, 1.4113442, 80.059710, 80.124861,
14.180520, 87.197947, 2.7077223, 79.961503, 80.027630,
14.182090, 86.242037, 1.3597168, 79.947112, 80.013374,
14.193560, 98.626289, 1.3479304, 79.843344, 79.910510,
14.205030, 90.202999, 1.2546430, 79.741957, 79.809875,
14.216500, 99.425045, 1.5009656, 79.642904, 79.711409,
14.227970, 95.487276, 1.6443457, 79.546114, 79.615030,
14.239430, 97.419930, 1.4046175, 79.451603, 79.520740,
14.250890, 91.517485, 3.2466996, 79.359237, 79.428393,
14.262350, 92.216505, 1.3755299, 79.268942, 79.337898,
14.273810, 92.105703, 1.4711236, 79.180667, 79.249191,
14.285270, 97.026127, 1.3909446, 79.094363, 79.162204,
14.296730, 87.736736, 1.2796926, 79.009959, 79.076853,
14.308180, 86.691959, 1.2079274, 78.927481, 78.993146,
14.319630, 84.822088, 1.2878744, 78.846798, 78.910933,
14.331080, 85.371792, 1.3555320, 78.767850, 78.830136,
14.342530, 82.583826, 22.696898, 78.690596, 78.750696,
14.353970, 81.408892, 1.2212609, 78.615049, 78.672608,
14.365410, 82.851719, 1.2060598, 78.541078, 78.595720,
14.376860, 82.561045, 1.4094157, 78.468582, 78.519906,
14.388300, 82.064116, 1.4044265, 78.397631, 78.445221,
14.399730, 81.299021, 1.2439048, 78.328179, 78.371599,
14.411170, 77.661186, 1.1435094, 78.260051, 78.298835,
14.422600, 78.650436, 1.2913461, 78.193325, 78.226993,
14.434030, 77.800205, 1.1358405, 78.127892, 78.155936,
14.445460, 84.798634, 1.2630543, 78.063700, 78.085589,
14.456890, 77.743944, 1.1782280, 78.000716, 78.015894,
14.468320, 80.252920, 1.1624556, 77.938889, 77.946777,
14.479740, 77.509258, 1.1090040, 77.878225, 77.878225,
14.491160, 77.878225, 1.3816227, 77.818623, 77.810122,
14.502580, 76.928589, 5.7660439, 77.760003, 77.742450,
14.514000, 81.025499, 1.2178916, 77.702268, 77.675184,
14.525420, 78.934481, 1.1341867, 77.645333, 77.608318,
14.536830, 79.845852, 1.1260461, 77.589161, 77.541898,
14.548240, 75.320601, 1.1286362, 77.533610, 77.475850,
14.559650, 78.564917, 1.1985459, 77.478589, 77.410156,
14.571060, 73.464954, 1.0671187, 77.424020, 77.344814,
14.582470, 76.481548, 1.2494000, 77.369810, 77.279805,
14.593870, 74.437828, 1.1064462, 77.315917, 77.215171,
14.605270, 76.227806, 1.2552920, 77.262210, 77.150844,
14.616670, 73.287722, 1.0284161, 77.208605, 77.086816,
14.628070, 70.662672, 1.1599778, 77.155008, 77.023066,
14.639470, 76.802197, 1.0201669, 77.101336, 76.959585,
14.650860, 73.256056, 1.0015465, 77.047552, 76.896419,
14.662260, 77.537111, 1.0950633, 76.993471, 76.833439,
14.673650, 76.871002, 0.98614537, 76.939105, 76.770748,
14.685040, 74.911596, 1.0359343, 76.884314, 76.708272,
14.696420, 73.598806, 0.98146764, 76.829070, 76.646066,
14.707810, 71.508286, 0.99437337, 76.773176, 76.583991,
14.719190, 74.656458, 1.0561627, 76.716656, 76.522161,
14.730570, 73.365055, 1.2013822, 76.659363, 76.460496,
14.741950, 75.761677, 1.2533835, 76.601212, 76.398989,
14.753330, 79.620657, 1.1736338, 76.542116, 76.337628,
14.764700, 77.421127, 1.2593633, 76.482041, 76.276457,
14.776080, 73.526983, 1.0591701, 76.420788, 76.215351,
14.787450, 73.736128, 1.0368309, 76.358379, 76.154411,
14.798820, 72.946182, 1.1232530, 76.294669, 76.093568,
14.810190, 74.407190, 1.1204298, 76.229560, 76.032806,
14.821550, 75.456470, 1.1514310, 76.163030, 75.972174,
14.832920, 76.673731, 1.1724048, 76.094869, 75.911552,
14.844280, 78.517162, 1.1604476, 76.025097, 75.851031,
14.855640, 76.406223, 1.4135872, 75.953566, 75.790547,
14.866990, 74.928223, 1.3071455, 75.880249, 75.730145,
14.878350, 72.401640, 1.2654933, 75.804915, 75.669702,
14.889710, 74.327982, 1.2723669, 75.727536, 75.609260,
14.901060, 76.069666, 1.2925142, 75.648088, 75.548865,
14.912410, 78.183828, 1.3694407, 75.566402, 75.488448,
14.923760, 75.306995, 1.3880633, 75.482374, 75.427993,
14.935100, 71.417070, 1.5694214, 75.395997, 75.367553,
14.946450, 76.298939, 1.4731128, 75.306995, 75.306995,
14.957790, 72.802361, 1.3878168, 75.215616, 75.246449,
14.969130, 77.731985, 1.6025580, 75.122561, 75.185974,
14.980470, 76.893133, 1.6141774, 75.028768, 75.125692,
14.991810, 80.634872, 1.5731647, 74.935198, 75.065745,
15.003140, 77.873636, 1.7209294, 74.842878, 75.006315,
15.014480, 75.832001, 1.7007182, 74.752614, 74.947443,
15.025810, 74.558760, 1.7020555, 74.665494, 74.889351,
15.037140, 75.143934, 1.7630836, 74.582408, 74.832133,
15.048460, 81.382231, 1.9886520, 74.504367, 74.775966,
15.059790, 76.884153, 1.9546712, 74.432196, 74.720890,
15.071110, 72.059132, 1.7212938, 74.366974, 74.667132,
15.082440, 73.866888, 1.3602769, 74.309549, 74.614732,
15.093750, 77.712729, 1.1422807, 74.261034, 74.563969,
15.105070, 72.122507, 1.1997961, 74.222249, 74.514833,
15.116390, 76.961597, 1.3605752, 74.194217, 74.467509,
15.127700, 74.765053, 1.3105489, 74.177926, 74.422174,
15.139020, 80.813467, 1.6022365, 74.174329, 74.378878,
15.150330, 78.040083, 1.4222086, 74.184421, 74.337840,
15.162390, 73.594336, 1.6307505, 74.211373, 74.296672,
15.174730, 74.257490, 1.6635628, 74.257490, 74.257490,
15.187070, 73.582890, 1.6146076, 74.323270, 74.221426,
15.199410, 76.649317, 1.9150073, 74.408127, 74.188465,
15.211740, 75.091288, 1.7175650, 74.510982, 74.158591,
15.224080, 75.723127, 1.5232557, 74.631067, 74.131703,
15.236410, 76.915649, 1.3680630, 74.767223, 74.107803,
15.248740, 74.086473, 1.5235703, 74.918606, 74.086824,
15.261060, 84.637589, 1.5266712, 75.084140, 74.068736,
15.273390, 79.832060, 1.5342335, 75.263185, 74.053466,
15.285710, 79.004454, 1.5558565, 75.454540, 74.040997,
15.298030, 73.295414, 1.4908836, 75.657417, 74.031275,
15.310350, 77.246649, 1.3337138, 75.870950, 74.024256,
15.322660, 78.914873, 1.5543926, 76.094036, 74.019905,
15.334980, 75.416565, 1.4782241, 76.326152, 74.018174,
15.347290, 74.714207, 1.2968804, 76.566058, 74.019027,
15.359600, 73.459879, 1.2021658, 76.813055, 74.022422,
15.371900, 78.775337, 1.2190138, 77.066054, 74.028315,
15.384210, 76.489016, 1.2976592, 77.324620, 74.036679,
15.396510, 88.834745, 1.3010070, 77.587469, 74.047463,
15.408810, 80.461878, 1.3221941, 77.853920, 74.060635,
15.421110, 81.767120, 1.2082577, 78.123155, 74.076162,
15.433410, 77.572985, 1.1380905, 78.394278, 74.094005,
15.445700, 73.848677, 1.2116721, 78.666241, 74.114114,
15.457990, 79.918633, 1.2746233, 78.938403, 74.136467,
15.470280, 80.242254, 1.3444652, 79.209911, 74.161031,
15.482570, 76.454737, 1.2614541, 79.479913, 74.187772,
15.494860, 84.026747, 1.3017781, 79.747554, 74.216658,
15.507140, 78.895689, 1.2992423, 80.011776, 74.247629,
15.519420, 79.144012, 1.2442741, 80.271913, 74.280674,
15.531700, 76.557041, 1.2913433, 80.527149, 74.315766,
15.543980, 82.631271, 1.3234943, 80.776583, 74.352869,
15.556260, 82.217655, 1.4846194, 81.019393, 74.391956,
15.568530, 81.746334, 1.2834088, 81.254494, 74.432960,
15.580800, 81.074640, 1.1945805, 81.481227, 74.475882,
15.593070, 81.698719, 1.2582279, 81.698719, 74.520694,
15.605340, 78.936899, 1.4284474, 81.906373, 74.567367,
15.617600, 83.314571, 1.2976935, 82.104559, 74.615832,
15.629860, 86.203798, 1.2148911, 82.294225, 74.666094,
15.642120, 84.826904, 1.3740392, 82.476192, 74.718133,
15.654380, 81.981146, 1.2769456, 82.651217, 74.771912,
15.666640, 85.950392, 1.3078023, 82.820112, 74.827414,
15.678890, 85.573589, 1.2738814, 82.983504, 74.884557,
15.691140, 87.111979, 1.1976418, 83.142314, 74.943362,
15.703390, 87.339561, 1.1334688, 83.297316, 75.003804,
15.715640, 84.115505, 1.1360290, 83.449278, 75.065856,
15.727890, 87.085052, 1.2283219, 83.598969, 75.129493,
15.740130, 88.807138, 1.2400666, 83.747041, 75.194638,
15.752370, 88.912354, 1.2659240, 83.894364, 75.261312,
15.764610, 94.425896, 1.1020830, 84.041725, 75.329499,
15.776850, 91.673504, 1.1469213, 84.189865, 75.399166,
15.789090, 91.245140, 1.0896481, 84.339572, 75.470299,
15.801320, 89.044180, 1.1263955, 84.491467, 75.542807,
15.813550, 93.072706, 1.2961468, 84.646442, 75.616728,
15.825780, 95.534439, 1.1801725, 84.805265, 75.692038,
15.838010, 95.271021, 1.2271079, 84.968702, 75.768715,
15.850230, 94.053619, 1.2338381, 85.137393, 75.846677,
15.862450, 94.612602, 1.2459617, 85.312219, 75.925953,
15.874670, 95.675819, 1.3661883, 85.493985, 76.006535,
15.886890, 95.299873, 1.2938889, 85.683456, 76.088396,
15.899110, 97.251371, 1.3720743, 85.881400, 76.171507,
15.911320, 93.075472, 1.3323074, 86.088455, 76.255789,
15.923540, 92.520357, 1.4156925, 86.305754, 76.341359,
15.935750, 92.248379, 1.4101949, 86.533723, 76.428050,
15.947960, 89.063217, 1.6079221, 86.773345, 76.515916,
15.960160, 91.356998, 1.4184954, 87.025231, 76.604865,
15.972370, 94.509289, 1.5672813, 87.290588, 76.695019,
15.984570, 91.169357, 1.4632646, 87.569803, 76.786210,
15.996770, 94.791937, 1.6128854, 87.863952, 76.878504,
16.008961, 94.026184, 1.7126082, 88.173603, 76.971800,
16.021160, 96.373793, 1.7037892, 88.500061, 77.066220,
16.033350, 99.479799, 1.7051139, 88.843693, 77.161605,
16.045549, 98.452791, 1.5858080, 89.205903, 77.258085,
16.057739, 97.649811, 1.6988100, 89.586998, 77.355493,
16.069920, 95.796202, 1.7407267, 89.987817, 77.453808,
16.082109, 90.994852, 1.6866837, 90.409883, 77.553167,
16.094290, 91.334709, 1.7248158, 90.853440, 77.653397,
16.106470, 94.187901, 1.9556692, 91.319728, 77.754559,
16.118650, 93.733952, 1.6644722, 91.809677, 77.856637,
16.130831, 94.311729, 1.7741908, 92.324229, 77.959613,
16.143009, 89.142982, 1.7438380, 92.864255, 78.063455,
16.155180, 94.857594, 1.8795087, 93.430439, 78.168097,
16.167351, 99.782141, 1.8241406, 94.024094, 78.273587,
16.179520, 98.830433, 1.9665979, 94.646120, 78.379894,
16.191681, 95.215796, 1.8004081, 95.297202, 78.486950,
16.203850, 92.933134, 1.8310412, 95.979187, 78.594876,
16.216009, 95.979187, 1.9949466, 96.691575, 78.703502,
16.228170, 103.75793, 2.1121352, 97.433193, 78.812915,
16.240330, 111.78560, 2.3033210, 98.201436, 78.923066,
16.252489, 101.90024, 2.3154912, 98.994060, 79.033958,
16.264641, 109.75612, 2.2134373, 99.808203, 79.145506,
16.276791, 110.83415, 2.1154290, 100.64189, 79.257746,
16.288950, 121.54890, 2.2594877, 101.49362, 79.370771,
16.301090, 116.14410, 2.4227715, 102.35905, 79.484300,
16.313240, 118.82805, 2.4810301, 103.23790, 79.598587,
16.325380, 118.57987, 2.7315429, 104.12652, 79.713436,
16.337530, 133.61255, 4.7700116, 105.02401, 79.829016,
16.349670, 140.40802, 4.6493805, 105.92670, 79.945132,
16.361799, 156.85330, 2.7328110, 106.83214, 80.061749,
16.373940, 164.10370, 2.0821277, 107.73978, 80.179075,
16.386070, 172.20832, 2.0429433, 108.64579, 80.296894,
16.398211, 183.73670, 2.1228681, 109.54933, 80.415379,
16.410339, 183.64737, 1.8757256, 110.44657, 80.534311,
16.422461, 182.72375, 2.1619170, 111.33553, 80.653713,
16.434589, 185.78785, 2.2863806, 112.21506, 80.773724,
16.446711, 188.63660, 2.4939736, 113.08178, 80.894180,
16.458839, 181.85442, 2.1247111, 113.93450, 81.015220,
16.470961, 172.86742, 2.2247250, 114.76986, 81.136679,
16.483070, 169.53832, 2.3538601, 115.58534, 81.258506,
16.495190, 164.02493, 3.3153437, 116.38005, 81.380900,
16.500280, 155.33628, 2.2091144, 116.70692, 81.432449,
16.513599, 156.86585, 2.0226904, 117.54106, 81.567695,
16.526911, 148.26452, 1.8279725, 118.34179, 81.703396,
16.540211, 140.75340, 1.7607627, 119.10585, 81.839496,
16.553520, 159.39943, 1.8543531, 119.83129, 81.976193,
16.566820, 136.53213, 1.7159358, 120.51393, 82.113277,
16.580120, 129.24590, 1.6944841, 121.15110, 82.250831,
16.593420, 129.11633, 1.5647339, 121.73958, 82.388838,
16.606710, 124.95750, 1.4960202, 122.27577, 82.527186,
16.620001, 128.17625, 1.5021092, 122.75681, 82.665957,
16.633301, 126.26097, 1.5791517, 123.17967, 82.805237,
16.646589, 128.28015, 1.5687387, 123.54035, 82.944791,
16.659870, 124.06245, 1.4926781, 123.83569, 83.084645,
16.673149, 120.94090, 1.5349113, 124.06245, 83.224843,
16.686440, 123.74312, 1.4761116, 124.21933, 83.365513,
16.699711, 129.05997, 1.5354414, 124.31254, 83.506316,
16.712990, 128.71062, 1.8133033, 124.35083, 83.647523,
16.726271, 130.80060, 1.6718373, 124.34257, 83.789058,
16.739540, 130.59495, 1.6288701, 124.29622, 83.930764,
16.752810, 126.21988, 1.6206021, 124.22016, 84.072750,
16.766081, 129.98423, 1.5607329, 124.12274, 84.215022,
16.779341, 129.59025, 1.5302369, 124.01240, 84.357424,
16.792601, 122.13170, 1.7181048, 123.89738, 84.500063,
16.805870, 127.83960, 1.8210081, 123.78590, 84.643029,
16.819120, 127.00278, 1.8289074, 123.68651, 84.786000,
16.832380, 122.63692, 1.6748405, 123.60731, 84.929271,
16.845631, 125.42923, 1.4305000, 123.55671, 85.072623,
16.858891, 120.86890, 1.4335948, 123.54299, 85.216248,
16.872141, 121.60645, 1.4688070, 123.57455, 85.359927,
16.885380, 121.42790, 1.4527320, 123.65963, 85.503625,
16.898630, 124.02425, 1.3746084, 123.80680, 85.647577,
16.911869, 121.92525, 1.3186867, 124.02425, 85.791522,
16.925110, 129.57903, 1.2836526, 124.31778, 85.935591,
16.938351, 128.81532, 1.4041694, 124.68169, 86.079750,
16.951580, 128.00858, 1.4348605, 125.10711, 86.223862,
16.964821, 128.22060, 1.4978750, 125.58637, 86.368163,
16.978050, 132.85353, 1.3673993, 126.11025, 86.512390,
16.991270, 131.82047, 1.3800127, 126.67039, 86.656551,
17.004499, 154.38920, 1.4167656, 127.25928, 86.800841,
17.017719, 246.92217, 1.7849753, 127.86780, 86.945039,
17.030951, 455.70672, 2.5028428, 128.48862, 87.089361,
17.044161, 421.86725, 2.5842083, 129.11196, 87.233439,
17.057381, 174.91405, 1.7170840, 129.73100, 87.377595,
17.070601, 136.29480, 1.5095439, 130.33703, 87.521710,
17.083811, 140.08332, 1.6341282, 130.92136, 87.665668,
17.097019, 144.20463, 1.6406042, 131.47609, 87.809539,
17.110229, 146.68145, 1.7907713, 131.99310, 87.953352,
17.123430, 135.22838, 1.7673341, 132.46368, 88.096968,
17.136641, 132.94465, 1.7610443, 132.88017, 88.240584,
17.149839, 137.59055, 1.8046279, 133.23356, 88.383956,
17.163040, 133.71850, 1.6332936, 133.51589, 88.527218,
17.176229, 131.43145, 1.5369099, 133.71850, 88.670212,
17.189430, 133.28502, 1.7002074, 133.83534, 88.813172,
17.202620, 133.86860, 1.7503378, 133.86805, 88.955837,
17.215811, 135.33268, 1.6181015, 133.82062, 89.098340,
17.229000, 134.97260, 1.6269144, 133.69686, 89.240624,
17.242180, 141.95457, 2.0986450, 133.50070, 89.382596,
17.255369, 140.38015, 1.5042695, 133.23556, 89.524447,
17.268551, 136.30353, 1.5386655, 132.90542, 89.665980,
17.281719, 135.68260, 1.6636612, 132.51420, 89.807119,
17.294901, 137.54925, 1.9211231, 132.06468, 89.948137,
17.308069, 144.04615, 1.7918300, 131.56129, 90.088736,
17.321251, 157.27772, 1.7108872, 131.00652, 90.229187,
17.334410, 164.08817, 1.8539241, 130.40541, 90.369090,
17.347580, 159.39003, 1.8741674, 129.75987, 90.508797,
17.360750, 156.35722, 1.9218946, 129.07382, 90.648173,
17.373911, 155.94330, 2.1336227, 128.35115, 90.787103,
17.387070, 151.58553, 2.0656027, 127.59486, 90.925653,
17.400230, 148.42370, 2.0012864, 126.80803, 91.063851,
17.413380, 141.51957, 1.8568615, 125.99481, 91.201542,
17.426540, 143.71533, 2.0757719, 125.15705, 91.338952,
17.439690, 143.03445, 2.0851035, 124.29948, 91.475827,
17.452841, 136.23760, 2.1245137, 123.42449, 91.612292,
17.465981, 132.59973, 2.2062333, 122.53624, 91.748196,
17.479130, 132.24362, 2.0961601, 121.63652, 91.883740,
17.492270, 129.57895, 1.9589953, 120.72987, 92.018713,
17.505409, 127.30222, 2.1695828, 119.81883, 92.153199,
17.518551, 119.40982, 2.2417218, 118.90649, 92.287203,
17.531679, 125.69070, 2.1768875, 117.99711, 92.420553,
17.544821, 124.77200, 2.3727731, 117.09204, 92.553508,
17.557949, 119.98080, 2.1761550, 116.19632, 92.685780,
17.571079, 121.85167, 2.1918884, 115.31212, 92.817510,
17.584200, 117.02480, 2.2401583, 114.44340, 92.948567,
17.597330, 111.96925, 2.1157218, 113.59213, 93.079127,
17.610451, 112.38633, 1.9389904, 112.76278, 93.208983,
17.623569, 112.76278, 2.3169585, 111.95745, 93.338196,
17.636690, 117.81417, 2.1629750, 111.17614, 93.466789,
17.649799, 111.38080, 2.0995265, 110.41919, 93.594614,
17.662910, 118.38422, 2.2895656, 109.68545, 93.721785,
17.676029, 124.88260, 2.7887732, 108.97423, 93.848343,
17.689131, 126.80312, 3.1525417, 108.28653, 93.974030,
17.702240, 120.59982, 2.5431892, 107.62066, 94.099070,
17.715349, 114.37987, 3.0507169, 106.97672, 94.223371,
17.728451, 109.64504, 2.6237975, 106.35476, 94.346845,
17.741550, 113.38595, 2.4038036, 105.75418, 94.469529,
17.754641, 118.14948, 1.9005217, 105.17503, 94.591335,
17.767740, 124.66230, 1.9162681, 104.61619, 94.712424,
17.780830, 121.20162, 2.0977759, 104.07823, 94.832601,
17.793921, 121.33567, 1.8215478, 103.56050, 94.951936,
17.807011, 125.14555, 1.9010626, 103.06276, 95.070412,
17.820101, 124.81577, 1.9096865, 102.58481, 95.188009,
17.833179, 121.11203, 1.7505693, 102.12683, 95.304608,
17.846270, 115.63037, 1.7703735, 101.68783, 95.420393,
17.859341, 114.91248, 1.9932319, 101.26865, 95.535077,
17.872419, 112.34993, 2.5850764, 100.86823, 95.648876,
17.885500, 109.59273, 7.6410843, 100.48663, 95.761720,
17.898569, 113.45940, 2.2012124, 100.12407, 95.873474,
17.911640, 112.70303, 2.2040075, 99.780041, 95.984234,
17.924709, 105.45453, 2.3715649, 99.454518, 96.093948,
17.937780, 97.921604, 3.5260938, 99.147307, 96.202627,
17.941250, 107.65977, 2.1685558, 99.068835, 96.231295,
17.955721, 114.52400, 1.9572668, 98.755374, 96.350044,
17.970181, 98.677132, 1.9397814, 98.464395, 96.467353,
17.984650, 102.59011, 1.9482899, 98.195383, 96.583362,
17.999109, 104.56414, 1.7766814, 97.948625, 96.697890,
18.013571, 101.62371, 1.9202657, 97.723855, 96.810999,
18.028021, 100.39673, 1.8260295, 97.521224, 96.922556,
18.042480, 100.42929, 1.6094350, 97.340417, 97.032692,
18.056931, 104.21233, 1.5833775, 97.181671, 97.141232,
18.071381, 99.273851, 1.6603011, 97.044877, 97.248217,
18.085819, 100.71895, 1.6465154, 96.930150, 97.353532,
18.100269, 92.890276, 1.6707961, 96.837359, 97.457314,
18.114710, 102.51082, 1.6878487, 96.766712, 97.559377,
18.129150, 94.873783, 1.5375684, 96.718225, 97.659758,
18.143579, 96.718225, 1.5836732, 96.691776, 97.758346,
18.158020, 100.60188, 1.6295177, 96.686255, 97.855263,
18.172449, 96.037786, 1.7853010, 96.700383, 97.950321,
18.186880, 95.569668, 1.7854975, 96.732882, 98.043575,
18.201300, 95.405388, 1.7570543, 96.782450, 98.134905,
18.215719, 97.773756, 1.7856769, 96.847862, 98.224349,
18.230150, 102.84427, 1.6625831, 96.927960, 98.311940,
18.244560, 99.817669, 1.6226011, 97.021333, 98.397446,
18.258980, 98.732803, 3.6285918, 97.126954, 98.481012,
18.273390, 99.481268, 1.7681346, 97.243490, 98.562490,
18.287800, 94.736422, 1.6753906, 97.369818, 98.641896,
18.302210, 98.199772, 1.5887403, 97.504761, 98.719192,
18.316620, 101.37193, 1.7638521, 97.647145, 98.794338,
18.331020, 97.555073, 1.7608228, 97.795703, 98.867245,
18.345421, 99.012535, 1.4369685, 97.949369, 98.937923,
18.359819, 97.588717, 1.4581462, 98.106965, 99.006320,
18.374210, 98.079550, 1.5713378, 98.267274, 99.072371,
18.388611, 100.46502, 1.6568450, 98.429338, 99.136110,
18.403000, 99.365335, 1.7810294, 98.591773, 99.197400,
18.417379, 96.930614, 1.5092378, 98.753456, 99.256211,
18.431770, 100.05505, 1.5690682, 98.913475, 99.312583,
18.446150, 104.09748, 1.6301442, 99.070430, 99.366382,
18.460529, 98.855083, 2.2237850, 99.223302, 99.417605,
18.474911, 101.96677, 1.9189414, 99.370958, 99.466212,
18.489281, 98.338251, 1.8111859, 99.512114, 99.512114,
18.503660, 99.512114, 1.6199293, 99.646043, 99.555346,
18.518030, 94.735117, 1.6082279, 99.772537, 99.595898,
18.532391, 101.60857, 1.5580280, 99.891802, 99.633838,
18.546761, 102.23498, 1.5983867, 100.00418, 99.669277,
18.561119, 98.275227, 1.6704401, 100.10968, 99.702226,
18.575480, 111.73953, 1.7536814, 100.20859, 99.732779,
18.589840, 97.297781, 1.5808122, 100.30107, 99.760992,
18.604191, 104.83957, 1.5333036, 100.38720, 99.786906,
18.618549, 103.50945, 1.4474110, 100.46728, 99.810613,
18.632900, 98.854551, 1.4285988, 100.54135, 99.832144,
18.647240, 92.593700, 1.5317628, 100.60956, 99.851556,
18.661591, 101.01185, 1.6869694, 100.67216, 99.868937,
18.675930, 99.771612, 1.7462547, 100.72920, 99.884313,
18.690269, 100.16276, 1.8553064, 100.78086, 99.897757,
18.704611, 104.61441, 1.7085747, 100.82727, 99.909323,
18.718941, 105.41698, 1.6903044, 100.86854, 99.919057,
18.733271, 105.18445, 1.7278880, 100.90481, 99.927023,
18.747601, 103.74844, 1.8289188, 100.93621, 99.933274,
18.761930, 106.62725, 1.9387977, 100.96286, 99.937863,
18.776260, 109.30623, 2.0963129, 100.98487, 99.940841,
18.790581, 110.82797, 1.9954214, 101.00233, 99.942260,
18.804899, 107.50383, 1.7806519, 101.01536, 99.942174,
18.819220, 107.92357, 1.9305101, 101.02408, 99.940634,
18.833530, 107.86035, 1.8889823, 101.02857, 99.937692,
18.847839, 108.71893, 1.8908142, 101.02893, 99.933397,
18.862150, 109.24287, 1.9619716, 101.02526, 99.927800,
18.876459, 112.05220, 1.9381133, 101.01765, 99.920949,
18.890770, 113.38395, 1.9361277, 101.00618, 99.912892,
18.905069, 115.09258, 1.8186441, 100.99094, 99.903686,
18.919371, 111.57192, 1.7541093, 100.97201, 99.893371,
18.933670, 115.39108, 1.9155148, 100.94947, 99.881998,
18.947960, 112.78240, 2.0868313, 100.92341, 99.869621,
18.962250, 117.36317, 2.1834247, 100.89388, 99.856280,
18.976540, 115.77185, 2.2116684, 100.86095, 99.842022,
18.990829, 119.38345, 2.4919276, 100.82469, 99.826893,
19.005119, 120.63510, 2.1050086, 100.78517, 99.810939,
19.019400, 114.03342, 2.3275603, 100.74246, 99.794217,
19.033680, 112.01473, 2.2959537, 100.69661, 99.776763,
19.047960, 109.45053, 2.1717148, 100.64767, 99.758622,
19.062229, 105.48025, 2.3573988, 100.59574, 99.739855,
19.076500, 114.25493, 2.8743532, 100.54082, 99.720489,
19.090771, 107.27068, 3.3354992, 100.48297, 99.700572,
19.105040, 107.28340, 2.3489714, 100.42224, 99.680150,
19.119310, 108.78658, 2.3186730, 100.35866, 99.659264,
19.133570, 109.04025, 2.2678191, 100.29233, 99.637978,
19.147829, 106.30673, 2.1613522, 100.22325, 99.616318,
19.162090, 104.56968, 2.2963557, 100.15144, 99.594326,
19.176340, 108.04235, 2.5555672, 100.07701, 99.572066,
19.190599, 104.95750, 2.6485577, 99.999884, 99.549551,
19.204849, 100.48390, 2.5768181, 99.920194, 99.526852,
19.219101, 107.37960, 2.2970833, 99.837910, 99.503997,
19.233339, 104.48178, 2.2872360, 99.753151, 99.481053,
19.247580, 108.53767, 2.5346844, 99.665853, 99.458039,
19.261820, 109.93295, 3.1627077, 99.576053, 99.435002,
19.276060, 96.719955, 3.0584325, 99.483772, 99.411984,
19.290300, 99.389030, 3.5260266, 99.389030, 99.389030,
19.304529, 96.822042, 3.2040679, 99.291925, 99.366202,
19.318760, 103.11028, 3.0935634, 99.192383, 99.343520,
19.332991, 106.77881, 2.9509126, 99.090433, 99.321032,
19.347219, 100.29086, 2.9861705, 98.986101, 99.298784,
19.361441, 105.31965, 7.1147380, 98.879441, 99.276828,
19.375660, 101.92793, 3.3519951, 98.770424, 99.255198,
19.389879, 102.11818, 3.1239040, 98.659041, 99.233936,
19.404100, 117.73327, 3.5360818, 98.545282, 99.213082,
19.418310, 127.47245, 3.4994870, 98.429261, 99.192699,
19.432520, 116.78652, 4.0754818, 98.310889, 99.172814,
