# wave, flux, fluxerr, continuum, continuum_plateau
9.9725246, 51.692720, 1.7407090, 51.692720, 51.692720,
9.9806166, 66.009007, 2.1436276, 51.369895, 51.369672,
9.9887066, 61.867415, 1.7533514, 51.057182, 51.056321,
9.9967957, 55.257670, 1.4902764, 50.754616, 50.752749,
10.004880, 57.941850, 1.6014689, 50.462409, 50.459214,
10.012970, 54.193752, 1.5169786, 50.180266, 50.175461,
10.021050, 54.288665, 1.5272026, 49.908797, 49.902146,
10.029140, 60.365302, 1.4245929, 49.647448, 49.638751,
10.037220, 52.582223, 1.5465737, 49.396955, 49.386054,
10.045300, 60.247545, 2.8928509, 49.157065, 49.143834,
10.053380, 58.271008, 1.5748176, 48.927845, 48.912197,
10.061460, 55.170992, 1.5697738, 48.709448, 48.691327,
10.069540, 54.726344, 1.5333248, 48.501921, 48.481303,
10.077610, 57.635790, 1.3878763, 48.305644, 48.282537,
10.085690, 54.515326, 1.6036815, 48.120231, 48.094666,
10.093760, 58.595640, 1.7368384, 47.946229, 47.918270,
10.101830, 56.768067, 1.2904439, 47.783522, 47.753254,
10.109900, 63.391518, 1.3453000, 47.632208, 47.599738,
10.117970, 55.485960, 1.3339062, 47.492438, 47.457896,
10.126040, 58.051107, 1.4044015, 47.364313, 47.327846,
10.134100, 57.695424, 1.3261843, 47.248097, 47.209876,
10.142170, 53.269347, 1.5614810, 47.143614, 47.103817,
10.150230, 53.364877, 1.5732650, 47.051251, 47.010077,
10.158300, 55.318598, 1.2707883, 46.970921, 46.928576,
10.166360, 57.972612, 1.2095211, 46.902955, 46.859658,
10.174420, 60.930199, 1.3628832, 46.847369, 46.803349,
10.182470, 57.083338, 1.2911511, 46.804360, 46.759850,
10.190530, 55.910120, 1.3402733, 46.773960, 46.729199,
10.198590, 53.456938, 1.3190116, 46.756373, 46.711600,
10.206640, 49.936132, 1.2830837, 46.751747, 46.707206,
10.214690, 54.460124, 1.5844760, 46.760203, 46.716133,
10.222750, 54.182062, 1.2418492, 46.781928, 46.738569,
10.230800, 58.021287, 1.3606314, 46.817029, 46.774613,
10.238850, 52.713980, 1.6810017, 46.865684, 46.824436,
10.246890, 57.918669, 1.4317395, 46.927974, 46.888109,
10.254940, 57.987400, 1.3706777, 47.004215, 46.965940,
10.262990, 52.945681, 1.5631127, 47.094512, 47.058020,
10.271030, 57.207792, 1.4668146, 47.198906, 47.164371,
10.279070, 55.987493, 1.4909554, 47.317658, 47.285238,
10.287120, 55.108449, 1.5904927, 47.451143, 47.420981,
10.295150, 50.812600, 1.5097310, 47.599013, 47.571221,
10.303190, 61.969292, 1.5470531, 47.761991, 47.736666,
10.311230, 53.942127, 1.2590367, 47.940062, 47.917271,
10.319270, 57.568875, 5.8628376, 48.133464, 48.113246,
10.327300, 51.761308, 1.6116638, 48.342092, 48.324451,
10.335340, 48.831537, 1.4747663, 48.566665, 48.551579,
10.343370, 49.518185, 1.5564549, 48.806886, 48.794292,
10.351400, 55.443390, 1.8384468, 49.063164, 49.052962,
10.359430, 46.389265, 1.6319794, 49.335739, 49.327790,
10.367460, 48.242578, 1.7301990, 49.624829, 49.618950,
10.375480, 45.430613, 1.6460175, 49.930243, 49.926205,
10.383510, 48.126025, 1.7044423, 50.253006, 50.250536,
10.391530, 52.162825, 1.7080110, 50.592543, 50.591315,
10.399560, 51.449387, 1.4845209, 50.949896, 50.949531,
10.407580, 51.716820, 1.2437735, 51.324453, 51.324516,
10.415600, 56.915535, 1.4418284, 51.716820, 51.716820,
10.423620, 50.738748, 1.4189456, 52.127199, 52.126602,
10.431640, 48.056830, 1.3033449, 52.555057, 52.553365,
10.439650, 53.209996, 1.4189752, 52.999334, 52.996106,
10.447670, 55.114972, 1.3922099, 53.460581, 53.455421,
10.455680, 58.379284, 1.4293649, 53.937031, 53.929598,
10.463700, 58.097157, 1.4664924, 54.429377, 54.419368,
10.471710, 55.160922, 1.5043773, 54.935779, 54.922942,
10.479720, 61.976724, 1.5778295, 55.456324, 55.440444,
10.487730, 52.583813, 1.4226174, 55.990468, 55.971370,
10.495730, 54.748254, 1.7952861, 56.537012, 56.514560,
10.503740, 54.329335, 1.8928420, 57.096721, 57.070808,
10.511750, 58.085725, 1.8849981, 57.668417, 57.638972,
10.519750, 63.360967, 1.5792379, 58.250798, 58.217784,
10.527750, 65.344783, 1.8823034, 58.844149, 58.807556,
10.535750, 64.148118, 2.2694177, 59.447876, 59.407721,
10.543750, 69.566950, 1.5874963, 60.061386, 60.017711,
10.551750, 57.485340, 2.2976962, 60.684304, 60.637176,
10.559750, 64.656032, 1.6220377, 61.315964, 61.265475,
10.567850, 71.613813, 1.7272566, 61.964064, 61.910286,
10.576350, 61.847537, 1.3355156, 62.652705, 62.595623,
10.584840, 67.780511, 1.6880076, 63.348656, 63.288446,
10.593340, 71.717112, 2.2186022, 64.053025, 63.989879,
10.601830, 74.031128, 1.5215345, 64.763467, 64.697605,
10.610330, 76.343479, 1.9362076, 65.481131, 65.412785,
10.618820, 72.488171, 1.4825088, 66.203724, 66.133150,
10.627310, 69.515869, 1.2659116, 66.931365, 66.858834,
10.635800, 70.053877, 1.4260334, 67.663616, 67.589415,
10.644280, 73.011187, 1.4990649, 68.398885, 68.323319,
10.652770, 67.541788, 1.3165869, 69.138311, 69.061696,
10.661250, 71.633204, 1.3118034, 69.879638, 69.802307,
10.669740, 71.577197, 1.3570286, 70.623936, 70.546237,
10.678220, 76.571842, 1.5397548, 71.368940, 71.291233,
10.686700, 71.813019, 1.2824727, 72.114893, 72.037550,
10.695180, 75.239859, 1.3159426, 72.861200, 72.784610,
10.703650, 72.762638, 1.4608969, 73.606431, 73.530993,
10.712130, 75.681150, 1.6504219, 74.351587, 74.277717,
10.720600, 78.964106, 17.840211, 75.094570, 75.022692,
10.729080, 80.171635, 1.5390570, 75.836374, 75.766932,
10.737550, 77.104931, 1.4664801, 76.574656, 76.508104,
10.746020, 84.780596, 1.5003377, 77.309825, 77.246633,
10.754490, 81.339569, 1.4462360, 78.041123, 77.981776,
10.762960, 82.974295, 1.5554977, 78.768119, 78.713119,
10.771420, 82.951878, 1.5828798, 79.489163, 79.439022,
10.779890, 83.306345, 1.5519988, 80.205611, 80.160871,
10.788350, 84.198244, 1.4555230, 80.915008, 80.876217,
10.796810, 79.331017, 1.4872378, 81.617648, 81.585380,
10.805270, 82.946606, 1.7368444, 82.312931, 82.287781,
10.813730, 81.749802, 1.5454863, 83.000256, 82.982839,
10.822190, 84.348610, 1.5884545, 83.679017, 83.669976,
10.830650, 84.144072, 1.7142002, 84.348610, 84.348610,
10.839100, 85.583639, 1.5392110, 85.007740, 85.017447,
10.847560, 86.039135, 1.6570111, 85.658071, 85.678134,
10.856010, 86.187727, 1.6117258, 86.298212, 86.329200,
10.864460, 88.940790, 1.7743749, 86.928978, 86.971420,
10.872910, 92.259583, 4.6878196, 87.550590, 87.604962,
10.881360, 90.468328, 12.261742, 88.163257, 88.229991,
10.889800, 96.295645, 1.7745862, 88.766307, 88.845766,
10.898250, 98.419651, 2.0396861, 89.361309, 89.453843,
10.906690, 97.946144, 2.2062143, 89.947057, 90.052941,
10.915140, 100.77467, 1.9372412, 90.525073, 90.644570,
10.923580, 114.56692, 2.3160769, 91.094052, 91.227350,
10.932020, 114.84048, 3.4944521, 91.654847, 91.802110,
10.940460, 115.46580, 2.2704653, 92.207583, 92.368937,
10.948890, 120.37890, 2.2019872, 92.751713, 92.927229,
10.957330, 121.63717, 2.7540788, 93.288714, 93.478462,
10.965760, 135.39075, 1.9046650, 93.817430, 94.021410,
10.974200, 150.19675, 2.1643112, 94.339174, 94.557388,
10.982630, 163.26185, 2.2475195, 94.852827, 95.085207,
10.991060, 175.00472, 2.0866687, 95.359211, 95.605682,
10.999490, 176.45678, 2.1717165, 95.858325, 96.118775,
11.007920, 179.65260, 2.4225633, 96.350391, 96.624685,
11.016340, 178.10660, 1.8273128, 96.834860, 97.122817,
11.024770, 174.31067, 2.1238039, 97.312993, 97.614437,
11.033190, 171.08763, 2.2624197, 97.783811, 98.098512,
11.041610, 170.85030, 2.0834414, 98.247962, 98.575681,
11.050030, 164.65858, 2.3400730, 98.705545, 99.046021,
11.058450, 173.17365, 2.3106126, 99.156659, 99.509609,
11.066870, 168.96223, 2.4081333, 99.601401, 99.966521,
11.075290, 163.16755, 3.3554234, 100.03987, 100.41683,
11.083700, 156.94672, 2.3575763, 100.47166, 100.86012,
11.092120, 159.14510, 2.4032200, 100.89786, 101.29746,
11.100530, 158.90593, 2.5297205, 101.31754, 101.72790,
11.108940, 161.63408, 2.4492149, 101.73136, 102.15209,
11.117350, 166.42080, 3.8514617, 102.13933, 102.57001,
11.120570, 174.00765, 2.2693149, 102.29405, 102.72843,
11.129530, 177.35445, 2.1865347, 102.72010, 103.16446,
11.138500, 186.22552, 2.2127069, 103.14027, 103.59413,
11.147460, 204.47918, 2.3424274, 103.55369, 104.01651,
11.156430, 231.85215, 2.5449334, 103.96141, 104.43269,
11.165390, 259.24085, 2.6399017, 104.36258, 104.84177,
11.174350, 300.99147, 2.7788376, 104.75777, 105.24432,
11.183300, 357.99430, 3.1144352, 105.14665, 105.64001,
11.192260, 405.66998, 3.1411789, 105.53016, 106.02976,
11.201220, 441.84727, 3.0405401, 105.90795, 106.41324,
11.210170, 443.18871, 2.9304126, 106.27973, 106.79011,
11.219120, 460.19097, 3.6600264, 106.64597, 107.16087,
11.228070, 451.70250, 3.8004456, 107.00677, 107.52559,
11.237020, 449.81510, 2.8918534, 107.36216, 107.88432,
11.245970, 453.47053, 2.8714694, 107.71230, 108.23722,
11.254920, 439.74040, 2.9078684, 108.05723, 108.58430,
11.263860, 429.25042, 2.8856604, 108.39663, 108.92526,
11.272800, 422.35776, 2.6677478, 108.73101, 109.26062,
11.281750, 403.84538, 2.6329859, 109.06073, 109.59072,
11.290690, 382.03455, 2.6504222, 109.38523, 109.91501,
11.299630, 363.55232, 2.5497838, 109.70485, 110.23384,
11.308560, 348.78242, 2.4095360, 110.01938, 110.54699,
11.317500, 328.56024, 2.3628091, 110.32954, 110.85520,
11.326430, 313.72986, 2.4242582, 110.63474, 111.15788,
11.335370, 292.14189, 2.2779437, 110.93570, 111.45575,
11.344300, 275.68050, 2.1464669, 111.23183, 111.74824,
11.353230, 273.23515, 2.2001413, 111.52353, 112.03574,
11.362160, 265.93820, 2.2206559, 111.81081, 112.31830,
11.371080, 251.63810, 2.1659894, 112.09351, 112.59573,
11.380010, 237.46032, 2.0540854, 112.37221, 112.86865,
11.388930, 230.72280, 2.0889361, 112.64645, 113.13659,
11.397850, 222.13237, 2.2654697, 112.91651, 113.39986,
11.406780, 217.54283, 2.0387364, 113.18279, 113.65886,
11.415700, 214.03830, 1.9424354, 113.44472, 113.91304,
11.424610, 202.71768, 1.8957393, 113.70238, 114.16250,
11.433530, 197.02432, 2.0178744, 113.95638, 114.40785,
11.442450, 194.84693, 1.9913019, 114.20650, 114.64887,
11.451360, 187.34912, 1.8549087, 114.45250, 114.88539,
11.460270, 183.45597, 1.9249419, 114.69472, 115.11772,
11.469180, 172.08263, 1.9348763, 114.93319, 115.34592,
11.478090, 170.01395, 1.8889294, 115.16796, 115.57005,
11.487000, 168.35230, 1.8917458, 115.39907, 115.79019,
11.495910, 170.80157, 1.8699880, 115.62653, 116.00635,
11.504810, 157.70995, 2.0935359, 115.85021, 116.21843,
11.513710, 158.43500, 2.0439255, 116.07033, 116.42667,
11.522620, 153.81395, 1.8369898, 116.28722, 116.63139,
11.531520, 154.61168, 2.0579578, 116.50039, 116.83217,
11.540420, 148.48585, 1.9796700, 116.71014, 117.02931,
11.549310, 146.55255, 2.0551052, 116.91629, 117.22266,
11.558210, 145.27692, 2.0350519, 117.11933, 117.41271,
11.567100, 139.87387, 2.0591890, 117.31880, 117.59905,
11.576000, 146.16233, 2.1260879, 117.51524, 117.78222,
11.584890, 151.60387, 2.3630168, 117.70820, 117.96183,
11.593780, 136.13705, 2.1239957, 117.89792, 118.13812,
11.602670, 134.95177, 2.1318440, 118.08448, 118.31119,
11.611560, 129.93895, 2.4803644, 118.26787, 118.48107,
11.620440, 137.78405, 21.058004, 118.44792, 118.64763,
11.629330, 125.65293, 2.2596979, 118.62508, 118.81131,
11.638210, 125.61822, 2.2805033, 118.79897, 118.97180,
11.647090, 134.92402, 2.4414742, 118.96979, 119.12930,
11.655970, 131.01265, 2.6225695, 119.13758, 119.28390,
11.664850, 125.69200, 1.9708625, 119.30239, 119.43565,
11.673730, 125.07458, 1.5187573, 119.46419, 119.58458,
11.682600, 129.68005, 1.8034094, 119.62286, 119.73061,
11.691480, 125.81478, 1.6913882, 119.77876, 119.87408,
11.700350, 118.19920, 1.7034773, 119.93158, 120.01476,
11.709220, 131.11075, 1.8595225, 120.08149, 120.15285,
11.718090, 121.21375, 1.8247038, 120.22852, 120.28839,
11.726960, 121.37960, 1.9707652, 120.37268, 120.42143,
11.735830, 125.22830, 2.0682798, 120.51400, 120.55203,
11.744690, 121.12260, 2.2466544, 120.65231, 120.68009,
11.753560, 120.24508, 1.9775375, 120.78797, 120.80595,
11.762420, 115.08047, 2.0070022, 120.92066, 120.92938,
11.771280, 124.83705, 3.1245585, 121.05058, 121.05058,
11.775020, 121.05058, 1.7506769, 121.10457, 121.10106,
11.784500, 123.62330, 1.7583920, 121.23923, 121.22729,
11.793980, 126.70092, 1.7664647, 121.37068, 121.35095,
11.803460, 122.80157, 2.4304425, 121.49895, 121.47202,
11.812940, 124.25855, 1.7287724, 121.62398, 121.59045,
11.822420, 131.12840, 1.7629067, 121.74580, 121.70622,
11.831890, 127.93315, 1.7806933, 121.86424, 121.81916,
11.841360, 130.55530, 2.0554809, 121.97944, 121.92936,
11.850840, 127.97580, 1.6462669, 122.09148, 122.03690,
11.860310, 133.36245, 1.5875198, 122.20013, 122.14150,
11.869770, 136.00518, 1.6509436, 122.30538, 122.24316,
11.879240, 138.64708, 1.6393908, 122.40742, 122.34203,
11.888710, 136.37975, 1.5021864, 122.50611, 122.43797,
11.898170, 140.13712, 1.5765900, 122.60136, 122.53085,
11.907630, 144.11580, 1.6436314, 122.69323, 122.62072,
11.917090, 134.32867, 1.6246446, 122.78170, 122.70755,
11.926550, 142.42500, 1.5882480, 122.86675, 122.79129,
11.936010, 143.63858, 1.5664342, 122.94836, 122.87192,
11.945470, 138.04007, 1.9593916, 123.02650, 122.94938,
11.954920, 139.54048, 1.7534279, 123.10105, 123.02355,
11.964370, 144.60630, 1.7729323, 123.17209, 123.09449,
11.973830, 146.50130, 1.5393807, 123.23965, 123.16221,
11.983280, 136.44115, 3.3722770, 123.30355, 123.22653,
11.992720, 142.14347, 1.5559605, 123.36377, 123.28742,
12.002170, 139.93512, 1.5020920, 123.42040, 123.34497,
12.011610, 141.39488, 1.5436468, 123.47331, 123.39900,
12.021060, 140.09445, 1.6227001, 123.52255, 123.44959,
12.030500, 134.44707, 1.5755741, 123.56799, 123.49659,
12.039940, 135.31090, 1.5233809, 123.60963, 123.54000,
12.049380, 132.81385, 1.4594701, 123.64746, 123.57979,
12.058820, 133.40047, 1.5690191, 123.68141, 123.61590,
12.068250, 137.27830, 1.5692591, 123.71142, 123.64826,
12.077690, 133.46507, 1.5878554, 123.73752, 123.67688,
12.087120, 130.53092, 1.5460433, 123.75959, 123.70167,
12.096550, 128.21485, 1.5379289, 123.77762, 123.72260,
12.105980, 134.63575, 1.7064334, 123.79158, 123.73963,
12.115410, 132.30387, 1.6177750, 123.80140, 123.75271,
12.124830, 124.50833, 1.5601159, 123.80703, 123.76178,
12.134260, 133.06380, 1.6646960, 123.80843, 123.76681,
12.143680, 129.39422, 1.6446185, 123.80556, 123.76774,
12.153100, 134.01118, 1.7023037, 123.79835, 123.76453,
12.162520, 133.82865, 2.1722375, 123.78675, 123.75712,
12.171940, 129.94908, 33.711520, 123.77071, 123.74547,
12.181360, 124.62105, 4.9746624, 123.75016, 123.72953,
12.190770, 127.14290, 1.7133924, 123.72507, 123.70925,
12.200180, 126.64435, 2.0423875, 123.69537, 123.68459,
12.209600, 119.15400, 1.6530917, 123.66095, 123.65544,
12.219010, 120.79850, 1.9643529, 123.62182, 123.62182,
12.228420, 123.62182, 2.2991470, 123.57791, 123.58367,
12.237820, 126.64438, 2.2409440, 123.52932, 123.54106,
12.247230, 127.14463, 1.9088235, 123.47605, 123.49396,
12.256630, 143.10430, 1.9759206, 123.41827, 123.44253,
12.266040, 206.68030, 2.6341935, 123.35595, 123.38671,
12.275440, 444.94722, 3.2752836, 123.28929, 123.32666,
12.284840, 371.91940, 3.0569372, 123.21833, 123.26240,
12.294230, 148.06522, 2.1807527, 123.14319, 123.19403,
12.303630, 132.38313, 2.6541253, 123.06381, 123.12148,
12.313030, 137.97860, 2.4711625, 122.98033, 123.04485,
12.322420, 138.53178, 2.7846161, 122.89292, 122.96429,
12.331810, 130.54720, 1.8901742, 122.80156, 122.87976,
12.341200, 135.86250, 1.7362268, 122.70631, 122.79133,
12.350590, 140.27835, 1.6634743, 122.60726, 122.69903,
12.359980, 137.29322, 1.6937707, 122.50445, 122.60291,
12.369360, 143.39310, 1.7172487, 122.39806, 122.50313,
12.378750, 133.51893, 1.6547284, 122.28795, 122.39952,
12.388130, 138.56343, 1.8508515, 122.17440, 122.29235,
12.397510, 136.67560, 1.8036550, 122.05736, 122.18157,
12.406890, 138.92225, 1.6548785, 121.93687, 122.06721,
12.416270, 141.22365, 2.2394079, 121.81301, 121.94931,
12.425640, 143.36535, 1.8842551, 121.68598, 121.82806,
12.435020, 146.06368, 1.9332001, 121.55554, 121.70324,
12.444390, 146.96407, 2.0970849, 121.42204, 121.57516,
12.453760, 147.90658, 1.8315902, 121.28540, 121.44373,
12.463130, 143.78848, 1.7367196, 121.14566, 121.30901,
12.472500, 152.75498, 2.1539639, 121.00288, 121.17102,
12.481870, 166.22297, 2.3221382, 120.85710, 121.02981,
12.489420, 154.30463, 1.8203844, 120.73749, 120.91370,
12.499490, 156.47387, 1.9147522, 120.57503, 120.75568,
12.509550, 159.19365, 1.8998446, 120.40943, 120.59424,
12.519610, 164.56783, 1.7492699, 120.24061, 120.42927,
12.529670, 159.46575, 1.7856730, 120.06862, 120.26084,
12.539730, 164.74497, 1.9670053, 119.89350, 120.08896,
12.549780, 168.78885, 2.1643654, 119.71550, 119.91390,
12.559840, 166.37830, 1.8052501, 119.53430, 119.73533,
12.569890, 170.87360, 1.8007374, 119.35034, 119.55367,
12.579940, 165.86407, 1.7541378, 119.16347, 119.36878,
12.589990, 173.21755, 1.7598607, 118.97375, 119.18071,
12.600040, 180.13300, 1.7254000, 118.78121, 118.98949,
12.610090, 182.18660, 1.7222391, 118.58592, 118.79520,
12.620130, 185.47237, 2.0352628, 118.38813, 118.59807,
12.630170, 193.79643, 1.8056410, 118.18766, 118.39794,
12.640210, 194.61400, 1.7988708, 117.98457, 118.19486,
12.650250, 190.08795, 5.8735341, 117.77891, 117.98887,
12.660290, 194.52882, 7.3070579, 117.57073, 117.78005,
12.670330, 196.07930, 1.7758991, 117.36005, 117.56838,
12.680360, 199.93620, 1.7839265, 117.14713, 117.35417,
12.690390, 213.87785, 1.8049246, 116.93181, 117.13724,
12.700420, 216.46845, 1.8119553, 116.71410, 116.91760,
12.710450, 215.52230, 1.8023135, 116.49409, 116.69534,
12.720480, 216.58368, 1.8514382, 116.27177, 116.47047,
12.730500, 222.24065, 2.2410853, 116.04742, 116.24327,
12.740530, 216.11192, 1.8771850, 115.82062, 116.01332,
12.750550, 209.72062, 1.7682570, 115.59186, 115.78112,
12.760570, 211.37138, 1.8285975, 115.36096, 115.54651,
12.770590, 213.37820, 1.8734141, 115.12793, 115.30948,
12.780610, 206.89640, 1.8085006, 114.89280, 115.07009,
12.790620, 203.08470, 2.0023178, 114.65587, 114.82864,
12.800640, 203.31238, 1.7833921, 114.41666, 114.58465,
12.810650, 205.22342, 1.8240479, 114.17570, 114.33868,
12.820660, 192.26178, 1.7471486, 113.93278, 114.09051,
12.830670, 176.04360, 1.6733057, 113.68790, 113.84015,
12.840680, 169.44910, 1.6520497, 113.44112, 113.58769,
12.850680, 160.21015, 1.7233350, 113.19270, 113.33338,
12.860690, 155.15985, 1.8051065, 112.94218, 113.07678,
12.870690, 145.58195, 1.5825738, 112.69007, 112.81840,
12.880690, 140.60672, 1.5781676, 112.43617, 112.55808,
12.890690, 132.52167, 1.5381856, 112.18047, 112.29578,
12.900680, 131.28910, 1.6105209, 111.92327, 112.03186,
12.910680, 129.99545, 1.6180139, 111.66406, 111.76578,
12.920670, 126.07480, 1.5441013, 111.40340, 111.49815,
12.930670, 123.34055, 1.5905273, 111.14078, 111.22843,
12.940660, 116.78620, 1.7073948, 110.87673, 110.95721,
12.950640, 115.75383, 1.6568476, 110.61132, 110.68456,
12.960630, 110.19230, 2.0201162, 110.34398, 110.40990,
12.970620, 115.38175, 1.6060347, 110.07504, 110.13361,
12.980600, 116.93500, 1.6698288, 109.80476, 109.85594,
12.990580, 113.03510, 1.7511257, 109.53292, 109.57670,
13.000560, 106.43515, 1.6929264, 109.25949, 109.29587,
13.010540, 105.45997, 1.7216651, 108.98451, 109.01351,
13.020520, 106.92800, 1.6778325, 108.70800, 108.72965,
13.030490, 109.59730, 1.7976220, 108.43025, 108.44462,
13.040470, 103.78105, 1.8421394, 108.15071, 108.15785,
13.050440, 107.86997, 1.8660894, 107.86997, 107.86997,
13.060410, 104.65347, 1.8631999, 107.58777, 107.58074,
13.070380, 110.84937, 1.9218849, 107.30414, 107.29018,
13.080350, 108.08475, 2.0037635, 107.01921, 106.99843,
13.090310, 109.09555, 2.1110891, 106.73331, 106.70584,
13.100280, 110.28802, 2.0104840, 106.44598, 106.41190,
13.110240, 109.05753, 2.0816464, 106.15782, 106.11727,
13.120200, 103.09592, 2.0559858, 105.86865, 105.82174,
13.130160, 116.98548, 2.2521702, 105.57855, 105.52539,
13.140110, 108.65990, 1.8557255, 105.28789, 105.22862,
13.150070, 106.36500, 1.4411267, 104.99613, 104.93087,
13.160020, 105.11353, 1.4819750, 104.70396, 104.63284,
13.169980, 105.30098, 1.5312196, 104.41085, 104.33400,
13.179930, 102.94924, 1.6489789, 104.11748, 104.03503,
13.189870, 99.388786, 1.6305114, 103.82390, 103.73601,
13.199820, 100.03173, 1.7470271, 103.52962, 103.43642,
13.209770, 103.64507, 1.6327528, 103.23496, 103.13661,
13.219710, 104.51324, 1.7545989, 102.94034, 102.83699,
13.229650, 103.85243, 1.8782308, 102.64555, 102.53736,
13.239590, 101.02084, 1.7474793, 102.35061, 102.23773,
13.249530, 98.313475, 1.6787055, 102.05560, 101.93821,
13.259470, 96.261381, 1.7187933, 101.76062, 101.63888,
13.269410, 99.941095, 1.8367164, 101.46572, 101.33982,
13.279340, 99.852240, 2.0081995, 101.17130, 101.04141,
13.289270, 99.388433, 2.0531005, 100.87708, 100.74340,
13.299200, 104.41030, 2.0384504, 100.58320, 100.44590,
13.309130, 91.620110, 2.0827700, 100.28970, 100.14898,
13.318260, 95.133808, 1.6807386, 100.02022, 99.876531,
13.328980, 101.91369, 1.5720437, 99.704376, 99.557423,
13.339690, 100.04484, 1.6305128, 99.389539, 99.239562,
13.350400, 106.77261, 1.6480905, 99.075490, 98.922734,
13.361120, 101.60661, 1.7467427, 98.762013, 98.606727,
13.371830, 99.891981, 1.5387778, 98.449815, 98.292257,
13.382530, 103.25684, 1.5823437, 98.138959, 97.979391,
13.393240, 100.54352, 1.5514696, 97.828983, 97.667667,
13.403940, 101.18080, 1.5648511, 97.520535, 97.357740,
13.414650, 103.86451, 1.8601236, 97.213158, 97.049155,
13.425350, 100.26659, 1.4665684, 96.907494, 96.742561,
13.436050, 103.08223, 1.4479784, 96.603366, 96.437780,
13.446740, 107.88665, 1.5698554, 96.301164, 96.135207,
13.457440, 110.62532, 1.5266682, 96.000393, 95.834347,
13.468130, 109.23007, 1.4657726, 95.701739, 95.535891,
13.478830, 109.23857, 1.4495489, 95.404715, 95.239352,
13.489520, 110.47705, 1.5025807, 95.110003, 94.945410,
13.500200, 112.66490, 1.5422769, 94.817669, 94.654135,
13.510890, 114.85633, 1.5172890, 94.527292, 94.365106,
13.521570, 117.10655, 1.5179181, 94.239492, 94.078940,
13.532260, 119.58082, 1.4771144, 93.953858, 93.795228,
13.542940, 118.95218, 1.4462249, 93.671002, 93.514577,
13.553620, 120.72390, 1.5017819, 93.390774, 93.236835,
13.564290, 119.43303, 1.4808545, 93.113549, 92.962374,
13.574970, 112.81563, 1.3835031, 92.838890, 92.690755,
13.585640, 111.83377, 1.3536719, 92.567444, 92.422618,
13.596320, 111.71152, 1.3736961, 92.298786, 92.157537,
13.606990, 108.68803, 1.3392498, 92.033554, 91.896139,
13.617650, 107.76943, 1.3513390, 91.771828, 91.638495,
13.628320, 105.49093, 1.2737425, 91.513251, 91.384250,
13.638980, 103.97830, 1.3187546, 91.258401, 91.133963,
13.649650, 108.31800, 1.3292485, 91.006936, 90.887294,
13.660310, 102.99344, 1.3136050, 90.759425, 90.644790,
13.670970, 101.09122, 1.4998068, 90.515759, 90.406338,
13.681630, 102.10241, 1.2159908, 90.276058, 90.172044,
13.692280, 100.57370, 1.3251668, 90.040674, 89.942243,
13.702940, 97.372435, 1.2773087, 89.809269, 89.716590,
13.713590, 92.659498, 1.2603064, 89.582421, 89.495641,
13.724240, 92.657839, 1.3135367, 89.360009, 89.279262,
13.734890, 92.674868, 1.2855278, 89.142202, 89.067603,
13.745530, 93.561939, 1.3457372, 88.929299, 88.860940,
13.756180, 95.539526, 3.0341034, 88.721052, 88.659016,
13.766820, 89.820898, 1.3233997, 88.517967, 88.462306,
13.777460, 89.232803, 1.2783021, 88.319994, 88.270740,
13.788100, 89.839077, 1.3637658, 88.127271, 88.084433,
13.798740, 91.064245, 1.2143913, 87.939939, 87.903502,
13.809380, 88.250772, 1.3066444, 87.758158, 87.728078,
13.820010, 88.278643, 1.3797211, 87.582196, 87.558398,
13.830640, 89.552519, 1.3670351, 87.412068, 87.394450,
13.841270, 89.179848, 1.3403184, 87.247892, 87.236324,
13.851900, 84.755857, 1.3373313, 87.089852, 87.084167,
13.862530, 84.122568, 1.5915436, 86.938087, 86.938087,
13.873150, 86.938087, 1.5854175, 86.792822, 86.798276,
13.883780, 88.957661, 1.4061707, 86.653644, 86.664339,
13.894400, 89.435238, 1.5100857, 86.520595, 86.536325,
13.905020, 88.680027, 1.4559767, 86.393338, 86.413917,
13.915640, 86.951550, 1.5672186, 86.271671, 86.296925,
13.926250, 91.230021, 1.4934477, 86.155492, 86.185255,
13.936870, 91.073792, 1.5557199, 86.044404, 86.078528,
13.947480, 89.548416, 1.5978184, 85.938388, 85.976725,
13.958090, 92.407684, 1.6635117, 85.837166, 85.879581,
13.968700, 92.001272, 2.0399916, 85.740528, 85.786890,
13.979310, 93.093502, 1.9452406, 85.648299, 85.698483,
13.989910, 94.580036, 1.8861410, 85.560360, 85.614239,
14.000520, 88.808617, 1.7306443, 85.476363, 85.533823,
14.011120, 93.350033, 1.8710238, 85.396276, 85.457195,
14.021720, 85.391790, 1.7395272, 85.319837, 85.384097,
14.032320, 85.190361, 2.0226940, 85.246864, 85.314346,
14.042920, 91.719793, 2.1600919, 85.177178, 85.247762,
14.053510, 89.764307, 2.2048575, 85.110662, 85.184223,
14.064110, 90.997574, 2.2549428, 85.047008, 85.123422,
14.074700, 83.342220, 2.2546417, 84.986160, 85.065294,
14.085290, 84.327902, 2.4537174, 84.927889, 85.009609,
14.095870, 86.882196, 1.7070412, 84.872066, 84.956229,
14.106460, 89.108093, 1.2863531, 84.818417, 84.904878,
14.117040, 87.483473, 1.4301792, 84.766867, 84.855471,
14.127630, 88.259575, 1.4687994, 84.717148, 84.807735,
14.138210, 89.492422, 1.5134982, 84.669189, 84.761588,
14.148790, 96.626791, 1.5624045, 84.622770, 84.716804,
14.159370, 90.022297, 1.5160940, 84.577723, 84.673206,
14.169940, 94.319317, 1.7742758, 84.533923, 84.630659,
14.180520, 94.360733, 2.8086176, 84.491115, 84.588900,
14.182090, 95.951942, 1.4828790, 84.484842, 84.582765,
14.193560, 99.095762, 1.4678140, 84.439536, 84.538317,
14.205030, 89.005354, 1.5379415, 84.395008, 84.494379,
14.216500, 99.441448, 1.6610717, 84.351052, 84.450734,
14.227970, 97.293465, 1.8888974, 84.307455, 84.407153,
14.239430, 99.182344, 1.4316925, 84.264041, 84.363448,
14.250890, 91.962315, 1.3340956, 84.220567, 84.319362,
14.262350, 90.811495, 1.4906103, 84.176815, 84.274662,
14.273810, 93.514816, 1.4655835, 84.132577, 84.229128,
14.285270, 97.940289, 1.4887136, 84.087646, 84.182539,
14.296730, 90.888014, 1.5045043, 84.041804, 84.134663,
14.308180, 89.573547, 1.4784303, 83.994886, 84.085324,
14.319630, 86.564541, 1.4794592, 83.946638, 84.034253,
14.331080, 85.464901, 1.4968674, 83.896844, 83.981222,
14.342530, 86.619173, 1.4307836, 83.845299, 83.926013,
14.353970, 87.011848, 1.3732250, 83.791834, 83.868451,
14.365410, 83.928595, 1.3816807, 83.736185, 83.808255,
14.376860, 87.686777, 1.5792872, 83.678090, 83.745149,
14.388300, 84.576157, 1.7101843, 83.617429, 83.679012,
14.399730, 83.456541, 1.4221551, 83.553997, 83.609629,
14.411170, 80.118294, 1.3146585, 83.487457, 83.536647,
14.422600, 82.897102, 1.3756872, 83.417711, 83.459971,
14.434030, 82.827293, 1.2784010, 83.344478, 83.379306,
14.445460, 84.285179, 1.3503363, 83.267528, 83.294417,
14.456890, 80.873287, 1.3322670, 83.186647, 83.205086,
14.468320, 84.369761, 1.2823209, 83.101603, 83.111077,
14.479740, 83.012241, 1.2449656, 83.012241, 83.012241,
14.491160, 79.930586, 1.3100312, 82.918339, 82.908358,
14.502580, 82.231640, 16.293906, 82.820054, 82.799639,
14.514000, 85.559052, 1.8510925, 82.717591, 82.686355,
14.525420, 83.028215, 1.3112530, 82.611179, 82.568802,
14.536830, 81.498632, 1.2006557, 82.501141, 82.447380,
14.548240, 80.628965, 1.1998341, 82.387597, 82.322270,
14.559650, 85.493380, 1.3946120, 82.270752, 82.193746,
14.571060, 78.036310, 1.2777055, 82.150838, 82.062112,
14.582470, 82.340435, 1.5309590, 82.028058, 81.927643,
14.593870, 78.464256, 1.2980165, 81.902727, 81.790736,
14.605270, 80.898344, 1.4470203, 81.774953, 81.651563,
14.616670, 77.559160, 1.1313994, 81.644954, 81.510417,
14.628070, 76.676508, 1.2609763, 81.512914, 81.367556,
14.639470, 81.911823, 1.1871033, 81.379048, 81.223272,
14.650860, 78.666676, 1.1016650, 81.243688, 81.077980,
14.662260, 81.051613, 1.1799126, 81.106786, 80.931693,
14.673650, 79.668652, 1.3332449, 80.968798, 80.784959,
14.685040, 82.634825, 9.6644285, 80.829787, 80.637913,
14.696420, 77.981100, 1.1959732, 80.690107, 80.490992,
14.707810, 76.376554, 1.1667294, 80.549678, 80.344181,
14.719190, 81.004572, 1.1837780, 80.408982, 80.198053,
14.730570, 82.060583, 1.4080587, 80.268066, 80.052728,
14.741950, 78.726864, 1.3972897, 80.127142, 79.908496,
14.753330, 80.543688, 2.3632576, 79.986408, 79.765637,
14.764700, 81.594894, 1.3931564, 79.846195, 79.624560,
14.776080, 79.040827, 1.2338122, 79.706443, 79.485283,
14.787450, 76.177408, 1.1784737, 79.567610, 79.348343,
14.798820, 81.266552, 1.9291712, 79.429765, 79.213891,
14.810190, 80.167410, 2.6654574, 79.293100, 79.082194,
14.821550, 80.316628, 1.3193333, 79.157950, 78.953664,
14.832920, 78.009851, 1.2862960, 79.024278, 78.828353,
14.844280, 80.655193, 1.4210510, 78.892512, 78.706753,
14.855640, 81.193340, 1.5253724, 78.762740, 78.589040,
14.866990, 80.228624, 1.4793566, 78.635285, 78.475598,
14.878350, 77.493721, 1.4414657, 78.510114, 78.366502,
14.889710, 81.430571, 2.4840301, 78.387553, 78.262140,
14.901060, 81.156673, 1.5383084, 78.267919, 78.162889,
14.912410, 79.033741, 1.5142444, 78.151305, 78.068934,
14.923760, 77.566364, 1.5928489, 78.037911, 77.980554,
14.935100, 77.821766, 1.6200842, 77.928068, 77.898124,
14.946450, 79.414276, 1.6674116, 77.821766, 77.821766,
14.957790, 74.684507, 1.5939043, 77.719470, 77.751829,
14.969130, 81.546671, 1.7094659, 77.621522, 77.688099,
14.980470, 80.272425, 1.8358030, 77.528387, 77.630334,
14.991810, 88.837263, 1.8758166, 77.440557, 77.578308,
15.003140, 81.899761, 1.7756745, 77.358583, 77.531828,
15.014480, 81.413965, 1.8125773, 77.282822, 77.490590,
15.025810, 81.721352, 1.9921478, 77.213878, 77.454429,
15.037140, 82.489506, 1.9622587, 77.152191, 77.423089,
15.048460, 85.545597, 2.2526144, 77.098294, 77.396360,
15.059790, 75.404484, 2.2336376, 77.052596, 77.373974,
15.071110, 77.341263, 2.0843419, 77.015677, 77.355745,
15.082440, 81.100277, 1.4925275, 76.987982, 77.341417,
15.093750, 85.261499, 1.3596186, 76.970086, 77.330804,
15.105070, 77.547703, 1.4387809, 76.962443, 77.323650,
15.116390, 79.449223, 1.4658810, 76.965595, 77.319745,
15.127700, 77.841816, 1.5174385, 76.980051, 77.318869,
15.139020, 82.175665, 1.5104742, 77.006368, 77.320801,
15.150330, 82.494215, 1.5733906, 77.045036, 77.325319,
15.162390, 81.550072, 2.0165456, 77.100508, 77.332742,
15.174730, 75.642870, 1.9596234, 77.173162, 77.342849,
15.187070, 77.366781, 1.7675900, 77.262600, 77.355218,
15.199410, 81.824419, 2.5708192, 77.369568, 77.369568,
15.211740, 77.369568, 2.0418303, 77.494373, 77.385644,
15.224080, 81.180826, 1.6768350, 77.636486, 77.403409,
15.236410, 80.366947, 1.6120090, 77.794601, 77.422806,
15.248740, 78.729126, 1.7498893, 77.967788, 77.443824,
15.261060, 88.392372, 1.7970720, 78.154846, 77.466422,
15.273390, 87.063988, 1.7550147, 78.355066, 77.490612,
15.285710, 83.845114, 1.7972887, 78.567106, 77.516332,
15.298030, 76.184406, 1.6234358, 78.790087, 77.543576,
15.310350, 84.665718, 1.4959052, 79.023039, 77.572324,
15.322660, 82.630306, 1.6892371, 79.264736, 77.602527,
15.334980, 80.778772, 1.6518758, 79.514577, 77.634211,
15.347290, 85.652281, 1.5270976, 79.771187, 77.667305,
15.359600, 81.311842, 1.3268992, 80.033775, 77.701812,
15.371900, 88.099123, 1.4021864, 80.301129, 77.737679,
15.384210, 83.091299, 1.4200171, 80.572731, 77.774948,
15.396510, 90.522226, 1.4697036, 80.847165, 77.813536,
15.408810, 84.051798, 1.4482436, 81.123648, 77.853449,
15.421110, 85.416016, 1.4166944, 81.401255, 77.894674,
15.433410, 85.455381, 1.3334466, 81.678973, 77.937184,
15.445700, 81.594042, 1.3820951, 81.955641, 77.980929,
15.457990, 82.058022, 1.4751451, 82.230508, 78.025922,
15.470280, 86.226562, 1.6868301, 82.502606, 78.072145,
15.482570, 82.896223, 1.6437207, 82.770966, 78.119578,
15.494860, 85.771799, 1.4559595, 83.034616, 78.168205,
15.507140, 84.212572, 1.2545133, 83.292384, 78.217966,
15.519420, 82.290113, 1.3638575, 83.543484, 78.268879,
15.531700, 85.089148, 1.4755346, 83.786974, 78.320934,
15.543980, 85.309290, 1.5075411, 84.021834, 78.374105,
15.556260, 84.294155, 1.6945314, 84.247113, 78.428384,
15.568530, 84.461620, 1.5545825, 84.461620, 78.483701,
15.580800, 84.395624, 1.3668558, 84.664851, 78.540088,
15.593070, 85.141676, 1.4799490, 84.857279, 78.597526,
15.605340, 92.657333, 2.0598099, 85.039668, 78.656001,
15.617600, 88.405214, 1.4612791, 85.212645, 78.715450,
15.629860, 87.373276, 1.3698149, 85.377094, 78.775897,
15.642120, 88.505888, 1.3911438, 85.533788, 78.837337,
15.654380, 88.531086, 1.5118255, 85.683442, 78.899744,
15.666640, 95.757875, 1.5339875, 85.826819, 78.963115,
15.678890, 90.383038, 1.4144466, 85.964525, 79.027373,
15.691140, 88.822014, 1.3279436, 86.097414, 79.092558,
15.703390, 89.668354, 1.2785304, 86.226214, 79.158657,
15.715640, 87.895977, 1.2728203, 86.351648, 79.225654,
15.727890, 91.539331, 1.3407347, 86.474438, 79.293535,
15.740130, 89.851614, 1.3071203, 86.595213, 79.362234,
15.752370, 92.591391, 1.4245831, 86.714777, 79.431784,
15.764610, 98.890726, 1.3020111, 86.833866, 79.502182,
15.776850, 93.891382, 1.2055171, 86.953180, 79.573404,
15.789090, 94.859026, 1.2425421, 87.073453, 79.645448,
15.801320, 89.775972, 1.3496785, 87.195290, 79.718234,
15.813550, 99.330744, 1.3909060, 87.319508, 79.791809,
15.825780, 95.598854, 1.3295641, 87.446828, 79.866162,
15.838010, 96.179392, 1.2866183, 87.577968, 79.941281,
15.850230, 95.803318, 1.3242146, 87.713543, 80.017093,
15.862450, 97.041031, 1.3718082, 87.854366, 80.093639,
15.874670, 94.795271, 1.4997239, 88.001185, 80.170919,
15.886890, 97.977516, 1.5054210, 88.154717, 80.248916,
15.899110, 99.438593, 1.6030223, 88.315684, 80.327612,
15.911320, 93.553808, 1.7409191, 88.484698, 80.406939,
15.923540, 95.938698, 1.5397114, 88.662780, 80.487017,
15.935750, 98.547665, 1.6385255, 88.850368, 80.567697,
15.947960, 97.708214, 1.9037752, 89.048362, 80.649036,
15.960160, 93.645771, 1.6669263, 89.257351, 80.730960,
15.972370, 92.721386, 1.6706634, 89.478423, 80.813586,
15.984570, 96.248177, 1.7258436, 89.711981, 80.896769,
15.996770, 98.915905, 1.7330646, 89.959005, 80.980574,
16.008961, 94.688843, 1.9056569, 90.220048, 81.064919,
16.021160, 95.866684, 1.8541383, 90.496287, 81.149920,
16.033350, 103.54900, 1.9812205, 90.788105, 81.235440,
16.045549, 97.654123, 1.8985648, 91.096766, 81.321603,
16.057739, 98.495274, 1.8355185, 91.422601, 81.408265,
16.069920, 99.724606, 1.9876417, 91.766394, 81.495415,
16.082109, 92.702127, 1.9057988, 92.129516, 81.583180,
16.094290, 93.215794, 1.9566382, 92.512241, 81.671414,
16.106470, 94.039499, 2.1206270, 92.915701, 81.760175,
16.118650, 96.991945, 1.9584159, 93.340761, 81.849455,
16.130831, 96.034077, 2.0839256, 93.788298, 81.939244,
16.143009, 92.386484, 1.9193304, 94.259127, 82.029520,
16.155180, 96.574459, 1.9981549, 94.753900, 82.120231,
16.167351, 99.740326, 2.0148656, 95.273820, 82.211424,
16.179520, 95.113850, 2.2028303, 95.819727, 82.303077,
16.191681, 94.864851, 1.9921732, 96.392275, 82.395138,
16.203850, 96.392275, 2.1285737, 96.992658, 82.487714,
16.216009, 99.934027, 2.4482759, 97.618590, 82.580665,
16.228170, 103.87698, 2.4686928, 98.268737, 82.674072,
16.240330, 111.31747, 2.2848463, 98.941011, 82.767895,
16.252489, 108.56115, 2.6672790, 99.633642, 82.862144,
16.264641, 109.27223, 2.3730225, 100.34432, 82.956749,
16.276791, 115.67425, 2.5712317, 101.07150, 83.051747,
16.288950, 123.68608, 2.6616246, 101.81406, 83.147220,
16.301090, 113.10883, 2.5314486, 102.56840, 83.242936,
16.313240, 111.05063, 2.8227588, 103.33446, 83.339112,
16.325380, 125.53163, 2.8844478, 104.10923, 83.435590,
16.337530, 133.65727, 2.3762710, 104.89212, 83.532514,
16.349670, 140.80202, 1.8740911, 105.68009, 83.629725,
16.361799, 154.27367, 1.7972422, 106.47122, 83.727200,
16.373940, 159.04140, 2.2924281, 107.26520, 83.825114,
16.386070, 166.11930, 2.2893918, 108.05886, 83.923292,
16.398211, 178.80945, 2.2364390, 108.85167, 84.021882,
16.410339, 179.36003, 3.2039208, 109.64045, 84.120706,
16.422461, 179.26950, 2.4779754, 110.42368, 84.219787,
16.434589, 177.67192, 2.4985140, 111.20055, 84.319245,
16.446711, 178.87812, 2.4004011, 111.96828, 84.418946,
16.458839, 175.89635, 2.3477365, 112.72604, 84.519009,
16.470961, 161.63780, 2.5073401, 113.47107, 84.619303,
16.483070, 165.16750, 2.3700746, 114.20135, 84.719789,
16.495190, 157.19798, 3.8939818, 114.91633, 84.820634,
16.500280, 151.41965, 2.4222490, 115.21148, 84.863076,
16.513599, 151.64777, 2.3332037, 115.96793, 84.974343,
16.526911, 147.11407, 1.9650864, 116.69921, 85.085866,
16.540211, 142.14078, 2.2834747, 117.40269, 85.197603,
16.553520, 157.61865, 2.0202317, 118.07703, 85.309723,
16.566820, 131.96320, 1.8526324, 118.71877, 85.422056,
16.580120, 125.30835, 1.7939687, 119.32589, 85.534675,
16.593420, 118.15335, 1.6358557, 119.89585, 85.647572,
16.606710, 120.12090, 1.6428647, 120.42573, 85.760658,
16.620001, 120.91338, 1.7838025, 120.91338, 85.874007,
16.633301, 123.12775, 2.3453843, 121.35746, 85.987691,
16.646589, 130.11948, 2.0268929, 121.75956, 86.101524,
16.659870, 117.16795, 1.5887540, 122.12311, 86.215530,
16.673149, 123.58665, 1.7352957, 122.45148, 86.329752,
16.686440, 124.39525, 1.7700868, 122.74814, 86.444296,
16.699711, 125.67042, 1.7366190, 123.01557, 86.558891,
16.712990, 122.90422, 2.0819204, 123.25749, 86.673762,
16.726271, 123.55300, 1.9286332, 123.47685, 86.788851,
16.739540, 123.37913, 1.7536297, 123.67656, 86.904036,
16.752810, 122.89523, 1.7193408, 123.85988, 87.019407,
16.766081, 127.59483, 1.7679667, 124.02990, 87.134976,
16.779341, 127.21347, 1.7939474, 124.18952, 87.250617,
16.792601, 120.04455, 1.7569226, 124.34192, 87.366424,
16.805870, 121.62045, 1.8099442, 124.49024, 87.482473,
16.819120, 122.48145, 1.9642287, 124.63721, 87.598508,
16.832380, 120.27015, 1.6712460, 124.78616, 87.714770,
16.845631, 118.42540, 1.6381093, 124.93992, 87.831087,
16.858891, 118.70925, 1.5555069, 125.10173, 87.947619,
16.872141, 119.60205, 1.6161756, 125.27440, 88.064192,
16.885380, 118.21828, 1.5848530, 125.46092, 88.180781,
16.898630, 125.88833, 1.5407398, 125.66466, 88.297581,
16.911869, 121.29903, 1.4199419, 125.88833, 88.414385,
16.925110, 128.66630, 1.5911287, 126.13409, 88.531303,
16.938351, 124.64602, 1.4634410, 126.39953, 88.648312,
16.951580, 126.10897, 1.4702813, 126.68093, 88.765303,
16.964821, 123.89337, 1.6392111, 126.97529, 88.882473,
16.978050, 132.46712, 1.5577419, 127.27867, 88.999613,
16.991270, 134.77443, 1.6010885, 127.58764, 89.116733,
17.004499, 153.87065, 1.5935764, 127.89922, 89.233995,
17.017719, 260.30447, 2.0326020, 128.20953, 89.351223,
17.030951, 510.43286, 3.0177452, 128.51561, 89.468598,
17.044161, 491.64268, 3.2252795, 128.81329, 89.585825,
17.057381, 177.44805, 1.8945863, 129.09984, 89.703169,
17.070601, 132.19335, 1.6631891, 129.37159, 89.820538,
17.083811, 134.69425, 1.7605467, 129.62491, 89.937841,
17.097019, 140.55450, 1.6969556, 129.85650, 90.055140,
17.110229, 140.20283, 1.8551507, 130.06296, 90.172462,
17.123430, 133.21650, 1.9781594, 130.24065, 90.289699,
17.136641, 129.21657, 1.8622344, 130.38631, 90.407014,
17.149839, 136.54338, 1.9579842, 130.49621, 90.524214,
17.163040, 135.49225, 1.8529881, 130.56693, 90.641411,
17.176229, 130.48298, 1.8907190, 130.59488, 90.758481,
17.189430, 129.84343, 1.8603297, 130.57653, 90.875620,
17.202620, 130.57653, 1.8895174, 130.50923, 90.992619,
17.215811, 131.31555, 1.9229581, 130.39420, 91.109590,
17.229000, 132.17735, 1.7666050, 130.23361, 91.226492,
17.242180, 133.28595, 1.6769277, 130.02972, 91.343252,
17.255369, 132.84765, 1.6052335, 129.78434, 91.460032,
17.268551, 135.26148, 1.6836302, 129.49983, 91.576674,
17.281719, 134.03310, 1.7431839, 129.17844, 91.693120,
17.294901, 135.64520, 2.0599968, 128.82153, 91.809600,
17.308069, 142.55787, 2.0864990, 128.43181, 91.925873,
17.321251, 151.57375, 1.7708645, 128.01044, 92.042166,
17.334410, 159.64365, 2.2700870, 127.56056, 92.158154,
17.347580, 151.62300, 14.385531, 127.08295, 92.274134,
17.360750, 154.01140, 2.0015900, 126.57990, 92.389997,
17.373911, 150.01257, 2.1269265, 126.05367, 92.505653,
17.387070, 148.49483, 2.1136620, 125.50587, 92.621163,
17.400230, 142.83100, 2.1598446, 124.93818, 92.736554,
17.413380, 140.34310, 1.9794100, 124.35304, 92.851702,
17.426540, 142.18075, 2.1971694, 123.75126, 92.966800,
17.439690, 138.71023, 2.2848244, 123.13570, 93.081642,
17.452841, 136.89490, 2.3929130, 122.50756, 93.196338,
17.465981, 128.34047, 2.4603557, 121.86928, 93.310765,
17.479130, 128.30355, 2.4372981, 121.22163, 93.425098,
17.492270, 129.09053, 2.2528754, 120.56732, 93.539164,
17.505409, 127.16247, 2.3594360, 119.90768, 93.653041,
17.518551, 119.77118, 2.4460374, 119.24437, 93.766737,
17.531679, 123.65928, 2.4723191, 118.57993, 93.880113,
17.544821, 124.43118, 2.9199040, 117.91479, 93.993394,
17.557949, 116.56810, 2.3620165, 117.25205, 94.106341,
17.571079, 125.45043, 2.3152641, 116.59270, 94.219079,
17.584200, 117.03550, 2.4106542, 115.93909, 94.331503,
17.597330, 115.21390, 2.2259063, 115.29204, 94.443769,
17.610451, 113.41225, 2.2399050, 114.65425, 94.555706,
17.623569, 110.16388, 2.2218863, 114.02712, 94.667373,
17.636690, 117.19535, 2.4472962, 113.41225, 94.778795,
17.649799, 109.62462, 2.4183308, 112.81172, 94.889850,
17.662910, 118.73125, 2.8294369, 112.22511, 95.000646,
17.676029, 122.22702, 2.5183955, 111.65206, 95.111221,
17.689131, 129.75310, 3.4237997, 111.09353, 95.221360,
17.702240, 131.46958, 2.8209104, 110.54837, 95.331265,
17.715349, 116.70322, 3.3634619, 110.01681, 95.440861,
17.728451, 118.16695, 3.0088417, 109.49907, 95.550080,
17.741550, 120.42625, 3.0004377, 108.99485, 95.658959,
17.754641, 115.12730, 2.2059160, 108.50436, 95.767429,
17.767740, 120.77527, 6.5512792, 108.02683, 95.875640,
17.780830, 125.68043, 2.2577897, 107.56293, 95.983425,
17.793921, 127.08640, 2.0062278, 107.11226, 96.090855,
17.807011, 122.45235, 2.2780701, 106.67480, 96.197922,
17.820101, 122.90932, 2.0177713, 106.25054, 96.304617,
17.833179, 122.08885, 3.4337055, 105.83981, 96.410839,
17.846270, 114.76100, 2.0449696, 105.44190, 96.516766,
17.859341, 112.10550, 2.0157125, 105.05774, 96.622141,
17.872419, 115.88957, 2.1200750, 104.68654, 96.727173,
17.885500, 112.49830, 2.2380800, 104.32851, 96.831805,
17.898569, 116.40040, 2.3770205, 103.98402, 96.935923,
17.911640, 118.35667, 2.6900412, 103.65276, 97.039624,
17.924709, 105.15818, 2.4993092, 103.33487, 97.142869,
17.937780, 104.98338, 3.7835517, 103.03033, 97.245678,
17.941250, 114.31497, 2.4075649, 102.95175, 97.272890,
17.955721, 113.94815, 2.1945034, 102.63425, 97.386036,
17.970181, 109.08157, 2.2100454, 102.33361, 97.498514,
17.984650, 102.98634, 2.0741211, 102.04952, 97.610474,
17.999109, 106.74933, 2.0442105, 101.78247, 97.721755,
18.013571, 100.74061, 2.1154896, 101.53239, 97.832431,
18.028021, 103.62704, 1.9183609, 101.29966, 97.942388,
18.042480, 97.123953, 1.7304625, 101.08411, 98.051772,
18.056931, 106.20552, 1.7900042, 100.88622, 98.160425,
18.071381, 101.54423, 1.6652119, 100.70602, 98.268404,
18.085819, 93.679537, 1.8078032, 100.54387, 98.375610,
18.100269, 98.095839, 2.0346230, 100.39974, 98.482200,
18.114710, 101.89187, 2.0812145, 100.27407, 98.588003,
18.129150, 100.27407, 1.8054437, 100.16684, 98.693075,
18.143579, 97.835766, 1.7502450, 100.07737, 98.797318,
18.158020, 104.71168, 1.7375642, 100.00462, 98.900883,
18.172449, 104.82323, 2.0064365, 99.947815, 99.003590,
18.186880, 101.30756, 2.0559582, 99.906001, 99.105518,
18.201300, 99.898315, 2.0489840, 99.878337, 99.206559,
18.215719, 97.084854, 1.9459287, 99.863926, 99.306776,
18.230150, 105.00335, 1.9166810, 99.861927, 99.406233,
18.244560, 101.92801, 1.8300858, 99.871496, 99.504690,
18.258980, 101.81547, 1.8264480, 99.891814, 99.602339,
18.273390, 103.83986, 1.9141462, 99.922035, 99.699035,
18.287800, 96.543373, 2.0208717, 99.961363, 99.794824,
18.302210, 100.66167, 1.9995221, 100.00899, 99.889688,
18.316620, 104.74829, 1.6805671, 100.06413, 99.983611,
18.331020, 96.775349, 1.8212944, 100.12595, 100.07651,
18.345421, 101.82787, 1.6430644, 100.19369, 100.16844,
18.359819, 100.10845, 1.5778920, 100.26656, 100.25935,
18.374210, 103.01596, 1.8739931, 100.34377, 100.34920,
18.388611, 102.18899, 1.7290563, 100.42464, 100.43808,
18.403000, 95.414854, 1.7405581, 100.50827, 100.52584,
18.417379, 97.740059, 1.7593330, 100.59391, 100.61246,
18.431770, 101.89370, 1.6989216, 100.68093, 100.69806,
18.446150, 104.38972, 1.7757799, 100.76842, 100.78248,
18.460529, 104.75807, 2.2173831, 100.85569, 100.86577,
18.474911, 102.41768, 1.9460541, 100.94200, 100.94791,
18.489281, 98.943157, 1.9222985, 101.02651, 101.02882,
18.503660, 101.10858, 2.4432160, 101.10858, 101.10858,
18.518030, 99.772907, 1.7897426, 101.18749, 101.18708,
18.532391, 102.72681, 1.7741561, 101.26325, 101.26434,
18.546761, 105.40288, 1.8474044, 101.33612, 101.34050,
18.561119, 101.13325, 1.8260836, 101.40615, 101.41548,
18.575480, 115.08180, 1.8559997, 101.47355, 101.48937,
18.589840, 100.65480, 1.7701067, 101.53846, 101.56221,
18.604191, 103.14647, 1.6522928, 101.60099, 101.63396,
18.618549, 104.61333, 1.5554168, 101.66135, 101.70475,
18.632900, 102.80401, 1.7743841, 101.71964, 101.77453,
18.647240, 100.36357, 2.0290010, 101.77597, 101.84332,
18.661591, 100.70027, 1.8094736, 101.83058, 101.91125,
18.675930, 100.25109, 1.7485633, 101.88351, 101.97824,
18.690269, 99.361444, 1.9473355, 101.93496, 102.04437,
18.704611, 107.47490, 2.0469660, 101.98505, 102.10969,
18.718941, 106.41166, 1.8553949, 102.03388, 102.17415,
18.733271, 101.28410, 1.7889611, 102.08163, 102.23784,
18.747601, 104.68297, 1.9603849, 102.12842, 102.30079,
18.761930, 113.14335, 2.1525645, 102.17439, 102.36303,
18.776260, 114.31245, 2.2031858, 102.21967, 102.42457,
18.790581, 115.37337, 2.2227355, 102.26437, 102.48541,
18.804899, 109.52987, 2.1735032, 102.30862, 102.54560,
18.819220, 113.69432, 2.0263140, 102.35258, 102.60519,
18.833530, 110.70735, 2.0789961, 102.39634, 102.66416,
18.847839, 113.89548, 1.9403420, 102.44006, 102.72256,
18.862150, 116.45398, 2.2652009, 102.48386, 102.78044,
18.876459, 115.17660, 2.0034286, 102.52788, 102.83781,
18.890770, 119.11632, 2.1455451, 102.57225, 102.89470,
18.905069, 121.01188, 2.2236463, 102.61706, 102.95109,
18.919371, 120.41047, 2.0130409, 102.66248, 103.00705,
18.933670, 121.08815, 2.2026079, 102.70863, 103.06260,
18.947960, 121.37675, 2.2291025, 102.75561, 103.11774,
18.962250, 119.70722, 2.3995966, 102.80358, 103.17252,
18.976540, 121.18775, 2.5781968, 102.85268, 103.22697,
18.990829, 125.48700, 2.4581958, 102.90304, 103.28111,
19.005119, 122.21868, 2.4835364, 102.95479, 103.33496,
19.019400, 115.93825, 2.2876129, 103.00804, 103.38853,
19.033680, 113.01198, 2.3256497, 103.06294, 103.44186,
19.047960, 111.12735, 2.5505354, 103.11964, 103.49498,
19.062229, 106.50813, 2.6454344, 103.17823, 103.54787,
19.076500, 109.11887, 3.2169221, 103.23889, 103.60060,
19.090771, 105.63223, 3.7600430, 103.30178, 103.65320,
19.105040, 104.29777, 2.7090701, 103.36700, 103.70567,
19.119310, 109.46080, 2.4038711, 103.43474, 103.75806,
19.133570, 112.14772, 2.5475166, 103.50506, 103.81035,
19.147829, 109.49232, 2.5548384, 103.57818, 103.86259,
19.162090, 105.00574, 2.7774740, 103.65424, 103.91481,
19.176340, 109.00774, 2.5593367, 103.73334, 103.96700,
19.190599, 101.88352, 2.8285569, 103.81573, 104.01925,
19.204849, 100.89962, 2.6277683, 103.90147, 104.07152,
19.219101, 102.28729, 2.7851618, 103.99078, 104.12386,
19.233339, 102.52246, 2.5266505, 104.08373, 104.17626,
19.247580, 104.47059, 2.9602709, 104.18057, 104.22879,
19.261820, 104.28146, 2.9927422, 104.28146, 104.28146,
19.276060, 93.899000, 2.9662799, 104.38656, 104.33430,
19.290300, 101.79527, 3.7955257, 104.49607, 104.38733,
19.304529, 110.76357, 3.4525146, 104.61005, 104.44053,
19.318760, 114.82867, 3.8390561, 104.72879, 104.49399,
19.332991, 115.57000, 3.6967976, 104.85246, 104.54770,
19.347219, 98.797127, 3.3195414, 104.98123, 104.60170,
19.361441, 104.64692, 3.1152739, 105.11523, 104.65598,
19.375660, 112.02851, 3.6758442, 105.25472, 104.71058,
19.389879, 108.35198, 3.7017675, 105.39989, 104.76555,
19.404100, 118.94981, 3.8745821, 105.55099, 104.82091,
19.418310, 124.66757, 4.1469844, 105.70807, 104.87663,
19.432520, 126.33275, 4.8092524, 105.87146, 104.93278,
