# wave, flux, fluxerr, continuum, continuum_plateau
9.9725246, 58.839160, 2.8646418, 58.839160, 58.839160,
9.9806166, 63.923453, 3.6824138, 58.642368, 58.642152,
9.9887066, 68.785627, 3.5050048, 58.453326, 58.452487,
9.9967957, 59.087912, 2.9698890, 58.272000, 58.270171,
10.004880, 58.220279, 3.2136540, 58.098462, 58.095313,
10.012970, 51.751309, 3.3411439, 57.932484, 57.927719,
10.021050, 62.179679, 3.1984450, 57.774371, 57.767734,
10.029140, 51.095353, 3.8484566, 57.623751, 57.615014,
10.037220, 61.568123, 3.8368450, 57.480996, 57.469968,
10.045300, 64.384816, 3.8376621, 57.345910, 57.332430,
10.053380, 63.866460, 3.1801357, 57.218484, 57.202420,
10.061460, 59.123423, 3.3070697, 57.098755, 57.080005,
10.069540, 52.746759, 3.7188573, 56.986705, 56.965192,
10.077610, 69.013371, 3.0312791, 56.882490, 56.858169,
10.085690, 62.148463, 3.0320726, 56.785862, 56.758707,
10.093760, 70.124552, 3.6092805, 56.697065, 56.667079,
10.101830, 67.071162, 2.9181614, 56.615997, 56.583203,
10.109900, 64.137072, 3.3385171, 56.542668, 56.507111,
10.117970, 60.659450, 2.8949975, 56.477117, 56.438862,
10.126040, 71.568380, 2.9876808, 56.419357, 56.378488,
10.134100, 62.337866, 2.8300060, 56.369471, 56.326095,
10.142170, 63.035027, 3.2711656, 56.327357, 56.281588,
10.150230, 55.954405, 2.9671882, 56.293149, 56.245125,
10.158300, 64.005302, 3.0961065, 56.266795, 56.216663,
10.166360, 73.678660, 3.0034295, 56.248392, 56.196316,
10.174420, 71.079718, 3.6515933, 56.237933, 56.184087,
10.182470, 66.247177, 2.7953613, 56.235455, 56.180027,
10.190530, 54.335805, 2.3729599, 56.240988, 56.184170,
10.198590, 64.174260, 3.7642506, 56.254581, 56.196576,
10.206640, 56.853192, 59.031578, 56.276242, 56.217262,
10.214690, 58.218945, 2.7955063, 56.306028, 56.246288,
10.222750, 61.270059, 2.5043878, 56.344034, 56.283753,
10.230800, 61.341126, 2.7473097, 56.390217, 56.329620,
10.238850, 55.770943, 3.1570428, 56.444667, 56.383981,
10.246890, 75.798965, 3.2226935, 56.507356, 56.446807,
10.254940, 56.079195, 2.6622491, 56.578486, 56.518302,
10.262990, 59.290027, 3.5999078, 56.658043, 56.598449,
10.271030, 61.676986, 3.6141583, 56.745976, 56.687194,
10.279070, 58.571803, 2.6744382, 56.842421, 56.784669,
10.287120, 62.879941, 2.9023660, 56.947592, 56.891086,
10.295150, 57.236401, 3.0837756, 57.061140, 57.006081,
10.303190, 71.522769, 3.9746041, 57.183545, 57.130135,
10.311230, 61.485311, 2.4584245, 57.314716, 57.263144,
10.319270, 59.878540, 2.4660618, 57.454756, 57.405201,
10.327300, 70.041411, 4.2392771, 57.603520, 57.556147,
10.335340, 49.587447, 3.5693371, 57.761453, 57.716417,
10.343370, 56.360368, 3.6173039, 57.928275, 57.885715,
10.351400, 56.547737, 3.3586168, 58.104208, 58.064247,
10.359430, 39.224834, 4.0419947, 58.289352, 58.252095,
10.367460, 56.014082, 4.0417489, 58.483790, 58.449325,
10.375480, 43.425568, 3.3177373, 58.687333, 58.655725,
10.383510, 27.484571, 3.2925532, 58.900602, 58.871901,
10.391530, 39.195225, 3.2672806, 59.123156, 59.097381,
10.399560, 49.081638, 2.4959795, 59.355616, 59.332771,
10.407580, 62.361140, 2.6297300, 59.597523, 59.577579,
10.415600, 65.461482, 2.9236034, 59.849215, 59.832116,
10.423620, 61.439518, 2.9867597, 60.110848, 60.096515,
10.431640, 64.585680, 3.6231119, 60.382463, 60.370782,
10.439650, 63.394053, 2.9501128, 60.663851, 60.654677,
10.447670, 68.370764, 3.4869899, 60.955824, 60.948983,
10.455680, 69.718955, 3.2333193, 61.257727, 61.253004,
10.463700, 71.732849, 3.1550615, 61.570460, 61.567611,
10.471710, 62.226821, 4.0278870, 61.893319, 61.892057,
10.479720, 59.459500, 3.4148209, 62.226821, 62.226821,
10.487730, 55.728522, 3.2507709, 62.571012, 62.571921,
10.495730, 64.318586, 3.6379983, 62.925219, 62.926708,
10.503740, 63.333334, 3.9120618, 63.289976, 63.291746,
10.511750, 69.012937, 4.4915836, 63.664555, 63.666338,
10.519750, 61.382104, 3.9343485, 64.048138, 64.049699,
10.527750, 71.555988, 5.5309578, 64.440953, 64.442083,
10.535750, 75.623526, 5.4208695, 64.842651, 64.843168,
10.543750, 73.286203, 2.6360726, 65.252883, 65.252629,
10.551750, 70.951797, 7.2607513, 65.671447, 65.670292,
10.559750, 72.945042, 2.9262157, 66.097947, 66.095780,
10.567850, 75.321054, 2.5905183, 66.537674, 66.534393,
10.576350, 71.906104, 2.6917584, 67.007240, 67.002716,
10.584840, 80.074986, 2.8674044, 67.484212, 67.478394,
10.593340, 75.515177, 3.2098804, 67.969423, 67.962278,
10.601830, 78.028937, 2.7893316, 68.461332, 68.452850,
10.610330, 89.365677, 3.2855899, 68.960811, 68.951000,
10.618820, 75.329670, 2.9049940, 69.466345, 69.455232,
10.627310, 73.790816, 2.4928791, 69.978095, 69.965723,
10.635800, 72.847589, 2.9263978, 70.495839, 70.482268,
10.644280, 67.351591, 2.7838823, 71.018537, 71.003841,
10.652770, 76.806313, 2.9140569, 71.547088, 71.531354,
10.661250, 78.879139, 2.8899184, 72.079975, 72.063303,
10.669740, 80.505751, 7.1960927, 72.618066, 72.600569,
10.678220, 97.113857, 3.8769599, 73.159825, 73.141626,
10.686700, 71.514776, 2.9370238, 73.705526, 73.686759,
10.695180, 85.364557, 3.3374971, 74.254843, 74.235654,
10.703650, 79.023094, 3.2275578, 74.806830, 74.787371,
10.712130, 77.160860, 3.1523983, 75.362343, 75.342776,
10.720600, 89.191013, 3.2360965, 75.919934, 75.900431,
10.729080, 88.124311, 3.1290684, 76.480476, 76.461214,
10.737550, 85.763880, 3.1540534, 77.042323, 77.023487,
10.746020, 95.581678, 3.5441556, 77.605912, 77.587695,
10.754490, 93.004765, 3.5102062, 78.170795, 78.153396,
10.762960, 75.295577, 2.9515427, 78.736781, 78.720407,
10.771420, 80.210369, 3.1852589, 79.302721, 79.287582,
10.779890, 76.808174, 3.2465251, 79.869828, 79.856146,
10.788350, 90.531597, 3.8676261, 80.436316, 80.424315,
10.796810, 90.189116, 3.9226469, 81.002571, 80.992480,
10.805270, 98.932806, 3.8082889, 81.568273, 81.560332,
10.813730, 85.894297, 3.8105400, 82.133107, 82.127559,
10.822190, 82.502903, 3.1522759, 82.696753, 82.693850,
10.830650, 81.545372, 3.3639264, 83.258894, 83.258894,
10.839100, 83.258894, 3.7878144, 83.818572, 83.821732,
10.847560, 85.140818, 3.3017886, 84.377132, 84.383704,
10.856010, 80.063755, 3.3773793, 84.933258, 84.943470,
10.864460, 85.774059, 4.5633792, 85.487528, 85.501593,
10.872910, 90.832363, 2.6847100, 86.040011, 86.058129,
10.881360, 87.141682, 4.4476267, 86.590777, 86.613130,
10.889800, 90.156038, 3.9260835, 87.139089, 87.165840,
10.898250, 101.08628, 4.3293775, 87.686255, 87.717561,
10.906690, 105.87702, 13.226976, 88.231044, 88.267039,
10.915140, 95.255236, 5.0828436, 88.774756, 88.815567,
10.923580, 111.87745, 5.0143842, 89.316043, 89.361775,
10.932020, 104.26090, 5.3969760, 89.855588, 89.906335,
10.940460, 108.98206, 6.7914043, 90.393392, 90.449236,
10.948890, 100.61465, 5.8290293, 90.928794, 90.989798,
10.957330, 132.88118, 6.9275467, 91.463130, 91.529355,
10.965760, 126.72997, 3.7878823, 91.995134, 92.066617,
10.974200, 148.13883, 5.3062854, 92.526010, 92.602789,
10.982630, 146.62675, 4.9164435, 93.054502, 93.136588,
10.991060, 156.54353, 5.2803424, 93.581330, 93.668732,
10.999490, 147.55015, 5.5833208, 94.106375, 94.199088,
11.007920, 153.93975, 3.9568425, 94.629756, 94.727765,
11.016340, 163.44815, 3.0491125, 95.150766, 95.254038,
11.024770, 150.49603, 3.7670368, 95.670643, 95.779148,
11.033190, 146.88487, 3.3491565, 96.188209, 96.301894,
11.041610, 148.04555, 3.4825790, 96.704051, 96.822859,
11.050030, 140.77460, 4.3832702, 97.218167, 97.342033,
11.058450, 162.04665, 4.7337587, 97.730555, 97.859402,
11.066870, 162.63918, 4.2520346, 98.241210, 98.374955,
11.075290, 147.43130, 4.3208174, 98.750130, 98.888679,
11.083700, 160.87008, 4.1818060, 99.256737, 99.399982,
11.092120, 148.89805, 4.3319173, 99.762175, 99.910011,
11.100530, 143.24702, 4.2827157, 100.26524, 100.41754,
11.108940, 149.47122, 4.3644653, 100.76660, 100.92325,
11.117350, 156.61352, 6.8677317, 101.26616, 101.42702,
11.120570, 165.88198, 4.2984062, 101.45700, 101.61944,
11.129530, 174.87327, 4.2601324, 101.98659, 102.15329,
11.138500, 188.32465, 4.0289665, 102.51477, 102.68558,
11.147460, 214.17007, 4.5609627, 103.04031, 103.21505,
11.156430, 232.75583, 5.0369781, 103.56444, 103.74292,
11.165390, 253.08399, 4.8403072, 104.08590, 104.26793,
11.174350, 300.52087, 4.7921296, 104.60531, 104.79069,
11.183300, 351.77385, 5.6032298, 105.12211, 105.31063,
11.192260, 400.28092, 5.7871487, 105.63738, 105.82884,
11.201220, 439.94420, 5.8242598, 106.15057, 106.34474,
11.210170, 449.73013, 5.7970802, 106.66110, 106.85776,
11.219120, 471.21777, 6.3024464, 107.16952, 107.36845,
11.228070, 454.05058, 6.2245561, 107.67581, 107.87678,
11.237020, 432.84228, 5.7195965, 108.17991, 108.38268,
11.245970, 444.04860, 5.8870013, 108.68190, 108.88623,
11.254920, 428.16451, 5.9866359, 109.18171, 109.38737,
11.263860, 405.25814, 5.9996204, 109.67874, 109.88548,
11.272800, 403.03497, 5.5986191, 110.17362, 110.38120,
11.281750, 407.27385, 5.7594431, 110.66675, 110.87491,
11.290690, 375.37943, 5.6996280, 111.15716, 111.36566,
11.299630, 357.78477, 5.6174881, 111.64525, 111.85383,
11.308560, 350.65107, 5.4147881, 112.13054, 112.33895,
11.317500, 330.96290, 5.3839961, 112.61404, 112.82203,
11.326430, 325.09770, 5.9681973, 113.09470, 113.30202,
11.335370, 305.38401, 5.2829916, 113.57352, 113.77992,
11.344300, 291.22430, 5.1660841, 114.04946, 114.25469,
11.353230, 277.42387, 5.3541233, 114.52301, 114.72681,
11.362160, 292.52142, 5.4664554, 114.99409, 115.19622,
11.371080, 271.85055, 5.0704597, 115.46227, 115.66248,
11.380010, 263.98125, 4.6419348, 115.92844, 116.12649,
11.388930, 250.34640, 4.7222284, 116.39166, 116.58731,
11.397850, 235.35612, 4.8101067, 116.85232, 117.04533,
11.406780, 236.92770, 4.6044367, 117.31096, 117.50110,
11.415700, 229.06975, 4.3169237, 117.76649, 117.95353,
11.424610, 222.21148, 4.3226413, 118.21893, 118.40264,
11.433530, 211.05510, 4.9598090, 118.66921, 118.84939,
11.442450, 213.23103, 10.113340, 119.11683, 119.29324,
11.451360, 207.64003, 4.1130696, 119.56127, 119.73372,
11.460270, 197.93862, 4.8078346, 120.00299, 120.17127,
11.469180, 191.49248, 4.9480384, 120.44194, 120.60587,
11.478090, 186.79525, 4.4422612, 120.87809, 121.03747,
11.487000, 191.72265, 4.6487374, 121.31141, 121.46607,
11.495910, 187.72132, 4.8041884, 121.74182, 121.89159,
11.504810, 180.37165, 5.3757450, 122.16891, 122.31363,
11.513710, 185.55535, 4.5998388, 122.59302, 122.73254,
11.522620, 178.51953, 4.7360281, 123.01465, 123.14882,
11.531520, 166.70500, 4.7010037, 123.43277, 123.56146,
11.540420, 169.47110, 4.5603542, 123.84783, 123.97093,
11.549310, 174.94602, 4.9735360, 124.25935, 124.37676,
11.558210, 167.54590, 4.4195212, 124.66822, 124.77983,
11.567100, 165.73887, 4.8710499, 125.07338, 125.17912,
11.576000, 168.62027, 5.1439929, 125.47585, 125.57564,
11.584890, 171.49505, 5.7160429, 125.87457, 125.96836,
11.593780, 164.00415, 5.3780626, 126.26993, 126.35769,
11.602670, 164.62598, 5.2250776, 126.66199, 126.74367,
11.611560, 147.44020, 4.6344495, 127.05063, 127.12624,
11.620440, 147.96483, 4.9685194, 127.43537, 127.50492,
11.629330, 138.59372, 4.9125331, 127.81706, 127.88056,
11.638210, 159.87867, 5.1087145, 128.19479, 128.25229,
11.647090, 140.11652, 3.9336047, 128.56887, 128.62044,
11.655970, 139.77225, 5.4877769, 128.93931, 128.98502,
11.664850, 131.29522, 5.0720797, 129.30607, 129.34602,
11.673730, 134.31637, 3.6301359, 129.66904, 129.70334,
11.682600, 147.44828, 4.6815969, 130.02780, 130.05661,
11.691480, 129.66835, 3.7211498, 130.38308, 130.40654,
11.700350, 134.46230, 3.6036876, 130.73404, 130.75235,
11.709220, 145.06873, 3.9851182, 131.08102, 131.09438,
11.718090, 138.20350, 4.4992921, 131.42395, 131.43260,
11.726960, 130.22145, 3.9563078, 131.76278, 131.76696,
11.735830, 130.45755, 3.7729998, 132.09743, 132.09743,
11.744690, 132.09743, 5.5616695, 132.42746, 132.42358,
11.753560, 141.10800, 3.9846173, 132.75363, 132.74616,
11.762420, 136.58505, 3.4970028, 133.07514, 133.06434,
11.771280, 143.76382, 5.3072894, 133.39237, 133.37850,
11.775020, 135.38903, 3.7815359, 133.52496, 133.50985,
11.784500, 133.81842, 4.2280962, 133.85763, 133.83959,
11.793980, 134.85845, 3.8280733, 134.18526, 134.16452,
11.803460, 136.41077, 3.7719592, 134.50788, 134.48465,
11.812940, 134.15695, 3.7638655, 134.82539, 134.79987,
11.822420, 130.46087, 3.7480571, 135.13780, 135.11017,
11.831890, 136.22930, 4.2061899, 135.44471, 135.41514,
11.841360, 142.03518, 3.6490690, 135.74642, 135.71506,
11.850840, 135.72587, 3.5672387, 136.04318, 136.01016,
11.860310, 138.24977, 3.7294683, 136.33434, 136.29979,
11.869770, 144.45110, 3.7283113, 136.61986, 136.58391,
11.879240, 158.24430, 4.2392186, 136.90029, 136.86302,
11.888710, 145.43725, 3.9017539, 137.17526, 137.13677,
11.898170, 146.84300, 3.9761204, 137.44446, 137.40484,
11.907630, 147.36825, 3.7448576, 137.70808, 137.66741,
11.917090, 145.51476, 3.4677670, 137.96612, 137.92447,
11.926550, 150.43220, 3.7152153, 138.21846, 138.17591,
11.936010, 163.21747, 3.7776196, 138.46510, 138.42170,
11.945470, 153.93736, 3.9799488, 138.70591, 138.66174,
11.954920, 150.85565, 3.8526485, 138.94063, 138.89574,
11.964370, 162.17292, 2.9124526, 139.16942, 139.12389,
11.973830, 166.56132, 3.7308872, 139.39247, 139.34636,
11.983280, 157.63935, 3.6448791, 139.60921, 139.56258,
11.992720, 153.53810, 3.5788358, 139.81958, 139.77252,
12.002170, 151.03735, 3.8833559, 140.02398, 139.97655,
12.011610, 152.35095, 3.3884895, 140.22189, 140.17419,
12.021060, 156.83488, 3.8621101, 140.41363, 140.36575,
12.030500, 146.04793, 3.6967312, 140.59873, 140.55078,
12.039940, 147.85545, 3.8269706, 140.77729, 140.72938,
12.049380, 148.95385, 3.7122761, 140.94925, 140.90152,
12.058820, 148.65378, 2.8795643, 141.11450, 141.06708,
12.068250, 137.64092, 4.2884650, 141.27280, 141.22585,
12.077690, 150.33917, 3.5468110, 141.42440, 141.37809,
12.087120, 149.28405, 3.7674004, 141.56885, 141.52338,
12.096550, 142.93563, 3.8130301, 141.70624, 141.66181,
12.105980, 143.50928, 3.8262932, 141.83647, 141.79332,
12.115410, 158.36448, 4.5699967, 141.95944, 141.91781,
12.124830, 138.38565, 3.5617321, 142.07491, 142.03510,
12.134260, 139.75642, 4.2328196, 142.18303, 142.14533,
12.143680, 136.07268, 4.1437713, 142.28346, 142.24820,
12.153100, 155.76228, 4.2130133, 142.37621, 142.34375,
12.162520, 143.13113, 4.0859899, 142.46116, 142.43189,
12.171940, 146.73042, 3.9351542, 142.53818, 142.51254,
12.181360, 150.28373, 4.9254506, 142.60718, 142.58561,
12.190770, 155.27815, 4.6107806, 142.66795, 142.65094,
12.200180, 151.38230, 4.6456727, 142.72046, 142.70854,
12.209600, 137.15047, 3.9896086, 142.76462, 142.75836,
12.219010, 142.80020, 4.8146654, 142.80020, 142.80020,
12.228420, 135.19035, 4.0492328, 142.82717, 142.83407,
12.237820, 147.03300, 5.0686311, 142.84563, 142.86001,
12.247230, 145.82635, 4.5327672, 142.85576, 142.87818,
12.256630, 172.05780, 4.9230605, 142.85769, 142.88863,
12.266040, 229.81070, 5.5348677, 142.85157, 142.89148,
12.275440, 477.75045, 7.6020092, 142.83757, 142.88682,
12.284840, 432.81083, 7.1797538, 142.81582, 142.87476,
12.294230, 154.46420, 4.8741150, 142.78648, 142.85541,
12.303630, 146.90042, 5.8430107, 142.74965, 142.82883,
12.313030, 153.40120, 5.4622525, 142.70547, 142.79511,
12.322420, 140.52750, 5.2010945, 142.65415, 142.75441,
12.331810, 154.70478, 4.2423831, 142.59576, 142.70678,
12.341200, 153.86955, 2.9411148, 142.53042, 142.65231,
12.350590, 154.89475, 3.7437500, 142.45828, 142.59109,
12.359980, 157.08658, 4.4835191, 142.37943, 142.52320,
12.369360, 167.76490, 4.8125697, 142.29411, 142.44881,
12.378750, 155.06485, 4.0271113, 142.20224, 142.36786,
12.388130, 157.48515, 4.0557097, 142.10413, 142.28059,
12.397510, 158.11375, 4.3125276, 141.99982, 142.18702,
12.406890, 162.54782, 4.2092527, 141.88939, 142.08722,
12.416270, 158.99700, 4.7186584, 141.77296, 141.98127,
12.425640, 162.41360, 5.7610530, 141.65079, 141.86939,
12.435020, 164.83248, 5.7353995, 141.52269, 141.75141,
12.444390, 169.33352, 5.3881805, 141.38906, 141.62766,
12.453760, 173.06447, 4.1028979, 141.24986, 141.49811,
12.463130, 158.63155, 4.0960013, 141.10519, 141.36282,
12.472500, 169.27258, 3.7652941, 140.95515, 141.22189,
12.481870, 164.10992, 5.1172439, 140.79982, 141.07538,
12.489420, 163.61625, 4.1002970, 140.67088, 140.95331,
12.499490, 172.06467, 3.9136016, 140.49376, 140.78503,
12.509550, 175.60095, 3.9572245, 140.31102, 140.61073,
12.519610, 175.26043, 3.7725763, 140.12261, 140.43034,
12.529670, 184.18645, 4.1714816, 139.92865, 140.24398,
12.539730, 186.04103, 4.0159966, 139.72922, 140.05170,
12.549780, 184.81625, 4.0966341, 139.52464, 139.85382,
12.559840, 180.73910, 4.1150112, 139.31460, 139.65002,
12.569890, 182.14898, 3.7319473, 139.09963, 139.44080,
12.579940, 181.62390, 4.0891193, 138.87962, 139.22605,
12.589990, 185.64072, 4.1190383, 138.65465, 139.00584,
12.600040, 190.44693, 4.2907592, 138.42480, 138.78025,
12.610090, 191.92908, 3.9745527, 138.19020, 138.54941,
12.620130, 214.09237, 4.2354897, 137.95118, 138.31362,
12.630170, 198.24050, 4.1160452, 137.70755, 138.07270,
12.640210, 191.78910, 4.2850306, 137.45943, 137.82676,
12.650250, 199.57260, 4.1391199, 137.20689, 137.57589,
12.660290, 191.03480, 3.7195155, 136.95005, 137.32018,
12.670330, 202.20820, 3.8666421, 136.68893, 137.05967,
12.680360, 195.06870, 3.8352958, 136.42392, 136.79474,
12.690390, 207.44712, 4.3579149, 136.15483, 136.52520,
12.700420, 209.29350, 4.1576061, 135.88170, 136.25110,
12.710450, 214.78602, 3.8192448, 135.60466, 135.97258,
12.720480, 215.34563, 4.0607032, 135.32376, 135.68968,
12.730500, 232.01110, 4.1847887, 135.03935, 135.40275,
12.740530, 230.79945, 4.0762334, 134.75094, 135.11132,
12.750550, 209.33292, 3.7928445, 134.45916, 134.81603,
12.760570, 207.30720, 3.9827567, 134.16383, 134.51669,
12.770590, 228.18565, 4.2517377, 133.86496, 134.21333,
12.780610, 205.13488, 3.8262803, 133.56264, 133.90605,
12.790620, 202.18647, 4.1315667, 133.25726, 133.59524,
12.800640, 207.63465, 3.7067712, 132.94823, 133.28033,
12.810650, 203.80635, 4.1145534, 132.63627, 132.96205,
12.820660, 193.09780, 3.7067647, 132.32112, 132.64014,
12.830670, 189.77443, 3.7549272, 132.00279, 132.31464,
12.840680, 177.91137, 3.7069613, 131.68140, 131.98568,
12.850680, 162.01745, 3.5770764, 131.35730, 131.65362,
12.860690, 162.42878, 3.5431949, 131.02992, 131.31789,
12.870690, 152.86695, 3.3697036, 130.69993, 130.97920,
12.880690, 157.91328, 3.8145358, 130.36712, 130.63733,
12.890690, 148.53207, 3.5800166, 130.03145, 130.29228,
12.900680, 140.64120, 3.5614542, 129.69338, 129.94453,
12.910680, 135.96875, 3.5052721, 129.35225, 129.59340,
12.920670, 134.39180, 3.7089996, 129.00881, 129.23970,
12.930670, 137.45665, 3.6135938, 128.66239, 128.88275,
12.940660, 129.21080, 4.0191609, 128.31373, 128.52332,
12.950640, 129.38033, 3.5123533, 127.96295, 128.16157,
12.960630, 128.73280, 3.6494946, 127.60929, 127.79673,
12.970620, 136.15898, 3.9478157, 127.25322, 127.42930,
12.980600, 128.40342, 3.5891919, 126.89510, 127.05967,
12.990580, 130.59307, 3.9918677, 126.53467, 126.68758,
13.000560, 121.22783, 9.9151615, 126.17189, 126.31304,
13.010540, 125.39145, 3.5339535, 125.80684, 125.93614,
13.020520, 126.34793, 3.7998425, 125.43956, 125.55693,
13.030490, 129.42593, 4.3315036, 125.07047, 125.17589,
13.040470, 116.33988, 3.9356443, 124.69884, 124.79227,
13.050440, 117.38062, 4.2859188, 124.32548, 124.40693,
13.060410, 123.54967, 3.9485784, 123.95003, 124.01954,
13.070380, 125.26212, 4.1665335, 123.57250, 123.63012,
13.080350, 137.82593, 5.0122901, 123.19298, 123.23881,
13.090310, 130.60258, 5.0430319, 122.81185, 122.84599,
13.100280, 130.37510, 5.0209078, 122.42841, 122.45099,
13.110240, 121.65652, 5.0716127, 122.04341, 122.05460,
13.120200, 112.48237, 4.5165492, 121.65652, 121.65652,
13.130160, 117.88215, 5.5669592, 121.26780, 121.25682,
13.140110, 128.16020, 4.4370706, 120.87776, 120.85604,
13.150070, 123.67605, 3.0349516, 120.48572, 120.45347,
13.160020, 122.63700, 2.9631403, 120.09264, 120.05010,
13.169980, 130.03020, 3.4979372, 119.69781, 119.64521,
13.179930, 123.23577, 3.6268062, 119.30220, 119.23979,
13.189870, 119.71125, 3.9480889, 118.90591, 118.83394,
13.199820, 125.97083, 3.8194512, 118.50830, 118.42700,
13.209770, 118.98397, 3.7835855, 118.10984, 118.01948,
13.219710, 122.13875, 3.4247105, 117.71113, 117.61197,
13.229650, 127.06608, 3.4781834, 117.31190, 117.20421,
13.239590, 112.67575, 3.5820315, 116.91221, 116.79627,
13.249530, 113.00581, 3.7030235, 116.51223, 116.38831,
13.259470, 112.22957, 3.2593344, 116.11208, 115.98046,
13.269410, 110.92803, 3.9728998, 115.71189, 115.57287,
13.279340, 115.08761, 4.5191625, 115.31222, 115.16610,
13.289270, 121.02443, 4.3881358, 114.91272, 114.75980,
13.299200, 121.78578, 3.5841335, 114.51360, 114.35420,
13.309130, 120.53008, 4.4955972, 114.11496, 113.94938,
13.318260, 114.62093, 3.1647307, 113.74892, 113.57796,
13.328980, 122.95905, 3.3528068, 113.31993, 113.14299,
13.339690, 128.35557, 3.0042446, 112.89236, 112.70984,
13.350400, 114.10975, 2.9302886, 112.46593, 112.27823,
13.361120, 114.76217, 2.8509058, 112.04041, 111.84793,
13.371830, 113.96433, 2.7089001, 111.61679, 111.41994,
13.382530, 117.11095, 2.8862629, 111.19518, 110.99439,
13.393240, 125.28455, 3.0234240, 110.77500, 110.57068,
13.403940, 120.51978, 2.9784392, 110.35716, 110.14975,
13.414650, 123.84380, 3.0370499, 109.94108, 109.73101,
13.425350, 108.01670, 2.8717166, 109.52767, 109.31538,
13.436050, 110.10425, 2.8453012, 109.11672, 108.90265,
13.446740, 117.34007, 2.7358327, 108.70880, 108.49341,
13.457440, 120.02248, 2.7629054, 108.30328, 108.08701,
13.468130, 118.07580, 2.6126100, 107.90112, 107.68442,
13.478830, 122.29367, 2.5472044, 107.50170, 107.28503,
13.489520, 119.74673, 2.5516972, 107.10598, 106.88980,
13.500200, 115.95250, 2.5240533, 106.71410, 106.49884,
13.510890, 123.04347, 2.6275908, 106.32551, 106.11165,
13.521570, 130.33360, 2.5738127, 105.94110, 105.72908,
13.532260, 128.21730, 2.3531422, 105.56036, 105.35062,
13.542940, 124.56253, 2.4099008, 105.18413, 104.97713,
13.553620, 127.87095, 2.7444719, 104.81227, 104.60844,
13.564290, 124.45848, 2.3559481, 104.44532, 104.24509,
13.574970, 117.16377, 2.4876522, 104.08274, 103.88653,
13.585640, 115.17237, 2.1048582, 103.72542, 103.53366,
13.596320, 122.34892, 2.2577608, 103.37285, 103.18596,
13.606990, 116.27260, 2.2016553, 103.02593, 102.84428,
13.617650, 115.66628, 2.4015970, 102.68479, 102.50877,
13.628320, 117.07187, 2.1039408, 102.34901, 102.17901,
13.638980, 121.46345, 2.2056763, 102.01941, 101.85577,
13.649650, 125.53202, 3.1050607, 101.69558, 101.53865,
13.660310, 119.73930, 2.2615254, 101.37832, 101.22841,
13.670970, 108.10916, 2.7088001, 101.06752, 100.92494,
13.681630, 119.76643, 2.2017813, 100.76341, 100.62843,
13.692280, 118.06390, 2.4535092, 100.46647, 100.33935,
13.702940, 104.06341, 2.6378945, 100.17634, 100.05733,
13.713590, 107.90785, 2.3836471, 99.893813, 99.783096,
13.724240, 104.59875, 2.3712511, 99.618784, 99.516545,
13.734890, 103.11507, 2.3222457, 99.351528, 99.257913,
13.745530, 102.30928, 2.6417048, 99.092475, 99.007592,
13.756180, 110.02228, 2.7996264, 98.841388, 98.765325,
13.766820, 104.21634, 2.5390951, 98.598951, 98.531743,
13.777460, 104.65175, 2.9431559, 98.365169, 98.306822,
13.788100, 101.46906, 3.0493960, 98.140283, 98.090759,
13.798740, 103.98343, 2.3071124, 97.924534, 97.883754,
13.809380, 104.94948, 2.9021332, 97.718189, 97.686025,
13.820010, 101.74274, 2.8487959, 97.521633, 97.497903,
13.830640, 100.87191, 2.7462850, 97.334965, 97.319444,
13.841270, 96.992268, 2.9872900, 97.158412, 97.150820,
13.851900, 92.853771, 2.7179497, 96.992268, 96.992268,
13.862530, 95.076324, 2.8271779, 96.836680, 96.843893,
13.873150, 99.617407, 5.4886650, 96.691534, 96.705594,
13.883780, 100.56275, 3.4076400, 96.556231, 96.576814,
13.894400, 100.54511, 4.1296609, 96.430679, 96.457480,
13.905020, 102.57519, 3.4910219, 96.314424, 96.347167,
13.915640, 94.485323, 3.5622098, 96.207140, 96.245573,
13.926250, 100.47337, 3.9358113, 96.108589, 96.152479,
13.936870, 98.757263, 4.1785126, 96.018284, 96.067424,
13.947480, 91.834705, 3.6769614, 95.936058, 95.990248,
13.958090, 100.88260, 4.4175328, 95.861530, 95.920590,
13.968700, 99.689825, 4.3727530, 95.794379, 95.858141,
13.979310, 112.76847, 4.2553142, 95.734313, 95.802619,
13.989910, 102.25211, 3.9878235, 95.681070, 95.753767,
14.000520, 98.781836, 3.6075169, 95.634257, 95.711206,
14.011120, 104.30138, 4.9077504, 95.593663, 95.674721,
14.021720, 104.59207, 5.5847313, 95.558950, 95.643983,
14.032320, 104.73089, 5.6440938, 95.529830, 95.618704,
14.042920, 97.115530, 4.1540677, 95.506015, 95.598597,
14.053510, 91.709667, 5.4539618, 95.487237, 95.583388,
14.064110, 95.246983, 4.9726781, 95.473175, 95.572762,
14.074700, 103.81732, 6.3114073, 95.463577, 95.566455,
14.085290, 94.446295, 6.1795981, 95.458151, 95.564173,
14.095870, 96.651722, 4.2445792, 95.456618, 95.565629,
14.106460, 102.03480, 3.1166386, 95.458702, 95.570544,
14.117040, 96.584740, 2.9287725, 95.464125, 95.578627,
14.127630, 102.21284, 3.7059287, 95.472628, 95.589615,
14.138210, 99.953352, 3.4043178, 95.483923, 95.603205,
14.148790, 106.46645, 4.2553865, 95.497749, 95.619127,
14.159370, 97.955780, 3.8642736, 95.513839, 95.637103,
14.169940, 101.29973, 3.5406241, 95.531906, 95.656832,
14.180520, 91.176981, 8.4589420, 95.551722, 95.678077,
14.182090, 108.23255, 3.3438184, 95.554793, 95.681339,
14.193560, 102.88416, 3.1704393, 95.578133, 95.705907,
14.205030, 104.63121, 2.9619916, 95.602817, 95.731505,
14.216500, 118.56568, 3.6957503, 95.628502, 95.757776,
14.227970, 121.87445, 4.1010158, 95.654857, 95.784369,
14.239430, 116.67890, 2.5842813, 95.681524, 95.810907,
14.250890, 111.92373, 3.2274252, 95.708187, 95.837058,
14.262350, 109.33763, 3.3730428, 95.734519, 95.862472,
14.273810, 110.80873, 3.5189279, 95.760180, 95.886795,
14.285270, 100.09488, 3.3232041, 95.784837, 95.909672,
14.296730, 104.50932, 3.0092249, 95.808156, 95.930752,
14.308180, 103.28622, 2.9376984, 95.829781, 95.949663,
14.319630, 100.15620, 2.9484287, 95.849399, 95.966073,
14.331080, 99.373098, 2.9484915, 95.866674, 95.979628,
14.342530, 102.97976, 2.9461960, 95.881265, 95.989973,
14.353970, 98.238171, 2.7921113, 95.892826, 95.996748,
14.365410, 97.368145, 2.7491179, 95.901032, 95.999610,
14.376860, 95.725567, 2.5558338, 95.905543, 95.998201,
14.388300, 103.67555, 3.0293559, 95.906007, 95.992165,
14.399730, 97.266983, 2.6161595, 95.902091, 95.981160,
14.411170, 97.014391, 2.6076698, 95.893440, 95.964807,
14.422600, 100.63210, 2.4769120, 95.879720, 95.942778,
14.434030, 98.301912, 2.5615490, 95.860575, 95.914702,
14.445460, 99.666536, 2.6335635, 95.835649, 95.880215,
14.456890, 97.477869, 2.6113474, 95.804589, 95.838961,
14.468320, 100.44563, 2.4676502, 95.767032, 95.790577,
14.479740, 95.671070, 2.1546909, 95.722658, 95.734747,
14.491160, 94.391695, 2.4069851, 95.671070, 95.671070,
14.502580, 92.770687, 2.1986574, 95.612022, 95.599315,
14.514000, 96.588301, 2.4817935, 95.545711, 95.519745,
14.525420, 104.58289, 2.2469246, 95.472460, 95.432765,
14.536830, 100.88290, 2.0416507, 95.392663, 95.338866,
14.548240, 94.682411, 2.2493660, 95.306566, 95.238368,
14.559650, 94.575706, 2.0780315, 95.214471, 95.131657,
14.571060, 86.678732, 2.2067439, 95.116700, 95.019148,
14.582470, 91.972315, 2.6360475, 95.013547, 94.901224,
14.593870, 92.141037, 1.8873346, 94.905407, 94.778385,
14.605270, 92.684343, 2.5578785, 94.792491, 94.650924,
14.616670, 97.719505, 2.1719875, 94.675106, 94.519243,
14.628070, 93.467049, 2.2875985, 94.553524, 94.383709,
14.639470, 89.648520, 2.1603821, 94.428046, 94.244723,
14.650860, 102.00121, 2.1249989, 94.299080, 94.102803,
14.662260, 92.823084, 2.1551466, 94.166677, 93.958077,
14.673650, 98.037989, 2.1991962, 94.031364, 93.811196,
14.685040, 102.00976, 2.7299024, 93.893294, 93.662402,
14.696420, 97.519117, 2.7662657, 93.752901, 93.512244,
14.707810, 92.334398, 2.6042021, 93.610183, 93.360805,
14.719190, 94.640366, 2.3880542, 93.465706, 93.208773,
14.730570, 97.724934, 3.0281366, 93.319595, 93.056367,
14.741950, 96.466480, 4.8555674, 93.172137, 92.903983,
14.753330, 95.131346, 3.0148964, 93.023609, 92.752006,
14.764700, 88.821701, 2.5153873, 92.874425, 92.600957,
14.776080, 86.024626, 3.0351939, 92.724586, 92.450942,
14.787450, 93.395985, 2.7833270, 92.574642, 92.302620,
14.798820, 91.179070, 3.0309205, 92.424731, 92.156236,
14.810190, 95.327850, 3.1123076, 92.275113, 92.012161,
14.821550, 95.161396, 3.1415805, 92.126214, 91.870921,
14.832920, 89.783728, 3.4973340, 91.978045, 91.732651,
14.844280, 103.08111, 4.3801752, 91.831130, 91.597968,
14.855640, 89.517694, 3.4667150, 91.685619, 91.467138,
14.866990, 89.964701, 3.2793019, 91.541921, 91.340662,
14.878350, 92.301098, 3.6302980, 91.400047, 91.218692,
14.889710, 91.249050, 3.5739542, 91.260406, 91.101733,
14.901060, 91.627771, 3.6836709, 91.123405, 90.990276,
14.912410, 97.228498, 4.2552944, 90.989191, 90.884596,
14.923760, 90.213257, 3.9864966, 90.858034, 90.785075,
14.935100, 81.049135, 3.5781891, 90.730355, 90.692202,
14.946450, 101.52234, 4.4908408, 90.606180, 90.606180,
14.957790, 90.606180, 4.0996296, 90.486158, 90.527459,
14.969130, 98.441658, 4.3950713, 90.371088, 90.455804,
14.980470, 88.704494, 4.2185032, 90.261984, 90.390937,
14.991810, 98.765903, 4.8137133, 90.159890, 90.332599,
15.003140, 95.310823, 4.1366695, 90.065922, 90.280567,
15.014480, 101.36892, 4.6262220, 89.980971, 90.234495,
15.025810, 90.525511, 3.7755629, 89.906209, 90.194191,
15.037140, 101.66642, 4.2854248, 89.842624, 90.159361,
15.048460, 83.708242, 4.6754726, 89.791300, 90.129765,
15.059790, 79.661631, 4.4310391, 89.753213, 90.105096,
15.071110, 90.518929, 3.8397842, 89.729490, 90.085139,
15.082440, 95.677982, 3.1643946, 89.721164, 90.069602,
15.093750, 98.022863, 2.7631779, 89.729315, 90.058268,
15.105070, 97.785181, 3.3546270, 89.755029, 90.050846,
15.116390, 95.989433, 3.9908854, 89.799401, 90.047095,
15.127700, 84.453688, 3.4000619, 89.863466, 90.046761,
15.139020, 90.055330, 2.6359872, 89.948454, 90.049591,
15.150330, 89.420158, 3.1757797, 90.055330, 90.055330,
15.162390, 99.322990, 3.3560108, 90.194309, 90.064416,
15.174730, 84.263763, 3.1711774, 90.362292, 90.076796,
15.187070, 102.64413, 3.9583175, 90.554916, 90.092245,
15.199410, 91.213600, 3.9954589, 90.770798, 90.110717,
15.211740, 91.913809, 3.6613464, 91.008296, 90.132143,
15.224080, 93.021627, 2.9285118, 91.266467, 90.156517,
15.236410, 97.037161, 2.5047455, 91.543484, 90.183750,
15.248740, 100.25109, 2.7140452, 91.838197, 90.213816,
15.261060, 92.524839, 2.6593271, 92.148986, 90.246642,
15.273390, 97.091734, 2.8198412, 92.475041, 90.282240,
15.285710, 93.231882, 3.4358393, 92.814505, 90.320510,
15.298030, 87.843357, 3.0612021, 93.166277, 90.361432,
15.310350, 99.298679, 2.7743668, 93.529097, 90.404971,
15.322660, 107.46889, 5.2616793, 93.901311, 90.451042,
15.334980, 104.26915, 4.0243629, 94.282222, 90.499678,
15.347290, 97.855225, 2.7313584, 94.669946, 90.550764,
15.359600, 85.333090, 2.7322638, 95.063485, 90.604297,
15.371900, 103.35261, 3.3243182, 95.461213, 90.660189,
15.384210, 103.96781, 3.5462016, 95.862524, 90.718497,
15.396510, 93.725145, 2.9471471, 96.265487, 90.779088,
15.408810, 97.115419, 3.4316836, 96.669103, 90.841965,
15.421110, 98.596035, 3.2558432, 97.072156, 90.907099,
15.433410, 99.773438, 2.7169378, 97.473307, 90.974443,
15.445700, 96.291229, 2.8832514, 97.871001, 91.043913,
15.457990, 96.694124, 3.1770206, 98.264274, 91.115524,
15.470280, 93.518818, 3.5076922, 98.651844, 91.189240,
15.482570, 96.338140, 3.2642916, 99.032431, 91.265027,
15.494860, 92.827419, 3.0092928, 99.404745, 91.342851,
15.507140, 99.262119, 2.9994474, 99.767219, 91.422615,
15.519420, 102.85464, 3.1085860, 100.11882, 91.504339,
15.531700, 103.60429, 3.3184109, 100.45831, 91.588003,
15.543980, 91.600800, 3.5812549, 100.78433, 91.673562,
15.556260, 105.28730, 3.5775448, 101.09560, 91.760996,
15.568530, 102.94954, 3.0313595, 101.39054, 91.850190,
15.580800, 102.68606, 2.5453157, 101.66810, 91.941187,
15.593070, 97.342133, 2.6806340, 101.92693, 92.033957,
15.605340, 110.21513, 2.9185845, 102.16568, 92.128468,
15.617600, 103.93221, 2.5499657, 102.38283, 92.224615,
15.629860, 99.780069, 2.4818969, 102.57719, 92.322434,
15.642120, 102.74742, 2.4030106, 102.74742, 92.421910,
15.654380, 99.746145, 2.2954902, 102.89258, 92.522999,
15.666640, 104.90250, 2.5909936, 103.01376, 92.625689,
15.678890, 109.39533, 2.4300845, 103.11242, 92.729852,
15.691140, 104.42965, 2.2365746, 103.19020, 92.835549,
15.703390, 106.03650, 2.2189998, 103.24863, 92.942752,
15.715640, 98.692940, 2.2445445, 103.28921, 93.051434,
15.727890, 108.09515, 2.6769708, 103.31343, 93.161567,
15.740130, 98.376690, 2.6268309, 103.32279, 93.273038,
15.752370, 105.36750, 2.3877654, 103.31879, 93.385897,
15.764610, 108.72227, 2.5835876, 103.30289, 93.500135,
15.776850, 106.04229, 2.8625159, 103.27657, 93.615709,
15.789090, 103.24899, 3.0395628, 103.24126, 93.732612,
15.801320, 102.17722, 2.4301016, 103.19847, 93.850707,
15.813550, 111.86645, 2.9125400, 103.14961, 93.970069,
15.825780, 106.89902, 3.1755048, 103.09612, 94.090675,
15.838010, 113.54327, 3.1535450, 103.03944, 94.212499,
15.850230, 108.90383, 3.1534875, 102.98106, 94.335421,
15.862450, 102.99768, 3.1839091, 102.92235, 94.459502,
15.874670, 109.93832, 3.3372040, 102.86475, 94.584739,
15.886890, 106.70531, 3.8945194, 102.80969, 94.711098,
15.899110, 116.01917, 4.8176153, 102.75861, 94.838546,
15.911320, 102.63239, 3.5105193, 102.71297, 94.966970,
15.923540, 106.73228, 3.4150792, 102.67414, 95.096558,
15.935750, 112.90232, 4.7695494, 102.64362, 95.227065,
15.947960, 109.12373, 4.5347588, 102.62282, 95.358581,
15.960160, 102.27611, 4.0410857, 102.61318, 95.490978,
15.972370, 103.26518, 3.9596191, 102.61616, 95.624443,
15.984570, 100.49197, 3.5428396, 102.63320, 95.758735,
15.996770, 99.884663, 3.3798712, 102.66576, 95.893959,
16.008961, 103.73612, 3.9827881, 102.71528, 96.029975,
16.021160, 110.18294, 3.8710525, 102.78331, 96.166965,
16.033350, 109.32161, 3.8678550, 102.87125, 96.304705,
16.045549, 107.72653, 4.1287450, 102.98072, 96.443389,
16.057739, 115.39450, 4.7672880, 103.11308, 96.582782,
16.069920, 105.09458, 3.3156840, 103.26980, 96.722861,
16.082109, 103.02215, 3.9193237, 103.45267, 96.863825,
16.094290, 104.17408, 3.3073030, 103.66294, 97.005435,
16.106470, 116.03315, 4.1922880, 103.90232, 97.147780,
16.118650, 111.41438, 3.9882755, 104.17239, 97.290842,
16.130831, 120.10683, 3.4461558, 104.47475, 97.434601,
16.143009, 110.34645, 3.2980550, 104.81097, 97.579016,
16.155180, 115.26398, 4.0057410, 105.18248, 97.723998,
16.167351, 119.52232, 3.7926314, 105.59113, 97.869620,
16.179520, 108.08915, 4.2611764, 106.03853, 98.015840,
16.191681, 102.80073, 3.3867085, 106.52611, 98.162570,
16.203850, 107.62977, 3.1432677, 107.05620, 98.309975,
16.216009, 111.22980, 4.2060283, 107.62977, 98.457830,
16.228170, 98.572275, 6.4711404, 108.24837, 98.606256,
16.240330, 131.55808, 5.2398231, 108.90998, 98.755186,
16.252489, 124.03965, 5.8119853, 109.61216, 98.904628,
16.264641, 131.78865, 5.3798262, 110.35193, 99.054468,
16.276791, 134.60700, 5.7850970, 111.12713, 99.204761,
16.288950, 133.08198, 5.8558033, 111.93604, 99.355628,
16.301090, 121.68235, 4.3322578, 112.77431, 99.506699,
16.313240, 122.95960, 6.2947610, 113.64144, 99.658311,
16.325380, 129.45112, 8.8912916, 114.53367, 99.810209,
16.337530, 143.54950, 6.2548567, 115.45001, 99.962615,
16.349670, 164.81868, 5.3521395, 116.38666, 100.11527,
16.361799, 168.25558, 3.6762186, 117.34106, 100.26814,
16.373940, 160.06450, 5.9501704, 118.31265, 100.42149,
16.386070, 163.62533, 4.3026868, 119.29742, 100.57503,
16.398211, 175.50512, 4.8964828, 120.29459, 100.72900,
16.410339, 175.92680, 4.1258293, 121.30011, 100.88311,
16.422461, 175.94368, 5.3587116, 122.31197, 101.03740,
16.434589, 181.00775, 5.8402191, 123.32911, 101.19203,
16.446711, 193.95745, 6.3327906, 124.34797, 101.34681,
16.458839, 173.62818, 3.9758268, 125.36751, 101.50190,
16.470961, 146.20917, 6.0335869, 126.38415, 101.65710,
16.483070, 154.42102, 4.8991354, 127.39528, 101.81234,
16.495190, 162.49830, 7.3526782, 128.40033, 101.96787,
16.500280, 171.89127, 3.9246309, 128.81990, 102.03325,
16.513599, 152.02042, 3.5571591, 129.90872, 102.20442,
16.526911, 155.64058, 3.0879065, 130.98159, 102.37565,
16.540211, 143.39395, 2.8414931, 132.03517, 102.54687,
16.553520, 145.13087, 3.3802077, 133.06803, 102.71833,
16.566820, 143.36033, 3.3952203, 134.07558, 102.88976,
16.580120, 148.11158, 3.2512679, 135.05546, 103.06126,
16.593420, 143.61607, 3.3923586, 136.00453, 103.23281,
16.606710, 143.02170, 3.3308201, 136.91899, 103.40427,
16.620001, 140.42412, 3.4244482, 137.79637, 103.57574,
16.633301, 133.87785, 3.1221457, 138.63405, 103.74732,
16.646589, 141.21395, 3.6187733, 139.42751, 103.91871,
16.659870, 133.33482, 4.7431765, 140.17380, 104.08995,
16.673149, 140.17380, 4.5771495, 140.87103, 104.26110,
16.686440, 131.74247, 3.6280111, 141.52152, 104.43229,
16.699711, 146.38062, 3.9348363, 142.12644, 104.60312,
16.712990, 154.27430, 4.1774637, 142.68969, 104.77390,
16.726271, 141.58282, 4.2071248, 143.21354, 104.94456,
16.739540, 141.54600, 3.6847086, 143.70006, 105.11488,
16.752810, 139.53830, 3.4305104, 144.15223, 105.28500,
16.766081, 140.60015, 3.2289157, 144.57263, 105.45492,
16.779341, 154.95792, 3.4664359, 144.96333, 105.62444,
16.792601, 142.89412, 3.1738043, 145.32716, 105.79371,
16.805870, 147.70930, 3.2912425, 145.66679, 105.96280,
16.819120, 142.92268, 3.1215535, 145.98393, 106.13134,
16.832380, 143.06185, 2.9260682, 146.28170, 106.29968,
16.845631, 147.43095, 2.4674191, 146.56205, 106.46753,
16.858891, 143.72890, 2.6609294, 146.82777, 106.63514,
16.872141, 138.64592, 2.8827311, 147.08084, 106.80223,
16.885380, 144.31000, 2.8500160, 147.32361, 106.96876,
16.898630, 144.25820, 2.7752683, 147.55884, 107.13499,
16.911869, 147.78848, 2.8836465, 147.78848, 107.30062,
16.925110, 158.92548, 3.2996192, 148.01428, 107.46578,
16.938351, 149.34827, 3.0926350, 148.23450, 107.63045,
16.951580, 145.56250, 3.4558016, 148.44645, 107.79444,
16.964821, 148.53538, 3.2003965, 148.64798, 107.95802,
16.978050, 140.58940, 3.4720476, 148.83620, 108.12089,
16.991270, 160.99490, 3.6109010, 149.00864, 108.28305,
17.004499, 190.29102, 3.5620481, 149.16301, 108.44471,
17.017719, 268.60458, 4.2266054, 149.29654, 108.60561,
17.030951, 620.58710, 7.0373724, 149.40687, 108.76599,
17.044161, 631.98862, 8.1464058, 149.49116, 108.92543,
17.057381, 191.19567, 5.0710818, 149.54706, 109.08427,
17.070601, 154.41445, 4.0980857, 149.57187, 109.24238,
17.083811, 182.36783, 4.4961371, 149.56299, 109.39961,
17.097019, 168.41505, 4.0203683, 149.51780, 109.55605,
17.110229, 167.07818, 4.0651574, 149.43362, 109.71170,
17.123430, 151.84950, 4.0370486, 149.30784, 109.86641,
17.136641, 158.11878, 4.1966033, 149.13756, 110.02038,
17.149839, 158.80272, 3.4105600, 148.92032, 110.17334,
17.163040, 163.51830, 3.2852383, 148.65315, 110.32542,
17.176229, 150.17503, 2.8482009, 148.33358, 110.47645,
17.189430, 144.40108, 3.0775790, 147.95820, 110.62665,
17.202620, 147.52310, 2.9667173, 147.52478, 110.77574,
17.215811, 147.52478, 3.1535308, 147.03115, 110.92386,
17.229000, 152.06512, 3.0632472, 146.48016, 111.07092,
17.242180, 162.92375, 4.1297114, 145.87597, 111.21682,
17.255369, 155.29638, 3.6696795, 145.22144, 111.36175,
17.268551, 161.75478, 4.0126789, 144.52114, 111.50549,
17.281719, 158.75165, 3.7918025, 143.77914, 111.64795,
17.294901, 167.84660, 4.4498705, 142.99758, 111.78939,
17.308069, 170.14460, 5.0892653, 142.18167, 111.92951,
17.321251, 166.14150, 4.2546688, 141.33334, 112.06855,
17.334410, 169.28560, 4.6790506, 140.45853, 112.20611,
17.347580, 164.24800, 5.4087116, 139.55855, 112.34251,
17.360750, 161.84970, 5.0146118, 138.63768, 112.47762,
17.373911, 170.23215, 5.1099303, 137.70013, 112.61131,
17.387070, 164.57775, 5.6862949, 136.74888, 112.74361,
17.400230, 168.09730, 7.0707185, 135.78715, 112.87455,
17.413380, 156.50423, 5.3668559, 134.81942, 113.00397,
17.426540, 147.02030, 5.4113072, 133.84747, 113.13205,
17.439690, 150.60503, 4.8039388, 132.87648, 113.25855,
17.452841, 151.33082, 5.0573209, 131.90893, 113.38355,
17.465981, 142.61982, 4.4949427, 130.94927, 113.50692,
17.479130, 155.86403, 5.2232881, 129.99944, 113.62881,
17.492270, 145.83460, 4.3127088, 129.06431, 113.74901,
17.505409, 134.44920, 4.6465273, 128.14667, 113.86758,
17.518551, 141.37255, 5.3155240, 127.24989, 113.98451,
17.531679, 140.37365, 4.4277003, 126.37849, 114.09962,
17.544821, 131.74690, 4.6573105, 125.53423, 114.21312,
17.557949, 131.60902, 4.0853251, 124.72236, 114.32474,
17.571079, 142.92592, 5.0607232, 123.94546, 114.43459,
17.584200, 138.57235, 5.4287266, 123.20775, 114.54253,
17.597330, 139.72330, 4.5517088, 122.51177, 114.64868,
17.610451, 122.66727, 4.0907646, 121.86215, 114.75286,
17.623569, 118.77945, 4.0346272, 121.26211, 114.85508,
17.636690, 120.22555, 4.4363713, 120.71518, 114.95536,
17.649799, 122.92012, 6.4773488, 120.22555, 115.05354,
17.662910, 119.60330, 7.2121327, 119.79531, 115.14969,
17.676029, 132.42705, 11.967367, 119.42253, 115.24381,
17.689131, 145.32842, 9.3727058, 119.10497, 115.33570,
17.702240, 142.28428, 7.8210343, 118.83911, 115.42549,
17.715349, 122.83738, 7.3605460, 118.62235, 115.51307,
17.728451, 112.72978, 6.9226722, 118.45198, 115.59838,
17.741550, 122.45297, 5.9759500, 118.32515, 115.68139,
17.754641, 128.66492, 4.6723795, 118.23914, 115.76204,
17.767740, 121.08180, 4.4972973, 118.19114, 115.84039,
17.780830, 117.51841, 5.1087835, 118.17855, 115.91629,
17.793921, 124.00367, 4.9355818, 118.19870, 115.98975,
17.807011, 130.65200, 4.4721349, 118.24895, 116.06073,
17.820101, 130.96063, 4.8278589, 118.32672, 116.12919,
17.833179, 132.16618, 5.6407776, 118.42932, 116.19502,
17.846270, 125.08725, 4.5714928, 118.55436, 116.25830,
17.859341, 118.06458, 3.8052197, 118.69900, 116.31884,
17.872419, 116.87703, 4.5072424, 118.86096, 116.37671,
17.885500, 120.33757, 4.6309900, 119.03769, 116.43184,
17.898569, 143.59400, 5.5923219, 119.22646, 116.48414,
17.911640, 133.00172, 5.1665848, 119.42497, 116.53360,
17.924709, 115.73700, 4.0448255, 119.63067, 116.58017,
17.937780, 116.42251, 8.7240104, 119.84112, 116.62381,
17.941250, 126.87625, 4.1465107, 119.89746, 116.63490,
17.955721, 109.81412, 3.7036624, 120.13312, 116.67884,
17.970181, 126.23052, 4.2008220, 120.36716, 116.71900,
17.984650, 116.58145, 3.5933126, 120.59657, 116.75538,
17.999109, 110.30317, 3.0956326, 120.81766, 116.78785,
18.013571, 110.58379, 3.3770102, 121.02724, 116.81637,
18.028021, 122.80452, 3.3679964, 121.22176, 116.84084,
18.042480, 123.87565, 3.5883436, 121.39811, 116.86123,
18.056931, 123.52080, 3.0912916, 121.55264, 116.87743,
18.071381, 127.06775, 3.4770126, 121.68207, 116.88938,
18.085819, 111.35213, 4.0442547, 121.78289, 116.89700,
18.100269, 115.93317, 3.6125061, 121.85180, 116.90022,
18.114710, 121.85180, 4.6545030, 121.88608, 116.89895,
18.129150, 128.41705, 3.6598026, 121.88657, 116.89312,
18.143579, 123.83110, 4.1543506, 121.85497, 116.88265,
18.158020, 121.87728, 3.7945890, 121.79282, 116.86744,
18.172449, 125.81548, 4.2880020, 121.70181, 116.84744,
18.186880, 105.26975, 3.6192449, 121.58345, 116.82253,
18.201300, 122.24185, 3.8360343, 121.43942, 116.79265,
18.215719, 124.92310, 3.4756757, 121.27114, 116.75771,
18.230150, 123.04648, 3.3648705, 121.07995, 116.71758,
18.244560, 121.74323, 3.1239188, 120.86779, 116.67225,
18.258980, 120.54387, 2.9240969, 120.63570, 116.62154,
18.273390, 126.88250, 4.0420508, 120.38542, 116.56543,
18.287800, 121.39462, 3.9470333, 120.11825, 116.50378,
18.302210, 118.81345, 3.2529826, 119.83559, 116.43650,
18.316620, 120.53570, 3.0032343, 119.53886, 116.36348,
18.331020, 118.16700, 2.8322744, 119.22966, 116.28468,
18.345421, 122.68993, 3.1676985, 118.90917, 116.19995,
18.359819, 121.31763, 3.2658206, 118.57883, 116.10919,
18.374210, 130.07030, 3.7017147, 118.24012, 116.01234,
18.388611, 111.28922, 3.6894684, 117.89401, 115.90918,
18.403000, 118.09752, 3.9553145, 117.54235, 115.79973,
18.417379, 115.89847, 4.0880528, 117.18645, 115.68390,
18.431770, 125.36188, 2.8088234, 116.82713, 115.56140,
18.446150, 139.93487, 5.3888079, 116.46630, 115.43229,
18.460529, 122.89940, 4.2769606, 116.10501, 115.29639,
18.474911, 116.52015, 3.8847094, 115.74456, 115.15353,
18.489281, 114.62015, 4.0116808, 115.38660, 115.00374,
18.503660, 124.70347, 3.8294337, 115.03196, 114.84669,
18.518030, 113.60702, 3.5421022, 114.68244, 114.68244,
18.532391, 114.68244, 6.7424415, 114.33910, 114.51094,
18.546761, 115.95435, 2.7854345, 114.00146, 114.33207,
18.561119, 125.36970, 3.0727825, 113.66974, 114.14623,
18.575480, 163.17638, 3.6915055, 113.34335, 113.95343,
18.589840, 133.68500, 3.5759498, 113.02204, 113.75383,
18.604191, 119.49905, 3.2894103, 112.70577, 113.54771,
18.618549, 118.16508, 3.3086325, 112.39388, 113.33499,
18.632900, 124.49868, 3.3122410, 112.08643, 113.11602,
18.647240, 111.44302, 4.1012247, 111.78326, 112.89102,
18.661591, 123.47912, 4.0583213, 111.48360, 112.65978,
18.675930, 113.22627, 3.7851336, 111.18770, 112.42279,
18.690269, 113.67818, 4.4174031, 110.89505, 112.18001,
18.704611, 125.72535, 4.7736550, 110.60537, 111.93154,
18.718941, 120.24560, 4.4918468, 110.31868, 111.67775,
18.733271, 115.43830, 4.1058011, 110.03451, 111.41858,
18.747601, 107.00998, 3.9299639, 109.75261, 111.15416,
18.761930, 134.74725, 4.1039919, 109.47274, 110.88461,
18.776260, 133.65973, 4.3499108, 109.19468, 110.61006,
18.790581, 128.90351, 4.6740125, 108.91835, 110.33082,
18.804899, 127.46250, 3.8363557, 108.64339, 110.04687,
18.819220, 129.77312, 3.5173684, 108.36948, 109.75826,
18.833530, 116.52357, 3.8600023, 108.09660, 109.46534,
18.847839, 126.74618, 3.5364026, 107.82439, 109.16808,
18.862150, 126.49192, 4.6478963, 107.55253, 108.86652,
18.876459, 148.63158, 4.1482110, 107.28087, 108.56086,
18.890770, 159.30605, 4.7856692, 107.00910, 108.25113,
18.905069, 133.35967, 5.2762865, 106.73724, 107.93773,
18.919371, 135.44083, 4.1829500, 106.46482, 107.62050,
18.933670, 132.82012, 4.9205035, 106.19167, 107.29962,
18.947960, 147.94647, 5.7624633, 105.91771, 106.97538,
18.962250, 147.22598, 6.0603188, 105.64252, 106.64769,
18.976540, 144.18242, 6.0243547, 105.36588, 106.31664,
18.990829, 138.96690, 5.5253374, 105.08754, 105.98235,
19.005119, 165.97780, 6.5100385, 104.80727, 105.64491,
19.019400, 132.25253, 5.1251160, 104.52503, 105.30468,
19.033680, 147.27885, 5.5840040, 104.24038, 104.96152,
19.047960, 120.70220, 4.7409753, 103.95310, 104.61554,
19.062229, 126.02145, 5.5411711, 103.66316, 104.26712,
19.076500, 130.29568, 5.1863595, 103.37007, 103.91604,
19.090771, 124.21900, 5.3101416, 103.07360, 103.56246,
19.105040, 123.48602, 4.9833497, 102.77356, 103.20651,
19.119310, 139.02595, 5.8855609, 102.46962, 102.84820,
19.133570, 149.42860, 13.065235, 102.16179, 102.48796,
19.147829, 131.74410, 5.3075864, 101.84960, 102.12562,
19.162090, 124.79650, 7.2549519, 101.53273, 101.76122,
19.176340, 142.01780, 8.1742995, 101.21122, 101.39519,
19.190599, 125.47270, 6.9407405, 100.88433, 101.02710,
19.204849, 118.48295, 6.3203987, 100.55223, 100.65753,
19.219101, 101.68965, 7.0349561, 100.21438, 100.28629,
19.233339, 83.718465, 5.8057895, 99.870876, 99.913865,
19.247580, 86.273645, 7.4363843, 99.521064, 99.539956,
19.261820, 99.164705, 7.3440612, 99.164705, 99.164705,
19.276060, 106.61709, 7.0393330, 98.801507, 98.788206,
19.290300, 120.14733, 9.9871876, 98.431170, 98.410552,
19.304529, 123.57855, 9.8309022, 98.053698, 98.032140,
19.318760, 117.12516, 9.3827842, 97.668435, 97.652709,
19.332991, 108.14132, 9.7887333, 97.275117, 97.272401,
19.347219, 96.893906, 19.022814, 96.873477, 96.891358,
19.361441, 155.63505, 66.576062, 96.463358, 96.509827,
19.375660, 130.44995, 7.7762591, 96.044272, 96.127745,
19.389879, 115.89350, 6.1563506, 95.615822, 95.745152,
19.404100, 153.46690, 7.9127169, 95.177604, 95.362087,
19.418310, 157.61687, 7.9536073, 94.729684, 94.979002,
19.432520, 152.37925, 8.3003855, 94.271353, 94.595677,
