# wave, flux, fluxerr, continuum, continuum_plateau
9.9725246, 60.298692, 1.6410285, 62.814869, 62.796809,
9.9806166, 62.291138, 1.6595833, 62.212994, 62.199684,
9.9887066, 62.739239, 1.4959694, 61.623946, 61.614541,
9.9967957, 56.120925, 1.3774904, 61.047813, 61.041537,
10.004880, 63.474511, 1.3939779, 60.485021, 60.481163,
10.012970, 58.061319, 1.4179850, 59.935009, 59.932929,
10.021050, 58.367078, 1.2874942, 59.398981, 59.398094,
10.029140, 57.605274, 1.2797194, 58.875846, 58.875634,
10.037220, 57.550447, 1.5853503, 58.367078, 58.367078,
10.045300, 64.242796, 1.2961243, 57.872171, 57.871978,
10.053380, 61.848987, 1.3113515, 57.391257, 57.390518,
10.061460, 60.789002, 1.3289937, 56.924638, 56.923052,
10.069540, 61.353573, 1.2428323, 56.472397, 56.469715,
10.077610, 65.713054, 1.1851096, 56.035346, 56.031365,
10.085690, 61.346454, 1.3694072, 55.612599, 55.607156,
10.093760, 65.012587, 1.3769196, 55.205356, 55.198338,
10.101830, 62.108525, 1.2827826, 54.813317, 54.804646,
10.109900, 62.289371, 1.1076526, 54.436649, 54.426286,
10.117970, 58.972650, 1.1601924, 54.075656, 54.063598,
10.126040, 60.497453, 1.1465221, 53.730512, 53.716786,
10.134100, 61.601255, 1.1676017, 53.401855, 53.386522,
10.142170, 61.191845, 1.2384575, 53.089058, 53.072202,
10.150230, 56.607950, 1.3027277, 52.793128, 52.774863,
10.158300, 55.543298, 1.2143871, 52.513601, 52.494058,
10.166360, 58.286225, 1.0487016, 52.251405, 52.230741,
10.174420, 62.491612, 1.2583846, 52.006379, 51.984765,
10.182470, 57.482957, 1.1690776, 51.779088, 51.756710,
10.190530, 57.916773, 1.2467489, 51.569213, 51.546268,
10.198590, 57.851543, 1.2112705, 51.377266, 51.353962,
10.206640, 49.788199, 1.2207770, 51.203748, 51.180299,
10.214690, 59.204337, 1.6635607, 51.048661, 51.025283,
10.222750, 55.710608, 1.4640968, 50.912120, 50.889033,
10.230800, 55.699838, 1.9930817, 50.794723, 50.772142,
10.238850, 52.455787, 1.5783964, 50.696572, 50.674709,
10.246890, 63.956841, 1.4612136, 50.618032, 50.597088,
10.254940, 57.162137, 1.2349419, 50.559202, 50.539371,
10.262990, 62.314442, 1.4314768, 50.520478, 50.501939,
10.271030, 58.249128, 1.4245640, 50.502166, 50.485079,
10.279070, 51.084526, 1.1381727, 50.504507, 50.489012,
10.287120, 57.572522, 1.3410369, 50.527847, 50.514065,
10.295150, 53.434447, 1.3807702, 50.572370, 50.560389,
10.303190, 57.765965, 1.4720398, 50.638523, 50.628407,
10.311230, 54.197887, 1.2225339, 50.726572, 50.718349,
10.319270, 55.637920, 1.3738236, 50.836863, 50.830526,
10.327300, 54.412622, 1.5227000, 50.969531, 50.965031,
10.335340, 51.505250, 1.3595965, 51.125241, 51.122489,
10.343370, 52.161261, 1.3217735, 51.303986, 51.302844,
10.351400, 54.633392, 1.5411763, 51.506244, 51.506524,
10.359430, 52.510955, 1.5153459, 51.732388, 51.733849,
10.367460, 52.422769, 1.3157871, 51.982776, 51.985120,
10.375480, 50.966058, 1.2818107, 52.257399, 52.260264,
10.383510, 47.866251, 1.4771121, 52.557345, 52.560308,
10.391530, 47.842586, 1.4381646, 52.882247, 52.884814,
10.399560, 49.603085, 1.2045389, 53.233260, 53.234865,
10.407580, 53.609941, 1.1740408, 53.609941, 53.609941,
10.415600, 56.842438, 1.3478797, 54.012834, 54.010535,
10.423620, 55.430290, 1.4607079, 54.441439, 54.436197,
10.431640, 51.246480, 1.3665360, 54.894860, 54.886111,
10.439650, 55.877914, 1.2903953, 55.371779, 55.359035,
10.447670, 57.938305, 1.2893157, 55.872614, 55.855447,
10.455680, 61.058370, 1.1992607, 56.395281, 56.373340,
10.463700, 58.183185, 1.2703989, 56.940382, 56.913364,
10.471710, 57.681274, 1.3343097, 57.505728, 57.473405,
10.479720, 62.557135, 1.3307762, 58.091263, 58.053453,
10.487730, 59.805532, 1.3902258, 58.696237, 58.652810,
10.495730, 57.699980, 1.3599181, 59.319148, 59.270033,
10.503740, 60.197835, 1.5768535, 59.960743, 59.905899,
10.511750, 61.014318, 1.7640022, 60.619551, 60.558990,
10.519750, 62.048765, 1.5065109, 61.293946, 61.227725,
10.527750, 67.067883, 1.7420963, 61.984136, 61.912345,
10.535750, 67.062233, 1.9056275, 62.689319, 62.612083,
10.543750, 76.289898, 1.4819056, 63.408691, 63.326169,
10.551750, 68.311501, 2.1034983, 64.141706, 64.054089,
10.559750, 66.317747, 1.5227363, 64.887478, 64.794987,
10.567850, 73.616816, 1.5318795, 65.655039, 65.557863,
10.576350, 74.874250, 1.5003516, 66.473041, 66.371252,
10.584840, 71.815775, 1.4298360, 67.302064, 67.196004,
10.593340, 69.785900, 1.7028094, 68.143317, 68.033345,
10.601830, 75.400997, 1.2771462, 68.993889, 68.880398,
10.610330, 79.493082, 1.6670126, 69.855050, 69.738446,
10.618820, 75.442739, 1.3160794, 70.723942, 70.604660,
10.627310, 76.772186, 1.1678755, 71.600601, 71.479095,
10.635800, 76.517937, 1.2186952, 72.484401, 72.361139,
10.644280, 77.851608, 1.2673771, 73.373319, 73.248790,
10.652770, 77.098923, 1.2212913, 74.268632, 74.143339,
10.661250, 79.186531, 1.2016293, 75.167514, 75.041976,
10.669740, 76.584116, 1.2427845, 76.071169, 75.945919,
10.678220, 80.089787, 1.2889935, 76.976753, 76.852338,
10.686700, 79.080919, 1.2533919, 77.884466, 77.761446,
10.695180, 84.669212, 1.1978268, 78.793496, 78.672445,
10.703650, 84.343941, 1.3369169, 79.702008, 79.583510,
10.712130, 79.915802, 1.3295016, 80.611135, 80.495792,
10.720600, 86.984026, 1.1564405, 81.518227, 81.406648,
10.729080, 86.917318, 1.2681554, 82.424413, 82.317229,
10.737550, 85.046980, 1.4077445, 83.326743, 83.224587,
10.746020, 90.489929, 1.3555294, 84.225629, 84.129155,
10.754490, 94.280231, 1.2220627, 85.120057, 85.029934,
10.762960, 90.361830, 1.2932980, 86.009417, 85.926330,
10.771420, 89.385305, 1.3345285, 86.891605, 86.816243,
10.779890, 93.587944, 1.4024763, 87.768192, 87.701285,
10.788350, 93.104298, 1.3084451, 88.636091, 88.578366,
10.796810, 89.172070, 1.4154840, 89.495577, 89.447790,
10.805270, 94.755220, 2.6084362, 90.345830, 90.308760,
10.813730, 92.832964, 2.5298119, 91.186029, 91.160479,
10.822190, 88.012142, 1.4302597, 92.015349, 92.002147,
10.830650, 91.847364, 1.5019196, 92.832964, 92.832964,
10.839100, 94.327328, 1.5878273, 93.637222, 93.651275,
10.847560, 92.944639, 1.4195202, 94.430143, 94.459075,
10.856010, 97.086752, 1.5041291, 95.210034, 95.254568,
10.864460, 97.558491, 1.8762741, 95.977895, 96.038697,
10.872910, 103.43864, 1.7005571, 96.733996, 96.811668,
10.881360, 108.62145, 1.7519351, 97.478598, 97.573680,
10.889800, 108.84752, 1.7676166, 98.210887, 98.323830,
10.898250, 113.08880, 1.9641922, 98.932775, 99.064011,
10.906690, 109.89445, 2.2705384, 99.642801, 99.792662,
10.915140, 114.49677, 1.7822391, 100.34281, 100.51162,
10.923580, 129.54965, 2.3237546, 101.03123, 101.21920,
10.932020, 127.72700, 5.3196428, 101.70910, 101.91642,
10.940460, 124.49673, 2.3584527, 102.37657, 102.60338,
10.948890, 136.24697, 2.2021177, 103.03298, 103.27935,
10.957330, 142.37507, 2.4061707, 103.68012, 103.94611,
10.965760, 159.16810, 1.9091489, 104.31661, 104.60218,
10.974200, 179.91173, 1.9489345, 104.94401, 105.24914,
10.982630, 195.93540, 1.8735286, 105.56100, 105.88557,
10.991060, 210.61335, 2.0473492, 106.16856, 106.51244,
10.999490, 209.58453, 1.9334562, 106.76670, 107.12972,
11.007920, 208.56958, 2.1944100, 107.35568, 107.73762,
11.016340, 211.17117, 1.7968794, 107.93485, 108.33545,
11.024770, 201.78402, 2.0921113, 108.50573, 108.92471,
11.033190, 200.62885, 2.0949150, 109.06713, 109.50418,
11.041610, 195.25785, 2.0071086, 109.61985, 110.07461,
11.050030, 192.94095, 2.1148657, 110.16400, 110.63609,
11.058450, 197.81158, 2.9780992, 110.69971, 111.18872,
11.066870, 195.54347, 2.2227613, 111.22708, 111.73259,
11.075290, 185.33635, 2.1025388, 111.74624, 112.26779,
11.083700, 182.25830, 2.1594832, 112.25672, 112.79381,
11.092120, 181.19920, 2.2543982, 112.75979, 113.31193,
11.100530, 180.49285, 2.4456207, 113.25437, 113.82101,
11.108940, 188.29977, 2.4786118, 113.74125, 114.32185,
11.117350, 192.98542, 3.6476271, 114.22042, 114.81440,
11.120570, 203.72667, 2.0697326, 114.40192, 115.00087,
11.129530, 209.09917, 2.0149295, 114.90109, 115.51341,
11.138500, 224.43660, 2.0413996, 115.39241, 116.01743,
11.147460, 245.40873, 2.0713411, 115.87487, 116.51185,
11.156430, 287.75008, 2.2400557, 116.34970, 116.99794,
11.165390, 331.97065, 2.2435150, 116.81591, 117.47464,
11.174350, 393.18176, 2.3762366, 117.27416, 117.94263,
11.183300, 464.20239, 2.6510175, 117.72409, 118.40152,
11.192260, 538.68575, 2.8296068, 118.16677, 118.85238,
11.201220, 586.27266, 2.8090873, 118.60180, 119.29480,
11.210170, 596.86336, 2.7676107, 119.02885, 119.72844,
11.219120, 604.23241, 2.9725926, 119.44847, 120.15384,
11.228070, 592.96811, 2.9835217, 119.86076, 120.57110,
11.237020, 592.86771, 2.6833396, 120.26577, 120.98027,
11.245970, 595.96416, 2.7028092, 120.66367, 121.38152,
11.254920, 576.80782, 2.7350002, 121.05452, 121.77489,
11.263860, 560.03537, 2.6826253, 121.43796, 122.16002,
11.272800, 548.97446, 2.7913663, 121.81456, 122.53750,
11.281750, 524.04895, 2.4817745, 122.18472, 122.90773,
11.290690, 497.37975, 2.4811150, 122.54782, 123.27008,
11.299630, 468.36736, 2.3999465, 122.90425, 123.62495,
11.308560, 449.59968, 2.2884146, 123.25375, 123.97210,
11.317500, 418.76574, 2.2068687, 123.59715, 124.31234,
11.326430, 401.17510, 2.2489589, 123.93379, 124.64504,
11.335370, 371.60448, 2.1339133, 124.26445, 124.97097,
11.344300, 351.22216, 2.0099199, 124.58850, 125.28953,
11.353230, 338.80167, 2.0164919, 124.90635, 125.60115,
11.362160, 328.58975, 2.0970243, 125.21805, 125.90585,
11.371080, 308.82237, 1.9852810, 125.52339, 126.20348,
11.380010, 292.36870, 1.8751913, 125.82302, 126.49468,
11.388930, 283.50121, 1.8772081, 126.11643, 126.77897,
11.397850, 268.02489, 2.0453440, 126.40394, 127.05666,
11.406780, 263.32888, 1.9794554, 126.68595, 127.32818,
11.415700, 253.67165, 1.8080726, 126.96186, 127.59296,
11.424610, 243.47692, 1.8211426, 127.23177, 127.85112,
11.433530, 236.99285, 10.510511, 127.49630, 128.10329,
11.442450, 232.39248, 1.8603069, 127.75521, 128.34926,
11.451360, 221.14670, 1.7809162, 128.00828, 128.58883,
11.460270, 217.26390, 1.8072954, 128.25584, 128.82235,
11.469180, 205.14815, 1.8299257, 128.49792, 129.04988,
11.478090, 194.39333, 1.8846018, 128.73457, 129.27148,
11.487000, 191.57893, 1.7646533, 128.96582, 129.48723,
11.495910, 190.01910, 1.7980586, 129.19170, 129.69717,
11.504810, 177.46695, 1.8880829, 129.41204, 129.90118,
11.513710, 181.15570, 1.8628410, 129.62709, 130.09952,
11.522620, 174.96258, 1.8481882, 129.83714, 130.29250,
11.531520, 176.94170, 1.9096755, 130.04174, 130.47972,
11.540420, 169.08422, 2.5355541, 130.24115, 130.66147,
11.549310, 166.11658, 2.0455029, 130.43521, 130.83764,
11.558210, 158.50770, 1.9537345, 130.62437, 131.00868,
11.567100, 156.49302, 2.0568773, 130.80820, 131.17422,
11.576000, 167.96250, 2.2866682, 130.98719, 131.33475,
11.584890, 169.16030, 2.2307888, 131.16092, 131.48993,
11.593780, 151.26872, 10.990828, 131.32961, 131.64001,
11.602670, 144.08377, 10.147982, 131.49331, 131.78506,
11.611560, 146.84465, 2.8797922, 131.65203, 131.92512,
11.620440, 144.96410, 2.4745560, 131.80560, 132.06011,
11.629330, 137.37990, 2.3096469, 131.95439, 132.19038,
11.638210, 137.69487, 2.6391490, 132.09808, 132.31571,
11.647090, 139.60820, 2.7116664, 132.23684, 132.43628,
11.655970, 142.93972, 2.7908919, 132.37069, 132.55214,
11.664850, 131.86892, 2.5666986, 132.49964, 132.66338,
11.673730, 135.52257, 1.5688358, 132.62368, 132.77001,
11.682600, 144.14035, 1.8433912, 132.74271, 132.87200,
11.691480, 134.08050, 1.7942890, 132.85698, 132.96961,
11.700350, 132.66125, 1.8526001, 132.96625, 133.06269,
11.709220, 141.24395, 1.8678858, 133.07064, 133.15140,
11.718090, 133.66535, 1.7961808, 133.17016, 133.23577,
11.726960, 133.11355, 1.8669007, 133.26481, 133.31588,
11.735830, 134.49033, 2.0137555, 133.35457, 133.39175,
11.744690, 133.59435, 2.2592371, 133.43935, 133.46337,
11.753560, 135.96220, 2.0628767, 133.51934, 133.53094,
11.762420, 130.98040, 1.9516784, 133.59435, 133.59435,
11.771280, 132.44995, 3.1722229, 133.66448, 133.65374,
11.775020, 134.03738, 1.5156592, 133.69261, 133.67759,
11.784500, 135.85012, 1.5139304, 133.76007, 133.73485,
11.793980, 134.97990, 1.5094399, 133.82201, 133.78748,
11.803460, 133.62825, 2.1063990, 133.87848, 133.83550,
11.812940, 135.78095, 1.4808718, 133.92950, 133.87887,
11.822420, 142.25443, 1.5944437, 133.97511, 133.91761,
11.831890, 140.06557, 1.4425431, 134.01530, 133.95167,
11.841360, 141.75875, 1.8214646, 134.05015, 133.98108,
11.850840, 143.22700, 1.3901361, 134.07971, 134.00586,
11.860310, 147.41405, 1.4760924, 134.10395, 134.02595,
11.869770, 152.07738, 1.4771062, 134.12291, 134.04135,
11.879240, 153.07397, 1.3847723, 134.13665, 134.05209,
11.888710, 149.81955, 1.3136992, 134.14516, 134.05814,
11.898170, 153.58215, 1.3780929, 134.14847, 134.05948,
11.907630, 158.49117, 1.5159247, 134.14660, 134.05611,
11.917090, 149.91162, 1.3603902, 134.13957, 134.04803,
11.926550, 157.01083, 1.3209166, 134.12739, 134.03521,
11.936010, 156.02702, 1.3346804, 134.11006, 134.01764,
11.945470, 150.24025, 1.3534715, 134.08760, 133.99531,
11.954920, 153.83100, 1.4006389, 134.06005, 133.96823,
11.964370, 159.11760, 1.4847938, 134.02740, 133.93637,
11.973830, 160.50823, 1.3589113, 133.98959, 133.89966,
11.983280, 153.33500, 1.5086107, 133.94673, 133.85818,
11.992720, 155.31145, 1.3550204, 133.89881, 133.81192,
12.002170, 153.26007, 1.3329292, 133.84575, 133.76075,
12.011610, 152.49523, 1.3271399, 133.78764, 133.70478,
12.021060, 152.42632, 1.3946221, 133.72436, 133.64386,
12.030500, 145.48550, 1.3758905, 133.65604, 133.57810,
12.039940, 147.08277, 1.2925543, 133.58261, 133.50742,
12.049380, 147.60628, 1.3205599, 133.50405, 133.43180,
12.058820, 146.16318, 1.3136235, 133.42036, 133.35122,
12.068250, 149.12783, 1.4038253, 133.33161, 133.26574,
12.077690, 143.25735, 1.3669821, 133.23761, 133.17516,
12.087120, 143.55178, 1.3254920, 133.13853, 133.07966,
12.096550, 139.97857, 1.3589627, 133.03427, 132.97911,
12.105980, 143.13353, 1.5114957, 132.92479, 132.87349,
12.115410, 139.62355, 1.3865391, 132.81009, 132.76277,
12.124830, 137.87825, 1.3361850, 132.69025, 132.64705,
12.134260, 142.06100, 1.4729623, 132.56501, 132.52606,
12.143680, 141.04742, 1.4953076, 132.43461, 132.40004,
12.153100, 140.67852, 1.4967019, 132.29887, 132.26881,
12.162520, 143.45080, 1.7855723, 132.15777, 132.13236,
12.171940, 131.30767, 1.4959099, 132.01129, 131.99067,
12.181360, 131.39753, 1.5151386, 131.85937, 131.84368,
12.190770, 131.66837, 1.5667845, 131.70217, 131.69155,
12.200180, 131.37107, 1.7780218, 131.53948, 131.53409,
12.209600, 128.05277, 1.5749588, 131.37107, 131.37107,
12.219010, 127.75170, 1.7653925, 131.19731, 131.20286,
12.228420, 132.16700, 1.9391298, 131.01809, 131.02935,
12.237820, 132.65923, 2.1236927, 130.83376, 130.85084,
12.247230, 130.41183, 1.6254392, 130.64403, 130.66702,
12.256630, 147.21537, 1.8383813, 130.44940, 130.47838,
12.266040, 196.61082, 2.1888115, 130.24962, 130.28464,
12.275440, 358.58292, 2.7911493, 130.04519, 130.08628,
12.284840, 297.64293, 2.4795519, 129.83605, 129.88322,
12.294230, 143.15168, 4.2895381, 129.62249, 129.67572,
12.303630, 138.95602, 2.5322508, 129.40423, 129.46350,
12.313030, 148.19658, 2.1903047, 129.18155, 129.24682,
12.322420, 150.76683, 2.7506354, 128.95483, 129.02604,
12.331810, 144.58160, 1.6046371, 128.72394, 128.80100,
12.341200, 144.12700, 1.6318734, 128.48897, 128.57180,
12.350590, 150.52063, 1.4772451, 128.25003, 128.33853,
12.359980, 146.47195, 1.5878538, 128.00722, 128.10127,
12.369360, 150.81852, 1.5608170, 127.76089, 127.86036,
12.378750, 147.45495, 1.6193171, 127.51064, 127.61540,
12.388130, 149.67825, 1.6728358, 127.25708, 127.36697,
12.397510, 151.75740, 1.6517662, 127.00008, 127.11495,
12.406890, 148.79320, 1.5875984, 126.73967, 126.85935,
12.416270, 155.42268, 1.8246303, 126.47598, 126.60030,
12.425640, 156.67057, 1.7350691, 126.20940, 126.33817,
12.435020, 157.75710, 1.8542573, 125.93943, 126.07247,
12.444390, 162.81625, 2.0478738, 125.66676, 125.80387,
12.453760, 160.90448, 1.7432929, 125.39117, 125.53215,
12.463130, 157.65803, 1.7972188, 125.11276, 125.25741,
12.472500, 168.43095, 2.0093704, 124.83162, 124.97972,
12.481870, 176.23340, 2.4207824, 124.54783, 124.69917,
12.489420, 169.80755, 1.6138783, 124.31728, 124.47108,
12.499490, 172.58433, 1.7510864, 124.00727, 124.16413,
12.509550, 177.00742, 1.6454521, 123.69479, 123.85445,
12.519610, 182.70185, 1.5444677, 123.37964, 123.54183,
12.529670, 182.23905, 1.5344545, 123.06194, 123.22642,
12.539730, 188.34800, 8.9106744, 122.74175, 122.90825,
12.549780, 192.18365, 1.7812280, 122.41953, 122.58779,
12.559840, 191.99480, 1.5336491, 122.09470, 122.26447,
12.569890, 194.16910, 1.5008919, 121.76805, 121.93906,
12.579940, 187.02898, 1.4941685, 121.43932, 121.61131,
12.589990, 199.94555, 1.5407624, 121.10862, 121.28134,
12.600040, 207.89567, 1.5490295, 120.77601, 120.94920,
12.610090, 208.57472, 2.0906453, 120.44165, 120.61506,
12.620130, 215.95585, 1.7353818, 120.10595, 120.27933,
12.630170, 224.93680, 1.6186435, 119.76862, 119.94172,
12.640210, 227.55378, 1.8703666, 119.42979, 119.60237,
12.650250, 221.69310, 1.5494559, 119.08955, 119.26138,
12.660290, 224.01570, 1.5319877, 118.74803, 118.91886,
12.670330, 232.74287, 2.0514459, 118.40525, 118.57485,
12.680360, 233.59625, 1.6325803, 118.06169, 118.22983,
12.690390, 251.93923, 1.6320461, 117.71708, 117.88355,
12.700420, 253.55812, 1.6160540, 117.37148, 117.53607,
12.710450, 252.53318, 1.5929671, 117.02506, 117.18754,
12.720480, 259.86375, 1.6891819, 116.67785, 116.83803,
12.730500, 268.07825, 2.0491406, 116.33028, 116.48795,
12.740530, 272.27266, 1.8065184, 115.98178, 116.13675,
12.750550, 250.85215, 1.7082182, 115.63310, 115.78518,
12.760570, 250.18928, 1.6310850, 115.28402, 115.43304,
12.770590, 256.11952, 1.6932375, 114.93457, 115.08034,
12.780610, 245.07927, 1.5811457, 114.58487, 114.72722,
12.790620, 240.65477, 1.7849203, 114.23536, 114.37414,
12.800640, 238.38847, 1.6208611, 113.88542, 114.02045,
12.810650, 235.39368, 1.5973944, 113.53584, 113.66699,
12.820660, 226.57597, 1.5836480, 113.18636, 113.31348,
12.830670, 207.09132, 1.5210060, 112.83703, 112.95997,
12.840680, 194.81112, 1.4776490, 112.48800, 112.60663,
12.850680, 181.04440, 1.4556689, 112.13966, 112.25385,
12.860690, 175.38340, 1.5325829, 111.79142, 111.90106,
12.870690, 164.43095, 1.4612526, 111.44404, 111.54901,
12.880690, 158.01263, 1.4479791, 111.09731, 111.19749,
12.890690, 147.35550, 1.4009985, 110.75124, 110.84654,
12.900680, 144.22272, 1.4222863, 110.40633, 110.49664,
12.910680, 140.27460, 1.4038977, 110.06193, 110.14715,
12.920670, 131.48337, 1.2965810, 109.71885, 109.79890,
12.930670, 132.33687, 1.5406140, 109.37647, 109.45125,
12.940660, 127.51247, 1.4107704, 109.03555, 109.10499,
12.950640, 122.98448, 1.4438160, 108.69625, 108.76027,
12.960630, 119.61343, 1.6813276, 108.35787, 108.41640,
12.970620, 118.17985, 1.4500820, 108.02094, 108.07389,
12.980600, 124.29665, 1.4528166, 107.68582, 107.73314,
12.990580, 120.56477, 1.4603693, 107.35232, 107.39394,
13.000560, 110.62580, 1.5161949, 107.02047, 107.05632,
13.010540, 111.84698, 1.4161159, 106.69038, 106.72041,
13.020520, 111.42955, 1.4634047, 106.36216, 106.38630,
13.030490, 110.05485, 1.5756888, 106.03623, 106.05443,
13.040470, 106.86907, 1.5704682, 105.71201, 105.72420,
13.050440, 102.75125, 1.5769245, 105.39028, 105.39640,
13.060410, 104.39867, 1.4658822, 105.07077, 105.07077,
13.070380, 105.07077, 1.5717181, 104.75355, 104.74737,
13.080350, 106.62696, 1.7333936, 104.43867, 104.42625,
13.090310, 107.00455, 1.7262208, 104.12635, 104.10769,
13.100280, 109.66755, 1.7607654, 103.81600, 103.79106,
13.110240, 105.12478, 1.8144587, 103.50816, 103.47697,
13.120200, 104.23065, 1.6703769, 103.20252, 103.16509,
13.130160, 115.91722, 1.9449565, 102.89905, 102.85541,
13.140110, 107.22742, 1.5933146, 102.59806, 102.54826,
13.150070, 105.74632, 1.2241366, 102.29888, 102.24298,
13.160020, 103.17654, 1.2967178, 102.00212, 101.94020,
13.169980, 104.05215, 1.3490203, 101.70714, 101.63927,
13.179930, 100.43720, 1.3488799, 101.41454, 101.34083,
13.189870, 97.760611, 1.3558191, 101.12426, 101.04483,
13.199820, 102.17726, 1.3507588, 100.83574, 100.75069,
13.209770, 101.01087, 1.3719398, 100.54920, 100.45867,
13.219710, 97.162064, 1.2732132, 100.26497, 100.16910,
13.229650, 102.53820, 1.4100069, 99.982736, 99.881680,
13.239590, 97.322144, 1.4234627, 99.702445, 99.596359,
13.249530, 99.257206, 1.3519254, 99.424105, 99.313156,
13.259470, 94.204170, 1.3684720, 99.147705, 99.032067,
13.269410, 96.545301, 1.4670016, 98.873230, 98.753088,
13.279340, 97.682625, 1.5323121, 98.600958, 98.476506,
13.289270, 97.256784, 1.5722766, 98.330560, 98.201994,
13.299200, 105.30720, 1.6205498, 98.062078, 97.929603,
13.309130, 97.118397, 1.9084888, 97.795477, 97.659303,
13.318260, 96.770653, 1.6781395, 97.551985, 97.412599,
13.328980, 99.122528, 1.4687248, 97.268109, 97.125190,
13.339690, 101.87204, 1.3169130, 96.986672, 96.840486,
13.350400, 107.22948, 1.3918338, 96.707388, 96.558202,
13.361120, 101.21410, 1.3510738, 96.429977, 96.278062,
13.371830, 102.28112, 1.2525677, 96.154978, 96.000614,
13.382530, 103.77255, 1.2605265, 95.882353, 95.725824,
13.393240, 103.46653, 1.3951238, 95.611613, 95.453202,
13.403940, 102.90435, 1.5835840, 95.343237, 95.183232,
13.414650, 104.20163, 1.5881986, 95.076743, 94.915433,
13.425350, 103.67148, 1.2883143, 94.812604, 94.650281,
13.436050, 103.53242, 1.3380004, 94.550582, 94.387539,
13.446740, 109.94847, 1.3140832, 94.290930, 94.127461,
13.457440, 115.95247, 1.4527844, 94.033140, 93.869537,
13.468130, 110.29878, 1.3398092, 93.777719, 93.614276,
13.478830, 112.17492, 1.3613202, 93.524169, 93.361178,
13.489520, 111.60480, 1.3327794, 93.272990, 93.110742,
13.500200, 113.70162, 1.3927049, 93.024161, 92.862942,
13.510890, 119.83740, 1.4685149, 92.777241, 92.617339,
13.521570, 121.26378, 1.4211827, 92.532678, 92.374375,
13.532260, 125.33985, 1.3472482, 92.290042, 92.133619,
13.542940, 125.92167, 1.3758188, 92.049776, 91.895506,
13.553620, 125.24108, 1.4450940, 91.811671, 91.659825,
13.564290, 124.86123, 1.4205062, 91.575968, 91.426808,
13.574970, 119.43730, 1.3087189, 91.342216, 91.196004,
13.585640, 115.05042, 1.2378662, 91.110884, 90.967872,
13.596320, 118.19168, 1.3110593, 90.881533, 90.741969,
13.606990, 114.96285, 1.3923796, 90.654626, 90.518746,
13.617650, 108.03898, 1.5034157, 90.430151, 90.298184,
13.628320, 109.96285, 1.4618019, 90.207725, 90.079895,
13.638980, 108.78122, 1.2784568, 89.987760, 89.864278,
13.649650, 112.16000, 1.2713269, 89.769882, 89.650955,
13.660310, 105.95340, 1.2805895, 89.554498, 89.440317,
13.670970, 102.15818, 1.4642730, 89.341434, 89.232180,
13.681630, 102.23318, 1.2271141, 89.130709, 89.026555,
13.692280, 101.99098, 1.2622433, 88.922550, 88.823650,
13.702940, 98.537724, 1.2513649, 88.716571, 88.623075,
13.713590, 94.010031, 1.4097755, 88.513199, 88.425237,
13.724240, 90.914984, 1.4813885, 88.312238, 88.229930,
13.734890, 94.158815, 1.2296939, 88.113751, 88.037201,
13.745530, 90.500986, 1.2608711, 87.917920, 87.847214,
13.756180, 97.192989, 1.3994468, 87.724423, 87.659640,
13.766820, 89.678850, 2.6416392, 87.533636, 87.474828,
13.777460, 88.751474, 2.3783421, 87.345414, 87.292622,
13.788100, 87.668459, 1.3244453, 87.159789, 87.113037,
13.798740, 87.613461, 1.2579246, 86.976793, 86.936085,
13.809380, 83.521515, 1.3500445, 86.796476, 86.761798,
13.820010, 85.727730, 1.3615530, 86.618998, 86.590310,
13.830640, 86.231163, 1.3582169, 86.444265, 86.421512,
13.841270, 87.510977, 1.2750327, 86.272281, 86.255388,
13.851900, 85.689262, 1.3131160, 86.103116, 86.091984,
13.862530, 84.657885, 1.5842200, 85.936794, 85.931303,
13.873150, 87.047426, 1.4804743, 85.773500, 85.773500,
13.883780, 85.773500, 1.4294285, 85.612965, 85.618299,
13.894400, 88.586485, 1.3388452, 85.455426, 85.465928,
13.905020, 85.916546, 1.4206241, 85.300669, 85.316188,
13.915640, 83.812449, 1.3979555, 85.148628, 85.169019,
13.926250, 92.823837, 1.4562312, 84.999370, 85.024490,
13.936870, 87.615875, 1.4708382, 84.852576, 84.882295,
13.947480, 90.423012, 1.5364525, 84.708418, 84.742605,
13.958090, 89.304358, 1.5881561, 84.566728, 84.605260,
13.968700, 94.429302, 2.2914519, 84.427420, 84.470175,
13.979310, 89.900124, 1.8636152, 84.290458, 84.337319,
13.989910, 94.088097, 1.4967736, 84.155890, 84.206738,
14.000520, 86.679136, 2.5090462, 84.023418, 84.078141,
14.011120, 86.949940, 1.7085069, 83.893220, 83.951704,
14.021720, 89.312740, 1.8972618, 83.765122, 83.827253,
14.032320, 83.753687, 1.8522729, 83.639068, 83.704734,
14.042920, 89.310822, 1.7658717, 83.515004, 83.584090,
14.053510, 84.029982, 1.7046597, 83.392997, 83.465385,
14.064110, 87.504286, 1.9602614, 83.272751, 83.348328,
14.074700, 84.480110, 2.2876637, 83.154443, 83.233086,
14.085290, 87.888962, 2.1151343, 83.037923, 83.119510,
14.095870, 85.875496, 1.5684181, 82.923233, 83.007636,
14.106460, 89.841646, 1.1829337, 82.810117, 82.897208,
14.117040, 84.541208, 1.1809712, 82.698730, 82.788373,
14.127630, 86.389961, 1.2787614, 82.588813, 82.680872,
14.138210, 89.602957, 1.4604780, 82.480537, 82.574866,
14.148790, 94.098549, 1.5291435, 82.373746, 82.470194,
14.159370, 91.892082, 1.4519757, 82.268394, 82.366805,
14.169940, 90.863039, 1.4939828, 82.164537, 82.264748,
14.180520, 90.995190, 2.5192486, 82.061926, 82.163769,
14.182090, 94.537560, 1.5851341, 82.046814, 82.148884,
14.193560, 105.05378, 1.4601967, 81.937251, 82.040861,
14.205030, 91.548660, 1.2679933, 81.829150, 81.934081,
14.216500, 100.08699, 1.4330547, 81.722473, 81.828496,
14.227970, 100.23970, 1.6608606, 81.617158, 81.724033,
14.239430, 103.34200, 1.2819143, 81.513238, 81.620712,
14.250890, 94.115545, 1.1744442, 81.410580, 81.518390,
14.262350, 95.935406, 1.3291041, 81.309116, 81.416987,
14.273810, 96.065872, 1.2890164, 81.208803, 81.316446,
14.285270, 99.798809, 1.2678866, 81.109598, 81.216713,
14.296730, 92.667532, 1.1281945, 81.011435, 81.117707,
14.308180, 88.488804, 1.1166710, 80.914361, 81.019463,
14.319630, 87.114700, 1.0993522, 80.818237, 80.921826,
14.331080, 84.557636, 1.2434188, 80.723006, 80.824725,
14.342530, 82.399927, 1.1866206, 80.628636, 80.728115,
14.353970, 85.049095, 1.1356115, 80.535158, 80.632011,
14.365410, 86.474663, 1.1326579, 80.442429, 80.536254,
14.376860, 86.275887, 1.5279804, 80.350334, 80.440711,
14.388300, 82.436737, 1.4054831, 80.258980, 80.345477,
14.399730, 85.279861, 1.6957249, 80.168327, 80.250498,
14.411170, 82.261925, 1.4412383, 80.078164, 80.155538,
14.422600, 82.527498, 1.1968002, 79.988609, 80.060707,
14.434030, 79.891891, 1.1403420, 79.899536, 79.965858,
14.445460, 85.559769, 1.1776243, 79.810891, 79.870918,
14.456890, 80.093689, 1.1754549, 79.722646, 79.775843,
14.468320, 82.213573, 1.1333475, 79.634747, 79.680561,
14.479740, 76.948477, 1.1323718, 79.547225, 79.585091,
14.491160, 79.716753, 1.1085260, 79.459962, 79.489291,
14.502580, 78.863787, 1.2417363, 79.372921, 79.393106,
14.514000, 80.351774, 1.2478119, 79.286043, 79.296458,
14.525420, 78.309093, 1.1827199, 79.199293, 79.199293,
14.536830, 79.199293, 1.1288969, 79.112703, 79.101658,
14.548240, 77.096455, 1.1600565, 79.026133, 79.003498,
14.559650, 79.834412, 12.778027, 78.939511, 78.904860,
14.571060, 76.477369, 1.4148783, 78.852787, 78.805815,
14.582470, 79.747929, 1.6083383, 78.765890, 78.706408,
14.593870, 76.009457, 1.1892546, 78.678829, 78.606778,
14.605270, 77.088934, 1.3224116, 78.591467, 78.506895,
14.616670, 74.661427, 1.1600239, 78.503747, 78.406822,
14.628070, 74.691694, 1.3655295, 78.415588, 78.306595,
14.639470, 78.221628, 1.1763397, 78.326935, 78.206277,
14.650860, 76.539804, 1.1808684, 78.237804, 78.106014,
14.662260, 77.694912, 1.1513389, 78.147966, 78.005676,
14.673650, 78.594051, 1.1846490, 78.057520, 77.905500,
14.685040, 75.397127, 1.2056898, 77.966311, 77.805440,
14.696420, 74.186661, 1.1698079, 77.874372, 77.705658,
14.707810, 73.178331, 1.2186658, 77.781454, 77.606007,
14.719190, 76.331041, 1.1578891, 77.687674, 77.506740,
14.730570, 77.388914, 1.4181720, 77.592865, 77.407804,
14.741950, 77.132677, 1.3414670, 77.496968, 77.309261,
14.753330, 79.240662, 1.1608986, 77.399913, 77.211163,
14.764700, 76.756634, 1.1666023, 77.301722, 77.113655,
14.776080, 73.441168, 1.1362777, 77.202146, 77.016611,
14.787450, 72.879007, 1.1025208, 77.101298, 76.920264,
14.798820, 72.414425, 1.2027326, 76.999015, 76.824577,
14.810190, 74.595369, 1.1379438, 76.895218, 76.729599,
14.821550, 74.144688, 1.2124776, 76.789941, 76.635476,
14.832920, 77.072456, 1.2473739, 76.682926, 76.542099,
14.844280, 75.866196, 1.1363655, 76.574279, 76.449677,
14.855640, 72.633308, 1.2042682, 76.463836, 76.358187,
14.866990, 73.961535, 1.2379946, 76.351626, 76.267768,
14.878350, 73.801987, 1.2105846, 76.237367, 76.178305,
14.889710, 75.467485, 1.1577102, 76.121083, 76.089940,
14.901060, 76.002808, 1.2421799, 76.002808, 76.002808,
14.912410, 80.293592, 1.2694271, 75.882495, 75.916880,
14.923760, 77.262270, 1.4092916, 75.760758, 75.832206,
14.935100, 73.188906, 1.3999613, 75.638492, 75.748929,
14.946450, 77.547371, 1.4456410, 75.516212, 75.666937,
14.957790, 71.278675, 1.3914787, 75.394915, 75.586443,
14.969130, 77.249453, 1.3680911, 75.275258, 75.507432,
14.980470, 80.320072, 1.4961251, 75.157982, 75.429946,
14.991810, 81.349873, 1.4947305, 75.043860, 75.354047,
15.003140, 77.801104, 1.4933969, 74.933746, 75.279854,
15.014480, 78.405685, 1.5405111, 74.828230, 75.207302,
15.025810, 72.567795, 1.6205021, 74.728237, 75.136559,
15.037140, 73.059736, 1.4969855, 74.634463, 75.067632,
15.048460, 69.854311, 2.0607068, 74.547740, 75.000626,
15.059790, 79.052017, 1.6903232, 74.468697, 74.935487,
15.071110, 73.950190, 1.7198391, 74.398245, 74.872381,
15.082440, 73.013618, 1.3821149, 74.337043, 74.811255,
15.093750, 78.018116, 1.1280120, 74.286033, 74.752335,
15.105070, 75.928598, 1.1894883, 74.245848, 74.695512,
15.116390, 79.917976, 1.2337500, 74.217338, 74.640900,
15.127700, 71.853771, 1.2587770, 74.201313, 74.588607,
15.139020, 81.731754, 1.5025381, 74.198549, 74.538595,
15.150330, 77.819134, 1.4063915, 74.209865, 74.491017,
15.162390, 78.626968, 1.5372925, 74.238356, 74.442980,
15.174730, 70.504944, 1.5730150, 74.286082, 74.396784,
15.187070, 74.137108, 1.4125217, 74.353662, 74.353662,
15.199410, 74.353662, 1.6897150, 74.441851, 74.313668,
15.211740, 75.312473, 1.6366768, 74.549873, 74.276810,
15.224080, 78.146061, 1.4972088, 74.676928, 74.242976,
15.236410, 77.455862, 1.5040047, 74.821803, 74.212179,
15.248740, 84.134918, 1.7257948, 74.983619, 74.184344,
15.261060, 84.984983, 1.6114176, 75.161250, 74.159449,
15.273390, 87.222296, 1.6494537, 75.354040, 74.137405,
15.285710, 81.672009, 1.6530000, 75.560729, 74.118207,
15.298030, 74.298847, 1.4835744, 75.780501, 74.101796,
15.310350, 79.990900, 1.4651308, 76.012458, 74.088126,
15.322660, 79.192497, 1.7234234, 76.255447, 74.077167,
15.334980, 79.360609, 1.7327492, 76.508943, 74.068860,
15.347290, 80.745277, 1.4938913, 76.771641, 74.063178,
15.359600, 78.643633, 1.3846095, 77.042829, 74.060074,
15.371900, 78.577156, 1.3183341, 77.321366, 74.059509,
15.384210, 79.296492, 1.3322335, 77.606831, 74.061443,
15.396510, 89.736330, 1.3493061, 77.897869, 74.065837,
15.408810, 80.329742, 1.3122674, 78.193789, 74.072652,
15.421110, 84.414431, 1.1877263, 78.493753, 74.081855,
15.433410, 83.482336, 1.1937739, 78.796833, 74.093407,
15.445700, 81.068176, 1.2856837, 79.101934, 74.107261,
15.457990, 83.022520, 1.2788692, 79.408413, 74.123392,
15.470280, 80.340433, 1.3543609, 79.715397, 74.141764,
15.482570, 79.493879, 1.2245276, 80.022007, 74.162344,
15.494860, 85.338221, 1.2024403, 80.327370, 74.185097,
15.507140, 83.376402, 1.1478612, 80.630375, 74.209972,
15.519420, 84.207788, 1.2403378, 80.930360, 74.236950,
15.531700, 81.803600, 1.2051991, 81.226494, 74.266003,
15.543980, 80.579130, 1.2548215, 81.517854, 74.297096,
15.556260, 82.013655, 1.3491846, 81.803600, 74.330201,
15.568530, 79.379297, 1.1394658, 82.082833, 74.365256,
15.580800, 84.783674, 1.2426967, 82.356118, 74.402258,
15.593070, 83.912035, 1.1939440, 82.624017, 74.441175,
15.605340, 83.189205, 1.3765102, 82.887085, 74.481981,
15.617600, 85.031082, 1.2836108, 83.145676, 74.524610,
15.629860, 86.230309, 1.1964639, 83.400528, 74.569063,
15.642120, 85.203924, 1.1787234, 83.652226, 74.615319,
15.654380, 85.919437, 1.2611781, 83.901279, 74.663341,
15.666640, 88.836073, 1.3365371, 84.148269, 74.713112,
15.678890, 88.567627, 1.2858259, 84.393511, 74.764554,
15.691140, 86.170731, 1.2583967, 84.637758, 74.817683,
15.703390, 87.651897, 1.1995034, 84.881550, 74.872474,
15.715640, 85.020777, 1.1894243, 85.125427, 74.928900,
15.727890, 89.267639, 1.2533851, 85.369930, 74.986936,
15.740130, 87.605679, 1.2440367, 85.615407, 75.046510,
15.752370, 92.409107, 1.3500032, 85.862570, 75.107637,
15.764610, 96.970430, 1.2717708, 86.111997, 75.170302,
15.776850, 91.255821, 1.2475411, 86.364192, 75.234470,
15.789090, 91.795168, 1.2877051, 86.619738, 75.300129,
15.801320, 90.090778, 1.2435434, 86.878938, 75.367192,
15.813550, 93.979027, 1.5075092, 87.142554, 75.435691,
15.825780, 97.486719, 5.0277064, 87.411136, 75.505604,
15.838010, 94.271284, 1.2600128, 87.685237, 75.576908,
15.850230, 91.553186, 1.2321982, 87.965190, 75.649524,
15.862450, 97.880272, 1.4111873, 88.251741, 75.723479,
15.874670, 92.069977, 1.4292970, 88.545496, 75.798763,
15.886890, 96.524015, 1.3774638, 88.846997, 75.875350,
15.899110, 98.195045, 1.3866571, 89.156791, 75.953212,
15.911320, 93.865852, 1.3633616, 89.475221, 76.032272,
15.923540, 93.987038, 1.3780070, 89.803390, 76.112639,
15.935750, 94.649364, 2.5399408, 90.141318, 76.194157,
15.947960, 90.829523, 12.975006, 90.489871, 76.276872,
15.960160, 91.857552, 1.4106629, 90.849358, 76.360699,
15.972370, 94.884552, 1.4742315, 91.220943, 76.445751,
15.984570, 96.681749, 1.5290122, 91.604622, 76.531869,
15.996770, 99.292181, 1.4459784, 92.001352, 76.619112,
16.008961, 98.120525, 1.6384525, 92.411401, 76.707387,
16.021160, 100.36781, 1.7683125, 92.836002, 76.796806,
16.033350, 100.59446, 1.6688423, 93.275160, 76.887218,
16.045549, 99.441469, 1.5808861, 93.730207, 76.978747,
16.057739, 98.108379, 1.6092308, 94.201083, 77.071231,
16.069920, 98.308859, 1.7899289, 94.688412, 77.164652,
16.082109, 95.419497, 1.7804710, 95.193626, 77.259138,
16.094290, 90.690014, 1.8059730, 95.716616, 77.354524,
16.106470, 98.387690, 2.0236842, 96.258459, 77.450867,
16.118650, 95.038765, 1.7929967, 96.819855, 77.548151,
16.130831, 97.308796, 1.9185265, 97.401516, 77.646359,
16.143009, 88.358465, 1.8364923, 98.004068, 77.745460,
16.155180, 98.740381, 1.9420522, 98.627936, 77.845390,
16.167351, 103.60042, 2.6198615, 99.274238, 77.946194,
16.179520, 99.943623, 2.2556512, 99.943623, 78.047843,
16.191681, 97.787905, 1.9686068, 100.63610, 78.150270,
16.203850, 95.166656, 1.9575489, 101.35122, 78.253590,
16.216009, 102.76415, 2.1319361, 102.08626, 78.357642,
16.228170, 104.57005, 2.3228748, 102.84018, 78.462508,
16.240330, 114.06210, 2.3191627, 103.61105, 78.568141,
16.252489, 107.24115, 2.6291046, 104.39729, 78.674541,
16.264641, 114.79342, 2.3588212, 105.19673, 78.781629,
16.276791, 112.91083, 2.6746563, 106.00806, 78.889439,
16.288950, 129.26262, 2.4757736, 106.83039, 78.998059,
16.301090, 122.06423, 2.4536969, 107.66013, 79.107219,
16.313240, 123.63970, 3.0878971, 108.49756, 79.217162,
16.325380, 130.53330, 2.9063402, 109.33974, 79.327702,
16.337530, 146.03522, 2.1792937, 110.18635, 79.438999,
16.349670, 154.00890, 1.8221419, 111.03442, 79.550865,
16.361799, 167.65908, 1.5786872, 111.88219, 79.663267,
16.373940, 176.46295, 1.8103235, 112.72961, 79.776406,
16.386070, 187.96188, 2.0044467, 113.57359, 79.890073,
16.398211, 204.46027, 1.9042293, 114.41384, 80.004434,
16.410339, 206.43475, 1.8518328, 115.24724, 80.119278,
16.422461, 205.96215, 2.1756135, 116.07246, 80.234628,
16.434589, 210.50815, 2.2872094, 116.88889, 80.350618,
16.446711, 205.51247, 2.1844659, 117.69385, 80.467088,
16.458839, 198.58540, 2.2438463, 118.48671, 80.584173,
16.470961, 193.52448, 2.3128771, 119.26480, 80.701715,
16.483070, 186.28220, 2.2459811, 120.02627, 80.819664,
16.495190, 173.55738, 3.6054906, 120.77076, 80.938211,
16.500280, 168.33945, 2.4808302, 121.07783, 80.988155,
16.513599, 166.16627, 2.2080194, 121.86423, 81.119231,
16.526911, 156.75865, 1.9887971, 122.62382, 81.250809,
16.540211, 155.17323, 2.0330074, 123.35417, 81.382833,
16.553520, 174.42985, 2.1046470, 124.05416, 81.515498,
16.566820, 146.36213, 2.0434785, 124.72046, 81.648598,
16.580120, 140.86430, 1.9014534, 125.35128, 81.782215,
16.593420, 130.77220, 1.7152478, 125.94425, 81.916332,
16.606710, 132.68515, 1.6103975, 126.49663, 82.050840,
16.620001, 136.19055, 1.6493512, 127.00646, 82.185820,
16.633301, 135.28920, 1.6804365, 127.47163, 82.321357,
16.646589, 136.31142, 13.029969, 127.88895, 82.457221,
16.659870, 128.20338, 1.9582907, 128.25617, 82.593437,
16.673149, 125.81385, 1.4904910, 128.57097, 82.730050,
16.686440, 128.57097, 1.9131726, 128.83253, 82.867184,
16.699711, 136.96850, 1.5028899, 129.04491, 83.004510,
16.712990, 133.24700, 1.7403452, 129.21465, 83.142292,
16.726271, 133.12895, 1.5638427, 129.34765, 83.280456,
16.739540, 131.07750, 1.4678883, 129.44980, 83.418850,
16.752810, 130.43103, 1.4977590, 129.52720, 83.557581,
16.766081, 134.12542, 1.5187404, 129.58579, 83.696655,
16.779341, 135.16450, 1.5384824, 129.63147, 83.835919,
16.792601, 129.12000, 1.5890493, 129.67018, 83.975480,
16.805870, 132.69432, 1.6680491, 129.70788, 84.115426,
16.819120, 126.44355, 2.3381420, 129.75038, 84.255443,
16.832380, 128.29823, 1.6048356, 129.80367, 84.395820,
16.845631, 129.36837, 1.5052789, 129.87358, 84.536342,
16.858891, 124.71162, 1.5821863, 129.96614, 84.677200,
16.872141, 126.96042, 1.6295191, 130.08713, 84.818179,
16.885380, 125.82477, 1.5515515, 130.24243, 84.959245,
16.898630, 130.68025, 1.5593275, 130.43825, 85.100630,
16.911869, 125.96758, 1.4747821, 130.68025, 85.242078,
16.925110, 134.07510, 1.4502137, 130.97264, 85.383720,
16.938351, 134.61925, 1.4960966, 131.31146, 85.525522,
16.951580, 132.91258, 1.4867768, 131.69045, 85.667350,
16.964821, 132.38932, 1.4791948, 132.10441, 85.809437,
16.978050, 134.87955, 1.5054284, 132.54678, 85.951526,
16.991270, 140.05505, 1.4460999, 133.01174, 86.093626,
17.004499, 160.87822, 1.4917630, 133.49416, 86.235929,
17.017719, 262.88952, 1.8063085, 133.98757, 86.378218,
17.030951, 483.78460, 2.4311619, 134.48697, 86.520707,
17.044161, 436.24037, 2.4442541, 134.98537, 86.663036,
17.057381, 183.34260, 1.6345521, 135.47816, 86.805521,
17.070601, 144.89228, 1.4854596, 135.95920, 86.948049,
17.083811, 145.72002, 1.6457639, 136.42239, 87.090503,
17.097019, 149.29400, 1.5981201, 136.86224, 87.232956,
17.110229, 147.94246, 1.7443345, 137.27309, 87.375435,
17.123430, 140.03048, 1.6402445, 137.64879, 87.517807,
17.136641, 137.34632, 1.8028245, 137.98407, 87.660265,
17.149839, 143.84277, 1.8147390, 138.27254, 87.802572,
17.163040, 141.47958, 1.7838704, 138.50867, 87.944859,
17.176229, 139.58460, 1.6218494, 138.68636, 88.086972,
17.189430, 136.35737, 1.7747827, 138.79999, 88.229144,
17.202620, 137.70322, 1.8210493, 138.84335, 88.371118,
17.215811, 138.84335, 1.7362063, 138.81214, 88.513027,
17.229000, 140.63885, 1.7601089, 138.70824, 88.654816,
17.242180, 144.45573, 1.7139135, 138.53523, 88.796393,
17.255369, 143.01818, 1.7259710, 138.29624, 88.937951,
17.268551, 141.42167, 1.7209394, 137.99490, 89.079294,
17.281719, 141.84660, 1.7789175, 137.63476, 89.220348,
17.294901, 145.13560, 2.0843472, 137.21835, 89.361389,
17.308069, 148.97700, 1.8130857, 136.74971, 89.502118,
17.321251, 166.31353, 1.7335756, 136.23106, 89.642808,
17.334410, 173.07721, 1.8311830, 135.66703, 89.783063,
17.347580, 166.82915, 1.9177144, 135.05930, 89.923234,
17.360750, 163.75465, 1.9628240, 134.41143, 90.063190,
17.373911, 167.71780, 1.9997760, 133.72696, 90.202815,
17.387070, 162.24550, 1.9465967, 133.00858, 90.342180,
17.400230, 156.53617, 1.8888695, 132.25907, 90.481313,
17.413380, 155.85547, 1.8609955, 131.48219, 90.620060,
17.426540, 149.80970, 1.8553471, 130.67956, 90.758652,
17.439690, 147.92482, 2.0757360, 129.85550, 90.896833,
17.452841, 144.53453, 2.1032355, 129.01212, 91.034733,
17.465981, 140.94810, 2.1701348, 128.15321, 91.172199,
17.479130, 141.55235, 2.1189202, 127.28028, 91.309439,
17.492270, 134.07887, 2.0168914, 126.39750, 91.446241,
17.505409, 131.49065, 2.0708472, 125.50709, 91.582691,
17.518551, 126.84063, 2.2648597, 124.61181, 91.718797,
17.531679, 130.08205, 2.3544557, 123.71556, 91.854389,
17.544821, 127.07485, 2.3528271, 122.81938, 91.989728,
17.557949, 119.72810, 2.3558837, 121.92795, 92.124527,
17.571079, 129.97135, 2.5891414, 121.04310, 92.258930,
17.584200, 115.87468, 2.4751687, 120.16845, 92.392808,
17.597330, 118.57935, 2.3053069, 119.30560, 92.526341,
17.610451, 115.94047, 2.2097156, 118.45868, 92.659321,
17.623569, 118.45868, 2.5583523, 117.62955, 92.791814,
17.636690, 121.19795, 2.5180934, 116.81831, 92.923844,
17.649799, 107.76768, 2.4937492, 116.02562, 93.055264,
17.662910, 119.55075, 2.3936384, 115.25051, 93.186194,
17.676029, 129.18767, 2.5832852, 114.49253, 93.316677,
17.689131, 131.29580, 3.0774953, 113.75297, 93.446452,
17.702240, 136.25290, 3.0678345, 113.03030, 93.575752,
17.715349, 120.25998, 2.6053175, 112.32487, 93.704486,
17.728451, 123.24012, 2.8390240, 111.63699, 93.832566,
17.741550, 126.50510, 2.2704642, 110.96626, 93.960034,
17.754641, 119.43515, 1.9276696, 110.31298, 94.086800,
17.767740, 126.44992, 2.0083716, 109.67616, 94.213036,
17.780830, 128.20103, 1.8747031, 109.05669, 94.338542,
17.793921, 132.75617, 1.8963862, 108.45405, 94.463395,
17.807011, 136.87203, 2.0110614, 107.86824, 94.587580,
17.820101, 128.79970, 1.7278979, 107.29925, 94.711082,
17.833179, 125.92452, 1.8550682, 106.74755, 94.833777,
17.846270, 116.69180, 1.8363450, 106.21220, 94.955864,
17.859341, 109.51712, 1.7902941, 105.69445, 95.077044,
17.872419, 109.05877, 1.9545537, 105.19326, 95.197549,
17.885500, 112.60490, 2.2817326, 104.70891, 95.317309,
17.898569, 118.85275, 2.3663451, 104.24195, 95.436186,
17.911640, 114.04478, 2.2122294, 103.79194, 95.554286,
17.924709, 101.64488, 2.4140769, 103.35909, 95.671557,
17.937780, 100.83943, 4.4983517, 102.94338, 95.788017,
17.941250, 109.55063, 2.0729713, 102.83593, 95.818788,
17.955721, 113.81710, 2.4721162, 102.40098, 95.946481,
17.970181, 104.33088, 2.0216204, 101.98774, 96.073009,
17.984650, 107.40570, 2.0287382, 101.59578, 96.198531,
17.999109, 99.340029, 1.9092150, 101.22583, 96.322856,
18.013571, 103.25238, 2.1835459, 100.87777, 96.446060,
18.028021, 109.51325, 2.2111425, 100.55215, 96.568004,
18.042480, 101.79979, 1.8334537, 100.24871, 96.688841,
18.056931, 107.08082, 1.7353513, 99.968135, 96.808386,
18.071381, 98.306837, 1.6418031, 99.710491, 96.926692,
18.085819, 100.64536, 1.7034632, 99.476255, 97.043641,
18.100269, 95.853306, 1.7924161, 99.265373, 97.159391,
18.114710, 104.49407, 30.674711, 99.078492, 97.273748,
18.129150, 98.915819, 1.6562354, 98.915819, 97.386760,
18.143579, 98.690369, 1.5640661, 98.777548, 97.498311,
18.158020, 100.20839, 1.6641382, 98.662442, 97.608550,
18.172449, 101.13653, 1.7690796, 98.569405, 97.717274,
18.186880, 91.443558, 1.7277449, 98.497070, 97.824556,
18.201300, 96.452559, 2.1311962, 98.444240, 97.930267,
18.215719, 102.89954, 1.7403287, 98.409623, 98.034465,
18.230150, 99.399412, 1.6176210, 98.392001, 98.137199,
18.244560, 101.25061, 1.6798353, 98.390200, 98.238209,
18.258980, 97.160879, 1.6547665, 98.403011, 98.337681,
18.273390, 104.23700, 1.7444903, 98.429245, 98.435450,
18.287800, 94.302805, 1.7308143, 98.467746, 98.531550,
18.302210, 98.632311, 1.7183779, 98.517361, 98.625950,
18.316620, 103.43260, 1.7024713, 98.576950, 98.718615,
18.331020, 99.487770, 1.6662011, 98.645328, 98.809453,
18.345421, 98.342129, 1.5776717, 98.721408, 98.898491,
18.359819, 98.754845, 1.5592007, 98.804058, 98.985684,
18.374210, 97.999289, 1.5635515, 98.892126, 99.070962,
18.388611, 101.68337, 1.6064296, 98.984610, 99.154393,
18.403000, 100.39694, 1.5318434, 99.080270, 99.235818,
18.417379, 97.914322, 1.4376363, 99.178011, 99.315215,
18.431770, 100.66212, 1.4570076, 99.276877, 99.392664,
18.446150, 105.12908, 1.4748181, 99.375613, 99.468001,
18.460529, 105.90031, 1.7704373, 99.473203, 99.541253,
18.474911, 99.748058, 1.6668472, 99.568560, 99.612388,
18.489281, 98.002911, 1.7609264, 99.660500, 99.681303,
18.503660, 101.18676, 1.6897693, 99.748058, 99.748058,
18.518030, 96.200476, 1.6190862, 99.830237, 99.812542,
18.532391, 101.38093, 1.6782117, 99.907056, 99.874801,
18.546761, 102.51570, 1.9440683, 99.978845, 99.934977,
18.561119, 101.48620, 1.6830713, 100.04572, 99.993041,
18.575480, 111.24315, 1.8210244, 100.10798, 100.04911,
18.589840, 100.00826, 1.7377096, 100.16582, 100.10322,
18.604191, 105.83674, 1.6828541, 100.21942, 100.15541,
18.618549, 106.36638, 1.7156759, 100.26906, 100.20580,
18.632900, 100.93291, 1.5137126, 100.31489, 100.25438,
18.647240, 92.361744, 1.6318324, 100.35711, 100.30119,
18.661591, 98.215374, 1.6577485, 100.39598, 100.34638,
18.675930, 102.59382, 1.5778929, 100.43164, 100.38992,
18.690269, 102.72478, 1.7468923, 100.46432, 100.43190,
18.704611, 107.44775, 1.7666891, 100.49422, 100.47237,
18.718941, 103.81820, 1.4986761, 100.52149, 100.51136,
18.733271, 101.43378, 1.5758970, 100.54635, 100.54896,
18.747601, 99.612677, 1.6694287, 100.56899, 100.58520,
18.761930, 98.184099, 1.7692088, 100.58959, 100.62014,
18.776260, 104.40506, 1.8896172, 100.60833, 100.65384,
18.790581, 111.48145, 1.8168712, 100.62538, 100.68632,
18.804899, 108.34178, 2.0412643, 100.64093, 100.71765,
18.819220, 108.68350, 13.116464, 100.65518, 100.74789,
18.833530, 113.10018, 2.6533411, 100.66827, 100.77707,
18.847839, 106.72072, 1.8400350, 100.68040, 100.80524,
18.862150, 108.45308, 2.0990193, 100.69174, 100.83247,
18.876459, 104.65560, 2.1055700, 100.70247, 100.85880,
18.890770, 119.03197, 2.0778892, 100.71275, 100.88428,
18.905069, 116.77370, 1.8714100, 100.72277, 100.90893,
18.919371, 109.31195, 1.8052510, 100.73269, 100.93284,
18.933670, 115.20655, 2.0277285, 100.74270, 100.95603,
18.947960, 116.97393, 2.2125235, 100.75295, 100.97855,
18.962250, 112.34472, 2.1277009, 100.76363, 101.00045,
18.976540, 115.40805, 2.2802825, 100.77490, 101.02179,
18.990829, 118.87577, 2.4532339, 100.78695, 101.04260,
19.005119, 116.24888, 2.0914819, 100.79995, 101.06294,
19.019400, 112.57785, 1.8531870, 100.81405, 101.08284,
19.033680, 117.35530, 2.1472734, 100.82946, 101.10236,
19.047960, 104.32112, 2.1314190, 100.84634, 101.12155,
19.062229, 102.73015, 2.3077727, 100.86485, 101.14042,
19.076500, 111.21238, 3.0610935, 100.88519, 101.15906,
19.090771, 106.96045, 3.0995975, 100.90753, 101.17749,
19.105040, 110.60712, 2.5231848, 100.93206, 101.19577,
19.119310, 112.73040, 2.3899316, 100.95897, 101.21394,
19.133570, 113.73738, 2.3575867, 100.98841, 101.23204,
19.147829, 119.24415, 2.5349014, 101.02058, 101.25012,
19.162090, 103.76256, 2.5069405, 101.05569, 101.26822,
19.176340, 101.56875, 2.6695325, 101.09389, 101.28639,
19.190599, 101.78734, 2.6751280, 101.13542, 101.30468,
19.204849, 102.18660, 3.2417262, 101.18043, 101.32312,
19.219101, 108.73782, 2.4256514, 101.22915, 101.34177,
19.233339, 101.39938, 2.4117381, 101.28171, 101.36066,
19.247580, 94.961637, 3.2057774, 101.33839, 101.37985,
19.261820, 105.14255, 3.2929313, 101.39938, 101.39938,
19.276060, 92.434959, 2.5981149, 101.46488, 101.41929,
19.290300, 101.64704, 3.0298398, 101.53511, 101.43964,
19.304529, 101.59370, 10.341130, 101.61024, 101.46046,
19.318760, 109.67728, 3.0124151, 101.69053, 101.48180,
19.332991, 111.53905, 3.1396566, 101.77621, 101.50370,
19.347219, 95.418829, 2.9206453, 101.86750, 101.52623,
19.361441, 100.88457, 2.9913314, 101.96458, 101.54940,
19.375660, 108.39045, 3.2001955, 102.06773, 101.57327,
19.389879, 105.86960, 3.0507781, 102.17720, 101.59790,
19.404100, 121.18990, 3.6733701, 102.29325, 101.62333,
19.418310, 127.07395, 3.8244360, 102.41602, 101.64959,
19.432520, 109.34406, 4.9061388, 102.54585, 101.67674,
