# wave, flux, fluxerr, continuum, continuum_plateau
9.9725246, 73.140337, 1.9758574, 73.140337, 73.140337,
9.9806166, 79.289442, 2.1537885, 72.643152, 72.642888,
9.9887066, 81.616364, 1.8491384, 72.158554, 72.157537,
9.9967957, 76.422623, 1.7137101, 71.686560, 71.684356,
10.004880, 74.880968, 1.7908089, 71.227462, 71.223691,
10.012970, 71.079805, 1.7647462, 70.780752, 70.775085,
10.021050, 72.537125, 1.5624141, 70.347351, 70.339513,
10.029140, 76.225500, 1.7798926, 69.926330, 69.916086,
10.037220, 72.311741, 1.7676586, 69.518823, 69.505992,
10.045300, 77.807793, 1.8439175, 69.124374, 69.108814,
10.053380, 74.856173, 2.3401408, 68.743040, 68.724651,
10.061460, 76.490808, 1.7414797, 68.375015, 68.353738,
10.069540, 68.926792, 1.7148422, 68.020320, 67.996132,
10.077610, 75.183548, 1.5446426, 67.679546, 67.652462,
10.085690, 74.663012, 1.8537434, 67.351957, 67.322020,
10.093760, 77.311213, 1.8332542, 67.038445, 67.005736,
10.101830, 73.764383, 1.5459027, 66.738735, 66.703360,
10.109900, 80.295351, 1.6193728, 66.452920, 66.415011,
10.117970, 73.700523, 1.6497112, 66.181192, 66.140908,
10.126040, 76.173231, 1.8716049, 65.923650, 65.881170,
10.134100, 72.836790, 1.4929728, 65.680733, 65.636262,
10.142170, 72.399563, 1.7126762, 65.451947, 65.405701,
10.150230, 71.995829, 1.6815743, 65.238004, 65.190220,
10.158300, 73.548964, 1.7883584, 65.038542, 64.989468,
10.166360, 71.480661, 1.5807487, 64.854201, 64.804099,
10.174420, 76.881992, 1.8136227, 64.684845, 64.633985,
10.182470, 71.667353, 1.6799392, 64.530842, 64.479502,
10.190530, 69.996058, 1.7461421, 64.391966, 64.340427,
10.198590, 67.158782, 1.6161562, 64.268557, 64.217102,
10.206640, 67.119301, 1.5843593, 64.160928, 64.109843,
10.214690, 73.124155, 1.6591469, 64.069079, 64.018645,
10.222750, 72.706305, 1.5418112, 63.993103, 63.943599,
10.230800, 70.978401, 1.6174536, 63.933356, 63.885051,
10.238850, 72.270288, 1.9028177, 63.889921, 63.843077,
10.246890, 77.526155, 1.7049266, 63.863006, 63.817869,
10.254940, 70.536114, 1.6629513, 63.852734, 63.809541,
10.262990, 74.584900, 1.7488463, 63.859342, 63.818312,
10.271030, 75.062399, 1.7602718, 63.882988, 63.844316,
10.279070, 65.523362, 1.7292750, 63.923866, 63.887727,
10.287120, 71.091662, 1.6865568, 63.982269, 63.948820,
10.295150, 69.569954, 1.8581481, 64.058154, 64.027512,
10.303190, 75.554790, 1.8030409, 64.151992, 64.124255,
10.311230, 71.220964, 1.4976395, 64.263898, 64.239129,
10.319270, 67.195701, 1.5518682, 64.394122, 64.372347,
10.327300, 66.615255, 1.8357381, 64.542671, 64.523876,
10.335340, 71.818968, 1.6730075, 64.710143, 64.694280,
10.343370, 71.616547, 1.6674056, 64.896400, 64.883369,
10.351400, 68.841009, 1.8365521, 65.101824, 65.091485,
10.359430, 65.215035, 1.9272037, 65.326681, 65.318841,
10.367460, 66.825313, 1.9365111, 65.571219, 65.565635,
10.375480, 61.787358, 1.7700119, 65.835333, 65.831704,
10.383510, 58.956460, 1.8028928, 66.119972, 66.117943,
10.391530, 60.690597, 1.6635177, 66.424692, 66.423844,
10.399560, 66.624083, 1.7134501, 66.750486, 66.750338,
10.407580, 67.096853, 1.3627229, 67.096853, 67.096853,
10.415600, 70.525213, 1.6330817, 67.464250, 67.463801,
10.423620, 70.559460, 1.7648292, 67.852300, 67.850846,
10.431640, 68.110086, 1.4578669, 68.260301, 68.257348,
10.439650, 68.501295, 1.6394974, 68.687175, 68.682287,
10.447670, 71.325176, 1.4723540, 69.133393, 69.126187,
10.455680, 77.048656, 1.5847622, 69.597195, 69.587344,
10.463700, 71.499992, 1.5714867, 70.079204, 70.066425,
10.471710, 77.908052, 1.8937438, 70.577576, 70.561639,
10.479720, 75.402046, 1.7636513, 71.092349, 71.073066,
10.487730, 75.139482, 1.7798961, 71.622947, 71.600170,
10.495730, 79.187881, 1.8528014, 72.168139, 72.141763,
10.503740, 77.507301, 1.9933392, 72.728656, 72.698605,
10.511750, 80.927675, 1.8893967, 73.303293, 73.269530,
10.519750, 79.306353, 1.9126943, 73.890708, 73.853233,
10.527750, 86.734297, 2.1461656, 74.491161, 74.449999,
10.535750, 82.887243, 2.1900773, 75.104029, 75.059234,
10.543750, 85.632595, 1.8213246, 75.728686, 75.680339,
10.551750, 79.374828, 2.6990101, 76.364735, 76.312940,
10.559750, 80.521610, 2.9056105, 77.011479, 76.956363,
10.567850, 93.493708, 1.6500844, 77.676815, 77.618490,
10.576350, 87.588600, 1.7455449, 78.385636, 78.324129,
10.584840, 88.552393, 1.8194850, 79.103850, 79.039379,
10.593340, 88.755674, 1.9970696, 79.832591, 79.765384,
10.601830, 89.991922, 1.5211774, 80.569423, 80.499735,
10.610330, 101.39962, 1.7374659, 81.315530, 81.243627,
10.618820, 93.535427, 1.6170180, 82.068524, 81.994692,
10.627310, 87.545584, 1.4854434, 82.828520, 82.753058,
10.635800, 87.035892, 1.5164628, 83.595062, 83.518282,
10.644280, 91.432383, 1.5701076, 84.366480, 84.288706,
10.652770, 92.051323, 1.6534607, 85.143971, 85.065537,
10.661250, 88.816814, 1.3992544, 85.925167, 85.846418,
10.669740, 92.417358, 1.6161604, 86.711202, 86.632492,
10.678220, 96.672686, 1.6653429, 87.499691, 87.421385,
10.686700, 92.113403, 1.5245815, 88.290898, 88.213366,
10.695180, 98.465895, 1.6511351, 89.084205, 89.007827,
10.703650, 95.678465, 1.7355707, 89.878101, 89.803262,
10.712130, 97.790865, 2.8134889, 90.673668, 90.600764,
10.720600, 101.78259, 1.6869790, 91.468681, 91.398111,
10.729080, 97.099421, 1.6564693, 92.264225, 92.196401,
10.737550, 96.975445, 1.7470143, 93.057807, 92.993142,
10.746020, 105.98495, 1.7450398, 93.849887, 93.788805,
10.754490, 110.43865, 1.7056857, 94.639671, 94.582602,
10.762960, 99.734665, 1.7155165, 95.426722, 95.374108,
10.771420, 97.792963, 1.8641622, 96.209280, 96.161561,
10.779890, 100.94655, 1.7923368, 96.988844, 96.946485,
10.788350, 102.75970, 1.7958573, 97.762780, 97.726242,
10.796810, 99.373228, 1.8543012, 98.531437, 98.501199,
10.805270, 104.18727, 1.9952299, 99.294199, 99.270751,
10.813730, 101.28820, 1.7957539, 100.05044, 100.03429,
10.822190, 101.54090, 2.0207274, 100.79955, 100.79121,
10.830650, 105.28985, 2.2454397, 101.54090, 101.54090,
10.839100, 100.63086, 1.9855997, 102.27308, 102.28195,
10.847560, 104.55295, 2.0645933, 102.99791, 103.01617,
10.856010, 104.80648, 1.9169547, 103.71382, 103.74190,
10.864460, 106.12868, 2.2743570, 104.42166, 104.45999,
10.872910, 107.30418, 2.9626689, 105.12165, 105.17058,
10.881360, 109.42235, 2.5131019, 105.81398, 105.87385,
10.889800, 115.25070, 2.1402752, 106.49784, 106.56893,
10.898250, 115.97820, 2.3375183, 107.17499, 107.25754,
10.906690, 114.01690, 2.9230423, 107.84400, 107.93823,
10.915140, 113.76167, 2.4325154, 108.50658, 108.61266,
10.923580, 122.89075, 2.7296539, 109.16119, 109.27926,
10.932020, 121.82683, 2.6153265, 109.80877, 109.93893,
10.940460, 125.02910, 3.0220466, 110.44943, 110.59175,
10.948890, 128.71685, 3.0470612, 111.08249, 111.23700,
10.957330, 134.98225, 3.6588776, 111.70963, 111.87635,
10.965760, 149.89440, 2.5738704, 112.32946, 112.50837,
10.974200, 161.43775, 2.0017478, 112.94349, 113.13455,
10.982630, 166.52558, 2.2678256, 113.55035, 113.75348,
10.991060, 181.02000, 2.6506241, 114.15099, 114.36608,
10.999490, 173.77092, 2.5069798, 114.74535, 114.97229,
11.007920, 174.45403, 2.3130144, 115.33367, 115.57231,
11.016340, 173.63450, 1.7672583, 115.91525, 116.16541,
11.024770, 169.59550, 2.5350279, 116.49157, 116.75306,
11.033190, 170.37895, 2.1228130, 117.06140, 117.33401,
11.041610, 169.83463, 2.2341406, 117.62550, 117.90899,
11.050030, 165.75392, 2.3721875, 118.18394, 118.47807,
11.058450, 173.59222, 2.3097768, 118.73681, 119.04131,
11.066870, 177.19750, 2.4080391, 119.28419, 119.59878,
11.075290, 173.82275, 2.4391107, 119.82617, 120.15054,
11.083700, 169.65467, 2.3905506, 120.36221, 120.69604,
11.092120, 172.46210, 4.4876984, 120.89361, 121.23659,
11.100530, 169.31833, 2.9373857, 121.41919, 121.77096,
11.108940, 175.71433, 2.3165288, 121.93974, 122.29994,
11.117350, 176.83828, 3.9340346, 122.45522, 122.82349,
11.120570, 189.43972, 2.1923038, 122.65132, 123.02258,
11.129530, 196.64165, 2.1094860, 123.19310, 123.57239,
11.138500, 208.01672, 2.0760773, 123.73002, 124.11689,
11.147460, 225.25542, 2.2882140, 124.26089, 124.65489,
11.156430, 260.26044, 2.3681321, 124.78705, 125.18772,
11.165390, 286.58833, 2.3601712, 125.30735, 125.71420,
11.174350, 329.27195, 2.3999494, 125.82248, 126.23503,
11.183300, 380.91595, 2.7151814, 126.33198, 126.74973,
11.192260, 431.27985, 2.8699132, 126.83701, 127.25948,
11.201220, 470.53127, 2.8550001, 127.33709, 127.76378,
11.210170, 477.55164, 2.8621600, 127.83179, 128.26218,
11.219120, 498.66982, 3.0886108, 128.32170, 128.75528,
11.228070, 487.10204, 3.0409204, 128.80689, 129.24316,
11.237020, 483.93932, 2.8806586, 129.28737, 129.72582,
11.245970, 488.72377, 2.9343999, 129.76333, 130.20344,
11.254920, 478.96455, 3.0183380, 130.23477, 130.67602,
11.263860, 465.06687, 2.9599069, 130.70121, 131.14309,
11.272800, 454.44810, 2.8199243, 131.16331, 131.60532,
11.281750, 442.38828, 2.8342938, 131.62153, 132.06315,
11.290690, 420.24932, 2.9309872, 132.07505, 132.51577,
11.299630, 409.21045, 2.8793366, 132.52432, 132.96363,
11.308560, 394.92065, 2.7045921, 132.96896, 133.40638,
11.317500, 377.62291, 2.6990282, 133.41000, 133.84503,
11.326430, 359.65983, 2.7657959, 133.84653, 134.27868,
11.335370, 344.47103, 2.6386703, 134.27955, 134.70834,
11.344300, 325.51962, 2.4967901, 134.70819, 135.13315,
11.353230, 319.54851, 2.5091016, 135.13295, 135.55362,
11.362160, 317.86705, 2.6364598, 135.55385, 135.96976,
11.371080, 302.88647, 2.5469626, 135.97058, 136.38129,
11.380010, 290.86877, 2.4137993, 136.38399, 136.78906,
11.388930, 284.37655, 2.3875867, 136.79332, 137.19234,
11.397850, 276.06815, 2.4751494, 137.19899, 137.59153,
11.406780, 275.05732, 2.4821138, 137.60155, 137.98720,
11.415700, 261.56710, 2.3368525, 138.00009, 138.37847,
11.424610, 255.97295, 2.3577417, 138.39472, 138.76545,
11.433530, 249.26350, 2.4779515, 138.78632, 139.14903,
11.442450, 248.42005, 2.4903241, 139.17450, 139.52884,
11.451360, 235.61973, 2.2949473, 139.55890, 139.90454,
11.460270, 231.16787, 2.4525280, 139.93996, 140.27659,
11.469180, 228.18360, 2.5070709, 140.31773, 140.64503,
11.478090, 219.19787, 2.4787234, 140.69223, 141.00993,
11.487000, 214.24097, 2.4003610, 141.06352, 141.37133,
11.495910, 220.92287, 2.5850387, 141.43157, 141.72925,
11.504810, 207.15585, 2.5807688, 141.79612, 142.08343,
11.513710, 204.26732, 2.5292307, 142.15750, 142.43424,
11.522620, 205.46605, 2.8141423, 142.51622, 142.78217,
11.531520, 204.73210, 2.5787535, 142.87146, 143.12646,
11.540420, 197.36950, 2.8566432, 143.22366, 143.46755,
11.549310, 192.87862, 2.7183323, 143.57249, 143.80515,
11.558210, 187.02480, 2.4607725, 143.91876, 144.14006,
11.567100, 186.00133, 2.4937493, 144.26164, 144.47150,
11.576000, 193.65322, 2.7803430, 144.60205, 144.80037,
11.584890, 191.56673, 2.7246569, 144.93915, 145.12592,
11.593780, 180.74007, 2.6681617, 145.27335, 145.44853,
11.602670, 172.74218, 2.7261382, 145.60475, 145.76834,
11.611560, 173.82383, 6.7894449, 145.93332, 146.08535,
11.620440, 180.91635, 3.2117788, 146.25870, 146.39923,
11.629330, 169.29893, 2.9772041, 146.58169, 146.71078,
11.638210, 165.23805, 2.9274404, 146.90157, 147.01934,
11.647090, 169.82040, 3.1137291, 147.21868, 147.32525,
11.655970, 168.48330, 3.0681081, 147.53307, 147.62860,
11.664850, 157.22548, 2.4130020, 147.84478, 147.92946,
11.673730, 156.89650, 1.7645229, 148.15378, 148.22781,
11.682600, 164.29615, 2.0652343, 148.45978, 148.52341,
11.691480, 154.87437, 2.0112889, 148.76345, 148.81693,
11.700350, 154.05490, 2.0546120, 149.06416, 149.10780,
11.709220, 165.75025, 2.2290309, 149.36224, 149.39637,
11.718090, 159.30045, 2.3050285, 149.65770, 149.68269,
11.726960, 150.05142, 2.2873609, 149.95057, 149.96679,
11.735830, 155.46995, 2.1937590, 150.24084, 150.24872,
11.744690, 150.52820, 2.5447273, 150.52820, 150.52820,
11.753560, 149.12380, 2.2265195, 150.81331, 150.80590,
11.762420, 150.39893, 2.4676732, 151.09547, 151.08112,
11.771280, 158.60143, 4.8373681, 151.37499, 151.35414,
11.775020, 155.18423, 2.0415099, 151.49214, 151.46868,
11.784500, 151.81373, 1.9944048, 151.78696, 151.75721,
11.793980, 152.33475, 2.0085750, 152.07855, 152.04297,
11.803460, 144.06622, 2.3384965, 152.36689, 152.32592,
11.812940, 153.74565, 1.8399130, 152.65187, 152.60593,
11.822420, 160.15555, 1.9304654, 152.93347, 152.88296,
11.831890, 154.96463, 1.9223396, 153.21129, 153.15660,
11.841360, 155.47050, 2.4252510, 153.48557, 153.42707,
11.850840, 160.15407, 1.7778679, 153.75651, 153.69454,
11.860310, 160.14360, 1.8673078, 154.02350, 153.95839,
11.869770, 166.81083, 1.9289906, 154.28647, 154.21854,
11.879240, 170.50452, 1.9100067, 154.54587, 154.47543,
11.888710, 167.82812, 1.7360481, 154.80136, 154.72870,
11.898170, 167.21815, 1.7962185, 155.05262, 154.97801,
11.907630, 175.62112, 1.9107280, 155.29980, 155.22350,
11.917090, 167.90080, 1.8374355, 155.54286, 155.46514,
11.926550, 176.38105, 1.8160921, 155.78169, 155.70278,
11.936010, 176.74620, 1.8344844, 156.01623, 155.93638,
11.945470, 171.86988, 1.9171211, 156.24637, 156.16580,
11.954920, 175.01838, 1.8271852, 156.47180, 156.39074,
11.964370, 177.09260, 2.3036555, 156.69269, 156.61134,
11.973830, 180.63115, 1.7743165, 156.90918, 156.82776,
11.983280, 173.98885, 1.9822319, 157.12069, 157.03941,
11.992720, 175.62265, 2.0369910, 157.32716, 157.24621,
12.002170, 176.00520, 1.7756507, 157.52894, 157.44853,
12.011610, 176.01828, 1.7993747, 157.72552, 157.64585,
12.021060, 174.64490, 1.8664224, 157.91719, 157.83846,
12.030500, 169.81812, 1.8256037, 158.10347, 158.02588,
12.039940, 173.16278, 1.7841336, 158.28444, 158.20819,
12.049380, 168.83358, 1.7895594, 158.46003, 158.38533,
12.058820, 171.30907, 1.9318590, 158.63010, 158.55717,
12.068250, 174.26540, 1.8969657, 158.79440, 158.72345,
12.077690, 165.56035, 1.7925809, 158.95318, 158.88444,
12.087120, 167.81060, 1.7898274, 159.10597, 159.03966,
12.096550, 159.73892, 1.8623056, 159.25284, 159.18921,
12.105980, 164.87428, 1.9396098, 159.39367, 159.33298,
12.115410, 167.47428, 1.9397822, 159.52836, 159.47087,
12.124830, 163.83660, 1.8643371, 159.65665, 159.60264,
12.134260, 166.99190, 1.9150465, 159.77870, 159.72846,
12.143680, 165.76418, 2.0368461, 159.89411, 159.84795,
12.153100, 167.19495, 2.0368911, 160.00293, 159.96117,
12.162520, 169.45728, 2.3747064, 160.10500, 160.06800,
12.171940, 165.38036, 1.9616741, 160.20020, 160.16831,
12.181360, 161.16173, 2.0530747, 160.28841, 160.26203,
12.190770, 170.33285, 2.1683581, 160.36940, 160.34894,
12.200180, 159.91923, 2.5651273, 160.44315, 160.42903,
12.209600, 159.84262, 2.1091459, 160.50959, 160.50229,
12.219010, 161.46900, 2.2106251, 160.56842, 160.56842,
12.228420, 160.56842, 2.5763912, 160.61964, 160.62745,
12.237820, 167.51440, 2.8209592, 160.66328, 160.67935,
12.247230, 164.86090, 2.2379421, 160.69955, 160.72431,
12.256630, 185.95553, 2.4523179, 160.72849, 160.76232,
12.266040, 271.53157, 3.0549999, 160.75029, 160.79351,
12.275440, 575.82167, 4.1894218, 160.76500, 160.81790,
12.284840, 493.16984, 4.0029756, 160.77277, 160.83559,
12.294230, 204.18023, 2.6484304, 160.77372, 160.84664,
12.303630, 172.71610, 3.1799869, 160.76794, 160.85114,
12.313030, 175.53193, 2.8669915, 160.75553, 160.84914,
12.322420, 184.23898, 3.2284881, 160.73663, 160.84073,
12.331810, 174.63595, 2.5117539, 160.71133, 160.82596,
12.341200, 174.46873, 1.8877695, 160.67972, 160.80490,
12.350590, 180.61250, 2.0450356, 160.64189, 160.77762,
12.359980, 173.65137, 2.1574848, 160.59795, 160.74418,
12.369360, 183.65342, 2.1084292, 160.54803, 160.70468,
12.378750, 177.54453, 2.1920807, 160.49213, 160.65911,
12.388130, 175.87125, 2.1289089, 160.43044, 160.60761,
12.397510, 176.28612, 2.2298976, 160.36301, 160.55021,
12.406890, 178.10365, 2.1838196, 160.28990, 160.48695,
12.416270, 184.18387, 2.3530448, 160.21121, 160.41791,
12.425640, 186.96413, 2.3097411, 160.12710, 160.34322,
12.435020, 189.36020, 2.3667273, 160.03748, 160.26277,
12.444390, 187.81215, 2.2429906, 159.94260, 160.17681,
12.453760, 187.85677, 2.2407683, 159.84247, 160.08529,
12.463130, 182.94405, 2.3844396, 159.73713, 159.98827,
12.472500, 190.96072, 2.6095022, 159.62667, 159.88580,
12.481870, 199.11927, 3.0559710, 159.51116, 159.77795,
12.489420, 196.47982, 2.1437056, 159.41445, 159.68715,
12.499490, 191.85765, 2.6836281, 159.28048, 159.56070,
12.509550, 197.21800, 2.1153061, 159.14103, 159.42832,
12.519610, 201.53757, 2.0432239, 158.99605, 159.28997,
12.529670, 200.12910, 2.0013425, 158.84562, 159.14571,
12.539730, 201.22363, 2.1022811, 158.68980, 158.99557,
12.549780, 203.66025, 2.2259963, 158.52884, 158.83980,
12.559840, 202.91702, 2.0031386, 158.36247, 158.67813,
12.569890, 201.60730, 1.9430429, 158.19110, 158.51095,
12.579940, 199.14960, 1.9934163, 158.01464, 158.33816,
12.589990, 212.43525, 2.0353058, 157.83314, 158.15982,
12.600040, 212.69472, 1.9743964, 157.64665, 157.97595,
12.610090, 215.76680, 1.9402606, 157.45526, 157.78666,
12.620130, 221.44743, 2.2312557, 157.25923, 157.59218,
12.630170, 224.36000, 2.0585594, 157.05838, 157.39236,
12.640210, 224.50565, 2.0420786, 156.85279, 157.18725,
12.650250, 223.45803, 1.9643299, 156.64251, 156.97693,
12.660290, 224.37568, 1.9133787, 156.42762, 156.76145,
12.670330, 224.26950, 1.9546817, 156.20812, 156.54082,
12.680360, 225.53765, 1.9932178, 155.98432, 156.31537,
12.690390, 238.43503, 1.9582153, 155.75602, 156.08489,
12.700420, 238.66930, 1.9471822, 155.52326, 155.84943,
12.710450, 241.81800, 2.0041857, 155.28612, 155.60907,
12.720480, 244.89865, 2.0444405, 155.04462, 155.36384,
12.730500, 253.68652, 2.4099696, 154.79903, 155.11402,
12.740530, 252.17975, 1.9849595, 154.54891, 154.85919,
12.750550, 235.83842, 1.8682478, 154.29479, 154.59986,
12.760570, 238.15462, 1.9575400, 154.03648, 154.33588,
12.770590, 243.16247, 1.9653156, 153.77396, 154.06723,
12.780610, 237.12855, 1.9404015, 153.50730, 153.79398,
12.790620, 232.98900, 1.9439402, 153.23679, 153.51647,
12.800640, 231.71923, 1.8888224, 152.96191, 153.23416,
12.810650, 233.62325, 1.9153439, 152.68326, 152.94767,
12.820660, 219.16283, 1.9227597, 152.40056, 152.65675,
12.830670, 207.00992, 1.7997206, 152.11382, 152.36142,
12.840680, 196.61428, 1.7746736, 151.82312, 152.06176,
12.850680, 190.17752, 1.7617776, 151.52872, 151.75809,
12.860690, 187.06022, 1.8085453, 151.23008, 151.44986,
12.870690, 177.51653, 1.7267973, 150.92780, 151.13769,
12.880690, 171.59568, 1.7472647, 150.62162, 150.82135,
12.890690, 164.39500, 1.6703808, 150.31151, 150.50083,
12.900680, 164.97365, 1.6950903, 149.99783, 150.17653,
12.910680, 165.57270, 1.7334270, 149.67994, 149.84780,
12.920670, 156.20522, 1.6841818, 149.35852, 149.51537,
12.930670, 153.55912, 1.6727899, 149.03289, 149.17857,
12.940660, 152.88628, 2.0260585, 148.70372, 148.83810,
12.950640, 151.91772, 1.8019053, 148.37108, 148.49408,
12.960630, 150.67365, 2.0343615, 148.03421, 148.14576,
12.970620, 149.50098, 1.7179025, 147.69353, 147.79357,
12.980600, 155.95855, 1.8395340, 147.34934, 147.43787,
12.990580, 150.93330, 1.9114711, 147.00134, 147.07839,
13.000560, 144.66277, 1.8355061, 146.64946, 146.71508,
13.010540, 143.70145, 1.8860923, 146.29374, 146.34801,
13.020520, 145.15188, 1.8303246, 145.93417, 145.97721,
13.030490, 145.15458, 1.8945584, 145.57113, 145.60309,
13.040470, 140.54460, 1.9038652, 145.20383, 145.22490,
13.050440, 146.22538, 2.0624581, 144.83306, 144.84346,
13.060410, 143.74878, 2.0204258, 144.45840, 144.45840,
13.070380, 144.45840, 2.0286256, 144.07984, 144.06973,
13.080350, 147.14215, 2.1754421, 143.69758, 143.67764,
13.090310, 141.03240, 2.2950522, 143.31209, 143.28262,
13.100280, 155.03762, 2.3669798, 142.92280, 142.88405,
13.110240, 146.06400, 2.3057895, 142.53058, 142.48283,
13.120200, 140.72940, 2.4491691, 142.13521, 142.07872,
13.130160, 152.04797, 2.3700522, 141.73684, 141.67187,
13.140110, 148.89165, 2.0389473, 141.33604, 141.26284,
13.150070, 146.01483, 1.5321806, 140.93210, 140.85090,
13.160020, 137.12247, 1.5725728, 140.52601, 140.43706,
13.169980, 139.88557, 1.7256487, 140.11705, 140.02059,
13.179930, 135.58760, 1.7614111, 139.70623, 139.60250,
13.189870, 136.72575, 1.7416980, 139.29365, 139.18290,
13.199820, 140.80833, 1.7795055, 138.87866, 138.76110,
13.209770, 139.91840, 1.9235688, 138.46174, 138.33761,
13.219710, 143.26775, 1.9069583, 138.04351, 137.91306,
13.229650, 136.05573, 1.8945964, 137.62372, 137.48717,
13.239590, 136.85703, 1.9137420, 137.20240, 137.06000,
13.249530, 135.05068, 1.8380227, 136.77975, 136.63172,
13.259470, 130.19337, 1.7600509, 136.35588, 136.20247,
13.269410, 128.84970, 1.8281784, 135.93093, 135.77238,
13.279340, 133.64862, 2.0159397, 135.50549, 135.34203,
13.289270, 131.14887, 2.1501308, 135.07918, 134.91108,
13.299200, 139.21100, 2.2287594, 134.65224, 134.47973,
13.309130, 135.57170, 2.4719036, 134.22474, 134.04808,
13.318260, 132.40460, 1.6530642, 133.83128, 133.65101,
13.328980, 132.73862, 1.5912163, 133.36898, 133.18477,
13.339690, 136.85180, 1.5830365, 132.90695, 132.71909,
13.350400, 138.68063, 1.6662653, 132.44489, 132.25369,
13.361120, 136.96905, 1.5890103, 131.98251, 131.78829,
13.371830, 135.11925, 1.5422745, 131.52089, 131.32395,
13.382530, 137.90187, 1.4772014, 131.06014, 130.86081,
13.393240, 130.20278, 1.5027659, 130.59960, 130.39820,
13.403940, 134.16865, 1.5099603, 130.14026, 129.93713,
13.414650, 132.98875, 1.7287443, 129.68147, 129.47692,
13.425350, 135.10778, 1.4533206, 129.22420, 129.01858,
13.436050, 135.31645, 1.4215482, 128.76822, 128.56185,
13.446740, 133.13520, 1.6896141, 128.31412, 128.10736,
13.457440, 136.59425, 1.5584086, 127.86119, 127.65438,
13.468130, 132.43260, 1.4515483, 127.41047, 127.20396,
13.478830, 135.72683, 1.4426831, 126.96126, 126.75539,
13.489520, 132.76802, 1.3724316, 126.51460, 126.30972,
13.500200, 136.17635, 1.3888111, 126.07061, 125.86707,
13.510890, 137.68235, 1.4537531, 125.62867, 125.42682,
13.521570, 139.27520, 1.4207996, 125.18973, 124.98992,
13.532260, 143.92567, 1.3933447, 124.75319, 124.55577,
13.542940, 141.80210, 1.4007530, 124.31999, 124.12532,
13.553620, 141.89766, 1.5251861, 123.88992, 123.69834,
13.564290, 143.18900, 1.5651375, 123.46358, 123.27541,
13.574970, 135.44315, 1.3526832, 123.04029, 122.85589,
13.585640, 132.90268, 1.3278765, 122.62107, 122.44077,
13.596320, 135.41685, 1.3908158, 122.20527, 122.02940,
13.606990, 132.57808, 1.4987062, 121.79389, 121.62277,
13.617650, 130.71542, 1.4137320, 121.38706, 121.22100,
13.628320, 129.44720, 1.3495094, 120.98424, 120.82356,
13.638980, 129.93235, 1.3972813, 120.58633, 120.43131,
13.649650, 130.09945, 1.4249240, 120.19282, 120.04375,
13.660310, 129.37095, 1.4642485, 119.80459, 119.66174,
13.670970, 124.55575, 1.6105158, 119.42148, 119.28511,
13.681630, 129.30277, 1.4527594, 119.04368, 118.91403,
13.692280, 126.21375, 1.4657186, 118.67176, 118.54905,
13.702940, 120.80995, 1.4734541, 118.30518, 118.18963,
13.713590, 114.89175, 1.4740917, 117.94485, 117.83665,
13.724240, 118.41945, 1.4542497, 117.59060, 117.48992,
13.734890, 118.90745, 1.5641660, 117.24268, 117.14966,
13.745530, 119.96035, 1.5365130, 116.90157, 116.81634,
13.756180, 121.11350, 1.6180079, 116.56688, 116.48954,
13.766820, 116.97487, 1.6971930, 116.23942, 116.17004,
13.777460, 115.64898, 1.5820570, 115.91910, 115.85771,
13.788100, 113.08795, 1.5239343, 115.60613, 115.55276,
13.798740, 115.88855, 2.5469015, 115.30074, 115.25536,
13.809380, 116.07580, 1.6187049, 115.00319, 114.96574,
13.820010, 115.73305, 1.7171173, 114.71390, 114.68429,
13.830640, 114.25772, 1.7155228, 114.43288, 114.41098,
13.841270, 115.01760, 1.6955837, 114.16033, 114.14595,
13.851900, 112.26640, 1.6326640, 113.89652, 113.88946,
13.862530, 111.16453, 2.0366582, 113.64167, 113.64167,
13.873150, 113.64167, 1.9990255, 113.39617, 113.40292,
13.883780, 114.80488, 1.7714815, 113.15938, 113.17261,
13.894400, 116.22098, 1.6999578, 112.93147, 112.95092,
13.905020, 116.40755, 1.8778129, 112.71197, 112.73741,
13.915640, 115.26937, 1.9194322, 112.50061, 112.53184,
13.926250, 116.37337, 2.0073052, 112.29732, 112.33415,
13.936870, 116.59300, 1.9595900, 112.10150, 112.14377,
13.947480, 114.41092, 1.8430388, 111.91323, 111.96078,
13.958090, 112.61863, 2.0128944, 111.73211, 111.78482,
13.968700, 109.36430, 2.7364454, 111.55788, 111.61562,
13.979310, 118.46450, 2.5799782, 111.39032, 111.45298,
13.989910, 115.23535, 2.2419292, 111.22934, 111.29681,
14.000520, 112.34785, 2.2025486, 111.07440, 111.14660,
14.011120, 111.63285, 2.1430087, 110.92557, 111.00239,
14.021720, 110.18768, 2.2038406, 110.78246, 110.86383,
14.032320, 113.49867, 2.7717618, 110.64487, 110.73070,
14.042920, 110.75003, 5.6637398, 110.51256, 110.60277,
14.053510, 110.97725, 5.7506552, 110.38544, 110.47995,
14.064110, 113.97915, 7.5900481, 110.26305, 110.36177,
14.074700, 112.84827, 3.1346967, 110.14541, 110.24825,
14.085290, 110.12800, 2.7983695, 110.03219, 110.13906,
14.095870, 113.11777, 1.9819543, 109.92327, 110.03408,
14.106460, 113.14970, 1.6558097, 109.81826, 109.93290,
14.117040, 110.75965, 1.6338967, 109.71713, 109.83549,
14.127630, 110.88920, 1.7654933, 109.61948, 109.74144,
14.138210, 112.71852, 1.8636910, 109.52532, 109.65075,
14.148790, 118.16752, 2.0241528, 109.43433, 109.56309,
14.159370, 115.03613, 1.9315004, 109.34632, 109.47825,
14.169940, 117.96775, 1.8827498, 109.26117, 109.39611,
14.180520, 112.26625, 3.2122653, 109.17852, 109.31630,
14.182090, 119.06333, 1.9444086, 109.16647, 109.30465,
14.193560, 121.09203, 1.9617404, 109.07992, 109.22093,
14.205030, 116.02328, 1.8470530, 108.99588, 109.13947,
14.216500, 127.96605, 1.9311600, 108.91412, 109.06003,
14.227970, 123.02583, 2.3948396, 108.83439, 108.98233,
14.239430, 126.92303, 1.8087151, 108.75650, 108.90617,
14.250890, 117.51962, 1.6793283, 108.68015, 108.83123,
14.262350, 124.84440, 1.9872741, 108.60509, 108.75722,
14.273810, 121.15267, 2.0715463, 108.53107, 108.68389,
14.285270, 124.14185, 1.7840971, 108.45787, 108.61097,
14.296730, 114.16305, 1.5786220, 108.38522, 108.53820,
14.308180, 113.71160, 1.5738227, 108.31296, 108.46538,
14.319630, 112.18910, 1.5542518, 108.24077, 108.39217,
14.331080, 108.29312, 1.6333045, 108.16843, 108.31832,
14.342530, 107.22543, 1.6228089, 108.09569, 108.24356,
14.353970, 110.23362, 1.4770128, 108.02237, 108.16770,
14.365410, 107.92485, 1.4480883, 107.94817, 108.09040,
14.376860, 108.23225, 1.4396221, 107.87278, 108.01133,
14.388300, 107.19370, 1.5844859, 107.79609, 107.93037,
14.399730, 110.79708, 1.4351861, 107.71787, 107.84725,
14.411170, 107.41778, 1.3448770, 107.63772, 107.76156,
14.422600, 109.02607, 1.2451374, 107.55556, 107.67319,
14.434030, 105.34523, 1.3005632, 107.47107, 107.58180,
14.445460, 107.03688, 1.3556152, 107.38399, 107.48712,
14.456890, 105.39855, 1.2868327, 107.29409, 107.38890,
14.468320, 108.02923, 1.2055675, 107.20111, 107.28685,
14.479740, 105.34107, 1.2048841, 107.10490, 107.18080,
14.491160, 107.89712, 1.2059405, 107.00511, 107.07041,
14.502580, 105.00572, 1.3241595, 106.90152, 106.95540,
14.514000, 108.89002, 1.3565882, 106.79384, 106.83550,
14.525420, 103.99519, 1.2392249, 106.68183, 106.71043,
14.536830, 108.67422, 2.1738287, 106.56533, 106.58006,
14.548240, 103.73508, 1.2357692, 106.44400, 106.44400,
14.559650, 106.44400, 1.4737957, 106.31764, 106.30207,
14.571060, 103.64243, 1.2973746, 106.18642, 106.15456,
14.582470, 107.70363, 1.5620240, 106.05058, 106.00185,
14.593870, 103.06525, 2.8946056, 105.91046, 105.84444,
14.605270, 105.69761, 1.6108355, 105.76620, 105.68259,
14.616670, 102.27106, 1.3924922, 105.61803, 105.51668,
14.628070, 104.75562, 1.6633682, 105.46615, 105.34707,
14.639470, 100.44823, 1.4627177, 105.31081, 105.17413,
14.650860, 99.751812, 1.3078236, 105.15238, 104.99841,
14.662260, 102.83605, 1.3981199, 104.99079, 104.81995,
14.673650, 104.32637, 1.4753769, 104.82656, 104.63946,
14.685040, 103.43345, 1.5291160, 104.65975, 104.45713,
14.696420, 104.45395, 2.3796733, 104.49075, 104.27352,
14.707810, 98.108782, 1.3694742, 104.31946, 104.08864,
14.719190, 104.86364, 1.5697131, 104.14643, 103.90323,
14.730570, 105.92498, 1.6952872, 103.97169, 103.71746,
14.741950, 102.01071, 1.7614597, 103.79547, 103.53171,
14.753330, 105.61120, 1.5517137, 103.61798, 103.34635,
14.764700, 106.73422, 1.7370262, 103.43960, 103.16192,
14.776080, 101.71568, 1.4976160, 103.26021, 102.97844,
14.787450, 101.79337, 1.6025755, 103.08037, 102.79664,
14.798820, 104.20027, 1.7556779, 102.90010, 102.61669,
14.810190, 101.61563, 1.6502410, 102.71961, 102.43897,
14.821550, 99.653776, 1.6306417, 102.53930, 102.26401,
14.832920, 103.63814, 1.6048246, 102.35905, 102.09187,
14.844280, 103.52382, 1.6886434, 102.17938, 101.92321,
14.855640, 99.828669, 1.6489617, 102.00034, 101.75826,
14.866990, 104.22205, 1.6185660, 101.82232, 101.59753,
14.878350, 98.109041, 1.6941377, 101.64519, 101.44111,
14.889710, 102.50072, 1.7363135, 101.46934, 101.28950,
14.901060, 102.42783, 1.7677060, 101.29513, 101.14322,
14.912410, 102.54220, 1.9024674, 101.12261, 101.00249,
14.923760, 100.61750, 1.7926231, 100.95199, 100.86769,
14.935100, 98.698362, 1.9760317, 100.78366, 100.73932,
14.946450, 107.38872, 1.9084378, 100.61750, 100.61750,
14.957790, 99.278566, 1.8892360, 100.45416, 100.50274,
14.969130, 104.24800, 1.9116234, 100.29432, 100.39482,
14.980470, 99.680120, 2.1482659, 100.13887, 100.29348,
14.991810, 113.24535, 2.2593288, 99.988772, 100.19853,
15.003140, 104.79922, 2.0107338, 99.845073, 100.10981,
15.014480, 102.36119, 1.9351484, 99.708481, 100.02696,
15.025810, 100.73212, 1.9418981, 99.580145, 99.949881,
15.037140, 102.58865, 2.0690225, 99.460912, 99.878307,
15.048460, 102.13499, 2.1877031, 99.351807, 99.812064,
15.059790, 101.60822, 2.0331607, 99.253599, 99.750828,
15.071110, 99.899933, 1.9878823, 99.167410, 99.694487,
15.082440, 103.52658, 1.5079077, 99.094052, 99.642730,
15.093750, 105.58820, 1.3237923, 99.034679, 99.595484,
15.105070, 103.21030, 1.3493477, 98.990081, 99.552399,
15.116390, 105.28905, 4.8661494, 98.961301, 99.513311,
15.127700, 102.14346, 9.9001886, 98.949331, 99.478043,
15.139020, 104.50833, 3.7550450, 98.955147, 99.446320,
15.150330, 106.16335, 1.5577682, 98.979741, 99.417993,
15.162390, 102.84502, 1.7596189, 99.027794, 99.391262,
15.174730, 97.460764, 1.8772678, 99.101550, 99.367367,
15.187070, 99.559942, 1.7497126, 99.201497, 99.346706,
15.199410, 98.682699, 1.8540122, 99.329008, 99.329008,
15.211740, 99.329008, 1.6085805, 99.484806, 99.314060,
15.224080, 104.64762, 1.6824298, 99.668144, 99.301757,
15.236410, 105.73670, 1.6195668, 99.877194, 99.292081,
15.248740, 105.33410, 1.8254998, 100.11061, 99.284981,
15.261060, 107.95255, 1.8073794, 100.36670, 99.280423,
15.273390, 108.62832, 1.6786885, 100.64442, 99.278359,
15.285710, 107.09992, 1.7817887, 100.94190, 99.278757,
15.298030, 102.64352, 1.8285634, 101.25786, 99.281577,
15.310350, 107.05535, 1.6723810, 101.59094, 99.286783,
15.322660, 106.20228, 1.8581761, 101.93940, 99.294332,
15.334980, 108.76188, 1.9121787, 102.30240, 99.304200,
15.347290, 103.43122, 1.7873451, 102.67797, 99.316339,
15.359600, 104.75438, 1.6571690, 103.06501, 99.330719,
15.371900, 107.76165, 1.6176368, 103.46181, 99.347293,
15.384210, 106.41520, 1.7412037, 103.86765, 99.366055,
15.396510, 119.11307, 1.7984574, 104.28051, 99.386943,
15.408810, 110.39698, 1.9037418, 104.69932, 99.409936,
15.421110, 112.94528, 1.8129867, 105.12277, 99.435006,
15.433410, 108.88410, 1.6515062, 105.54945, 99.462118,
15.445700, 106.77253, 1.6295642, 105.97770, 99.491219,
15.457990, 104.77555, 1.6564484, 106.40650, 99.522300,
15.470280, 106.97275, 1.7453245, 106.83451, 99.555329,
15.482570, 105.55417, 1.6345778, 107.26037, 99.590278,
15.494860, 107.62090, 1.9136482, 107.68273, 99.627117,
15.507140, 107.77583, 11.685079, 108.09992, 99.665787,
15.519420, 106.84212, 1.5389901, 108.51088, 99.706285,
15.531700, 108.31227, 1.5723681, 108.91433, 99.748587,
15.543980, 113.01867, 1.6969643, 109.30883, 99.792662,
15.556260, 111.92738, 1.9034922, 109.69309, 99.838487,
15.568530, 109.99520, 1.3798769, 110.06538, 99.885992,
15.580800, 110.42467, 1.3387205, 110.42467, 99.935189,
15.593070, 109.08550, 1.4049477, 110.76993, 99.986052,
15.605340, 112.75952, 1.6268246, 111.10153, 100.03855,
15.617600, 116.06543, 1.4221702, 111.41992, 100.09263,
15.629860, 115.04103, 1.3111317, 111.72605, 100.14829,
15.642120, 112.59853, 1.3593762, 112.02067, 100.20551,
15.654380, 111.06797, 4.0924823, 112.30440, 100.26427,
15.666640, 116.37325, 1.4963018, 112.57799, 100.32455,
15.678890, 114.77290, 1.4062569, 112.84185, 100.38626,
15.691140, 112.67982, 1.4132854, 113.09689, 100.44944,
15.703390, 115.62712, 1.3147756, 113.34378, 100.51406,
15.715640, 109.89080, 1.3398614, 113.58318, 100.58010,
15.727890, 117.26877, 1.5388901, 113.81574, 100.64754,
15.740130, 112.73690, 1.5175623, 114.04194, 100.71630,
15.752370, 113.76205, 1.5784538, 114.26258, 100.78641,
15.764610, 122.67227, 1.5591743, 114.47835, 100.85785,
15.776850, 114.87610, 1.4987716, 114.68985, 100.93059,
15.789090, 118.97627, 1.5559643, 114.89775, 101.00463,
15.801320, 115.19412, 1.6008288, 115.10249, 101.07987,
15.813550, 118.58040, 1.6949962, 115.30490, 101.15636,
15.825780, 121.06888, 1.6394702, 115.50559, 101.23407,
15.838010, 120.87258, 1.9297992, 115.70519, 101.31298,
15.850230, 117.62370, 1.6709460, 115.90419, 101.39302,
15.862450, 121.17298, 1.6874569, 116.10334, 101.47422,
15.874670, 119.01048, 3.3831556, 116.30331, 101.55657,
15.886890, 119.87243, 1.8074007, 116.50471, 101.64004,
15.899110, 122.74365, 1.8470512, 116.70816, 101.72462,
15.911320, 120.28695, 1.9440403, 116.91412, 101.81022,
15.923540, 116.37978, 1.7569354, 117.12358, 101.89697,
15.935750, 121.41682, 1.8976226, 117.33681, 101.98469,
15.947960, 117.24818, 1.8808970, 117.55461, 102.07345,
15.960160, 115.71008, 1.8655597, 117.77745, 102.16316,
15.972370, 115.56305, 1.8905071, 118.00631, 102.25394,
15.984570, 120.69310, 1.8195070, 118.24147, 102.34562,
15.996770, 122.31430, 1.7804405, 118.48377, 102.43828,
16.008961, 119.57805, 1.8234522, 118.73365, 102.53181,
16.021160, 122.03180, 1.8793099, 118.99213, 102.62634,
16.033350, 123.06905, 1.9868674, 119.25949, 102.72171,
16.045549, 121.26700, 1.8038674, 119.53680, 102.81806,
16.057739, 126.16838, 1.8587805, 119.82430, 102.91522,
16.069920, 121.61615, 1.7934024, 120.12263, 103.01316,
16.082109, 118.05185, 4.6241099, 120.43294, 103.11204,
16.094290, 117.21037, 1.8118493, 120.75543, 103.21168,
16.106470, 123.62385, 1.9612348, 121.09102, 103.31214,
16.118650, 118.99735, 1.8008731, 121.44042, 103.41341,
16.130831, 119.60177, 2.0038733, 121.80433, 103.51547,
16.143009, 115.38075, 1.9020867, 122.18340, 103.61829,
16.155180, 121.76178, 2.0755255, 122.57815, 103.72181,
16.167351, 125.15580, 2.2690077, 122.98955, 103.82608,
16.179520, 124.33970, 2.4551134, 123.41827, 103.93107,
16.191681, 124.27792, 2.3295675, 123.86483, 104.03671,
16.203850, 119.32675, 2.4394751, 124.33055, 104.14313,
16.216009, 124.33055, 2.5522962, 124.81522, 104.25016,
16.228170, 128.47530, 2.7456019, 125.31845, 104.35788,
16.240330, 139.51743, 2.9533861, 125.83896, 104.46625,
16.252489, 133.24225, 3.3727875, 126.37570, 104.57528,
16.264641, 131.54205, 3.8249634, 126.92723, 104.68488,
16.276791, 134.83702, 3.3917328, 127.49267, 104.79509,
16.288950, 143.01987, 3.4238410, 128.07150, 104.90600,
16.301090, 133.44732, 3.1109298, 128.66123, 105.01735,
16.313240, 135.24085, 3.3293911, 129.26218, 105.12936,
16.325380, 138.35430, 3.3926396, 129.87233, 105.24187,
16.337530, 147.21472, 2.5385554, 130.49158, 105.35503,
16.349670, 157.03430, 2.3018988, 131.11790, 105.46866,
16.361799, 162.65263, 2.0476844, 131.75011, 105.58272,
16.373940, 178.65040, 2.3290764, 132.38835, 105.69742,
16.386070, 184.40860, 2.4035567, 133.03049, 105.81254,
16.398211, 198.61308, 2.8937157, 133.67648, 105.92826,
16.410339, 194.97860, 5.0383077, 134.32417, 106.04437,
16.422461, 197.50180, 6.0516067, 134.97272, 106.16089,
16.434589, 192.79080, 4.1767249, 135.62191, 106.27795,
16.446711, 192.77248, 7.5259434, 136.26988, 106.39540,
16.458839, 196.92308, 2.8237186, 136.91641, 106.51338,
16.470961, 192.01312, 2.7820027, 137.55965, 106.63172,
16.483070, 189.04967, 2.7292301, 138.19837, 106.75037,
16.495190, 178.58035, 3.6603664, 138.83263, 106.86954,
16.500280, 168.92702, 2.3864378, 139.09733, 106.91972,
16.513599, 168.69662, 2.2095919, 139.78427, 107.05133,
16.526911, 162.21628, 2.0526599, 140.46166, 107.18335,
16.540211, 164.85918, 2.2242970, 141.12791, 107.31570,
16.553520, 187.94688, 2.4052583, 141.78270, 107.44860,
16.566820, 156.30588, 2.2029979, 142.42366, 107.58183,
16.580120, 154.91982, 2.2266330, 143.04985, 107.71548,
16.593420, 147.80862, 1.9534242, 143.65986, 107.84954,
16.606710, 150.78927, 1.9610121, 144.25182, 107.98388,
16.620001, 148.86073, 2.0033525, 144.82473, 108.11861,
16.633301, 156.37990, 2.1442090, 145.37753, 108.25380,
16.646589, 161.71782, 2.2542547, 145.90788, 108.38922,
16.659870, 142.99879, 1.9473756, 146.41449, 108.52490,
16.673149, 146.89610, 1.8792152, 146.89610, 108.66089,
16.686440, 146.17175, 1.8274275, 147.35233, 108.79731,
16.699711, 152.82795, 1.9891779, 147.78397, 108.93384,
16.712990, 151.88895, 2.2549913, 148.19438, 109.07073,
16.726271, 151.41068, 1.9203611, 148.58581, 109.20792,
16.739540, 151.85007, 1.8534818, 148.96032, 109.34525,
16.752810, 152.21090, 1.7587048, 149.32069, 109.48284,
16.766081, 152.82540, 1.6590710, 149.66938, 109.62068,
16.779341, 158.77558, 1.7064621, 150.00845, 109.75864,
16.792601, 149.88652, 1.6542954, 150.34061, 109.89681,
16.805870, 149.85765, 1.7464055, 150.66847, 110.03528,
16.819120, 153.90085, 1.9271423, 150.99372, 110.17374,
16.832380, 147.14268, 1.5547219, 151.31944, 110.31249,
16.845631, 150.71673, 1.5597664, 151.64757, 110.45130,
16.858891, 149.41210, 1.6822803, 151.98094, 110.59036,
16.872141, 145.51250, 1.8009104, 152.32147, 110.72948,
16.885380, 149.06568, 1.8365329, 152.67149, 110.86860,
16.898630, 152.70900, 14.672531, 153.03398, 111.00797,
16.911869, 153.41072, 11.728922, 153.41072, 111.14732,
16.925110, 161.98982, 1.8040948, 153.80343, 111.28680,
16.938351, 154.99142, 1.8381457, 154.20913, 111.42636,
16.951580, 154.39700, 1.8326198, 154.62349, 111.56587,
16.964821, 161.48455, 2.0105270, 155.04326, 111.70557,
16.978050, 168.40155, 1.9717213, 155.46376, 111.84520,
16.991270, 169.44617, 1.8833596, 155.88109, 111.98477,
17.004499, 196.08708, 1.9691655, 156.29190, 112.12448,
17.017719, 341.01488, 2.5427851, 156.69165, 112.26410,
17.030951, 655.07175, 3.3467222, 157.07701, 112.40384,
17.044161, 637.27727, 3.6464584, 157.44307, 112.54337,
17.057381, 232.38245, 2.1603345, 157.78674, 112.68297,
17.070601, 168.67175, 1.9188721, 158.10374, 112.82255,
17.083811, 172.60835, 1.8737769, 158.38986, 112.96200,
17.097019, 172.23457, 1.7711703, 158.64130, 113.10137,
17.110229, 175.23440, 1.8448841, 158.85406, 113.24070,
17.123430, 163.92065, 1.8973339, 159.02395, 113.37986,
17.136641, 162.54470, 1.7315681, 159.14709, 113.51904,
17.149839, 165.66332, 2.1151596, 159.21919, 113.65800,
17.163040, 164.02185, 1.7338647, 159.23622, 113.79687,
17.176229, 157.25937, 1.7087968, 159.19403, 113.93551,
17.189430, 154.58607, 1.8269477, 159.08833, 114.07414,
17.202620, 161.95808, 1.8612443, 158.91502, 114.21251,
17.215811, 158.91502, 1.8963041, 158.67107, 114.35075,
17.229000, 160.87955, 1.8767381, 158.35894, 114.48880,
17.242180, 164.80513, 2.1102864, 157.98262, 114.62658,
17.255369, 162.33357, 2.1396724, 157.54524, 114.76428,
17.268551, 158.89675, 2.0994827, 157.05097, 114.90170,
17.281719, 157.58532, 2.1369622, 156.50376, 115.03877,
17.294901, 161.04913, 2.4604824, 155.90606, 115.17575,
17.308069, 170.08180, 2.3272483, 155.26257, 115.31237,
17.321251, 180.27365, 2.2566883, 154.57551, 115.44888,
17.334410, 187.35190, 2.3466452, 153.85024, 115.58490,
17.347580, 182.94638, 2.3313348, 153.08836, 115.72077,
17.360750, 180.09642, 2.3602491, 152.29389, 115.85636,
17.373911, 180.16537, 2.5910600, 151.47082, 115.99156,
17.387070, 172.59340, 2.6762437, 150.62207, 116.12644,
17.400230, 168.37822, 2.4082426, 149.75074, 116.26103,
17.413380, 169.30195, 2.4856840, 148.86107, 116.39516,
17.426540, 164.97058, 2.8731061, 147.95480, 116.52908,
17.439690, 163.44960, 2.3252119, 147.03683, 116.66253,
17.452841, 163.45378, 2.3444286, 146.10951, 116.79563,
17.465981, 155.34037, 2.4026451, 145.17709, 116.92824,
17.479130, 153.52607, 2.3431544, 144.24135, 117.06056,
17.492270, 150.61348, 2.1344459, 143.30691, 117.19238,
17.505409, 148.06138, 2.1365606, 142.37638, 117.32378,
17.518551, 144.84697, 2.1654438, 141.45290, 117.45478,
17.531679, 151.02150, 2.4119187, 140.54078, 117.58521,
17.544821, 146.45132, 2.2977162, 139.64148, 117.71531,
17.557949, 137.04697, 2.7042549, 138.76009, 117.84482,
17.571079, 140.48778, 2.4562877, 137.89888, 117.97387,
17.584200, 134.14875, 2.2167751, 137.06187, 118.10233,
17.597330, 138.14008, 2.4321663, 136.25118, 118.23038,
17.610451, 135.47133, 2.5552633, 135.47133, 118.35782,
17.623569, 129.70875, 2.6838735, 134.72444, 118.48470,
17.636690, 139.78933, 3.0304348, 134.01009, 118.61106,
17.649799, 128.16272, 3.0437070, 133.32804, 118.73675,
17.662910, 137.75860, 2.9296953, 132.67666, 118.86188,
17.676029, 145.72280, 3.5761129, 132.05482, 118.98650,
17.689131, 149.99395, 3.8333694, 131.46280, 119.11036,
17.702240, 145.16685, 3.3754047, 130.89860, 119.23367,
17.715349, 139.77775, 3.8513905, 130.36176, 119.35634,
17.728451, 135.48783, 3.5855706, 129.85175, 119.47830,
17.741550, 140.03743, 2.8754335, 129.36753, 119.59959,
17.754641, 138.35880, 2.3700044, 128.90859, 119.72011,
17.767740, 138.75585, 2.2647538, 128.47350, 119.84003,
17.780830, 138.54525, 2.7299688, 128.06215, 119.95915,
17.793921, 143.17768, 2.2635462, 127.67349, 120.07756,
17.807011, 150.85172, 2.2320790, 127.30682, 120.19523,
17.820101, 142.07592, 2.0431791, 126.96144, 120.31214,
17.833179, 137.47185, 2.1861748, 126.63695, 120.42819,
17.846270, 128.98630, 2.2838409, 126.33210, 120.54355,
17.859341, 123.96632, 1.8851558, 126.04695, 120.65795,
17.872419, 123.65765, 2.1356069, 125.78024, 120.77160,
17.885500, 126.99438, 2.4236484, 125.53148, 120.88443,
17.898569, 135.03277, 2.3291182, 125.30028, 120.99632,
17.911640, 130.11492, 2.3129378, 125.08580, 121.10735,
17.924709, 120.11693, 2.4455082, 124.88749, 121.21749,
17.937780, 126.81098, 4.1264465, 124.70472, 121.32673,
17.941250, 127.73925, 2.1553642, 124.65875, 121.35558,
17.955721, 136.89643, 1.9704597, 124.47815, 121.47518,
17.970181, 127.20088, 1.9834204, 124.31510, 121.59354,
17.984650, 130.41792, 2.0411868, 124.16862, 121.71079,
17.999109, 125.02360, 2.1055272, 124.03816, 121.82676,
18.013571, 114.98862, 2.4498521, 123.92288, 121.94151,
18.028021, 129.12090, 2.2400327, 123.82218, 122.05492,
18.042480, 124.02785, 2.0913805, 123.73520, 122.16712,
18.056931, 132.71653, 2.1909958, 123.66136, 122.27793,
18.071381, 130.38772, 2.1389430, 123.59995, 122.38742,
18.085819, 123.01890, 2.2700836, 123.55032, 122.49545,
18.100269, 124.43603, 2.3390772, 123.51174, 122.60218,
18.114710, 126.59670, 2.4313463, 123.48362, 122.70743,
18.129150, 119.88770, 2.2988070, 123.46530, 122.81122,
18.143579, 120.63902, 2.1157695, 123.45615, 122.91347,
18.158020, 123.45615, 1.9516137, 123.45555, 123.01429,
18.172449, 122.54970, 2.0747138, 123.46302, 123.11350,
18.186880, 123.14262, 2.0218857, 123.47808, 123.21117,
18.201300, 122.82310, 2.1390119, 123.50025, 123.30716,
18.215719, 117.70680, 1.8177686, 123.52910, 123.40154,
18.230150, 129.40190, 1.8916399, 123.56419, 123.49433,
18.244560, 126.68217, 1.8161218, 123.60501, 123.58531,
18.258980, 126.10983, 1.9107014, 123.65120, 123.67463,
18.273390, 129.57160, 1.9905581, 123.70225, 123.76215,
18.287800, 126.59450, 2.0001270, 123.75777, 123.84788,
18.302210, 125.10553, 2.2440478, 123.81734, 123.93180,
18.316620, 126.45982, 2.0644545, 123.88052, 124.01387,
18.331020, 124.98245, 2.2291424, 123.94686, 124.09400,
18.345421, 129.33575, 2.0418028, 124.01598, 124.17222,
18.359819, 126.87820, 1.9923053, 124.08745, 124.24847,
18.374210, 126.64327, 2.1392932, 124.16083, 124.32269,
18.388611, 122.72235, 2.1676467, 124.23580, 124.39494,
18.403000, 123.90562, 1.9478126, 124.31183, 124.46507,
18.417379, 126.14028, 1.9823615, 124.38853, 124.53305,
18.431770, 123.06077, 1.8978799, 124.46561, 124.59894,
18.446150, 130.73153, 1.8673916, 124.54252, 124.66261,
18.460529, 133.53072, 2.3064302, 124.61893, 124.72406,
18.474911, 127.91197, 1.9364079, 124.69444, 124.78326,
18.489281, 119.45137, 1.9222771, 124.76858, 124.84012,
18.503660, 125.24642, 1.8168976, 124.84103, 124.89468,
18.518030, 123.29597, 1.7215822, 124.91130, 124.94681,
18.532391, 129.59657, 1.7569189, 124.97898, 124.99650,
18.546761, 125.04375, 1.8397019, 125.04375, 125.04375,
18.561119, 120.33683, 1.8008139, 125.10518, 125.08847,
18.575480, 138.67930, 2.2187411, 125.16334, 125.13075,
18.589840, 129.26257, 2.4127096, 125.21830, 125.17065,
18.604191, 130.95407, 2.0703684, 125.27013, 125.20821,
18.618549, 128.27178, 2.0033722, 125.31897, 125.24352,
18.632900, 129.76662, 2.0974023, 125.36485, 125.27662,
18.647240, 124.80578, 2.1217487, 125.40783, 125.30756,
18.661591, 129.02590, 2.0985543, 125.44808, 125.33645,
18.675930, 129.37660, 2.1085067, 125.48559, 125.36330,
18.690269, 130.23867, 2.2637222, 125.52047, 125.38820,
18.704611, 136.03385, 2.2024911, 125.55280, 125.41119,
18.718941, 130.80485, 2.0433696, 125.58262, 125.43233,
18.733271, 125.55350, 1.9633665, 125.61002, 125.45168,
18.747601, 128.43798, 2.0043327, 125.63506, 125.46930,
18.761930, 131.28345, 2.0719530, 125.65781, 125.48525,
18.776260, 135.32994, 2.1590712, 125.67833, 125.49958,
18.790581, 141.65800, 2.1691443, 125.69667, 125.51234,
18.804899, 135.05685, 1.9902731, 125.71290, 125.52359,
18.819220, 135.34182, 2.0509379, 125.72707, 125.53338,
18.833530, 143.24085, 2.0429640, 125.73923, 125.54177,
18.847839, 133.12263, 2.5009740, 125.74945, 125.54880,
18.862150, 145.29018, 2.6769948, 125.75777, 125.55455,
18.876459, 143.43285, 2.6425891, 125.76425, 125.55904,
18.890770, 151.05920, 2.7437860, 125.76893, 125.56234,
18.905069, 146.84928, 2.4620670, 125.77186, 125.56450,
18.919371, 146.58828, 2.4865571, 125.77309, 125.56556,
18.933670, 149.81875, 2.5832661, 125.77266, 125.56559,
18.947960, 146.44592, 2.7871800, 125.77061, 125.56462,
18.962250, 146.32922, 2.7005634, 125.76700, 125.56272,
18.976540, 145.07263, 2.7811931, 125.76185, 125.55992,
18.990829, 151.25541, 2.8284836, 125.75521, 125.55628,
19.005119, 146.12712, 2.7521079, 125.74712, 125.55184,
19.019400, 140.90368, 2.5755252, 125.73762, 125.54667,
19.033680, 134.80242, 2.4185095, 125.72674, 125.54080,
19.047960, 129.34290, 2.4900662, 125.71451, 125.53428,
19.062229, 129.24508, 2.4382446, 125.70098, 125.52716,
19.076500, 132.11220, 3.2659022, 125.68618, 125.51949,
19.090771, 128.04140, 2.9233074, 125.67013, 125.51132,
19.105040, 130.86932, 2.6292757, 125.65286, 125.50269,
19.119310, 139.42265, 2.4182704, 125.63441, 125.49364,
19.133570, 140.06425, 2.6929171, 125.61482, 125.48424,
19.147829, 145.97340, 2.8878745, 125.59410, 125.47453,
19.162090, 125.52102, 3.1831898, 125.57228, 125.46454,
19.176340, 133.90220, 3.0969530, 125.54940, 125.45434,
19.190599, 132.81387, 3.3021513, 125.52546, 125.44395,
19.204849, 123.52285, 3.1448386, 125.50052, 125.43344,
19.219101, 124.33275, 3.0085519, 125.47457, 125.42284,
19.233339, 125.39103, 3.2180659, 125.44767, 125.41221,
19.247580, 118.85993, 3.1449805, 125.41981, 125.40159,
19.261820, 133.95832, 3.5509372, 125.39103, 125.39103,
19.276060, 123.40413, 3.3237453, 125.36133, 125.38056,
19.290300, 129.04930, 4.0647710, 125.33074, 125.37024,
19.304529, 129.50092, 3.5722714, 125.29931, 125.36012,
19.318760, 132.77608, 3.7679807, 125.26702, 125.35024,
19.332991, 138.89623, 3.7927301, 125.23390, 125.34064,
19.347219, 119.64462, 3.4252870, 125.19996, 125.33138,
19.361441, 131.94627, 3.4673794, 125.16525, 125.32250,
19.375660, 128.77052, 3.7347568, 125.12976, 125.31404,
19.389879, 127.57907, 3.1571035, 125.09350, 125.30605,
19.404100, 144.74968, 4.3355034, 125.05649, 125.29858,
19.418310, 150.24183, 4.5136101, 125.01877, 125.29167,
19.432520, 153.38540, 5.2727240, 124.98032, 125.28538,
