# wave, flux, fluxerr, continuum, continuum_plateau
9.9725246, 49.451998, 1.8500110, 49.451998, 49.451998,
9.9806166, 60.568668, 2.2548939, 49.279114, 49.278948,
9.9887066, 60.817063, 2.0301354, 49.114338, 49.113698,
9.9967957, 55.241808, 1.5087967, 48.957706, 48.956321,
10.004880, 56.517104, 1.8325875, 48.809344, 48.806976,
10.012970, 55.172757, 1.7540436, 48.669124, 48.665568,
10.021050, 54.902758, 1.5866882, 48.537369, 48.532454,
10.029140, 51.323220, 1.5520973, 48.413835, 48.407417,
10.037220, 54.246172, 1.7547362, 48.298896, 48.290864,
10.045300, 60.117196, 1.8140657, 48.192458, 48.182727,
10.053380, 50.516627, 1.4717284, 48.094581, 48.083092,
10.061460, 55.541993, 1.5502768, 48.005364, 47.992084,
10.069540, 53.346485, 1.6455037, 47.924864, 47.909783,
10.077610, 60.102922, 1.4884553, 47.853258, 47.836392,
10.085690, 57.130264, 1.6002472, 47.790449, 47.771829,
10.093760, 62.508109, 1.7431139, 47.736668, 47.716350,
10.101830, 62.810863, 1.4230730, 47.691922, 47.669977,
10.109900, 61.947238, 1.3818387, 47.656294, 47.632812,
10.117970, 56.508540, 1.3949610, 47.629884, 47.604969,
10.126040, 58.208082, 1.4675492, 47.612778, 47.586549,
10.134100, 56.997202, 1.2546972, 47.605076, 47.577665,
10.142170, 51.538487, 1.3639385, 47.606854, 47.578402,
10.150230, 54.310420, 1.3371690, 47.618208, 47.588869,
10.158300, 54.471105, 1.3220819, 47.639266, 47.609200,
10.166360, 57.960350, 1.2727345, 47.670079, 47.639454,
10.174420, 57.709858, 1.3877211, 47.710779, 47.679767,
10.182470, 55.928153, 1.6486175, 47.761398, 47.730177,
10.190530, 58.016168, 1.7358705, 47.822171, 47.790920,
10.198590, 54.405832, 2.0553787, 47.893167, 47.862065,
10.206640, 48.713113, 1.4656336, 47.974381, 47.943608,
10.214690, 53.102457, 1.3087933, 48.066018, 48.035751,
10.222750, 55.827397, 1.3368221, 48.168326, 48.138739,
10.230800, 54.771129, 2.9962660, 48.281184, 48.252444,
10.238850, 52.471154, 1.4614883, 48.404834, 48.377102,
10.246890, 61.025119, 1.3798638, 48.539238, 48.512664,
10.254940, 54.738996, 3.7140916, 48.684844, 48.659572,
10.262990, 57.771700, 23.514605, 48.841635, 48.817794,
10.271030, 57.152015, 1.4755873, 49.009539, 48.987245,
10.279070, 54.243549, 1.4558464, 49.188853, 49.168206,
10.287120, 58.800415, 1.5328439, 49.379994, 49.361080,
10.295150, 52.701110, 1.7713887, 49.582360, 49.565241,
10.303190, 69.562610, 1.7379338, 49.796847, 49.781568,
10.311230, 53.774425, 1.4888940, 50.023319, 50.009904,
10.319270, 53.267282, 1.5059728, 50.261984, 50.250430,
10.327300, 52.878628, 1.7441937, 50.512634, 50.502912,
10.335340, 53.686999, 1.6251144, 50.776053, 50.768109,
10.343370, 54.881002, 1.5456296, 51.051808, 51.045555,
10.351400, 51.021681, 1.8014715, 51.340305, 51.335625,
10.359430, 51.489223, 2.0708008, 51.641742, 51.638486,
10.367460, 52.785004, 1.5832201, 51.956289, 51.954270,
10.375480, 46.061103, 1.4938731, 52.283682, 52.282677,
10.383510, 52.036285, 1.7802452, 52.624956, 52.624703,
10.391530, 48.964490, 1.6515799, 52.979441, 52.979635,
10.399560, 53.730430, 1.4025621, 53.348162, 53.348455,
10.407580, 53.105288, 1.3655466, 53.730430, 53.730430,
10.415600, 56.319725, 1.5361199, 54.126713, 54.125994,
10.423620, 56.207516, 1.5669781, 54.536785, 54.534952,
10.431640, 50.117625, 1.3327713, 54.960127, 54.956827,
10.439650, 52.735354, 1.5082370, 55.395845, 55.390768,
10.447670, 57.221633, 1.5687223, 55.844616, 55.837487,
10.455680, 59.686595, 1.5305166, 56.304856, 56.295442,
10.463700, 58.944062, 1.5611328, 56.777364, 56.765460,
10.471710, 57.352133, 1.6788198, 57.260498, 57.245941,
10.479720, 55.969432, 1.5898218, 57.754469, 57.737123,
10.487730, 56.252438, 1.4962370, 58.258878, 58.238636,
10.495730, 59.609485, 2.0567945, 58.772711, 58.749498,
10.503740, 59.408366, 2.0748344, 59.296799, 59.270562,
10.511750, 65.727346, 2.0498246, 59.830145, 59.800857,
10.519750, 60.485065, 1.9273725, 60.371643, 60.339307,
10.527750, 65.758668, 1.9646773, 60.921668, 60.886304,
10.535750, 60.760489, 2.1460234, 61.479772, 61.441421,
10.543750, 67.399935, 1.6618555, 62.045505, 62.004229,
10.551750, 66.698466, 2.1442951, 62.618623, 62.574502,
10.559750, 63.717191, 1.8128994, 63.198612, 63.151744,
10.567850, 68.630792, 1.8567183, 63.792615, 63.743083,
10.576350, 65.203485, 1.5560646, 64.422729, 64.370547,
10.584840, 72.110174, 1.6887209, 65.058588, 65.003923,
10.593340, 68.482306, 1.9972073, 65.701317, 65.644348,
10.601830, 73.887756, 1.6504489, 66.348887, 66.289813,
10.610330, 76.487169, 1.7983469, 67.002457, 66.941488,
10.618820, 70.177052, 1.5358098, 67.660047, 67.597410,
10.627310, 71.869238, 1.5446414, 68.321874, 68.257809,
10.635800, 69.655617, 1.5891318, 68.987652, 68.922407,
10.644280, 68.292925, 1.6412720, 69.656039, 69.589879,
10.652770, 70.598608, 1.4545111, 70.328181, 70.261376,
10.661250, 71.998827, 1.4356717, 71.002133, 70.934968,
10.669740, 74.255520, 1.5419597, 71.678978, 71.611747,
10.678220, 77.447515, 1.6547758, 72.356764, 72.289769,
10.686700, 72.504929, 1.4364394, 73.035819, 72.969373,
10.695180, 78.354118, 1.5304641, 73.715712, 73.650137,
10.703650, 74.067890, 1.4760229, 74.395248, 74.330873,
10.712130, 78.670387, 1.5472396, 75.075450, 75.012616,
10.720600, 80.794058, 1.3861689, 75.754512, 75.693567,
10.729080, 78.852972, 1.4912781, 76.433457, 76.374761,
10.737550, 76.087967, 1.6002690, 77.110252, 77.054170,
10.746020, 84.718801, 1.6426436, 77.785383, 77.732294,
10.754490, 86.665058, 1.3887661, 78.458268, 78.408558,
10.762960, 82.722073, 1.4586409, 79.128630, 79.082697,
10.771420, 82.609476, 1.5586581, 79.795060, 79.753308,
10.779890, 81.677404, 1.4939983, 80.458930, 80.421785,
10.788350, 82.094954, 1.4688509, 81.118090, 81.085977,
10.796810, 80.682611, 1.5743110, 81.772930, 81.746293,
10.805270, 84.335510, 1.6472567, 82.423017, 82.402315,
10.813730, 82.652363, 1.5154263, 83.067916, 83.053622,
10.822190, 84.340403, 3.2228711, 83.707190, 83.699791,
10.830650, 82.908743, 1.9687615, 84.340403, 84.340403,
10.839100, 85.465134, 1.6067471, 84.966428, 84.974329,
10.847560, 84.046370, 1.6107765, 85.586821, 85.603112,
10.856010, 85.539940, 1.5977929, 86.200197, 86.225309,
10.864460, 84.211754, 1.8549156, 86.807277, 86.841609,
10.872910, 91.928516, 1.5939219, 87.408212, 87.452126,
10.881360, 90.651478, 1.7614447, 88.003149, 88.056974,
10.889800, 93.841982, 1.8904239, 88.591374, 88.655386,
10.898250, 95.244244, 2.2087663, 89.174360, 89.248827,
10.906690, 100.44149, 2.0301152, 89.750868, 89.835999,
10.915140, 100.26309, 1.9334434, 90.322338, 90.418338,
10.923580, 111.04922, 2.1442893, 90.887426, 90.994437,
10.932020, 110.55975, 2.3291957, 91.446915, 91.565066,
10.940460, 112.53467, 2.4472601, 92.000875, 92.130263,
10.948890, 118.55460, 2.4467704, 92.548697, 92.689377,
10.957330, 119.41803, 2.7807216, 93.091810, 93.243838,
10.965760, 131.03045, 2.0290124, 93.628990, 93.792367,
10.974200, 147.51437, 2.0352700, 94.161517, 94.336245,
10.982630, 154.00340, 1.9748722, 94.688191, 94.874220,
10.991060, 169.49883, 2.5145876, 95.209795, 95.407066,
10.999490, 160.94702, 2.1489745, 95.726273, 95.934701,
11.007920, 168.03242, 2.2390364, 96.237798, 96.457279,
11.016340, 165.62715, 2.0566683, 96.743743, 96.974135,
11.024770, 161.75917, 2.2376969, 97.245366, 97.486534,
11.033190, 162.44540, 2.3593888, 97.741588, 97.993352,
11.041610, 157.45232, 2.2642996, 98.233030, 98.495204,
11.050030, 156.47475, 2.3453156, 98.719746, 98.992124,
11.058450, 164.41350, 2.3440413, 99.201784, 99.484145,
11.066870, 165.29205, 2.5115753, 99.679195, 99.971298,
11.075290, 155.95892, 2.7436874, 100.15203, 100.45362,
11.083700, 148.30130, 2.5749242, 100.61980, 100.93059,
11.092120, 159.30222, 2.7146833, 101.08361, 101.40334,
11.100530, 152.22477, 2.7514231, 101.54241, 101.87076,
11.108940, 157.62780, 3.2654600, 101.99687, 102.33354,
11.117350, 167.28162, 4.6711508, 102.44694, 102.79159,
11.120570, 168.31240, 2.5122750, 102.61815, 102.96578,
11.129530, 176.84648, 2.3960377, 103.09118, 103.44681,
11.138500, 189.05542, 2.3428503, 103.55993, 103.92317,
11.147460, 211.34623, 2.5818066, 104.02335, 104.39378,
11.156430, 235.57388, 2.6767847, 104.48257, 104.85977,
11.165390, 264.47052, 2.6510115, 104.93655, 105.32010,
11.174350, 310.74805, 2.7108579, 105.38588, 105.77533,
11.183300, 365.80556, 3.0825004, 105.83014, 106.22502,
11.192260, 423.74485, 3.2193859, 106.27029, 106.67016,
11.201220, 461.44106, 3.1773219, 106.70591, 107.11030,
11.210170, 469.98243, 3.1397455, 107.13658, 107.54502,
11.219120, 480.06130, 3.3062286, 107.56278, 107.97480,
11.228070, 474.77467, 3.2733603, 107.98457, 108.39967,
11.237020, 467.83504, 3.0212503, 108.40192, 108.81963,
11.245970, 477.58718, 3.0547038, 108.81496, 109.23478,
11.254920, 465.48798, 3.1180122, 109.22366, 109.64511,
11.263860, 451.48618, 3.0199202, 109.62759, 110.05018,
11.272800, 439.82735, 2.8394974, 110.02730, 110.45052,
11.281750, 423.48438, 2.7964692, 110.42314, 110.84652,
11.290690, 398.78667, 2.7951974, 110.81437, 111.23741,
11.299630, 379.00846, 2.7394558, 111.20138, 111.62359,
11.308560, 370.67303, 2.5834891, 111.58380, 112.00469,
11.317500, 347.92586, 2.5323329, 111.96247, 112.38157,
11.326430, 328.62053, 2.5195888, 112.33662, 112.75343,
11.335370, 312.78490, 2.5745755, 112.70705, 113.12110,
11.344300, 289.72220, 2.4067653, 113.07299, 113.48381,
11.353230, 285.53350, 2.5183635, 113.43485, 113.84198,
11.362160, 286.98988, 24.276231, 113.79260, 114.19559,
11.371080, 265.14310, 5.8598366, 114.14598, 114.54437,
11.380010, 250.00251, 2.1659024, 114.49565, 114.88900,
11.388930, 242.93668, 2.1142151, 114.84096, 115.22884,
11.397850, 231.52792, 2.2412541, 115.18223, 115.56421,
11.406780, 228.70517, 2.1400617, 115.51989, 115.89555,
11.415700, 220.82905, 2.0204463, 115.85315, 116.22209,
11.424610, 215.91702, 2.0872815, 116.18207, 116.54391,
11.433530, 209.02330, 2.2334454, 116.50735, 116.86170,
11.442450, 208.10658, 2.1201173, 116.82865, 117.17515,
11.451360, 196.12717, 2.5377915, 117.14564, 117.48393,
11.460270, 191.49733, 2.0180496, 117.45864, 117.78839,
11.469180, 183.97797, 2.0961131, 117.76768, 118.08856,
11.478090, 179.80912, 2.1263685, 118.07274, 118.38444,
11.487000, 173.90178, 2.0466360, 118.37382, 118.67605,
11.495910, 177.09670, 2.1838223, 118.67088, 118.96337,
11.504810, 165.28930, 2.1037624, 118.96368, 119.24617,
11.513710, 167.09243, 2.1336200, 119.25246, 119.52472,
11.522620, 160.22547, 2.1120717, 119.53758, 119.79938,
11.531520, 158.95005, 2.1257969, 119.81836, 120.06950,
11.540420, 153.98280, 2.2683227, 120.09513, 120.33544,
11.549310, 151.99443, 2.2796828, 120.36759, 120.59691,
11.558210, 155.71338, 2.7437881, 120.63633, 120.85452,
11.567100, 147.50828, 3.3726456, 120.90069, 121.10765,
11.576000, 156.83670, 4.0623890, 121.16132, 121.35694,
11.584890, 151.88913, 2.3474227, 121.41757, 121.60180,
11.593780, 140.49045, 2.3554084, 121.66971, 121.84251,
11.602670, 142.82475, 3.2003677, 121.91777, 122.07911,
11.611560, 135.36465, 2.9517894, 122.16170, 122.31160,
11.620440, 141.56315, 2.6275838, 122.40120, 122.53972,
11.629330, 130.79010, 2.5661642, 122.63682, 122.76400,
11.638210, 130.72837, 2.5382260, 122.86800, 122.98394,
11.647090, 137.12735, 2.6396493, 123.09495, 123.19978,
11.655970, 131.28737, 2.9267017, 123.31766, 123.41154,
11.664850, 121.34205, 2.2488962, 123.53614, 123.61924,
11.673730, 127.85490, 1.6787591, 123.75030, 123.82285,
11.682600, 134.39270, 1.9999964, 123.95992, 124.02217,
11.691480, 131.18205, 1.9605277, 124.16542, 124.21765,
11.700350, 126.08925, 1.9075837, 124.36633, 124.40885,
11.709220, 133.38447, 2.0221371, 124.56283, 124.59600,
11.718090, 127.23907, 2.0145761, 124.75490, 124.77910,
11.726960, 125.13292, 2.1830107, 124.94249, 124.95815,
11.735830, 126.23167, 3.4602102, 125.12556, 125.13314,
11.744690, 125.30388, 2.4287057, 125.30388, 125.30388,
11.753560, 116.54142, 3.7661271, 125.47783, 125.47077,
11.762420, 116.63442, 4.0620881, 125.64704, 125.63344,
11.771280, 132.84338, 3.7192191, 125.81177, 125.79212,
11.775020, 125.83147, 1.8292763, 125.87996, 125.85789,
11.784500, 123.23002, 1.8624459, 126.04929, 126.02147,
11.793980, 127.49722, 1.9207328, 126.21359, 126.18049,
11.803460, 130.49545, 2.2791774, 126.37292, 126.33501,
11.812940, 124.36770, 1.6667170, 126.52730, 126.48503,
11.822420, 134.28848, 1.7806760, 126.67681, 126.63059,
11.831890, 129.35385, 1.7785655, 126.82131, 126.77154,
11.841360, 129.76278, 2.1209905, 126.96102, 126.90807,
11.850840, 133.10835, 1.6586512, 127.09611, 127.04031,
11.860310, 135.48372, 1.7124347, 127.22634, 127.16804,
11.869770, 141.20888, 1.7133064, 127.35176, 127.29127,
11.879240, 142.81220, 1.6962772, 127.47266, 127.41027,
11.888710, 140.45868, 1.5973989, 127.58894, 127.52493,
11.898170, 142.61640, 1.6220080, 127.70053, 127.63516,
11.907630, 145.42940, 1.6953315, 127.80756, 127.74108,
11.917090, 138.07828, 1.6458513, 127.91009, 127.84272,
11.926550, 145.63512, 1.6606686, 128.00811, 127.94008,
11.936010, 148.53658, 1.6140571, 128.10168, 128.03319,
11.945470, 141.63810, 1.6778056, 128.19079, 128.12205,
11.954920, 144.51620, 1.6924144, 128.27540, 128.20659,
11.964370, 149.40910, 1.7273455, 128.35562, 128.28691,
11.973830, 151.01245, 1.6140329, 128.43155, 128.36312,
11.983280, 145.93605, 1.8523804, 128.50304, 128.43505,
11.992720, 145.77087, 1.6754510, 128.57011, 128.50272,
12.002170, 147.51188, 1.5710260, 128.63294, 128.56630,
12.011610, 144.27625, 1.5406377, 128.69140, 128.62566,
12.021060, 143.46093, 1.5953381, 128.74562, 128.68093,
12.030500, 135.66348, 1.6379690, 128.79551, 128.73200,
12.039940, 138.18978, 1.5574414, 128.84111, 128.77894,
12.049380, 137.85800, 2.5784047, 128.88246, 128.82176,
12.058820, 138.53548, 1.5963321, 128.91955, 128.86045,
12.068250, 142.70380, 1.6653114, 128.95235, 128.89501,
12.077690, 138.77053, 1.6361294, 128.98094, 128.92550,
12.087120, 136.73390, 1.6096272, 129.00525, 128.95186,
12.096550, 131.87240, 1.5941897, 129.02532, 128.97413,
12.105980, 134.44245, 1.7013528, 129.04116, 128.99232,
12.115410, 134.60605, 1.7165798, 129.05275, 129.00643,
12.124830, 133.44823, 1.5894941, 129.06008, 129.01645,
12.134260, 136.91545, 1.9290139, 129.06317, 129.02241,
12.143680, 136.51425, 1.7287977, 129.06201, 129.02430,
12.153100, 132.96420, 1.8555339, 129.05659, 129.02213,
12.162520, 132.24250, 1.9852773, 129.04689, 129.01589,
12.171940, 129.94885, 1.7133322, 129.03292, 129.00559,
12.181360, 128.96150, 1.8377568, 129.01466, 128.99122,
12.190770, 131.23357, 1.9041441, 128.99211, 128.97282,
12.200180, 130.41803, 2.1689845, 128.96525, 128.95036,
12.209600, 122.36918, 1.8575310, 128.93402, 128.92380,
12.219010, 128.86845, 1.9317509, 128.89848, 128.89322,
12.228420, 127.83238, 2.4006706, 128.85857, 128.85857,
12.237820, 128.85857, 2.5093973, 128.81434, 128.81991,
12.247230, 134.49680, 2.0647079, 128.76575, 128.77719,
12.256630, 151.37328, 2.1810560, 128.71296, 128.73052,
12.266040, 224.32657, 2.7773337, 128.65593, 128.67987,
12.275440, 458.67010, 3.6602408, 128.59485, 128.62536,
12.284840, 402.48960, 3.3573549, 128.52974, 128.56699,
12.294230, 156.26400, 2.2980508, 128.46071, 128.50486,
12.303630, 127.10788, 2.7626799, 128.38770, 128.43889,
12.313030, 140.55877, 2.5577793, 128.31082, 128.36915,
12.322420, 148.41665, 3.2491387, 128.23024, 128.29579,
12.331810, 142.29245, 2.4123714, 128.14592, 128.21875,
12.341200, 141.14727, 1.5741829, 128.05792, 128.13807,
12.350590, 140.95823, 1.7565895, 127.96631, 128.05379,
12.359980, 142.07582, 1.8991419, 127.87112, 127.96594,
12.369360, 144.76150, 1.8497260, 127.77252, 127.87465,
12.378750, 140.50032, 1.7536831, 127.67036, 127.77977,
12.388130, 142.63917, 1.9090201, 127.56489, 127.68152,
12.397510, 143.65493, 1.8543938, 127.45608, 127.57985,
12.406890, 139.79412, 1.8566727, 127.34394, 127.47477,
12.416270, 153.42022, 2.0729204, 127.22855, 127.36633,
12.425640, 148.66013, 1.8737351, 127.11007, 127.25468,
12.435020, 152.24710, 2.2006036, 126.98829, 127.13960,
12.444390, 153.60495, 2.3021499, 126.86352, 127.02137,
12.453760, 151.97548, 2.0543981, 126.73568, 126.89991,
12.463130, 146.97880, 1.9023303, 126.60480, 126.77524,
12.472500, 153.43735, 2.3995197, 126.47093, 126.64739,
12.481870, 167.29638, 2.6600428, 126.33409, 126.51639,
12.489420, 159.09068, 1.8978841, 126.22171, 126.40856,
12.499490, 163.48857, 2.1109992, 126.06891, 126.26161,
12.509550, 167.75225, 1.9513438, 125.91297, 126.11126,
12.519610, 163.61602, 1.9522453, 125.75379, 125.95740,
12.529670, 165.76152, 1.8891213, 125.59144, 125.80008,
12.539730, 168.36563, 1.9098816, 125.42591, 125.63930,
12.549780, 171.88387, 2.1884472, 125.25746, 125.47529,
12.559840, 172.98978, 1.8165262, 125.08575, 125.30772,
12.569890, 174.49440, 1.7744854, 124.91120, 125.13699,
12.579940, 171.51775, 1.9023103, 124.73365, 124.96295,
12.589990, 176.62907, 1.8023458, 124.55315, 124.78563,
12.600040, 183.38919, 1.9027944, 124.36972, 124.60505,
12.610090, 183.95998, 1.7946769, 124.18341, 124.42125,
12.620130, 188.76442, 1.9439565, 123.99445, 124.23446,
12.630170, 198.82888, 1.9612986, 123.80266, 124.04450,
12.640210, 193.70203, 1.8759774, 123.60809, 123.85140,
12.650250, 194.36978, 1.7611245, 123.41075, 123.65520,
12.660290, 195.69480, 1.7762086, 123.21071, 123.45593,
12.670330, 200.91965, 1.8043820, 123.00795, 123.25360,
12.680360, 203.94577, 1.8762815, 122.80274, 123.04846,
12.690390, 216.73188, 1.8559374, 122.59488, 122.84032,
12.700420, 218.59597, 1.8996321, 122.38438, 122.62920,
12.710450, 220.69342, 1.9044734, 122.17131, 122.41515,
12.720480, 226.75860, 1.9860002, 121.95566, 122.19818,
12.730500, 233.45610, 2.2440253, 121.73767, 121.97852,
12.740530, 238.38848, 1.9331427, 121.51694, 121.75578,
12.750550, 218.88223, 1.9217901, 121.29391, 121.53041,
12.760570, 218.25092, 1.9122753, 121.06842, 121.30224,
12.770590, 221.42755, 1.9218107, 120.84044, 121.07124,
12.780610, 213.18710, 1.8661760, 120.60999, 120.83746,
12.790620, 211.70783, 2.1416706, 120.37736, 120.60117,
12.800640, 210.60400, 1.8524012, 120.14206, 120.36190,
12.810650, 213.32480, 1.9193700, 119.90459, 120.12017,
12.820660, 201.66183, 1.9762360, 119.66474, 119.87575,
12.830670, 184.48962, 1.7451023, 119.42248, 119.62863,
12.840680, 178.36108, 1.7640972, 119.17787, 119.37888,
12.850680, 168.29150, 1.7804024, 118.93114, 119.12673,
12.860690, 163.40640, 1.9298994, 118.68182, 118.87174,
12.870690, 151.46162, 1.7222156, 118.43041, 118.61439,
12.880690, 148.89650, 1.7738358, 118.17668, 118.35449,
12.890690, 141.52152, 1.6641982, 117.92061, 118.09201,
12.900680, 137.34733, 1.7601690, 117.66250, 117.82727,
12.910680, 136.47282, 1.7263803, 117.40180, 117.55973,
12.920670, 129.36285, 1.7557383, 117.13906, 117.28997,
12.930670, 129.82765, 1.7408215, 116.87375, 117.01743,
12.940660, 125.80695, 1.8323334, 116.60639, 116.74268,
12.950640, 125.71177, 1.7713300, 116.33704, 116.46579,
12.960630, 118.05315, 2.0709857, 116.06509, 116.18615,
12.970620, 119.34145, 1.7094416, 115.79086, 115.90410,
12.980600, 123.75895, 1.7386485, 115.51460, 115.61992,
12.990580, 120.25572, 1.9208444, 115.23607, 115.33337,
13.000560, 110.71885, 1.8106909, 114.95522, 115.04441,
13.010540, 115.96115, 1.9222453, 114.67206, 114.75308,
13.020520, 116.56805, 1.8414587, 114.38659, 114.45940,
13.030490, 113.25908, 1.9116342, 114.09912, 114.16369,
13.040470, 112.57295, 2.0678094, 113.80902, 113.86534,
13.050440, 116.49718, 2.1656067, 113.51690, 113.56499,
13.060410, 110.60692, 2.2987961, 113.22246, 113.26234,
13.070380, 112.55130, 2.0807030, 112.92564, 112.95736,
13.080350, 118.33348, 2.1730767, 112.62651, 112.65014,
13.090310, 111.71549, 2.3196654, 112.32530, 112.34094,
13.100280, 119.08910, 2.3137840, 112.02144, 112.02919,
13.110240, 107.51200, 2.3134038, 111.71549, 111.71549,
13.120200, 108.42952, 2.4180917, 111.40716, 111.39957,
13.130160, 120.90612, 2.5266873, 111.09656, 111.08153,
13.140110, 111.85795, 2.0366913, 110.78414, 110.76183,
13.150070, 111.51229, 1.5214618, 110.46935, 110.43990,
13.160020, 110.42887, 1.5367381, 110.15296, 110.11655,
13.169980, 112.91803, 1.8305755, 109.83444, 109.79120,
13.179930, 110.57370, 1.7043943, 109.51455, 109.46466,
13.189870, 101.00435, 3.3298278, 109.19340, 109.13701,
13.199820, 107.30920, 1.7444902, 108.87047, 108.80774,
13.209770, 110.02102, 1.7578211, 108.54616, 108.47724,
13.219710, 111.90652, 1.9300052, 108.22095, 108.14602,
13.229650, 109.41573, 1.8636296, 107.89464, 107.81387,
13.239590, 106.04564, 1.7955646, 107.56728, 107.48084,
13.249530, 100.82772, 1.8694069, 107.23902, 107.14707,
13.259470, 103.28622, 1.8105123, 106.90995, 106.81268,
13.269410, 106.88911, 1.9446027, 106.58020, 106.47779,
13.279340, 103.31120, 2.1619351, 106.25022, 106.14285,
13.289270, 104.63828, 2.0962481, 105.91973, 105.80761,
13.299200, 113.43550, 2.1057007, 105.58892, 105.47222,
13.309130, 102.77608, 2.4000984, 105.25785, 105.13678,
13.318260, 105.67753, 1.8256710, 104.95330, 104.82839,
13.328980, 102.70033, 1.7110873, 104.59568, 104.46648,
13.339690, 102.67887, 1.7230898, 104.23850, 104.10526,
13.350400, 112.05780, 1.8062347, 103.88153, 103.74451,
13.361120, 106.11188, 1.7539260, 103.52457, 103.38402,
13.371830, 104.09115, 1.6282224, 103.16845, 103.02464,
13.382530, 107.43632, 1.6107723, 102.81328, 102.66648,
13.393240, 106.57035, 1.6825973, 102.45855, 102.30904,
13.403940, 105.10390, 1.7134596, 102.10504, 101.95309,
13.414650, 104.36131, 1.9295183, 101.75226, 101.59816,
13.425350, 105.86094, 1.6351713, 101.40096, 101.24500,
13.436050, 104.98513, 1.5847153, 101.05098, 100.89345,
13.446740, 111.39725, 1.6855913, 100.70279, 100.54400,
13.457440, 112.73727, 1.7099495, 100.35584, 100.19609,
13.468130, 113.68520, 1.6069311, 100.01096, 99.850559,
13.478830, 110.38537, 1.5973079, 99.667615, 99.506868,
13.489520, 113.41458, 1.5805139, 99.326612, 99.165835,
13.500200, 111.45492, 1.6346253, 98.988060, 98.827567,
13.510890, 118.39227, 1.6286128, 98.651496, 98.491603,
13.521570, 118.15512, 1.5896457, 98.317664, 98.158690,
13.532260, 120.84165, 1.5464821, 97.986113, 97.828375,
13.542940, 122.65670, 1.6157401, 97.657580, 97.501396,
13.553620, 125.20362, 1.7271458, 97.331913, 97.177601,
13.564290, 119.87955, 1.6467476, 97.009578, 96.857451,
13.574970, 112.24870, 1.5304100, 96.690087, 96.540461,
13.585640, 111.02807, 1.4029087, 96.374221, 96.227403,
13.596320, 115.40803, 1.5075138, 96.061508, 95.917809,
13.606990, 111.35482, 1.5145533, 95.752716, 95.612434,
13.617650, 108.83344, 1.4899194, 95.447963, 95.311390,
13.628320, 108.69732, 1.3982334, 95.146858, 95.014287,
13.638980, 109.47767, 1.4549714, 94.850097, 94.721807,
13.649650, 111.96430, 1.4775469, 94.557308, 94.433575,
13.660310, 107.44669, 1.4701892, 94.269177, 94.150260,
13.670970, 102.96498, 1.5261764, 93.985601, 93.871754,
13.681630, 103.30482, 1.4105871, 93.706747, 93.598208,
13.692280, 105.91519, 1.4653723, 93.433047, 93.330039,
13.702940, 96.937187, 1.3793323, 93.164130, 93.066871,
13.713590, 96.114267, 1.5784875, 92.900698, 92.809378,
13.724240, 96.515039, 1.4321162, 92.642632, 92.557432,
13.734890, 95.268040, 1.3413008, 92.390154, 92.311234,
13.745530, 95.371408, 1.4131184, 92.143636, 92.071130,
13.756180, 96.349976, 1.4838275, 91.902815, 91.836849,
13.766820, 92.712551, 1.4549812, 91.668305, 91.608970,
13.777460, 93.052628, 1.4462316, 91.440072, 91.387438,
13.788100, 93.013849, 1.4301494, 91.218303, 91.172416,
13.798740, 91.383619, 1.3226147, 91.003188, 90.964066,
13.809380, 92.985651, 1.4315042, 90.794938, 90.762566,
13.820010, 94.179443, 1.4784684, 90.593888, 90.568218,
13.830640, 93.837999, 1.5286252, 90.400082, 90.381036,
13.841270, 89.866098, 1.4381836, 90.213686, 90.201153,
13.851900, 88.319847, 1.4363518, 90.034939, 90.028767,
13.862530, 89.864031, 1.8930381, 89.864031, 89.864031,
13.873150, 89.306192, 1.8565330, 89.701240, 89.707188,
13.883780, 92.856829, 1.6642712, 89.546119, 89.557811,
13.894400, 92.212410, 1.4881564, 89.398720, 89.415963,
13.905020, 92.627983, 1.5561931, 89.258676, 89.281300,
13.915640, 90.316805, 1.6093391, 89.125768, 89.153620,
13.926250, 93.477655, 1.7905394, 88.999890, 89.032824,
13.936870, 95.493206, 1.7567804, 88.880611, 88.918505,
13.947480, 93.897087, 1.8140037, 88.767913, 88.810646,
13.958090, 93.898043, 1.8326794, 88.661500, 88.708962,
13.968700, 96.079805, 2.4840037, 88.561146, 88.613238,
13.979310, 98.413830, 2.1648005, 88.466667, 88.523292,
13.989910, 93.148397, 1.8426333, 88.377932, 88.438994,
14.000520, 89.926628, 2.0523042, 88.294583, 88.359996,
14.011120, 90.192701, 1.9669345, 88.216574, 88.286246,
14.021720, 90.233387, 2.0648358, 88.143637, 88.217478,
14.032320, 88.410170, 2.2063563, 88.075580, 88.153500,
14.042920, 91.495472, 2.1113077, 88.012215, 88.094119,
14.053510, 91.573408, 2.1878006, 87.953412, 88.039197,
14.064110, 92.817633, 2.1370840, 87.898870, 87.988436,
14.074700, 89.092983, 2.8582988, 87.848509, 87.941742,
14.085290, 94.285717, 2.7498983, 87.802104, 87.898883,
14.095870, 92.686779, 1.7370009, 87.759506, 87.859701,
14.106460, 94.918304, 1.9874327, 87.720463, 87.823938,
14.117040, 88.163179, 1.4410550, 87.684868, 87.791473,
14.127630, 86.936144, 1.6591037, 87.652482, 87.762058,
14.138210, 88.188314, 1.6769732, 87.623196, 87.735566,
14.148790, 98.671478, 1.6952879, 87.596804, 87.711783,
14.159370, 90.957624, 1.5247409, 87.573138, 87.690523,
14.169940, 94.486616, 1.6136514, 87.552047, 87.671620,
14.180520, 96.512846, 3.6801705, 87.533323, 87.654855,
14.182090, 96.643730, 1.5771461, 87.530739, 87.652540,
14.193560, 100.64103, 1.5999519, 87.513286, 87.636887,
14.205030, 95.771324, 1.4755037, 87.498204, 87.623287,
14.216500, 102.18790, 1.5696805, 87.485286, 87.611511,
14.227970, 98.444355, 1.9015153, 87.474321, 87.601325,
14.239430, 103.97397, 1.4243310, 87.465108, 87.592503,
14.250890, 96.017611, 1.4481628, 87.457432, 87.584806,
14.262350, 99.690077, 1.5064292, 87.451087, 87.578003,
14.273810, 98.280649, 1.4993133, 87.445867, 87.571863,
14.285270, 101.60645, 1.5965136, 87.441568, 87.566155,
14.296730, 91.595379, 1.3788662, 87.437987, 87.560649,
14.308180, 90.234808, 1.3032731, 87.434922, 87.555120,
14.319630, 89.306761, 1.4366977, 87.432168, 87.549333,
14.331080, 90.902615, 1.5954565, 87.429520, 87.543057,
14.342530, 89.807520, 1.5117623, 87.426778, 87.536064,
14.353970, 88.915569, 1.4857544, 87.423742, 87.528130,
14.365410, 90.208956, 1.4446994, 87.420205, 87.519020,
14.376860, 88.441177, 1.6229423, 87.415963, 87.508494,
14.388300, 87.831503, 1.8783279, 87.410819, 87.496340,
14.399730, 86.906315, 1.5544551, 87.404574, 87.482333,
14.411170, 90.361105, 1.4327530, 87.397011, 87.466216,
14.422600, 87.269068, 1.4275140, 87.387941, 87.447788,
14.434030, 87.213776, 1.3881407, 87.377153, 87.426805,
14.445460, 87.893919, 1.4632149, 87.364440, 87.403034,
14.456890, 85.552996, 1.4071153, 87.349598, 87.376245,
14.468320, 89.774977, 1.4389404, 87.332418, 87.346205,
14.479740, 87.312710, 1.3498910, 87.312710, 87.312710,
14.491160, 85.615023, 1.3754153, 87.290283, 87.275559,
14.502580, 86.490767, 1.4268417, 87.265095, 87.234800,
14.514000, 89.359526, 1.5047104, 87.237127, 87.190526,
14.525420, 88.292276, 1.4206905, 87.206367, 87.142841,
14.536830, 87.109085, 1.3016392, 87.172829, 87.091889,
14.548240, 86.065910, 1.3066018, 87.136470, 87.037728,
14.559650, 87.521482, 1.6565538, 87.097267, 86.980450,
14.571060, 81.207264, 1.4682758, 87.055205, 86.920160,
14.582470, 81.708139, 1.7242231, 87.010260, 86.856949,
14.593870, 85.395781, 1.3679008, 86.962449, 86.790971,
14.605270, 82.360714, 1.4378817, 86.911711, 86.722267,
14.616670, 84.069136, 1.3860912, 86.858025, 86.650938,
14.628070, 78.095314, 1.4592081, 86.801354, 86.577066,
14.639470, 85.260731, 1.3343501, 86.741674, 86.500750,
14.650860, 80.423674, 1.2338642, 86.679012, 86.422156,
14.662260, 83.556898, 1.3038485, 86.613222, 86.341232,
14.673650, 84.704889, 1.2398563, 86.544392, 86.258219,
14.685040, 83.074230, 1.3051858, 86.472420, 86.173127,
14.696420, 82.560169, 1.3595498, 86.397353, 86.086142,
14.707810, 79.858795, 1.2671244, 86.319003, 85.997181,
14.719190, 85.181866, 1.3213540, 86.237487, 85.906511,
14.730570, 85.702900, 1.4797191, 86.152680, 85.814127,
14.741950, 82.054300, 1.4443858, 86.064546, 85.720126,
14.753330, 84.111326, 1.3870698, 85.973040, 85.624595,
14.764700, 83.005463, 1.4947686, 85.878206, 85.527715,
14.776080, 80.753962, 1.2463269, 85.779822, 85.429396,
14.787450, 80.505306, 1.3552473, 85.678019, 85.329905,
14.798820, 83.340006, 1.5745440, 85.572658, 85.229242,
14.810190, 84.599028, 1.5599293, 85.463676, 85.127485,
14.821550, 83.388542, 1.4420829, 85.351135, 85.024826,
14.832920, 84.568499, 1.5167854, 85.234779, 84.921170,
14.844280, 84.262691, 1.4409947, 85.114746, 84.816780,
14.855640, 81.252728, 1.5237836, 84.990881, 84.711653,
14.866990, 85.159956, 1.4909930, 84.863243, 84.605977,
14.878350, 83.477776, 1.5644710, 84.731531, 84.499640,
14.889710, 86.560005, 2.4397999, 84.595796, 84.392828,
14.901060, 83.962292, 1.6091975, 84.456104, 84.285725,
14.912410, 87.033972, 1.6481591, 84.312261, 84.178320,
14.923760, 83.171698, 1.6498897, 84.164183, 84.070688,
14.935100, 83.855227, 1.7607251, 84.011966, 83.963034,
14.946450, 88.769253, 1.8421232, 83.855227, 83.855227,
14.957790, 82.618008, 1.6756787, 83.694446, 83.747568,
14.969130, 86.698708, 2.0600118, 83.530692, 83.640102,
14.980470, 86.986395, 1.8241373, 83.365387, 83.532952,
14.991810, 90.053543, 2.0150823, 83.199995, 83.426271,
15.003140, 81.339819, 2.1181519, 83.036103, 83.320288,
15.014480, 87.094774, 1.9666561, 82.874899, 83.214978,
15.025810, 82.536163, 1.9362011, 82.718074, 83.110642,
15.037140, 81.848223, 2.0140937, 82.566969, 83.007353,
15.048460, 85.314192, 2.3022319, 82.423141, 82.905328,
15.059790, 87.122940, 2.5569114, 82.287802, 82.804539,
15.071110, 84.271366, 2.1354741, 82.162638, 82.705299,
15.082440, 79.567451, 1.6255338, 82.048893, 82.607575,
15.093750, 86.039991, 1.3863425, 81.948333, 82.511781,
15.105070, 83.715931, 1.4795504, 81.862132, 82.417791,
15.116390, 86.496140, 1.6513435, 81.791870, 82.325839,
15.127700, 83.466625, 1.6405565, 81.739075, 82.236151,
15.139020, 86.072529, 1.7198497, 81.705145, 82.148706,
15.150330, 87.510981, 1.6992575, 81.691644, 82.063810,
15.162390, 82.228687, 1.9707714, 81.701412, 81.976162,
15.174730, 76.510899, 2.3866999, 81.739112, 81.889737,
15.187070, 81.806805, 1.9021177, 81.806805, 81.806805,
15.199410, 81.352844, 2.0257139, 81.905890, 81.727501,
15.211740, 82.815865, 2.0656435, 82.035151, 81.651889,
15.224080, 85.786753, 1.9561673, 82.193144, 81.579775,
15.236410, 84.833490, 1.7183130, 82.377929, 81.511234,
15.248740, 84.812889, 1.9513467, 82.587979, 81.446151,
15.261060, 91.017963, 1.9045429, 82.821454, 81.384528,
15.273390, 87.732752, 1.8973773, 83.077131, 81.326208,
15.285710, 94.538317, 2.5951173, 83.352994, 81.271237,
15.298030, 84.861864, 1.8654109, 83.647617, 81.219523,
15.310350, 87.486408, 1.5905449, 83.959464, 81.171011,
15.322660, 83.912006, 1.8442234, 84.286656, 81.125695,
15.334980, 83.244368, 1.7148400, 84.628164, 81.083454,
15.347290, 85.996572, 1.6201803, 84.981906, 81.044307,
15.359600, 87.391670, 1.4439493, 85.346598, 81.008174,
15.371900, 89.027834, 1.4894394, 85.720381, 80.975039,
15.384210, 87.680017, 1.6005315, 86.102362, 80.944801,
15.396510, 99.527727, 1.6205215, 86.490395, 80.917465,
15.408810, 91.487165, 1.6396844, 86.883222, 80.892966,
15.421110, 88.941345, 1.5708551, 87.279388, 80.871259,
15.433410, 88.008163, 1.4366241, 87.677315, 80.852305,
15.445700, 85.804632, 1.4650108, 88.075211, 80.836073,
15.457990, 86.527861, 1.4616627, 88.471875, 80.822507,
15.470280, 88.689987, 1.5300780, 88.865793, 80.811568,
15.482570, 89.093134, 1.4857224, 89.255455, 80.803215,
15.494860, 85.928244, 1.5161116, 89.639344, 80.797411,
15.507140, 90.437439, 1.4941919, 90.015653, 80.794119,
15.519420, 89.873041, 1.4268426, 90.383135, 80.793296,
15.531700, 88.942842, 1.5695809, 90.740324, 80.794905,
15.543980, 92.056686, 1.6649829, 91.085634, 80.798909,
15.556260, 88.545082, 1.7042304, 91.417582, 80.805273,
15.568530, 91.417582, 2.5283509, 91.734715, 80.813954,
15.580800, 93.079390, 1.5010745, 92.037687, 80.824920,
15.593070, 90.065372, 1.6593470, 92.327235, 80.838137,
15.605340, 89.977436, 1.8044807, 92.604091, 80.853571,
15.617600, 93.863182, 1.5905341, 92.868777, 80.871175,
15.629860, 92.652658, 1.5446630, 93.122208, 80.890926,
15.642120, 93.090073, 1.5268737, 93.365132, 80.912792,
15.654380, 93.338242, 1.5423839, 93.598215, 80.936741,
15.666640, 93.838577, 1.5367324, 93.822189, 80.962743,
15.678890, 95.605185, 1.5807738, 94.037548, 80.990740,
15.691140, 93.103251, 1.4920157, 94.245172, 81.020725,
15.703390, 98.360395, 1.3796397, 94.445742, 81.052666,
15.715640, 91.047241, 1.4113342, 94.639936, 81.086533,
15.727890, 95.204369, 1.3588835, 94.828427, 81.122299,
15.740130, 92.444201, 1.4944864, 95.011745, 81.159902,
15.752370, 97.213097, 1.4382290, 95.190691, 81.199339,
15.764610, 101.61693, 1.4379181, 95.365956, 81.240589,
15.776850, 93.675995, 2.4051849, 95.538174, 81.283616,
15.789090, 94.049829, 1.6444567, 95.708033, 81.328400,
15.801320, 98.049765, 1.3931955, 95.876032, 81.374870,
15.813550, 98.357204, 1.5155435, 96.042975, 81.423038,
15.825780, 103.88712, 1.4692734, 96.209516, 81.472877,
15.838010, 104.19437, 1.5418536, 96.376311, 81.524361,
15.850230, 97.367865, 1.4375687, 96.543884, 81.577423,
15.862450, 101.86451, 1.4608214, 96.713005, 81.632072,
15.874670, 97.717968, 1.6322452, 96.884355, 81.688293,
15.886890, 102.18618, 1.6745418, 97.058578, 81.746057,
15.899110, 106.09538, 1.5974147, 97.236318, 81.805336,
15.911320, 101.21958, 1.7238529, 97.418103, 81.866061,
15.923540, 98.994719, 1.7188781, 97.604894, 81.928308,
15.935750, 101.72425, 1.7064139, 97.797035, 81.991949,
15.947960, 99.650152, 2.1447201, 97.995348, 82.057013,
15.960160, 98.883972, 1.8558435, 98.200342, 82.123425,
15.972370, 100.78135, 1.9639472, 98.413009, 82.191267,
15.984570, 98.655836, 2.6098583, 98.633677, 82.260405,
15.996770, 105.16805, 2.0553861, 98.863224, 82.330881,
16.008961, 106.78730, 2.1853570, 99.102127, 82.402612,
16.021160, 107.80723, 2.2329679, 99.351431, 82.475682,
16.033350, 106.39628, 2.1020282, 99.611460, 82.549964,
16.045549, 105.25080, 2.0771956, 99.883323, 82.625551,
16.057739, 105.64900, 2.1066666, 100.16730, 82.702307,
16.069920, 101.61848, 2.0616392, 100.46409, 82.780208,
16.082109, 99.523113, 2.0654315, 100.77485, 82.859356,
16.094290, 102.14550, 2.2139895, 101.09985, 82.939608,
16.106470, 103.65639, 2.4075116, 101.44005, 83.021007,
16.118650, 104.40371, 2.2000369, 101.79620, 83.103534,
16.130831, 106.10293, 2.3041917, 102.16905, 83.187169,
16.143009, 100.66052, 2.7582839, 102.55930, 83.271881,
16.155180, 107.32422, 2.3542448, 102.96751, 83.357611,
16.167351, 107.21412, 2.7490523, 103.39472, 83.444394,
16.179520, 110.88525, 2.6738931, 103.84162, 83.532197,
16.191681, 103.07078, 3.0897352, 104.30880, 83.620961,
16.203850, 105.59085, 2.2470197, 104.79765, 83.710780,
16.216009, 105.22690, 2.4364042, 105.30830, 83.801511,
16.228170, 105.30830, 2.4742560, 105.84164, 83.893219,
16.240330, 116.55800, 2.4258240, 106.39627, 83.985861,
16.252489, 108.09848, 2.9944387, 106.97068, 84.079433,
16.264641, 112.87648, 2.6884622, 107.56288, 84.173861,
16.276791, 121.65570, 2.6390212, 108.17154, 84.269171,
16.288950, 125.46143, 2.8694218, 108.79566, 84.365438,
16.301090, 115.00735, 2.5669951, 109.43220, 84.462419,
16.313240, 119.68452, 2.9167616, 110.08106, 84.560326,
16.325380, 131.69015, 3.3216377, 110.73968, 84.658990,
16.337530, 136.46350, 2.4711374, 111.40755, 84.758551,
16.349670, 141.06725, 1.9981527, 112.08206, 84.858837,
16.361799, 152.83097, 1.6992130, 112.76156, 84.959816,
16.373940, 166.62033, 2.1810148, 113.44579, 85.061664,
16.386070, 170.05297, 2.2181803, 114.13205, 85.164191,
16.398211, 181.27295, 2.5105464, 114.81988, 85.267543,
16.410339, 185.49503, 2.9837753, 115.50656, 85.371527,
16.422461, 186.70945, 2.5563285, 116.19078, 85.476162,
16.434589, 186.98418, 2.6009394, 116.87188, 85.581564,
16.446711, 185.68707, 2.5400318, 117.54746, 85.687587,
16.458839, 183.67630, 2.6044113, 118.21686, 85.794351,
16.470961, 173.93218, 2.7200378, 118.87768, 85.901709,
16.483070, 170.04120, 2.6378927, 119.52821, 86.009612,
16.495190, 160.82170, 4.7143087, 120.16804, 86.118234,
16.500280, 158.26143, 2.8021374, 120.43307, 86.164046,
16.513599, 153.42968, 2.3469162, 121.11500, 86.284419,
16.526911, 147.98590, 2.0841212, 121.77826, 86.405448,
16.540211, 144.53848, 2.1115767, 122.42063, 86.527082,
16.553520, 161.05515, 2.3224313, 123.04104, 86.649494,
16.566820, 136.47415, 2.1522450, 123.63649, 86.772495,
16.580120, 132.17157, 2.0354883, 124.20531, 86.896154,
16.593420, 128.23385, 2.1187281, 124.74538, 87.020455,
16.606710, 129.97035, 2.0764385, 125.25417, 87.145294,
16.620001, 131.08868, 1.9379611, 125.72992, 87.270743,
16.633301, 132.98438, 1.8279887, 126.17074, 87.396878,
16.646589, 135.52497, 1.8995604, 126.57371, 87.523483,
16.659870, 127.25795, 1.7590089, 126.93681, 87.650580,
16.673149, 126.92445, 1.7159175, 127.25795, 87.778206,
16.686440, 124.99182, 1.6203379, 127.53640, 87.906476,
16.699711, 133.92060, 1.8020853, 127.77554, 88.035080,
16.712990, 131.20220, 2.3218625, 127.98113, 88.164262,
16.726271, 128.15125, 1.9772910, 128.15825, 88.293952,
16.739540, 128.82572, 1.9325520, 128.31194, 88.424005,
16.752810, 128.99288, 1.8096053, 128.44752, 88.554517,
16.766081, 131.36295, 1.8170361, 128.57016, 88.685494,
16.779341, 133.54030, 1.9579199, 128.68488, 88.816789,
16.792601, 131.01797, 2.0467665, 128.79692, 88.948502,
16.805870, 126.88837, 1.8964905, 128.91149, 89.080713,
16.819120, 124.22805, 2.0824686, 129.03345, 89.213124,
16.832380, 130.12182, 1.8087288, 129.16819, 89.346005,
16.845631, 128.47060, 1.7285896, 129.32064, 89.479154,
16.858891, 124.06780, 1.6841857, 129.49617, 89.612747,
16.872141, 126.29427, 1.8963979, 129.69969, 89.746580,
16.885380, 126.31630, 1.7468346, 129.93625, 89.880619,
16.898630, 130.53008, 1.7296870, 130.21147, 90.015083,
16.911869, 126.79405, 1.5964667, 130.53008, 90.149726,
16.925110, 133.37088, 1.5851867, 130.89566, 90.284671,
16.938351, 136.80650, 1.6056037, 131.30386, 90.419885,
16.951580, 132.82435, 1.6318378, 131.74805, 90.555240,
16.964821, 131.12465, 1.6731440, 132.22284, 90.690955,
16.978050, 137.59528, 1.6860274, 132.72123, 90.826785,
16.991270, 142.85820, 1.6564705, 133.23712, 90.962734,
17.004499, 162.54543, 1.6853986, 133.76512, 91.098987,
17.017719, 272.95312, 2.1525294, 134.29837, 91.235335,
17.030951, 530.54376, 3.0335802, 134.83160, 91.371982,
17.044161, 514.52526, 3.2533891, 135.35741, 91.508581,
17.057381, 194.82823, 2.1517793, 135.87092, 91.645433,
17.070601, 139.40942, 1.8238616, 136.36563, 91.782430,
17.083811, 143.42926, 1.9294369, 136.83508, 91.919458,
17.097019, 149.70433, 1.8881303, 137.27346, 92.056586,
17.110229, 146.58662, 2.2527142, 137.67474, 92.193840,
17.123430, 138.82915, 2.4372178, 138.03244, 92.331089,
17.136641, 135.22425, 2.4050230, 138.34088, 92.468519,
17.149839, 140.17643, 2.1684690, 138.59336, 92.605901,
17.163040, 138.90618, 2.1014362, 138.78393, 92.743361,
17.176229, 135.28352, 1.8901735, 138.90618, 92.880747,
17.189430, 134.96560, 1.9447771, 138.95560, 93.018287,
17.202620, 138.92912, 2.0622227, 138.93377, 93.155729,
17.215811, 139.62553, 2.0280603, 138.84401, 93.293200,
17.229000, 138.26080, 1.8771962, 138.68951, 93.430650,
17.242180, 137.49620, 1.7912037, 138.47362, 93.567986,
17.255369, 139.61412, 2.0124897, 138.19912, 93.705395,
17.268551, 140.15280, 1.8905782, 137.86942, 93.842687,
17.281719, 136.34607, 1.8328529, 137.48783, 93.979790,
17.294901, 143.94735, 2.1242942, 137.05658, 94.116969,
17.308069, 147.68685, 2.0800626, 136.57948, 94.253935,
17.321251, 153.33975, 2.6995837, 136.05852, 94.390954,
17.334410, 163.44842, 2.1816389, 135.49805, 94.527637,
17.347580, 158.54097, 2.1809390, 134.89956, 94.664329,
17.360750, 156.43060, 2.1399616, 134.26634, 94.800898,
17.373911, 158.19419, 2.3101389, 133.60173, 94.937235,
17.387070, 151.57420, 2.3258308, 132.90818, 95.073405,
17.400230, 152.77952, 2.2805367, 132.18827, 95.209436,
17.413380, 144.97235, 2.1813977, 131.44551, 95.345179,
17.426540, 146.33260, 2.3949361, 130.68135, 95.480857,
17.439690, 144.22198, 2.4863874, 129.89986, 95.616221,
17.452841, 143.06060, 2.6166270, 129.10298, 95.751399,
17.465981, 136.66595, 2.5408192, 128.29424, 95.886239,
17.479130, 140.59862, 2.7382047, 127.47504, 96.020945,
17.492270, 137.23695, 2.4902929, 126.64926, 96.155310,
17.505409, 130.10750, 2.6039836, 125.81898, 96.289418,
17.518551, 125.36892, 2.6114593, 124.98677, 96.423276,
17.531679, 133.58590, 3.4596731, 124.15627, 96.556717,
17.544821, 132.44645, 2.6842550, 123.32846, 96.689999,
17.557949, 125.43363, 2.7210698, 122.50769, 96.822839,
17.571079, 125.99298, 2.6448348, 121.69570, 96.955379,
17.584200, 119.71938, 2.6309423, 120.89584, 97.087490,
17.597330, 119.88540, 2.4540448, 120.10966, 97.219353,
17.610451, 117.86537, 2.4537959, 119.34099, 97.350761,
17.623569, 113.88943, 2.4634970, 118.59206, 97.481779,
17.636690, 123.25830, 2.6917893, 117.86537, 97.612433,
17.649799, 107.57548, 2.7787664, 117.16382, 97.742575,
17.662910, 119.27057, 2.8473629, 116.48661, 97.872326,
17.676029, 127.55625, 3.1619628, 115.83288, 98.001728,
17.689131, 128.89445, 3.7899804, 115.20329, 98.130525,
17.702240, 123.95575, 3.1431067, 114.59605, 98.258945,
17.715349, 120.15860, 3.7986894, 114.01100, 98.386901,
17.728451, 128.60208, 9.4425294, 113.44793, 98.514304,
17.741550, 125.44223, 3.3675065, 112.90607, 98.641198,
17.754641, 124.78748, 2.2059995, 112.38520, 98.767493,
17.767740, 126.46792, 2.2007490, 111.88409, 98.893361,
17.780830, 120.39482, 2.5161443, 111.40298, 99.018603,
17.793921, 126.47298, 2.0881783, 110.94106, 99.143297,
17.807011, 129.16015, 2.0485324, 110.49787, 99.267429,
17.820101, 124.88245, 2.4469827, 110.07298, 99.390984,
17.833179, 121.38067, 2.4036416, 109.66632, 99.513839,
17.846270, 115.44082, 2.4787517, 109.27677, 99.636195,
17.859341, 115.11077, 2.1850801, 108.90482, 99.757753,
17.872419, 111.18270, 2.2851052, 108.54931, 99.878745,
17.885500, 110.23650, 2.4229275, 108.21002, 99.999102,
17.898569, 119.85875, 2.7028003, 107.88694, 100.11869,
17.911640, 116.92980, 2.5987007, 107.57934, 100.23761,
17.924709, 108.15055, 2.8724901, 107.28698, 100.35582,
17.937780, 115.33302, 4.7285170, 107.00944, 100.47333,
17.941250, 112.21955, 2.4637513, 106.93823, 100.50440,
17.955721, 117.41580, 2.2900220, 106.65211, 100.63342,
17.970181, 107.21989, 2.2922919, 106.38349, 100.76142,
17.984650, 109.92630, 2.2280987, 106.13155, 100.88857,
17.999109, 110.96627, 2.1752334, 105.89624, 101.01466,
18.013571, 107.48127, 2.2570204, 105.67696, 101.13978,
18.028021, 112.44473, 2.2028201, 105.47355, 101.26379,
18.042480, 105.63424, 1.9365158, 105.28533, 101.38684,
18.056931, 113.36950, 1.8904134, 105.11220, 101.50876,
18.071381, 105.36524, 1.7587289, 104.95371, 101.62959,
18.085819, 106.48660, 2.3718568, 104.80965, 101.74922,
18.100269, 102.09387, 2.0496251, 104.67946, 101.86782,
18.114710, 109.05996, 2.2805360, 104.56304, 101.98517,
18.129150, 104.26776, 1.8066763, 104.46000, 102.10135,
18.143579, 104.46000, 1.7805186, 104.37009, 102.21623,
18.158020, 105.60600, 1.8341155, 104.29254, 102.32997,
18.172449, 107.64425, 2.0702532, 104.22684, 102.44236,
18.186880, 103.71523, 2.0286566, 104.17227, 102.55348,
18.201300, 111.86535, 2.1151338, 104.12824, 102.66321,
18.215719, 108.10703, 2.1862087, 104.09407, 102.77159,
18.230150, 113.54377, 2.0865405, 104.06915, 102.87870,
18.244560, 109.02575, 1.9653920, 104.05291, 102.98425,
18.258980, 105.80478, 1.9775889, 104.04469, 103.08845,
18.273390, 114.22740, 2.0015803, 104.04393, 103.19114,
18.287800, 105.47881, 2.0425651, 104.05002, 103.29235,
18.302210, 107.20780, 1.9858332, 104.06238, 103.39204,
18.316620, 108.76975, 1.8873670, 104.08043, 103.49020,
18.331020, 102.69619, 2.0136422, 104.10359, 103.58672,
18.345421, 107.82763, 1.7652750, 104.13129, 103.68165,
18.359819, 107.79230, 1.8140147, 104.16297, 103.77493,
18.374210, 110.34505, 1.9286083, 104.19805, 103.86650,
18.388611, 104.35382, 1.8252024, 104.23602, 103.95644,
18.403000, 102.54334, 1.9096471, 104.27626, 104.04458,
18.417379, 107.14100, 1.8981777, 104.31822, 104.13090,
18.431770, 101.81979, 1.6486228, 104.36141, 104.21550,
18.446150, 110.82180, 1.8092019, 104.40521, 104.29820,
18.460529, 109.55925, 2.6499692, 104.44910, 104.37904,
18.474911, 102.72181, 2.5860956, 104.49255, 104.45800,
18.489281, 103.48115, 2.0111485, 104.53496, 104.53496,
18.503660, 104.53496, 1.9820530, 104.57596, 104.61003,
18.518030, 106.05015, 1.9610620, 104.61548, 104.68313,
18.532391, 109.19535, 1.9172216, 104.65364, 104.75433,
18.546761, 110.68995, 1.9261096, 104.69057, 104.82378,
18.561119, 107.19035, 1.8373416, 104.72634, 104.89143,
18.575480, 120.60220, 2.0839660, 104.76106, 104.95740,
18.589840, 105.58069, 1.9552823, 104.79485, 105.02174,
18.604191, 114.35322, 1.8640653, 104.82776, 105.08446,
18.618549, 113.27278, 1.8240507, 104.85995, 105.14568,
18.632900, 110.52945, 1.7128629, 104.89147, 105.20540,
18.647240, 107.85303, 1.8439818, 104.92241, 105.26365,
18.661591, 114.41710, 2.0795853, 104.95291, 105.32057,
18.675930, 109.12455, 1.9697455, 104.98303, 105.37613,
18.690269, 111.25405, 2.1252140, 105.01288, 105.43042,
18.704611, 115.27253, 2.1445713, 105.04256, 105.48350,
18.718941, 113.42712, 1.9842841, 105.07213, 105.53538,
18.733271, 112.43153, 2.0000234, 105.10172, 105.58613,
18.747601, 109.84500, 2.1822035, 105.13141, 105.63582,
18.761930, 116.04903, 2.3066685, 105.16131, 105.68449,
18.776260, 122.08592, 2.6199411, 105.19151, 105.73219,
18.790581, 116.42937, 2.4642387, 105.22208, 105.77894,
18.804899, 115.41910, 2.5622124, 105.25312, 105.82480,
18.819220, 120.65542, 2.6418386, 105.28476, 105.86985,
18.833530, 128.82190, 2.4177828, 105.31704, 105.91408,
18.847839, 121.57875, 2.1389579, 105.35010, 105.95758,
18.862150, 126.19060, 2.3295538, 105.38402, 106.00040,
18.876459, 120.13128, 2.2760396, 105.41890, 106.04258,
18.890770, 122.94095, 2.2616464, 105.45486, 106.08417,
18.905069, 127.69123, 2.2596812, 105.49194, 106.12519,
18.919371, 126.12278, 2.1100493, 105.53028, 106.16571,
18.933670, 128.62040, 2.3744964, 105.56998, 106.20577,
18.947960, 123.11562, 4.9493222, 105.61111, 106.24540,
18.962250, 122.71205, 31.082338, 105.65380, 106.28467,
18.976540, 128.35990, 30.339825, 105.69816, 106.32362,
18.990829, 129.88617, 2.6812801, 105.74428, 106.36230,
19.005119, 127.32778, 2.7722215, 105.79228, 106.40076,
19.019400, 115.90200, 2.3584966, 105.84222, 106.43901,
19.033680, 124.03740, 2.6109772, 105.89425, 106.47712,
19.047960, 121.19610, 3.6144823, 105.94848, 106.51515,
19.062229, 121.02780, 3.0296407, 106.00498, 106.55309,
19.076500, 122.17305, 3.5040359, 106.06390, 106.59105,
19.090771, 108.65058, 3.7609830, 106.12536, 106.62904,
19.105040, 111.79067, 3.1437786, 106.18947, 106.66712,
19.119310, 118.13922, 2.7874581, 106.25635, 106.70534,
19.133570, 121.87300, 2.6599101, 106.32607, 106.74371,
19.147829, 114.29770, 2.7695798, 106.39881, 106.78230,
19.162090, 106.56124, 3.0293031, 106.47470, 106.82116,
19.176340, 115.43307, 2.8343330, 106.55379, 106.86031,
19.190599, 110.54270, 3.2837141, 106.63633, 106.89983,
19.204849, 110.10927, 2.9951164, 106.72234, 106.93974,
19.219101, 117.11700, 2.7999162, 106.81202, 106.98010,
19.233339, 107.10420, 2.6843591, 106.90542, 107.02091,
19.247580, 106.42916, 3.3907130, 107.00277, 107.06226,
19.261820, 114.03025, 3.1246541, 107.10420, 107.10420,
19.276060, 99.867041, 3.0318601, 107.20985, 107.14676,
19.290300, 109.45537, 4.0816938, 107.31989, 107.19000,
19.304529, 104.30284, 3.6715879, 107.43436, 107.23393,
19.318760, 112.36116, 3.8180901, 107.55353, 107.27863,
19.332991, 111.12599, 3.6236757, 107.67754, 107.32414,
19.347219, 103.17059, 3.6937825, 107.80655, 107.37050,
19.361441, 112.84895, 4.5405922, 107.94065, 107.41774,
19.375660, 124.16290, 4.3893690, 108.08008, 107.46592,
19.389879, 109.15200, 3.6582508, 108.22501, 107.51510,
19.404100, 128.99567, 4.2247138, 108.37567, 107.56534,
19.418310, 128.92755, 4.3329024, 108.53207, 107.61663,
19.432520, 126.95330, 5.0960432, 108.69453, 107.66905,
