# wave, flux, fluxerr, continuum, continuum_plateau
9.9725246, 57.301869, 3.2196944, 56.977111, 56.976944,
9.9806166, 56.793149, 5.0082750, 56.793149, 56.793149,
9.9887066, 62.983395, 3.2986555, 56.616550, 56.616394,
9.9967957, 60.179786, 3.0399279, 56.447297, 56.446695,
10.004880, 52.338884, 3.1100523, 56.285472, 56.284165,
10.012970, 58.380749, 3.3451783, 56.130877, 56.128637,
10.021050, 51.531623, 3.1229775, 55.983810, 55.980442,
10.029140, 61.370231, 5.0288411, 55.843941, 55.839274,
10.037220, 64.480291, 3.6632273, 55.711629, 55.705524,
10.045300, 64.273099, 3.2482334, 55.586708, 55.579049,
10.053380, 58.051234, 3.6383525, 55.469184, 55.459880,
10.061460, 61.369884, 3.5392429, 55.359106, 55.348093,
10.069540, 56.290043, 3.6506828, 55.256473, 55.243706,
10.077610, 68.099567, 3.1472830, 55.161442, 55.146902,
10.085690, 56.312190, 3.2092385, 55.073803, 55.057486,
10.093760, 65.296825, 3.9690291, 54.993793, 54.975719,
10.101830, 56.719403, 3.2509169, 54.921334, 54.901539,
10.109900, 52.563327, 3.3408433, 54.856453, 54.834989,
10.117970, 47.216476, 3.6456399, 54.799199, 54.776135,
10.126040, 67.173059, 3.7943874, 54.749600, 54.725020,
10.134100, 55.674930, 2.7183190, 54.707745, 54.681747,
10.142170, 63.641243, 3.0598465, 54.673565, 54.646256,
10.150230, 59.434293, 3.3486766, 54.647188, 54.618689,
10.158300, 58.822155, 2.9448072, 54.628596, 54.599035,
10.166360, 71.961555, 3.6413839, 54.617879, 54.587397,
10.174420, 67.047422, 3.3914196, 54.615057, 54.583798,
10.182470, 63.934169, 3.2529435, 54.620169, 54.588286,
10.190530, 55.236250, 2.5501438, 54.633278, 54.600926,
10.198590, 60.828299, 2.8626395, 54.654438, 54.621780,
10.206640, 56.898115, 2.7573155, 54.683662, 54.650860,
10.214690, 65.963099, 3.2407821, 54.721028, 54.688248,
10.222750, 61.920189, 2.6020063, 54.766656, 54.734062,
10.230800, 53.148690, 2.6493896, 54.820498, 54.788253,
10.238850, 58.140770, 3.1749245, 54.882666, 54.850933,
10.246890, 69.291542, 2.7143805, 54.953139, 54.922074,
10.254940, 72.451445, 3.7253262, 55.032149, 55.001907,
10.262990, 53.819027, 3.2622912, 55.119689, 55.090416,
10.271030, 66.223730, 3.1835379, 55.215710, 55.187544,
10.279070, 55.144919, 3.4740669, 55.320373, 55.293444,
10.287120, 59.341500, 2.8384398, 55.433915, 55.408347,
10.295150, 63.332741, 3.3240945, 55.555971, 55.531869,
10.303190, 71.652497, 3.4653966, 55.687066, 55.664529,
10.311230, 63.725616, 2.3652496, 55.827113, 55.806223,
10.319270, 64.260967, 2.5817068, 55.976228, 55.957054,
10.327300, 60.735896, 3.5177509, 56.134270, 56.116860,
10.335340, 53.837339, 2.9662414, 56.301719, 56.286108,
10.343370, 57.476988, 2.9788276, 56.478291, 56.464490,
10.351400, 54.269578, 3.5657888, 56.664228, 56.652230,
10.359430, 63.586331, 4.6877226, 56.859647, 56.849421,
10.367460, 74.871519, 4.7183146, 57.064644, 57.056138,
10.375480, 47.558562, 3.3354108, 57.279033, 57.272166,
10.383510, 42.844317, 4.5787921, 57.503475, 57.498145,
10.391530, 53.438742, 4.6792926, 57.737518, 57.733590,
10.399560, 42.987387, 3.1279821, 57.981824, 57.979136,
10.407580, 66.451628, 2.9237622, 58.235922, 58.234280,
10.415600, 69.512499, 3.5765584, 58.500175, 58.499352,
10.423620, 59.059726, 3.0238316, 58.774759, 58.774496,
10.431640, 58.380682, 2.9057244, 59.059726, 59.059726,
10.439650, 55.968303, 3.0440943, 59.354804, 59.354747,
10.447670, 59.115547, 2.9158120, 59.660533, 59.660120,
10.455680, 62.675633, 3.9442013, 59.975855, 59.974821,
10.463700, 69.277232, 3.7047101, 60.301335, 60.299445,
10.471710, 59.611452, 3.8322584, 60.635868, 60.632917,
10.479720, 66.888389, 3.3551951, 60.979619, 60.975431,
10.487730, 63.715527, 3.1002636, 61.332338, 61.326764,
10.495730, 66.525291, 4.5575876, 61.693341, 61.686257,
10.503740, 69.985153, 4.5502223, 62.063241, 62.054546,
10.511750, 71.079400, 5.4861631, 62.441369, 62.430986,
10.519750, 75.507931, 5.1732932, 62.826973, 62.814848,
10.527750, 70.829860, 7.1290940, 63.220349, 63.206446,
10.535750, 82.264185, 7.3825022, 63.621214, 63.605516,
10.543750, 68.947723, 2.9094190, 64.029283, 64.011792,
10.551750, 71.825450, 4.4225361, 64.444419, 64.425153,
10.559750, 76.179834, 2.8545300, 64.866290, 64.845284,
10.567850, 68.161036, 2.7936904, 65.300170, 65.277451,
10.576350, 73.119386, 2.8532820, 65.762418, 65.737971,
10.584840, 78.011589, 2.9187650, 66.230948, 66.204860,
10.593340, 76.280882, 3.5788450, 66.706645, 66.679016,
10.601830, 71.946896, 2.6868895, 67.188066, 67.159011,
10.610330, 91.408298, 3.2715339, 67.676135, 67.645777,
10.618820, 76.317539, 3.1673149, 68.169436, 68.137912,
10.627310, 64.052393, 2.7813383, 68.668194, 68.635651,
10.635800, 68.951525, 2.8175020, 69.172258, 69.138851,
10.644280, 66.166193, 3.5222569, 69.680679, 69.646572,
10.652770, 73.561863, 3.0081699, 70.194400, 70.159762,
10.661250, 71.203924, 2.8213496, 70.712007, 70.677017,
10.669740, 71.740658, 3.2101937, 71.234408, 71.199248,
10.678220, 82.996876, 3.4074660, 71.760176, 71.725033,
10.686700, 70.687572, 3.1526947, 72.289639, 72.254706,
10.695180, 80.280045, 3.2160764, 72.822545, 72.788019,
10.703650, 74.276310, 3.8651421, 73.358039, 73.324117,
10.712130, 76.402393, 3.5487524, 73.897013, 73.863898,
10.720600, 77.170073, 3.3640396, 74.438127, 74.406023,
10.729080, 80.726353, 3.5454801, 74.982291, 74.951405,
10.737550, 82.765259, 3.7970560, 75.527969, 75.498507,
10.746020, 93.978319, 3.9555953, 76.075649, 76.047819,
10.754490, 94.412964, 3.6743332, 76.624960, 76.598971,
10.762960, 82.298613, 3.3450857, 77.175779, 77.151841,
10.771420, 73.561705, 3.9310360, 77.727051, 77.705372,
10.779890, 74.741741, 3.1594074, 78.280024, 78.260816,
10.788350, 91.333328, 3.9294000, 78.833021, 78.816490,
10.796810, 83.058769, 3.7508417, 79.386480, 79.372837,
10.805270, 97.321846, 4.0628857, 79.940159, 79.929613,
10.813730, 79.812040, 3.3144890, 80.493813, 80.486573,
10.822190, 73.771330, 3.1903918, 81.047197, 81.043472,
10.830650, 82.226542, 3.6435822, 81.600067, 81.600067,
10.839100, 81.600067, 4.3021992, 82.151533, 82.155459,
10.847560, 83.314289, 4.3773942, 82.702906, 82.710958,
10.856010, 80.936247, 3.6346788, 83.252861, 83.265217,
10.864460, 79.336940, 4.2744156, 83.801938, 83.818765,
10.872910, 88.538752, 3.2390885, 84.350179, 84.371632,
10.881360, 85.852171, 4.4698830, 84.897625, 84.923847,
10.889800, 85.154741, 4.6813434, 85.443516, 85.474630,
10.898250, 92.432762, 4.4082153, 85.989126, 86.025254,
10.906690, 78.980910, 4.3273224, 86.533202, 86.574443,
10.915140, 83.309042, 4.2546139, 87.077014, 87.123466,
10.923580, 97.417051, 5.2565880, 87.619189, 87.670925,
10.932020, 100.34841, 5.3438107, 88.160382, 88.217470,
10.940460, 98.995575, 5.1682610, 88.700571, 88.763067,
10.948890, 96.352224, 5.5020429, 89.239063, 89.307004,
10.957330, 106.41472, 5.7025899, 89.777177, 89.850603,
10.965760, 117.80378, 3.2426013, 90.313611, 90.392538,
10.974200, 133.80673, 5.4383152, 90.849557, 90.934001,
10.982630, 136.97715, 5.1074343, 91.383720, 91.473674,
10.991060, 156.01057, 5.6337727, 91.916802, 92.012257,
10.999490, 143.12567, 5.9745861, 92.448660, 92.549592,
11.007920, 148.10015, 5.8645883, 92.979389, 93.085768,
11.016340, 145.09690, 3.0901489, 93.508245, 93.620024,
11.024770, 136.26770, 4.9805394, 94.036463, 94.153595,
11.033190, 137.79760, 3.2515195, 94.562821, 94.685239,
11.041610, 142.42521, 3.4215363, 95.087893, 95.215527,
11.050030, 139.62148, 4.0668635, 95.611652, 95.744422,
11.058450, 148.01002, 5.0810312, 96.134071, 96.271890,
11.066870, 154.33990, 3.8949613, 96.655126, 96.797894,
11.075290, 132.53877, 3.6620899, 97.174787, 97.322400,
11.083700, 150.53998, 4.3251408, 97.692442, 97.844780,
11.092120, 142.37595, 5.2852904, 98.209237, 98.366183,
11.100530, 138.84058, 5.3067039, 98.723916, 98.885332,
11.108940, 143.34288, 4.7515015, 99.237151, 99.402902,
11.117350, 145.60263, 6.4741803, 99.748798, 99.918739,
11.120570, 146.45275, 4.7475991, 99.944331, 100.11584,
11.129530, 159.93955, 4.2963288, 100.48710, 100.66283,
11.138500, 186.62697, 4.2916711, 101.02868, 101.20846,
11.147460, 203.14128, 4.4397591, 101.56777, 101.75141,
11.156430, 238.67482, 4.8554152, 102.10559, 102.29290,
11.165390, 268.24280, 5.3520040, 102.64086, 102.83161,
11.174350, 301.95074, 4.9490395, 103.17415, 103.36814,
11.183300, 356.78968, 5.6833182, 103.70488, 103.90188,
11.192260, 401.55725, 7.3861130, 104.23412, 104.43391,
11.201220, 442.67718, 6.7885371, 104.76128, 104.96362,
11.210170, 453.42922, 6.1583089, 105.28575, 105.49041,
11.219120, 467.64797, 6.5526781, 105.80806, 106.01479,
11.228070, 462.16853, 6.5469208, 106.32815, 106.53671,
11.237020, 439.02270, 5.9975129, 106.84595, 107.05608,
11.245970, 444.23415, 6.1258280, 107.36151, 107.57296,
11.254920, 434.69567, 6.2718477, 107.87473, 108.08724,
11.263860, 427.62803, 6.2933694, 108.38497, 108.59828,
11.272800, 408.23628, 17.971260, 108.89284, 109.10669,
11.281750, 404.17300, 5.9399735, 109.39873, 109.61285,
11.290690, 375.31035, 5.9184798, 109.90162, 110.11574,
11.299630, 361.54113, 5.8535119, 110.40190, 110.61575,
11.308560, 356.63107, 5.7294977, 110.89903, 111.11235,
11.317500, 329.57063, 5.7170051, 111.39404, 111.60655,
11.326430, 322.76737, 6.1546073, 111.88581, 112.09724,
11.335370, 309.35427, 5.5668099, 112.37536, 112.58544,
11.344300, 294.92217, 5.5979085, 112.86157, 113.07004,
11.353230, 289.48609, 5.5262329, 113.34493, 113.55151,
11.362160, 290.83424, 5.9776424, 113.82533, 114.02976,
11.371080, 274.34757, 5.3672286, 114.30230, 114.50433,
11.380010, 259.30140, 5.1128321, 114.77672, 114.97608,
11.388930, 248.19365, 4.7184304, 115.24762, 115.44405,
11.397850, 241.24197, 5.3405547, 115.71534, 115.90860,
11.406780, 238.36953, 4.7724498, 116.18042, 116.37025,
11.415700, 229.23445, 4.8375202, 116.64172, 116.82789,
11.424610, 224.77417, 5.4528288, 117.09922, 117.28151,
11.433530, 219.79860, 4.7670315, 117.55387, 117.73202,
11.442450, 208.42615, 4.5765261, 118.00509, 118.17890,
11.451360, 210.75998, 4.3732472, 118.45235, 118.62160,
11.460270, 201.82095, 4.5119769, 118.89608, 119.06057,
11.469180, 191.49445, 4.8966881, 119.33620, 119.49573,
11.478090, 198.86113, 5.2600494, 119.77266, 119.92704,
11.487000, 193.98500, 5.0204731, 120.20538, 120.35444,
11.495910, 184.96568, 4.9841666, 120.63426, 120.77782,
11.504810, 179.92450, 4.6313868, 121.05886, 121.19678,
11.513710, 182.88355, 5.4949109, 121.47948, 121.61163,
11.522620, 184.38132, 4.8785457, 121.89659, 122.02282,
11.531520, 170.45057, 4.4081768, 122.30914, 122.42934,
11.540420, 162.35518, 4.6931238, 122.71753, 122.83162,
11.549310, 158.10238, 4.6810766, 123.12128, 123.22916,
11.558210, 154.30485, 4.7149722, 123.52121, 123.62281,
11.567100, 162.44657, 4.7205287, 123.91626, 124.01153,
11.576000, 162.85272, 5.6332274, 124.30738, 124.39627,
11.584890, 163.99910, 5.3569405, 124.69350, 124.77602,
11.593780, 154.75293, 5.0764247, 125.07499, 125.15113,
11.602670, 150.35197, 4.7650359, 125.45183, 125.52161,
11.611560, 137.20928, 4.8619111, 125.82391, 125.88738,
11.620440, 143.16203, 5.0015228, 126.19071, 126.24793,
11.629330, 145.55335, 6.0265369, 126.55300, 126.60406,
11.638210, 145.98905, 6.2632028, 126.90989, 126.95491,
11.647090, 152.76150, 4.6765571, 127.26164, 127.30075,
11.655970, 137.74033, 5.8696097, 127.60820, 127.64156,
11.664850, 134.74897, 4.0491544, 127.94951, 127.97731,
11.673730, 131.26065, 3.2086788, 128.28540, 128.30786,
11.682600, 129.97913, 3.8143444, 128.61547, 128.63284,
11.691480, 135.87982, 4.0731221, 128.94033, 128.95287,
11.700350, 129.45562, 4.2762987, 129.25919, 129.26720,
11.709220, 145.13747, 4.5500284, 129.57228, 129.57611,
11.718090, 129.87953, 3.9661804, 129.87953, 129.87953,
11.726960, 125.97442, 4.1919921, 130.18083, 130.17740,
11.735830, 133.42257, 3.5488346, 130.47621, 130.46972,
11.744690, 135.53455, 5.9962630, 130.76536, 130.75615,
11.753560, 134.41108, 3.9410093, 131.04899, 131.03738,
11.762420, 129.48573, 4.0300961, 131.32646, 131.31274,
11.771280, 130.79800, 5.7650295, 131.59816, 131.58260,
11.775020, 132.37535, 4.1053156, 131.71109, 131.69482,
11.784500, 127.20805, 3.9598424, 131.99281, 131.97494,
11.793980, 137.66050, 4.0306995, 132.26794, 132.24870,
11.803460, 132.48005, 3.8092721, 132.53656, 132.51616,
11.812940, 137.51170, 4.2090437, 132.79863, 132.77726,
11.822420, 127.68103, 3.7501743, 133.05423, 133.03206,
11.831890, 124.91775, 4.1681302, 133.30307, 133.28025,
11.841360, 134.47000, 4.1329349, 133.54547, 133.52211,
11.850840, 128.96195, 4.3675419, 133.78167, 133.75788,
11.860310, 137.85270, 3.8289062, 134.01121, 133.98707,
11.869770, 147.50625, 4.3297009, 134.23411, 134.20970,
11.879240, 139.88977, 4.6655758, 134.45084, 134.42621,
11.888710, 140.24755, 3.8216776, 134.66116, 134.63637,
11.898170, 138.53642, 6.1829737, 134.86489, 134.83997,
11.907630, 152.75447, 5.9894659, 135.06222, 135.03718,
11.917090, 139.50632, 3.5299436, 135.25319, 135.22805,
11.926550, 151.28125, 3.8654123, 135.43776, 135.41252,
11.936010, 164.24743, 5.7407410, 135.61595, 135.59062,
11.945470, 147.36875, 3.9207445, 135.78773, 135.76229,
11.954920, 149.57550, 3.7856063, 135.95294, 135.92739,
11.964370, 158.89072, 2.8695239, 136.11175, 136.08608,
11.973830, 162.20338, 3.6546088, 136.26430, 136.23850,
11.983280, 154.12885, 3.9634281, 136.41025, 136.38430,
11.992720, 149.76707, 3.8644002, 136.54960, 136.52349,
12.002170, 141.52502, 3.7924489, 136.68263, 136.65635,
12.011610, 150.62650, 3.8924989, 136.80905, 136.78260,
12.021060, 158.50823, 3.9877527, 136.92908, 136.90246,
12.030500, 143.02272, 3.8647235, 137.04245, 137.01568,
12.039940, 146.25998, 3.5225669, 137.14925, 137.12235,
12.049380, 140.06732, 3.8360718, 137.24947, 137.22246,
12.058820, 146.80015, 2.6842952, 137.34305, 137.31598,
12.068250, 133.50335, 3.6606089, 137.42990, 137.40281,
12.077690, 144.48975, 3.7743591, 137.51014, 137.48311,
12.087120, 147.27540, 3.6341491, 137.58357, 137.55667,
12.096550, 136.17718, 4.0893526, 137.65023, 137.62357,
12.105980, 142.43508, 4.2391336, 137.71009, 137.68378,
12.115410, 151.47697, 4.3081411, 137.76308, 137.73727,
12.124830, 142.26070, 3.6380643, 137.80913, 137.78397,
12.134260, 147.99935, 4.2461147, 137.84828, 137.82394,
12.143680, 142.17222, 4.1454762, 137.88038, 137.85709,
12.153100, 146.98885, 4.2023254, 137.90544, 137.88341,
12.162520, 140.22215, 4.1363478, 137.92338, 137.90288,
12.171940, 142.23610, 4.1235709, 137.93416, 137.91547,
12.181360, 143.12277, 4.3688841, 137.93771, 137.92115,
12.190770, 160.38390, 5.0469701, 137.93396, 137.91988,
12.200180, 148.23540, 4.6923014, 137.92287, 137.91165,
12.209600, 135.87337, 3.9883102, 137.90434, 137.89639,
12.219010, 142.46727, 5.2625622, 137.87833, 137.87411,
12.228420, 137.84475, 4.5930730, 137.84475, 137.84475,
12.237820, 137.45040, 4.9247670, 137.80362, 137.80835,
12.247230, 143.71288, 4.3416689, 137.75495, 137.76489,
12.256630, 180.29053, 5.3379784, 137.69898, 137.71458,
12.266040, 232.20700, 6.4985136, 137.63576, 137.65740,
12.275440, 467.54362, 8.0731071, 137.56553, 137.59357,
12.284840, 435.13707, 7.8980571, 137.48838, 137.52314,
12.294230, 155.58375, 5.9473668, 137.40453, 137.44626,
12.303630, 139.55563, 5.1736228, 137.31394, 137.36290,
12.313030, 153.79405, 6.0121744, 137.21682, 137.27320,
12.322420, 133.77007, 5.3467789, 137.11341, 137.17738,
12.331810, 147.30620, 4.5542512, 137.00374, 137.07542,
12.341200, 148.45765, 3.1258244, 136.88792, 136.96743,
12.350590, 155.99197, 4.3993295, 136.76608, 136.85349,
12.359980, 147.60900, 4.4053633, 136.63834, 136.73368,
12.369360, 152.09295, 4.1375761, 136.50495, 136.60824,
12.378750, 163.03035, 7.4864816, 136.36576, 136.47699,
12.388130, 149.66287, 5.1939497, 136.22115, 136.34028,
12.397510, 153.83732, 4.2777417, 136.07112, 136.19809,
12.406890, 155.35990, 4.1377808, 135.91575, 136.05048,
12.416270, 153.24125, 4.4769779, 135.75515, 135.89753,
12.425640, 159.78360, 4.0555829, 135.58962, 135.73952,
12.435020, 165.29865, 5.2168687, 135.41890, 135.57618,
12.444390, 167.44155, 5.0260627, 135.24346, 135.40795,
12.453760, 167.09748, 3.0543512, 135.06321, 135.23473,
12.463130, 159.81623, 4.4801150, 134.87827, 135.05661,
12.472500, 156.89030, 4.2714010, 134.68871, 134.87367,
12.481870, 162.29852, 6.9557260, 134.49464, 134.68599,
12.489420, 164.37458, 4.1957358, 134.33504, 134.53136,
12.499490, 166.19955, 4.0271217, 134.11780, 134.32048,
12.509550, 168.25055, 5.3870602, 133.89586, 134.10460,
12.519610, 171.35445, 4.4610549, 133.66914, 133.88361,
12.529670, 171.96730, 4.1734716, 133.43777, 133.65764,
12.539730, 170.97940, 4.3397694, 133.20180, 133.42672,
12.549780, 176.81555, 4.5982433, 132.96162, 133.19123,
12.559840, 171.00905, 4.2202972, 132.71683, 132.95077,
12.569890, 174.75663, 3.8186463, 132.46805, 132.70593,
12.579940, 171.10175, 4.0269929, 132.21511, 132.45655,
12.589990, 182.90462, 4.5671663, 131.95813, 132.20274,
12.600040, 188.09003, 4.3572860, 131.69716, 131.94454,
12.610090, 181.44678, 3.8607046, 131.43236, 131.68211,
12.620130, 201.60960, 4.4468595, 131.16408, 131.41579,
12.630170, 188.64872, 4.5192329, 130.89211, 131.14537,
12.640210, 183.86265, 4.3497526, 130.61656, 130.87096,
12.650250, 196.27607, 3.9954178, 130.33753, 130.59265,
12.660290, 187.68962, 3.8581456, 130.05513, 130.31055,
12.670330, 194.55260, 3.9518177, 129.76939, 130.02471,
12.680360, 197.41040, 4.1277313, 129.48073, 129.73552,
12.690390, 201.17360, 3.9415737, 129.18893, 129.44279,
12.700420, 199.28250, 4.7554134, 128.89406, 129.14657,
12.710450, 201.52718, 4.1519397, 128.59625, 128.84699,
12.720480, 212.36427, 4.3122430, 128.29555, 128.54412,
12.730500, 233.76535, 4.2098745, 127.99233, 128.23834,
12.740530, 245.26980, 4.5616382, 127.68609, 127.92913,
12.750550, 198.37783, 4.1439368, 127.37750, 127.61718,
12.760570, 194.71320, 14.856370, 127.06636, 127.30229,
12.770590, 223.56050, 4.2306656, 126.75270, 126.98450,
12.780610, 205.52728, 3.9077977, 126.43662, 126.66391,
12.790620, 199.81713, 3.9291039, 126.11853, 126.34095,
12.800640, 201.04220, 3.9105587, 125.79783, 126.01501,
12.810650, 202.81020, 3.8902368, 125.47526, 125.68686,
12.820660, 189.78640, 3.8545266, 125.15057, 125.35624,
12.830670, 181.23573, 3.6394721, 124.82378, 125.02319,
12.840680, 176.16240, 3.9007146, 124.49504, 124.68786,
12.850680, 157.83397, 3.5133146, 124.16469, 124.35061,
12.860690, 162.10878, 3.7772118, 123.83218, 124.01089,
12.870690, 150.46383, 3.5051032, 123.49820, 123.66940,
12.880690, 148.91290, 3.8402617, 123.16253, 123.32596,
12.890690, 141.69925, 3.5638560, 122.82518, 122.98055,
12.900680, 142.32817, 3.7320690, 122.48660, 122.63366,
12.910680, 136.15213, 3.7287266, 122.14615, 122.28464,
12.920670, 139.55463, 3.6733110, 121.80459, 121.93428,
12.930670, 134.30495, 3.8311067, 121.46128, 121.58194,
12.940660, 127.62633, 3.9854847, 121.11697, 121.22840,
12.950640, 127.62653, 3.6272172, 120.77178, 120.87379,
12.960630, 125.22490, 3.9985438, 120.42499, 120.51739,
12.970620, 129.36825, 3.9710072, 120.07709, 120.15970,
12.980600, 123.91380, 3.9094362, 119.72843, 119.80112,
12.990580, 126.30303, 3.6775764, 119.37879, 119.44140,
13.000560, 119.06042, 4.1037901, 119.02815, 119.08055,
13.010540, 123.22713, 4.0180533, 118.67660, 118.71869,
13.020520, 125.85380, 4.1514038, 118.32420, 118.35588,
13.030490, 126.46273, 4.1035935, 117.97139, 117.99258,
13.040470, 114.75387, 4.5009634, 117.61748, 117.62810,
13.050440, 117.26327, 4.1830775, 117.26327, 117.26327,
13.060410, 110.41260, 4.2815123, 116.90846, 116.89780,
13.070380, 117.32230, 5.1830799, 116.55308, 116.53175,
13.080350, 140.49767, 5.4929686, 116.19730, 116.16529,
13.090310, 120.65245, 4.7368326, 115.84151, 115.79883,
13.100280, 115.85913, 5.0138607, 115.48512, 115.43178,
13.110240, 119.96810, 4.3895434, 115.12890, 115.06493,
13.120200, 114.01622, 4.5489801, 114.77258, 114.69805,
13.130160, 124.49740, 5.2755614, 114.41627, 114.33123,
13.140110, 130.24650, 4.1546986, 114.06042, 113.96497,
13.150070, 122.61818, 3.5676832, 113.70436, 113.59858,
13.160020, 112.79777, 3.2061043, 113.34894, 113.23294,
13.169980, 124.82095, 3.6428415, 112.99350, 112.86739,
13.179930, 114.46152, 4.1174869, 112.63886, 112.50280,
13.189870, 116.28277, 3.4005241, 112.28508, 112.13922,
13.199820, 123.15383, 4.0076069, 111.93157, 111.77607,
13.209770, 119.16197, 3.4870843, 111.57872, 111.41376,
13.219710, 120.53633, 3.9345075, 111.22702, 111.05281,
13.229650, 118.04382, 3.6559427, 110.87623, 110.69297,
13.239590, 114.86980, 3.9786032, 110.52636, 110.33427,
13.249530, 102.77123, 3.9753285, 110.17754, 109.97685,
13.259470, 106.66553, 3.4523574, 109.82985, 109.62082,
13.269410, 108.50123, 4.0748683, 109.48339, 109.26628,
13.279340, 117.28530, 4.8844183, 109.13860, 108.91369,
13.289270, 111.51198, 4.6477973, 108.79519, 108.56276,
13.299200, 110.85700, 3.4262879, 108.45330, 108.21365,
13.309130, 111.81217, 4.8164151, 108.11299, 107.86644,
13.318260, 111.77195, 3.4992251, 107.80155, 107.54893,
13.328980, 116.30408, 3.2943543, 107.43778, 107.17840,
13.339690, 116.74820, 2.9948042, 107.07654, 106.81081,
13.350400, 115.92830, 3.1609192, 106.71758, 106.44590,
13.361120, 113.79918, 3.0681833, 106.36067, 106.08347,
13.371830, 110.59445, 3.0715534, 106.00663, 105.72436,
13.382530, 117.10375, 2.7342146, 105.65554, 105.36865,
13.393240, 117.53255, 2.9037273, 105.30690, 105.01584,
13.403940, 118.75298, 3.3858159, 104.96145, 104.66670,
13.414650, 119.16588, 3.0186201, 104.61870, 104.32074,
13.425350, 108.33672, 2.8450813, 104.27939, 103.97870,
13.436050, 104.87083, 2.5797243, 103.94333, 103.64042,
13.446740, 111.87923, 2.8177464, 103.61098, 103.30634,
13.457440, 116.04503, 2.8962485, 103.28181, 102.97597,
13.468130, 122.59235, 2.6489241, 102.95661, 102.65006,
13.478830, 115.39500, 2.8878477, 102.63486, 102.32814,
13.489520, 113.17502, 2.6792766, 102.31733, 102.01095,
13.500200, 118.50705, 2.7758534, 102.00411, 101.69860,
13.510890, 120.38040, 2.6377751, 101.69479, 101.39068,
13.521570, 117.56472, 2.6154236, 101.39005, 101.08786,
13.532260, 123.76247, 2.5934027, 101.08949, 100.78975,
13.542940, 123.30907, 2.4615874, 100.79379, 100.49702,
13.553620, 121.89590, 2.6117328, 100.50283, 100.20955,
13.564290, 118.37628, 2.4047571, 100.21702, 99.927747,
13.574970, 117.54990, 2.6417178, 99.935953, 99.651205,
13.585640, 108.10340, 2.2009358, 99.660335, 99.380610,
13.596320, 117.84725, 2.3134283, 99.389773, 99.115575,
13.606990, 117.33425, 2.5263012, 99.124954, 98.856766,
13.617650, 112.98880, 2.3445892, 98.865996, 98.604289,
13.628320, 107.85989, 2.0952632, 98.612595, 98.357841,
13.638980, 114.38820, 2.2037687, 98.365365, 98.118010,
13.649650, 117.23438, 2.2436017, 98.124028, 97.884515,
13.660310, 111.17760, 2.4491552, 97.889182, 97.657926,
13.670970, 105.22602, 2.7090701, 97.660778, 97.438180,
13.681630, 114.92863, 2.3152931, 97.438987, 97.225432,
13.692280, 106.17600, 2.3810583, 97.224194, 97.020032,
13.702940, 107.71645, 2.6954005, 97.016151, 96.821730,
13.713590, 106.08252, 2.2911697, 96.815450, 96.631072,
13.724240, 103.76305, 2.3929531, 96.622047, 96.448001,
13.734890, 100.19258, 2.4346981, 96.436165, 96.272705,
13.745530, 98.742229, 2.4396634, 96.258130, 96.105474,
13.756180, 115.80482, 2.8793132, 96.087816, 95.946168,
13.766820, 101.07804, 2.7832472, 95.925725, 95.795233,
13.777460, 103.69218, 2.9044060, 95.771899, 95.652685,
13.788100, 94.638748, 2.8108547, 95.626540, 95.518689,
13.798740, 97.159744, 2.2409873, 95.489855, 95.393408,
13.809380, 99.836975, 2.8357775, 95.362065, 95.277019,
13.820010, 94.488295, 3.0468694, 95.243463, 95.169762,
13.830640, 102.26810, 2.8572709, 95.134168, 95.071716,
13.841270, 99.839071, 3.3038405, 95.034382, 94.983033,
13.851900, 98.164764, 3.3243290, 94.944347, 94.903901,
13.862530, 102.17776, 4.0097047, 94.864284, 94.834486,
13.873150, 94.686352, 4.7674812, 94.794483, 94.775010,
13.883780, 91.657457, 3.3771231, 94.735056, 94.725543,
13.894400, 95.046026, 4.0009306, 94.686352, 94.686352,
13.905020, 88.947243, 3.8055838, 94.648429, 94.657453,
13.915640, 88.512556, 3.2490140, 94.620893, 94.638465,
13.926250, 96.001467, 3.4299082, 94.603235, 94.628898,
13.936870, 99.641222, 4.1350386, 94.594910, 94.628242,
13.947480, 90.390959, 3.2859786, 94.595420, 94.636011,
13.958090, 103.59017, 3.7425128, 94.604246, 94.651708,
13.968700, 98.464077, 4.3149346, 94.620889, 94.674852,
13.979310, 113.97622, 3.7491621, 94.644845, 94.704951,
13.989910, 111.62865, 4.2718395, 94.675589, 94.741488,
14.000520, 108.45207, 5.1555321, 94.712683, 94.784045,
14.011120, 93.532103, 4.0505404, 94.755571, 94.832065,
14.021720, 102.39396, 5.7285544, 94.803796, 94.885103,
14.032320, 101.81131, 6.2153228, 94.856873, 94.942679,
14.042920, 83.017912, 5.0685323, 94.914321, 95.004315,
14.053510, 87.016906, 6.8922521, 94.975595, 95.069466,
14.064110, 101.08185, 6.0501133, 95.040339, 95.137785,
14.074700, 98.300638, 7.2753261, 95.107953, 95.208666,
14.085290, 95.499443, 5.3300167, 95.178014, 95.281689,
14.095870, 88.577324, 3.6999134, 95.249986, 95.356316,
14.106460, 89.217657, 3.3240247, 95.323528, 95.432207,
14.117040, 90.230049, 2.9598137, 95.398035, 95.508754,
14.127630, 92.051294, 3.0967303, 95.473176, 95.585625,
14.138210, 90.892427, 3.6872611, 95.548332, 95.662197,
14.148790, 88.859861, 4.0082499, 95.623107, 95.738071,
14.159370, 89.410213, 3.9523315, 95.697029, 95.812776,
14.169940, 89.716303, 3.4563465, 95.769556, 95.885765,
14.180520, 95.314650, 7.0072715, 95.840361, 95.956712,
14.182090, 109.20730, 3.3556279, 95.850684, 95.967029,
14.193560, 106.48833, 4.1127427, 95.924457, 96.040537,
14.205030, 107.36585, 3.2316168, 95.994884, 96.110318,
14.216500, 108.50664, 8.1895304, 96.061351, 96.175758,
14.227970, 105.15001, 3.8674004, 96.123254, 96.236254,
14.239430, 113.04620, 2.6804011, 96.179942, 96.291158,
14.250890, 110.06568, 3.3973743, 96.230852, 96.339912,
14.262350, 112.10358, 3.3241139, 96.275380, 96.381916,
14.273810, 110.57870, 3.5215176, 96.312906, 96.416557,
14.285270, 100.79218, 3.7179787, 96.342807, 96.443224,
14.296730, 103.21420, 3.6347403, 96.364465, 96.461309,
14.308180, 98.168917, 3.5066117, 96.377242, 96.470193,
14.319630, 89.699621, 2.8546967, 96.380532, 96.469283,
14.331080, 94.734068, 3.1916646, 96.373699, 96.457963,
14.342530, 102.46934, 3.4823417, 96.356103, 96.435618,
14.353970, 97.336977, 3.0673438, 96.327132, 96.401665,
14.365410, 99.443283, 2.8623825, 96.286122, 96.355466,
14.376860, 97.915895, 2.7581640, 96.232368, 96.296346,
14.388300, 92.664518, 2.9304711, 96.165299, 96.223778,
14.399730, 95.152672, 2.6589355, 96.084289, 96.137179,
14.411170, 96.041750, 2.4825452, 95.988514, 96.035762,
14.422600, 94.178165, 2.9396158, 95.877469, 95.919081,
14.434030, 92.927202, 2.5684297, 95.750386, 95.786417,
14.445460, 97.865341, 2.9148238, 95.606556, 95.637121,
14.456890, 96.143196, 2.7674982, 95.445299, 95.470580,
14.468320, 102.11604, 2.7524226, 95.265891, 95.286139,
14.479740, 98.295103, 2.3348136, 95.067786, 95.083331,
14.491160, 98.836779, 2.4121858, 94.850111, 94.861361,
14.502580, 96.238327, 2.4957846, 94.612149, 94.619600,
14.514000, 93.769115, 2.4736244, 94.353112, 94.357353,
14.525420, 96.532927, 2.3627182, 94.072261, 94.073982,
14.536830, 92.423964, 2.1768290, 93.769115, 93.769115,
14.548240, 90.289057, 2.1845298, 93.443109, 93.442262,
14.559650, 94.189316, 2.2377784, 93.095720, 93.094845,
14.571060, 92.057289, 2.3540881, 92.728967, 92.728794,
14.582470, 94.025736, 2.6448940, 92.344770, 92.345949,
14.593870, 89.826971, 2.1666364, 91.945409, 91.948515,
14.605270, 90.828379, 2.4734838, 91.532499, 91.538035,
14.616670, 89.398485, 2.2422207, 91.107997, 91.116403,
14.628070, 91.748356, 2.4557255, 90.673747, 90.685401,
14.639470, 89.866270, 2.3132142, 90.231697, 90.246916,
14.650860, 92.567337, 2.0414424, 89.784166, 89.803209,
14.662260, 88.005968, 2.1831585, 89.332234, 89.355311,
14.673650, 86.914328, 2.4062516, 88.878630, 88.905893,
14.685040, 97.062986, 2.5091199, 88.424800, 88.456348,
14.696420, 95.894590, 2.5180800, 87.973130, 88.009008,
14.707810, 85.137804, 2.6676673, 87.524607, 87.564815,
14.719190, 95.285271, 2.6207852, 87.082027, 87.126503,
14.730570, 95.994673, 3.2347833, 86.646798, 86.695428,
14.741950, 94.446152, 4.6514103, 86.220857, 86.273470,
14.753330, 92.830212, 3.0434538, 85.806109, 85.862471,
14.764700, 92.863083, 3.0931072, 85.404828, 85.464639,
14.776080, 84.261471, 3.2737919, 85.018187, 85.081087,
14.787450, 87.151026, 3.1364463, 84.648820, 84.714367,
14.798820, 93.420219, 3.7015302, 84.298291, 84.365970,
14.810190, 85.195589, 2.9252231, 83.968507, 84.037720,
14.821550, 86.808172, 3.0529371, 83.661718, 83.731774,
14.832920, 89.112648, 3.5239550, 83.379336, 83.449451,
14.844280, 90.663336, 3.4721861, 83.123800, 83.193083,
14.855640, 87.376324, 3.4454277, 82.896839, 82.964288,
14.866990, 95.187021, 3.5349292, 82.700612, 82.765104,
14.878350, 94.334564, 4.2418822, 82.536759, 82.597037,
14.889710, 94.109089, 4.0745992, 82.407497, 82.462164,
14.901060, 85.537117, 3.2485402, 82.314934, 82.362448,
14.912410, 92.165218, 3.9469795, 82.260983, 82.299634,
14.923760, 79.413754, 3.8614474, 82.247714, 82.275616,
14.935100, 81.950220, 3.8164726, 82.277172, 82.292266,
14.946450, 98.503517, 4.6575086, 82.351522, 82.351522,
14.957790, 82.351522, 3.9374893, 82.471907, 82.454476,
14.969130, 87.205151, 3.9241628, 82.636258, 82.599494,
14.980470, 90.875641, 3.9490306, 82.841678, 82.784242,
14.991810, 103.64351, 5.5025585, 83.085248, 83.006357,
15.003140, 89.352175, 4.6468143, 83.363830, 83.263263,
15.014480, 87.920115, 4.1977175, 83.674997, 83.553031,
15.025810, 78.204851, 4.5733750, 84.015428, 83.872891,
15.037140, 91.679651, 4.3260231, 84.382480, 84.220700,
15.048460, 79.523817, 4.5645013, 84.773022, 84.593842,
15.059790, 81.356316, 11.095922, 85.184904, 84.990635,
15.071110, 89.793663, 6.4805905, 85.614641, 85.408109,
15.082440, 92.729826, 3.6420056, 86.060204, 85.844703,
15.093750, 97.021799, 2.9559601, 86.517564, 86.296885,
15.105070, 90.442944, 2.9797790, 86.985205, 86.763600,
15.116390, 89.427965, 5.1006264, 87.459945, 87.242148,
15.127700, 81.306792, 3.4634484, 87.938577, 87.729785,
15.139020, 92.612188, 3.0181796, 88.419233, 88.225133,
15.150330, 101.06910, 3.2755312, 88.898267, 88.724994,
15.162390, 98.629652, 3.4703226, 89.404697, 89.260939,
15.174730, 86.328905, 3.2430174, 89.914795, 89.809635,
15.187070, 90.896105, 3.4658649, 90.413101, 90.355647,
15.199410, 98.200382, 4.2166946, 90.896105, 90.896105,
15.211740, 88.367971, 3.8594983, 91.360421, 91.428030,
15.224080, 96.648102, 3.4244742, 91.806673, 91.952019,
15.236410, 93.239582, 2.9099751, 92.234490, 92.467263,
15.248740, 91.867275, 2.8963718, 92.644675, 92.974328,
15.261060, 95.929310, 2.6899968, 93.037303, 93.472912,
15.273390, 95.585270, 3.3554131, 93.413437, 93.963980,
15.285710, 96.142841, 4.6732920, 93.772849, 94.446847,
15.298030, 92.766420, 5.4619386, 94.116184, 94.921972,
15.310350, 95.282478, 2.8736542, 94.443860, 95.389541,
15.322660, 91.467781, 5.7553814, 94.755947, 95.849235,
15.334980, 98.621353, 4.7322535, 95.053301, 96.301912,
15.347290, 90.236658, 3.0784863, 95.335800, 96.746976,
15.359600, 87.353094, 2.9508890, 95.604010, 97.184885,
15.371900, 101.19493, 2.7803368, 95.858042, 97.615378,
15.384210, 96.359573, 3.2512973, 96.098642, 98.039289,
15.396510, 93.424189, 3.1114678, 96.325722, 98.456028,
15.408810, 92.850327, 3.5261956, 96.539756, 98.865992,
15.421110, 91.075626, 2.9333609, 96.741067, 99.269342,
15.433410, 103.85125, 3.5514288, 96.929905, 99.666110,
15.445700, 92.320002, 3.4804373, 97.106432, 100.05612,
15.457990, 95.818747, 3.5363581, 97.271065, 100.43978,
15.470280, 95.023045, 4.3647569, 97.424067, 100.81717,
15.482570, 96.740822, 3.2248673, 97.565693, 101.18839,
15.494860, 91.695753, 3.1535441, 97.696189, 101.55352,
15.507140, 102.89704, 3.7127909, 97.815710, 101.91238,
15.519420, 100.56165, 3.3014041, 97.924589, 102.26531,
15.531700, 97.178518, 3.7755700, 98.023071, 102.61244,
15.543980, 95.747162, 3.3754599, 98.111365, 102.95381,
15.556260, 102.57917, 3.5323657, 98.189702, 103.28955,
15.568530, 101.54905, 3.0072331, 98.258231, 103.61944,
15.580800, 101.01660, 2.5921533, 98.317230, 103.94384,
15.593070, 95.515839, 2.9062331, 98.366900, 104.26283,
15.605340, 97.922792, 3.0270838, 98.407434, 104.57649,
15.617600, 98.407434, 2.5528407, 98.439114, 104.88466,
15.629860, 100.35655, 3.0288277, 98.462710, 105.18763,
15.642120, 98.319511, 2.6133110, 98.479070, 105.48552,
15.654380, 95.686405, 2.5650738, 98.489031, 105.77837,
15.666640, 92.364836, 2.3526301, 98.493431, 106.06628,
15.678890, 100.04253, 2.6000716, 98.493105, 106.34906,
15.691140, 104.24195, 2.4037199, 98.488886, 106.62704,
15.703390, 98.456539, 2.2977155, 98.481602, 106.90027,
15.715640, 96.512180, 2.3670620, 98.472075, 107.16883,
15.727890, 104.68603, 2.4094612, 98.461131, 107.43278,
15.740130, 103.59132, 2.5692703, 98.449599, 107.69199,
15.752370, 107.07137, 2.6770761, 98.438293, 107.94670,
15.764610, 100.51672, 2.5253867, 98.428032, 108.19703,
15.776850, 103.20964, 2.9142273, 98.419637, 108.44299,
15.789090, 107.14708, 2.9654821, 98.413930, 108.68468,
15.801320, 97.572311, 2.8113555, 98.411734, 108.92194,
15.813550, 103.33943, 3.1004102, 98.413867, 109.15504,
15.825780, 97.761906, 3.1673099, 98.421155, 109.38405,
15.838010, 97.838696, 3.4191557, 98.434425, 109.60900,
15.850230, 100.04671, 3.1781160, 98.454492, 109.82980,
15.862450, 101.76620, 3.0248243, 98.482195, 110.04666,
15.874670, 105.37343, 3.3238505, 98.518376, 110.25966,
15.886890, 103.63184, 3.7109340, 98.563877, 110.46884,
15.899110, 99.332306, 3.6882618, 98.619540, 110.67425,
15.911320, 94.934853, 4.5173610, 98.686166, 110.87579,
15.923540, 101.55552, 4.4324089, 98.764725, 111.07384,
15.935750, 101.27294, 3.7081286, 98.855947, 111.26811,
15.947960, 101.18002, 3.8586708, 98.960767, 111.45884,
15.960160, 97.521477, 4.2913141, 99.079963, 111.64591,
15.972370, 96.809717, 4.0378385, 99.214610, 111.82968,
15.984570, 97.748911, 4.0324951, 99.365379, 112.00988,
15.996770, 101.68472, 4.0832871, 99.533296, 112.18674,
16.008961, 101.86131, 3.9392814, 99.719109, 112.36016,
16.021160, 96.489408, 4.4758553, 99.924015, 112.53044,
16.033350, 116.05380, 4.2534937, 100.14864, 112.69737,
16.045549, 109.91235, 3.7567464, 100.39427, 112.86125,
16.057739, 105.55390, 4.1611522, 100.66149, 113.02189,
16.069920, 107.28033, 3.7553318, 100.95121, 113.17931,
16.082109, 104.63144, 3.4845940, 101.26485, 113.33382,
16.094290, 94.081926, 3.2880430, 101.60292, 113.48521,
16.106470, 105.94855, 3.8493403, 101.96665, 113.63364,
16.118650, 108.87920, 3.2637637, 102.35707, 113.77916,
16.130831, 118.41727, 3.5048279, 102.77521, 113.92181,
16.143009, 102.65532, 3.6118296, 103.22203, 114.06159,
16.155180, 109.95943, 3.8365724, 103.69837, 114.19850,
16.167351, 118.69835, 3.9526801, 104.20557, 114.33264,
16.179520, 105.31638, 4.1659775, 104.74463, 114.46405,
16.191681, 93.555738, 3.2286279, 105.31638, 114.59270,
16.203850, 100.81583, 3.9931583, 105.92214, 114.71878,
16.216009, 119.20452, 9.5733605, 106.55954, 114.84216,
16.228170, 106.32853, 5.8613868, 107.22714, 114.96298,
16.240330, 131.10605, 5.5155303, 107.92275, 115.08125,
16.252489, 119.08978, 5.5143260, 108.64449, 115.19701,
16.264641, 131.81333, 5.3811149, 109.38992, 115.31023,
16.276791, 129.51333, 6.4706075, 110.15742, 115.42100,
16.288950, 123.16215, 6.8111770, 110.94580, 115.52946,
16.301090, 121.68240, 4.9064812, 111.75126, 115.63537,
16.313240, 119.61493, 8.0044752, 112.57378, 115.73903,
16.325380, 121.93380, 9.2499969, 113.41015, 115.84030,
16.337530, 134.37383, 6.4827878, 114.25982, 115.93937,
16.349670, 152.10538, 4.9985938, 115.11955, 116.03612,
16.361799, 155.48540, 3.8090036, 115.98731, 116.13056,
16.373940, 146.25367, 4.6491686, 116.86288, 116.22290,
16.386070, 149.27165, 5.1366040, 117.74288, 116.31302,
16.398211, 158.96608, 6.6396373, 118.62682, 116.40107,
16.410339, 168.83958, 4.1223405, 119.51133, 116.48694,
16.422461, 174.93175, 5.6473042, 120.39482, 116.57069,
16.434589, 168.63365, 6.9803767, 121.27655, 116.65244,
16.446711, 170.95780, 5.5892378, 122.15356, 116.73212,
16.458839, 161.24168, 3.9107729, 123.02509, 116.80985,
16.470961, 154.94690, 6.4185336, 123.88818, 116.88557,
16.483070, 154.10695, 5.8665268, 124.74073, 116.95927,
16.495190, 144.85695, 6.7188878, 125.58234, 117.03111,
16.500280, 160.45782, 4.2469527, 125.93194, 117.06072,
16.513599, 146.29095, 3.5139795, 126.83436, 117.13663,
16.526911, 148.71268, 3.1918909, 127.71652, 117.21024,
16.540211, 142.35325, 5.9129687, 128.57573, 117.28158,
16.553520, 152.34137, 33.155290, 129.41080, 117.35079,
16.566820, 142.40865, 3.2385572, 130.21801, 117.41780,
16.580120, 141.83763, 3.5403287, 130.99541, 117.48269,
16.593420, 136.83675, 3.4084483, 131.74042, 117.54548,
16.606710, 146.70393, 3.5525478, 132.44995, 117.60616,
16.620001, 132.08775, 3.1434702, 133.12194, 117.66481,
16.633301, 137.52653, 3.7022071, 133.75418, 117.72149,
16.646589, 139.60990, 4.0591584, 134.34301, 117.77613,
16.659870, 120.79870, 3.5596134, 134.88602, 117.82879,
16.673149, 135.38075, 4.1717294, 135.38075, 117.87950,
16.686440, 133.57675, 4.3663352, 135.82613, 117.92836,
16.699711, 145.92255, 4.3391368, 136.22451, 117.97526,
16.712990, 150.69049, 4.3197918, 136.58125, 118.02033,
16.726271, 136.42730, 3.9349061, 136.90065, 118.06357,
16.739540, 128.80895, 3.6991267, 137.18688, 118.10496,
16.752810, 131.88313, 3.4187461, 137.44467, 118.14456,
16.766081, 138.34082, 3.4493983, 137.67846, 118.18241,
16.779341, 146.03067, 3.4839130, 137.89243, 118.21847,
16.792601, 142.85907, 3.3721650, 138.09117, 118.25282,
16.805870, 135.36700, 3.1457677, 138.27917, 118.28548,
16.819120, 136.61452, 3.3365579, 138.46040, 118.31642,
16.832380, 132.97645, 2.8310478, 138.63959, 118.34572,
16.845631, 143.88287, 2.6841103, 138.82085, 118.37335,
16.858891, 134.85130, 2.5798936, 139.00877, 118.39938,
16.872141, 133.62023, 2.8565295, 139.20745, 118.42379,
16.885380, 133.63333, 2.7996615, 139.42117, 118.44659,
16.898630, 139.91190, 2.8479392, 139.65466, 118.46785,
16.911869, 135.74635, 2.9061826, 139.91190, 118.48753,
16.925110, 156.64622, 2.9867952, 140.19594, 118.50569,
16.938351, 145.18221, 3.1788333, 140.50343, 118.52232,
16.951580, 144.17895, 3.6747015, 140.82919, 118.53745,
16.964821, 148.27837, 3.3202205, 141.16894, 118.55110,
16.978050, 138.08767, 3.7713330, 141.51726, 118.56327,
16.991270, 155.97365, 3.6605937, 141.86935, 118.57399,
17.004499, 176.23893, 3.8404103, 142.22088, 118.58327,
17.017719, 252.28500, 4.3253207, 142.56654, 118.59112,
17.030951, 590.65306, 7.2888947, 142.90205, 118.59757,
17.044161, 597.91634, 8.2678069, 143.22175, 118.60261,
17.057381, 192.47633, 4.6877119, 143.52159, 118.60627,
17.070601, 162.88218, 3.9021914, 143.79646, 118.60857,
17.083811, 180.27257, 4.4265896, 144.04134, 118.60950,
17.097019, 166.68855, 4.5550423, 144.25153, 118.60909,
17.110229, 164.35020, 4.3393497, 144.42219, 118.60735,
17.123430, 154.08165, 5.0390771, 144.54829, 118.60429,
17.136641, 149.64993, 4.1924748, 144.62506, 118.59992,
17.149839, 151.79208, 3.5037154, 144.64742, 118.59426,
17.163040, 154.60472, 3.3557961, 144.61042, 118.58730,
17.176229, 144.09305, 3.1128639, 144.50913, 118.57908,
17.189430, 137.18450, 3.0883926, 144.33829, 118.56958,
17.202620, 144.81948, 3.2054460, 144.09305, 118.55884,
17.215811, 137.09772, 3.1226882, 143.76966, 118.54684,
17.229000, 150.10168, 3.1210359, 143.37087, 118.53361,
17.242180, 152.59595, 4.1658433, 142.90118, 118.51916,
17.255369, 143.64965, 3.4713367, 142.36404, 118.50347,
17.268551, 150.43190, 3.7866661, 141.76424, 118.48658,
17.281719, 142.86197, 3.3645995, 141.10621, 118.46851,
17.294901, 156.46012, 4.5787428, 140.39263, 118.44922,
17.308069, 151.91232, 4.7268457, 139.62890, 118.42876,
17.321251, 162.53617, 4.8476051, 138.81741, 118.40709,
17.334410, 175.03422, 5.0845191, 137.96434, 118.38429,
17.347580, 154.76070, 4.6340793, 137.07138, 118.36030,
17.360750, 155.00960, 4.8433810, 136.14310, 118.33514,
17.373911, 162.01037, 5.8347765, 135.18402, 118.30884,
17.387070, 164.49905, 5.5276179, 134.19741, 118.28140,
17.400230, 153.51220, 6.2407150, 133.18678, 118.25280,
17.413380, 137.62703, 4.6876368, 132.15691, 118.22309,
17.426540, 145.15612, 5.6867801, 131.10976, 118.19221,
17.439690, 142.39020, 4.6719255, 130.05087, 118.16023,
17.452841, 154.61865, 6.5207579, 128.98290, 118.12711,
17.465981, 130.11107, 5.3980270, 127.91065, 118.09290,
17.479130, 139.53515, 5.0746311, 126.83612, 118.05754,
17.492270, 131.24652, 4.6567611, 125.76455, 118.02109,
17.505409, 120.35185, 5.0477263, 124.69888, 117.98352,
17.518551, 125.48627, 5.2405814, 123.64265, 117.94484,
17.531679, 121.89195, 4.3640692, 122.60078, 117.90508,
17.544821, 117.52688, 4.1319866, 121.57486, 117.86418,
17.557949, 126.18310, 6.5356054, 120.57070, 117.82222,
17.571079, 138.17988, 8.3280062, 119.59085, 117.77914,
17.584200, 134.26525, 5.2231654, 118.63987, 117.73499,
17.597330, 134.16785, 4.6281577, 117.72016, 117.68971,
17.610451, 118.68665, 4.1136161, 116.83683, 117.64337,
17.623569, 115.50948, 4.0881851, 115.99312, 117.59592,
17.636690, 114.43995, 4.5196685, 115.19262, 117.54738,
17.649799, 99.958834, 4.7228201, 114.43995, 117.49777,
17.662910, 112.27265, 5.7243351, 113.73720, 117.44707,
17.676029, 120.34925, 8.5136928, 113.08328, 117.39523,
17.689131, 108.67176, 8.1004554, 112.47757, 117.34235,
17.702240, 108.75362, 5.7020552, 111.91712, 117.28835,
17.715349, 110.28308, 6.0052897, 111.40057, 117.23324,
17.728451, 112.42601, 6.4473639, 110.92650, 117.17706,
17.741550, 113.81842, 6.5612578, 110.49298, 117.11978,
17.754641, 123.67888, 5.8078748, 110.09857, 117.06144,
17.767740, 119.33980, 4.6307568, 109.74108, 117.00194,
17.780830, 120.45247, 5.6096647, 109.41946, 116.94138,
17.793921, 128.47593, 5.0672582, 109.13185, 116.87969,
17.807011, 129.77653, 5.1211646, 108.87672, 116.81689,
17.820101, 127.42003, 5.6921184, 108.65255, 116.75297,
17.833179, 118.19360, 4.9320970, 108.45799, 116.68798,
17.846270, 110.17339, 4.0594130, 108.29122, 116.62180,
17.859341, 117.36967, 4.5211800, 108.15115, 116.55458,
17.872419, 111.90995, 4.2243506, 108.03600, 116.48618,
17.885500, 109.28908, 4.5216438, 107.94444, 116.41664,
17.898569, 117.73140, 4.6726507, 107.87512, 116.34600,
17.911640, 109.66617, 4.3504958, 107.82655, 116.27420,
17.924709, 109.93150, 3.9883945, 107.79736, 116.20125,
17.937780, 120.66865, 7.6609699, 107.78617, 116.12713,
17.941250, 118.93700, 4.0719016, 107.78605, 116.10726,
17.955721, 115.69808, 3.7139249, 107.79764, 116.02349,
17.970181, 118.15622, 3.5886228, 107.82736, 115.93833,
17.984650, 115.32152, 3.2893001, 107.87341, 115.85166,
17.999109, 94.586897, 3.2072648, 107.93396, 115.76359,
18.013571, 108.73895, 3.1427283, 108.00725, 115.67403,
18.028021, 115.36835, 3.0870539, 108.09144, 115.58305,
18.042480, 108.25065, 3.1234294, 108.18489, 115.49051,
18.056931, 113.56073, 3.3842759, 108.28571, 115.39653,
18.071381, 108.39223, 3.1582181, 108.39223, 115.30103,
18.085819, 102.02252, 3.3304574, 108.50282, 115.20407,
18.100269, 103.98060, 3.5125231, 108.61701, 115.10549,
18.114710, 112.90565, 4.3019421, 108.73419, 115.00541,
18.129150, 116.67405, 3.6022903, 108.85402, 114.90377,
18.143579, 110.12592, 4.0536970, 108.97595, 114.80062,
18.158020, 111.81487, 3.6717322, 109.09975, 114.69579,
18.172449, 117.77605, 4.3399088, 109.22481, 114.58943,
18.186880, 108.79283, 3.8325735, 109.35081, 114.48142,
18.201300, 116.27240, 3.6107595, 109.47720, 114.37185,
18.215719, 111.43717, 3.6939240, 109.60367, 114.26063,
18.230150, 110.12978, 3.0546902, 109.72988, 114.14763,
18.244560, 124.36415, 3.3692060, 109.85514, 114.03310,
18.258980, 110.15943, 3.1980157, 109.97928, 113.91679,
18.273390, 122.05008, 3.4016022, 110.10171, 113.79882,
18.287800, 103.91645, 2.9318444, 110.22210, 113.67910,
18.302210, 106.70098, 3.0521960, 110.34001, 113.55761,
18.316620, 107.59480, 3.1830054, 110.45501, 113.43433,
18.331020, 109.42030, 3.4641740, 110.56660, 113.30932,
18.345421, 105.59715, 3.3053298, 110.67442, 113.18249,
18.359819, 108.84223, 3.2847084, 110.77803, 113.05382,
18.374210, 115.00140, 4.1508541, 110.87695, 112.92334,
18.388611, 100.91763, 3.7246813, 110.97084, 112.79089,
18.403000, 114.21847, 4.1541231, 111.05914, 112.65662,
18.417379, 104.28702, 4.9077875, 111.14140, 112.52050,
18.431770, 116.36458, 2.7576822, 111.21730, 112.38231,
18.446150, 122.61828, 4.3252244, 111.28626, 112.24223,
18.460529, 112.13575, 3.7436538, 111.34787, 112.10015,
18.474911, 111.87985, 3.8467006, 111.40167, 111.95601,
18.489281, 108.59595, 3.8248979, 111.44714, 111.80991,
18.503660, 115.87418, 3.5133089, 111.48387, 111.66163,
18.518030, 108.51108, 2.9773659, 111.51132, 111.51132,
18.532391, 111.51132, 3.1318004, 111.52912, 111.35898,
18.546761, 120.32190, 3.2763802, 111.53730, 111.20437,
18.561119, 116.65840, 3.1260431, 111.53596, 111.04771,
18.575480, 148.69035, 3.6035021, 111.52521, 110.88884,
18.589840, 117.94528, 3.2776069, 111.50515, 110.72778,
18.604191, 113.45175, 3.5421097, 111.47589, 110.56460,
18.618549, 121.36415, 3.7748366, 111.43746, 110.39910,
18.632900, 118.88495, 4.3769833, 111.39000, 110.23145,
18.647240, 103.95488, 4.4251576, 111.33359, 110.06166,
18.661591, 117.35373, 4.7118389, 111.26821, 109.88946,
18.675930, 117.14567, 4.9673127, 111.19400, 109.71509,
18.690269, 114.45230, 4.8651532, 111.11097, 109.53840,
18.704611, 107.95343, 5.1540479, 111.01914, 109.35935,
18.718941, 113.62675, 4.2962751, 110.91864, 109.17809,
18.733271, 112.58074, 4.4634316, 110.80942, 108.99444,
18.747601, 110.23339, 4.4236957, 110.69151, 108.80839,
18.761930, 120.91725, 4.3476968, 110.56490, 108.61992,
18.776260, 141.95117, 4.5938845, 110.42961, 108.42900,
18.790581, 123.56115, 4.2604726, 110.28573, 108.23574,
18.804899, 121.37467, 3.7823111, 110.13319, 108.04000,
18.819220, 124.81685, 3.5668065, 109.97193, 107.84173,
18.833530, 117.79690, 3.5328086, 109.80207, 107.64103,
18.847839, 120.07529, 3.4999897, 109.62349, 107.43780,
18.862150, 117.21425, 3.9206729, 109.43612, 107.23194,
18.876459, 132.95173, 3.7167653, 109.23995, 107.02348,
18.890770, 148.91528, 4.8928037, 109.03490, 106.81233,
18.905069, 128.46340, 6.3766426, 108.82109, 106.59867,
18.919371, 136.42947, 4.2828114, 108.59829, 106.38227,
18.933670, 129.32623, 4.6507495, 108.36648, 106.16315,
18.947960, 134.27392, 6.1594396, 108.12571, 105.94140,
18.962250, 128.58823, 5.3782250, 107.87576, 105.71684,
18.976540, 135.18968, 6.8705407, 107.61653, 105.48944,
18.990829, 137.64970, 6.8581574, 107.34792, 105.25917,
19.005119, 154.45589, 6.3790156, 107.06983, 105.02598,
19.019400, 123.60198, 6.5893425, 106.78234, 104.79000,
19.033680, 138.76370, 5.6583642, 106.48516, 104.55104,
19.047960, 119.20795, 5.1835287, 106.17815, 104.30906,
19.062229, 114.97972, 5.0998394, 105.86144, 104.06422,
19.076500, 111.54983, 5.7391174, 105.53459, 103.81625,
19.090771, 111.18270, 4.6897822, 105.19751, 103.56514,
19.105040, 112.88269, 4.4889100, 104.85008, 103.31089,
19.119310, 122.76605, 4.9841293, 104.49205, 103.05339,
19.133570, 124.04140, 4.4181762, 104.12359, 102.79283,
19.147829, 128.54118, 5.1919135, 103.74422, 102.52898,
19.162090, 124.92855, 6.6547406, 103.35372, 102.26173,
19.176340, 122.04415, 7.3564646, 102.95226, 101.99132,
19.190599, 130.16400, 7.1920786, 102.53904, 101.71728,
19.204849, 131.45565, 7.7601905, 102.11441, 101.43994,
19.219101, 114.08877, 7.4258784, 101.67780, 101.15903,
19.233339, 93.224646, 5.3748135, 101.22947, 100.87480,
19.247580, 85.978761, 7.0705364, 100.76871, 100.58691,
19.261820, 102.93059, 7.4047461, 100.29533, 100.29533,
19.276060, 100.29533, 8.6281559, 99.809065, 100.00002,
19.290300, 109.18457, 11.716624, 99.309646, 99.700924,
19.304529, 110.66463, 8.5656960, 98.797211, 99.398227,
19.318760, 112.32880, 8.4419809, 98.271001, 99.091596,
19.332991, 127.34522, 8.0710269, 97.730785, 98.781014,
19.347219, 93.802988, 7.0247958, 97.176325, 98.466464,
19.361441, 117.29955, 7.3091161, 96.607539, 98.148017,
19.375660, 103.43423, 6.8799751, 96.023879, 97.825489,
19.389879, 104.07170, 6.7041649, 95.424925, 97.498776,
19.404100, 143.38793, 6.9649841, 94.810239, 97.167770,
19.418310, 152.99400, 8.3511903, 94.180047, 96.832723,
19.432520, 136.77730, 7.1578324, 93.533482, 96.493304,
