# wave, flux, fluxerr, continuum, continuum_plateau
9.9725246, 45.789841, 1.5294213, 45.789841, 45.789841,
9.9806166, 48.491308, 1.6271663, 45.444522, 45.444317,
9.9887066, 50.215711, 1.4062004, 45.108880, 45.108090,
9.9967957, 44.432423, 1.2117620, 44.782960, 44.781249,
10.004880, 49.573808, 1.3419309, 44.466997, 44.464072,
10.012970, 49.010292, 1.4147952, 44.160678, 44.156284,
10.021050, 47.270981, 1.1229865, 43.864670, 43.858595,
10.029140, 44.126328, 1.3143828, 43.578375, 43.570438,
10.037220, 45.773660, 1.4433894, 43.302600, 43.292662,
10.045300, 49.378871, 1.3074321, 43.037072, 43.025025,
10.053380, 51.479708, 1.4593817, 42.781868, 42.767637,
10.061460, 55.972901, 1.4033475, 42.537156, 42.520698,
10.069540, 46.029290, 1.7442197, 42.302992, 42.284291,
10.077610, 50.261083, 1.2397341, 42.079801, 42.058874,
10.085690, 48.869630, 1.4719286, 41.867145, 41.844027,
10.093760, 55.030633, 1.5159608, 41.665644, 41.640402,
10.101830, 53.692415, 1.5013008, 41.475162, 41.447883,
10.109900, 54.685395, 1.1946971, 41.295804, 41.266595,
10.117970, 51.498552, 1.2815344, 41.127739, 41.096726,
10.126040, 48.879706, 1.2458435, 40.971073, 40.938401,
10.134100, 48.317805, 1.1519926, 40.826122, 40.791953,
10.142170, 48.643898, 1.2284607, 40.692642, 40.657149,
10.150230, 46.288440, 1.1577143, 40.571105, 40.534476,
10.158300, 44.693718, 1.1679272, 40.461363, 40.423795,
10.166360, 51.345045, 1.1521704, 40.363831, 40.325530,
10.174420, 53.999758, 1.2580031, 40.278494, 40.239675,
10.182470, 49.088115, 1.2454136, 40.205601, 40.166482,
10.190530, 47.882518, 1.3391787, 40.145120, 40.105923,
10.198590, 47.196665, 1.1877544, 40.097296, 40.058244,
10.206640, 41.032571, 1.2485853, 40.062331, 40.023647,
10.214690, 46.000188, 1.2010986, 40.040315, 40.002219,
10.222750, 43.864745, 1.0791433, 40.031410, 39.994119,
10.230800, 44.413809, 1.0693618, 40.035803, 39.999528,
10.238850, 45.601453, 1.2714581, 40.053648, 40.018588,
10.246890, 55.139057, 1.1396902, 40.085071, 40.051417,
10.254940, 47.030650, 1.0683670, 40.130323, 40.098256,
10.262990, 48.199864, 1.3258912, 40.189556, 40.159241,
10.271030, 50.355054, 1.3033738, 40.262857, 40.234441,
10.279070, 45.736654, 1.1301678, 40.350464, 40.324076,
10.287120, 49.017300, 1.2203055, 40.452716, 40.428468,
10.295150, 42.664467, 1.4129325, 40.569392, 40.547366,
10.303190, 46.106515, 1.4778304, 40.701107, 40.681366,
10.311230, 47.100554, 1.0630440, 40.847900, 40.830479,
10.319270, 43.582820, 1.1243079, 41.010008, 40.994912,
10.327300, 44.487281, 1.1859532, 41.187382, 41.174581,
10.335340, 41.917003, 1.0771718, 41.380671, 41.370107,
10.343370, 43.048402, 1.3042653, 41.589658, 41.581231,
10.351400, 40.060836, 1.4260042, 41.814730, 41.808304,
10.359430, 40.568597, 1.4192927, 42.056133, 42.051531,
10.367460, 41.647403, 1.3888764, 42.314093, 42.311094,
10.375480, 40.954870, 2.2988097, 42.588470, 42.586805,
10.383510, 34.988375, 1.2449624, 42.880215, 42.879571,
10.391530, 42.272356, 1.3430625, 43.188840, 43.188850,
10.399560, 43.829648, 1.2938737, 43.515322, 43.515565,
10.407580, 46.352468, 1.0639250, 43.859130, 43.859130,
10.415600, 43.859130, 1.1533691, 44.220710, 44.219951,
10.423620, 45.202667, 1.1989413, 44.599714, 44.597715,
10.431640, 42.209370, 1.2060510, 44.995488, 44.991820,
10.439650, 45.010068, 1.2322447, 45.407012, 45.401298,
10.447670, 47.221423, 1.2072324, 45.834762, 45.826667,
10.455680, 50.024830, 1.3525992, 46.277065, 46.266304,
10.463700, 46.764215, 1.1372521, 46.734530, 46.720853,
10.471710, 47.456740, 1.4436991, 47.205413, 47.188618,
10.479720, 45.978626, 1.3388349, 47.689763, 47.669682,
10.487730, 43.379741, 1.2382339, 48.187040, 48.163539,
10.495730, 44.004789, 1.6061525, 48.696095, 48.669080,
10.503740, 44.768297, 1.5512949, 49.217608, 49.187008,
10.511750, 49.224598, 1.5428698, 49.750451, 49.716229,
10.519750, 53.004402, 1.5490046, 50.293378, 50.255529,
10.527750, 53.271095, 1.6708769, 50.846623, 50.805165,
10.535750, 50.776125, 1.8942919, 51.409602, 51.364577,
10.543750, 58.808765, 1.6131031, 51.981728, 51.933204,
10.551750, 49.512962, 1.7883122, 52.562622, 52.510687,
10.559750, 49.534990, 1.6971206, 53.151631, 53.096396,
10.567850, 60.995025, 1.2337969, 53.755901, 53.697456,
10.576350, 51.842175, 1.1325469, 54.397860, 54.336210,
10.584840, 56.287650, 1.2921447, 55.046485, 54.981823,
10.593340, 61.830078, 5.5546034, 55.702771, 55.635302,
10.601830, 59.378929, 1.3234454, 56.364495, 56.294448,
10.610330, 64.290489, 1.3892431, 57.032688, 56.960306,
10.618820, 59.874609, 1.5367278, 57.705178, 57.630723,
10.627310, 57.719583, 1.1658008, 58.382034, 58.305784,
10.635800, 59.936047, 1.1520256, 59.062811, 58.985058,
10.644280, 63.049722, 1.2218075, 59.745990, 59.667042,
10.652770, 58.889114, 1.2478002, 60.432588, 60.352764,
10.661250, 61.286963, 1.1065313, 61.120470, 61.040103,
10.669740, 63.548963, 1.2789380, 61.810588, 61.730025,
10.678220, 64.009633, 1.2700964, 62.500800, 62.420401,
10.686700, 61.260698, 1.2449249, 63.191288, 63.111425,
10.695180, 69.605379, 2.0462945, 63.881461, 63.802519,
10.703650, 64.117760, 1.2632405, 64.569952, 64.492328,
10.712130, 67.408966, 1.3066342, 65.257642, 65.181749,
10.720600, 69.727592, 1.2621817, 65.942549, 65.868809,
10.729080, 67.976044, 1.2446123, 66.625545, 66.554399,
10.737550, 65.808340, 1.2757618, 67.304426, 67.236321,
10.746020, 75.074774, 1.3394108, 67.979520, 67.914925,
10.754490, 73.466776, 1.3123593, 68.650083, 68.589480,
10.762960, 74.084696, 1.3891991, 69.315671, 69.259559,
10.771420, 71.158829, 1.3829938, 69.974724, 69.923612,
10.779890, 72.557125, 1.2760723, 70.628429, 70.582858,
10.788350, 79.470724, 1.2981348, 71.274494, 71.235010,
10.796810, 70.638123, 1.3129945, 71.913133, 71.880309,
10.805270, 75.439739, 1.5643764, 72.543746, 72.518176,
10.813730, 73.537546, 1.4205994, 73.165730, 73.148032,
10.822190, 74.381386, 1.3406068, 73.778479, 73.769296,
10.830650, 74.272091, 1.5665580, 74.381386, 74.381386,
10.839100, 75.219938, 1.6547116, 74.973240, 74.983093,
10.847560, 82.702808, 1.4473707, 75.555544, 75.575901,
10.856010, 79.250847, 1.5966631, 76.127077, 76.158506,
10.864460, 85.181242, 1.8292891, 76.688593, 76.731619,
10.872910, 86.732456, 1.6130052, 77.240312, 77.295407,
10.881360, 86.704330, 1.7134709, 77.782444, 77.850031,
10.889800, 84.794027, 1.6759462, 78.314419, 78.394855,
10.898250, 90.003771, 1.8193015, 78.837647, 78.931269,
10.906690, 84.353991, 2.2651478, 79.351089, 79.458159,
10.915140, 86.451584, 1.8782222, 79.856103, 79.976871,
10.923580, 98.083853, 2.0541161, 80.351573, 80.486209,
10.932020, 96.086924, 2.0970270, 80.838266, 80.986918,
10.940460, 100.82196, 2.1375996, 81.316316, 81.479091,
10.948890, 104.09965, 2.2478935, 81.785275, 81.962223,
10.957330, 113.73545, 2.3748421, 82.246439, 82.437607,
10.965760, 122.06540, 1.5391447, 82.698838, 82.904205,
10.974200, 132.22458, 1.4914444, 83.143619, 83.363162,
10.982630, 143.08418, 1.8165272, 83.579850, 83.813478,
10.991060, 156.51835, 2.1649659, 84.008257, 84.255866,
10.999490, 156.28728, 1.8109081, 84.428859, 84.690313,
11.007920, 158.03762, 1.9606721, 84.841868, 85.117003,
11.016340, 158.50885, 1.4642622, 85.246848, 85.535455,
11.024770, 159.89475, 2.4751387, 85.644876, 85.946750,
11.033190, 157.83342, 1.8358958, 86.035159, 86.350041,
11.041610, 152.65035, 1.8786874, 86.418259, 86.745880,
11.050030, 150.45354, 2.0150697, 86.794282, 87.134350,
11.058450, 155.77595, 1.7539040, 87.163330, 87.515531,
11.066870, 155.06208, 1.9972129, 87.525505, 87.889504,
11.075290, 145.47718, 1.7004470, 87.880906, 88.256349,
11.083700, 139.73520, 6.2014897, 88.229240, 88.615741,
11.092120, 131.33208, 2.3445279, 88.571394, 88.968574,
11.100530, 134.32827, 1.8750809, 88.906647, 89.314087,
11.108940, 142.60005, 1.9752902, 89.235561, 89.652838,
11.117350, 138.61325, 3.3187645, 89.558150, 89.984828,
11.120570, 151.72870, 1.7887274, 89.680045, 90.110205,
11.129530, 151.01935, 1.6776367, 90.014423, 90.453915,
11.138500, 158.66255, 1.6745073, 90.342287, 90.790591,
11.147460, 171.60098, 1.7719906, 90.662975, 91.119535,
11.156430, 197.41795, 1.9196418, 90.977338, 91.441606,
11.165390, 222.20905, 1.8801547, 91.284739, 91.756139,
11.174350, 255.97345, 2.4905471, 91.585647, 92.063600,
11.183300, 304.22041, 2.2135376, 91.879846, 92.363760,
11.192260, 345.52427, 2.3200955, 92.168056, 92.657344,
11.201220, 370.06850, 2.2904073, 92.450051, 92.944112,
11.210170, 372.43506, 2.2661012, 92.725630, 93.223855,
11.219120, 393.75773, 2.4369766, 92.995183, 93.496963,
11.228070, 379.91637, 2.3734960, 93.258795, 93.763518,
11.237020, 375.08218, 2.2396750, 93.516524, 94.023575,
11.245970, 385.73543, 2.3690898, 93.768505, 94.277269,
11.254920, 368.93324, 2.3060138, 94.014790, 94.524652,
11.263860, 360.63348, 2.2655830, 94.255179, 94.765525,
11.272800, 353.93715, 2.1801171, 94.490065, 95.000283,
11.281750, 340.94591, 2.1448643, 94.719715, 95.229195,
11.290690, 325.06824, 2.1654009, 94.943761, 95.451899,
11.299630, 308.96588, 2.0997192, 95.162474, 95.668670,
11.308560, 294.23443, 2.0175471, 95.375724, 95.879386,
11.317500, 278.20970, 1.9853590, 95.584034, 96.084573,
11.326430, 265.70683, 2.0340494, 95.787026, 96.283865,
11.335370, 249.56085, 1.9706955, 95.985200, 96.477763,
11.344300, 231.26095, 1.8648322, 96.178196, 96.665925,
11.353230, 225.48672, 1.8211697, 96.366290, 96.848633,
11.362160, 220.40845, 1.9278248, 96.549523, 97.025941,
11.371080, 211.86823, 1.8512656, 96.727806, 97.197776,
11.380010, 198.35162, 1.7391240, 96.901540, 97.364538,
11.388930, 191.34083, 1.7186633, 97.070447, 97.525978,
11.397850, 182.18290, 1.7996490, 97.234733, 97.682309,
11.406780, 181.61760, 1.8649487, 97.394656, 97.833794,
11.415700, 171.98782, 1.6796236, 97.549892, 97.980144,
11.424610, 167.29411, 1.6671767, 97.700524, 98.121458,
11.433530, 165.70105, 1.7332300, 97.846923, 98.258106,
11.442450, 164.79220, 1.8481949, 97.988973, 98.390001,
11.451360, 152.09545, 1.6982958, 98.126578, 98.517073,
11.460270, 147.54605, 1.6408745, 98.259936, 98.639532,
11.469180, 145.30135, 1.7175338, 98.389091, 98.757442,
11.478090, 136.51823, 1.7785254, 98.514087, 98.870867,
11.487000, 136.05572, 1.6061173, 98.634965, 98.979870,
11.495910, 139.71932, 1.7373570, 98.751754, 99.084503,
11.504810, 126.99530, 1.7966118, 98.864399, 99.184747,
11.513710, 130.50422, 1.7752689, 98.973041, 99.280755,
11.522620, 123.59212, 1.7437580, 99.077851, 99.372706,
11.531520, 121.25457, 1.7619608, 99.178617, 99.460444,
11.540420, 118.82435, 1.8335835, 99.275499, 99.544140,
11.549310, 117.25887, 1.9401740, 99.368434, 99.623771,
11.558210, 115.82430, 1.9681825, 99.457662, 99.699575,
11.567100, 113.58080, 2.0217864, 99.542994, 99.771425,
11.576000, 117.93318, 1.9048707, 99.624681, 99.839564,
11.584890, 115.60957, 2.0224631, 99.702550, 99.903882,
11.593780, 109.46565, 1.8644540, 99.776718, 99.964513,
11.602670, 106.46778, 1.8087539, 99.847229, 100.02153,
11.611560, 103.05479, 2.3827241, 99.914099, 100.07497,
11.620440, 112.62683, 2.0568861, 99.977281, 100.12485,
11.629330, 103.42965, 2.1271936, 100.03695, 100.17134,
11.638210, 102.45558, 2.1170036, 100.09298, 100.21438,
11.647090, 110.43810, 2.3536422, 100.14547, 100.25408,
11.655970, 109.75098, 2.3141201, 100.19444, 100.29051,
11.664850, 101.19841, 1.8109321, 100.23992, 100.32370,
11.673730, 100.28004, 1.3347900, 100.28190, 100.35373,
11.682600, 109.85660, 1.4226960, 100.32038, 100.38060,
11.691480, 104.41467, 1.3901480, 100.35545, 100.40444,
11.700350, 100.86781, 1.4926000, 100.38706, 100.42525,
11.709220, 110.06585, 1.5921244, 100.41525, 100.44310,
11.718090, 104.06630, 1.5646897, 100.44004, 100.45806,
11.726960, 99.385424, 1.4473092, 100.46144, 100.47016,
11.735830, 100.47946, 1.5230387, 100.47946, 100.47946,
11.744690, 100.22823, 1.7128446, 100.49411, 100.48601,
11.753560, 100.58475, 1.6172446, 100.50547, 100.48986,
11.762420, 97.308277, 1.5599790, 100.51358, 100.49103,
11.771280, 104.52963, 2.7620740, 100.51850, 100.48958,
11.775020, 103.25270, 1.4525667, 100.51964, 100.48818,
11.784500, 101.63410, 1.4558048, 100.52006, 100.48258,
11.793980, 104.21815, 1.4443825, 100.51700, 100.47407,
11.803460, 99.309532, 1.9202450, 100.51052, 100.46268,
11.812940, 106.27703, 1.3888704, 100.50070, 100.44847,
11.822420, 117.22775, 1.9715203, 100.48759, 100.43146,
11.831890, 108.09815, 1.4226970, 100.47129, 100.41173,
11.841360, 107.85087, 1.9537558, 100.45184, 100.38930,
11.850840, 110.53938, 1.3050449, 100.42929, 100.36419,
11.860310, 113.15200, 1.3825441, 100.40373, 100.33647,
11.869770, 117.45918, 1.4079318, 100.37523, 100.30621,
11.879240, 116.34235, 1.5335810, 100.34380, 100.27338,
11.888710, 115.65060, 1.3417396, 100.30953, 100.23805,
11.898170, 117.32458, 1.3967882, 100.27250, 100.20029,
11.907630, 123.45983, 1.4831962, 100.23275, 100.16012,
11.917090, 112.94673, 1.3588834, 100.19033, 100.11757,
11.926550, 116.75455, 1.3398144, 100.14528, 100.07267,
11.936010, 119.76610, 1.3310520, 100.09767, 100.02547,
11.945470, 116.66293, 1.4356817, 100.04755, 99.975996,
11.954920, 116.95098, 1.3602798, 99.995020, 99.924349,
11.964370, 122.03285, 1.6437364, 99.940084, 99.870512,
11.973830, 123.16353, 1.3153902, 99.882727, 99.814458,
11.983280, 115.53043, 1.5124700, 99.823124, 99.756346,
11.992720, 117.07178, 1.3440439, 99.761332, 99.696221,
12.002170, 113.69737, 1.2751837, 99.697261, 99.633983,
12.011610, 114.73467, 1.3144475, 99.631093, 99.569800,
12.021060, 116.42222, 1.4110138, 99.562740, 99.503576,
12.030500, 108.63860, 1.3766894, 99.492385, 99.435481,
12.039940, 110.72395, 1.3008794, 99.420013, 99.365490,
12.049380, 108.86572, 1.2803421, 99.345652, 99.293622,
12.058820, 108.17613, 1.4227435, 99.269360, 99.219927,
12.068250, 112.08558, 1.4282378, 99.191254, 99.144508,
12.077690, 108.03330, 1.3984571, 99.111207, 99.067238,
12.087120, 108.34835, 1.2978147, 99.029441, 98.988322,
12.096550, 102.77378, 1.3510711, 98.945906, 98.907709,
12.105980, 105.02768, 1.4072409, 98.860643, 98.825430,
12.115410, 106.97495, 1.3980308, 98.773692, 98.741518,
12.124830, 101.08670, 1.2973327, 98.685181, 98.656094,
12.134260, 105.69325, 1.3494459, 98.594970, 98.569015,
12.143680, 108.57632, 1.5215941, 98.503289, 98.480500,
12.153100, 105.14647, 1.5178560, 98.410064, 98.390474,
12.162520, 106.52732, 1.6190598, 98.315343, 98.298979,
12.171940, 102.81133, 1.4394957, 98.219171, 98.206054,
12.181360, 100.10324, 1.5147400, 98.121564, 98.111712,
12.190770, 102.04543, 1.5639396, 98.022678, 98.016101,
12.200180, 94.945450, 1.7596895, 97.922440, 97.919147,
12.209600, 95.837051, 1.4893277, 97.820770, 97.820770,
12.219010, 97.820770, 3.0723405, 97.717926, 97.721218,
12.228420, 99.900190, 1.9604851, 97.613820, 97.620398,
12.237820, 104.69302, 1.9899260, 97.508591, 97.518442,
12.247230, 102.13147, 1.6188268, 97.402025, 97.415135,
12.256630, 116.74412, 1.9219620, 97.294369, 97.310712,
12.266040, 159.28139, 2.0068997, 97.185426, 97.204975,
12.275440, 299.01260, 2.7934296, 97.075436, 97.098154,
12.284840, 245.21655, 2.4701014, 96.964320, 96.990167,
12.294230, 119.01028, 2.0407618, 96.852189, 96.881118,
12.303630, 112.30200, 2.4503633, 96.738856, 96.770820,
12.313030, 107.81388, 2.0742721, 96.624431, 96.659376,
12.322420, 109.98235, 2.4948765, 96.509072, 96.546936,
12.331810, 108.40015, 1.6060633, 96.392670, 96.433391,
12.341200, 108.30208, 1.3361149, 96.275241, 96.318753,
12.350590, 114.48310, 1.5183714, 96.156803, 96.203035,
12.359980, 110.66595, 1.5803013, 96.037373, 96.086251,
12.369360, 116.25208, 1.7632669, 95.917089, 95.968534,
12.378750, 112.66555, 1.5222595, 95.795722, 95.849657,
12.388130, 112.69127, 1.6220092, 95.673536, 95.729874,
12.397510, 110.84075, 1.6049107, 95.550434, 95.609090,
12.406890, 111.55832, 1.5894615, 95.426407, 95.487292,
12.416270, 120.15973, 1.9250740, 95.301482, 95.364505,
12.425640, 119.03368, 1.6049403, 95.175814, 95.240881,
12.435020, 116.68058, 1.7941480, 95.049136, 95.116154,
12.444390, 122.88075, 1.6880323, 94.921746, 94.990614,
12.453760, 121.48705, 1.7194261, 94.793515, 94.864136,
12.463130, 115.58905, 1.6740794, 94.664456, 94.736730,
12.472500, 125.29562, 1.7573124, 94.534583, 94.608407,
12.481870, 134.82678, 2.1289973, 94.403908, 94.479181,
12.489420, 128.45680, 1.6348793, 94.298035, 94.374399,
12.499490, 130.42403, 1.9095750, 94.156044, 94.233757,
12.509550, 133.43258, 1.5544269, 94.013303, 94.092242,
12.519610, 131.21157, 1.5726500, 93.869692, 93.949735,
12.529670, 135.64132, 1.6273631, 93.725239, 93.806262,
12.539730, 136.50935, 7.8967784, 93.579931, 93.661810,
12.549780, 143.89082, 1.8702211, 93.433947, 93.516558,
12.559840, 137.11825, 1.4682300, 93.286996, 93.370215,
12.569890, 141.41395, 1.4320484, 93.139397, 93.223099,
12.579940, 138.84560, 1.5253142, 92.991010, 93.075071,
12.589990, 146.75205, 1.4771805, 92.841846, 92.926143,
12.600040, 150.32740, 1.4512454, 92.691904, 92.776315,
12.610090, 149.58598, 1.4219889, 92.541224, 92.625625,
12.620130, 157.63083, 1.6181183, 92.389960, 92.474232,
12.630170, 164.45375, 1.5202267, 92.237954, 92.321975,
12.640210, 162.61938, 1.4955455, 92.085229, 92.168882,
12.650250, 159.35765, 1.4190388, 91.931796, 92.014963,
12.660290, 162.22880, 1.4862657, 91.777681, 91.860246,
12.670330, 165.01340, 1.4457924, 91.622864, 91.704712,
12.680360, 167.58293, 1.5934177, 91.467531, 91.548552,
12.690390, 176.54495, 1.5757948, 91.311531, 91.391614,
12.700420, 174.88505, 1.5091441, 91.154859, 91.233895,
12.710450, 176.69695, 1.4692462, 90.997552, 91.075435,
12.720480, 178.41278, 1.5067975, 90.839605, 90.916232,
12.730500, 182.43230, 1.7758126, 90.681178, 90.756447,
12.740530, 184.44018, 1.4950505, 90.521976, 90.595789,
12.750550, 172.07900, 1.3817121, 90.362310, 90.434572,
12.760570, 172.83535, 1.4742154, 90.202053, 90.272672,
12.770590, 175.18775, 1.4601042, 90.041181, 90.110066,
12.780610, 167.02362, 1.4490492, 89.879717, 89.946781,
12.790620, 165.12663, 1.4830168, 89.717838, 89.783000,
12.800640, 162.79647, 1.4025041, 89.555211, 89.618389,
12.810650, 169.56173, 1.4571040, 89.392183, 89.453302,
12.820660, 158.20800, 1.4021316, 89.228591, 89.287579,
12.830670, 143.85832, 1.3205344, 89.064426, 89.121212,
12.840680, 138.03852, 1.2895583, 88.899724, 88.954243,
12.850680, 131.15352, 1.3111333, 88.734633, 88.786827,
12.860690, 125.56987, 1.3892225, 88.568844, 88.618653,
12.870690, 119.20310, 1.2996226, 88.402679, 88.450052,
12.880690, 116.20828, 1.3070515, 88.236000, 88.280889,
12.890690, 108.03757, 1.4176974, 88.068780, 88.111140,
12.900680, 109.07338, 1.2772975, 87.901217, 87.941012,
12.910680, 106.46638, 1.2950191, 87.732963, 87.770154,
12.920670, 102.17371, 1.2921093, 87.564376, 87.598936,
12.930670, 96.858126, 2.3807528, 87.395105, 87.427006,
12.940660, 96.512854, 1.5585946, 87.225494, 87.254717,
12.950640, 94.725658, 3.3286017, 87.055579, 87.082113,
12.960630, 92.859768, 1.6937700, 86.884976, 86.908807,
12.970620, 95.358767, 1.3369324, 86.713897, 86.735022,
12.980600, 97.624407, 1.3603795, 86.542496, 86.560916,
12.990580, 94.617140, 1.4332203, 86.370626, 86.386350,
13.000560, 87.313377, 1.3594906, 86.198259, 86.211298,
13.010540, 87.885366, 1.4257619, 86.025414, 86.035785,
13.020520, 88.541613, 1.3409294, 85.852094, 85.859820,
13.030490, 87.984142, 1.4455407, 85.678482, 85.683596,
13.040470, 83.668640, 1.4851834, 85.504217, 85.506752,
13.050440, 85.329666, 1.4641204, 85.329666, 85.329666,
13.060410, 82.746372, 1.4341782, 85.154652, 85.152164,
13.070380, 87.013147, 1.4715290, 84.979177, 84.974249,
13.080350, 89.007347, 1.6099187, 84.803296, 84.795976,
13.090310, 82.796852, 1.6293489, 84.627183, 84.617521,
13.100280, 90.645067, 1.7302597, 84.450522, 84.438563,
13.110240, 89.309517, 1.7010623, 84.273673, 84.259468,
13.120200, 77.876698, 1.7162026, 84.096488, 84.080086,
13.130160, 91.082302, 1.8015147, 83.918989, 83.900438,
13.140110, 86.575321, 1.4248323, 83.741384, 83.720735,
13.150070, 84.181259, 1.1579391, 83.563320, 83.540620,
13.160020, 81.637869, 1.1754737, 83.385192, 83.360493,
13.169980, 81.212547, 1.2634408, 83.206645, 83.179997,
13.179930, 79.388700, 1.2766795, 83.028077, 82.999533,
13.189870, 76.538509, 1.5333267, 82.849490, 82.819105,
13.199820, 77.453409, 1.2880519, 82.670564, 82.638388,
13.209770, 79.043045, 1.2622082, 82.491473, 82.457560,
13.219710, 82.466837, 1.2966175, 82.312442, 82.276850,
13.229650, 79.160782, 1.3518248, 82.133321, 82.096105,
13.239590, 79.423630, 1.3472540, 81.954096, 81.915312,
13.249530, 75.743547, 1.3089087, 81.774804, 81.734511,
13.259470, 75.433073, 1.3184283, 81.595465, 81.553721,
13.269410, 73.681934, 1.9845408, 81.416099, 81.372964,
13.279340, 78.667894, 1.5569613, 81.236916, 81.192452,
13.289270, 81.889551, 1.5624131, 81.057729, 81.011998,
13.299200, 79.636118, 1.5676655, 80.878593, 80.831658,
13.309130, 76.576088, 1.7422922, 80.699511, 80.651436,
13.318260, 77.465136, 1.1886215, 80.534906, 80.485840,
13.328980, 80.634390, 1.1991847, 80.341742, 80.291584,
13.339690, 80.158747, 1.2060833, 80.148899, 80.097728,
13.350400, 84.098291, 1.2259456, 79.956214, 79.904110,
13.361120, 81.441507, 1.2093197, 79.763524, 79.710567,
13.371830, 83.938292, 1.5150292, 79.571232, 79.517504,
13.382530, 85.106699, 1.2723382, 79.379345, 79.324931,
13.393240, 83.272142, 1.1455982, 79.187547, 79.132530,
13.403940, 82.508566, 1.1755984, 78.996206, 78.940672,
13.414650, 82.085882, 1.1601069, 78.805005, 78.749040,
13.425350, 84.966600, 1.1382320, 78.614313, 78.558004,
13.436050, 84.095108, 1.1192825, 78.423983, 78.367419,
13.446740, 89.332296, 1.1408499, 78.234230, 78.177499,
13.457440, 90.753855, 1.0800484, 78.044706, 77.987899,
13.468130, 92.107767, 1.0360227, 77.855810, 77.799016,
13.478830, 94.475874, 1.0337966, 77.667198, 77.610508,
13.489520, 90.886683, 1.0115571, 77.479267, 77.422772,
13.500200, 94.149946, 1.1190935, 77.292026, 77.235816,
13.510890, 97.443523, 1.0746582, 77.105167, 77.049334,
13.521570, 99.647972, 1.1019960, 76.919052, 76.863687,
13.532260, 101.64120, 0.98453552, 76.733376, 76.678571,
13.542940, 100.85966, 1.0248588, 76.548498, 76.494343,
13.553620, 101.17959, 1.0620090, 76.364281, 76.310867,
13.564290, 101.61583, 1.0693868, 76.180933, 76.128349,
13.574970, 94.423656, 0.99472051, 75.998123, 75.946458,
13.585640, 94.591307, 0.95599443, 75.816239, 75.765580,
13.596320, 94.962059, 0.99478550, 75.634952, 75.585387,
13.606990, 92.690119, 1.0358233, 75.454649, 75.406263,
13.617650, 91.136675, 1.1027143, 75.275341, 75.228217,
13.628320, 90.664459, 1.0381422, 75.096737, 75.050959,
13.638980, 89.528778, 0.95796060, 74.919189, 74.874834,
13.649650, 91.412912, 0.97021111, 74.742409, 74.699558,
13.660310, 87.831226, 1.1004564, 74.566744, 74.525472,
13.670970, 84.419682, 1.1196991, 74.392069, 74.352448,
13.681630, 88.130997, 0.98251454, 74.218415, 74.180515,
13.692280, 84.732933, 0.99527662, 74.045985, 74.009872,
13.702940, 80.884542, 1.0469115, 73.874472, 73.840211,
13.713590, 78.849457, 1.0163466, 73.704247, 73.671896,
13.724240, 77.332764, 1.0866797, 73.535160, 73.504776,
13.734890, 75.839035, 0.96699859, 73.367275, 73.338909,
13.745530, 77.582096, 1.0195576, 73.200761, 73.174459,
13.756180, 79.617636, 1.1228272, 73.035356, 73.011160,
13.766820, 73.085369, 1.1211704, 72.871391, 72.849338,
13.777460, 74.013041, 1.0854986, 72.708753, 72.688875,
13.788100, 74.611740, 1.0657262, 72.547481, 72.529802,
13.798740, 74.776588, 1.0666478, 72.387612, 72.372152,
13.809380, 73.676123, 1.1399405, 72.229198, 72.215970,
13.820010, 72.952438, 1.1940561, 72.072389, 72.061397,
13.830640, 74.352400, 1.1348971, 71.917111, 71.908353,
13.841270, 74.448784, 1.1798809, 71.763376, 71.756842,
13.851900, 72.975965, 1.1575838, 71.611251, 71.606925,
13.862530, 69.025671, 1.6071435, 71.460764, 71.458619,
13.873150, 68.830843, 1.2727302, 71.312090, 71.312090,
13.883780, 71.312090, 1.3878213, 71.164995, 71.167100,
13.894400, 72.915527, 1.4328666, 71.019741, 71.023910,
13.905020, 68.808172, 1.3256704, 70.876182, 70.882381,
13.915640, 70.320518, 1.4463645, 70.734308, 70.742509,
13.926250, 71.893311, 1.5355913, 70.594235, 70.604409,
13.936870, 75.375605, 1.3723024, 70.455712, 70.467842,
13.947480, 75.899948, 1.4254474, 70.318957, 70.333021,
13.958090, 74.798847, 1.5201409, 70.183858, 70.199842,
13.968700, 73.331236, 2.0922798, 70.050387, 70.068277,
13.979310, 78.839771, 1.7756642, 69.918558, 69.938345,
13.989910, 73.302065, 1.5280504, 69.788472, 69.810143,
14.000520, 68.891533, 1.9392089, 69.659888, 69.683437,
14.011120, 72.616680, 1.6248205, 69.533034, 69.558451,
14.021720, 72.105438, 1.8084268, 69.407788, 69.435066,
14.032320, 69.229815, 1.8468875, 69.284148, 69.313280,
14.042920, 74.500463, 1.6394686, 69.162111, 69.193088,
14.053510, 70.427052, 1.7468050, 69.041794, 69.074605,
14.064110, 66.652266, 1.8964577, 68.922957, 68.957593,
14.074700, 70.394602, 2.2661673, 68.805824, 68.842271,
14.085290, 74.082129, 2.0262662, 68.690298, 68.728541,
14.095870, 70.003500, 1.4882338, 68.576471, 68.616491,
14.106460, 74.280907, 1.1737930, 68.464140, 68.505918,
14.117040, 70.766743, 1.2561785, 68.353508, 68.397018,
14.127630, 68.822291, 1.2942523, 68.244370, 68.289585,
14.138210, 71.422701, 1.4354362, 68.136945, 68.183831,
14.148790, 78.243284, 1.4248544, 68.031127, 68.079647,
14.159370, 74.096041, 1.4175877, 67.926923, 67.977034,
14.169940, 77.545628, 1.4299970, 67.824439, 67.876091,
14.180520, 75.701639, 2.8000647, 67.723476, 67.776617,
14.182090, 77.886927, 1.4051488, 67.708635, 67.761992,
14.193560, 77.957947, 1.3030389, 67.601288, 67.656179,
14.205030, 74.296276, 1.3937753, 67.495860, 67.552204,
14.216500, 81.659996, 1.4220523, 67.392380, 67.450085,
14.227970, 77.464766, 1.8442034, 67.290851, 67.349815,
14.239430, 80.237709, 1.4944412, 67.191366, 67.251478,
14.250890, 77.351658, 1.2338984, 67.093863, 67.154997,
14.262350, 75.202051, 1.2687922, 66.998339, 67.060361,
14.273810, 73.996273, 1.2683966, 66.904819, 66.967580,
14.285270, 78.324272, 1.3619076, 66.813325, 66.876665,
14.296730, 75.529606, 1.2342562, 66.723861, 66.787603,
14.308180, 71.970312, 1.4556464, 66.636530, 66.700486,
14.319630, 68.422209, 1.6941611, 66.551271, 66.615234,
14.331080, 72.007574, 1.2340497, 66.468096, 66.531846,
14.342530, 69.153561, 1.2157568, 66.387040, 66.450340,
14.353970, 67.274204, 1.0705810, 66.308191, 66.370786,
14.365410, 69.014286, 1.0465968, 66.231489, 66.293108,
14.376860, 70.719440, 1.2550449, 66.156906, 66.217256,
14.388300, 67.566372, 1.2310375, 66.084590, 66.143362,
14.399730, 68.851109, 1.1033531, 66.014568, 66.071435,
14.411170, 67.445164, 1.0089434, 65.946740, 66.001348,
14.422600, 65.325071, 0.96537627, 65.881258, 65.933238,
14.434030, 66.403122, 0.95946930, 65.818089, 65.867047,
14.445460, 69.006065, 1.0261059, 65.757259, 65.802777,
14.456890, 66.354605, 1.0258650, 65.698810, 65.740447,
14.468320, 68.567612, 0.91451996, 65.642771, 65.680062,
14.479740, 63.815647, 0.82590809, 65.589218, 65.621676,
14.491160, 66.555262, 0.91532056, 65.538140, 65.565249,
14.502580, 65.904928, 0.91330709, 65.489578, 65.510794,
14.514000, 65.359368, 0.91359972, 65.443561, 65.458313,
14.525420, 65.103198, 0.92194178, 65.400132, 65.407819,
14.536830, 66.939726, 0.84444353, 65.359368, 65.359368,
14.548240, 62.814730, 0.83500965, 65.321233, 65.312907,
14.559650, 67.333302, 1.0351846, 65.285577, 65.268362,
14.571060, 63.739452, 0.93103027, 65.252227, 65.225654,
14.582470, 64.476166, 1.0971492, 65.220998, 65.184693,
14.593870, 66.163517, 1.0098003, 65.191737, 65.145426,
14.605270, 65.558228, 1.0415549, 65.164237, 65.107732,
14.616670, 64.571127, 1.5704721, 65.138324, 65.071530,
14.628070, 59.964261, 15.949750, 65.113819, 65.036729,
14.639470, 65.553257, 0.97600152, 65.090547, 65.003248,
14.650860, 63.386972, 0.87432726, 65.068355, 64.971032,
14.662260, 64.230731, 0.95295339, 65.047027, 64.939938,
14.673650, 66.017253, 1.0261612, 65.026429, 64.909939,
14.685040, 64.674719, 1.0038481, 65.006366, 64.880920,
14.696420, 62.557802, 1.0016684, 64.986687, 64.852830,
14.707810, 63.909909, 1.0079467, 64.967180, 64.825528,
14.719190, 62.297547, 1.1396098, 64.947712, 64.798987,
14.730570, 62.090719, 1.4832374, 64.928090, 64.773095,
14.741950, 63.796681, 1.1485220, 64.908143, 64.747771,
14.753330, 67.144714, 1.1054716, 64.887700, 64.722933,
14.764700, 68.039835, 1.3370535, 64.866607, 64.698522,
14.776080, 65.563556, 1.1286937, 64.844652, 64.674410,
14.787450, 67.598732, 1.1340146, 64.821705, 64.650560,
14.798820, 66.951859, 1.2398521, 64.797570, 64.626868,
14.810190, 66.035774, 1.3304950, 64.772073, 64.603251,
14.821550, 65.880421, 1.2089758, 64.745067, 64.579650,
14.832920, 64.558803, 1.1494104, 64.716329, 64.555942,
14.844280, 65.673539, 1.2883645, 64.685732, 64.532085,
14.855640, 63.395983, 1.2975487, 64.653075, 64.507979,
14.866990, 62.191656, 1.2233548, 64.618215, 64.483564,
14.878350, 60.254501, 1.1754148, 64.580909, 64.458714,
14.889710, 64.349624, 1.2586027, 64.541009, 64.433369,
14.901060, 64.796703, 1.3160338, 64.498374, 64.407471,
14.912410, 69.464523, 1.3854709, 64.452786, 64.380917,
14.923760, 63.946374, 1.3504389, 64.404060, 64.353622,
14.935100, 57.927760, 1.3943275, 64.352066, 64.325534,
14.946450, 65.669170, 1.4121116, 64.296515, 64.296515,
14.957790, 64.296515, 1.3605571, 64.237506, 64.266576,
14.969130, 70.373487, 1.7897703, 64.175702, 64.235792,
14.980470, 72.387695, 1.5471956, 64.111979, 64.204293,
14.991810, 71.887980, 1.6359670, 64.047227, 64.172217,
15.003140, 66.131306, 1.5631762, 63.982387, 64.139727,
15.014480, 66.187896, 1.4739755, 63.918238, 64.106906,
15.025810, 66.139534, 1.4959428, 63.855762, 64.073938,
15.037140, 66.403365, 1.6223103, 63.795798, 64.040936,
15.048460, 68.035331, 1.7471309, 63.739271, 64.008059,
15.059790, 64.913735, 1.6519790, 63.686973, 63.975387,
15.071110, 64.337666, 1.6673645, 63.639877, 63.943110,
15.082440, 68.194818, 1.2480901, 63.598792, 63.911304,
15.093750, 70.977696, 1.1031854, 63.564714, 63.880193,
15.105070, 68.860249, 1.1144138, 63.538434, 63.849822,
15.116390, 69.203901, 1.3352588, 63.520884, 63.820356,
15.127700, 65.827305, 1.1600453, 63.512971, 63.791956,
15.139020, 69.868870, 1.2540487, 63.515585, 63.764705,
15.150330, 67.376017, 1.1840362, 63.529634, 63.738787,
15.162390, 59.996325, 1.4044657, 63.558240, 63.712742,
15.174730, 60.152210, 1.6852834, 63.603209, 63.687961,
15.187070, 65.057484, 1.2639227, 63.665249, 63.665249,
15.199410, 63.665249, 1.4425296, 63.745220, 63.644743,
15.211740, 60.583478, 1.2924133, 63.842426, 63.626463,
15.224080, 66.825815, 1.1899628, 63.956101, 63.610343,
15.236410, 64.579189, 1.1119856, 64.085106, 63.596379,
15.248740, 65.157949, 1.1834888, 64.228603, 63.584525,
15.261060, 67.509634, 1.2282551, 64.385533, 63.574757,
15.273390, 67.830227, 1.2576925, 64.555253, 63.567027,
15.285710, 66.871185, 1.2358848, 64.736585, 63.561319,
15.298030, 61.347118, 1.1436505, 64.928743, 63.557596,
15.310350, 66.505484, 1.1489997, 65.130867, 63.555827,
15.322660, 68.119132, 1.2524521, 65.341876, 63.555984,
15.334980, 63.031673, 1.1780389, 65.561233, 63.558037,
15.347290, 62.200246, 1.1653575, 65.787724, 63.561955,
15.359600, 64.663603, 1.2117896, 66.020649, 63.567711,
15.371900, 72.675539, 1.2274816, 66.258937, 63.575271,
15.384210, 68.448943, 1.4661818, 66.502135, 63.584620,
15.396510, 78.685064, 1.4350477, 66.748988, 63.595718,
15.408810, 68.599244, 1.3531552, 66.998810, 63.608542,
15.421110, 72.122547, 1.3170485, 67.250787, 63.623070,
15.433410, 67.935711, 1.1716250, 67.504027, 63.639274,
15.445700, 63.145121, 1.2225262, 67.757503, 63.657115,
15.457990, 64.199897, 1.2448966, 68.010561, 63.676580,
15.470280, 66.778992, 1.3694484, 68.262353, 63.697645,
15.482570, 66.861027, 1.2362776, 68.512029, 63.720286,
15.494860, 68.071825, 1.1920006, 68.758737, 63.744479,
15.507140, 70.313614, 1.1953856, 69.001440, 63.770180,
15.519420, 67.431322, 1.1379395, 69.239458, 63.797383,
15.531700, 69.190496, 1.2156974, 69.471973, 63.826068,
15.543980, 69.916985, 1.2820133, 69.698091, 63.856209,
15.556260, 72.217941, 1.5499666, 69.916985, 63.887789,
15.568530, 67.854294, 1.1426781, 70.127834, 63.920754,
15.580800, 70.186277, 1.0455579, 70.331160, 63.955111,
15.593070, 70.602093, 1.0929252, 70.527530, 63.990836,
15.605340, 68.593147, 1.2586192, 70.717506, 64.027911,
15.617600, 72.851976, 1.1119059, 70.901509, 64.066283,
15.629860, 72.740898, 1.0848709, 71.080227, 64.105957,
15.642120, 73.010416, 1.0593518, 71.254242, 64.146921,
15.654380, 70.249691, 0.99409657, 71.424075, 64.189147,
15.666640, 74.819527, 1.0078077, 71.590300, 64.232624,
15.678890, 74.151028, 1.1128074, 71.753309, 64.277289,
15.691140, 74.886644, 0.97238247, 71.913789, 64.323160,
15.703390, 75.767593, 0.90763867, 72.072280, 64.370220,
15.715640, 71.712128, 0.95256649, 72.229320, 64.418449,
15.727890, 72.427828, 1.0888984, 72.385449, 64.467829,
15.740130, 73.675718, 1.0522153, 72.541084, 64.518303,
15.752370, 76.272411, 1.0943628, 72.696869, 64.569887,
15.764610, 80.298950, 1.0945188, 72.853367, 64.622572,
15.776850, 79.505917, 1.0760409, 73.011090, 64.676333,
15.789090, 77.121323, 1.1026616, 73.170599, 64.731160,
15.801320, 78.453835, 1.1892563, 73.332282, 64.786985,
15.813550, 80.413359, 1.2442296, 73.496813, 64.843838,
15.825780, 81.373337, 1.2459531, 73.664732, 64.901702,
15.838010, 80.358337, 1.1874947, 73.836582, 64.960561,
15.850230, 79.988459, 1.2206162, 74.012766, 65.020354,
15.862450, 80.678324, 1.2000478, 74.193949, 65.081104,
15.874670, 79.971029, 1.3514561, 74.380707, 65.142806,
15.886890, 80.663548, 1.3801416, 74.573578, 65.205440,
15.899110, 87.375160, 1.4413947, 74.773100, 65.268986,
15.911320, 81.624506, 1.4720054, 74.979681, 65.333384,
15.923540, 77.758554, 1.3227111, 75.194225, 65.398724,
15.935750, 79.127108, 1.3973784, 75.416927, 65.464880,
15.947960, 79.782862, 1.4442088, 75.648539, 65.531894,
15.960160, 75.767515, 1.5298883, 75.889444, 65.599698,
15.972370, 71.920696, 1.4641309, 76.140598, 65.668385,
15.984570, 80.976854, 1.4191986, 76.402171, 65.737827,
15.996770, 79.407339, 1.4683323, 76.674989, 65.808076,
16.008961, 83.058918, 1.5121643, 76.959399, 65.879057,
16.021160, 84.922155, 1.5623326, 77.256426, 65.950862,
16.033350, 83.229311, 1.5152432, 77.566235, 66.023372,
16.045549, 81.574802, 1.6245575, 77.889928, 66.096688,
16.057739, 86.903517, 4.1448209, 78.227622, 66.170681,
16.069920, 82.947838, 1.4620022, 78.579915, 66.245338,
16.082109, 75.442959, 1.4584947, 78.947995, 66.320763,
16.094290, 76.822702, 1.7357735, 79.331935, 66.396827,
16.106470, 79.096584, 1.4333406, 79.732671, 66.473576,
16.118650, 78.335312, 1.4590307, 80.150867, 66.550997,
16.130831, 83.732033, 1.5039906, 80.587197, 66.629080,
16.143009, 76.021929, 1.4385436, 81.042272, 66.707800,
16.155180, 76.249823, 1.6613853, 81.516551, 66.787108,
16.167351, 87.847075, 1.4769984, 82.011015, 66.867042,
16.179520, 76.677376, 1.8685946, 82.526297, 66.947578,
16.191681, 82.526297, 1.6242689, 83.062457, 67.028666,
16.203850, 81.894371, 1.5045636, 83.618920, 67.110397,
16.216009, 86.676971, 1.6934768, 84.193260, 67.192646,
16.228170, 86.689728, 1.9311371, 84.784375, 67.275477,
16.240330, 90.751879, 1.8597588, 85.390467, 67.358855,
16.252489, 86.597103, 2.0371301, 86.010021, 67.442782,
16.264641, 89.597429, 2.0070928, 86.641038, 67.527195,
16.276791, 95.473221, 2.3115502, 87.282212, 67.612122,
16.288950, 104.48907, 2.3759349, 87.932572, 67.697634,
16.301090, 95.267855, 2.1518842, 88.589001, 67.783520,
16.313240, 96.330103, 2.6587928, 89.251464, 67.869970,
16.325380, 103.89734, 2.9100745, 89.917351, 67.956840,
16.337530, 104.92847, 2.2578580, 90.586143, 68.044257,
16.349670, 115.63825, 1.8119230, 91.255223, 68.132073,
16.361799, 126.19340, 1.6195849, 91.922924, 68.220264,
16.373940, 136.85078, 1.8279749, 92.588942, 68.308988,
16.386070, 136.53247, 1.8068381, 93.250564, 68.398081,
16.398211, 148.28247, 2.1680030, 93.907264, 68.487675,
16.410339, 146.26283, 1.8102363, 94.556341, 68.577606,
16.422461, 149.11185, 2.2824051, 95.196448, 68.667892,
16.434589, 147.81390, 2.1336709, 95.826815, 68.758638,
16.446711, 147.41160, 2.1686771, 96.445074, 68.849721,
16.458839, 147.67543, 2.0803161, 97.050416, 68.941246,
16.470961, 143.37488, 2.0293925, 97.640489, 69.033091,
16.483070, 134.56885, 1.9963786, 98.213546, 69.125216,
16.495190, 128.16838, 2.7448769, 98.768977, 69.217773,
16.500280, 124.16987, 1.7331354, 98.996504, 69.256756,
16.513599, 124.57167, 1.6905221, 99.574471, 69.359039,
16.526911, 117.85285, 1.4411773, 100.12534, 69.461672,
16.540211, 118.57265, 1.6121945, 100.64685, 69.564613,
16.553520, 132.77670, 1.5636007, 101.13760, 69.668014,
16.566820, 109.38365, 1.5627297, 101.59470, 69.771716,
16.580120, 112.44498, 1.6606388, 102.01626, 69.875782,
16.593420, 101.67100, 1.4647348, 102.40003, 69.980203,
16.606710, 101.47382, 1.5653109, 102.74348, 70.084892,
16.620001, 103.04460, 1.5000119, 103.04460, 70.189914,
16.633301, 106.48508, 2.0383967, 103.30228, 70.295334,
16.646589, 107.83232, 1.6368306, 103.51903, 70.400976,
16.659870, 99.328300, 1.5264203, 103.69893, 70.506859,
16.673149, 106.78870, 1.5427139, 103.84600, 70.613019,
16.686440, 99.675074, 1.4168256, 103.96424, 70.719553,
16.699711, 105.52913, 1.4126100, 104.05726, 70.826206,
16.712990, 103.92751, 1.6300124, 104.12912, 70.933182,
16.726271, 104.78872, 1.5092588, 104.18361, 71.040427,
16.739540, 102.34870, 1.4535824, 104.22451, 71.147823,
16.752810, 104.03463, 1.4353516, 104.25565, 71.255451,
16.766081, 109.43890, 1.3140367, 104.28086, 71.363319,
16.779341, 112.11512, 1.3781672, 104.30388, 71.471308,
16.792601, 101.85637, 1.3089914, 104.32854, 71.579501,
16.805870, 104.26430, 1.3063210, 104.35864, 71.687968,
16.819120, 104.43875, 1.3651697, 104.39788, 71.796465,
16.832380, 104.43475, 1.1912236, 104.45015, 71.905216,
16.845631, 107.04243, 1.1666093, 104.51915, 72.014057,
16.858891, 104.01818, 1.2153642, 104.60879, 72.123135,
16.872141, 99.961288, 1.2854064, 104.72278, 72.232283,
16.885380, 101.41975, 1.2482571, 104.86485, 72.341478,
16.898630, 104.57085, 1.2711966, 105.03911, 72.450897,
16.911869, 105.24912, 1.2963079, 105.24912, 72.560344,
16.925110, 114.01035, 3.1651450, 105.49756, 72.669920,
16.938351, 106.34353, 3.1827080, 105.78136, 72.779601,
16.951580, 107.07770, 1.4110530, 106.09586, 72.889281,
16.964821, 103.78675, 1.4616508, 106.43723, 72.999143,
16.978050, 111.50348, 1.4276987, 106.80053, 73.108987,
16.991270, 111.49380, 1.4207895, 107.18144, 73.218821,
17.004499, 121.42500, 1.4116677, 107.57620, 73.328794,
17.017719, 194.11668, 1.6715365, 107.97992, 73.438739,
17.030951, 358.48636, 2.3938411, 108.38897, 73.548822,
17.044161, 334.19353, 2.4168272, 108.79804, 73.658763,
17.057381, 145.07775, 1.6119962, 109.20379, 73.768809,
17.070601, 113.24923, 1.3090686, 109.60163, 73.878872,
17.083811, 115.27597, 1.3794435, 109.98699, 73.988862,
17.097019, 120.22883, 1.3671046, 110.35582, 74.098835,
17.110229, 118.84432, 1.5239938, 110.70391, 74.208815,
17.123430, 110.03605, 1.3875585, 111.02668, 74.318696,
17.136641, 110.92282, 1.4571446, 111.32026, 74.428630,
17.149839, 113.27512, 1.4142204, 111.57983, 74.538433,
17.163040, 115.31305, 1.3195805, 111.80133, 74.648207,
17.176229, 110.79397, 1.2907161, 111.98020, 74.757833,
17.189430, 110.74668, 1.3736873, 112.11232, 74.867492,
17.202620, 113.92943, 1.4706021, 112.19303, 74.976986,
17.215811, 112.19303, 1.4305002, 112.21915, 75.086417,
17.229000, 111.48598, 1.4688369, 112.19202, 75.195743,
17.242180, 116.72470, 1.6078850, 112.11416, 75.304894,
17.255369, 118.54790, 1.6213027, 111.98789, 75.414019,
17.268551, 112.89460, 2.5683104, 111.81577, 75.522966,
17.281719, 112.42110, 1.4849982, 111.60032, 75.631681,
17.294901, 117.48002, 1.9106250, 111.34345, 75.740374,
17.308069, 123.37240, 1.7712967, 111.04798, 75.848816,
17.321251, 128.76110, 1.7443452, 110.71558, 75.957219,
17.334410, 137.89170, 1.7567091, 110.34947, 76.065276,
17.347580, 132.01118, 2.5408191, 109.95096, 76.173259,
17.360750, 131.11678, 1.9471759, 109.52256, 76.281067,
17.373911, 127.87563, 2.1023743, 109.06681, 76.388611,
17.387070, 125.94522, 2.0692182, 108.58564, 76.495946,
17.400230, 119.80828, 1.8904132, 108.08106, 76.603093,
17.413380, 118.01670, 1.7229291, 107.55575, 76.709936,
17.426540, 121.07445, 1.8855876, 107.01091, 76.816650,
17.439690, 119.69387, 1.9553737, 106.44959, 76.923040,
17.452841, 116.04737, 1.9824296, 105.87334, 77.029207,
17.465981, 109.26018, 1.9702238, 105.28485, 77.135032,
17.479130, 115.58457, 1.9780822, 104.68524, 77.240676,
17.492270, 108.73080, 1.8305523, 104.07745, 77.345975,
17.505409, 105.12197, 1.6638171, 103.46312, 77.450998,
17.518551, 102.13682, 1.7329628, 102.84421, 77.555749,
17.531679, 106.41215, 1.7340787, 102.22348, 77.660098,
17.544821, 104.93915, 1.8028484, 101.60173, 77.764247,
17.557949, 100.81854, 1.7159000, 100.98227, 77.867975,
17.571079, 102.22933, 1.8232534, 100.36643, 77.971393,
17.584200, 99.402258, 1.7318175, 99.756769, 78.074401,
17.597330, 99.016504, 1.8581125, 99.154470, 78.177138,
17.610451, 95.588007, 1.7323673, 98.562458, 78.279447,
17.623569, 99.594910, 1.8878686, 97.982435, 78.381375,
17.636690, 97.416300, 2.1895402, 97.416300, 78.482944,
17.649799, 94.997461, 2.0530297, 96.866281, 78.584039,
17.662910, 96.391226, 2.5357851, 96.331856, 78.684753,
17.676029, 100.66714, 2.4766360, 95.812470, 78.785120,
17.689131, 106.73315, 3.0417045, 95.308758, 78.884940,
17.702240, 100.27138, 3.5244194, 94.819429, 78.984391,
17.715349, 102.46661, 2.7509766, 94.344470, 79.083404,
17.728451, 105.13010, 3.3327393, 93.883845, 79.181911,
17.741550, 102.59751, 2.4225488, 93.437043, 79.279945,
17.754641, 101.30835, 1.6761676, 93.004025, 79.377438,
17.767740, 99.973379, 1.8060972, 92.583885, 79.474520,
17.780830, 104.06505, 2.1094549, 92.176969, 79.571041,
17.793921, 109.44693, 1.8734020, 91.782708, 79.667058,
17.807011, 112.72582, 1.8619289, 91.400854, 79.762560,
17.820101, 106.74350, 1.8003273, 91.031164, 79.857535,
17.833179, 105.20980, 1.7758791, 90.673713, 79.951890,
17.846270, 98.200396, 1.6255954, 90.327649, 80.045778,
17.859341, 99.349489, 1.5816700, 89.993550, 80.138968,
17.872419, 98.436962, 1.7433451, 89.670509, 80.231639,
17.885500, 98.885258, 1.9317711, 89.358475, 80.323739,
17.898569, 104.03583, 1.9446409, 89.057558, 80.415160,
17.911640, 100.22650, 1.8306235, 88.767250, 80.505984,
17.924709, 86.551603, 1.9452829, 88.487452, 80.596173,
17.937780, 97.143230, 3.2564092, 88.217908, 80.685740,
17.941250, 97.404947, 1.7963525, 88.148070, 80.709406,
17.955721, 104.12005, 1.5439394, 87.864401, 80.807616,
17.970181, 95.282986, 1.6912372, 87.593081, 80.904933,
17.984650, 90.628599, 1.5540717, 87.333505, 81.001479,
17.999109, 90.853073, 1.5585276, 87.085815, 81.097110,
18.013571, 87.213509, 1.8809227, 86.849615, 81.191882,
18.028021, 90.767099, 1.6163383, 86.624933, 81.285692,
18.042480, 91.380342, 1.6022199, 86.411267, 81.378655,
18.056931, 90.764687, 1.6113557, 86.208736, 81.470630,
18.071381, 88.431522, 1.6509790, 86.017039, 81.561658,
18.085819, 85.505766, 1.6433689, 85.836171, 81.651650,
18.100269, 83.591635, 2.0723928, 85.665707, 81.740728,
18.114710, 91.864344, 1.8290205, 85.505766, 81.828741,
18.129150, 83.766985, 1.7072477, 85.356056, 81.915729,
18.143579, 87.477499, 1.5657083, 85.216292, 82.001602,
18.158020, 88.884699, 4.2959593, 85.085816, 82.086476,
18.172449, 84.070131, 1.6362496, 84.964403, 82.170194,
18.186880, 86.294134, 1.6171734, 84.851508, 82.252813,
18.201300, 88.413479, 1.5833142, 84.746812, 82.334236,
18.215719, 85.810480, 1.4495970, 84.649811, 82.414506,
18.230150, 86.678442, 1.3388849, 84.560035, 82.493663,
18.244560, 91.598976, 11.644134, 84.477279, 82.571506,
18.258980, 85.313759, 2.2282093, 84.400967, 82.648180,
18.273390, 85.769625, 1.3969128, 84.330814, 82.723558,
18.287800, 84.194445, 1.4556047, 84.266385, 82.797667,
18.302210, 83.614330, 1.4576490, 84.207302, 82.870484,
18.316620, 84.630262, 1.5308144, 84.153191, 82.941982,
18.331020, 82.848425, 1.5169684, 84.103714, 83.012092,
18.345421, 81.983337, 1.4904360, 84.058469, 83.080834,
18.359819, 85.772943, 1.4724448, 84.017097, 83.148175,
18.374210, 88.910784, 1.7406881, 83.979254, 83.214063,
18.388611, 85.403061, 1.6467006, 83.944538, 83.278548,
18.403000, 82.861555, 1.4876018, 83.912646, 83.341511,
18.417379, 86.740644, 1.4942680, 83.883217, 83.402935,
18.431770, 82.892185, 1.4786907, 83.855859, 83.462882,
18.446150, 92.695021, 1.5663846, 83.830268, 83.521228,
18.460529, 91.822685, 2.0556955, 83.806077, 83.577992,
18.474911, 86.659735, 1.5819863, 83.782938, 83.633152,
18.489281, 80.179430, 1.3863846, 83.760528, 83.686629,
18.503660, 81.853903, 1.3611111, 83.738472, 83.738472,
18.518030, 83.738472, 1.2797272, 83.716526, 83.788592,
18.532391, 85.567585, 1.3157359, 83.694694, 83.837023,
18.546761, 90.317553, 1.3770593, 83.673024, 83.883870,
18.561119, 90.084179, 1.3133656, 83.651622, 83.929106,
18.575480, 107.46600, 1.5633401, 83.630542, 83.972814,
18.589840, 89.798870, 1.5059007, 83.609864, 84.015028,
18.604191, 92.725887, 1.4676790, 83.589677, 84.055760,
18.618549, 89.836369, 1.4634965, 83.570031, 84.095099,
18.632900, 85.121115, 1.5017408, 83.551026, 84.133040,
18.647240, 80.129377, 1.7235088, 83.532741, 84.169615,
18.661591, 87.304726, 1.7485661, 83.515224, 84.204920,
18.675930, 85.413866, 1.6962610, 83.498582, 84.238934,
18.690269, 81.542145, 1.7340235, 83.482879, 84.271724,
18.704611, 90.993093, 1.7650223, 83.468192, 84.303330,
18.718941, 88.546110, 1.4965918, 83.454614, 84.333760,
18.733271, 86.195343, 1.5347813, 83.442213, 84.363075,
18.747601, 80.086731, 1.6921696, 83.431072, 84.391311,
18.761930, 88.333128, 1.7004809, 83.421272, 84.418502,
18.776260, 90.818396, 1.7524446, 83.412897, 84.444683,
18.790581, 91.836140, 1.5983666, 83.406036, 84.469873,
18.804899, 93.364180, 1.5129535, 83.400770, 84.494120,
18.819220, 91.848661, 1.5681039, 83.397183, 84.517463,
18.833530, 96.167015, 1.6164464, 83.395366, 84.539920,
18.847839, 93.738216, 1.5325546, 83.395404, 84.561536,
18.862150, 96.295048, 1.8438736, 83.397389, 84.582350,
18.876459, 92.352282, 1.8774327, 83.401412, 84.602389,
18.890770, 96.362127, 1.7932408, 83.407568, 84.621690,
18.905069, 100.06131, 1.9053866, 83.415944, 84.640270,
18.919371, 98.965395, 1.8458340, 83.426644, 84.658178,
18.933670, 99.860540, 1.8940897, 83.439762, 84.675442,
18.947960, 95.260927, 1.9327026, 83.455389, 84.692083,
18.962250, 93.111773, 1.9835437, 83.473636, 84.708147,
18.976540, 100.75666, 2.1895329, 83.494607, 84.723664,
18.990829, 101.58876, 2.3205298, 83.518407, 84.738664,
19.005119, 104.58191, 2.0552606, 83.545146, 84.753180,
19.019400, 91.723156, 1.8114508, 83.574914, 84.767233,
19.033680, 100.47992, 2.0390130, 83.607838, 84.780863,
19.047960, 97.325321, 1.9916937, 83.644036, 84.794101,
19.062229, 91.760128, 2.0401493, 83.683591, 84.806967,
19.076500, 100.98805, 2.7026738, 83.726658, 84.819504,
19.090771, 91.483654, 2.5278254, 83.773352, 84.831740,
19.105040, 88.140427, 1.9244167, 83.823794, 84.843704,
19.119310, 99.730976, 2.0042968, 83.878125, 84.855429,
19.133570, 101.92869, 3.3030557, 83.936420, 84.866934,
19.147829, 95.988321, 2.0631953, 83.998856, 84.878258,
19.162090, 93.668488, 2.3147920, 84.065579, 84.889434,
19.176340, 96.613258, 2.2941520, 84.136662, 84.900479,
19.190599, 91.617985, 2.4141013, 84.212353, 84.911441,
19.204849, 89.984751, 2.5812430, 84.292697, 84.922333,
19.219101, 83.209482, 2.3556543, 84.377905, 84.933195,
19.233339, 88.315672, 2.4708255, 84.468035, 84.944045,
19.247580, 82.393526, 2.5946535, 84.563333, 84.954923,
19.261820, 90.103306, 2.8718674, 84.663950, 84.965858,
19.276060, 76.002388, 2.5709925, 84.770050, 84.976879,
19.290300, 88.251339, 3.1410166, 84.881804, 84.988016,
19.304529, 83.881386, 2.8089559, 84.999289, 84.999289,
19.318760, 84.999289, 2.4871447, 85.122785, 85.010738,
19.332991, 99.504448, 2.8149131, 85.252461, 85.022392,
19.347219, 90.759590, 3.5488539, 85.388484, 85.034278,
19.361441, 91.298729, 2.6740284, 85.530986, 85.046421,
19.375660, 85.274492, 3.0333458, 85.680212, 85.058856,
19.389879, 77.266600, 2.5948861, 85.836383, 85.071614,
19.404100, 101.42879, 3.0660839, 85.999728, 85.084727,
19.418310, 112.72545, 3.1966016, 86.170298, 85.098212,
19.432520, 99.089937, 3.5601276, 86.348439, 85.112110,
