# wave, flux, fluxerr, continuum, continuum_plateau
9.9725246, 260.68337, 4.3099769, 278.51361, 278.38773,
9.9806166, 259.97671, 4.6895386, 277.11344, 277.00809,
9.9887066, 250.63442, 4.0495217, 275.76733, 275.68004,
9.9967957, 251.88880, 3.9279495, 274.47387, 274.40237,
10.004880, 259.44045, 4.4358780, 273.23239, 273.17459,
10.012970, 257.53557, 4.2279010, 272.04010, 271.99409,
10.021050, 266.20908, 4.4048331, 270.89800, 270.86205,
10.029140, 271.79684, 4.2279222, 269.80224, 269.77476,
10.037220, 267.50858, 4.4436952, 268.75436, 268.73392,
10.045300, 262.96612, 4.1090355, 267.75175, 267.73706,
10.053380, 265.70975, 4.0688369, 266.79318, 266.78309,
10.061460, 267.53213, 4.3829751, 265.87774, 265.87123,
10.069540, 256.95343, 4.3847859, 265.00412, 265.00029,
10.077610, 268.03000, 3.9339687, 264.17238, 264.17043,
10.085690, 264.16390, 4.4359618, 263.37936, 263.37861,
10.093760, 261.34229, 4.5123443, 262.62586, 262.62573,
10.101830, 253.92018, 3.7818193, 261.90987, 261.90986,
10.109900, 263.57827, 3.7153492, 261.23025, 261.22996,
10.117970, 266.19565, 3.9111167, 260.58613, 260.58522,
10.126040, 259.80506, 3.8487818, 259.97638, 259.97462,
10.134100, 261.85703, 3.6212048, 259.40073, 259.39792,
10.142170, 265.84295, 3.7198613, 258.85666, 258.85268,
10.150230, 257.56862, 4.0016118, 258.34452, 258.33931,
10.158300, 252.06025, 3.6499667, 257.86211, 257.85565,
10.166360, 254.86703, 3.5111368, 257.40964, 257.40198,
10.174420, 254.58682, 4.1481540, 256.98544, 256.97664,
10.182470, 249.39062, 3.6319836, 256.58910, 256.57928,
10.190530, 251.73165, 4.0978722, 256.21867, 256.20798,
10.198590, 253.06360, 3.4386864, 255.87365, 255.86225,
10.206640, 248.73750, 3.6409022, 255.55354, 255.54164,
10.214690, 242.33342, 3.5762246, 255.25694, 255.24475,
10.222750, 256.17280, 3.8314549, 254.98261, 254.97036,
10.230800, 251.59105, 3.9950634, 254.73027, 254.71821,
10.238850, 252.45895, 3.7939210, 254.49869, 254.48707,
10.246890, 248.41560, 3.5175948, 254.28718, 254.27626,
10.254940, 250.06332, 3.5412396, 254.09434, 254.08438,
10.262990, 252.09490, 4.2986435, 253.91954, 253.91079,
10.271030, 239.78773, 3.8923079, 253.76205, 253.75478,
10.279070, 249.17192, 3.7236751, 253.62080, 253.61524,
10.287120, 253.20343, 4.4219277, 253.49472, 253.49113,
10.295150, 249.57837, 3.9820847, 253.38340, 253.38198,
10.303190, 255.91261, 3.8559412, 253.28556, 253.28653,
10.311230, 253.14890, 3.8264538, 253.20258, 253.20612,
10.319270, 254.64000, 4.1911938, 253.13835, 253.14459,
10.327300, 244.85210, 4.6051619, 253.09700, 253.10600,
10.335340, 262.95860, 4.1373122, 253.08250, 253.09427,
10.343370, 266.59064, 3.9889007, 253.09898, 253.11347,
10.351400, 260.19959, 4.5984429, 253.15050, 253.16757,
10.359430, 248.59220, 4.9336170, 253.24115, 253.26060,
10.367460, 253.75760, 4.6040669, 253.37505, 253.39658,
10.375480, 249.79708, 4.3992779, 253.55605, 253.57929,
10.383510, 252.39220, 5.2137925, 253.78874, 253.81322,
10.391530, 257.06363, 5.2580006, 254.07672, 254.10185,
10.399560, 242.99505, 3.9017903, 254.42480, 254.44989,
10.407580, 249.50698, 3.1124323, 254.83635, 254.86058,
10.415600, 252.79622, 3.7911213, 255.31587, 255.33827,
10.423620, 255.11868, 5.5046159, 255.86766, 255.88714,
10.431640, 253.82121, 3.4188165, 256.49582, 256.51111,
10.439650, 256.94604, 3.6731733, 257.20376, 257.21344,
10.447670, 254.32257, 3.5029095, 257.99753, 257.99997,
10.455680, 256.69886, 3.6726673, 258.87892, 258.87234,
10.463700, 265.77777, 3.9166140, 259.85001, 259.83271,
10.471710, 264.42652, 3.7407784, 260.90570, 260.87627,
10.479720, 260.49500, 4.0125077, 262.04463, 262.00190,
10.487730, 263.87716, 4.0628209, 263.26426, 263.20729,
10.495730, 257.03619, 4.4504057, 264.56047, 264.48856,
10.503740, 263.21081, 5.4378695, 265.93387, 265.84647,
10.511750, 277.33750, 5.4954041, 267.38046, 267.27725,
10.519750, 277.22682, 4.1179551, 268.89576, 268.77661,
10.527750, 266.70557, 4.2878315, 270.47938, 270.34431,
10.535750, 275.64792, 4.7438008, 272.12872, 271.97792,
10.543750, 282.37397, 3.8932442, 273.84118, 273.67499,
10.551750, 285.20498, 4.5248218, 275.61480, 275.43367,
10.559750, 298.40927, 7.8500727, 277.44678, 277.25131,
10.567850, 294.66210, 4.0824025, 279.35921, 279.14994,
10.576350, 310.11600, 4.0512528, 281.42533, 281.20249,
10.584840, 296.71204, 3.9821075, 283.54684, 283.31149,
10.593340, 307.92410, 3.7966741, 285.72624, 285.47951,
10.601830, 312.81085, 3.7182544, 287.95541, 287.69857,
10.610330, 310.87020, 3.9935441, 290.23713, 289.97150,
10.618820, 308.42285, 3.9436633, 292.56333, 292.29034,
10.627310, 316.50792, 3.8010648, 294.93360, 294.65473,
10.635800, 318.10105, 3.8906677, 297.34580, 297.06258,
10.644280, 320.42285, 4.1854364, 299.79393, 299.50799,
10.652770, 304.44515, 3.9636015, 302.28115, 301.99413,
10.661250, 318.24314, 3.8957789, 304.79923, 304.51281,
10.669740, 324.52447, 4.2163562, 307.35120, 307.06712,
10.678220, 316.50555, 4.2957664, 309.92874, 309.64874,
10.686700, 328.40313, 4.1639549, 312.53208, 312.25794,
10.695180, 331.10395, 4.5095588, 315.15865, 314.89216,
10.703650, 338.91815, 4.5319863, 317.80286, 317.54584,
10.712130, 336.11570, 4.5284887, 320.46780, 320.22207,
10.720600, 348.00087, 4.2399542, 323.14550, 322.91289,
10.729080, 361.48275, 4.3573564, 325.83913, 325.62150,
10.737550, 366.78027, 4.5859574, 328.53978, 328.33895,
10.746020, 345.18111, 4.2737029, 331.24852, 331.06633,
10.754490, 360.53555, 4.1933116, 333.96220, 333.80050,
10.762960, 357.51670, 4.2506500, 336.67887, 336.53952,
10.771420, 353.51870, 4.4398239, 339.39203, 339.27684,
10.779890, 349.92667, 4.2297540, 342.10646, 342.01731,
10.788350, 346.69099, 4.6353285, 344.81259, 344.75131,
10.796810, 351.71928, 4.4149253, 347.51126, 347.47969,
10.805270, 347.78239, 4.5836450, 350.19991, 350.19991,
10.813730, 348.51759, 4.4431689, 352.87646, 352.90987,
10.822190, 356.28931, 4.3405523, 355.54057, 355.60913,
10.830650, 350.30943, 4.5553466, 358.19235, 358.29768,
10.839100, 350.86693, 4.6248074, 360.82866, 360.97221,
10.847560, 346.63432, 4.3791986, 363.45613, 363.63935,
10.856010, 363.41002, 4.7083261, 366.06865, 366.29278,
10.864460, 358.89950, 4.8307799, 368.66900, 368.93519,
10.872910, 369.35625, 5.6286358, 371.25756, 371.56687,
10.881360, 382.11258, 5.6031386, 373.83471, 374.18811,
10.889800, 384.52027, 5.8525529, 376.39707, 376.79535,
10.898250, 381.93887, 5.3010245, 378.95081, 379.39478,
10.906690, 386.37911, 5.8891965, 381.49024, 381.98051,
10.915140, 401.36125, 6.0996233, 384.02146, 384.55864,
10.923580, 412.47190, 4.9064545, 386.53826, 387.12276,
10.932020, 410.62402, 7.2657906, 389.04385, 389.67606,
10.940460, 412.26138, 6.1253110, 391.53831, 392.21851,
10.948890, 435.53477, 6.1571075, 394.01861, 394.74695,
10.957330, 447.78715, 11.581995, 396.49099, 397.26764,
10.965760, 452.66415, 6.4907546, 398.94964, 399.77458,
10.974200, 483.97618, 4.9167780, 401.40017, 402.27341,
10.982630, 500.37263, 5.2439472, 403.83681, 404.75817,
10.991060, 531.54079, 4.9579499, 406.26294, 407.23223,
10.999490, 533.82294, 5.7870267, 408.67806, 409.69498,
11.007920, 539.87485, 5.1198989, 411.08274, 412.14697,
11.016340, 536.61215, 5.0977004, 413.47377, 414.58483,
11.024770, 542.92329, 4.4029372, 415.85689, 417.01434,
11.033190, 535.84459, 5.8617999, 418.22672, 419.42996,
11.041610, 533.46008, 5.0852834, 420.58600, 421.83441,
11.050030, 548.25626, 5.4326677, 422.93474, 424.22764,
11.058450, 540.65550, 5.7485089, 425.27297, 426.60963,
11.066870, 537.76312, 5.9301928, 427.60070, 428.98031,
11.075290, 535.32361, 5.5243493, 429.91795, 431.33966,
11.083700, 535.72162, 5.0575257, 432.22212, 433.68496,
11.092120, 536.71600, 5.3626427, 434.51844, 436.02150,
11.100530, 564.53966, 6.1851129, 436.80146, 438.34367,
11.108940, 592.72679, 6.7039007, 439.07429, 440.65460,
11.117350, 613.21169, 9.7367680, 441.33644, 442.95372,
11.120570, 630.89230, 5.8047320, 442.20000, 443.83113,
11.129530, 662.94810, 5.6305056, 444.59441, 446.26317,
11.138500, 722.84195, 5.7850840, 446.97973, 448.68477,
11.147460, 812.64082, 6.2952727, 449.35036, 451.09020,
11.156430, 890.06918, 6.6414631, 451.71185, 453.48503,
11.165390, 1011.5096, 6.7193516, 454.05863, 455.86358,
11.174350, 1157.7318, 7.0899389, 456.39346, 458.22859,
11.183300, 1316.5355, 7.8002154, 458.71383, 460.57749,
11.192260, 1518.8660, 8.3815611, 461.02464, 462.91521,
11.201220, 1667.8405, 8.3484028, 463.32339, 465.23915,
11.210170, 1813.9342, 8.7116998, 465.60759, 467.54680,
11.219120, 1851.8605, 9.3108642, 467.87966, 469.84054,
11.228070, 1917.8375, 9.3827710, 470.13953, 472.12030,
11.237020, 1948.2958, 8.9401793, 472.38692, 474.38574,
11.245970, 1976.7170, 9.1592365, 474.62224, 476.63727,
11.254920, 1983.9522, 9.4561256, 476.84518, 478.87455,
11.263860, 1963.1638, 9.3618495, 479.05310, 481.09489,
11.272800, 1981.5730, 9.1539024, 481.24876, 483.30106,
11.281750, 1944.5632, 9.1150668, 483.43393, 485.49484,
11.290690, 1896.1097, 9.2741157, 485.60436, 487.67191,
11.299630, 1791.0300, 8.9907823, 487.76181, 489.83405,
11.308560, 1779.5835, 8.7594776, 489.90416, 491.97913,
11.317500, 1704.0280, 8.7114334, 492.03588, 494.11160,
11.326430, 1656.9622, 8.8969744, 494.15232, 496.22683,
11.335370, 1553.8815, 8.4832043, 496.25790, 498.32921,
11.344300, 1508.8450, 8.0528387, 498.34802, 500.41416,
11.353230, 1465.7323, 7.9626774, 500.42482, 502.48382,
11.362160, 1395.1762, 8.0880234, 502.48797, 504.53786,
11.371080, 1329.2020, 7.6794970, 504.53559, 506.57442,
11.380010, 1279.4947, 7.3100998, 506.57151, 508.59732,
11.388930, 1277.9047, 7.3669475, 508.59168, 510.60254,
11.397850, 1214.0283, 7.4641072, 510.59771, 512.59170,
11.406780, 1161.3825, 7.2135962, 512.59201, 514.56721,
11.415700, 1122.9510, 6.8614850, 514.56976, 516.52430,
11.424610, 1108.6005, 6.9230395, 516.53106, 518.46311,
11.433530, 1085.7537, 7.2007684, 518.47996, 520.38765,
11.442450, 1052.2530, 6.9797918, 520.41419, 522.29572,
11.451360, 1022.0947, 6.5797391, 522.33154, 524.18516,
11.460270, 1003.1697, 6.7602022, 524.23392, 526.05789,
11.469180, 975.37502, 6.8666603, 526.12115, 527.91377,
11.478090, 941.55183, 6.8646302, 527.99307, 529.75265,
11.487000, 922.68025, 6.5217296, 529.84947, 531.57441,
11.495910, 888.25378, 6.6351987, 531.68998, 533.37869,
11.504810, 878.45183, 6.7980308, 533.51285, 535.16384,
11.513710, 839.98914, 6.7681988, 535.31947, 536.93126,
11.522620, 840.60222, 6.6008202, 537.11192, 538.68305,
11.531520, 836.95288, 7.0967961, 538.88579, 540.41493,
11.540420, 807.04436, 6.9108182, 540.64297, 542.12881,
11.549310, 778.84657, 6.8761107, 542.38139, 543.82273,
11.558210, 775.50638, 7.1055363, 544.10472, 545.50034,
11.567100, 785.02504, 6.7955819, 545.80851, 547.15735,
11.576000, 772.66551, 7.1426805, 547.49688, 548.79785,
11.584890, 722.45004, 7.5195826, 549.16544, 550.41763,
11.593780, 722.49646, 6.9016900, 550.81576, 552.01831,
11.602670, 715.06757, 7.0249357, 552.44793, 553.60003,
11.611560, 702.11409, 7.2340352, 554.06152, 555.16247,
11.620440, 690.32742, 7.2940672, 555.65439, 556.70362,
11.629330, 668.71046, 7.2817057, 557.23002, 558.22696,
11.638210, 664.77025, 7.3592191, 558.78458, 559.72886,
11.647090, 651.02859, 7.7298379, 560.31932, 561.21062,
11.655970, 627.67987, 11.161646, 561.83412, 562.67223,
11.664850, 621.60011, 7.1266787, 563.32884, 564.11363,
11.673730, 616.03116, 4.6281315, 564.80283, 565.53433,
11.682600, 621.58377, 5.2315815, 566.25442, 566.93280,
11.691480, 615.29599, 5.1058141, 567.68639, 568.31183,
11.700350, 617.70328, 5.3086330, 569.09534, 569.66828,
11.709220, 621.05518, 5.8097878, 570.48248, 571.00343,
11.718090, 619.85344, 5.4952606, 571.84748, 572.31706,
11.726960, 607.84976, 5.7049299, 573.18999, 573.60898,
11.735830, 601.68181, 5.7518710, 574.50964, 574.87896,
11.744690, 608.09396, 6.6940476, 575.80456, 576.12533,
11.753560, 597.36362, 6.1056817, 577.07744, 577.35083,
11.762420, 597.04230, 8.7290568, 578.32489, 578.55232,
11.771280, 572.90562, 11.731495, 579.54817, 579.73119,
11.775020, 594.98120, 5.5202967, 580.05703, 580.22181,
11.784500, 594.54129, 5.9543939, 581.32724, 581.44722,
11.793980, 582.59167, 5.9607487, 582.56836, 582.64580,
11.803460, 586.10843, 6.4575459, 583.78013, 583.81750,
11.812940, 587.36679, 5.2517960, 584.96179, 584.96179,
11.822420, 584.23216, 5.3350789, 586.11317, 586.07868,
11.831890, 584.50989, 5.3267463, 587.23308, 587.16691,
11.841360, 588.92574, 5.8242144, 588.32308, 588.22785,
11.850840, 609.86476, 5.1263438, 589.38447, 589.26265,
11.860310, 610.03291, 5.3266751, 590.41538, 590.26932,
11.869770, 624.97649, 5.3851941, 591.41612, 591.24807,
11.879240, 619.24326, 5.1660467, 592.38893, 592.20096,
11.888710, 644.01314, 5.1333861, 593.33301, 593.12710,
11.898170, 642.84477, 5.2325150, 594.24765, 594.02568,
11.907630, 660.75237, 5.3946700, 595.13391, 594.89765,
11.917090, 651.19930, 5.4695907, 595.99216, 595.74327,
11.926550, 660.00002, 5.3726682, 596.82239, 596.56246,
11.936010, 672.19478, 5.2432666, 597.62493, 597.35546,
11.945470, 669.38991, 5.3136753, 598.39977, 598.12217,
11.954920, 675.66530, 5.2129862, 599.14637, 598.86203,
11.964370, 678.18387, 5.6602863, 599.86567, 599.57587,
11.973830, 680.61975, 5.0907200, 600.55854, 600.26451,
11.983280, 686.35840, 5.3147138, 601.22354, 600.92648,
11.992720, 681.17851, 5.2219776, 601.86085, 601.56192,
12.002170, 692.97977, 5.1584220, 602.47199, 602.17229,
12.011610, 686.66603, 5.1012663, 603.05573, 602.75634,
12.021060, 665.23926, 5.1810186, 603.61330, 603.31528,
12.030500, 668.08122, 5.1919882, 604.14364, 603.84804,
12.039940, 663.73283, 5.0589192, 604.64732, 604.35517,
12.049380, 667.78366, 5.0151826, 605.12447, 604.83680,
12.058820, 662.85086, 5.2145514, 605.57503, 605.29286,
12.068250, 670.25745, 5.3199107, 605.99864, 605.72299,
12.077690, 645.94351, 5.1726634, 606.39620, 606.12814,
12.087120, 653.37166, 5.0010571, 606.76682, 606.50741,
12.096550, 641.57455, 5.1640876, 607.11094, 606.86128,
12.105980, 646.32780, 5.3131072, 607.42853, 607.18975,
12.115410, 617.68700, 13.974654, 607.71956, 607.49283,
12.124830, 626.06303, 6.1360425, 607.98373, 607.77024,
12.134260, 626.46970, 5.2295555, 608.22151, 608.02255,
12.143680, 630.69574, 5.4949243, 608.43234, 608.24921,
12.153100, 623.45972, 5.4485651, 608.61644, 608.45052,
12.162520, 630.74554, 6.3424751, 608.77369, 608.62645,
12.171940, 613.52634, 5.2595538, 608.90399, 608.77696,
12.181360, 635.75905, 5.5916142, 609.00727, 608.90205,
12.190770, 613.12218, 5.6184660, 609.08331, 609.00158,
12.200180, 611.31543, 5.5448481, 609.13211, 609.07569,
12.209600, 592.32895, 5.3931925, 609.15356, 609.12436,
12.219010, 618.92278, 5.7431972, 609.14746, 609.14746,
12.228420, 619.18707, 5.9631212, 609.11378, 609.14505,
12.237820, 603.98306, 5.8205550, 609.05297, 609.11740,
12.247230, 612.51704, 5.8210162, 608.96534, 609.06468,
12.256630, 650.84407, 6.2119666, 608.85150, 608.98727,
12.266040, 756.16803, 6.9052070, 608.71164, 608.88524,
12.275440, 1566.8008, 10.070806, 608.54648, 608.75904,
12.284840, 1678.3962, 10.261916, 608.35630, 608.60884,
12.294230, 840.17104, 7.2273647, 608.14170, 608.43504,
12.303630, 664.73451, 8.4036299, 607.90266, 608.23753,
12.313030, 647.84048, 7.0599474, 607.63973, 608.01667,
12.322420, 646.71558, 8.0201937, 607.35362, 607.77300,
12.331810, 649.71751, 5.4617723, 607.04442, 607.50649,
12.341200, 640.12059, 4.4743317, 606.71248, 607.21736,
12.350590, 661.89638, 4.6947367, 606.35814, 606.90583,
12.359980, 658.34201, 4.9309212, 605.98172, 606.57210,
12.369360, 669.11073, 5.0211481, 605.58398, 606.21675,
12.378750, 677.54596, 5.1906700, 605.16442, 605.83925,
12.388130, 680.62895, 5.3471937, 604.72420, 605.44059,
12.397510, 667.97284, 5.9016925, 604.26325, 605.02061,
12.406890, 676.66415, 5.4329879, 603.78178, 604.57943,
12.416270, 688.94235, 5.3796254, 603.28010, 604.11728,
12.425640, 691.12660, 5.2658086, 602.75910, 603.63490,
12.435020, 690.58821, 5.4415299, 602.21787, 603.13138,
12.444390, 698.18318, 5.5256116, 601.65788, 602.60804,
12.453760, 703.44592, 5.3159992, 601.07881, 602.06450,
12.463130, 706.02803, 5.2420889, 600.48088, 601.50092,
12.472500, 709.97751, 5.8504965, 599.86435, 600.91749,
12.481870, 719.93260, 7.0323690, 599.22945, 600.31436,
12.489420, 723.52751, 5.8312493, 598.70462, 599.81414,
12.499490, 721.61009, 6.4864614, 597.98652, 599.12741,
12.509550, 731.82158, 5.9192320, 597.24863, 598.41915,
12.519610, 739.58748, 5.6467096, 596.49054, 597.68891,
12.529670, 748.09435, 5.6595643, 595.71258, 596.93696,
12.539730, 738.57315, 5.7850790, 594.91483, 596.16334,
12.549780, 749.74629, 6.0559617, 594.09845, 595.36913,
12.559840, 739.41330, 5.6682031, 593.26197, 594.55287,
12.569890, 761.27051, 5.5624547, 592.40733, 593.71642,
12.579940, 750.32526, 5.6309505, 591.53389, 592.85912,
12.589990, 766.39967, 5.7366592, 590.64184, 591.98112,
12.600040, 771.00250, 5.6222595, 589.73127, 591.08251,
12.610090, 786.96240, 5.6045135, 588.80255, 590.16362,
12.620130, 801.20294, 6.2732647, 587.85675, 589.22551,
12.630170, 800.54590, 5.7252774, 586.89298, 588.26728,
12.640210, 801.33995, 5.7397117, 585.91149, 587.28918,
12.650250, 807.96355, 5.5221300, 584.91244, 586.29136,
12.660290, 805.43605, 5.4850535, 583.89605, 585.27404,
12.670330, 813.92427, 5.5708625, 582.86226, 584.23717,
12.680360, 814.01584, 5.6080440, 581.81242, 583.18210,
12.690390, 842.41579, 5.5572005, 580.74555, 582.10789,
12.700420, 851.35992, 5.4819116, 579.66167, 581.01456,
12.710450, 876.96474, 5.6283280, 578.56110, 579.90243,
12.720480, 875.84709, 5.8412429, 577.44381, 578.77154,
12.730500, 873.12935, 6.9820919, 576.31100, 577.62309,
12.740530, 883.96523, 5.6118781, 575.16058, 576.45502,
12.750550, 890.84814, 5.7166328, 573.99481, 575.26966,
12.760570, 893.28409, 5.6926159, 572.81280, 574.06613,
12.770590, 903.01129, 5.8855969, 571.61437, 572.84431,
12.780610, 898.51466, 5.6584918, 570.39970, 571.60441,
12.790620, 887.79877, 5.7647466, 569.17012, 570.34787,
12.800640, 885.65509, 5.6448894, 567.92310, 569.07213,
12.810650, 895.80463, 5.7589364, 566.66129, 567.77996,
12.820660, 867.24287, 5.6370696, 565.38340, 566.47013,
12.830670, 818.94609, 5.3423188, 564.08935, 565.14260,
12.840680, 800.21124, 5.3096896, 562.77937, 563.79770,
12.850680, 760.05614, 5.2718446, 561.45464, 562.43669,
12.860690, 736.42198, 5.3107689, 560.11262, 561.05705,
12.870690, 700.54575, 5.0923859, 558.75585, 559.66150,
12.880690, 681.45630, 4.9784832, 557.38319, 558.24892,
12.890690, 668.09851, 4.9855113, 555.99436, 556.81912,
12.900680, 642.33882, 5.0409127, 554.59093, 555.37382,
12.910680, 622.90149, 5.0095447, 553.16991, 553.91006,
12.920670, 612.41162, 4.8660395, 551.73426, 552.43095,
12.930670, 606.68245, 4.8653544, 550.28091, 550.93346,
12.940660, 594.19431, 4.8922857, 548.81270, 549.42063,
12.950640, 571.86038, 5.0087259, 547.32991, 547.89285,
12.960630, 569.12419, 4.9271921, 545.82907, 546.34667,
12.970620, 565.28172, 4.8979254, 544.31193, 544.78403,
12.980600, 566.42480, 5.0011716, 542.77974, 543.20633,
12.990580, 563.82872, 5.3192996, 541.23111, 541.61229,
13.000560, 541.01811, 5.0796564, 539.66567, 540.00164,
13.010540, 537.25642, 5.0550606, 538.08344, 538.37457,
13.020520, 546.47995, 5.0776675, 536.48431, 536.73109,
13.030490, 548.42662, 5.3145998, 534.86987, 535.07301,
13.040470, 534.67186, 5.3867813, 533.23661, 533.39684,
13.050440, 533.18336, 5.4384961, 531.58781, 531.70615,
13.060410, 526.20886, 5.5115782, 529.92164, 529.99919,
13.070380, 518.03407, 5.3789109, 528.23777, 528.27582,
13.080350, 531.11459, 5.7258782, 526.53639, 526.53639,
13.090310, 529.74435, 5.9230319, 524.81894, 524.78251,
13.100280, 527.58005, 5.8761742, 523.08267, 523.01132,
13.110240, 530.14130, 5.8126156, 521.33153, 521.22679,
13.120200, 527.49968, 6.0686263, 519.56450, 519.42780,
13.130160, 517.36804, 6.1837495, 517.78221, 517.61492,
13.140110, 523.38597, 5.0268103, 515.98718, 515.79065,
13.150070, 518.68292, 4.0350929, 514.17625, 513.95171,
13.160020, 516.71123, 4.1269101, 512.35382, 512.10254,
13.169980, 506.28313, 4.5134468, 510.51668, 510.23980,
13.179930, 518.86445, 4.4910542, 508.66927, 508.36798,
13.189870, 513.35484, 4.5139992, 506.81205, 506.48748,
13.199820, 514.94788, 4.8205241, 504.94204, 504.59525,
13.209770, 507.46117, 4.7941090, 503.06142, 502.69346,
13.219710, 508.90752, 4.4113749, 501.17294, 500.78487,
13.229650, 504.30457, 4.5547315, 499.27538, 498.86820,
13.239590, 506.05827, 4.5613322, 497.36894, 496.94363,
13.249530, 500.24058, 4.4342378, 495.45437, 495.01191,
13.259470, 494.27950, 4.3395817, 493.53222, 493.07356,
13.269410, 498.80524, 4.5490385, 491.60306, 491.12914,
13.279340, 501.56950, 5.0417183, 489.66948, 489.18125,
13.289270, 503.60355, 5.0318761, 487.72982, 487.22819,
13.299200, 494.72968, 5.6401224, 485.78498, 485.27087,
13.309130, 492.84368, 5.4220333, 483.83534, 483.30965,
13.318260, 483.42130, 4.5018859, 482.03884, 481.50330,
13.328980, 486.92005, 4.3642189, 479.92550, 479.37937,
13.339690, 487.24030, 4.4010984, 477.81053, 477.25485,
13.350400, 481.25380, 4.4627456, 475.69252, 475.12834,
13.361120, 490.57628, 4.4648169, 473.57008, 472.99842,
13.371830, 478.04697, 4.1828519, 471.44802, 470.86995,
13.382530, 484.72785, 4.1373563, 469.32685, 468.74340,
13.393240, 487.51800, 4.2851883, 467.20345, 466.61566,
13.403940, 493.07143, 4.3633618, 465.08226, 464.49118,
13.414650, 484.17043, 4.6622877, 462.96019, 462.36685,
13.425350, 482.65289, 4.1381897, 460.84167, 460.24713,
13.436050, 490.43290, 4.1307756, 458.72549, 458.13079,
13.446740, 493.00905, 4.1932662, 456.61439, 456.02058,
13.457440, 492.53399, 4.3453652, 454.50490, 453.91304,
13.468130, 498.22558, 4.1451675, 452.40183, 451.81295,
13.478830, 498.88928, 4.0803747, 450.30172, 449.71689,
13.489520, 505.58266, 4.1021277, 448.20938, 447.62962,
13.500200, 501.44247, 4.2128327, 446.12529, 445.55163,
13.510890, 497.08949, 4.1612622, 444.04639, 443.47988,
13.521570, 513.30267, 4.1940330, 441.97709, 441.41874,
13.532260, 517.23068, 4.0672583, 439.91438, 439.36521,
13.542940, 529.37859, 4.2123010, 437.86263, 437.32364,
13.553620, 519.59009, 4.3510540, 435.82071, 435.29287,
13.564290, 519.75343, 4.2472744, 433.79129, 433.27557,
13.574970, 502.85672, 4.1177406, 431.77110, 431.26846,
13.585640, 511.77802, 4.0270923, 429.76482, 429.27616,
13.596320, 508.84595, 4.1685716, 427.76922, 427.29546,
13.606990, 499.30197, 4.2116308, 425.78893, 425.33093,
13.617650, 481.08331, 4.7447831, 423.82449, 423.38305,
13.628320, 482.10172, 4.0310718, 421.87310, 421.44904,
13.638980, 488.23765, 4.0840213, 419.93899, 419.53305,
13.649650, 473.08636, 4.1859227, 418.01946, 417.63236,
13.660310, 473.16498, 4.2551592, 416.11870, 415.75107,
13.670970, 459.61057, 4.5243369, 414.23574, 413.88818,
13.681630, 448.35085, 3.9368689, 412.37136, 412.04442,
13.692280, 444.23428, 4.6631278, 410.52815, 410.22227,
13.702940, 443.83478, 4.0319155, 408.70327, 408.41887,
13.713590, 436.74621, 4.0800322, 406.90110, 406.63850,
13.724240, 426.91535, 3.9305402, 405.12050, 404.87993,
13.734890, 425.54485, 3.8875489, 403.36260, 403.14421,
13.745530, 418.12933, 3.8554710, 401.62961, 401.43344,
13.756180, 416.45275, 3.9395097, 399.91928, 399.74529,
13.766820, 410.11565, 4.0354392, 398.23551, 398.08353,
13.777460, 414.83477, 4.0682472, 396.57762, 396.44739,
13.788100, 391.62243, 3.7480916, 394.94650, 394.83760,
13.798740, 392.88734, 3.8227427, 393.34303, 393.25494,
13.809380, 388.27876, 4.0933626, 391.76825, 391.70030,
13.820010, 392.33753, 4.0186657, 390.22418, 390.17553,
13.830640, 389.70717, 4.0364068, 388.71058, 388.68025,
13.841270, 386.10548, 3.9015858, 387.22813, 387.21499,
13.851900, 385.72850, 3.9195435, 385.77805, 385.78078,
13.862530, 380.33955, 4.7502828, 384.36072, 384.37791,
13.873150, 386.42001, 4.5948717, 382.97680, 383.00717,
13.883780, 373.95316, 4.1095345, 381.62311, 381.66552,
13.894400, 380.65150, 4.3542064, 380.30138, 380.35483,
13.905020, 367.06274, 4.1855599, 379.00972, 379.07334,
13.915640, 385.59825, 4.3815840, 377.74746, 377.82050,
13.926250, 385.48904, 13.449506, 376.51505, 376.59687,
13.936870, 377.71472, 4.9543351, 375.30977, 375.39983,
13.947480, 382.74197, 4.7852180, 374.13293, 374.23079,
13.958090, 379.77948, 4.4742807, 372.98306, 373.08835,
13.968700, 395.79333, 5.1959287, 371.85936, 371.97180,
13.979310, 375.22655, 4.9035671, 370.76145, 370.88083,
13.989910, 378.57587, 5.2006605, 369.68963, 369.81579,
14.000520, 387.46478, 4.8144967, 368.64140, 368.77426,
14.011120, 371.90291, 4.8590021, 367.61812, 367.75763,
14.021720, 372.65787, 5.6002035, 366.61831, 366.76445,
14.032320, 372.64887, 5.8269792, 365.64144, 365.79426,
14.042920, 376.75857, 5.6329931, 364.68702, 364.84656,
14.053510, 381.37050, 5.4066012, 363.75546, 363.92180,
14.064110, 380.91439, 5.3699001, 362.84444, 363.01767,
14.074700, 362.99625, 6.2928296, 361.95520, 362.13543,
14.085290, 368.49137, 6.6472854, 361.08653, 361.27385,
14.095870, 366.78812, 4.2071399, 360.23865, 360.43316,
14.106460, 367.14145, 3.5062978, 359.40960, 359.61139,
14.117040, 354.37206, 3.4388162, 358.60043, 358.80957,
14.127630, 362.40829, 4.2425751, 357.80918, 358.02575,
14.138210, 370.75440, 3.6457643, 357.03702, 357.26103,
14.148790, 371.65710, 4.6714112, 356.28275, 356.51419,
14.159370, 370.97704, 4.3633437, 355.54596, 355.78481,
14.169940, 370.15042, 4.0222970, 354.82698, 355.07315,
14.180520, 378.83710, 7.1990760, 354.12399, 354.37737,
14.182090, 356.86220, 3.9147265, 354.02109, 354.27553,
14.193560, 363.80563, 4.0656610, 353.28003, 353.54205,
14.205030, 374.30682, 4.0126780, 352.55760, 352.82691,
14.216500, 375.20857, 4.1542093, 351.85346, 352.12971,
14.227970, 372.25822, 4.1298532, 351.16712, 351.44985,
14.239430, 375.60338, 3.9872035, 350.49868, 350.78736,
14.250890, 375.08455, 3.8576582, 349.84720, 350.14119,
14.262350, 369.17033, 4.0083566, 349.21217, 349.51074,
14.273810, 371.08969, 4.0933352, 348.59324, 348.89554,
14.285270, 367.47538, 4.1904482, 347.99005, 348.29514,
14.296730, 365.44620, 5.3883684, 347.40214, 347.70893,
14.308180, 369.52793, 4.1219918, 346.82968, 347.13699,
14.319630, 355.70380, 3.7784950, 346.27177, 346.57827,
14.331080, 365.54375, 3.9675544, 345.72800, 346.03223,
14.342530, 361.92487, 4.0715034, 345.19813, 345.49848,
14.353970, 358.41333, 3.7342680, 344.68221, 344.97695,
14.365410, 356.70252, 3.6998736, 344.17939, 344.46664,
14.376860, 358.33617, 3.7904961, 343.68898, 343.96668,
14.388300, 347.82371, 5.1621868, 343.21147, 343.47743,
14.399730, 343.41927, 5.2346843, 342.74656, 342.99843,
14.411170, 342.69827, 3.3690480, 342.29310, 342.52833,
14.422600, 337.58773, 3.2967716, 341.85161, 342.06752,
14.434030, 346.64095, 3.3429615, 341.42138, 341.61509,
14.445460, 341.34782, 3.4885698, 341.00209, 341.17055,
14.456890, 336.66605, 3.4305918, 340.59352, 340.73349,
14.468320, 339.40018, 3.3375126, 340.19538, 340.30343,
14.479740, 336.68082, 3.2840081, 339.80771, 339.88024,
14.491160, 343.19232, 3.2983204, 339.42992, 339.46311,
14.502580, 343.79961, 3.4748226, 339.06177, 339.05162,
14.514000, 339.29214, 3.4682951, 338.70277, 338.64526,
14.525420, 331.72787, 3.3659321, 338.35217, 338.24373,
14.536830, 342.80168, 3.2652196, 338.00942, 337.84704,
14.548240, 341.37385, 3.3281322, 337.67337, 337.45447,
14.559650, 330.71420, 3.8757386, 337.34318, 337.06566,
14.571060, 338.84763, 3.5469661, 337.01805, 336.68031,
14.582470, 326.23663, 3.8478153, 336.69716, 336.29807,
14.593870, 339.07932, 3.7771190, 336.37993, 335.91890,
14.605270, 335.67820, 3.5399795, 336.06528, 335.54215,
14.616670, 333.85742, 3.4593023, 335.75243, 335.16750,
14.628070, 338.29815, 3.9277421, 335.44051, 334.79457,
14.639470, 331.86034, 3.9317949, 335.12872, 334.42303,
14.650860, 337.34550, 3.3756099, 334.81656, 334.05291,
14.662260, 329.80962, 3.3917227, 334.50261, 333.68317,
14.673650, 325.63342, 3.6312937, 334.18667, 333.31416,
14.685040, 319.50215, 3.3794186, 333.86758, 332.94518,
14.696420, 328.56515, 3.4125388, 333.54490, 332.57629,
14.707810, 327.78269, 3.5298140, 333.21714, 332.20641,
14.719190, 324.72565, 3.4373413, 332.88417, 331.83596,
14.730570, 329.39590, 3.3967359, 332.54479, 331.46419,
14.741950, 333.71297, 3.5682630, 332.19822, 331.09080,
14.753330, 322.94920, 3.4355821, 331.84361, 330.71545,
14.764700, 328.40892, 3.4419839, 331.48049, 330.33817,
14.776080, 328.12993, 3.4027609, 331.10734, 329.95790,
14.787450, 332.17490, 3.5120971, 330.72400, 329.57503,
14.798820, 320.16523, 3.5839957, 330.32930, 329.18885,
14.810190, 319.61723, 3.8265646, 329.92234, 328.79901,
14.821550, 325.53369, 3.6473007, 329.50270, 328.40556,
14.832920, 321.99635, 4.0973000, 329.06875, 328.00747,
14.844280, 327.69275, 4.0957634, 328.62037, 327.60506,
14.855640, 328.29020, 3.9145550, 328.15632, 327.19767,
14.866990, 325.38729, 3.9200540, 327.67614, 326.78533,
14.878350, 321.63121, 3.9274494, 327.17807, 326.36694,
14.889710, 317.22153, 3.9069163, 326.66162, 325.94254,
14.901060, 323.11456, 3.9874629, 326.12639, 325.51218,
14.912410, 313.96282, 4.0605493, 325.57097, 325.07513,
14.923760, 316.21605, 4.1931811, 324.99439, 324.63099,
14.935100, 325.54055, 4.5855820, 324.39635, 324.17992,
14.946450, 319.43947, 4.4613487, 323.77468, 323.72066,
14.957790, 327.88193, 4.4532243, 323.12996, 323.25381,
14.969130, 325.80840, 4.4989699, 322.46466, 322.77943,
14.980470, 320.89175, 4.8450690, 321.78388, 322.29835,
14.991810, 318.36775, 4.7191748, 321.09290, 321.81149,
15.003140, 326.84303, 4.6564510, 320.39753, 321.32017,
15.014480, 325.94225, 4.4945012, 319.70187, 320.82450,
15.025810, 322.93834, 4.7098667, 319.01218, 320.32613,
15.037140, 329.74330, 4.7859632, 318.33321, 319.82562,
15.048460, 324.16782, 5.1074779, 317.67066, 319.32423,
15.059790, 312.36495, 4.7420732, 317.02864, 318.82202,
15.071110, 320.11916, 4.7355367, 316.41344, 318.32072,
15.082440, 321.64983, 3.9325442, 315.82923, 317.82033,
15.093750, 316.45953, 3.3562179, 315.28284, 317.32313,
15.105070, 314.67172, 3.2291361, 314.77797, 316.82863,
15.116390, 318.74230, 3.2720487, 314.32043, 316.33817,
15.127700, 321.07213, 3.5151493, 313.91589, 315.85310,
15.139020, 319.22155, 3.8479761, 313.56897, 315.37340,
15.150330, 314.39537, 3.6363923, 313.28565, 314.90087,
15.162390, 312.22532, 4.2122192, 313.05933, 314.40537,
15.174730, 308.04523, 4.0874872, 312.91546, 313.90844,
15.187070, 314.01022, 4.1381577, 312.86738, 313.42291,
15.199410, 309.53355, 4.2734920, 312.92227, 312.94985,
15.211740, 315.52543, 4.2404054, 313.08535, 312.49071,
15.224080, 317.21243, 4.1059888, 313.35390, 312.04467,
15.236410, 314.21124, 3.8589891, 313.72203, 311.61232,
15.248740, 318.60885, 3.9684909, 314.18459, 311.19304,
15.261060, 324.83450, 4.3335662, 314.73580, 310.78697,
15.273390, 311.12212, 4.2141352, 315.37137, 310.39321,
15.285710, 331.20285, 4.4244267, 316.08512, 310.01219,
15.298030, 322.21935, 4.0751229, 316.87235, 309.64344,
15.310350, 325.29894, 3.9282101, 317.72811, 309.28668,
15.322660, 320.52842, 4.3053684, 318.64653, 308.94206,
15.334980, 321.76547, 3.9765967, 319.62412, 308.60880,
15.347290, 318.96035, 4.0293496, 320.65445, 308.28725,
15.359600, 322.24708, 3.6965553, 321.73336, 307.97694,
15.371900, 330.60732, 3.6840697, 322.85503, 307.67795,
15.384210, 323.07600, 3.7339189, 324.01654, 307.38959,
15.396510, 327.00843, 4.9395031, 325.21122, 307.11215,
15.408810, 331.00787, 4.3972615, 326.43508, 306.84525,
15.421110, 331.03519, 3.8597630, 327.68356, 306.58867,
15.433410, 327.24055, 3.6187292, 328.95173, 306.34229,
15.445700, 327.20022, 3.6692537, 330.23398, 306.10610,
15.457990, 331.36340, 3.9808088, 331.52658, 305.87974,
15.470280, 333.66663, 4.4631845, 332.82482, 305.66305,
15.482570, 334.43148, 4.1411146, 334.12404, 305.45587,
15.494860, 333.39036, 3.8986718, 335.41952, 305.25804,
15.507140, 337.71887, 3.8472733, 336.70560, 305.06956,
15.519420, 338.23071, 3.8426912, 337.97848, 304.89013,
15.531700, 331.82872, 3.8972163, 339.23368, 304.71958,
15.543980, 344.58053, 3.9218698, 340.46630, 304.55778,
15.556260, 344.45848, 3.8105824, 341.67180, 304.40456,
15.568530, 344.59150, 3.5645244, 342.84436, 304.25992,
15.580800, 342.64115, 3.4824576, 343.98028, 304.12358,
15.593070, 343.62745, 3.6118444, 345.07480, 303.99541,
15.605340, 344.77375, 3.6853076, 346.12320, 303.87527,
15.617600, 348.45727, 3.6009905, 347.12317, 303.76310,
15.629860, 352.95038, 3.4671932, 348.07761, 303.65871,
15.642120, 354.29363, 3.4053089, 348.98900, 303.56192,
15.654380, 353.53607, 3.8592472, 349.85950, 303.47265,
15.666640, 350.48015, 4.0576153, 350.69151, 303.39074,
15.678890, 358.80005, 3.8373652, 351.48655, 303.31614,
15.691140, 352.24868, 3.6483056, 352.24758, 303.24866,
15.703390, 358.37018, 3.5349600, 352.97679, 303.18818,
15.715640, 361.09525, 3.6323447, 353.67637, 303.13458,
15.727890, 368.24990, 3.7724125, 354.34846, 303.08775,
15.740130, 365.44244, 3.9729824, 354.99473, 303.04760,
15.752370, 364.42197, 3.7768613, 355.61778, 303.01398,
15.764610, 380.75503, 3.8691212, 356.21981, 302.98678,
15.776850, 378.39497, 3.6620305, 356.80283, 302.96589,
15.789090, 378.11710, 3.6668329, 357.36900, 302.95121,
15.801320, 383.94836, 3.8093527, 357.91989, 302.94263,
15.813550, 391.45425, 3.9612154, 358.45803, 302.94004,
15.825780, 388.98890, 4.1771671, 358.98549, 302.94333,
15.838010, 397.33838, 3.8494307, 359.50430, 302.95240,
15.850230, 391.99595, 3.8379476, 360.01610, 302.96715,
15.862450, 404.44168, 3.9960027, 360.52328, 302.98748,
15.874670, 399.95020, 4.2674557, 361.02794, 303.01329,
15.886890, 399.16322, 4.2232874, 361.53208, 303.04448,
15.899110, 413.41772, 4.4212440, 362.03766, 303.08097,
15.911320, 394.37035, 4.2041018, 362.54636, 303.12263,
15.923540, 398.89665, 4.4517973, 363.06103, 303.16944,
15.935750, 401.99300, 4.6733159, 363.58281, 303.22122,
15.947960, 387.01312, 4.7354350, 364.11418, 303.27794,
15.960160, 384.39460, 4.6736961, 364.65672, 303.33944,
15.972370, 388.92997, 4.7885096, 365.21334, 303.40575,
15.984570, 386.62387, 4.5588283, 365.78516, 303.47667,
15.996770, 396.86095, 4.6361007, 366.37476, 303.55218,
16.008961, 382.75800, 4.6326990, 366.98367, 303.63212,
16.021160, 385.80367, 4.6583431, 367.61489, 303.71654,
16.033350, 382.52295, 4.6509938, 368.26954, 303.80523,
16.045549, 374.69109, 4.4373144, 368.95077, 303.89825,
16.057739, 386.16665, 4.8998198, 369.65963, 303.99539,
16.069920, 377.25938, 4.7493109, 370.39820, 304.09654,
16.082109, 364.37682, 4.5015799, 371.16977, 304.20181,
16.094290, 366.62704, 4.6548319, 371.97532, 304.31094,
16.106470, 373.28875, 5.3015354, 372.81763, 304.42395,
16.118650, 376.31048, 4.8274842, 373.69892, 304.54077,
16.130831, 379.16063, 4.8389217, 374.62142, 304.66132,
16.143009, 377.33046, 5.0264934, 375.58727, 304.78552,
16.155180, 365.60512, 4.9530378, 376.59822, 304.91324,
16.167351, 370.87367, 5.1836554, 377.65721, 305.04448,
16.179520, 380.38890, 5.8669467, 378.76640, 305.17916,
16.191681, 369.91508, 5.2190716, 379.92759, 305.31714,
16.203850, 379.20577, 5.5919678, 381.14464, 305.45853,
16.216009, 387.66920, 7.0896887, 382.41827, 305.60307,
16.228170, 401.22128, 6.3816234, 383.75184, 305.75083,
16.240330, 374.57362, 6.2350976, 385.14417, 305.90170,
16.252489, 380.82972, 5.7173911, 386.59281, 306.05563,
16.264641, 388.99754, 6.3642765, 388.09418, 306.21248,
16.276791, 404.23553, 6.4939865, 389.64632, 306.37224,
16.288950, 407.15680, 5.7690002, 391.24816, 306.53502,
16.301090, 400.36367, 6.5424156, 392.89336, 306.70037,
16.313240, 424.32833, 6.6771238, 394.58321, 306.86862,
16.325380, 434.97468, 7.2199215, 396.31261, 307.03945,
16.337530, 464.39420, 5.1620214, 398.08180, 307.21306,
16.349670, 487.58817, 4.9823725, 399.88560, 307.38913,
16.361799, 499.86035, 4.6164929, 401.72122, 307.56758,
16.373940, 540.46764, 5.3077515, 403.58975, 307.74868,
16.386070, 568.04706, 5.2985639, 405.48562, 307.93207,
16.398211, 610.12851, 5.7718184, 407.40946, 308.11799,
16.410339, 615.04552, 5.8673861, 409.35561, 308.30605,
16.422461, 611.85313, 5.7885992, 411.32235, 308.49627,
16.434589, 621.02104, 6.6911651, 413.30984, 308.68883,
16.446711, 611.07545, 6.0816571, 415.31332, 308.88343,
16.458839, 626.00368, 6.0207437, 417.33304, 309.08028,
16.470961, 602.61647, 7.7686438, 419.36421, 309.27907,
16.483070, 587.46901, 6.5839622, 421.40392, 309.47969,
16.495190, 552.93929, 7.3881684, 423.45345, 309.68244,
16.500280, 555.90218, 6.7573146, 424.31627, 309.76818,
16.513599, 541.96841, 6.2631945, 426.57751, 309.99409,
16.526911, 526.42647, 5.4054135, 428.84060, 310.22210,
16.540211, 519.69646, 5.5701119, 431.10195, 310.45209,
16.553520, 498.83658, 5.3450097, 433.36217, 310.68435,
16.566820, 494.75277, 5.3535412, 435.61507, 310.91849,
16.580120, 467.78178, 5.0571485, 437.85935, 311.15462,
16.593420, 456.00410, 4.5203024, 440.09203, 311.39267,
16.606710, 465.13689, 4.5787909, 442.30857, 311.63243,
16.620001, 458.54471, 4.7211926, 444.50760, 311.87399,
16.633301, 459.52615, 4.5795198, 446.68771, 312.11747,
16.646589, 462.12733, 4.7932988, 448.84246, 312.36245,
16.659870, 450.06330, 4.5868728, 450.96950, 312.60891,
16.673149, 457.38460, 4.7485833, 453.06676, 312.85693,
16.686440, 457.94923, 4.5241838, 455.13326, 313.10668,
16.699711, 460.78330, 4.6898678, 457.16127, 313.35754,
16.712990, 451.98618, 4.8741787, 459.15258, 313.60997,
16.726271, 455.20528, 4.8288046, 461.10426, 313.86379,
16.739540, 457.62120, 4.5793379, 463.01234, 314.11870,
16.752810, 459.22691, 4.3433206, 464.87644, 314.37486,
16.766081, 456.76872, 4.1860559, 466.69472, 314.63227,
16.779341, 460.16754, 4.2923465, 468.46325, 314.89059,
16.792601, 456.89410, 4.4580435, 470.18145, 315.15002,
16.805870, 465.80296, 4.5552900, 471.84828, 315.41067,
16.819120, 460.43890, 4.9046101, 473.45794, 315.67194,
16.832380, 458.58390, 4.3304444, 475.01170, 315.93434,
16.845631, 461.64450, 4.1874296, 476.50497, 316.19745,
16.858891, 464.73045, 4.4244736, 477.93752, 316.46158,
16.872141, 478.19370, 4.8105116, 479.30487, 316.72632,
16.885380, 470.75875, 4.7252671, 480.60452, 316.99156,
16.898630, 467.56400, 4.4630993, 481.83618, 317.25773,
16.911869, 471.38792, 4.1870268, 482.99517, 317.52430,
16.925110, 486.09902, 4.1937861, 484.08010, 317.79151,
16.938351, 483.49267, 4.2641169, 485.08814, 318.05926,
16.951580, 484.66395, 4.3606097, 486.01578, 318.32728,
16.964821, 483.52957, 4.4727596, 486.86188, 318.59597,
16.978050, 494.79748, 5.0748114, 487.62232, 318.86482,
16.991270, 519.34341, 4.5474561, 488.29471, 319.13384,
17.004499, 535.32829, 4.4781168, 488.87726, 319.40334,
17.017719, 681.02287, 5.1911763, 489.36631, 319.67291,
17.030951, 1553.5050, 7.9733034, 489.75969, 319.94292,
17.044161, 1715.4287, 9.0712884, 490.05359, 320.21265,
17.057381, 761.79086, 6.0143149, 490.24578, 320.48269,
17.070601, 508.59330, 4.7844607, 490.33288, 320.75279,
17.083811, 503.49877, 4.3904778, 490.31176, 321.02271,
17.097019, 501.60583, 4.2885835, 490.17928, 321.29256,
17.110229, 509.47250, 4.6817959, 489.93203, 321.56237,
17.123430, 488.00278, 4.6745583, 489.56691, 321.83186,
17.136641, 489.60190, 4.5927645, 489.07987, 322.10137,
17.149839, 494.41445, 14.172155, 488.46808, 322.37042,
17.163040, 482.71539, 4.9037316, 487.72737, 322.63925,
17.176229, 478.33920, 4.5705854, 486.85484, 322.90752,
17.189430, 485.39346, 4.6982738, 485.84507, 323.17566,
17.202620, 481.93763, 4.8758687, 484.69583, 323.44316,
17.215811, 483.96120, 5.0620590, 483.40201, 323.71023,
17.229000, 470.99509, 4.8495605, 481.95978, 323.97676,
17.242180, 479.58595, 4.6705183, 480.36589, 324.24254,
17.255369, 488.42873, 5.1811054, 478.61728, 324.50791,
17.268551, 478.49406, 4.9158430, 476.72431, 324.77248,
17.281719, 467.89197, 4.7294201, 474.69752, 325.03608,
17.294901, 475.22593, 5.3665174, 472.54208, 325.29919,
17.308069, 487.15831, 5.2492266, 470.27150, 325.56125,
17.321251, 475.42390, 4.7595358, 467.89027, 325.82272,
17.334410, 495.70500, 4.9990942, 465.41405, 326.08285,
17.347580, 496.14305, 5.2329728, 462.84541, 326.34225,
17.360750, 499.17697, 5.4569810, 460.19531, 326.60067,
17.373911, 498.26433, 5.7640964, 457.47455, 326.85785,
17.387070, 484.63940, 5.8443745, 454.69035, 327.11390,
17.400230, 470.69947, 5.1117587, 451.85059, 327.36885,
17.413380, 471.94237, 6.5896374, 448.96683, 327.62238,
17.426540, 483.94725, 5.6732218, 446.04262, 327.87489,
17.439690, 457.84650, 5.3807927, 443.09161, 328.12588,
17.452841, 445.48663, 5.6534971, 440.11937, 328.37556,
17.465981, 424.19183, 6.3869522, 437.13743, 328.62362,
17.479130, 443.09030, 6.8110735, 434.14953, 328.87042,
17.492270, 435.58007, 5.2771482, 431.16849, 329.11552,
17.505409, 430.50703, 5.5634869, 428.20062, 329.35908,
17.518551, 424.87317, 5.4299489, 425.25399, 329.60105,
17.531679, 437.48551, 5.7389501, 422.34049, 329.84112,
17.544821, 417.54665, 5.6446174, 419.46272, 330.07971,
17.557949, 404.23598, 5.5811969, 416.63507, 330.31628,
17.571079, 408.64405, 5.7439999, 413.86276, 330.55106,
17.584200, 405.24135, 5.6813729, 411.15678, 330.78378,
17.597330, 415.77267, 5.9463786, 408.52183, 331.01473,
17.610451, 398.96558, 5.7994551, 405.96953, 331.24352,
17.623569, 405.95220, 6.5245339, 403.49910, 331.47021,
17.636690, 436.43642, 7.2818819, 401.10756, 331.69483,
17.649799, 394.11964, 6.9458584, 398.79500, 331.91708,
17.662910, 408.45096, 6.7243712, 396.55683, 332.13713,
17.676029, 435.06622, 6.0133924, 394.39001, 332.35502,
17.689131, 432.57685, 6.6889737, 392.29650, 332.57028,
17.702240, 425.63967, 8.9619434, 390.27025, 332.78325,
17.715349, 420.67228, 7.5163780, 388.31053, 332.99374,
17.728451, 420.12077, 7.7707962, 386.41651, 333.20158,
17.741550, 411.23058, 6.3545070, 384.58542, 333.40679,
17.754641, 408.07067, 4.7340836, 382.81644, 333.60919,
17.767740, 410.08630, 4.7804852, 381.10521, 333.80901,
17.780830, 418.12142, 5.4968140, 379.45250, 334.00589,
17.793921, 419.10115, 4.9826922, 377.85535, 334.19992,
17.807011, 411.23883, 4.7590830, 376.31212, 334.39103,
17.820101, 415.79171, 4.9486588, 374.82120, 334.57914,
17.833179, 409.18195, 5.1240382, 373.38226, 334.76403,
17.846270, 387.14782, 4.8691465, 371.99126, 334.94596,
17.859341, 393.06638, 6.0527946, 370.64991, 335.12442,
17.872419, 387.85497, 5.2922893, 369.35394, 335.29972,
17.885500, 386.42075, 5.0947730, 368.10256, 335.47170,
17.898569, 375.81244, 5.7639604, 366.89560, 335.64013,
17.911640, 383.05904, 5.4114839, 365.73043, 335.80509,
17.924709, 366.74944, 9.4285426, 364.60607, 335.96646,
17.937780, 380.01197, 10.126368, 363.52089, 336.12422,
17.941250, 380.78952, 7.4173198, 363.23929, 336.16548,
17.955721, 373.74628, 4.8954847, 362.09318, 336.33469,
17.970181, 369.38888, 4.9072192, 360.99253, 336.49909,
17.984650, 368.80347, 4.9765394, 359.93411, 336.65880,
17.999109, 354.40280, 5.5287131, 358.91771, 336.81351,
18.013571, 363.92960, 5.8385206, 357.94095, 336.96322,
18.028021, 362.81410, 5.1402757, 357.00318, 337.10770,
18.042480, 356.10764, 4.6486153, 356.10156, 337.24703,
18.056931, 342.27835, 4.3327823, 355.23582, 337.38091,
18.071381, 353.14397, 4.4001564, 354.40395, 337.50932,
18.085819, 348.29512, 4.4998099, 353.60518, 337.63205,
18.100269, 348.79672, 4.7377594, 352.83690, 337.74916,
18.114710, 355.61853, 4.9868123, 352.09884, 337.86035,
18.129150, 358.56854, 4.6424999, 351.38894, 337.96559,
18.143579, 349.97380, 5.0957424, 350.70615, 338.06466,
18.158020, 344.97763, 4.4686986, 350.04786, 338.15758,
18.172449, 353.98208, 4.7106047, 349.41356, 338.24409,
18.186880, 341.01157, 4.7469953, 348.80116, 338.32413,
18.201300, 343.60246, 4.5925417, 348.20970, 338.39749,
18.215719, 334.61772, 4.4083286, 347.63724, 338.46409,
18.230150, 335.78565, 4.3025137, 347.08190, 338.52386,
18.244560, 339.60332, 4.1895855, 346.54347, 338.57650,
18.258980, 340.62543, 4.3069654, 346.01939, 338.62199,
18.273390, 347.06425, 4.6068770, 345.50893, 338.66013,
18.287800, 344.99535, 4.8081896, 345.01038, 338.69079,
18.302210, 338.19155, 4.5284390, 344.52234, 338.71382,
18.316620, 344.11447, 4.3983046, 344.04345, 338.72906,
18.331020, 339.04730, 4.2818625, 343.57265, 338.73635,
18.345421, 345.85605, 4.0718588, 343.10829, 338.73554,
18.359819, 333.88517, 4.0566234, 342.64906, 338.72647,
18.374210, 343.41573, 5.0143223, 342.19382, 338.70897,
18.388611, 336.19068, 4.7515091, 341.74068, 338.68286,
18.403000, 337.13182, 4.3836677, 341.28897, 338.64800,
18.417379, 332.64027, 4.3431255, 340.83729, 338.60422,
18.431770, 336.27388, 4.3167205, 340.38367, 338.55129,
18.446150, 327.31017, 4.5414863, 339.92748, 338.48910,
18.460529, 341.86325, 4.1973827, 339.46704, 338.41743,
18.474911, 346.61105, 5.1504677, 339.00094, 338.33607,
18.489281, 342.48285, 6.1061967, 338.52829, 338.24493,
18.503660, 331.23375, 4.2542200, 338.04706, 338.14367,
18.518030, 330.78000, 4.0600798, 337.55726, 338.03238,
18.532391, 338.79838, 4.1153622, 337.05966, 337.91133,
18.546761, 345.01555, 4.4343464, 336.55453, 337.78063,
18.561119, 340.04950, 4.6573075, 336.04350, 337.64076,
18.575480, 347.99932, 4.7037922, 335.52699, 337.49187,
18.589840, 339.53440, 4.5108997, 335.00596, 337.33423,
18.604191, 336.77348, 4.2977517, 334.48166, 337.16822,
18.618549, 349.50930, 4.2686501, 333.95433, 336.99391,
18.632900, 336.39882, 3.9993908, 333.42542, 336.81175,
18.647240, 348.88476, 4.4661523, 332.89595, 336.62204,
18.661591, 339.01604, 4.4526277, 332.36595, 336.42475,
18.675930, 336.63223, 4.8918944, 331.83715, 336.22042,
18.690269, 335.33334, 4.9565841, 331.30999, 336.00917,
18.704611, 359.82135, 5.1627430, 330.78529, 335.79119,
18.718941, 355.45310, 5.2436197, 330.26440, 335.56695,
18.733271, 344.39459, 4.4999331, 329.74779, 335.33650,
18.747601, 345.16337, 4.8032583, 329.23635, 335.10009,
18.761930, 362.27688, 5.3724538, 328.73096, 334.85795,
18.776260, 349.93900, 7.1252035, 328.23251, 334.61031,
18.790581, 346.00997, 7.9101305, 327.74224, 334.35758,
18.804899, 353.11826, 4.9419264, 327.26077, 334.09985,
18.819220, 353.91770, 4.5919393, 326.78889, 333.83728,
18.833530, 358.28438, 4.7842104, 326.32790, 333.57032,
18.847839, 357.88357, 5.0332970, 325.87845, 333.29904,
18.862150, 355.68740, 5.5799728, 325.44138, 333.02360,
18.876459, 357.55468, 5.7754059, 325.01774, 332.74429,
18.890770, 346.22000, 4.9483563, 324.60839, 332.46125,
18.905069, 357.16497, 4.9341554, 324.21466, 332.17497,
18.919371, 347.28265, 4.7553299, 323.83715, 331.88540,
18.933670, 359.77230, 5.8897180, 323.47698, 331.59283,
18.947960, 359.71785, 6.6081153, 323.13532, 331.29764,
18.962250, 353.37773, 6.0654213, 322.81295, 330.99984,
18.976540, 363.03580, 6.7541651, 322.51092, 330.69965,
18.990829, 353.17953, 7.3200764, 322.23030, 330.39727,
19.005119, 351.50932, 5.8814012, 321.97215, 330.09292,
19.019400, 346.75383, 5.6336522, 321.73774, 329.78700,
19.033680, 347.54657, 5.2816122, 321.52801, 329.47953,
19.047960, 339.14829, 5.2307448, 321.34408, 329.17071,
19.062229, 346.61033, 5.6430288, 321.18725, 328.86100,
19.076500, 351.04018, 7.1015579, 321.05852, 328.55031,
19.090771, 338.62486, 6.6978563, 320.95912, 328.23889,
19.105040, 331.06544, 6.8831063, 320.89029, 327.92700,
19.119310, 356.24881, 5.9660498, 320.85329, 327.61474,
19.133570, 338.68777, 5.8798631, 320.84938, 327.30262,
19.147829, 327.28673, 6.8455484, 320.87986, 326.99060,
19.162090, 343.15782, 6.3335050, 320.94606, 326.67882,
19.176340, 327.86610, 6.0950690, 321.04928, 326.36781,
19.190599, 328.10718, 5.8743632, 321.19105, 326.05729,
19.204849, 331.26337, 6.2542520, 321.37263, 325.74788,
19.219101, 325.73578, 5.9735995, 321.59560, 325.43956,
19.233339, 321.23220, 5.7117294, 321.86119, 325.13284,
19.247580, 326.99406, 6.0859693, 322.17115, 324.82761,
19.261820, 339.26566, 11.148181, 322.52706, 324.52411,
19.276060, 315.24808, 7.0854928, 322.93051, 324.22254,
19.290300, 342.37247, 7.3515692, 323.38318, 323.92312,
19.304529, 318.43478, 6.9759444, 323.88634, 323.62630,
19.318760, 314.29816, 8.0811925, 324.44216, 323.33199,
19.332991, 326.67540, 7.2627470, 325.05236, 323.04045,
19.347219, 325.64825, 7.1084787, 325.71868, 322.75193,
19.361441, 332.59100, 8.2629285, 326.44270, 322.46675,
19.375660, 331.10341, 7.2231301, 327.22655, 322.18501,
19.389879, 291.37483, 6.5014863, 328.07234, 321.90687,
19.404100, 333.28590, 7.6924654, 328.98221, 321.63253,
19.418310, 331.52593, 8.0943138, 329.95733, 321.36244,
19.432520, 339.41695, 8.9665383, 331.00056, 321.09660,
