# wave, flux, fluxerr, continuum, continuum_plateau
9.9725246, 111.98717, 3.2109537, 139.67402, 139.54741,
9.9806166, 114.93327, 3.2494644, 138.16436, 138.05835,
9.9887066, 116.83718, 2.9784768, 136.70299, 136.61512,
9.9967957, 114.63743, 2.8629033, 135.28887, 135.21688,
10.004880, 127.39740, 3.6660415, 133.92179, 133.86359,
10.012970, 123.34895, 3.0881864, 132.59919, 132.55286,
10.021050, 125.29180, 2.9487564, 131.32273, 131.28652,
10.029140, 127.81165, 2.9355489, 130.08861, 130.06094,
10.037220, 121.06455, 3.0147612, 128.89912, 128.87854,
10.045300, 125.13390, 2.8752711, 127.75186, 127.73707,
10.053380, 119.03547, 2.9801490, 126.64596, 126.63581,
10.061460, 119.68500, 3.0105276, 125.58095, 125.57441,
10.069540, 120.49842, 2.9286275, 124.55585, 124.55200,
10.077610, 122.87540, 3.0041565, 123.57135, 123.56939,
10.085690, 121.75280, 2.9768061, 122.62427, 122.62352,
10.093760, 121.27883, 3.1580870, 121.71619, 121.71605,
10.101830, 118.87658, 2.6629515, 120.84527, 120.84526,
10.109900, 116.79647, 2.6187099, 120.01075, 120.01046,
10.117970, 127.32733, 3.2016053, 119.21218, 119.21128,
10.126040, 119.54260, 2.7574025, 118.44881, 118.44706,
10.134100, 119.09872, 2.5410801, 117.72093, 117.71814,
10.142170, 115.46962, 2.5309694, 117.02601, 117.02208,
10.150230, 112.37170, 2.9235371, 116.36518, 116.36004,
10.158300, 110.79925, 2.4776222, 115.73625, 115.72991,
10.166360, 111.11457, 2.3994518, 115.14019, 115.13269,
10.174420, 114.15802, 2.5080313, 114.57551, 114.56693,
10.182470, 115.10425, 2.6405488, 114.04237, 114.03284,
10.190530, 108.76133, 2.5092928, 113.53888, 113.52855,
10.198590, 114.59105, 2.5624350, 113.06506, 113.05411,
10.206640, 109.27328, 2.6478166, 112.62098, 112.60961,
10.214690, 108.84550, 2.6924377, 112.20546, 112.19389,
10.222750, 103.61565, 2.5494828, 111.81753, 111.80599,
10.230800, 107.31930, 2.9353002, 111.45757, 111.44630,
10.238850, 108.74358, 2.6759730, 111.12458, 111.11382,
10.246890, 115.29502, 2.6902338, 110.81841, 110.80840,
10.254940, 104.58020, 3.0273287, 110.53782, 110.52878,
10.262990, 103.31330, 3.4341087, 110.28269, 110.27484,
10.271030, 108.33120, 2.6683349, 110.05278, 110.04634,
10.279070, 110.21742, 2.6061427, 109.84732, 109.84247,
10.287120, 106.53543, 3.1010893, 109.66558, 109.66249,
10.295150, 113.28595, 3.0267810, 109.50774, 109.50655,
10.303190, 113.84588, 4.0971122, 109.37273, 109.37353,
10.311230, 106.85530, 3.6153051, 109.26149, 109.26438,
10.319270, 105.94970, 3.2657059, 109.17623, 109.18125,
10.327300, 112.42137, 3.0756585, 109.11937, 109.12653,
10.335340, 111.01788, 2.8562671, 109.09309, 109.10238,
10.343370, 114.48577, 2.7751125, 109.09982, 109.11117,
10.351400, 108.86790, 3.8208878, 109.14185, 109.15516,
10.359430, 109.21442, 3.5552643, 109.22156, 109.23666,
10.367460, 112.78120, 3.0636354, 109.34131, 109.35798,
10.375480, 97.239199, 3.2135729, 109.50327, 109.52122,
10.383510, 115.34300, 4.0034321, 109.71024, 109.72911,
10.391530, 100.82978, 4.1880678, 109.96412, 109.98347,
10.399560, 93.197926, 2.6637654, 110.26794, 110.28724,
10.407580, 104.64785, 2.4731455, 110.62341, 110.64203,
10.415600, 108.23340, 2.4928067, 111.03325, 111.05047,
10.423620, 109.57070, 2.7716787, 111.50002, 111.51499,
10.431640, 109.52145, 2.7021426, 112.02608, 112.03782,
10.439650, 108.25805, 2.4021301, 112.61323, 112.62066,
10.447670, 114.22155, 3.2787381, 113.26545, 113.26733,
10.455680, 116.53897, 3.3495313, 113.98328, 113.97822,
10.463700, 117.24357, 2.6529784, 114.76790, 114.75460,
10.471710, 114.00490, 2.9458757, 115.61493, 115.59229,
10.479720, 111.48745, 3.2869380, 116.52301, 116.49009,
10.487730, 113.78390, 2.8987481, 117.48981, 117.44587,
10.495730, 117.56680, 2.7517906, 118.51178, 118.45622,
10.503740, 118.47255, 3.0819110, 119.58906, 119.52142,
10.511750, 119.88765, 3.0886552, 120.71819, 120.63817,
10.519750, 111.82242, 2.8380206, 121.89532, 121.80277,
10.527750, 121.24488, 4.3816681, 123.11981, 123.01468,
10.535750, 124.29582, 3.7861543, 124.38930, 124.27166,
10.543750, 126.32758, 4.4770398, 125.70141, 125.57143,
10.551750, 125.15483, 3.9629405, 127.05424, 126.91222,
10.559750, 132.80583, 6.8781226, 128.44528, 128.29160,
10.567850, 122.60070, 2.6373592, 129.89077, 129.72575,
10.576350, 133.86483, 2.6902001, 131.44499, 131.26870,
10.584840, 142.92893, 2.7190482, 133.03300, 132.84617,
10.593340, 138.58202, 2.6050003, 134.65615, 134.45957,
10.601830, 139.53302, 2.5917091, 136.30786, 136.10243,
10.610330, 135.42770, 2.9448966, 137.98965, 137.77633,
10.618820, 148.32435, 2.7218560, 139.69501, 139.47485,
10.627310, 143.14680, 2.5805869, 141.42308, 141.19717,
10.635800, 141.43567, 2.6283187, 143.17171, 142.94123,
10.644280, 149.08482, 3.0055620, 144.93600, 144.70215,
10.652770, 144.72600, 2.9797950, 146.71758, 146.48165,
10.661250, 152.57922, 2.6951336, 148.50995, 148.27326,
10.669740, 151.98945, 2.9107611, 150.31463, 150.07856,
10.678220, 150.09983, 2.9329050, 152.12506, 151.89103,
10.686700, 156.70520, 2.8632763, 153.94076, 153.71025,
10.695180, 168.73108, 2.9793976, 155.75924, 155.53376,
10.703650, 166.77575, 3.2655281, 157.57596, 157.35706,
10.712130, 172.17979, 3.2062354, 159.39231, 159.18162,
10.720600, 170.74865, 3.0023501, 161.20212, 161.00128,
10.729080, 165.08415, 3.1802768, 163.00678, 162.81750,
10.737550, 178.46070, 3.8761690, 164.79952, 164.62354,
10.746020, 173.94322, 3.1190176, 166.58030, 166.41941,
10.754490, 174.36610, 3.0917873, 168.34621, 168.20227,
10.762960, 174.22633, 2.9724434, 170.09515, 169.97008,
10.771420, 172.57252, 3.1433341, 171.82208, 171.71782,
10.779890, 184.88928, 3.2080942, 173.52918, 173.44778,
10.788350, 176.88380, 3.0382179, 175.20950, 175.15304,
10.796810, 179.97920, 3.3235491, 176.86266, 176.83330,
10.805270, 181.08558, 3.4234834, 178.48612, 178.48612,
10.813730, 174.65313, 3.0615233, 180.07787, 180.10951,
10.822190, 179.82890, 3.1423905, 181.63796, 181.70338,
10.830650, 183.19897, 4.0751788, 183.16693, 183.26810,
10.839100, 179.35283, 3.3192930, 184.66351, 184.80214,
10.847560, 186.30850, 3.2411035, 186.13193, 186.30969,
10.856010, 189.04045, 3.3453867, 187.56924, 187.78752,
10.864460, 197.40508, 3.6190226, 188.97747, 189.23756,
10.872910, 205.05217, 3.8330014, 190.35730, 190.66031,
10.881360, 211.13320, 3.7335825, 191.70937, 192.05628,
10.889800, 209.04520, 4.0948951, 193.03239, 193.42398,
10.898250, 212.33838, 4.6078922, 194.32999, 194.76699,
10.906690, 213.55118, 4.0861627, 195.59970, 196.08263,
10.915140, 213.59037, 3.9983972, 196.84500, 197.37434,
10.923580, 239.59713, 4.3019770, 198.06325, 198.63926,
10.932020, 241.50213, 5.2065060, 199.25647, 199.87933,
10.940460, 243.61618, 5.5244142, 200.42510, 201.09487,
10.948890, 255.48162, 4.8365322, 201.56815, 202.28475,
10.957330, 270.42860, 5.1597716, 202.68891, 203.45224,
10.965760, 288.57522, 4.0640494, 203.78512, 204.59490,
10.974200, 318.82940, 4.2733140, 204.85968, 205.71560,
10.982630, 347.94942, 3.8687641, 205.91044, 206.81203,
10.991060, 374.08057, 4.2056778, 206.93927, 207.88599,
10.999490, 383.81670, 5.3447733, 207.94632, 208.93757,
11.007920, 382.33420, 4.2610866, 208.93220, 209.96730,
11.016340, 383.98188, 4.3662143, 209.89599, 210.97412,
11.024770, 378.22005, 4.2999149, 210.84035, 211.96072,
11.033190, 379.43367, 4.9587185, 211.76351, 212.92517,
11.041610, 364.82125, 4.2645753, 212.66690, 213.86888,
11.050030, 357.83340, 5.2814492, 213.55088, 214.79214,
11.058450, 345.75282, 5.3713199, 214.41579, 215.69524,
11.066870, 358.58473, 4.9662635, 215.26196, 216.57847,
11.075290, 338.46403, 5.1406637, 216.08974, 217.44209,
11.083700, 343.11943, 4.7562355, 216.89855, 218.28546,
11.092120, 343.76865, 5.8566340, 217.69053, 219.11074,
11.100530, 345.98573, 4.7625726, 218.46412, 219.91627,
11.108940, 341.51400, 4.9702874, 219.22073, 220.70344,
11.117350, 350.19231, 9.4346680, 219.96047, 221.47233,
11.120570, 366.41306, 4.2706077, 220.23939, 221.76203,
11.129530, 377.40525, 4.0977983, 221.00280, 222.55430,
11.138500, 401.50702, 4.1555617, 221.74884, 223.32756,
11.147460, 437.09299, 4.4359910, 222.47615, 224.08031,
11.156430, 484.41455, 4.7171644, 223.18675, 224.81464,
11.165390, 563.49614, 4.8543876, 223.87932, 225.52914,
11.174350, 656.78903, 5.0680810, 224.55504, 226.22498,
11.183300, 785.78572, 5.7752372, 225.21353, 226.90176,
11.192260, 899.69804, 6.1758586, 225.85653, 227.56123,
11.201220, 975.80560, 6.1688771, 226.48362, 228.20295,
11.210170, 995.95464, 6.1686333, 227.09448, 228.82656,
11.219120, 999.66559, 6.5829992, 227.69009, 229.43306,
11.228070, 994.21167, 6.4901435, 228.27074, 230.02274,
11.237020, 984.85692, 6.0951654, 228.83666, 230.59582,
11.245970, 983.17345, 6.1830874, 229.38826, 231.15272,
11.254920, 977.07326, 6.3861299, 229.92576, 231.69365,
11.263860, 940.63739, 6.2334928, 230.44883, 232.21830,
11.272800, 920.61992, 5.9438046, 230.95844, 232.72765,
11.281750, 881.10928, 5.9318286, 231.45526, 233.22238,
11.290690, 850.02882, 6.0264816, 231.93860, 233.70181,
11.299630, 804.18767, 5.8635828, 232.40916, 234.16666,
11.308560, 762.02647, 5.6012563, 232.86676, 234.61678,
11.317500, 726.42021, 5.5722753, 233.31262, 235.05340,
11.326430, 693.74126, 5.5883209, 233.74604, 235.47586,
11.335370, 644.99983, 5.3005351, 234.16817, 235.88531,
11.344300, 618.53119, 5.0199525, 234.57837, 236.28116,
11.353230, 586.07198, 4.9082684, 234.97732, 236.66411,
11.362160, 563.61951, 5.0251410, 235.36519, 237.03438,
11.371080, 534.64995, 4.7788836, 235.74191, 237.39194,
11.380010, 515.55774, 4.5395926, 236.10842, 237.73772,
11.388930, 497.88586, 4.4932373, 236.46424, 238.07132,
11.397850, 471.61108, 4.5589501, 236.80988, 238.39329,
11.406780, 451.74965, 4.4179195, 237.14600, 238.70428,
11.415700, 437.39362, 4.2213011, 237.47201, 239.00382,
11.424610, 428.95576, 4.3909697, 237.78818, 239.29221,
11.433530, 421.16248, 4.5673135, 238.09538, 239.57032,
11.442450, 405.22553, 4.5418641, 238.39346, 239.83808,
11.451360, 386.12209, 4.0175993, 238.68233, 240.09546,
11.460270, 368.45002, 4.0577068, 238.96248, 240.34301,
11.469180, 367.68000, 4.3021420, 239.23411, 240.58095,
11.478090, 358.88855, 4.2152419, 239.49740, 240.80953,
11.487000, 347.78745, 4.1371368, 239.75254, 241.02899,
11.495910, 335.48523, 4.0729258, 239.99966, 241.23953,
11.504810, 318.68295, 4.3939732, 240.23875, 241.44124,
11.513710, 328.26231, 4.4795089, 240.47021, 241.63452,
11.522620, 307.84100, 4.0308084, 240.69447, 241.81985,
11.531520, 301.31210, 4.0062314, 240.91119, 241.99702,
11.540420, 304.50113, 4.2720716, 241.12080, 242.16648,
11.549310, 301.94305, 4.2406486, 241.32324, 242.32830,
11.558210, 302.50683, 4.3444471, 241.51914, 242.48307,
11.567100, 300.43652, 4.6100689, 241.70816, 242.63062,
11.576000, 285.52267, 4.6793285, 241.89094, 242.77157,
11.584890, 283.40559, 4.6630414, 242.06720, 242.90580,
11.593780, 280.94003, 4.3766284, 242.23728, 243.03367,
11.602670, 269.36172, 4.2931041, 242.40136, 243.15545,
11.611560, 264.35215, 4.7681597, 242.55958, 243.27135,
11.620440, 261.11938, 4.5604463, 242.71190, 243.38144,
11.629330, 255.62580, 4.6791123, 242.85882, 243.48623,
11.638210, 247.48743, 4.9825514, 243.00016, 243.58568,
11.647090, 250.37537, 4.8695843, 243.13619, 243.68012,
11.655970, 243.52300, 5.4613840, 243.26708, 243.76978,
11.664850, 243.44395, 4.0668413, 243.39296, 243.85489,
11.673730, 243.51912, 3.3759594, 243.51395, 243.93564,
11.682600, 254.43273, 3.4752648, 243.63006, 244.01218,
11.691480, 249.06652, 3.4566771, 243.74168, 244.08488,
11.700350, 242.60977, 3.5039334, 243.84869, 244.15381,
11.709220, 252.09114, 3.6718238, 243.95135, 244.21926,
11.718090, 249.04973, 3.8521355, 244.04977, 244.28144,
11.726960, 242.83210, 3.9189409, 244.14409, 244.34057,
11.735830, 239.24368, 4.1042180, 244.23442, 244.39685,
11.744690, 250.05160, 4.8246882, 244.32078, 244.45044,
11.753560, 245.97453, 3.9511148, 244.40351, 244.50167,
11.762420, 246.53800, 4.4037656, 244.48252, 244.55063,
11.771280, 244.40765, 6.8987276, 244.55803, 244.59760,
11.775020, 243.62060, 3.4436378, 244.58887, 244.61688,
11.784500, 248.45395, 3.5722166, 244.66443, 244.66443,
11.793980, 244.13523, 3.5692787, 244.73626, 244.71022,
11.803460, 242.70472, 3.7510695, 244.80430, 244.75415,
11.812940, 254.78058, 3.3509935, 244.86844, 244.79603,
11.822420, 256.82632, 3.4788769, 244.92857, 244.83571,
11.831890, 248.20910, 3.4038030, 244.98451, 244.87295,
11.841360, 249.57927, 20.118087, 245.03623, 244.90762,
11.850840, 262.10941, 18.574838, 245.08365, 244.93959,
11.860310, 257.23708, 3.4565650, 245.12656, 244.96860,
11.869770, 262.32188, 3.4022528, 245.16485, 244.99448,
11.879240, 266.64800, 3.3254231, 245.19848, 245.01712,
11.888710, 260.99413, 3.1798446, 245.22729, 245.03630,
11.898170, 269.21672, 3.2989538, 245.25113, 245.05183,
11.907630, 272.79032, 3.3819020, 245.26990, 245.06355,
11.917090, 270.28838, 3.3954954, 245.28348, 245.07128,
11.926550, 264.97563, 3.4415276, 245.29174, 245.07485,
11.936010, 267.57312, 3.2103689, 245.29455, 245.07406,
11.945470, 271.25665, 3.3196417, 245.29178, 245.06874,
11.954920, 271.61638, 3.4682211, 245.28329, 245.05872,
11.964370, 277.63477, 3.9751719, 245.26896, 245.04381,
11.973830, 279.89173, 3.4835048, 245.24862, 245.02380,
11.983280, 276.83055, 3.2761121, 245.22216, 244.99856,
11.992720, 274.98941, 3.2339065, 245.18947, 244.96791,
12.002170, 280.66980, 3.2057528, 245.15032, 244.93160,
12.011610, 275.88748, 3.1553707, 245.10466, 244.88952,
12.021060, 273.21149, 3.2580704, 245.05223, 244.84140,
12.030500, 273.03722, 3.2521583, 244.99299, 244.78714,
12.039940, 269.57070, 3.1918783, 244.92674, 244.72652,
12.049380, 265.10222, 3.1096356, 244.85330, 244.65934,
12.058820, 263.25690, 3.2284594, 244.77253, 244.58542,
12.068250, 257.91765, 3.2771364, 244.68435, 244.50464,
12.077690, 257.16212, 3.1431862, 244.58840, 244.41664,
12.087120, 256.29712, 3.0851039, 244.48473, 244.32142,
12.096550, 255.07528, 3.2130476, 244.37307, 244.21870,
12.105980, 251.00917, 3.2815180, 244.25323, 244.10827,
12.115410, 252.82452, 3.2989247, 244.12503, 243.98994,
12.124830, 241.10463, 3.3606178, 243.98845, 243.86364,
12.134260, 245.87595, 3.2590349, 243.84301, 243.72893,
12.143680, 247.91422, 3.3572270, 243.68884, 243.58588,
12.153100, 254.46170, 3.4860790, 243.52557, 243.43413,
12.162520, 259.44205, 4.0394592, 243.35302, 243.27350,
12.171940, 245.67878, 3.3263783, 243.17102, 243.10379,
12.181360, 243.52163, 3.6053023, 242.97931, 242.92478,
12.190770, 250.33402, 3.6261586, 242.77796, 242.73647,
12.200180, 244.39225, 3.6403434, 242.56654, 242.53848,
12.209600, 239.06313, 3.4802244, 242.34458, 242.33036,
12.219010, 241.81530, 3.9406359, 242.11236, 242.11236,
12.228420, 241.45295, 3.8653108, 241.86949, 241.88409,
12.237820, 243.83815, 3.9787019, 241.61642, 241.64595,
12.247230, 252.28715, 4.0897786, 241.35280, 241.39756,
12.256630, 256.59973, 4.0361354, 241.07940, 241.13960,
12.266040, 330.53765, 4.5690474, 240.79589, 240.87172,
12.275440, 593.65703, 6.2230331, 240.50305, 240.59461,
12.284840, 580.56245, 5.9841709, 240.20083, 240.30821,
12.294230, 317.72720, 4.8155658, 239.88970, 240.01290,
12.303630, 280.39492, 5.6913088, 239.56928, 239.70831,
12.313030, 273.77012, 4.8236340, 239.24001, 239.39482,
12.322420, 270.66570, 5.2464943, 238.90251, 239.07298,
12.331810, 269.34801, 3.5706132, 238.55659, 238.74259,
12.341200, 272.04227, 3.0691141, 238.20245, 238.40381,
12.350590, 284.54222, 3.4307503, 237.84026, 238.05677,
12.359980, 288.08327, 3.4182067, 237.47021, 237.70163,
12.369360, 283.23716, 3.3408906, 237.09284, 237.33891,
12.378750, 289.03684, 3.4222868, 236.70759, 236.96800,
12.388130, 295.03245, 3.5977845, 236.31538, 236.58982,
12.397510, 289.97955, 3.5312942, 235.91605, 236.20415,
12.406890, 296.36692, 3.4254868, 235.50967, 235.81107,
12.416270, 299.15482, 3.5057459, 235.09646, 235.41076,
12.425640, 299.51138, 3.8422268, 234.67703, 235.00381,
12.435020, 312.59418, 4.1364945, 234.25062, 234.58944,
12.444390, 310.82215, 4.0204717, 233.81832, 234.16872,
12.453760, 309.85515, 4.1567098, 233.37981, 233.74133,
12.463130, 303.61165, 4.1593159, 232.93524, 233.30739,
12.472500, 307.52200, 3.9684315, 232.48477, 232.86705,
12.481870, 328.58277, 4.9683578, 232.02852, 232.42042,
12.489420, 333.30400, 3.9751321, 231.65678, 232.05605,
12.499490, 342.29270, 4.2245536, 231.15543, 231.56398,
12.509550, 349.53135, 3.9385397, 230.64836, 231.06557,
12.519610, 343.91065, 3.7503796, 230.13529, 230.56051,
12.529670, 349.86890, 3.7865011, 229.61641, 230.04901,
12.539730, 359.06977, 3.9705470, 229.09180, 229.53112,
12.549780, 360.53152, 4.3444618, 228.56221, 229.00759,
12.559840, 364.65514, 3.8115875, 228.02672, 228.47749,
12.569890, 375.42283, 3.7965282, 227.48658, 227.94208,
12.579940, 372.01590, 3.8590220, 226.94139, 227.40096,
12.589990, 382.41845, 3.9238531, 226.39131, 226.85427,
12.600040, 393.69960, 3.8817461, 225.83644, 226.30212,
12.610090, 391.92752, 3.8734376, 225.27701, 225.74476,
12.620130, 406.89055, 4.1123278, 224.71373, 225.18286,
12.630170, 423.98273, 4.0240893, 224.14609, 224.61596,
12.640210, 415.48492, 3.9991001, 223.57429, 224.04423,
12.650250, 411.77611, 3.8578224, 222.99847, 223.46784,
12.660290, 411.43465, 3.8087700, 222.41883, 222.88697,
12.670330, 418.66662, 3.8886448, 221.83538, 222.30166,
12.680360, 432.35500, 3.9757151, 221.24893, 221.71273,
12.690390, 446.92117, 3.9234297, 220.65901, 221.11970,
12.700420, 456.23958, 3.9299150, 220.06569, 220.52267,
12.710450, 470.32213, 3.9964623, 219.46921, 219.92188,
12.720480, 468.59890, 4.1502829, 218.86965, 219.31741,
12.730500, 469.04784, 9.6520902, 218.26770, 218.70999,
12.740530, 462.98062, 26.375564, 217.66234, 218.09859,
12.750550, 456.81536, 44.978813, 217.05486, 217.48452,
12.760570, 450.91400, 3.9014677, 216.44485, 216.86739,
12.770590, 449.85468, 3.9126422, 215.83233, 216.24722,
12.780610, 449.46298, 3.8771580, 215.21746, 215.62420,
12.790620, 434.94637, 4.0636240, 214.60102, 214.99912,
12.800640, 421.79200, 3.7342962, 213.98184, 214.37081,
12.810650, 428.34227, 3.8417672, 213.36132, 213.74072,
12.820660, 404.16668, 3.7234304, 212.73894, 213.10832,
12.830670, 373.40268, 3.5069762, 212.11475, 212.47368,
12.840680, 359.17293, 3.4814195, 211.48899, 211.83706,
12.850680, 335.24785, 3.4310011, 210.86230, 211.19914,
12.860690, 317.65862, 3.4578894, 210.23361, 210.55884,
12.870690, 303.93993, 3.4877166, 209.60424, 209.91750,
12.880690, 282.96774, 3.1393782, 208.97374, 209.27470,
12.890690, 271.71857, 3.1195965, 208.34211, 208.63046,
12.900680, 260.96333, 3.1548079, 207.71020, 207.98565,
12.910680, 253.69022, 3.1347863, 207.07677, 207.33903,
12.920670, 237.78782, 3.0917529, 206.44328, 206.69210,
12.930670, 236.42020, 2.9584487, 205.80850, 206.04362,
12.940660, 232.41090, 2.9435764, 205.17380, 205.39503,
12.950640, 225.76463, 3.1302529, 204.53943, 204.74658,
12.960630, 219.73777, 3.0237416, 203.90404, 204.09690,
12.970620, 219.19132, 3.0146835, 203.26852, 203.44694,
12.980600, 218.16908, 3.1093225, 202.63353, 202.79738,
12.990580, 216.49490, 3.2133429, 201.99863, 202.14780,
13.000560, 211.35378, 3.4230996, 201.36380, 201.49818,
13.010540, 209.57817, 3.2263071, 200.72923, 200.84873,
13.020520, 208.53588, 3.2587349, 200.09501, 200.19958,
13.030490, 207.01478, 3.3655857, 199.46192, 199.55153,
13.040470, 202.23115, 3.4055130, 198.82873, 198.90334,
13.050440, 210.09115, 3.7207268, 198.19690, 198.25651,
13.060410, 203.31847, 3.5443811, 197.56585, 197.61049,
13.070380, 198.41820, 3.4270180, 196.93564, 196.96534,
13.080350, 199.16520, 3.5739580, 196.30651, 196.32131,
13.090310, 193.41655, 3.5268440, 195.67909, 195.67909,
13.100280, 187.91632, 3.4976359, 195.05229, 195.03756,
13.110240, 199.47918, 3.6852280, 194.42738, 194.39804,
13.120200, 194.51953, 4.0352035, 193.80380, 193.75998,
13.130160, 191.96537, 3.9807598, 193.18161, 193.12346,
13.140110, 202.09538, 3.5300705, 192.56152, 192.48923,
13.150070, 206.05232, 2.6626295, 191.94228, 191.85602,
13.160020, 196.03415, 2.8074308, 191.32525, 191.22525,
13.169980, 185.68792, 2.8387234, 190.70919, 190.59566,
13.179930, 189.14630, 3.1464478, 190.09545, 189.96865,
13.189870, 189.00935, 3.0127535, 189.48402, 189.34423,
13.199820, 186.30933, 2.9071154, 188.87379, 188.72129,
13.209770, 190.32745, 3.0460796, 188.26535, 188.10044,
13.219710, 191.03515, 2.8205769, 187.65947, 187.48247,
13.229650, 194.29377, 4.0993177, 187.05561, 186.86686,
13.239590, 187.63535, 3.0957565, 186.45372, 186.25358,
13.249530, 187.19723, 3.1266997, 185.85392, 185.64275,
13.259470, 183.22147, 3.6714721, 185.25628, 185.03447,
13.269410, 183.03660, 3.4087820, 184.66087, 184.42881,
13.279340, 173.77667, 3.9162469, 184.06836, 183.82648,
13.289270, 184.63128, 3.8731901, 183.47815, 183.22686,
13.299200, 185.34212, 3.5343291, 182.89042, 182.63016,
13.309130, 185.54395, 3.9378867, 182.30517, 182.03640,
13.318260, 184.16115, 2.9157910, 181.76928, 181.49309,
13.328980, 187.88842, 2.7032475, 181.14291, 180.85852,
13.339690, 186.32720, 2.7160921, 180.52030, 180.22828,
13.350400, 189.05315, 2.7763999, 179.90092, 179.60185,
13.361120, 183.31855, 2.7032078, 179.28426, 178.97873,
13.371830, 180.72540, 2.6285315, 178.67162, 178.36024,
13.382530, 180.75890, 2.4705990, 178.06304, 177.74642,
13.393240, 183.16570, 2.5791514, 177.45753, 177.13629,
13.403940, 188.90965, 2.6643906, 176.85627, 176.53104,
13.414650, 185.91697, 2.8890764, 176.25829, 175.92970,
13.425350, 191.15573, 2.5178442, 175.66475, 175.33346,
13.436050, 188.61740, 2.5110019, 175.07523, 174.74188,
13.446740, 188.45500, 2.5585465, 174.49041, 174.15565,
13.457440, 198.36069, 2.7013174, 173.90925, 173.57374,
13.468130, 200.44973, 2.5770464, 173.33299, 172.99740,
13.478830, 196.37122, 2.5058836, 172.76063, 172.42561,
13.489520, 204.25163, 2.5633345, 172.19340, 171.85960,
13.500200, 208.78965, 2.6710487, 171.63135, 171.29944,
13.510890, 211.59940, 2.6589354, 171.07359, 170.74423,
13.521570, 217.70208, 2.6489744, 170.52126, 170.19509,
13.532260, 221.64248, 2.6187514, 169.97348, 169.65115,
13.542940, 229.10677, 3.5253052, 169.43135, 169.11351,
13.553620, 218.20350, 2.7402965, 168.89453, 168.58180,
13.564290, 216.58382, 2.7151708, 168.36365, 168.05665,
13.574970, 212.56557, 2.6157206, 167.83781, 167.53715,
13.585640, 209.62320, 2.5723944, 167.31818, 167.02446,
13.596320, 212.60520, 2.6965524, 166.80387, 166.51769,
13.606990, 203.32912, 2.6821153, 166.29605, 166.01796,
13.617650, 199.88750, 3.0073675, 165.79478, 165.52534,
13.628320, 195.19273, 2.5513333, 165.29933, 165.03907,
13.638980, 194.66053, 2.5839283, 164.81073, 164.56016,
13.649650, 191.06167, 2.6076964, 164.32825, 164.08787,
13.660310, 184.98407, 2.6762432, 163.85293, 163.62320,
13.670970, 176.10173, 2.7819539, 163.38448, 163.16584,
13.681630, 185.38325, 2.5567427, 162.92307, 162.71594,
13.692280, 185.55322, 2.9762951, 162.46931, 162.27406,
13.702940, 179.03365, 2.5790144, 162.02248, 161.83948,
13.713590, 174.34080, 2.6813867, 161.58363, 161.41318,
13.724240, 170.93065, 2.6512585, 161.15245, 160.99483,
13.734890, 166.41170, 2.4856978, 160.72920, 160.58467,
13.745530, 167.07210, 2.4740714, 160.31441, 160.18315,
13.756180, 161.02757, 2.5063703, 159.90750, 159.78970,
13.766820, 162.60682, 2.5935840, 159.50941, 159.40516,
13.777460, 161.84490, 2.5561776, 159.11997, 159.02934,
13.788100, 160.64313, 2.4745609, 158.73936, 158.66239,
13.798740, 161.06575, 2.4954701, 158.36780, 158.30445,
13.809380, 156.73148, 2.5715690, 158.00553, 157.95571,
13.820010, 157.14808, 2.5866401, 157.65301, 157.61657,
13.830640, 159.31648, 2.6104440, 157.31019, 157.28693,
13.841270, 158.94078, 2.6156891, 156.97724, 156.96688,
13.851900, 154.56828, 2.6144117, 156.65443, 156.65665,
13.862530, 154.47060, 3.6882466, 156.34180, 156.35623,
13.873150, 156.15250, 3.3508379, 156.03931, 156.06556,
13.883780, 157.63670, 3.3789550, 155.74602, 155.78379,
13.894400, 152.38720, 2.9728945, 155.46212, 155.51107,
13.905020, 158.40263, 2.8390873, 155.18695, 155.24678,
13.915640, 160.79283, 3.1258019, 154.92017, 154.99060,
13.926250, 156.34340, 3.0410905, 154.66164, 154.74238,
13.936870, 160.07170, 3.0173640, 154.41058, 154.50138,
13.947480, 161.44675, 2.9325325, 154.16705, 154.26763,
13.958090, 162.42182, 3.0703917, 153.93051, 154.04062,
13.968700, 171.68838, 3.2701431, 153.70058, 153.81998,
13.979310, 164.09120, 3.2999555, 153.47698, 153.60540,
13.989910, 164.50865, 3.4614640, 153.25953, 153.39672,
14.000520, 171.57245, 3.8445364, 153.04752, 153.19323,
14.011120, 170.68015, 3.9168782, 152.84101, 152.99497,
14.021720, 165.25720, 3.7503364, 152.63946, 152.80141,
14.032320, 154.11002, 3.7174912, 152.44257, 152.61224,
14.042920, 150.26463, 3.7408292, 152.25002, 152.42711,
14.053510, 156.39392, 3.8623202, 152.06166, 152.24588,
14.064110, 158.25822, 4.1066204, 151.87682, 152.06786,
14.074700, 153.70985, 4.9745386, 151.69553, 151.89307,
14.085290, 146.38305, 4.1532196, 151.51732, 151.72104,
14.095870, 159.06415, 3.1907780, 151.34203, 151.55156,
14.106460, 157.58300, 2.9814259, 151.16903, 151.38402,
14.117040, 154.73075, 3.0095302, 150.99833, 151.21840,
14.127630, 159.71292, 3.0064508, 150.82930, 151.05405,
14.138210, 163.88762, 3.3403085, 150.66196, 150.89099,
14.148790, 157.42565, 3.2024457, 150.49586, 150.72871,
14.159370, 165.67157, 3.0222216, 150.33068, 150.56692,
14.169940, 165.57595, 3.7117568, 150.16628, 150.40543,
14.180520, 166.75695, 6.7411861, 150.00203, 150.24361,
14.182090, 173.03935, 2.8925099, 149.97767, 150.21957,
14.193560, 175.97017, 2.8827306, 149.79960, 150.04347,
14.205030, 177.93635, 2.8983619, 149.62109, 149.86631,
14.216500, 185.73177, 3.2023910, 149.44180, 149.68771,
14.227970, 176.01375, 2.9495067, 149.26131, 149.50725,
14.239430, 172.70000, 2.8153490, 149.07940, 149.32466,
14.250890, 171.97505, 2.7917882, 148.89555, 149.13941,
14.262350, 167.42935, 2.7285137, 148.70933, 148.95104,
14.273810, 164.55297, 2.7815673, 148.52038, 148.75918,
14.285270, 164.93300, 2.7772152, 148.32832, 148.56341,
14.296730, 159.34365, 2.6304981, 148.13272, 148.36329,
14.308180, 156.57145, 2.6481013, 147.93340, 148.15861,
14.319630, 148.13737, 2.6553387, 147.72978, 147.94879,
14.331080, 154.11540, 2.8038324, 147.52144, 147.73338,
14.342530, 151.50715, 2.5987765, 147.30802, 147.51200,
14.353970, 150.55173, 2.3499029, 147.08930, 147.28443,
14.365410, 153.85683, 2.3305106, 146.86467, 147.05004,
14.376860, 153.96700, 2.5482491, 146.63353, 146.80821,
14.388300, 148.70415, 2.4035566, 146.39587, 146.55893,
14.399730, 144.61292, 2.2946774, 146.15131, 146.30181,
14.411170, 141.65570, 2.1594134, 145.89897, 146.03596,
14.422600, 140.80957, 2.1482321, 145.63889, 145.76143,
14.434030, 142.42833, 2.1450063, 145.37043, 145.47757,
14.445460, 139.73895, 2.2205042, 145.09312, 145.18392,
14.456890, 137.50837, 2.1959513, 144.80658, 144.88009,
14.468320, 141.72185, 2.3670282, 144.51034, 144.56563,
14.479740, 141.13345, 49.996792, 144.20421, 144.24037,
14.491160, 147.55033, 2.4537606, 143.88750, 143.90363,
14.502580, 141.17683, 2.2179348, 143.55978, 143.55498,
14.514000, 142.76830, 2.2422980, 143.22088, 143.19431,
14.525420, 146.56320, 2.3240640, 142.87143, 142.82236,
14.536830, 143.86045, 2.2165196, 142.51242, 142.44031,
14.548240, 142.32990, 2.1806518, 142.14422, 142.04861,
14.559650, 135.16760, 2.5144721, 141.76746, 141.64804,
14.571060, 137.83085, 2.3361614, 141.38285, 141.23947,
14.582470, 135.89687, 2.6197407, 140.99104, 140.82366,
14.593870, 131.66155, 2.3196819, 140.59299, 140.40177,
14.605270, 136.12575, 2.2634767, 140.18904, 139.97425,
14.616670, 132.57117, 2.2401054, 139.77986, 139.54193,
14.628070, 134.79797, 2.4289167, 139.36602, 139.10553,
14.639470, 132.73093, 2.3981499, 138.94820, 138.66587,
14.650860, 135.16400, 2.2328890, 138.52741, 138.22417,
14.662260, 134.92290, 2.3265717, 138.10352, 137.78038,
14.673650, 133.98052, 2.4631962, 137.67794, 137.33612,
14.685040, 137.44160, 2.3505615, 137.25087, 136.89173,
14.696420, 131.65042, 2.3264152, 136.82340, 136.44849,
14.707810, 128.18220, 2.3240084, 136.39531, 136.00628,
14.719190, 127.85090, 2.3714524, 135.96807, 135.56678,
14.730570, 131.37370, 2.4698309, 135.54185, 135.13030,
14.741950, 129.89710, 2.5983378, 135.11732, 134.69767,
14.753330, 130.56337, 2.4258362, 134.69510, 134.26966,
14.764700, 134.13775, 2.4754856, 134.27620, 133.84746,
14.776080, 129.03335, 2.3375517, 133.86048, 133.43108,
14.787450, 129.14262, 2.3292912, 133.44934, 133.02207,
14.798820, 126.89858, 2.5746198, 133.04302, 132.62084,
14.810190, 129.39855, 2.7650341, 132.64214, 132.22816,
14.821550, 131.81643, 2.5064914, 132.24772, 131.84519,
14.832920, 128.76747, 2.4121712, 131.85971, 131.47206,
14.844280, 131.71320, 2.8217638, 131.47940, 131.11019,
14.855640, 131.22728, 3.0727858, 131.10712, 130.76007,
14.866990, 129.06158, 2.8713395, 130.74385, 130.42280,
14.878350, 132.92882, 3.2225574, 130.38958, 130.09856,
14.889710, 129.60383, 2.8997655, 130.04530, 129.78848,
14.901060, 127.60405, 2.6847406, 129.71200, 129.49364,
14.912410, 121.20575, 3.1900735, 129.39001, 129.21455,
14.923760, 127.82438, 3.7115754, 129.07999, 128.95201,
14.935100, 121.91530, 3.5550615, 128.78295, 128.70710,
14.946450, 131.88417, 2.9923393, 128.49899, 128.48014,
14.957790, 129.25740, 3.3460275, 128.22934, 128.27233,
14.969130, 130.03977, 3.4300693, 127.97448, 128.08333,
14.980470, 129.15355, 3.5602393, 127.73512, 127.91246,
14.991810, 123.72900, 3.6767364, 127.51202, 127.75908,
15.003140, 131.48995, 3.1561836, 127.30611, 127.62263,
15.014480, 127.85258, 2.9836711, 127.11782, 127.50225,
15.025810, 129.70813, 3.0993717, 126.94822, 127.39748,
15.037140, 131.23255, 3.1359803, 126.79795, 127.30757,
15.048460, 128.85330, 3.4126899, 126.66790, 127.23194,
15.059790, 122.17260, 3.4656307, 126.55864, 127.16982,
15.071110, 135.35725, 3.3204052, 126.47119, 127.12069,
15.082440, 127.09282, 2.6274301, 126.40622, 127.08383,
15.093750, 126.14225, 2.2519935, 126.36472, 127.05871,
15.105070, 133.07877, 2.4367721, 126.34739, 127.04460,
15.116390, 131.36943, 2.4235285, 126.35515, 127.04093,
15.127700, 130.07367, 2.7088354, 126.38884, 127.04705,
15.139020, 133.25225, 2.6415063, 126.44942, 127.06237,
15.150330, 135.11845, 2.4633989, 126.53767, 127.08624,
15.162390, 130.16988, 3.0747785, 126.66336, 127.12044,
15.174730, 127.74543, 3.1093421, 126.82687, 127.16402,
15.187070, 127.64825, 2.8209515, 127.02690, 127.21551,
15.199410, 117.60890, 3.1846150, 127.26474, 127.27411,
15.211740, 133.69827, 3.3217376, 127.54094, 127.33907,
15.224080, 129.52225, 2.8175285, 127.85472, 127.41030,
15.236410, 134.17725, 2.6056225, 128.20364, 127.48755,
15.248740, 132.69433, 3.0067006, 128.58611, 127.57079,
15.261060, 131.33412, 3.0403883, 128.99993, 127.65984,
15.273390, 134.30058, 2.8505909, 129.44399, 127.75478,
15.285710, 136.33802, 2.9975481, 129.91579, 127.85534,
15.298030, 130.13765, 2.7307681, 130.41385, 127.96150,
15.310350, 133.90812, 2.8718833, 130.93649, 128.07319,
15.322660, 129.87890, 3.0621336, 131.48148, 128.19021,
15.334980, 133.73232, 2.8148143, 132.04796, 128.31266,
15.347290, 130.05975, 2.8413201, 132.63337, 128.44027,
15.359600, 131.81110, 2.6560091, 133.23643, 128.57305,
15.371900, 133.31170, 2.6722371, 133.85494, 128.71080,
15.384210, 136.45247, 2.9456276, 134.48829, 128.85367,
15.396510, 129.48033, 3.8580878, 135.13378, 129.00134,
15.408810, 132.59990, 3.6136796, 135.79020, 129.15385,
15.421110, 135.49650, 2.9880309, 136.45602, 129.31113,
15.433410, 138.60807, 2.5250944, 137.12950, 129.47308,
15.445700, 135.24232, 2.5232702, 137.80853, 129.63952,
15.457990, 134.18122, 2.6604731, 138.49200, 129.81048,
15.470280, 136.30210, 2.7420437, 139.17830, 129.98591,
15.482570, 139.28693, 2.7730866, 139.86581, 130.16572,
15.494860, 142.52030, 2.8045015, 140.55291, 130.34986,
15.507140, 140.53482, 2.8758888, 141.23747, 130.53810,
15.519420, 133.75348, 2.9243324, 141.91833, 130.73050,
15.531700, 136.20455, 3.1353868, 142.59400, 130.92703,
15.543980, 144.28838, 2.9106278, 143.26275, 131.12758,
15.556260, 145.88805, 2.5733346, 143.92306, 131.33214,
15.568530, 143.88903, 2.4072159, 144.57269, 131.54043,
15.580800, 140.90717, 2.3828283, 145.21058, 131.75257,
15.593070, 148.07825, 2.4512515, 145.83510, 131.96850,
15.605340, 146.23845, 2.5573431, 146.44462, 132.18817,
15.617600, 150.65210, 2.5096417, 147.03835, 132.41132,
15.629860, 146.09940, 2.2808682, 147.61785, 132.63807,
15.642120, 145.61788, 2.2229283, 148.18440, 132.86838,
15.654380, 144.06705, 2.5632169, 148.73912, 133.10217,
15.666640, 142.61905, 2.6424719, 149.28329, 133.33941,
15.678890, 150.00612, 2.4532754, 149.81759, 133.57983,
15.691140, 149.96525, 2.3817347, 150.34366, 133.82357,
15.703390, 146.60338, 2.2851318, 150.86267, 134.07059,
15.715640, 151.58370, 2.4886531, 151.37578, 134.32083,
15.727890, 159.42587, 2.6791252, 151.88416, 134.57423,
15.740130, 148.32035, 2.5557289, 152.38857, 134.83056,
15.752370, 149.70387, 2.6208076, 152.89052, 135.08993,
15.764610, 151.56710, 2.5622118, 153.39124, 135.35234,
15.776850, 159.41340, 2.5996738, 153.89180, 135.61770,
15.789090, 159.03230, 2.7060512, 154.39343, 135.88600,
15.801320, 158.32688, 2.7251866, 154.89680, 136.15694,
15.813550, 163.86940, 2.7295706, 155.40349, 136.43071,
15.825780, 161.51897, 2.8166007, 155.91466, 136.70727,
15.838010, 161.91565, 3.1142095, 156.43146, 136.98656,
15.850230, 156.23212, 20.703498, 156.95463, 137.26832,
15.862450, 159.76587, 3.3391331, 157.48569, 137.55272,
15.874670, 159.98910, 3.0870161, 158.02589, 137.83974,
15.886890, 161.88527, 2.9905233, 158.57636, 138.12933,
15.899110, 166.25150, 2.9970570, 159.13822, 138.42142,
15.911320, 165.61823, 3.0375206, 159.71226, 138.71577,
15.923540, 170.34680, 3.3245729, 160.30060, 139.01282,
15.935750, 171.78400, 3.3580505, 160.90343, 139.31202,
15.947960, 166.81137, 3.6590447, 161.52246, 139.61358,
15.960160, 175.30367, 3.7639672, 162.15839, 139.91724,
15.972370, 168.16810, 3.3653103, 162.81346, 140.22342,
15.984570, 175.07915, 3.3286780, 163.48783, 140.53160,
15.996770, 174.54200, 3.2744858, 164.18334, 140.84202,
16.008961, 173.71712, 3.3352307, 164.90065, 141.15439,
16.021160, 175.17733, 3.3251645, 165.64209, 141.46911,
16.033350, 169.65850, 3.4773721, 166.40785, 141.78571,
16.045549, 172.55838, 3.5720347, 167.20044, 142.10464,
16.057739, 170.23735, 3.6970192, 168.01993, 142.42536,
16.069920, 167.90295, 3.5660080, 168.86760, 142.74785,
16.082109, 160.07862, 3.3644190, 169.74613, 143.07257,
16.094290, 171.83915, 3.3180664, 170.65552, 143.39899,
16.106470, 170.79975, 3.9035567, 171.59784, 143.72733,
16.118650, 164.47795, 3.2365298, 172.57451, 144.05756,
16.130831, 163.54875, 3.2945693, 173.58696, 144.38965,
16.143009, 163.98018, 3.3832905, 174.63648, 144.72352,
16.155180, 166.29037, 3.5054481, 175.72400, 145.05898,
16.167351, 177.11033, 4.0980586, 176.85169, 145.39621,
16.179520, 170.70555, 4.6881212, 178.02089, 145.73513,
16.191681, 170.75388, 4.0456298, 179.23254, 146.07556,
16.203850, 179.49292, 4.4174446, 180.48974, 146.41788,
16.216009, 182.44280, 5.5658298, 181.79232, 146.76161,
16.228170, 186.27530, 5.5732477, 183.14283, 147.10702,
16.240330, 188.45525, 5.6673849, 184.53919, 147.45399,
16.252489, 181.88635, 5.8600848, 185.97805, 147.80254,
16.264641, 201.99503, 5.8690840, 187.45489, 148.15243,
16.276791, 200.50523, 5.2091860, 188.96682, 148.50381,
16.288950, 204.79535, 4.8919199, 190.51179, 148.85697,
16.301090, 208.50870, 5.2542534, 192.08262, 149.21106,
16.313240, 215.79400, 5.7157390, 193.67952, 149.56690,
16.325380, 232.46103, 5.9487561, 195.29651, 149.92390,
16.337530, 250.19143, 4.2500980, 196.93270, 150.28260,
16.349670, 268.53282, 4.0014441, 198.58208, 150.64241,
16.361799, 294.85188, 4.2435090, 200.24094, 151.00325,
16.373940, 319.88315, 4.4110915, 201.90900, 151.36579,
16.386070, 339.63840, 4.6848150, 203.57998, 151.72938,
16.398211, 364.79678, 4.7433994, 205.25311, 152.09456,
16.410339, 369.84395, 4.6665601, 206.92209, 152.46069,
16.422461, 372.55247, 4.7527403, 208.58406, 152.82785,
16.434589, 365.42315, 4.8023862, 210.23772, 153.19650,
16.446711, 371.85443, 4.6612846, 211.87758, 153.56614,
16.458839, 362.73970, 4.8765765, 213.50230, 153.93724,
16.470961, 343.93477, 5.3180972, 215.10641, 154.30929,
16.483070, 334.25142, 5.6364829, 216.68603, 154.68216,
16.495190, 322.46213, 7.4910563, 218.24045, 155.05648,
16.500280, 310.31312, 5.0967348, 218.88467, 155.21405,
16.513599, 303.87870, 4.6739176, 220.54332, 155.62726,
16.526911, 287.01493, 4.0510384, 222.15856, 156.04158,
16.540211, 281.00395, 4.1364789, 223.72535, 156.45685,
16.553520, 271.03322, 4.0789838, 225.24150, 156.87372,
16.566820, 272.91608, 4.1080858, 226.70011, 157.29157,
16.580120, 262.03630, 3.9087867, 228.09753, 157.71067,
16.593420, 245.25575, 3.5175761, 229.42896, 158.13101,
16.606710, 244.87787, 3.4842738, 230.68866, 158.55225,
16.620001, 238.41975, 3.4634323, 231.87272, 158.97469,
16.633301, 237.54123, 3.7341017, 232.97693, 159.39860,
16.646589, 239.98243, 3.8435314, 233.99457, 159.82329,
16.659870, 231.37088, 3.6629809, 234.92103, 160.24888,
16.673149, 234.77700, 3.8582027, 235.75166, 160.67552,
16.686440, 238.85991, 3.6853297, 236.48200, 161.10362,
16.699711, 240.60992, 3.6056591, 237.10630, 161.53218,
16.712990, 236.01035, 3.9740119, 237.63222, 161.96205,
16.726271, 241.57138, 3.8560220, 238.07134, 162.39302,
16.739540, 240.89417, 3.4180258, 238.43517, 162.82464,
16.752810, 242.33755, 3.3668349, 238.73593, 163.25728,
16.766081, 242.58562, 3.2761478, 238.98542, 163.69096,
16.779341, 238.51797, 3.2637059, 239.19513, 164.12525,
16.792601, 233.45370, 3.3150024, 239.37698, 164.56049,
16.805870, 239.08050, 3.3190609, 239.54270, 164.99699,
16.819120, 235.12568, 3.5826397, 239.70360, 165.43379,
16.832380, 235.58145, 3.1256116, 239.87164, 165.87182,
16.845631, 237.69788, 3.0585918, 240.05820, 166.31043,
16.858891, 228.32318, 3.1631491, 240.27518, 166.75024,
16.872141, 236.29785, 3.4071356, 240.53392, 167.19061,
16.885380, 235.38740, 3.4848138, 240.84594, 167.63145,
16.898630, 232.28340, 3.3297614, 241.22349, 168.07351,
16.911869, 234.59642, 3.1008148, 241.67766, 168.51602,
16.925110, 238.41237, 3.1172990, 242.22061, 168.95940,
16.938351, 240.75535, 3.1501633, 242.86417, 169.40359,
16.951580, 239.98262, 3.2977094, 243.61953, 169.84819,
16.964821, 242.05615, 3.4541198, 244.49389, 170.29394,
16.978050, 259.30217, 4.5382232, 245.47446, 170.74008,
16.991270, 256.65808, 3.4900478, 246.54695, 171.18665,
17.004499, 266.33480, 3.5915101, 247.69882, 171.63428,
17.017719, 364.05555, 4.3134365, 248.91438, 172.08232,
17.030951, 634.24709, 5.6603894, 250.18158, 172.53146,
17.044161, 598.67589, 5.7068725, 251.48332, 172.98060,
17.057381, 316.39902, 4.1193968, 252.80867, 173.43076,
17.070601, 259.03011, 3.4735195, 254.14281, 173.88161,
17.083811, 263.42915, 3.4623904, 255.47090, 174.33281,
17.097019, 268.22350, 3.6006189, 256.77985, 174.78461,
17.110229, 267.08100, 3.5655814, 258.05618, 175.23713,
17.123430, 265.72796, 3.6117025, 259.28494, 175.68997,
17.136641, 261.52061, 3.4711421, 260.45397, 176.14378,
17.149839, 261.84982, 3.3732261, 261.54749, 176.59782,
17.163040, 253.63198, 3.6234218, 262.55267, 177.05254,
17.176229, 255.65755, 3.3556866, 263.45455, 177.50748,
17.189430, 256.78680, 3.5522714, 264.24057, 177.96341,
17.202620, 264.66650, 3.7296654, 264.89517, 178.41954,
17.215811, 264.21488, 3.8243650, 265.40484, 178.87632,
17.229000, 257.12788, 3.7478992, 265.75504, 179.33361,
17.242180, 265.83939, 3.6434006, 265.93130, 179.79114,
17.255369, 270.15967, 3.8899766, 265.92581, 180.24955,
17.268551, 273.19893, 3.9440646, 265.74646, 180.70826,
17.281719, 271.88480, 4.3014039, 265.40394, 181.16704,
17.294901, 280.44165, 4.2729872, 264.90763, 181.62682,
17.308069, 283.48396, 4.1581810, 264.26851, 182.08667,
17.321251, 299.88765, 4.3123179, 263.49514, 182.54751,
17.334410, 309.94460, 4.6255730, 262.59952, 183.00806,
17.347580, 314.72863, 4.9722407, 261.58915, 183.46953,
17.360750, 325.69194, 5.5821771, 260.47432, 183.93149,
17.373911, 330.14472, 5.4114407, 259.26543, 184.39362,
17.387070, 310.10587, 4.6311242, 257.97131, 184.85617,
17.400230, 303.20225, 4.6643135, 256.60093, 185.31927,
17.413380, 303.68712, 4.7884150, 255.16502, 185.78245,
17.426540, 310.73992, 4.7554077, 253.67033, 186.24650,
17.439690, 288.44668, 4.6210619, 252.12863, 186.71062,
17.452841, 277.01710, 4.6506277, 250.54753, 187.17526,
17.465981, 277.61262, 5.4685700, 248.93780, 187.63996,
17.479130, 272.73961, 5.3397284, 247.30593, 188.10544,
17.492270, 266.41685, 4.2609113, 245.66336, 188.57103,
17.505409, 257.38380, 4.5293232, 244.01794, 189.03706,
17.518551, 257.82365, 4.6598618, 242.37847, 189.50359,
17.531679, 239.76757, 4.5712195, 240.75588, 189.97008,
17.544821, 241.84025, 4.5845876, 239.15592, 190.43747,
17.557949, 236.31347, 4.6677587, 237.59089, 190.90481,
17.571079, 238.30225, 4.7238478, 236.06801, 191.37264,
17.584200, 232.81065, 4.5840995, 234.59766, 191.84053,
17.597330, 232.37163, 4.7708113, 233.18684, 192.30918,
17.610451, 232.52067, 4.9872949, 231.84583, 192.77789,
17.623569, 229.32587, 5.7118946, 230.57485, 193.24693,
17.636690, 234.14117, 5.6042999, 229.37146, 193.71644,
17.649799, 225.13828, 4.9621020, 228.23477, 194.18594,
17.662910, 235.74497, 6.2068076, 227.16154, 194.65589,
17.676029, 248.08485, 6.2940041, 226.14942, 195.12651,
17.689131, 252.21158, 6.3482878, 225.19836, 195.59689,
17.702240, 243.98622, 6.8413004, 224.30464, 196.06793,
17.715349, 235.37998, 6.4454729, 223.46700, 196.53934,
17.728451, 237.88498, 6.2076314, 222.68412, 197.01086,
17.741550, 244.39307, 6.0196431, 221.95385, 197.48268,
17.754641, 253.88320, 4.6061966, 221.27487, 197.95453,
17.767740, 260.32594, 4.7259464, 220.64452, 198.42709,
17.780830, 258.59830, 5.5811609, 220.06211, 198.89967,
17.793921, 258.63110, 5.2448135, 219.52558, 199.37261,
17.807011, 262.39187, 4.8853419, 219.03337, 199.84591,
17.820101, 257.78350, 4.3786549, 218.58397, 200.31957,
17.833179, 243.40923, 4.0326496, 218.17624, 200.79317,
17.846270, 234.44985, 4.0163369, 217.80800, 201.26754,
17.859341, 243.47550, 4.3344088, 217.47866, 201.74157,
17.872419, 232.79492, 4.7438649, 217.18610, 202.21623,
17.885500, 224.08628, 4.5840928, 216.92913, 202.69131,
17.898569, 231.96945, 4.4913280, 216.70661, 203.16632,
17.911640, 231.99148, 4.9995257, 216.51698, 203.64174,
17.924709, 221.55843, 4.6718491, 216.35901, 204.11744,
17.937780, 221.71473, 101.16952, 216.23137, 204.59356,
17.941250, 223.12947, 4.0513652, 216.20243, 204.71999,
17.955721, 229.00670, 4.3196718, 216.10334, 205.24760,
17.970181, 226.13643, 4.2890631, 216.03793, 205.77521,
17.984650, 220.11362, 4.3381611, 216.00447, 206.30358,
17.999109, 220.82327, 7.2306118, 216.00142, 206.83203,
18.013571, 219.01733, 6.8264676, 216.02718, 207.36096,
18.028021, 217.17185, 4.5131419, 216.08018, 207.88989,
18.042480, 214.99965, 3.8716367, 216.15897, 208.41958,
18.056931, 210.62692, 3.7310945, 216.26196, 208.94933,
18.071381, 217.51760, 3.8172351, 216.38773, 209.47950,
18.085819, 218.29983, 3.9714698, 216.53471, 210.00966,
18.100269, 211.60040, 4.0683365, 216.70170, 210.54066,
18.114710, 221.18555, 4.0392472, 216.88714, 211.07172,
18.129150, 214.85840, 4.0248037, 217.09007, 211.60320,
18.143579, 211.41410, 3.8320021, 217.30932, 212.13466,
18.158020, 216.21135, 3.8924172, 217.54428, 212.66697,
18.172449, 217.01265, 3.9749255, 217.79362, 213.19927,
18.186880, 221.79215, 3.9575835, 218.05662, 213.73206,
18.201300, 215.75122, 3.7936719, 218.33210, 214.26484,
18.215719, 212.88365, 3.5708616, 218.61935, 214.79805,
18.230150, 218.34203, 3.5030015, 218.91770, 215.33209,
18.244560, 221.57298, 3.4784532, 219.22559, 215.86579,
18.258980, 219.30698, 3.6343896, 219.54276, 216.40026,
18.273390, 220.82523, 3.8681683, 219.86793, 216.93480,
18.287800, 223.05212, 4.1976550, 220.20044, 217.46977,
18.302210, 218.87200, 4.0226906, 220.53942, 218.00518,
18.316620, 219.73413, 3.8946804, 220.88402, 218.54101,
18.331020, 218.30340, 3.6216460, 221.23315, 219.07692,
18.345421, 221.29523, 3.5204934, 221.58620, 219.61328,
18.359819, 226.66435, 3.8867272, 221.94229, 220.15000,
18.374210, 228.48460, 4.2974547, 222.30042, 220.68687,
18.388611, 221.25967, 4.2746662, 222.66020, 221.22455,
18.403000, 219.08853, 4.0455779, 223.02026, 221.76226,
18.417379, 222.98675, 4.0589252, 223.37982, 222.30006,
18.431770, 224.67545, 3.9765535, 223.73858, 222.83874,
18.446150, 217.92387, 3.5369828, 224.09512, 223.37745,
18.460529, 222.54857, 3.8590150, 224.44891, 223.91663,
18.474911, 226.92855, 3.8692887, 224.79914, 224.45634,
18.489281, 218.75275, 4.3105948, 225.14468, 224.99610,
18.503660, 225.97512, 3.5661330, 225.48517, 225.53669,
18.518030, 224.17765, 3.7887083, 225.81985, 226.07743,
18.532391, 233.62580, 3.7354608, 226.14941, 226.61840,
18.546761, 232.03225, 3.8191478, 226.47506, 227.16041,
18.561119, 227.61045, 4.0858191, 226.79712, 227.70274,
18.575480, 234.07740, 4.1827451, 227.11665, 228.24600,
18.589840, 232.56123, 4.0225074, 227.43439, 228.79020,
18.604191, 236.02605, 4.1732627, 227.75090, 229.33506,
18.618549, 238.22855, 4.1950372, 228.06734, 229.88133,
18.632900, 245.35378, 17.614241, 228.38413, 230.42851,
18.647240, 245.91925, 17.535684, 228.70196, 230.97655,
18.661591, 235.03528, 4.2895184, 229.02210, 231.52641,
18.675930, 242.52665, 4.3201686, 229.34482, 232.07730,
18.690269, 247.63725, 4.6332334, 229.67115, 232.62976,
18.704611, 259.31136, 5.0155222, 230.00190, 233.18394,
18.718941, 254.00407, 4.6743939, 230.33754, 233.73942,
18.733271, 248.96035, 4.2376456, 230.67912, 234.29674,
18.747601, 257.42073, 4.2522061, 231.02743, 234.85599,
18.761930, 258.80930, 4.4058070, 231.38327, 235.41726,
18.776260, 264.38900, 4.6282920, 231.74742, 235.98064,
18.790581, 259.89344, 4.3818179, 232.12045, 236.54586,
18.804899, 264.84875, 4.3193586, 232.50337, 237.11331,
18.819220, 276.21030, 4.6428745, 232.89709, 237.68324,
18.833530, 278.28085, 4.5102492, 233.30214, 238.25528,
18.847839, 276.37820, 4.7956940, 233.71954, 238.82984,
18.862150, 297.79828, 6.2581684, 234.15026, 239.40716,
18.876459, 306.33458, 5.9816999, 234.59505, 239.98720,
18.890770, 304.14407, 5.1377639, 235.05491, 240.57021,
18.905069, 300.39908, 4.8672810, 235.53028, 241.15574,
18.919371, 293.84665, 5.0165198, 236.02249, 241.74444,
18.933670, 308.35182, 5.6786006, 236.53233, 242.33626,
18.947960, 307.71670, 5.7623688, 237.06042, 242.93099,
18.962250, 299.41975, 5.6120969, 237.60805, 243.52911,
18.976540, 301.80436, 5.6157888, 238.17619, 244.13074,
18.990829, 300.86028, 5.7199225, 238.76581, 244.73599,
19.005119, 288.87397, 5.6028806, 239.37791, 245.34497,
19.019400, 290.27239, 5.7378721, 240.01307, 245.95737,
19.033680, 287.49740, 5.4221255, 240.67275, 246.57371,
19.047960, 291.84211, 5.7735927, 241.35798, 247.19411,
19.062229, 287.59210, 5.8637789, 242.06928, 247.81818,
19.076500, 274.75265, 7.1709684, 242.80838, 248.44662,
19.090771, 269.84628, 5.8981101, 243.57632, 249.07945,
19.105040, 266.97337, 5.5718473, 244.37413, 249.71671,
19.119310, 264.52837, 5.5122578, 245.20321, 250.35870,
19.133570, 262.55143, 5.5292801, 246.06395, 251.00492,
19.147829, 261.18860, 7.7786185, 246.95823, 251.65602,
19.162090, 269.98178, 6.0492103, 247.88744, 252.31221,
19.176340, 248.08622, 5.6452656, 248.85196, 252.97300,
19.190599, 253.43377, 6.6450033, 249.85452, 253.63948,
19.204849, 258.54240, 6.2880130, 250.89512, 254.31089,
19.219101, 253.62670, 19.620155, 251.97597, 254.98791,
19.233339, 254.86960, 21.275808, 253.09726, 255.66992,
19.247580, 242.92285, 5.4395157, 254.26160, 256.35781,
19.261820, 260.69623, 6.6527689, 255.47033, 257.05160,
19.276060, 260.25742, 6.7706719, 256.72497, 257.75144,
19.290300, 262.01997, 6.6544160, 258.02709, 258.45747,
19.304529, 251.56918, 8.3276924, 259.37720, 259.16926,
19.318760, 260.75660, 9.5172355, 260.77814, 259.88761,
19.332991, 258.65097, 7.9583367, 262.23145, 260.61259,
19.347219, 263.09623, 7.2339464, 263.73864, 261.34424,
19.361441, 262.84331, 8.7210839, 265.30083, 262.08240,
19.375660, 265.83001, 9.6208261, 266.92043, 262.82754,
19.389879, 266.57497, 9.0675736, 268.59951, 263.57990,
19.404100, 274.76237, 9.0639535, 270.34023, 264.33974,
19.418310, 250.20599, 8.9403647, 272.14289, 265.10651,
19.432520, 261.79453, 8.7790944, 274.01087, 265.88097,
