# wave, flux, fluxerr, continuum, continuum_plateau
9.9725246, 48.211155, 2.3716382, 50.228966, 50.223644,
9.9806166, 46.975400, 2.6481922, 50.091453, 50.087066,
9.9887066, 43.910172, 2.7883933, 49.962212, 49.958628,
9.9967957, 48.374365, 2.4358150, 49.840808, 49.837910,
10.004880, 42.494950, 2.3926035, 49.726876, 49.724560,
10.012970, 46.681178, 2.2290727, 49.619858, 49.618034,
10.021050, 48.151905, 2.1020418, 49.519543, 49.518128,
10.029140, 43.633438, 2.0521436, 49.425285, 49.424210,
10.037220, 53.056800, 2.4400381, 49.336911, 49.336115,
10.045300, 48.224975, 2.2775198, 49.253892, 49.253321,
10.053380, 47.103317, 2.1275066, 49.175817, 49.175425,
10.061460, 45.465415, 2.1661387, 49.102304, 49.102051,
10.069540, 44.429103, 2.3753264, 49.032937, 49.032787,
10.077610, 46.706752, 2.1756530, 48.967409, 48.967332,
10.085690, 47.865607, 2.1826903, 48.905161, 48.905131,
10.093760, 52.943244, 2.5681830, 48.845944, 48.845938,
10.101830, 48.795342, 2.0495277, 48.789289, 48.789289,
10.109900, 46.522630, 1.8160600, 48.734797, 48.734784,
10.117970, 48.046263, 1.9128532, 48.682088, 48.682049,
10.126040, 45.893382, 2.3321913, 48.630764, 48.630685,
10.134100, 45.755595, 2.0808885, 48.580497, 48.580368,
10.142170, 48.430426, 1.8997595, 48.530767, 48.530577,
10.150230, 48.601015, 2.0115780, 48.481307, 48.481048,
10.158300, 40.911762, 2.1348826, 48.431608, 48.431273,
10.166360, 47.076977, 2.0749752, 48.381405, 48.380988,
10.174420, 49.944820, 1.9286018, 48.330236, 48.329734,
10.182470, 46.874995, 2.1087217, 48.277787, 48.277198,
10.190530, 46.934394, 1.7295739, 48.223539, 48.222861,
10.198590, 45.782180, 1.9431557, 48.167153, 48.166388,
10.206640, 49.325846, 1.9391531, 48.108323, 48.107477,
10.214690, 48.146745, 2.0387231, 48.046588, 48.045666,
10.222750, 47.094807, 1.7586882, 47.981475, 47.980488,
10.230800, 47.410419, 1.8243741, 47.912747, 47.911709,
10.238850, 47.621827, 1.9336833, 47.839933, 47.838864,
10.246890, 49.329067, 1.9916896, 47.762736, 47.761659,
10.254940, 44.160020, 1.8874704, 47.680575, 47.679521,
10.262990, 48.383705, 2.4308454, 47.593142, 47.592148,
10.271030, 47.825788, 2.0904254, 47.500152, 47.499262,
10.279070, 47.887919, 3.1080378, 47.401119, 47.400387,
10.287120, 54.111825, 3.7180394, 47.295489, 47.294977,
10.295150, 44.765118, 2.5002029, 47.183272, 47.183054,
10.303190, 46.931977, 2.6802073, 47.063673, 47.063834,
10.311230, 43.986416, 2.1977538, 46.937353, 46.937976,
10.319270, 43.839055, 2.2832047, 46.805948, 46.807095,
10.327300, 47.957951, 2.8342369, 46.671393, 46.673107,
10.335340, 46.384633, 2.1314321, 46.535094, 46.537397,
10.343370, 49.457100, 2.1455402, 46.399095, 46.401989,
10.351400, 47.696750, 2.5795646, 46.265003, 46.268470,
10.359430, 42.180719, 3.3620212, 46.134536, 46.138539,
10.367460, 44.199699, 2.7777830, 46.009433, 46.013914,
10.375480, 43.979188, 2.4849321, 45.891580, 45.896458,
10.383510, 48.051149, 2.7562925, 45.782406, 45.787581,
10.391530, 48.449790, 2.6544654, 45.683925, 45.689269,
10.399560, 44.820603, 2.1819717, 45.597645, 45.603007,
10.407580, 43.690258, 2.3487584, 45.525516, 45.530715,
10.415600, 43.683903, 1.9240331, 45.469181, 45.474007,
10.423620, 42.212604, 1.9898346, 45.430376, 45.434586,
10.431640, 41.767665, 1.9995357, 45.410866, 45.414181,
10.439650, 46.981200, 2.0083560, 45.412391, 45.414495,
10.447670, 44.565155, 1.9113414, 45.436723, 45.437254,
10.455680, 44.622220, 2.0430731, 45.485416, 45.483978,
10.463700, 48.084725, 2.0870605, 45.558726, 45.554942,
10.471710, 43.143447, 2.2159250, 45.655728, 45.649293,
10.479720, 43.093178, 4.7259220, 45.775772, 45.766434,
10.487730, 48.543990, 3.4304813, 45.918128, 45.905694,
10.495730, 45.255006, 2.3918844, 46.081869, 46.066199,
10.503740, 47.135489, 2.8530715, 46.266671, 46.247665,
10.511750, 46.690372, 3.2654796, 46.471642, 46.449251,
10.519750, 48.862535, 2.5133329, 46.695772, 46.669990,
10.527750, 46.443152, 3.1533253, 46.938650, 46.909506,
10.535750, 45.782065, 3.2824040, 47.199562, 47.167119,
10.543750, 47.111865, 3.6436176, 47.477785, 47.442140,
10.551750, 47.281138, 3.8755597, 47.772706, 47.733983,
10.559750, 47.741345, 3.5848496, 48.083578, 48.041928,
10.567850, 54.795728, 2.2733253, 48.413980, 48.369544,
10.576350, 52.029388, 1.9824600, 48.776806, 48.729665,
10.584840, 56.230021, 2.0425946, 49.154886, 49.105286,
10.593340, 55.208426, 2.0973286, 49.548363, 49.496565,
10.601830, 56.783608, 1.8074979, 49.955481, 49.901770,
10.610330, 56.838568, 2.1745653, 50.376466, 50.321133,
10.618820, 58.281386, 2.0303510, 50.809551, 50.752904,
10.627310, 57.926283, 2.0907962, 51.254378, 51.196735,
10.635800, 57.443505, 2.4089940, 51.710280, 51.651963,
10.644280, 58.961096, 2.0827399, 52.175860, 52.117199,
10.652770, 55.449425, 2.1539811, 52.651456, 52.592783,
10.661250, 59.465671, 2.1041934, 53.135242, 53.076891,
10.669740, 61.252699, 2.3947983, 53.627551, 53.569858,
10.678220, 57.765243, 2.4972470, 54.126526, 54.069822,
10.686700, 56.744537, 2.0144339, 54.631967, 54.576583,
10.695180, 56.311095, 2.0404129, 55.143127, 55.089391,
10.703650, 56.402315, 2.1335874, 55.658679, 55.606910,
10.712130, 60.499580, 2.0467172, 56.178981, 56.129499,
10.720600, 62.194283, 2.1935995, 56.702242, 56.655354,
10.729080, 60.781633, 2.2479545, 57.228839, 57.184853,
10.737550, 65.693961, 2.4635545, 57.756791, 57.715999,
10.746020, 61.541542, 2.0758092, 58.286071, 58.248762,
10.754490, 63.485359, 1.9470968, 58.815823, 58.782278,
10.762960, 61.628087, 2.1605777, 59.345431, 59.315922,
10.771420, 63.383962, 2.2672815, 59.873383, 59.848171,
10.779890, 63.669563, 2.0601187, 60.400374, 60.379721,
10.788350, 66.565037, 2.0894750, 60.924302, 60.908454,
10.796810, 62.377004, 2.2285865, 61.445087, 61.434286,
10.805270, 62.054914, 2.5502881, 61.961992, 61.956476,
10.813730, 64.800831, 2.1137514, 62.474280, 62.474280,
10.822190, 59.138049, 2.0067564, 62.981352, 62.987092,
10.830650, 64.000603, 2.4906102, 63.483173, 63.494854,
10.839100, 63.273706, 2.9100508, 63.979232, 63.997023,
10.847560, 64.057348, 2.2657403, 64.470863, 64.494923,
10.856010, 63.673913, 2.1591004, 64.957000, 64.987452,
10.864460, 63.545798, 2.2888159, 65.438245, 65.475194,
10.872910, 65.748076, 3.3293101, 65.914749, 65.958280,
10.881360, 66.086992, 2.6072433, 66.386660, 66.436840,
10.889800, 65.555926, 3.3997313, 66.853440, 66.910306,
10.898250, 64.849892, 2.5802590, 67.316291, 67.379876,
10.906690, 66.804737, 2.7284394, 67.774257, 67.844564,
10.915140, 72.197810, 7.5856999, 68.228514, 68.305543,
10.923580, 72.744219, 4.7028653, 68.678023, 68.761742,
10.932020, 71.713518, 3.4174591, 69.123437, 69.213805,
10.940460, 71.181173, 2.9377659, 69.564841, 69.661805,
10.948890, 68.149586, 5.9049112, 70.001778, 70.105261,
10.957330, 66.455628, 3.3028862, 70.435418, 70.545348,
10.965760, 79.205151, 2.5187202, 70.864814, 70.981089,
10.974200, 85.868061, 2.6575557, 71.291018, 71.413539,
10.982630, 85.776888, 2.5275183, 71.713098, 71.841741,
10.991060, 95.964396, 3.0703181, 72.131711, 72.266349,
10.999490, 90.772911, 2.6637675, 72.546842, 72.687337,
11.007920, 94.174940, 2.6994573, 72.958658, 73.104864,
11.016340, 90.063633, 2.8927813, 73.366682, 73.518437,
11.024770, 78.713938, 2.9653518, 73.771959, 73.929107,
11.033190, 91.550755, 2.3017551, 74.173646, 74.336008,
11.041610, 92.951939, 2.9370793, 74.572273, 74.739673,
11.050030, 88.750113, 3.1792218, 74.967913, 75.140166,
11.058450, 89.246864, 2.6996764, 75.360634, 75.537551,
11.066870, 86.440048, 3.1573706, 75.750508, 75.931893,
11.075290, 91.938646, 3.2527881, 76.137601, 76.323253,
11.083700, 92.357008, 3.3266365, 76.521548, 76.711259,
11.092120, 86.841269, 3.3747032, 76.903286, 77.096850,
11.100530, 94.831264, 3.5419049, 77.281973, 77.479175,
11.108940, 94.964048, 4.0801230, 77.658194, 77.858818,
11.117350, 91.882723, 4.8667939, 78.031927, 78.235756,
11.120570, 100.14786, 2.6372084, 78.174421, 78.379419,
11.129530, 109.05257, 2.5313104, 78.569037, 78.777117,
11.138500, 108.76477, 2.7078357, 78.961511, 79.172424,
11.147460, 115.99000, 2.6523641, 79.350999, 79.564488,
11.156430, 130.78035, 2.7020501, 79.738487, 79.954298,
11.165390, 144.19790, 2.7767114, 80.123141, 80.341017,
11.174350, 160.39335, 2.6492052, 80.505488, 80.725173,
11.183300, 177.48370, 2.8819241, 80.885196, 81.106433,
11.192260, 198.45127, 3.0914399, 81.263144, 81.485681,
11.201220, 215.98960, 3.1277282, 81.638997, 81.862580,
11.210170, 229.91660, 3.1480180, 82.012426, 82.236803,
11.219120, 229.97275, 3.3146231, 82.383901, 82.608822,
11.228070, 233.72520, 3.3368657, 82.753490, 82.978708,
11.237020, 234.65003, 3.1547688, 83.121219, 83.346490,
11.245970, 243.07255, 3.2066555, 83.487233, 83.712316,
11.254920, 233.50995, 3.2873591, 83.851560, 84.076216,
11.263860, 231.54433, 3.3038664, 84.213839, 84.437835,
11.272800, 225.50943, 3.1158101, 84.574601, 84.797708,
11.281750, 223.67465, 3.1542101, 84.934215, 85.156205,
11.290690, 214.69883, 3.3968047, 85.292056, 85.512709,
11.299630, 213.27622, 3.3710663, 85.648492, 85.867592,
11.308560, 206.67110, 3.1048052, 86.003247, 86.220585,
11.317500, 206.60290, 3.1426207, 86.357140, 86.572507,
11.326430, 198.77955, 3.1825270, 86.709476, 86.922675,
11.335370, 187.83255, 3.0205544, 87.061070, 87.271904,
11.344300, 185.61507, 3.0356057, 87.411232, 87.619513,
11.353230, 182.65250, 2.8384594, 87.760397, 87.965944,
11.362160, 175.44138, 2.8961623, 88.108589, 88.311225,
11.371080, 171.37340, 2.8953290, 88.455569, 88.655128,
11.380010, 164.61880, 2.7487312, 88.802065, 88.998380,
11.388930, 165.41060, 2.8591522, 89.147470, 89.340388,
11.397850, 166.03385, 3.9481083, 89.492138, 89.681510,
11.406780, 158.58010, 2.8202296, 89.836568, 90.022247,
11.415700, 153.94575, 2.6110679, 90.180010, 90.361865,
11.424610, 152.92185, 2.6508068, 90.522560, 90.700466,
11.433530, 148.80978, 3.0034541, 90.865008, 91.038840,
11.442450, 141.18860, 2.7111213, 91.207045, 91.376690,
11.451360, 138.62605, 2.6647193, 91.548362, 91.713718,
11.460270, 140.99100, 2.6507921, 91.889383, 92.050352,
11.469180, 139.10347, 2.8456805, 92.230164, 92.386654,
11.478090, 139.50285, 2.8858824, 92.570763, 92.722690,
11.487000, 136.05700, 2.6678315, 92.911235, 93.058523,
11.495910, 134.49572, 2.6710326, 93.251601, 93.394182,
11.504810, 130.14465, 2.6924251, 93.591626, 93.729444,
11.513710, 127.99342, 2.8062757, 93.931658, 94.064659,
11.522620, 128.76377, 2.8662170, 94.272190, 94.400324,
11.531520, 125.13200, 3.1355146, 94.612478, 94.735711,
11.540420, 116.67107, 3.1828419, 94.952978, 95.071280,
11.549310, 121.58775, 3.3431017, 95.293382, 95.406735,
11.558210, 126.14565, 3.9925173, 95.634514, 95.742894,
11.567100, 129.02262, 3.4951123, 95.975589, 96.078995,
11.576000, 125.88620, 3.1886916, 96.317541, 96.415965,
11.584890, 115.66372, 3.1111486, 96.659587, 96.753040,
11.593780, 116.85233, 2.9987635, 97.002148, 97.090642,
11.602670, 120.12778, 3.1806734, 97.345355, 97.428910,
11.611560, 113.82708, 3.5036972, 97.689229, 97.767870,
11.620440, 121.78660, 4.0281078, 98.033420, 98.107186,
11.629330, 112.28802, 3.8185327, 98.378800, 98.447724,
11.638210, 110.02913, 3.3521334, 98.724648, 98.788781,
11.647090, 107.42376, 3.3460460, 99.071356, 99.130749,
11.655970, 110.69587, 3.8564814, 99.419019, 99.473730,
11.664850, 101.01148, 3.4812844, 99.767734, 99.817824,
11.673730, 100.29809, 2.4267358, 100.11748, 100.16302,
11.682600, 102.89444, 2.3272829, 100.46799, 100.50906,
11.691480, 106.58309, 2.5550148, 100.82006, 100.85674,
11.700350, 106.70662, 4.4902590, 101.17301, 101.20537,
11.709220, 113.94577, 2.7823412, 101.52727, 101.55541,
11.718090, 106.71398, 2.7983729, 101.88290, 101.90691,
11.726960, 102.88171, 3.1875331, 102.23996, 102.25995,
11.735830, 104.31789, 2.8519561, 102.59852, 102.61458,
11.744690, 107.12417, 3.4703652, 102.95820, 102.97045,
11.753560, 112.82788, 2.9963883, 103.31994, 103.32846,
11.762420, 106.06138, 2.8392090, 103.68292, 103.68785,
11.771280, 102.29095, 4.8849580, 104.04769, 104.04913,
11.775020, 104.32918, 2.5572389, 104.20217, 104.20217,
11.784500, 105.37469, 2.6130930, 104.59525, 104.59169,
11.793980, 102.95467, 2.7473017, 104.99011, 104.98315,
11.803460, 106.80500, 3.3640085, 105.38658, 105.37634,
11.812940, 105.76028, 2.4947830, 105.78431, 105.77094,
11.822420, 106.61152, 2.5824977, 106.18311, 106.16675,
11.831890, 108.15478, 2.4662878, 106.58223, 106.56303,
11.841360, 103.97891, 2.6021106, 106.98185, 106.95995,
11.850840, 100.79658, 2.4649882, 107.38210, 107.35766,
11.860310, 111.41765, 2.5846523, 107.78192, 107.75508,
11.869770, 109.13015, 2.6379742, 108.18103, 108.15195,
11.879240, 110.14930, 2.3673933, 108.57998, 108.54881,
11.888710, 110.56523, 2.3853897, 108.97811, 108.94500,
11.898170, 110.35266, 2.6256507, 109.37474, 109.33985,
11.907630, 111.16007, 2.4350038, 109.76997, 109.73347,
11.917090, 113.14773, 2.4574406, 110.16362, 110.12566,
11.926550, 109.56452, 2.2448370, 110.55534, 110.51609,
11.936010, 111.48223, 2.2724131, 110.94495, 110.90457,
11.945470, 112.71894, 2.3496674, 111.33209, 111.29076,
11.954920, 112.72453, 2.5147968, 111.71614, 111.67404,
11.964370, 116.69360, 2.3741448, 112.09724, 112.05455,
11.973830, 117.36012, 2.4008372, 112.47553, 112.43244,
11.983280, 116.79252, 2.4114279, 112.84990, 112.80660,
11.992720, 127.56617, 2.3912755, 113.22009, 113.17678,
12.002170, 130.27353, 2.4164536, 113.58665, 113.54354,
12.011610, 122.09685, 2.2168650, 113.94852, 113.90584,
12.021060, 117.90677, 2.3435221, 114.30615, 114.26413,
12.030500, 123.11813, 2.4204483, 114.65856, 114.61743,
12.039940, 121.04337, 2.2577772, 115.00578, 114.96580,
12.049380, 121.61498, 2.2497109, 115.34761, 115.30905,
12.058820, 124.18495, 2.6572738, 115.68369, 115.64683,
12.068250, 114.46588, 2.3740273, 116.01344, 115.97857,
12.077690, 117.60235, 3.9987227, 116.33727, 116.30472,
12.087120, 123.80525, 4.8985440, 116.65417, 116.62427,
12.096550, 115.65682, 3.3906586, 116.96421, 116.93732,
12.105980, 118.51143, 2.4475853, 117.26710, 117.24359,
12.115410, 117.46627, 2.6803379, 117.56254, 117.54282,
12.124830, 118.79555, 2.4025114, 117.84993, 117.83443,
12.134260, 113.99605, 2.4116457, 118.12957, 118.11874,
12.143680, 117.22405, 2.6496996, 118.40055, 118.39487,
12.153100, 122.80975, 2.7394100, 118.66290, 118.66290,
12.162520, 120.66312, 3.2291234, 118.91637, 118.92258,
12.171940, 118.62152, 2.5935630, 119.16102, 119.17394,
12.181360, 119.16915, 2.5528054, 119.39709, 119.41716,
12.190770, 117.01465, 2.8391347, 119.62448, 119.65208,
12.200180, 129.09147, 3.0631659, 119.84361, 119.87909,
12.209600, 120.22272, 2.7512323, 120.05489, 120.09856,
12.219010, 122.30018, 2.8510101, 120.25801, 120.31011,
12.228420, 119.42192, 2.7200260, 120.45337, 120.51411,
12.237820, 119.22347, 3.1389283, 120.64091, 120.71046,
12.247230, 125.37050, 2.7527809, 120.82123, 120.89972,
12.256630, 126.85100, 2.8596745, 120.99407, 121.08159,
12.266040, 152.76702, 3.2866694, 121.15994, 121.25656,
12.275440, 293.57447, 4.4732071, 121.31865, 121.42439,
12.284840, 373.87760, 4.8949597, 121.47049, 121.58534,
12.294230, 221.55653, 3.9711131, 121.61551, 121.73941,
12.303630, 145.79918, 4.7456639, 121.75408, 121.88699,
12.313030, 128.66890, 3.9604319, 121.88624, 122.02805,
12.322420, 122.93645, 4.3025239, 122.01196, 122.16254,
12.331810, 131.64538, 3.0999318, 122.13152, 122.29073,
12.341200, 126.85500, 2.4713675, 122.24506, 122.41272,
12.350590, 130.68903, 2.4275347, 122.35269, 122.52861,
12.359980, 126.11647, 2.7594542, 122.45453, 122.63851,
12.369360, 126.99277, 2.4346950, 122.55062, 122.74241,
12.378750, 125.33457, 2.4857546, 122.64127, 122.84063,
12.388130, 125.56595, 2.6799717, 122.72642, 122.93307,
12.397510, 133.92490, 2.6884209, 122.80625, 123.01991,
12.406890, 132.47830, 3.0063890, 122.88091, 123.10128,
12.416270, 139.08007, 3.4150413, 122.95049, 123.17726,
12.425640, 136.50100, 2.7501228, 123.01503, 123.24788,
12.435020, 136.01020, 3.0779448, 123.07479, 123.31337,
12.444390, 137.45628, 2.6678374, 123.12973, 123.37371,
12.453760, 128.91910, 3.1903217, 123.18003, 123.42904,
12.463130, 128.11500, 2.6146324, 123.22578, 123.47947,
12.472500, 139.42808, 3.1786705, 123.26710, 123.52509,
12.481870, 141.89030, 3.6505627, 123.30407, 123.56598,
12.489420, 139.07533, 2.8375777, 123.33076, 123.59557,
12.499490, 140.77700, 3.1113019, 123.36215, 123.63042,
12.509550, 138.62185, 2.7345443, 123.38882, 123.66009,
12.519610, 143.08975, 2.8843442, 123.41090, 123.68473,
12.529670, 149.30390, 2.7691374, 123.42852, 123.70445,
12.539730, 139.95307, 2.6355799, 123.44177, 123.71934,
12.549780, 144.60795, 2.7899836, 123.45076, 123.72952,
12.559840, 140.47925, 2.8038348, 123.45562, 123.73511,
12.569890, 140.43467, 2.5069226, 123.45643, 123.73619,
12.579940, 138.35320, 2.7062196, 123.45331, 123.73289,
12.589990, 145.00565, 2.5617906, 123.44635, 123.72531,
12.600040, 147.30027, 2.5791140, 123.43566, 123.71355,
12.610090, 146.33747, 2.4416640, 123.42133, 123.69772,
12.620130, 150.98530, 2.7468916, 123.40348, 123.67793,
12.630170, 153.94413, 2.5491329, 123.38218, 123.65427,
12.640210, 157.99833, 2.6010012, 123.35753, 123.62684,
12.650250, 152.46350, 2.4906387, 123.32961, 123.59574,
12.660290, 159.06737, 2.7838333, 123.29853, 123.56108,
12.670330, 149.80907, 3.0538142, 123.26437, 123.52295,
12.680360, 146.73470, 2.6335157, 123.22724, 123.48148,
12.690390, 156.12620, 2.4566759, 123.18721, 123.43674,
12.700420, 156.16322, 2.4670286, 123.14435, 123.38882,
12.710450, 160.05062, 2.4786688, 123.09875, 123.33783,
12.720480, 157.09383, 2.5322818, 123.05050, 123.28385,
12.730500, 154.28912, 3.1036426, 122.99971, 123.22703,
12.740530, 164.02470, 2.6430187, 122.94638, 123.16737,
12.750550, 160.80618, 2.4235499, 122.89067, 123.10506,
12.760570, 157.52842, 2.6098507, 122.83264, 123.04016,
12.770590, 153.97040, 2.5664291, 122.77233, 122.97273,
12.780610, 159.08892, 2.4412539, 122.70983, 122.90288,
12.790620, 155.53238, 2.4109056, 122.64528, 122.83078,
12.800640, 156.02285, 2.4991435, 122.57862, 122.75636,
12.810650, 170.62010, 2.7527869, 122.51007, 122.67987,
12.820660, 167.88685, 2.5585325, 122.43961, 122.60133,
12.830670, 151.95092, 2.4205125, 122.36732, 122.52082,
12.840680, 146.77063, 2.3225183, 122.29328, 122.43843,
12.850680, 143.68805, 2.3407039, 122.21762, 122.35434,
12.860690, 139.19655, 2.3463599, 122.14027, 122.26848,
12.870690, 135.08183, 2.4653945, 122.06144, 122.18108,
12.880690, 135.29998, 2.2894379, 121.98113, 122.09218,
12.890690, 131.40467, 2.3947508, 121.89940, 122.00183,
12.900680, 128.27075, 2.4287539, 121.81640, 121.91024,
12.910680, 129.90077, 2.3703236, 121.73202, 121.81729,
12.920670, 130.35365, 2.4214379, 121.64650, 121.72327,
12.930670, 127.72905, 2.3041380, 121.55974, 121.62807,
12.940660, 127.71868, 2.4243214, 121.47196, 121.53196,
12.950640, 121.91817, 2.6349032, 121.38324, 121.43505,
12.960630, 122.85302, 2.3917030, 121.29345, 121.33721,
12.970620, 123.62362, 2.5673756, 121.20276, 121.23864,
12.980600, 125.66380, 2.4152304, 121.11130, 121.13951,
12.990580, 124.72605, 2.5221700, 121.01906, 121.03982,
13.000560, 120.95107, 2.5845964, 120.92608, 120.93964,
13.010540, 119.13590, 2.6192621, 120.83244, 120.83907,
13.020520, 123.42008, 2.6285547, 120.73818, 120.73818,
13.030490, 120.64195, 2.8364123, 120.64346, 120.63716,
13.040470, 119.54190, 2.8064460, 120.54810, 120.53580,
13.050440, 122.29207, 2.8640387, 120.45229, 120.43430,
13.060410, 122.48610, 2.9381143, 120.35593, 120.33255,
13.070380, 124.41715, 3.1068652, 120.25902, 120.23053,
13.080350, 123.68433, 3.1070381, 120.16158, 120.12826,
13.090310, 120.67015, 3.0636761, 120.06368, 120.02580,
13.100280, 121.02158, 3.1882190, 119.96515, 119.92297,
13.110240, 121.58792, 3.4215997, 119.86617, 119.81994,
13.120200, 125.01517, 3.2664449, 119.76665, 119.71662,
13.130160, 120.32350, 3.1804181, 119.66659, 119.61298,
13.140110, 120.79107, 2.6106188, 119.56609, 119.50914,
13.150070, 121.20210, 2.3769291, 119.46494, 119.40486,
13.160020, 124.19107, 2.2831086, 119.36335, 119.30036,
13.169980, 118.99825, 2.5527768, 119.26110, 119.19540,
13.179930, 117.85640, 2.5082185, 119.15842, 119.09021,
13.189870, 120.18905, 2.4174450, 119.05529, 118.98475,
13.199820, 123.40620, 2.4495919, 118.95150, 118.87883,
13.209770, 123.69585, 2.6946389, 118.84716, 118.77251,
13.219710, 116.08680, 4.0385749, 118.74237, 118.66593,
13.229650, 120.92732, 3.1954347, 118.63703, 118.55896,
13.239590, 119.00237, 2.5394390, 118.53112, 118.45157,
13.249530, 115.98742, 2.4929762, 118.42464, 118.34378,
13.259470, 117.11983, 2.6266445, 118.31760, 118.23555,
13.269410, 117.52283, 2.6866278, 118.20998, 118.12690,
13.279340, 114.93948, 2.7366680, 118.10191, 118.01792,
13.289270, 117.53305, 3.6024574, 117.99324, 117.90849,
13.299200, 123.87983, 3.0204590, 117.88401, 117.79860,
13.309130, 117.17817, 3.1958510, 117.77419, 117.68825,
13.318260, 120.67043, 2.4862139, 117.67268, 117.58635,
13.328980, 117.67908, 2.2318392, 117.55285, 117.46619,
13.339690, 118.87778, 2.2498296, 117.43244, 117.34556,
13.350400, 118.04590, 2.4240115, 117.31132, 117.22435,
13.361120, 119.65438, 2.4281592, 117.18937, 117.10241,
13.371830, 121.07312, 8.8606919, 117.06681, 116.97997,
13.382530, 123.08605, 10.269688, 116.94363, 116.85701,
13.393240, 121.70132, 2.1663851, 116.81960, 116.73330,
13.403940, 113.90085, 2.2196701, 116.69493, 116.60905,
13.414650, 119.62645, 2.4350584, 116.56939, 116.48402,
13.425350, 121.27935, 2.2523871, 116.44320, 116.35842,
13.436050, 115.87572, 2.0286928, 116.31623, 116.23212,
13.446740, 118.78730, 2.1792923, 116.18859, 116.10524,
13.457440, 117.00830, 2.2629927, 116.06004, 115.97752,
13.468130, 119.79078, 2.2203510, 115.93080, 115.84919,
13.478830, 119.22928, 2.0962061, 115.80061, 115.71998,
13.489520, 118.59195, 2.1349395, 115.66972, 115.59014,
13.500200, 118.97600, 2.0565838, 115.53811, 115.45964,
13.510890, 118.37743, 2.1776191, 115.40552, 115.32823,
13.521570, 120.01983, 2.1309068, 115.27218, 115.19614,
13.532260, 117.37005, 2.0504463, 115.13784, 115.06311,
13.542940, 122.59208, 2.1498844, 115.00273, 114.92937,
13.553620, 117.57900, 2.1899020, 114.86670, 114.79478,
13.564290, 121.71792, 2.1410238, 114.72989, 114.65946,
13.574970, 117.04232, 2.0259411, 114.59200, 114.52313,
13.585640, 121.95517, 2.1034439, 114.45329, 114.38604,
13.596320, 125.20975, 2.0943625, 114.31348, 114.24791,
13.606990, 119.26167, 2.1341610, 114.17282, 114.10900,
13.617650, 115.46848, 2.3696730, 114.03128, 113.96927,
13.628320, 112.50225, 2.3897394, 113.88859, 113.82846,
13.638980, 117.34018, 2.1514196, 113.74499, 113.68681,
13.649650, 116.90702, 2.3789857, 113.60021, 113.54404,
13.660310, 115.40662, 2.2294222, 113.45448, 113.40040,
13.670970, 111.50640, 2.6096936, 113.30765, 113.25574,
13.681630, 115.98623, 7.0487755, 113.15971, 113.11004,
13.692280, 111.81660, 5.9382670, 113.01078, 112.96344,
13.702940, 109.43053, 2.3355437, 112.86055, 112.81562,
13.713590, 105.81344, 2.3617487, 112.70930, 112.66686,
13.724240, 108.78779, 2.0821245, 112.55682, 112.51698,
13.734890, 109.12380, 2.2646881, 112.40315, 112.36600,
13.745530, 110.47657, 2.1546072, 112.24836, 112.21401,
13.756180, 108.84579, 2.2136126, 112.09217, 112.06073,
13.766820, 109.82280, 2.3456103, 111.93483, 111.90641,
13.777460, 110.96573, 2.1868298, 111.77617, 111.75089,
13.788100, 109.60560, 2.1472792, 111.61617, 111.59417,
13.798740, 109.35440, 2.1194759, 111.45480, 111.43621,
13.809380, 107.28785, 2.1361864, 111.29206, 111.27701,
13.820010, 109.75190, 2.2278333, 111.12802, 111.11668,
13.830640, 110.25122, 2.1962134, 110.96254, 110.95507,
13.841270, 107.63681, 2.3664022, 110.79557, 110.79213,
13.851900, 107.92462, 2.2617452, 110.62711, 110.62788,
13.862530, 112.28858, 2.7873283, 110.45713, 110.46229,
13.873150, 115.73115, 2.7319832, 110.28579, 110.29549,
13.883780, 108.44663, 2.3475976, 110.11279, 110.12719,
13.894400, 106.74126, 2.3045698, 109.93848, 109.95768,
13.905020, 106.12373, 2.2997947, 109.76271, 109.78681,
13.915640, 106.41837, 2.5609398, 109.58549, 109.61457,
13.926250, 105.58596, 2.7356992, 109.40700, 109.44112,
13.936870, 108.29780, 2.5884754, 109.22694, 109.26615,
13.947480, 105.22103, 2.3878474, 109.04563, 109.08993,
13.958090, 104.89265, 2.6844614, 108.86294, 108.91235,
13.968700, 108.63957, 2.6768197, 108.67886, 108.73335,
13.979310, 102.00116, 2.7009626, 108.49343, 108.55297,
13.989910, 100.91915, 2.6866042, 108.30680, 108.37134,
14.000520, 102.89846, 2.7856961, 108.11866, 108.18814,
14.011120, 106.55051, 3.1055704, 107.92934, 108.00368,
14.021720, 104.62185, 3.0541450, 107.73870, 107.81779,
14.032320, 104.93896, 3.2417259, 107.54673, 107.63047,
14.042920, 108.56920, 3.4366842, 107.35345, 107.44170,
14.053510, 106.40348, 3.2505413, 107.15905, 107.25166,
14.064110, 110.90088, 4.1444187, 106.96315, 107.05998,
14.074700, 105.62622, 3.7299673, 106.76613, 106.86700,
14.085290, 98.588902, 4.0366897, 106.56784, 106.67257,
14.095870, 109.25625, 2.7613301, 106.36843, 106.47682,
14.106460, 106.44492, 2.3839882, 106.16756, 106.27940,
14.117040, 100.82946, 2.2210626, 105.96559, 106.08065,
14.127630, 103.99862, 2.9471944, 105.76214, 105.88019,
14.138210, 101.13015, 2.8917175, 105.55761, 105.67840,
14.148790, 106.42526, 2.7107207, 105.35180, 105.47507,
14.159370, 106.25860, 2.7638055, 105.14471, 105.27019,
14.169940, 100.71955, 2.6414613, 104.93656, 105.06396,
14.180520, 103.69771, 5.0348529, 104.72691, 104.85596,
14.182090, 101.65531, 2.4512930, 104.69570, 104.82496,
14.193560, 107.65058, 2.3721965, 104.46677, 104.59741,
14.205030, 109.27311, 2.5701048, 104.23631, 104.36797,
14.216500, 106.19333, 2.5343081, 104.00435, 104.13665,
14.227970, 108.83640, 2.3783378, 103.77088, 103.90341,
14.239430, 113.46473, 2.3366355, 103.53608, 103.66844,
14.250890, 109.61140, 2.2251163, 103.29976, 103.43155,
14.262350, 107.78561, 2.5198845, 103.06189, 103.19267,
14.273810, 109.06112, 2.7674525, 102.82248, 102.95181,
14.285270, 105.30489, 2.4056429, 102.58152, 102.70896,
14.296730, 108.74329, 2.3416067, 102.33899, 102.46408,
14.308180, 105.01606, 2.2124439, 102.09510, 102.21738,
14.319630, 102.69836, 2.1211916, 101.84963, 101.96863,
14.331080, 99.719629, 2.1416342, 101.60254, 101.71778,
14.342530, 100.20690, 2.1369360, 101.35385, 101.46485,
14.353970, 102.04636, 2.0947569, 101.10378, 101.21003,
14.365410, 104.23815, 2.0706056, 100.85204, 100.95305,
14.376860, 102.63582, 2.0500882, 100.59843, 100.69369,
14.388300, 99.118767, 2.8898005, 100.34336, 100.43236,
14.399730, 101.51822, 2.8828220, 100.08684, 100.16907,
14.411170, 100.27396, 1.8872868, 99.828377, 99.903299,
14.422600, 99.923508, 1.9688854, 99.568420, 99.635519,
14.434030, 98.779148, 1.8756028, 99.306716, 99.365460,
14.445460, 99.156696, 2.0386670, 99.043219, 99.093075,
14.456890, 97.077486, 1.9509874, 98.777952, 98.818381,
14.468320, 95.468815, 1.9316133, 98.510868, 98.541331,
14.479740, 97.596170, 1.7748179, 98.242168, 98.262131,
14.491160, 97.690060, 1.7681999, 97.971603, 97.980523,
14.502580, 96.516205, 1.8467774, 97.699169, 97.696504,
14.514000, 98.475744, 2.0544279, 97.424837, 97.410066,
14.525420, 98.943968, 2.0266911, 97.148733, 97.121415,
14.536830, 96.378317, 2.0674960, 96.871227, 96.831014,
14.548240, 101.07591, 1.9360925, 96.592179, 96.538799,
14.559650, 103.09136, 2.1718864, 96.311678, 96.244941,
14.571060, 101.07077, 2.1128695, 96.029882, 95.949685,
14.582470, 96.584564, 2.4044454, 95.746879, 95.653203,
14.593870, 93.383226, 2.1005871, 95.463015, 95.355941,
14.605270, 99.275131, 2.2754816, 95.178164, 95.057845,
14.616670, 97.312019, 2.0728214, 94.892459, 94.759135,
14.628070, 91.395573, 2.1623857, 94.605959, 94.459957,
14.639470, 92.288412, 2.1588900, 94.318796, 94.160530,
14.650860, 94.918201, 2.0400964, 94.031342, 93.861324,
14.662260, 96.269554, 1.9931416, 93.743174, 93.561983,
14.673650, 97.438358, 2.0820062, 93.454930, 93.263251,
14.685040, 95.851925, 1.9453311, 93.166425, 92.965023,
14.696420, 95.029522, 2.0527492, 92.878081, 92.667816,
14.707810, 97.972649, 2.0983136, 92.589423, 92.371226,
14.719190, 92.770214, 1.8872546, 92.301136, 92.076044,
14.730570, 94.707012, 1.9240557, 92.013013, 91.782142,
14.741950, 99.612104, 2.1307300, 91.725184, 91.489738,
14.753330, 93.081572, 2.4549562, 91.437754, 91.199028,
14.764700, 95.365454, 2.2215537, 91.151093, 90.910472,
14.776080, 92.143446, 2.1705343, 90.864780, 90.623734,
14.787450, 92.533052, 2.2894012, 90.579448, 90.339537,
14.798820, 91.132799, 2.0242477, 90.294940, 90.057814,
14.810190, 91.109158, 2.0458951, 90.011341, 89.778738,
14.821550, 99.928143, 2.2215773, 89.729041, 89.502782,
14.832920, 93.299328, 2.3943423, 89.447652, 89.229659,
14.844280, 95.135773, 2.1829170, 89.167753, 88.960024,
14.855640, 94.651756, 2.6423246, 88.889220, 88.693846,
14.866990, 93.996317, 2.5799436, 88.612416, 88.431565,
14.878350, 92.584129, 2.5740837, 88.336940, 88.172898,
14.889710, 91.958660, 2.6740858, 88.063163, 87.918288,
14.901060, 91.976013, 2.6274239, 87.791446, 87.668168,
14.912410, 90.332195, 2.5507274, 87.521649, 87.422503,
14.923760, 88.388411, 2.5878129, 87.253865, 87.181477,
14.935100, 87.054655, 2.6403491, 86.988499, 86.945550,
14.946450, 90.411814, 2.9433134, 86.725132, 86.714452,
14.957790, 81.953489, 2.5627519, 86.464423, 86.488820,
14.969130, 86.982346, 2.6618378, 86.206651, 86.268470,
14.980470, 83.495668, 2.7604216, 85.952487, 86.053274,
14.991810, 88.180058, 2.7861145, 85.702673, 85.843156,
15.003140, 90.081257, 3.2194630, 85.458136, 85.638195,
15.014480, 87.180460, 2.5860759, 85.219208, 85.437972,
15.025810, 83.989054, 3.0611991, 84.986980, 85.242700,
15.037140, 84.584391, 3.9279558, 84.762016, 85.052154,
15.048460, 85.061373, 3.8859935, 84.545212, 84.866383,
15.059790, 92.330170, 3.8084142, 84.336938, 84.684988,
15.071110, 86.654993, 3.2305205, 84.138289, 84.508190,
15.082440, 82.935535, 2.3742832, 83.949661, 84.335591,
15.093750, 86.724293, 1.8945386, 83.772317, 84.167582,
15.105070, 86.046680, 1.9566618, 83.606506, 84.003607,
15.116390, 84.232769, 2.0899372, 83.453161, 83.843742,
15.127700, 83.725716, 2.1145697, 83.313179, 83.688049,
15.139020, 82.016520, 2.1902472, 83.187076, 83.536159,
15.150330, 80.398088, 2.0726288, 83.075873, 83.388276,
15.162390, 77.285139, 2.8329403, 82.974461, 83.234748,
15.174730, 85.405205, 2.4807197, 82.890029, 83.082010,
15.187070, 83.164682, 2.4950461, 82.826206, 82.933595,
15.199410, 86.465864, 2.8272504, 82.784050, 82.789381,
15.211740, 83.389336, 2.7637554, 82.764339, 82.649417,
15.224080, 75.740997, 2.4575761, 82.766358, 82.513369,
15.236410, 81.162832, 2.6967420, 82.789021, 82.381416,
15.248740, 91.091549, 2.3925548, 82.831252, 82.253375,
15.261060, 89.077194, 2.3708113, 82.891935, 82.129288,
15.273390, 90.423096, 2.6462168, 82.970129, 82.008881,
15.285710, 83.074270, 2.5310139, 83.064676, 81.892289,
15.298030, 80.209751, 2.2426879, 83.174600, 81.779366,
15.310350, 81.802860, 2.1467459, 83.298909, 81.670035,
15.322660, 83.372412, 2.4199534, 83.436470, 81.564336,
15.334980, 82.779263, 2.2168481, 83.586514, 81.462039,
15.347290, 77.870228, 2.5024475, 83.747824, 81.363246,
15.359600, 80.882919, 2.0186451, 83.919539, 81.267821,
15.371900, 83.411652, 2.1872851, 84.100531, 81.175786,
15.384210, 83.797165, 2.0644203, 84.290148, 81.086932,
15.396510, 77.745941, 2.1940154, 84.487127, 81.001350,
15.408810, 85.564270, 2.3903739, 84.690648, 80.918925,
15.421110, 83.710138, 2.2755789, 84.899795, 80.839592,
15.433410, 88.506063, 2.3314229, 85.113595, 80.763314,
15.445700, 85.851231, 2.3287033, 85.330956, 80.690092,
15.457990, 81.590460, 2.4764565, 85.551108, 80.619815,
15.470280, 86.908497, 2.6723347, 85.773119, 80.552436,
15.482570, 84.861853, 2.3588998, 85.996058, 80.487908,
15.494860, 85.514530, 2.2682261, 86.218995, 80.426184,
15.507140, 79.969387, 2.1487129, 86.440828, 80.367265,
15.519420, 81.021530, 2.1135018, 86.660784, 80.311059,
15.531700, 84.701101, 2.2339553, 86.877968, 80.257515,
15.543980, 92.735146, 4.6177859, 87.091414, 80.206598,
15.556260, 90.050226, 2.4254986, 87.300222, 80.158256,
15.568530, 87.554279, 1.9277107, 87.503267, 80.112489,
15.580800, 82.985338, 1.9395824, 87.699791, 80.069214,
15.593070, 91.238195, 1.8998227, 87.888851, 80.028391,
15.605340, 89.022839, 1.9299669, 88.069519, 79.989979,
15.617600, 88.120134, 2.2150547, 88.241310, 79.953965,
15.629860, 90.701569, 2.0670779, 88.404683, 79.920284,
15.642120, 88.546408, 2.3217522, 88.560025, 79.888890,
15.654380, 84.147142, 2.3586219, 88.707668, 79.859753,
15.666640, 86.598560, 2.2520056, 88.847986, 79.832829,
15.678890, 89.556631, 2.1746408, 88.981203, 79.808106,
15.691140, 91.783636, 1.9309355, 89.107784, 79.785523,
15.703390, 89.172478, 1.8736660, 89.228066, 79.765046,
15.715640, 89.197580, 1.9296966, 89.342382, 79.746640,
15.727890, 87.740839, 2.0676489, 89.451061, 79.730270,
15.740130, 92.319340, 2.3821360, 89.554350, 79.715913,
15.752370, 91.798149, 1.9964190, 89.652650, 79.703523,
15.764610, 93.850578, 2.0407400, 89.746295, 79.693067,
15.776850, 87.428480, 1.8961041, 89.835585, 79.684514,
15.789090, 87.016392, 1.9444215, 89.920848, 79.677830,
15.801320, 93.039429, 2.0825708, 90.002316, 79.672988,
15.813550, 93.320862, 2.0377558, 90.080373, 79.669953,
15.825780, 92.070868, 2.0121658, 90.155322, 79.668693,
15.838010, 97.430038, 2.0575775, 90.227467, 79.669179,
15.850230, 93.049204, 2.4272649, 90.297055, 79.671379,
15.862450, 89.468018, 2.0620275, 90.364436, 79.675264,
15.874670, 93.167046, 2.2526181, 90.429918, 79.680807,
15.886890, 93.371386, 2.3959611, 90.493792, 79.687979,
15.899110, 95.961266, 2.5124076, 90.556347, 79.696751,
15.911320, 91.501741, 2.2002506, 90.617836, 79.707090,
15.923540, 98.287691, 2.3392106, 90.678653, 79.718985,
15.935750, 94.307234, 2.4700452, 90.738984, 79.732390,
15.947960, 92.616022, 2.6554243, 90.799176, 79.747288,
15.960160, 92.526421, 3.1294649, 90.859471, 79.763641,
15.972370, 90.495764, 2.5667226, 90.920258, 79.781449,
15.984570, 96.288929, 2.7525709, 90.981726, 79.800659,
15.996770, 97.473419, 2.4441272, 91.044226, 79.821262,
16.008961, 94.629519, 2.4411710, 91.107994, 79.843215,
16.021160, 97.987816, 2.5293708, 91.173419, 79.866528,
16.033350, 103.02747, 2.7615984, 91.240697, 79.891143,
16.045549, 94.761368, 2.5305759, 91.310229, 79.917074,
16.057739, 84.883575, 2.7374348, 91.382203, 79.944259,
16.069920, 97.568336, 2.6166389, 91.456910, 79.972673,
16.082109, 97.078196, 2.5864845, 91.534768, 80.002339,
16.094290, 91.358454, 2.4699511, 91.615955, 80.033188,
16.106470, 94.832493, 2.7467789, 91.700834, 80.065223,
16.118650, 89.754141, 2.6760886, 91.789712, 80.098422,
16.130831, 91.162613, 2.5826098, 91.882895, 80.132764,
16.143009, 88.430620, 2.7416954, 91.980679, 80.168224,
16.155180, 91.799242, 2.9618136, 92.083325, 80.204764,
16.167351, 93.069395, 2.8374588, 92.191210, 80.242386,
16.179520, 90.038561, 3.2552232, 92.304635, 80.281065,
16.191681, 90.430471, 3.0495123, 92.423861, 80.320761,
16.203850, 89.881020, 3.1722675, 92.549365, 80.361506,
16.216009, 88.141083, 3.7166076, 92.681299, 80.403224,
16.228170, 99.434570, 3.7033162, 92.820083, 80.445934,
16.240330, 95.090637, 4.2309896, 92.965636, 80.489604,
16.252489, 92.058216, 3.5932247, 93.117724, 80.534225,
16.264641, 93.332645, 4.6915176, 93.275993, 80.579749,
16.276791, 91.024038, 5.1557853, 93.440260, 80.626179,
16.288950, 94.033007, 3.6829366, 93.610440, 80.673543,
16.301090, 93.257257, 4.0088490, 93.785885, 80.721712,
16.313240, 93.489159, 4.0944540, 93.966762, 80.770781,
16.325380, 94.659338, 4.4999708, 94.152554, 80.820656,
16.337530, 112.50822, 3.2334621, 94.343320, 80.871401,
16.349670, 109.14315, 3.0290123, 94.538534, 80.922919,
16.361799, 116.25677, 2.8760026, 94.737927, 80.975184,
16.373940, 118.97677, 3.6904180, 94.941653, 81.028280,
16.386070, 117.81675, 3.3471483, 95.149142, 81.082100,
16.398211, 129.82800, 4.3262422, 95.360502, 81.136712,
16.410339, 125.71702, 3.5042059, 95.575153, 81.192008,
16.422461, 118.44765, 3.0901616, 95.792942, 81.247989,
16.434589, 115.25262, 3.2629200, 96.013932, 81.304709,
16.446711, 112.48357, 3.3350450, 96.237639, 81.362085,
16.458839, 114.26842, 3.1673405, 96.464136, 81.420173,
16.470961, 114.49783, 6.8023365, 96.692934, 81.478886,
16.483070, 118.26105, 4.1860140, 96.923753, 81.538191,
16.495190, 121.83290, 5.5582922, 97.156791, 81.598176,
16.500280, 105.54736, 3.6830338, 97.255238, 81.623559,
16.513599, 97.034372, 3.1688072, 97.514236, 81.690479,
16.526911, 104.22580, 2.6523758, 97.774938, 81.758085,
16.540211, 102.49887, 2.9050480, 98.037006, 81.826339,
16.553520, 105.40383, 2.6611924, 98.300590, 81.895331,
16.566820, 105.44487, 2.8387881, 98.565056, 81.964944,
16.580120, 99.267244, 2.7748226, 98.830333, 82.035213,
16.593420, 101.86480, 2.4014593, 99.096164, 82.106119,
16.606710, 105.56623, 2.4268229, 99.362101, 82.177595,
16.620001, 100.42616, 2.4800329, 99.628079, 82.249676,
16.633301, 103.47951, 2.5432107, 99.894031, 82.322397,
16.646589, 107.79940, 2.8227388, 100.15928, 82.395629,
16.659870, 104.15774, 3.0282047, 100.42365, 82.469375,
16.673149, 104.33603, 2.8674190, 100.68700, 82.543652,
16.686440, 100.90129, 2.5787247, 100.94933, 82.618519,
16.699711, 101.80419, 2.6578112, 101.20977, 82.693788,
16.712990, 95.481829, 2.8220107, 101.46839, 82.769596,
16.726271, 102.20264, 2.7365748, 101.72457, 82.845895,
16.739540, 104.63382, 2.5169587, 101.97749, 82.922595,
16.752810, 103.24280, 2.1996698, 102.22686, 82.999745,
16.766081, 105.98845, 2.3907572, 102.47217, 83.077343,
16.779341, 100.10683, 2.3399233, 102.71263, 83.155295,
16.792601, 99.410780, 3.3878782, 102.94792, 83.233656,
16.805870, 107.02268, 2.2625366, 103.17765, 83.312467,
16.819120, 106.55877, 2.3597275, 103.40077, 83.391544,
16.832380, 103.11550, 2.3240061, 103.61723, 83.471044,
16.845631, 104.80822, 2.1037032, 103.82614, 83.550839,
16.858891, 101.11005, 2.0952114, 104.02724, 83.631031,
16.872141, 107.57610, 2.3613643, 104.21967, 83.711490,
16.885380, 109.16088, 2.5941383, 104.40285, 83.792192,
16.898630, 104.84503, 2.4002286, 104.57650, 83.873262,
16.911869, 102.01735, 2.2620948, 104.73974, 83.954547,
16.925110, 104.43815, 2.1547828, 104.89213, 84.036116,
16.938351, 104.70710, 2.1352972, 105.03306, 84.117945,
16.951580, 100.26798, 2.1835047, 105.16179, 84.199949,
16.964821, 105.40634, 2.3561778, 105.27802, 84.282259,
16.978050, 112.36995, 2.5080820, 105.38132, 84.364718,
16.991270, 116.30853, 2.5010113, 105.47152, 84.447326,
17.004499, 115.25718, 2.3110176, 105.54853, 84.530189,
17.017719, 142.33473, 2.6462390, 105.61202, 84.613176,
17.030951, 287.43965, 3.6083533, 105.66185, 84.696405,
17.044161, 348.22623, 4.2473249, 105.69766, 84.779661,
17.057381, 208.70900, 3.5828596, 105.71931, 84.863123,
17.070601, 119.76237, 2.5777294, 105.72649, 84.946720,
17.083811, 117.41342, 2.4536229, 105.71894, 85.030377,
17.097019, 109.32945, 2.2653135, 105.69638, 85.114133,
17.110229, 109.40060, 2.4372510, 105.65851, 85.197997,
17.123430, 104.73534, 2.6619208, 105.60507, 85.281887,
17.136641, 103.87908, 2.4124812, 105.53566, 85.365910,
17.149839, 108.93510, 2.5098024, 105.45005, 85.449922,
17.163040, 103.49153, 2.6816808, 105.34783, 85.533995,
17.176229, 102.33982, 2.4141910, 105.22878, 85.618033,
17.189430, 106.67940, 2.3118183, 105.09230, 85.702169,
17.202620, 101.83293, 2.4485166, 104.93826, 85.786245,
17.215811, 101.50962, 2.4499422, 104.76613, 85.870336,
17.229000, 104.11988, 2.5999231, 104.57554, 85.954403,
17.242180, 103.57215, 2.4613547, 104.36621, 86.038388,
17.255369, 107.01138, 2.8976018, 104.13785, 86.122400,
17.268551, 106.31248, 2.6203299, 103.89191, 86.206317,
17.281719, 100.39302, 2.4746702, 103.62981, 86.290091,
17.294901, 103.03435, 2.6434433, 103.35230, 86.373880,
17.308069, 103.22637, 2.6527386, 103.06120, 86.457503,
17.321251, 110.16357, 2.4637112, 102.75718, 86.541117,
17.334410, 112.44958, 2.6796396, 102.44233, 86.624480,
17.347580, 110.18243, 2.8617594, 102.11708, 86.707798,
17.360750, 114.50882, 2.9324736, 101.78293, 86.790987,
17.373911, 113.20375, 3.0082545, 101.44135, 86.873974,
17.387070, 111.52325, 3.3858518, 101.09336, 86.956795,
17.400230, 109.07207, 3.0009231, 100.74007, 87.039463,
17.413380, 109.47073, 2.9016980, 100.38304, 87.121882,
17.426540, 109.03275, 3.0375797, 100.02286, 87.204182,
17.439690, 114.72990, 3.1258597, 99.661351, 87.286209,
17.452841, 106.88977, 2.9785745, 99.299338, 87.368033,
17.465981, 102.81858, 3.1569664, 98.938384, 87.449559,
17.479130, 113.07303, 4.1727130, 98.579107, 87.530906,
17.492270, 105.61002, 2.9236771, 98.223224, 87.611942,
17.505409, 101.17362, 2.7324723, 97.871668, 87.692714,
17.518551, 96.897156, 2.6842195, 97.525589, 87.773222,
17.531679, 98.968174, 2.9878502, 97.186584, 87.853359,
17.544821, 104.58265, 3.2209790, 96.855171, 87.933276,
17.557949, 88.675426, 3.4204982, 96.533235, 88.012796,
17.571079, 100.04426, 3.3142570, 96.221609, 88.092001,
17.584200, 99.448795, 3.2206836, 95.921779, 88.170809,
17.597330, 94.154833, 3.1190391, 95.634544, 88.249320,
17.610451, 91.955612, 2.9790050, 95.361418, 88.327408,
17.623569, 92.480886, 3.5922844, 95.102246, 88.405105,
17.636690, 95.386679, 4.2873140, 94.856496, 88.482420,
17.649799, 98.631184, 3.7047072, 94.623956, 88.559261,
17.662910, 97.857199, 3.6374204, 94.403935, 88.635694,
17.676029, 108.34822, 4.5615319, 94.195920, 88.711738,
17.689131, 93.678858, 4.5114827, 93.999870, 88.787235,
17.702240, 86.804718, 5.4769496, 93.814990, 88.862314,
17.715349, 81.706835, 4.2157192, 93.640994, 88.936919,
17.728451, 85.499212, 4.7757918, 93.477576, 89.010990,
17.741550, 97.482334, 3.6842489, 93.324268, 89.084547,
17.754641, 98.495228, 2.8518683, 93.180765, 89.157533,
17.767740, 94.821287, 2.7825075, 93.046486, 89.230040,
17.780830, 98.377153, 3.1677338, 92.921261, 89.301947,
17.793921, 97.779638, 3.0161656, 92.804629, 89.373292,
17.807011, 97.903673, 2.6892857, 92.696238, 89.444061,
17.820101, 95.492224, 3.5566560, 92.595742, 89.514237,
17.833179, 95.896980, 2.6413308, 92.502878, 89.583744,
17.846270, 94.695255, 2.9391381, 92.417149, 89.652689,
17.859341, 92.083899, 2.5328874, 92.338419, 89.720896,
17.872419, 93.611399, 2.7410382, 92.266194, 89.788489,
17.885500, 95.196407, 3.0210535, 92.200194, 89.855421,
17.898569, 107.75621, 3.6246659, 92.140165, 89.921608,
17.911640, 97.764036, 3.4680347, 92.085730, 89.987103,
17.924709, 96.797827, 3.3776223, 92.036598, 90.051869,
17.937780, 95.065832, 5.0089760, 91.992453, 90.115908,
17.941250, 95.233896, 2.9803404, 91.981536, 90.132780,
17.955721, 93.969082, 2.7437628, 91.939450, 90.202574,
17.970181, 91.542089, 3.0616631, 91.902652, 90.271361,
17.984650, 92.498783, 2.9243154, 91.870695, 90.339217,
17.999109, 94.589334, 3.7915721, 91.843232, 90.406028,
18.013571, 94.394295, 3.2239354, 91.819852, 90.471823,
18.028021, 95.477880, 3.1037617, 91.800193, 90.536518,
18.042480, 92.543371, 2.8002749, 91.783848, 90.600181,
18.056931, 94.279919, 2.6078189, 91.770464, 90.662702,
18.071381, 95.513618, 2.7562353, 91.759657, 90.724098,
18.085819, 88.930586, 2.4963497, 91.751065, 90.784295,
18.100269, 93.468269, 2.9899781, 91.744307, 90.843361,
18.114710, 96.157539, 3.3083026, 91.739079, 90.901183,
18.129150, 84.398050, 3.2909670, 91.735251, 90.957773,
18.143579, 84.292192, 3.1207879, 91.732749, 91.013059,
18.158020, 89.005682, 2.5691201, 91.731492, 91.067099,
18.172449, 92.027559, 3.1072854, 91.731408, 91.119780,
18.186880, 86.651508, 2.7555553, 91.732422, 91.171122,
18.201300, 95.323912, 3.0787158, 91.734458, 91.221049,
18.215719, 89.397400, 2.6963513, 91.737446, 91.269572,
18.230150, 88.184570, 2.6017436, 91.741319, 91.316696,
18.244560, 93.210716, 2.6853193, 91.745996, 91.362285,
18.258980, 93.448851, 2.6292029, 91.751418, 91.406407,
18.273390, 100.27655, 2.9591307, 91.757509, 91.448970,
18.287800, 98.202133, 3.2289202, 91.764203, 91.489972,
18.302210, 94.399790, 2.9457809, 91.771435, 91.529377,
18.316620, 88.111534, 2.7861845, 91.779136, 91.567154,
18.331020, 87.740898, 2.5643688, 91.787235, 91.603243,
18.345421, 89.485250, 2.4953482, 91.795671, 91.637635,
18.359819, 93.610004, 2.5567016, 91.804377, 91.670289,
18.374210, 96.394032, 2.6569551, 91.813284, 91.701160,
18.388611, 93.228703, 2.7328520, 91.822337, 91.730245,
18.403000, 91.865952, 3.0796328, 91.831458, 91.757466,
18.417379, 91.030256, 3.0031244, 91.840583, 91.782792,
18.431770, 89.606165, 2.6964868, 91.849660, 91.806220,
18.446150, 89.699627, 2.3302534, 91.858611, 91.827674,
18.460529, 85.564180, 2.3454280, 91.867378, 91.847134,
18.474911, 91.762249, 2.7125415, 91.875895, 91.864560,
18.489281, 95.470812, 3.4487003, 91.884092, 91.879897,
18.503660, 88.435787, 2.7264634, 91.891914, 91.893127,
18.518030, 89.088839, 2.3816043, 91.899304, 91.904226,
18.532391, 97.934706, 2.6053101, 91.906253, 91.913267,
18.546761, 94.748802, 2.5979658, 91.912764, 91.920340,
18.561119, 86.595856, 2.7530690, 91.918821, 91.925508,
18.575480, 96.216425, 2.7165856, 91.924423, 91.928854,
18.589840, 91.137741, 2.6624790, 91.929561, 91.930450,
18.604191, 93.039968, 2.5032054, 91.934225, 91.930371,
18.618549, 97.781469, 3.1454469, 91.938413, 91.928688,
18.632900, 96.038847, 2.6584358, 91.942110, 91.925477,
18.647240, 98.133080, 2.6093996, 91.945308, 91.920812,
18.661591, 91.963945, 2.5908943, 91.948002, 91.914757,
18.675930, 86.512167, 2.8053142, 91.950178, 91.907392,
18.690269, 94.869160, 3.4695475, 91.951828, 91.898782,
18.704611, 97.343019, 3.3733960, 91.952942, 91.888996,
18.718941, 96.307135, 3.0865699, 91.953506, 91.878113,
18.733271, 99.410215, 2.8057953, 91.953511, 91.866193,
18.747601, 96.718683, 2.9192018, 91.952945, 91.853305,
18.761930, 103.45951, 2.7424688, 91.951793, 91.839517,
18.776260, 94.895458, 2.7239267, 91.950044, 91.824897,
18.790581, 96.742416, 2.9055017, 91.947684, 91.809521,
18.804899, 95.268095, 2.5201772, 91.944700, 91.793449,
18.819220, 95.179916, 2.7491832, 91.941074, 91.776745,
18.833530, 95.269403, 2.8166407, 91.936796, 91.759487,
18.847839, 103.18081, 3.1599653, 91.931848, 91.741733,
18.862150, 97.337917, 4.1036147, 91.926211, 91.723544,
18.876459, 101.93343, 3.7976236, 91.919871, 91.704992,
18.890770, 97.380415, 3.6786523, 91.912807, 91.686135,
18.905069, 93.336855, 3.6760735, 91.905009, 91.667058,
18.919371, 95.236895, 3.2374126, 91.896450, 91.647809,
18.933670, 96.258297, 3.1582441, 91.887114, 91.628457,
18.947960, 100.60585, 3.2667912, 91.876986, 91.609078,
18.962250, 98.629286, 3.2847206, 91.866038, 91.589724,
18.976540, 105.12907, 3.5606332, 91.854250, 91.570460,
18.990829, 94.770313, 3.5649558, 91.841599, 91.551351,
19.005119, 97.233414, 3.7307611, 91.828061, 91.532462,
19.019400, 90.226303, 3.4767872, 91.813622, 91.513871,
19.033680, 93.937395, 3.4751085, 91.798249, 91.495629,
19.047960, 100.65523, 3.5360322, 91.781916, 91.477803,
19.062229, 93.105745, 3.8918682, 91.764612, 91.460471,
19.076500, 95.621349, 4.7143949, 91.746293, 91.443681,
19.090771, 87.169664, 3.9659755, 91.726934, 91.427503,
19.105040, 93.136160, 3.5605947, 91.706508, 91.412003,
19.119310, 100.62506, 3.3902550, 91.684981, 91.397244,
19.133570, 102.21474, 3.6834082, 91.662343, 91.383304,
19.147829, 96.419762, 5.3609325, 91.638544, 91.370238,
19.162090, 96.419699, 4.4527245, 91.613550, 91.358112,
19.176340, 93.740406, 3.6503198, 91.587350, 91.347002,
19.190599, 92.559507, 4.1542118, 91.559871, 91.336959,
19.204849, 87.278946, 3.5311116, 91.531115, 91.328065,
19.219101, 80.762656, 3.7219367, 91.501022, 91.320379,
19.233339, 93.382092, 3.4827202, 91.469587, 91.313977,
19.247580, 84.557222, 3.7822236, 91.436740, 91.308919,
19.261820, 88.647371, 3.9924086, 91.402445, 91.305274,
19.276060, 101.27916, 4.3971919, 91.366658, 91.303114,
19.290300, 88.970186, 4.8161788, 91.329338, 91.302507,
19.304529, 88.073153, 4.3422370, 91.290472, 91.303523,
19.318760, 86.826548, 4.1082597, 91.249978, 91.306233,
19.332991, 90.982288, 4.8034415, 91.207817, 91.310708,
19.347219, 97.723375, 4.2454723, 91.163943, 91.317020,
19.361441, 110.48866, 8.8841937, 91.118329, 91.325237,
19.375660, 96.785294, 9.1010272, 91.070904, 91.335434,
19.389879, 79.821909, 5.4224667, 91.021611, 91.347686,
19.404100, 98.873030, 5.1208350, 90.970387, 91.362070,
19.418310, 107.61131, 6.4759864, 90.917227, 91.378646,
19.432520, 94.977531, 5.8344201, 90.862032, 91.397501,
