# wave, flux, fluxerr, continuum, continuum_plateau
9.9725246, 98.374365, 5.8361156, 120.41229, 120.23083,
9.9806166, 90.163404, 6.9370566, 118.29780, 118.14573,
9.9887066, 86.333946, 4.7286523, 116.22762, 116.10149,
9.9967957, 88.604656, 4.5138632, 114.20197, 114.09858,
10.004880, 110.57900, 6.9208633, 112.22227, 112.13865,
10.012970, 94.698009, 5.7261046, 110.28646, 110.21991,
10.021050, 89.560850, 6.5007110, 108.39869, 108.34669,
10.029140, 90.291718, 4.8726088, 106.55504, 106.51533,
10.037220, 84.979475, 5.4629129, 104.76062, 104.73112,
10.045300, 93.653112, 5.1452557, 103.01357, 102.99241,
10.053380, 98.128553, 5.1328285, 101.31428, 101.29978,
10.061460, 89.719847, 5.9233454, 99.663733, 99.654405,
10.069540, 99.202579, 7.3331460, 98.062141, 98.056667,
10.077610, 91.661968, 5.3542466, 96.512304, 96.509531,
10.085690, 85.987217, 6.5711463, 95.010998, 95.009939,
10.093760, 95.800331, 5.2373635, 93.562410, 93.562222,
10.101830, 90.828684, 5.7043146, 92.165396, 92.165381,
10.109900, 94.121330, 4.5844889, 90.820471, 90.820063,
10.117970, 98.332073, 4.8224334, 89.528639, 89.527394,
10.126040, 97.224939, 4.8304505, 88.290439, 88.288029,
10.134100, 91.061840, 5.0294850, 87.108089, 87.104293,
10.142170, 93.915775, 4.5573097, 85.979242, 85.973931,
10.150230, 93.366495, 6.9518663, 84.907452, 84.900589,
10.158300, 87.101307, 4.5658180, 83.890945, 83.882565,
10.166360, 83.832806, 4.1605166, 82.933007, 82.923220,
10.174420, 92.000128, 4.6839378, 82.032967, 82.021937,
10.182470, 90.883047, 4.7203929, 81.192805, 81.180748,
10.190530, 86.995083, 4.3470694, 80.411241, 80.398408,
10.198590, 82.755140, 5.0837024, 79.690064, 79.676737,
10.206640, 86.215336, 4.6544987, 79.031043, 79.017525,
10.214690, 96.130669, 6.1874380, 78.434069, 78.420670,
10.222750, 86.168007, 4.7186069, 77.899435, 77.886465,
10.230800, 74.960352, 4.0491095, 77.429310, 77.417066,
10.238850, 89.695221, 4.6126873, 77.023947, 77.012703,
10.246890, 101.37041, 5.4922379, 76.684647, 76.674645,
10.254940, 93.412642, 4.5970654, 76.411563, 76.403003,
10.262990, 70.796699, 6.2114780, 76.206112, 76.199137,
10.271030, 97.283689, 5.4915699, 76.069411, 76.064097,
10.279070, 85.511570, 4.3421011, 76.002189, 75.998536,
10.287120, 73.587840, 6.0265990, 76.005507, 76.003428,
10.295150, 69.244098, 7.3015116, 76.080273, 76.079576,
10.303190, 77.375265, 4.6110121, 76.227658, 76.228047,
10.311230, 89.676538, 4.9421998, 76.446491, 76.447631,
10.319270, 65.885953, 7.7992551, 76.732968, 76.734595,
10.327300, 92.047424, 5.9371505, 77.082542, 77.084458,
10.335340, 87.619635, 4.9401790, 77.492072, 77.494132,
10.343370, 85.879295, 4.5309447, 77.956663, 77.958768,
10.351400, 85.640295, 5.2725231, 78.472694, 78.474780,
10.359430, 107.89821, 6.5575297, 79.036269, 79.038300,
10.367460, 96.311344, 5.6452550, 79.643454, 79.645412,
10.375480, 72.790464, 12.313136, 80.289457, 80.291336,
10.383510, 95.216093, 21.844490, 80.972060, 80.973861,
10.391530, 83.435062, 16.269156, 81.685677, 81.687398,
10.399560, 63.506574, 3.7436464, 82.428115, 82.429750,
10.407580, 83.126715, 4.5924492, 83.193735, 83.195267,
10.415600, 85.985741, 4.9722803, 83.979443, 83.980841,
10.423620, 86.116909, 4.4650009, 84.781569, 84.782783,
10.431640, 80.187056, 4.4015721, 85.596066, 85.597028,
10.439650, 83.396555, 6.0512567, 86.418197, 86.418816,
10.447670, 82.406878, 4.1507404, 87.246175, 87.246334,
10.455680, 90.162544, 5.9224473, 88.074221, 88.073783,
10.463700, 97.625813, 5.1802837, 88.903133, 88.901956,
10.471710, 89.639017, 5.6617279, 89.730667, 89.728620,
10.479720, 80.299065, 5.2136131, 90.557848, 90.554808,
10.487730, 81.583895, 5.0120512, 91.384614, 91.380469,
10.495730, 83.074135, 5.0938693, 92.209922, 92.204568,
10.503740, 88.300808, 6.2096002, 93.035679, 93.029020,
10.511750, 94.870075, 5.8304541, 93.860840, 93.852790,
10.519750, 103.43984, 6.4407006, 94.684264, 94.674749,
10.527750, 97.332144, 7.2733121, 95.507070, 95.496023,
10.535750, 86.165926, 7.7023265, 96.329098, 96.316462,
10.543750, 86.407639, 9.9341288, 97.150189, 97.135917,
10.551750, 85.305710, 9.1830919, 97.970478, 97.954532,
10.559750, 99.935564, 8.3954527, 98.789707, 98.772060,
10.567850, 125.22395, 5.7136254, 99.618244, 99.598857,
10.576350, 104.73823, 4.9338412, 100.48645, 100.46523,
10.584840, 117.75510, 4.7170578, 101.35229, 101.32924,
10.593340, 114.14450, 4.3343591, 102.21782, 102.19296,
10.601830, 103.37380, 4.1192782, 103.08082, 103.05419,
10.610330, 110.38589, 4.8689290, 103.94337, 103.91500,
10.618820, 122.40892, 5.0517309, 104.80334, 104.77329,
10.627310, 114.65762, 4.4644901, 105.66154, 105.62988,
10.635800, 116.43262, 5.0076073, 106.51807, 106.48490,
10.644280, 123.07677, 8.5573431, 107.37171, 107.33712,
10.652770, 96.223812, 6.7592649, 108.22439, 108.18850,
10.661250, 92.155270, 7.5105877, 109.07413, 109.03706,
10.669740, 93.167477, 5.2101491, 109.92275, 109.88466,
10.678220, 114.03673, 5.9159875, 110.76826, 110.72931,
10.686700, 102.47042, 5.3551281, 111.61155, 111.57190,
10.695180, 107.71158, 5.0529462, 112.45251, 112.41238,
10.703650, 120.37348, 5.7049519, 113.29015, 113.24973,
10.712130, 113.45323, 6.1345989, 114.12615, 114.08569,
10.720600, 124.54565, 6.7312461, 114.95875, 114.91849,
10.729080, 118.77872, 5.4219100, 115.78964, 115.74985,
10.737550, 125.04957, 5.8994422, 116.61678, 116.57774,
10.746020, 128.35540, 5.5507519, 117.44120, 117.40322,
10.754490, 121.41830, 5.2100031, 118.26263, 118.22603,
10.762960, 126.01750, 6.4401045, 119.08116, 119.04629,
10.771420, 132.20800, 7.7583055, 119.89552, 119.86275,
10.779890, 128.21897, 7.2701751, 120.70782, 120.67753,
10.788350, 133.06970, 5.7868772, 121.51586, 121.48847,
10.796810, 119.70768, 5.4491609, 122.32056, 122.29651,
10.805270, 139.57730, 8.6161098, 123.12183, 123.10157,
10.813730, 124.34828, 6.0387905, 123.91958, 123.90360,
10.822190, 132.14128, 5.8005517, 124.71371, 124.70251,
10.830650, 123.19408, 5.8153082, 125.50412, 125.49825,
10.839100, 128.17852, 6.0611037, 126.28976, 126.28976,
10.847560, 126.51320, 5.7156194, 127.07248, 127.07894,
10.856010, 121.42170, 7.4628382, 127.85044, 127.86391,
10.864460, 143.78588, 6.9467330, 128.62448, 128.64547,
10.872910, 151.17630, 10.282614, 129.39470, 129.42368,
10.881360, 135.59632, 7.9007185, 130.16121, 130.19864,
10.889800, 138.87505, 6.6674014, 130.92302, 130.96928,
10.898250, 142.59387, 7.2226204, 131.68194, 131.73742,
10.906690, 157.89248, 7.7093594, 132.43629, 132.50132,
10.915140, 162.65717, 7.2083479, 133.18787, 133.26278,
10.923580, 156.90913, 8.0574492, 133.93485, 134.01989,
10.932020, 182.32805, 8.6676565, 134.67817, 134.77360,
10.940460, 169.15192, 8.9983558, 135.41785, 135.52388,
10.948890, 191.10588, 9.9236963, 136.15299, 136.26980,
10.957330, 165.98493, 16.810946, 136.88545, 137.01321,
10.965760, 178.66520, 10.808563, 137.61349, 137.75231,
10.974200, 207.66375, 7.7461490, 138.33877, 138.48878,
10.982630, 216.22235, 7.6234480, 139.05959, 139.22084,
10.991060, 266.25340, 12.101481, 139.77694, 139.94948,
10.999490, 233.82373, 8.5581929, 140.49067, 140.67453,
11.007920, 224.78580, 8.1002320, 141.20095, 141.39613,
11.016340, 220.95422, 20.766763, 141.90682, 142.11329,
11.024770, 219.17787, 35.206366, 142.60997, 142.82769,
11.033190, 226.66852, 11.861688, 143.30883, 143.53771,
11.041610, 214.76165, 5.6137962, 144.00418, 144.24414,
11.050030, 207.57063, 5.4831636, 144.69603, 144.94696,
11.058450, 220.24980, 7.7766289, 145.38439, 145.64615,
11.066870, 211.53640, 6.1707633, 146.06925, 146.34169,
11.075290, 212.73442, 6.5731062, 146.75062, 147.03356,
11.083700, 217.48457, 6.3748732, 147.42772, 147.72097,
11.092120, 213.78015, 6.5766462, 148.10209, 148.40545,
11.100530, 209.23425, 9.9757075, 148.77213, 149.08535,
11.108940, 232.71905, 10.264589, 149.43875, 149.76159,
11.117350, 244.70990, 14.722348, 150.10178, 150.43398,
11.120570, 247.02970, 7.3041775, 150.35478, 150.69049,
11.129530, 250.46112, 6.9225187, 151.05590, 151.40117,
11.138500, 293.36356, 7.4011603, 151.75385, 152.10834,
11.147460, 310.71616, 8.5326533, 152.44696, 152.81031,
11.156430, 357.65495, 8.5308815, 153.13686, 153.50871,
11.165390, 397.89694, 8.4677954, 153.82192, 154.20187,
11.174350, 470.91490, 8.8863575, 154.50293, 154.89058,
11.183300, 568.65776, 10.261773, 155.17916, 155.57408,
11.192260, 628.15009, 10.882899, 155.85203, 156.25379,
11.201220, 719.85957, 11.141116, 156.52079, 156.92897,
11.210170, 732.68323, 11.098352, 157.18472, 157.59885,
11.219120, 760.38565, 12.004366, 157.84452, 158.26413,
11.228070, 771.70296, 12.227415, 158.50016, 158.92478,
11.237020, 768.83615, 11.756665, 159.15155, 159.58069,
11.245970, 758.16261, 11.499495, 159.79879, 160.23197,
11.254920, 752.02724, 11.880794, 160.44180, 160.87851,
11.263860, 731.71532, 11.737332, 161.07979, 161.51952,
11.272800, 707.87311, 11.127240, 161.71356, 162.15580,
11.281750, 682.42250, 11.130848, 162.34361, 162.78784,
11.290690, 652.54694, 11.258393, 162.96870, 163.41440,
11.299630, 616.83650, 11.091287, 163.58933, 164.03598,
11.308560, 593.48413, 10.551911, 164.20489, 164.65195,
11.317500, 574.76599, 10.483425, 164.81664, 165.26359,
11.326430, 555.50538, 10.682425, 165.42324, 165.86954,
11.335370, 515.09908, 10.247146, 166.02595, 166.47107,
11.344300, 494.38141, 9.6837768, 166.62344, 167.06685,
11.353230, 484.04843, 9.5712051, 167.21631, 167.65748,
11.362160, 460.77087, 9.7820863, 167.80445, 168.24285,
11.371080, 436.29955, 9.2242345, 168.38731, 168.82243,
11.380010, 414.02412, 8.6379634, 168.96599, 169.39729,
11.388930, 409.40314, 8.6573239, 169.53930, 169.96628,
11.397850, 379.73777, 8.6663704, 170.10769, 170.52985,
11.406780, 385.53280, 8.6722505, 170.67184, 171.08866,
11.415700, 370.69010, 8.1951378, 171.23037, 171.64136,
11.424610, 362.33643, 8.1410828, 171.78329, 172.18797,
11.433530, 351.20758, 8.5617652, 172.33172, 172.72962,
11.442450, 338.61765, 8.6333811, 172.87502, 173.26567,
11.451360, 312.19974, 7.4913787, 173.41255, 173.79550,
11.460270, 309.65770, 7.9223519, 173.94482, 174.31963,
11.469180, 281.85148, 7.9094956, 174.47179, 174.83803,
11.478090, 300.95927, 8.0270861, 174.99336, 175.35063,
11.487000, 306.09200, 9.1873620, 175.50949, 175.85738,
11.495910, 282.11137, 7.5723857, 176.02004, 176.35817,
11.504810, 281.76006, 10.150145, 176.52450, 176.85253,
11.513710, 266.31462, 10.669890, 177.02326, 177.34084,
11.522620, 249.75818, 14.239767, 177.51687, 177.82366,
11.531520, 253.99818, 11.646676, 178.00407, 178.29979,
11.540420, 255.25574, 10.133049, 178.48539, 178.76975,
11.549310, 265.36190, 8.6749994, 178.96023, 179.23298,
11.558210, 239.87410, 7.4392826, 179.42957, 179.69048,
11.567100, 246.43838, 7.6554067, 179.89217, 180.14104,
11.576000, 248.49643, 8.8438258, 180.34915, 180.58578,
11.584890, 228.55490, 10.107674, 180.79927, 181.02352,
11.593780, 219.20652, 10.253138, 181.24294, 181.45470,
11.602670, 221.16435, 8.4797166, 181.68017, 181.87934,
11.611560, 223.98262, 7.7334165, 182.11080, 182.29732,
11.620440, 218.36920, 7.5689722, 182.53425, 182.70811,
11.629330, 213.89910, 7.9457696, 182.95141, 183.11260,
11.638210, 218.50407, 7.2355384, 183.36125, 183.50981,
11.647090, 232.49365, 9.4602770, 183.76405, 183.90008,
11.655970, 187.13768, 8.3471300, 184.15976, 184.28338,
11.664850, 181.72235, 6.9081512, 184.54832, 184.65967,
11.673730, 196.01472, 5.2225116, 184.92952, 185.02881,
11.682600, 199.79372, 6.1697337, 185.30289, 185.39038,
11.691480, 201.50397, 5.1546827, 185.66913, 185.74509,
11.700350, 190.83508, 6.1113149, 186.02731, 186.09209,
11.709220, 192.96340, 6.5877530, 186.37773, 186.43170,
11.718090, 199.77137, 6.4134443, 186.72026, 186.76385,
11.726960, 203.47900, 8.6370712, 187.05476, 187.08845,
11.735830, 197.27313, 5.6208589, 187.38110, 187.40544,
11.744690, 184.39555, 8.2036304, 187.69880, 187.71436,
11.753560, 190.54795, 7.0219853, 188.00845, 188.01588,
11.762420, 190.50352, 5.6075935, 188.30919, 188.30919,
11.771280, 181.60025, 8.2738342, 188.60132, 188.59463,
11.775020, 194.49868, 6.5632210, 188.72201, 188.71271,
11.784500, 195.84973, 6.8952603, 189.02113, 189.00576,
11.793980, 198.48965, 6.7862277, 189.31042, 189.28971,
11.803460, 196.53365, 7.4873822, 189.58999, 189.56461,
11.812940, 202.17540, 6.4638092, 189.85983, 189.83039,
11.822420, 188.82280, 6.3975684, 190.12003, 190.08712,
11.831890, 176.80243, 6.2136971, 190.37034, 190.33447,
11.841360, 190.83680, 6.2867304, 190.61109, 190.57274,
11.850840, 202.45337, 6.2727206, 190.84254, 190.80213,
11.860310, 208.28423, 6.6238190, 191.06425, 191.02218,
11.869770, 197.03180, 6.4332182, 191.27627, 191.23289,
11.879240, 209.42555, 6.4420295, 191.47907, 191.43468,
11.888710, 208.46455, 6.3837805, 191.67242, 191.62732,
11.898170, 210.94102, 6.3590134, 191.85618, 191.81059,
11.907630, 208.26207, 6.4671639, 192.03053, 191.98468,
11.917090, 215.06848, 6.2989774, 192.19551, 192.14958,
11.926550, 223.56153, 6.2871938, 192.35110, 192.30525,
11.936010, 205.08595, 5.9999435, 192.49733, 192.45170,
11.945470, 215.73817, 6.4127784, 192.63417, 192.58886,
11.954920, 209.77262, 7.7468858, 192.76149, 192.71661,
11.964370, 227.66937, 4.9644421, 192.87944, 192.83506,
11.973830, 224.06862, 6.1133017, 192.98811, 192.94430,
11.983280, 224.19023, 6.3589404, 193.08725, 193.04405,
11.992720, 225.75523, 6.3811887, 193.17686, 193.13432,
12.002170, 220.71135, 6.1743416, 193.25712, 193.21526,
12.011610, 225.39283, 7.5266540, 193.32783, 193.28668,
12.021060, 213.81998, 6.2050715, 193.38911, 193.34868,
12.030500, 214.64267, 6.1887769, 193.44078, 193.40110,
12.039940, 213.94420, 6.0959748, 193.48288, 193.44397,
12.049380, 211.32785, 7.2194011, 193.51537, 193.47724,
12.058820, 217.15147, 6.3547488, 193.53821, 193.50088,
12.068250, 221.47252, 7.1604296, 193.55132, 193.51484,
12.077690, 212.95555, 6.9956554, 193.55470, 193.51909,
12.087120, 209.96515, 7.2834328, 193.54826, 193.51359,
12.096550, 213.17952, 7.7040580, 193.53197, 193.49829,
12.105980, 205.31135, 7.8300418, 193.50575, 193.47315,
12.115410, 207.25663, 7.5505193, 193.46954, 193.43811,
12.124830, 208.82055, 7.5817653, 193.42331, 193.39318,
12.134260, 215.44140, 6.7969499, 193.36691, 193.33821,
12.143680, 208.97388, 6.6970631, 193.30036, 193.27326,
12.153100, 207.70092, 6.6495325, 193.22352, 193.19821,
12.162520, 203.59983, 6.5352492, 193.13632, 193.11302,
12.171940, 213.62413, 6.3672055, 193.03866, 193.01763,
12.181360, 218.34043, 7.0076732, 192.93043, 192.91196,
12.190770, 214.36253, 7.3035612, 192.81169, 192.79610,
12.200180, 205.69757, 6.6255003, 192.68221, 192.66986,
12.209600, 173.79823, 6.8436389, 192.54172, 192.53303,
12.219010, 199.81110, 6.8526798, 192.39043, 192.38584,
12.228420, 198.34958, 7.1842223, 192.22808, 192.22808,
12.237820, 198.95663, 9.6342075, 192.05479, 192.05991,
12.247230, 190.22485, 6.9040046, 191.87040, 191.88113,
12.256630, 215.71875, 8.3749337, 191.67554, 191.69231,
12.266040, 302.26796, 9.2489496, 191.47009, 191.49328,
12.275440, 599.85504, 13.826159, 191.25471, 191.28465,
12.284840, 595.23767, 12.724887, 191.02946, 191.06643,
12.294230, 273.97007, 8.8538741, 190.79479, 190.83903,
12.303630, 218.58970, 8.9925583, 190.55052, 190.60223,
12.313030, 223.51695, 8.9680997, 190.29706, 190.35639,
12.322420, 225.73605, 9.2148967, 190.03497, 190.10203,
12.331810, 209.87627, 7.3298138, 189.76420, 189.83907,
12.341200, 215.24450, 5.6722213, 189.48499, 189.56771,
12.350590, 230.27170, 6.3873167, 189.19754, 189.28813,
12.359980, 221.19535, 6.5839280, 188.90208, 189.00052,
12.369360, 231.17320, 6.2547399, 188.59915, 188.70538,
12.378750, 231.16845, 6.4741961, 188.28833, 188.40229,
12.388130, 242.90372, 7.1516685, 187.97048, 188.09205,
12.397510, 241.67780, 9.4330084, 187.64551, 187.77459,
12.406890, 230.09063, 6.8403903, 187.31358, 187.45001,
12.416270, 223.85778, 8.0957205, 186.97491, 187.11853,
12.425640, 217.23025, 7.7580919, 186.63010, 186.78071,
12.435020, 237.13692, 7.3800916, 186.27858, 186.43598,
12.444390, 238.33267, 7.0030187, 185.92131, 186.08529,
12.453760, 231.78830, 6.7659719, 185.55811, 185.72843,
12.463130, 219.56620, 6.1727831, 185.18917, 185.36557,
12.472500, 220.79420, 7.4387488, 184.81467, 184.99691,
12.481870, 227.58142, 8.4258872, 184.43480, 184.62260,
12.489420, 238.04768, 7.0484117, 184.12492, 184.31700,
12.499490, 258.93663, 7.3771015, 183.70656, 183.90405,
12.509550, 247.64105, 7.2351649, 183.28300, 183.48557,
12.519610, 251.19563, 7.7749703, 182.85408, 183.06137,
12.529670, 262.14127, 6.9535391, 182.42006, 182.63171,
12.539730, 264.70985, 7.2328175, 181.98106, 182.19672,
12.549780, 244.19015, 6.8499278, 181.53782, 181.75711,
12.559840, 255.70380, 6.8193000, 181.08962, 181.31217,
12.569890, 267.84270, 6.8453516, 180.63759, 180.86304,
12.579940, 259.95543, 8.1882690, 180.18150, 180.40946,
12.589990, 272.01185, 7.1887321, 179.72153, 179.95164,
12.600040, 267.59560, 6.9595971, 179.25786, 179.48974,
12.610090, 274.18217, 6.8215921, 178.79076, 179.02405,
12.620130, 298.08138, 7.5924139, 178.32091, 178.55523,
12.630170, 288.97607, 7.1930510, 177.84795, 178.08294,
12.640210, 283.76803, 8.2753354, 177.37213, 177.60744,
12.650250, 286.37500, 6.9452461, 176.89366, 177.12892,
12.660290, 292.88348, 6.9125213, 176.41277, 176.64764,
12.670330, 302.01292, 7.1238211, 175.92957, 176.16369,
12.680360, 306.82468, 7.2743592, 175.44480, 175.67785,
12.690390, 314.86240, 7.1025589, 174.95815, 175.18979,
12.700420, 320.41382, 7.0728684, 174.46976, 174.69968,
12.710450, 322.50585, 7.0610487, 173.97993, 174.20780,
12.720480, 337.31210, 7.5966501, 173.48879, 173.71431,
12.730500, 328.10710, 7.2933212, 172.99700, 173.21987,
12.740530, 349.03018, 7.6236742, 172.50382, 172.72374,
12.750550, 325.61398, 6.8603210, 172.01037, 172.22707,
12.760570, 330.65705, 7.1577788, 171.51641, 171.72962,
12.770590, 329.72300, 7.1979994, 171.02205, 171.23149,
12.780610, 333.90555, 7.1903953, 170.52751, 170.73293,
12.790620, 317.70155, 6.7852662, 170.03350, 170.23467,
12.800640, 304.71070, 6.7364278, 169.53917, 169.73584,
12.810650, 312.04667, 7.0345005, 169.04575, 169.23769,
12.820660, 301.50378, 6.9116057, 168.55290, 168.73989,
12.830670, 273.97180, 6.3948824, 168.06076, 168.24260,
12.840680, 283.46899, 6.6033838, 167.56961, 167.74610,
12.850680, 259.96978, 6.4530555, 167.08007, 167.25101,
12.860690, 247.42217, 6.4391698, 166.59138, 166.75658,
12.870690, 236.89755, 6.2223011, 166.10468, 166.26395,
12.880690, 230.56785, 6.0976298, 165.61971, 165.77290,
12.890690, 225.38555, 6.0572105, 165.13659, 165.28352,
12.900680, 214.37660, 6.0969653, 164.65605, 164.79657,
12.910680, 199.52953, 6.0131476, 164.17728, 164.31122,
12.920670, 190.09130, 5.7049524, 163.70146, 163.82869,
12.930670, 191.37140, 6.9362934, 163.22781, 163.34817,
12.940660, 188.60640, 6.0556965, 162.75745, 162.87080,
12.950640, 204.85638, 6.9325865, 162.29067, 162.39687,
12.960630, 173.51520, 5.7219256, 161.82658, 161.92550,
12.970620, 179.24445, 6.0746729, 161.36598, 161.45747,
12.980600, 188.56742, 6.0816266, 160.90945, 160.99337,
12.990580, 158.13833, 5.8779611, 160.45678, 160.53301,
13.000560, 171.17842, 6.0779517, 160.00810, 160.07649,
13.010540, 171.44365, 6.0122632, 159.56366, 159.62406,
13.020520, 172.80657, 6.1521561, 159.12366, 159.17592,
13.030490, 168.93360, 6.2608197, 158.68875, 158.73274,
13.040470, 168.00043, 6.3954225, 158.25824, 158.29378,
13.050440, 159.83013, 6.4247450, 157.83325, 157.86018,
13.060410, 160.01888, 6.3360892, 157.41352, 157.43167,
13.070380, 158.06175, 5.5155444, 156.99924, 157.00841,
13.080350, 159.95415, 6.8468126, 156.59070, 156.59070,
13.090310, 158.82198, 6.8989935, 156.18840, 156.17904,
13.100280, 146.09673, 6.7531249, 155.79154, 155.77262,
13.110240, 174.57658, 7.2390073, 155.40075, 155.37216,
13.120200, 174.41413, 7.6934386, 155.01556, 154.97719,
13.130160, 166.00295, 7.7886808, 154.63586, 154.58765,
13.140110, 170.69363, 8.6053677, 154.26195, 154.20388,
13.150070, 169.39188, 5.3901865, 153.89295, 153.82500,
13.160020, 165.94718, 5.3969556, 153.52953, 153.45175,
13.169980, 173.01615, 7.1533612, 153.17084, 153.08328,
13.179930, 160.36905, 9.9366097, 152.81754, 152.72030,
13.189870, 156.19000, 5.6798200, 152.46951, 152.36271,
13.199820, 155.15715, 5.8346210, 152.12598, 152.00975,
13.209770, 149.04570, 7.4259291, 151.78719, 151.66169,
13.219710, 164.65322, 6.6737905, 151.45342, 151.31885,
13.229650, 149.93155, 6.9380478, 151.12428, 150.98085,
13.239590, 153.87330, 5.5316690, 150.79962, 150.64756,
13.249530, 155.63260, 6.8653831, 150.47941, 150.31896,
13.259470, 158.97065, 5.4415451, 150.16356, 149.99499,
13.269410, 172.30450, 7.3139580, 149.85202, 149.67561,
13.279340, 176.75270, 9.0869685, 149.54502, 149.36109,
13.289270, 170.79562, 6.9731811, 149.24215, 149.05100,
13.299200, 170.34945, 7.2416600, 148.94340, 148.74537,
13.309130, 164.68150, 7.6123994, 148.64867, 148.44410,
13.318260, 169.38830, 5.8279380, 148.38115, 148.17089,
13.328980, 165.54062, 5.2765468, 148.07128, 147.85471,
13.339690, 156.45110, 5.0143541, 147.76618, 147.54376,
13.350400, 150.18775, 5.2004600, 147.46547, 147.23765,
13.361120, 144.93900, 6.0278093, 147.16881, 146.93604,
13.371830, 150.75255, 4.5872828, 146.87671, 146.63947,
13.382530, 154.99218, 4.4812364, 146.58906, 146.34782,
13.393240, 157.80212, 4.7140307, 146.30528, 146.06054,
13.403940, 152.34953, 4.6610028, 146.02582, 145.77807,
13.414650, 162.55943, 4.7087287, 145.75013, 145.49986,
13.425350, 149.42960, 4.5761742, 145.47863, 145.22635,
13.436050, 169.88417, 4.5962075, 145.21103, 144.95724,
13.446740, 152.26038, 4.3592479, 144.94753, 144.69273,
13.457440, 145.88715, 4.9226487, 144.68756, 144.43226,
13.468130, 162.95970, 4.3494693, 144.43158, 144.17628,
13.478830, 170.91005, 5.2443735, 144.17904, 143.92425,
13.489520, 160.83995, 4.1310525, 143.93039, 143.67661,
13.500200, 175.65548, 4.4498077, 143.68555, 143.43328,
13.510890, 159.29538, 4.1520599, 143.44405, 143.19378,
13.521570, 172.71495, 4.2038690, 143.20627, 142.95849,
13.532260, 176.36922, 4.0478809, 142.97176, 142.72694,
13.542940, 193.64700, 4.2777035, 142.74089, 142.49952,
13.553620, 176.04195, 4.2478464, 142.51342, 142.27596,
13.564290, 178.57012, 4.1463021, 142.28953, 142.05643,
13.574970, 175.21815, 4.1231241, 142.06874, 141.84047,
13.585640, 169.00383, 4.0292240, 141.85148, 141.62846,
13.596320, 173.18460, 3.8656092, 141.63727, 141.41993,
13.606990, 169.52695, 3.9520274, 141.42651, 141.21527,
13.617650, 155.68837, 3.7606886, 141.21915, 141.01440,
13.628320, 165.52975, 3.7444528, 141.01480, 140.81692,
13.638980, 162.01468, 3.7247582, 140.81379, 140.62316,
13.649650, 155.12207, 3.6539617, 140.61574, 140.43272,
13.660310, 155.53095, 3.7710963, 140.42100, 140.24592,
13.670970, 156.86642, 4.5322506, 140.22936, 140.06255,
13.681630, 149.24670, 3.9082016, 140.04081, 139.88257,
13.692280, 147.77305, 3.6422512, 139.85552, 139.70611,
13.702940, 149.45958, 3.8252287, 139.67310, 139.53281,
13.713590, 142.99145, 4.6281037, 139.49391, 139.36297,
13.724240, 142.37697, 4.2642732, 139.31773, 139.19637,
13.734890, 134.40365, 3.7795267, 139.14459, 139.03301,
13.745530, 150.50935, 4.1468693, 138.97462, 138.87298,
13.756180, 133.53377, 3.8748807, 138.80751, 138.71597,
13.766820, 148.64520, 5.8767407, 138.64354, 138.56224,
13.777460, 144.75910, 4.5761108, 138.48258, 138.41160,
13.788100, 125.37677, 3.7575922, 138.32461, 138.26404,
13.798740, 138.52942, 4.2812075, 138.16964, 138.11952,
13.809380, 131.60160, 4.6931384, 138.01768, 137.97803,
13.820010, 137.50880, 4.9895473, 137.86884, 137.83965,
13.830640, 143.29238, 6.2715438, 137.72301, 137.70424,
13.841270, 136.66380, 4.9212872, 137.58017, 137.57175,
13.851900, 134.92318, 5.2330480, 137.44036, 137.44219,
13.862530, 142.46338, 6.4538723, 137.30350, 137.31544,
13.873150, 127.40598, 7.5770122, 137.16945, 137.19137,
13.883780, 134.43323, 5.1815505, 137.03772, 137.06947,
13.894400, 132.82755, 5.1117826, 136.90828, 136.94969,
13.905020, 122.53655, 6.0672320, 136.78075, 136.83163,
13.915640, 143.48730, 5.7830043, 136.65485, 136.71503,
13.926250, 133.47272, 6.5441794, 136.53045, 136.59970,
13.936870, 135.43723, 5.7161780, 136.40706, 136.48519,
13.947480, 123.78420, 7.9515846, 136.28464, 136.37138,
13.958090, 118.84950, 6.2578356, 136.16282, 136.25794,
13.968700, 133.02085, 6.0606407, 136.04132, 136.14456,
13.979310, 128.36317, 6.6924061, 135.91992, 136.03099,
13.989910, 146.74755, 6.7042267, 135.79845, 135.91705,
14.000520, 138.05258, 6.2477632, 135.67643, 135.80226,
14.011120, 126.80672, 6.3841190, 135.55383, 135.68655,
14.021720, 148.69588, 9.4524866, 135.43027, 135.56954,
14.032320, 134.69317, 8.4803028, 135.30549, 135.45096,
14.042920, 121.64593, 7.3058623, 135.17925, 135.33054,
14.053510, 112.49358, 8.7717817, 135.05139, 135.20812,
14.064110, 125.54997, 10.062314, 134.92141, 135.08318,
14.074700, 128.19378, 8.0874806, 134.78930, 134.95568,
14.085290, 129.07285, 8.1532113, 134.65468, 134.82526,
14.095870, 142.92070, 6.0650714, 134.51741, 134.69174,
14.106460, 135.04160, 6.3145591, 134.37696, 134.55460,
14.117040, 123.74245, 4.9186844, 134.23334, 134.41382,
14.127630, 132.75473, 5.3958572, 134.08600, 134.26884,
14.138210, 124.49715, 6.0802398, 133.93495, 134.11969,
14.148790, 128.60595, 5.9681255, 133.77980, 133.96594,
14.159370, 127.43562, 5.7572951, 133.62025, 133.80730,
14.169940, 140.99932, 5.6186972, 133.45621, 133.64367,
14.180520, 127.65738, 10.448535, 133.28707, 133.47444,
14.182090, 143.83403, 5.0173234, 133.26154, 133.44885,
14.193560, 140.92112, 4.5353919, 133.07140, 133.25795,
14.205030, 140.35573, 5.6845586, 132.87471, 133.05989,
14.216500, 121.95673, 6.2603701, 132.67112, 132.85435,
14.227970, 131.22590, 6.3994053, 132.46026, 132.64093,
14.239430, 127.03015, 5.1248566, 132.24193, 132.41946,
14.250890, 126.70160, 4.7012607, 132.01562, 132.18942,
14.262350, 114.31008, 5.9521404, 131.78090, 131.95040,
14.273810, 128.92685, 4.9802263, 131.53741, 131.70204,
14.285270, 129.08638, 5.1321626, 131.28478, 131.44400,
14.296730, 134.65230, 5.0923917, 131.02257, 131.17584,
14.308180, 124.80253, 4.6937871, 130.75066, 130.89749,
14.319630, 126.79982, 4.7344279, 130.46841, 130.60831,
14.331080, 122.73002, 5.3397521, 130.17538, 130.30789,
14.342530, 125.39905, 4.8017426, 129.87121, 129.99591,
14.353970, 127.80163, 4.5121550, 129.55574, 129.67225,
14.365410, 122.55940, 4.2325460, 129.22825, 129.33622,
14.376860, 122.30390, 4.2579860, 128.88803, 128.98715,
14.388300, 114.31150, 5.0759011, 128.53522, 128.62523,
14.399730, 123.68677, 4.3500754, 128.16943, 128.25013,
14.411170, 121.78158, 4.3321880, 127.78953, 127.86076,
14.422600, 119.63365, 3.9230494, 127.39576, 127.45743,
14.434030, 120.50575, 4.0919268, 126.98730, 127.03939,
14.445460, 134.98465, 5.1252933, 126.56364, 126.60618,
14.456890, 122.10398, 3.9227827, 126.12436, 126.15747,
14.468320, 120.37710, 3.7532346, 125.66894, 125.69281,
14.479740, 123.44025, 3.7843008, 125.19727, 125.21218,
14.491160, 118.14178, 3.6285001, 124.70846, 124.71479,
14.502580, 132.71495, 4.2040949, 124.20203, 124.20025,
14.514000, 123.55628, 4.5547552, 123.67804, 123.66866,
14.525420, 124.33102, 4.0803179, 123.13799, 123.12154,
14.536830, 123.94660, 3.3409223, 122.58403, 122.56100,
14.548240, 120.52315, 3.2354511, 122.01730, 121.98817,
14.559650, 119.79270, 3.3103323, 121.43934, 121.40458,
14.571060, 117.02860, 3.3802999, 120.85188, 120.81194,
14.582470, 113.35235, 3.2393250, 120.25645, 120.21181,
14.593870, 119.27212, 3.2771310, 119.65517, 119.60628,
14.605270, 117.03005, 3.5221748, 119.04912, 118.99644,
14.616670, 113.57855, 3.6690033, 118.43994, 118.38394,
14.628070, 129.48225, 4.1776701, 117.82912, 117.77026,
14.639470, 119.44028, 4.0219542, 117.21829, 117.15704,
14.650860, 116.11823, 3.4046090, 116.60959, 116.54644,
14.662260, 112.63433, 3.4563608, 116.00348, 115.93892,
14.673650, 104.26071, 6.0499614, 115.40267, 115.33717,
14.685040, 110.69888, 3.8977242, 114.80813, 114.74219,
14.696420, 112.26380, 4.8443733, 114.22208, 114.15619,
14.707810, 120.46132, 4.6514215, 113.64493, 113.57958,
14.719190, 123.83900, 4.0223123, 113.07944, 113.01511,
14.730570, 122.82315, 4.0218726, 112.52658, 112.46375,
14.741950, 124.33352, 5.4536388, 111.98800, 111.92713,
14.753330, 113.32062, 4.2995864, 111.46532, 111.40685,
14.764700, 123.42880, 6.2765837, 110.96061, 110.90496,
14.776080, 110.25361, 4.0272585, 110.47458, 110.42216,
14.787450, 116.21180, 4.4994759, 110.00976, 109.96092,
14.798820, 112.46455, 3.5118146, 109.56735, 109.52240,
14.810190, 112.14478, 5.1232761, 109.14898, 109.10820,
14.821550, 121.74290, 4.9117265, 108.75670, 108.72030,
14.832920, 111.27875, 5.5785320, 108.39152, 108.35965,
14.844280, 115.91958, 6.4935499, 108.05574, 108.02848,
14.855640, 114.40840, 5.3980494, 107.75078, 107.72811,
14.866990, 121.15733, 7.8929674, 107.47859, 107.46041,
14.878350, 103.38232, 5.0720776, 107.24043, 107.22654,
14.889710, 110.21700, 5.2763283, 107.03832, 107.02841,
14.901060, 108.63810, 5.5125867, 106.87421, 106.86781,
14.912410, 105.38214, 5.3374396, 106.74969, 106.74622,
14.923760, 95.626698, 5.3139670, 106.66658, 106.66530,
14.935100, 102.58374, 5.6651561, 106.62676, 106.62676,
14.946450, 95.275671, 6.1710587, 106.63203, 106.63223,
14.957790, 100.48320, 6.1296348, 106.68403, 106.68316,
14.969130, 130.23882, 9.0211713, 106.78165, 106.77855,
14.980470, 118.01445, 6.6999986, 106.92220, 106.91592,
14.991810, 107.47688, 8.3751380, 107.10292, 107.09276,
15.003140, 120.83580, 6.5772567, 107.32094, 107.30641,
15.014480, 109.12943, 5.9079098, 107.57390, 107.55471,
15.025810, 110.21121, 5.9850877, 107.85877, 107.83481,
15.037140, 117.87143, 6.1937900, 108.17306, 108.14441,
15.048460, 122.73368, 8.2228754, 108.51388, 108.48078,
15.059790, 108.41753, 6.1976539, 108.87919, 108.84204,
15.071110, 122.80410, 6.9718122, 109.26579, 109.22514,
15.082440, 116.55803, 4.8112160, 109.67178, 109.62832,
15.093750, 119.64565, 4.1545755, 110.09346, 110.04803,
15.105070, 113.54327, 4.1260975, 110.52940, 110.48297,
15.116390, 123.38990, 4.7579673, 110.97669, 110.93034,
15.127700, 130.71873, 5.5358849, 111.43235, 111.38731,
15.139020, 112.81940, 4.8034364, 111.89469, 111.85229,
15.150330, 111.39758, 5.8554205, 112.36033, 112.32204,
15.162390, 124.03017, 6.5339643, 112.85813, 112.82595,
15.174730, 114.28485, 24.897391, 113.36572, 113.34180,
15.187070, 120.97022, 4.9592830, 113.86821, 113.85474,
15.199410, 108.18180, 4.7808080, 114.36239, 114.36172,
15.211740, 127.76075, 5.0478761, 114.84501, 114.85959,
15.224080, 101.36979, 5.4395957, 115.31650, 115.34879,
15.236410, 116.60517, 4.2285858, 115.77626, 115.82859,
15.248740, 118.64987, 3.9694209, 116.22490, 116.29957,
15.261060, 102.47967, 4.5436077, 116.66225, 116.76148,
15.273390, 104.70544, 3.9918666, 117.08927, 117.21523,
15.285710, 120.33280, 4.2642892, 117.50545, 117.66024,
15.298030, 130.53002, 4.0656855, 117.91128, 118.09695,
15.310350, 112.81213, 5.3131792, 118.30699, 118.52557,
15.322660, 117.01859, 6.5819536, 118.69242, 118.94583,
15.334980, 109.27530, 4.0139711, 119.06833, 119.35856,
15.347290, 119.88982, 4.3624385, 119.43433, 119.76323,
15.359600, 121.42160, 4.1944485, 119.79085, 120.16030,
15.371900, 113.42214, 5.1621967, 120.13774, 120.54955,
15.384210, 120.27515, 6.1409912, 120.47574, 120.93178,
15.396510, 108.43310, 5.6706336, 120.80443, 121.30648,
15.408810, 130.05920, 6.3853679, 121.12418, 121.67404,
15.421110, 123.48883, 5.4007911, 121.43516, 122.03462,
15.433410, 118.71398, 4.4633934, 121.73744, 122.38828,
15.445700, 117.46755, 4.4964445, 122.03093, 122.73490,
15.457990, 122.54080, 5.9486784, 122.31598, 123.07487,
15.470280, 136.53552, 7.5219852, 122.59268, 123.40828,
15.482570, 111.60490, 5.8274844, 122.86113, 123.73525,
15.494860, 119.94910, 5.1946830, 123.12142, 124.05588,
15.507140, 119.62118, 4.9276509, 123.37343, 124.37002,
15.519420, 123.32730, 4.8719604, 123.61744, 124.67802,
15.531700, 118.38540, 4.8592579, 123.85355, 124.98001,
15.543980, 123.57325, 4.9094971, 124.08179, 125.27604,
15.556260, 126.12625, 4.7994927, 124.30227, 125.56626,
15.568530, 133.63082, 4.7627796, 124.51485, 125.85050,
15.580800, 125.24415, 4.2263957, 124.71977, 126.12910,
15.593070, 122.24190, 4.2837609, 124.91708, 126.40215,
15.605340, 122.49433, 4.2830812, 125.10682, 126.66974,
15.617600, 122.32232, 4.0736863, 125.28925, 126.93175,
15.629860, 131.96565, 3.9925320, 125.46522, 127.18848,
15.642120, 121.53093, 3.6750830, 125.63554, 127.44003,
15.654380, 127.94918, 4.6982914, 125.80094, 127.68645,
15.666640, 136.03392, 3.8221174, 125.96219, 127.92787,
15.678890, 121.92642, 3.5867135, 126.11991, 128.16415,
15.691140, 131.82403, 3.6967358, 126.27497, 128.39558,
15.703390, 137.66713, 3.4570487, 126.42814, 128.62223,
15.715640, 148.69785, 3.9371170, 126.58015, 128.84418,
15.727890, 147.56517, 3.8240276, 126.73175, 129.06151,
15.740130, 139.01885, 3.9617169, 126.88356, 129.27413,
15.752370, 134.36595, 5.0435072, 127.03644, 129.48227,
15.764610, 126.54302, 3.9500570, 127.19115, 129.68603,
15.776850, 145.13945, 4.2115079, 127.34841, 129.88546,
15.789090, 149.11905, 4.3554432, 127.50900, 130.08065,
15.801320, 150.61085, 6.1160036, 127.67351, 130.27150,
15.813550, 140.71348, 4.8469915, 127.84282, 130.45825,
15.825780, 136.25072, 4.3703325, 128.01769, 130.64095,
15.838010, 137.16727, 4.5345971, 128.19887, 130.81968,
15.850230, 136.51622, 5.2971105, 128.38698, 130.99437,
15.862450, 137.36345, 4.8435449, 128.58289, 131.16521,
15.874670, 138.67280, 5.3827934, 128.78741, 131.33229,
15.886890, 135.23425, 5.1797492, 129.00130, 131.49565,
15.899110, 148.21078, 5.7987385, 129.22531, 131.65535,
15.911320, 126.31067, 5.0556904, 129.46007, 131.81134,
15.923540, 145.89555, 6.3637582, 129.70674, 131.96394,
15.935750, 138.50153, 6.0209064, 129.96571, 132.11293,
15.947960, 129.61683, 6.0522712, 130.23799, 132.25851,
15.960160, 143.38182, 6.3646633, 130.52416, 132.40062,
15.972370, 128.18318, 8.5347268, 130.82550, 132.53955,
15.984570, 135.87462, 5.8866836, 131.14233, 132.67512,
15.996770, 138.86990, 5.9390771, 131.47578, 132.80752,
16.008961, 136.65782, 6.9884646, 131.82640, 132.93668,
16.021160, 151.21130, 7.4754092, 132.19557, 133.06285,
16.033350, 142.98538, 5.9624725, 132.58360, 133.18590,
16.045549, 138.02990, 5.5239580, 132.99200, 133.30607,
16.057739, 137.85992, 5.4882762, 133.42101, 133.42323,
16.069920, 136.03487, 5.6746499, 133.87151, 133.53741,
16.082109, 141.57020, 7.3497552, 134.34511, 133.64887,
16.094290, 139.19713, 5.6773276, 134.84202, 133.75746,
16.106470, 135.87865, 5.9716265, 135.36355, 133.86332,
16.118650, 144.43298, 6.2329464, 135.91066, 133.96650,
16.130831, 135.98208, 5.1805772, 136.48434, 134.06704,
16.143009, 134.43845, 5.2389521, 137.08549, 134.16498,
16.155180, 143.02130, 5.6626904, 137.71481, 134.26031,
16.167351, 139.93318, 5.4538210, 138.37371, 134.35314,
16.179520, 144.99370, 6.1410612, 139.06311, 134.44350,
16.191681, 120.96785, 6.1506579, 139.78375, 134.53139,
16.203850, 128.06090, 7.7725585, 140.53759, 134.61696,
16.216009, 153.07928, 13.946379, 141.32470, 134.70013,
16.228170, 146.36143, 8.6454098, 142.14671, 134.78103,
16.240330, 151.82223, 10.913452, 143.00223, 134.85967,
16.252489, 155.25672, 7.8938073, 143.88891, 134.93609,
16.264641, 177.20090, 15.503291, 144.80371, 135.01030,
16.276791, 162.33055, 15.371615, 145.74457, 135.08237,
16.288950, 172.14547, 13.101117, 146.70998, 135.15240,
16.301090, 163.14770, 10.060335, 147.69521, 135.22026,
16.313240, 183.50580, 11.616576, 148.70018, 135.28615,
16.325380, 189.36157, 11.871396, 149.72091, 135.35002,
16.337530, 184.29905, 8.4009463, 150.75663, 135.41198,
16.349670, 198.55335, 6.8342595, 151.80335, 135.47198,
16.361799, 217.56595, 7.2548862, 152.85853, 135.53005,
16.373940, 256.82597, 10.301311, 153.92181, 135.58634,
16.386070, 257.57333, 9.8144542, 154.98901, 135.64077,
16.398211, 257.07443, 9.2942742, 156.05947, 135.69347,
16.410339, 272.08797, 8.0443450, 157.12899, 135.74437,
16.422461, 274.94090, 9.1155657, 158.19559, 135.79353,
16.434589, 270.34491, 10.102091, 159.25827, 135.84105,
16.446711, 255.21063, 8.1181567, 160.31336, 135.88689,
16.458839, 270.44232, 7.0287813, 161.35985, 135.93114,
16.470961, 228.20415, 8.9904673, 162.39406, 135.97378,
16.483070, 214.92160, 8.4074906, 163.41337, 136.01482,
16.495190, 231.25495, 16.032117, 164.41718, 136.05438,
16.500280, 237.04895, 6.6290345, 164.83339, 136.07054,
16.513599, 212.65605, 6.7658724, 165.90547, 136.11160,
16.526911, 210.73870, 5.9471775, 166.95002, 136.15089,
16.540211, 202.06783, 6.5212881, 167.96363, 136.18842,
16.553520, 209.36240, 5.2087275, 168.94469, 136.22431,
16.566820, 194.63047, 5.1404957, 169.88857, 136.25852,
16.580120, 197.11765, 5.3142065, 170.79274, 136.29113,
16.593420, 187.90237, 5.1438068, 171.65392, 136.32217,
16.606710, 180.92477, 5.0326428, 172.46822, 136.35166,
16.620001, 177.27275, 5.0728732, 173.23294, 136.37964,
16.633301, 177.56740, 5.2699023, 173.94519, 136.40617,
16.646589, 184.56730, 5.7130224, 174.60044, 136.43125,
16.659870, 174.44133, 5.9321457, 175.19555, 136.45492,
16.673149, 178.77810, 5.9673444, 175.72733, 136.47721,
16.686440, 173.70045, 5.7608904, 176.19270, 136.49819,
16.699711, 174.64150, 6.6369805, 176.58777, 136.51784,
16.712990, 180.10205, 6.5778718, 176.91705, 136.53622,
16.726271, 176.15250, 6.2791739, 177.18748, 136.55337,
16.739540, 182.27702, 5.9430358, 177.40598, 136.56929,
16.752810, 175.62183, 5.4762334, 177.57988, 136.58403,
16.766081, 171.05223, 6.3728924, 177.71625, 136.59762,
16.779341, 168.55485, 5.9373389, 177.82201, 136.61008,
16.792601, 172.82755, 5.1998699, 177.90427, 136.62145,
16.805870, 192.16195, 5.7148098, 177.97004, 136.63177,
16.819120, 194.37823, 6.4273235, 178.02614, 136.64103,
16.832380, 182.06675, 4.6031449, 178.07965, 136.64929,
16.845631, 198.36080, 4.9090921, 178.13741, 136.65657,
16.858891, 175.09235, 4.1287668, 178.20647, 136.66291,
16.872141, 190.31292, 5.0807959, 178.29365, 136.66831,
16.885380, 184.57838, 5.0753453, 178.40585, 136.67281,
16.898630, 188.34220, 4.5165149, 178.55023, 136.67645,
16.911869, 186.40905, 5.6650513, 178.73352, 136.67923,
16.925110, 188.29797, 4.6491455, 178.96289, 136.68120,
16.938351, 162.99070, 4.8952453, 179.24533, 136.68238,
16.951580, 169.65682, 5.1628887, 179.58763, 136.68278,
16.964821, 183.79393, 6.6074187, 179.99404, 136.68245,
16.978050, 193.90807, 6.7077243, 180.45794, 136.68139,
16.991270, 203.59075, 6.0171884, 180.97173, 136.67965,
17.004499, 218.74210, 7.4697534, 181.52863, 136.67723,
17.017719, 266.46370, 6.5866552, 182.12038, 136.67418,
17.030951, 549.68670, 10.095034, 182.74048, 136.67050,
17.044161, 621.08723, 11.467273, 183.37995, 136.66623,
17.057381, 315.74987, 8.5950580, 184.03286, 136.66138,
17.070601, 202.75070, 6.4206456, 184.69135, 136.65598,
17.083811, 216.47635, 6.8895659, 185.34757, 136.65006,
17.097019, 199.11995, 5.8941230, 185.99452, 136.64364,
17.110229, 202.13780, 7.5030492, 186.62502, 136.63674,
17.123430, 176.03357, 5.5584787, 187.23114, 136.62939,
17.136641, 194.03703, 5.7208960, 187.80637, 136.62160,
17.149839, 195.88378, 5.9044818, 188.34237, 136.61340,
17.163040, 179.16832, 5.8416957, 188.83228, 136.60481,
17.176229, 192.57950, 4.9717231, 189.26819, 136.59586,
17.189430, 186.38270, 4.9938998, 189.64334, 136.58656,
17.202620, 183.73260, 5.0319538, 189.94952, 136.57694,
17.215811, 188.08050, 5.6911451, 190.17953, 136.56702,
17.229000, 190.08792, 5.4335506, 190.32564, 136.55682,
17.242180, 201.30220, 5.6418337, 190.38017, 136.54636,
17.255369, 194.55728, 5.1406325, 190.33863, 136.53567,
17.268551, 176.32832, 5.2958163, 190.20421, 136.52476,
17.281719, 185.30637, 6.2880948, 189.98146, 136.51367,
17.294901, 195.14565, 6.5417320, 189.67415, 136.50240,
17.308069, 187.27635, 5.2521966, 189.28703, 136.49098,
17.321251, 190.86640, 6.6794382, 188.82340, 136.47943,
17.334410, 206.16058, 7.7039852, 188.28865, 136.46778,
17.347580, 195.13840, 7.2216400, 187.68545, 136.45604,
17.360750, 189.89540, 7.4495415, 187.01814, 136.44422,
17.373911, 193.94102, 8.4578928, 186.29115, 136.43237,
17.387070, 185.02488, 8.4488479, 185.50795, 136.42050,
17.400230, 193.63683, 6.5942494, 184.67209, 136.40862,
17.413380, 180.59415, 7.6891139, 183.78822, 136.39676,
17.426540, 180.17285, 7.5884686, 182.85850, 136.38493,
17.439690, 179.45795, 7.2605344, 181.88820, 136.37317,
17.452841, 175.93802, 7.5729841, 180.88002, 136.36149,
17.465981, 179.51147, 7.4572319, 179.83862, 136.34991,
17.479130, 187.45335, 8.6722358, 178.76593, 136.33845,
17.492270, 156.11693, 6.4397814, 177.66703, 136.32714,
17.505409, 167.59633, 6.4486555, 176.54470, 136.31599,
17.518551, 164.64003, 7.0661910, 175.40228, 136.30502,
17.531679, 165.61556, 7.8589622, 174.24461, 136.29426,
17.544821, 157.69615, 6.4929278, 173.07282, 136.28372,
17.557949, 161.30120, 7.0704776, 171.89275, 136.27343,
17.571079, 164.44368, 8.3056967, 170.70651, 136.26342,
17.584200, 180.50023, 8.0083818, 169.51858, 136.25369,
17.597330, 168.83320, 6.6914159, 168.33069, 136.24427,
17.610451, 168.34312, 8.4466503, 167.14779, 136.23519,
17.623569, 158.10268, 7.0157174, 165.97077, 136.22646,
17.636690, 165.20335, 11.004676, 164.80014, 136.21810,
17.649799, 167.34650, 7.6604002, 163.63792, 136.21014,
17.662910, 180.96867, 9.6486046, 162.48378, 136.20260,
17.676029, 188.94935, 13.872952, 161.33807, 136.19550,
17.689131, 168.81507, 10.461996, 160.20381, 136.18886,
17.702240, 180.83247, 11.496381, 159.07972, 136.18270,
17.715349, 159.19920, 10.174297, 157.96733, 136.17705,
17.728451, 168.81173, 13.625566, 156.86816, 136.17193,
17.741550, 161.28608, 9.5013348, 155.78262, 136.16735,
17.754641, 173.37742, 11.153850, 154.71222, 136.16336,
17.767740, 168.60100, 7.1974170, 153.65632, 136.15995,
17.780830, 170.51150, 14.709141, 152.61737, 136.15716,
17.793921, 154.43050, 7.4884558, 151.59553, 136.15502,
17.807011, 151.13293, 6.5175304, 150.59176, 136.15353,
17.820101, 170.99598, 7.7960049, 149.60701, 136.15273,
17.833179, 159.34135, 7.8822770, 148.64309, 136.15265,
17.846270, 153.25023, 6.8250958, 147.69930, 136.15330,
17.859341, 146.09113, 6.5706091, 146.77882, 136.15470,
17.872419, 139.08915, 6.5522799, 145.88077, 136.15689,
17.885500, 138.50757, 6.9218644, 145.00659, 136.15988,
17.898569, 148.77665, 7.2081012, 144.15820, 136.16370,
17.911640, 142.23585, 6.4462739, 143.33577, 136.16838,
17.924709, 155.01923, 9.5266968, 142.54064, 136.17393,
17.937780, 160.43343, 11.580568, 141.77367, 136.18040,
17.941250, 150.32615, 8.1861789, 141.57498, 136.18227,
17.955721, 147.65765, 5.6010887, 140.76909, 136.19079,
17.970181, 143.96842, 5.4890925, 140.00178, 136.20049,
17.984650, 138.68781, 5.0379335, 139.27353, 136.21142,
17.999109, 131.56510, 4.7912138, 138.58694, 136.22359,
18.013571, 146.95210, 6.3759430, 137.94309, 136.23706,
18.028021, 146.47218, 5.3030678, 137.34426, 136.25185,
18.042480, 149.04922, 5.5630531, 136.79130, 136.26802,
18.056931, 135.91393, 5.4075531, 136.28674, 136.28558,
18.071381, 132.45677, 6.6916158, 135.83202, 136.30458,
18.085819, 137.07625, 6.0913555, 135.42932, 136.32505,
18.100269, 157.92740, 6.2472003, 135.07992, 136.34705,
18.114710, 116.44105, 8.7691428, 134.78541, 136.37059,
18.129150, 131.57562, 6.0272952, 134.54338, 136.39574,
18.143579, 131.52312, 5.9133821, 134.35105, 136.42250,
18.158020, 131.20050, 5.6654214, 134.20525, 136.45097,
18.172449, 146.46207, 6.7954044, 134.10338, 136.48114,
18.186880, 140.51987, 6.0172158, 134.04252, 136.51307,
18.201300, 137.09460, 5.8046769, 134.01994, 136.54679,
18.215719, 121.95252, 6.3329986, 134.03289, 136.58236,
18.230150, 128.12372, 4.8160021, 134.07872, 136.61985,
18.244560, 136.53270, 4.9618924, 134.15466, 136.65922,
18.258980, 116.79750, 4.1508883, 134.25822, 136.70061,
18.273390, 135.97335, 4.7586823, 134.38666, 136.74399,
18.287800, 116.02732, 4.8782539, 134.53749, 136.78946,
18.302210, 115.10673, 5.4034591, 134.70816, 136.83705,
18.316620, 137.08530, 4.8347245, 134.89613, 136.88681,
18.331020, 136.46207, 4.6626572, 135.09875, 136.93877,
18.345421, 144.77240, 5.0452889, 135.31365, 136.99299,
18.359819, 134.72680, 4.9335039, 135.53830, 137.04952,
18.374210, 134.21073, 6.0727826, 135.77015, 137.10840,
18.388611, 118.43738, 7.6335672, 136.00699, 137.16974,
18.403000, 140.90642, 7.2432631, 136.24602, 137.23352,
18.417379, 128.17967, 6.4662185, 136.48481, 137.29977,
18.431770, 140.29518, 6.1747533, 136.72125, 137.36867,
18.446150, 139.41013, 7.4948179, 136.95250, 137.44014,
18.460529, 140.23613, 7.3329854, 137.17631, 137.51432,
18.474911, 144.37888, 6.5654326, 137.39022, 137.59125,
18.489281, 153.47313, 8.1462981, 137.59158, 137.67094,
18.503660, 124.35380, 6.5385779, 137.77820, 137.75355,
18.518030, 131.93900, 4.7914287, 137.94842, 137.83896,
18.532391, 132.27715, 4.4609811, 138.10284, 137.92702,
18.546761, 135.56358, 4.7732704, 138.24245, 138.01771,
18.561119, 147.84563, 5.5550408, 138.36784, 138.11072,
18.575480, 144.77977, 5.6415907, 138.47990, 138.20598,
18.589840, 141.88985, 5.0737375, 138.57937, 138.30334,
18.604191, 134.97868, 4.9323886, 138.66695, 138.40257,
18.618549, 127.82512, 5.6991646, 138.74346, 138.50363,
18.632900, 123.50572, 6.9153163, 138.80955, 138.60627,
18.647240, 139.57330, 5.7531048, 138.86594, 138.71031,
18.661591, 137.29862, 7.2286324, 138.91342, 138.81576,
18.675930, 138.54507, 6.2522712, 138.95260, 138.92230,
18.690269, 132.12835, 6.8043743, 138.98423, 139.02987,
18.704611, 135.51225, 7.3346077, 139.00898, 139.13834,
18.718941, 129.27585, 6.2963577, 139.02751, 139.24744,
18.733271, 126.65837, 6.3257816, 139.04051, 139.35713,
18.747601, 143.22363, 7.1558319, 139.04864, 139.46725,
18.761930, 144.52200, 7.4368217, 139.05257, 139.57766,
18.776260, 134.99662, 8.4590010, 139.05295, 139.68821,
18.790581, 132.68285, 5.9654787, 139.05043, 139.79867,
18.804899, 124.89220, 5.7240262, 139.04567, 139.90896,
18.819220, 143.70533, 6.1088901, 139.03931, 140.01896,
18.833530, 139.46965, 6.7732522, 139.03199, 140.12844,
18.847839, 135.92922, 6.9379115, 139.02437, 140.23730,
18.862150, 128.79310, 12.333208, 139.01708, 140.34543,
18.876459, 155.79568, 15.587612, 139.01077, 140.45266,
18.890770, 156.03138, 7.1900941, 139.00608, 140.55885,
18.905069, 152.94337, 7.1387286, 139.00365, 140.66378,
18.919371, 144.78928, 6.7202999, 139.00413, 140.76738,
18.933670, 157.89915, 9.8002377, 139.00816, 140.86948,
18.947960, 155.77835, 8.7612898, 139.01640, 140.96988,
18.962250, 149.92380, 8.5651792, 139.02949, 141.06849,
18.976540, 159.49310, 12.142394, 139.04809, 141.16518,
18.990829, 140.21460, 8.6918851, 139.07287, 141.25978,
19.005119, 140.70770, 9.2856275, 139.10449, 141.35214,
19.019400, 125.49600, 8.1728014, 139.14361, 141.44205,
19.033680, 132.81962, 7.6085462, 139.19091, 141.52943,
19.047960, 137.19973, 7.3079345, 139.24708, 141.61411,
19.062229, 150.17102, 8.2564866, 139.31277, 141.69588,
19.076500, 147.06975, 8.2884493, 139.38872, 141.77467,
19.090771, 125.59775, 8.0040315, 139.47563, 141.85030,
19.105040, 140.74785, 7.7945988, 139.57422, 141.92260,
19.119310, 144.08470, 9.3825131, 139.68524, 141.99144,
19.133570, 128.31548, 8.5524434, 139.80930, 142.05660,
19.147829, 134.17968, 9.6884254, 139.94725, 142.11797,
19.162090, 135.29368, 9.4041874, 140.09987, 142.17540,
19.176340, 145.13277, 7.6510125, 140.26778, 142.22868,
19.190599, 144.43748, 9.5733380, 140.45200, 142.27771,
19.204849, 147.45350, 9.9935052, 140.65309, 142.32227,
19.219101, 116.46654, 14.103885, 140.87201, 142.36223,
19.233339, 113.31116, 8.4127486, 141.10935, 142.39738,
19.247580, 145.59583, 8.0120777, 141.36617, 142.42759,
19.261820, 141.36788, 7.6090203, 141.64331, 142.45270,
19.276060, 137.45773, 11.959953, 141.94164, 142.47251,
19.290300, 135.73302, 12.037779, 142.26207, 142.48687,
19.304529, 143.79640, 16.207438, 142.60523, 142.49558,
19.318760, 143.48703, 15.601738, 142.97234, 142.49848,
19.332991, 156.84398, 13.184924, 143.36433, 142.49538,
19.347219, 137.96363, 12.444771, 143.78211, 142.48612,
19.361441, 142.18145, 11.104038, 144.22648, 142.47050,
19.375660, 133.20100, 15.646560, 144.69862, 142.44834,
19.389879, 119.25047, 8.8609554, 145.19963, 142.41945,
19.404100, 122.53300, 9.7776805, 145.73066, 142.38364,
19.418310, 146.35240, 17.906300, 146.29226, 142.34075,
19.432520, 180.13380, 31.698465, 146.88597, 142.29056,
