# wave, flux, fluxerr, continuum, continuum_plateau
9.9725246, 110.68473, 3.2297557, 125.42409, 125.36886,
9.9806166, 118.30412, 3.3739013, 124.77611, 124.72986,
9.9887066, 111.00995, 3.3034982, 124.15299, 124.11464,
9.9967957, 114.99527, 3.3014754, 123.55398, 123.52255,
10.004880, 114.41940, 3.1828103, 122.97869, 122.95326,
10.012970, 113.98596, 3.2942818, 122.42573, 122.40547,
10.021050, 116.10727, 3.0393409, 121.89549, 121.87963,
10.029140, 115.90802, 2.9368570, 121.38607, 121.37394,
10.037220, 116.68410, 3.2054570, 120.89812, 120.88908,
10.045300, 116.58142, 3.2995571, 120.43034, 120.42384,
10.053380, 115.21703, 3.0657408, 119.98206, 119.97759,
10.061460, 117.49830, 3.3538538, 119.55278, 119.54989,
10.069540, 114.24718, 3.0888542, 119.14180, 119.14009,
10.077610, 116.88408, 2.9840705, 118.74906, 118.74819,
10.085690, 116.43730, 2.9194807, 118.37299, 118.37266,
10.093760, 118.78518, 3.2863548, 118.01391, 118.01385,
10.101830, 118.15580, 2.9677570, 117.67077, 117.67076,
10.109900, 116.83875, 2.7861438, 117.34295, 117.34281,
10.117970, 119.03500, 2.9327061, 117.02996, 117.02955,
10.126040, 118.87600, 3.0724266, 116.73119, 116.73039,
10.134100, 118.03073, 2.6515247, 116.44644, 116.44516,
10.142170, 115.80275, 2.6599471, 116.17440, 116.17258,
10.150230, 114.63753, 2.8527119, 115.91520, 115.91281,
10.158300, 117.96658, 2.9947142, 115.66767, 115.66470,
10.166360, 115.41972, 2.5533778, 115.43188, 115.42833,
10.174420, 117.19910, 2.8174348, 115.20691, 115.20281,
10.182470, 117.39100, 2.7443022, 114.99253, 114.98793,
10.190530, 115.07465, 2.7800663, 114.78767, 114.78263,
10.198590, 106.61087, 2.4390571, 114.59202, 114.58662,
10.206640, 111.14875, 2.6678936, 114.40532, 114.39964,
10.214690, 106.06580, 2.6645416, 114.22677, 114.22091,
10.222750, 112.09927, 2.6125138, 114.05564, 114.04971,
10.230800, 110.70039, 2.9183001, 113.89182, 113.88593,
10.238850, 110.25403, 2.9823765, 113.73458, 113.72885,
10.246890, 111.04395, 2.8613276, 113.58356, 113.57812,
10.254940, 110.46677, 2.6953711, 113.43788, 113.43288,
10.262990, 109.40155, 2.9403297, 113.29723, 113.29278,
10.271030, 109.70569, 2.8846355, 113.16122, 113.15748,
10.279070, 107.38285, 2.7077888, 113.02920, 113.02631,
10.287120, 107.69363, 2.8919746, 112.90048, 112.89858,
10.295150, 114.57207, 3.3872460, 112.77501, 112.77425,
10.303190, 114.98925, 2.9336488, 112.65184, 112.65236,
10.311230, 118.72430, 3.2352716, 112.53183, 112.53378,
10.319270, 107.62065, 3.1658611, 112.41720, 112.42065,
10.327300, 112.96615, 3.2806344, 112.31041, 112.31543,
10.335340, 112.02636, 2.8718515, 112.21353, 112.22013,
10.343370, 115.40948, 2.8327438, 112.12912, 112.13728,
10.351400, 102.10960, 7.6831717, 112.05941, 112.06904,
10.359430, 108.97182, 8.0822926, 112.00672, 112.01772,
10.367460, 109.89301, 3.1402340, 111.97339, 111.98559,
10.375480, 103.77234, 3.3607543, 111.96178, 111.97495,
10.383510, 109.97810, 4.0665374, 111.97419, 111.98806,
10.391530, 112.51410, 4.0932018, 112.01297, 112.02720,
10.399560, 108.25039, 3.2511087, 112.08055, 112.09476,
10.407580, 114.97187, 2.6518450, 112.17916, 112.19286,
10.415600, 110.92547, 3.4611707, 112.31121, 112.32387,
10.423620, 116.37510, 2.8403624, 112.47912, 112.49011,
10.431640, 105.32320, 2.5612646, 112.68524, 112.69385,
10.439650, 108.28321, 2.7812605, 112.93166, 112.93710,
10.447670, 113.58855, 2.7012946, 113.22144, 113.22280,
10.455680, 113.89032, 3.0060322, 113.55600, 113.55231,
10.463700, 122.19610, 3.1892771, 113.93623, 113.92654,
10.471710, 117.51765, 2.9835318, 114.35987, 114.34340,
10.479720, 113.52835, 3.5728338, 114.82612, 114.80220,
10.487730, 110.25555, 2.8090112, 115.33374, 115.30182,
10.495730, 110.84942, 3.0437954, 115.88081, 115.84047,
10.503740, 115.78715, 3.6865481, 116.46740, 116.41832,
10.511750, 120.81750, 3.2349013, 117.09168, 117.03363,
10.519750, 124.14147, 3.8208155, 117.75153, 117.68441,
10.527750, 118.67785, 4.2498976, 118.44665, 118.37043,
10.535750, 118.08650, 3.8875477, 119.17578, 119.09051,
10.543750, 117.41347, 4.1892610, 119.93765, 119.84346,
10.551750, 125.76095, 4.4421783, 120.73128, 120.62837,
10.559750, 124.74528, 5.0875474, 121.55532, 121.44397,
10.567850, 132.39163, 3.0828046, 122.41968, 122.30012,
10.576350, 128.42875, 2.8380774, 123.35774, 123.23002,
10.584840, 134.29107, 2.8318332, 124.32508, 124.18970,
10.593340, 136.07460, 2.6472581, 125.32273, 125.18025,
10.601830, 140.17717, 2.8672256, 126.34689, 126.19794,
10.610330, 134.34113, 2.9218787, 127.39877, 127.24401,
10.618820, 140.47875, 3.1334706, 128.47456, 128.31471,
10.627310, 140.43610, 2.7666609, 129.57401, 129.40982,
10.635800, 140.10538, 2.7780935, 130.69604, 130.52830,
10.644280, 142.00038, 3.1486715, 131.83783, 131.66735,
10.652770, 141.95440, 2.8700822, 133.00077, 132.82838,
10.661250, 146.24212, 2.7821481, 134.18096, 134.00754,
10.669740, 145.92410, 2.9596712, 135.37980, 135.20622,
10.678220, 144.61333, 3.2680069, 136.59330, 136.42047,
10.686700, 146.40922, 3.0507643, 137.82156, 137.65038,
10.695180, 148.20417, 3.0421091, 139.06330, 138.89470,
10.703650, 152.73777, 3.3975693, 140.31586, 140.15076,
10.712130, 156.01255, 3.2345413, 141.58066, 141.42000,
10.720600, 159.10883, 3.3445604, 142.85390, 142.69862,
10.729080, 158.60630, 3.2838538, 144.13706, 143.98811,
10.737550, 161.85563, 3.1826807, 145.42587, 145.28418,
10.746020, 159.74638, 3.1401741, 146.72082, 146.58734,
10.754490, 161.85292, 2.9387636, 148.02039, 147.89606,
10.762960, 157.08025, 3.1990925, 149.32363, 149.20940,
10.771420, 162.31535, 4.1715174, 150.62741, 150.52419,
10.779890, 168.10268, 3.2401694, 151.93402, 151.84277,
10.788350, 163.18485, 3.2932002, 153.23885, 153.16049,
10.796810, 158.68685, 3.4505733, 154.54230, 154.47776,
10.805270, 164.00243, 4.0361180, 155.84314, 155.79334,
10.813730, 160.52100, 3.1490865, 157.14013, 157.10601,
10.822190, 158.18118, 3.3299122, 158.43206, 158.41453,
10.830650, 160.06643, 3.6599608, 159.71769, 159.71769,
10.839100, 155.84010, 3.3737871, 160.99443, 161.01284,
10.847560, 163.97975, 3.3910251, 162.26529, 162.30301,
10.856010, 166.62445, 3.2418227, 163.52733, 163.58512,
10.864460, 168.33675, 4.0093504, 164.78190, 164.86049,
10.872910, 173.53015, 4.1579352, 166.02922, 166.12927,
10.881360, 178.21090, 3.9115566, 167.26946, 167.39158,
10.889800, 180.48838, 3.6603202, 168.50103, 168.64572,
10.898250, 177.56580, 3.9522416, 169.72689, 169.89466,
10.906690, 185.53785, 4.2282055, 170.94433, 171.13558,
10.915140, 184.34753, 4.3448478, 172.15628, 172.37141,
10.923580, 207.94520, 4.3717753, 173.35978, 173.59908,
10.932020, 215.51425, 4.6825915, 174.55638, 174.82010,
10.940460, 202.11030, 4.5747874, 175.74613, 176.03447,
10.948890, 199.86768, 5.2096987, 176.92759, 177.24067,
10.957330, 213.31878, 4.3530489, 178.10375, 178.44171,
10.965760, 231.56057, 4.4158524, 179.27185, 179.63471,
10.974200, 250.73018, 4.4459296, 180.43455, 180.82236,
10.982630, 266.97110, 3.5914692, 181.58915, 182.00183,
10.991060, 292.70727, 3.6721929, 182.73723, 183.17471,
10.999490, 295.57203, 4.0701359, 183.87858, 184.34072,
11.007920, 290.74387, 3.6463470, 185.01347, 185.50011,
11.016340, 284.17861, 3.4711037, 186.14040, 186.65129,
11.024770, 282.79908, 4.1182356, 187.26206, 187.79699,
11.033190, 286.19470, 5.6234770, 188.37595, 188.93459,
11.041610, 279.42699, 4.1709715, 189.48334, 190.06538,
11.050030, 274.49376, 4.1667070, 190.58426, 191.18933,
11.058450, 275.43752, 4.5412685, 191.67872, 192.30642,
11.066870, 272.91402, 4.3834763, 192.76673, 193.41662,
11.075290, 271.86758, 4.5995896, 193.84829, 194.51992,
11.083700, 272.51885, 4.5541762, 194.92220, 195.61504,
11.092120, 266.17223, 4.4660508, 195.99091, 196.70445,
11.100530, 276.52025, 5.1001582, 197.05186, 197.78553,
11.108940, 297.67636, 5.9139171, 198.10653, 198.85974,
11.117350, 309.93002, 8.4733767, 199.15466, 199.92680,
11.120570, 322.51032, 4.2507916, 199.55437, 200.33358,
11.129530, 329.47585, 4.0222245, 200.66141, 201.45982,
11.138500, 358.46058, 4.1368156, 201.76245, 202.57930,
11.147460, 396.19095, 4.4377154, 202.85490, 203.68937,
11.156430, 447.09442, 4.7601628, 203.94130, 204.79260,
11.165390, 514.60675, 4.8291641, 205.01911, 205.88636,
11.174350, 598.68353, 5.0728019, 206.08958, 206.97191,
11.183300, 709.22350, 5.7629880, 207.15156, 208.04806,
11.192260, 822.72086, 6.2468466, 208.20729, 209.11706,
11.201220, 915.80013, 6.2451184, 209.25563, 210.17772,
11.210170, 949.14926, 6.3128985, 210.29542, 211.22887,
11.219120, 971.45830, 6.7252255, 211.32777, 212.27161,
11.228070, 978.36176, 6.7438306, 212.35265, 213.30588,
11.237020, 992.51195, 6.4161620, 213.36991, 214.33152,
11.245970, 1005.2876, 6.5533775, 214.37972, 215.34872,
11.254920, 993.10349, 6.7311033, 215.38196, 216.35729,
11.263860, 978.37045, 6.6575283, 216.37540, 217.35603,
11.272800, 956.44069, 6.3690558, 217.36129, 218.34618,
11.281750, 925.20059, 6.3365854, 218.34042, 219.32851,
11.290690, 884.22778, 6.4414917, 219.31085, 220.30107,
11.299630, 834.07184, 6.3949050, 220.27337, 221.26467,
11.308560, 811.35583, 5.9860175, 221.22702, 222.21832,
11.317500, 765.98004, 5.9063941, 222.17377, 223.16401,
11.326430, 744.55615, 6.4223488, 223.11155, 224.09967,
11.335370, 697.50735, 7.1990405, 224.04230, 225.02721,
11.344300, 665.51549, 5.4386023, 224.96396, 225.94461,
11.353230, 637.10840, 5.3091237, 225.87747, 226.85280,
11.362160, 609.21280, 5.3870752, 226.78265, 227.75161,
11.371080, 577.16399, 5.5859086, 227.67868, 228.64022,
11.380010, 560.26733, 4.9098908, 228.56719, 229.52028,
11.388930, 539.64885, 4.8272204, 229.44641, 230.39002,
11.397850, 523.36338, 4.9846949, 230.31702, 231.25014,
11.406780, 499.65234, 4.8160786, 231.18003, 232.10165,
11.415700, 488.42510, 4.5766048, 232.03333, 232.94247,
11.424610, 475.15799, 4.6839136, 232.87694, 233.77267,
11.433530, 464.89247, 4.8044779, 233.71259, 234.59392,
11.442450, 447.26992, 4.6372880, 234.53927, 235.40528,
11.451360, 429.39663, 4.3481499, 235.35600, 236.20580,
11.460270, 418.05497, 4.4444847, 236.16357, 236.99629,
11.469180, 405.85976, 4.5293341, 236.96188, 237.77665,
11.478090, 401.33004, 4.5855528, 237.75082, 238.54682,
11.487000, 386.07365, 4.3342478, 238.53028, 239.30670,
11.495910, 377.54895, 4.3812529, 239.30005, 240.05613,
11.504810, 360.05105, 4.5040023, 240.05938, 240.79440,
11.513710, 355.87633, 4.7954603, 240.80882, 241.52207,
11.522620, 356.36720, 4.4377654, 241.54917, 242.23998,
11.531520, 347.73603, 4.3987142, 242.27859, 242.94634,
11.540420, 335.12270, 4.5664558, 242.99780, 243.64191,
11.549310, 333.58288, 4.8935811, 243.70592, 244.32587,
11.558210, 331.08270, 4.4533811, 244.40441, 244.99966,
11.567100, 328.45989, 4.6554558, 245.09140, 245.66154,
11.576000, 321.59718, 4.7928499, 245.76852, 246.31311,
11.584890, 302.65268, 4.8934029, 246.43395, 246.95266,
11.593780, 304.09589, 4.6656381, 247.08827, 247.58080,
11.602670, 300.43295, 4.6173234, 247.73147, 248.19756,
11.611560, 290.99848, 4.9762833, 248.36331, 248.80278,
11.620440, 292.56172, 4.9574704, 248.98291, 249.39565,
11.629330, 283.36807, 4.9793501, 249.59156, 249.97747,
11.638210, 281.26797, 4.8431968, 250.18772, 250.54681,
11.647090, 275.17435, 5.2060319, 250.77181, 251.10415,
11.655970, 267.46638, 5.2946757, 251.34372, 251.64943,
11.664850, 267.52460, 4.4139718, 251.90332, 252.18260,
11.673730, 264.16000, 3.3747271, 252.45031, 252.70343,
11.682600, 266.31245, 3.4875481, 252.98398, 253.21131,
11.691480, 267.53553, 3.6667673, 253.50529, 253.70723,
11.700350, 263.56013, 3.8810374, 254.01293, 254.19001,
11.709220, 265.97135, 3.7330695, 254.50725, 254.66006,
11.718090, 271.46140, 4.3930849, 254.98805, 255.11725,
11.726960, 258.24413, 4.3325085, 255.45511, 255.56147,
11.735830, 260.76907, 4.0221662, 255.90821, 255.99260,
11.744690, 256.95407, 4.5919196, 256.34663, 256.41001,
11.753560, 265.46025, 4.6948555, 256.77117, 256.81456,
11.762420, 254.56503, 4.6930805, 257.18060, 257.20518,
11.771280, 267.17255, 6.9355250, 257.57524, 257.58225,
11.775020, 253.08430, 3.6208467, 257.73727, 257.73727,
11.784500, 256.42575, 4.0515732, 258.13603, 258.11935,
11.793980, 257.43875, 3.9322112, 258.51767, 258.48582,
11.803460, 263.41357, 4.4514492, 258.88258, 258.83698,
11.812940, 261.57735, 3.5658966, 259.23097, 259.17297,
11.822420, 262.12992, 3.6799139, 259.56322, 259.49405,
11.831890, 253.46714, 3.5616489, 259.87922, 259.80006,
11.841360, 261.97477, 3.9887836, 260.17963, 260.09158,
11.850840, 265.54892, 3.4521009, 260.46499, 260.36906,
11.860310, 266.12395, 3.5671499, 260.73500, 260.63215,
11.869770, 270.77277, 3.5943938, 260.98996, 260.88108,
11.879240, 275.02424, 3.5217260, 261.23063, 261.11655,
11.888710, 279.56759, 3.4263661, 261.45700, 261.33849,
11.898170, 275.73210, 3.4853944, 261.66911, 261.54688,
11.907630, 280.47763, 3.7837656, 261.86740, 261.74212,
11.917090, 290.20952, 15.693857, 262.05214, 261.92443,
11.926550, 285.28757, 3.5916980, 262.22352, 262.09396,
11.936010, 288.11217, 3.4844599, 262.38180, 262.25092,
11.945470, 292.11852, 3.5813033, 262.52716, 262.39545,
11.954920, 291.62333, 3.5038925, 262.65970, 262.52762,
11.964370, 283.49680, 3.6741742, 262.77977, 262.64776,
11.973830, 290.53283, 3.3882423, 262.88769, 262.75614,
11.983280, 296.87665, 3.5631598, 262.98341, 262.85271,
11.992720, 299.67775, 3.5277744, 263.06717, 262.93765,
12.002170, 301.05447, 3.4512788, 263.13934, 263.01134,
12.011610, 288.05075, 3.3526239, 263.19993, 263.07377,
12.021060, 292.46983, 3.9352884, 263.24926, 263.12524,
12.030500, 286.24575, 3.5442469, 263.28739, 263.16579,
12.039940, 288.09125, 3.4815978, 263.31455, 263.19565,
12.049380, 289.04028, 3.9486318, 263.33091, 263.21498,
12.058820, 285.84177, 3.4926287, 263.33661, 263.22392,
12.068250, 282.14915, 3.5108179, 263.33183, 263.22264,
12.077690, 282.54185, 3.5783434, 263.31672, 263.21129,
12.087120, 280.77275, 3.3640584, 263.29144, 263.19004,
12.096550, 273.90453, 3.4284880, 263.25613, 263.15904,
12.105980, 272.39568, 3.5574275, 263.21094, 263.11843,
12.115410, 268.05445, 3.4740893, 263.15599, 263.06836,
12.124830, 272.74167, 3.7116096, 263.09150, 263.00903,
12.134260, 267.07263, 3.5140110, 263.01745, 262.94048,
12.143680, 271.28492, 3.8738827, 262.93413, 262.86298,
12.153100, 269.71532, 3.6671576, 262.84158, 262.77660,
12.162520, 276.76687, 4.4976728, 262.73991, 262.68149,
12.171940, 264.51112, 3.5612326, 262.62927, 262.57778,
12.181360, 265.81778, 3.7390439, 262.50972, 262.46560,
12.190770, 265.62655, 4.3574111, 262.38155, 262.34523,
12.200180, 266.71091, 3.7204467, 262.24472, 262.21668,
12.209600, 259.75702, 3.7787830, 262.09917, 262.07993,
12.219010, 258.24758, 4.2469231, 261.94532, 261.93541,
12.228420, 260.33762, 4.1990089, 261.78310, 261.78310,
12.237820, 264.73870, 4.4381785, 261.61282, 261.62331,
12.247230, 265.83460, 4.2102549, 261.43422, 261.45577,
12.256630, 270.45587, 4.3554650, 261.24781, 261.28090,
12.266040, 352.81951, 5.2173760, 261.05335, 261.09844,
12.275440, 726.86751, 7.2117627, 260.85136, 260.90882,
12.284840, 706.70926, 6.9226122, 260.64181, 260.71196,
12.294230, 355.41872, 4.9017800, 260.42498, 260.50810,
12.303630, 283.63398, 5.9204326, 260.20061, 260.29695,
12.313030, 283.89188, 4.9893879, 259.96899, 260.07874,
12.322420, 277.37865, 5.5402164, 259.73052, 259.85380,
12.331810, 278.80302, 3.9546033, 259.48507, 259.62198,
12.341200, 280.19283, 3.2720675, 259.23273, 259.38334,
12.350590, 290.05785, 3.3324123, 258.97363, 259.13794,
12.359980, 292.68983, 3.4979829, 258.70785, 258.88585,
12.369360, 293.61826, 3.5450016, 258.43580, 258.62741,
12.378750, 292.73995, 3.7382211, 258.15700, 258.36214,
12.388130, 290.46763, 3.7336957, 257.87213, 258.09066,
12.397510, 288.61996, 3.7921637, 257.58102, 257.81279,
12.406890, 292.26827, 3.8098691, 257.28372, 257.52852,
12.416270, 296.77340, 3.7280251, 256.98034, 257.23795,
12.425640, 294.75562, 3.9718706, 256.67132, 256.94148,
12.435020, 301.20513, 4.0762129, 256.35605, 256.63849,
12.444390, 309.31878, 4.0469922, 256.03531, 256.32972,
12.453760, 302.78820, 3.6831453, 255.70885, 256.01489,
12.463130, 301.78344, 3.9521752, 255.37674, 255.69405,
12.472500, 309.48230, 4.4605016, 255.03905, 255.36727,
12.481870, 316.71260, 5.1690029, 254.69585, 255.03459,
12.489420, 313.65803, 3.9132734, 254.41536, 254.76226,
12.499490, 320.26815, 4.4199765, 254.03583, 254.39319,
12.509550, 326.02193, 3.9806513, 253.65055, 254.01784,
12.519610, 336.20965, 3.8794147, 253.25925, 253.63592,
12.529670, 334.31612, 3.8502312, 252.86204, 253.24754,
12.539730, 333.63383, 3.9482113, 252.45891, 252.85267,
12.549780, 335.60170, 4.0943027, 252.05043, 252.45184,
12.559840, 336.84090, 3.8564237, 251.63579, 252.04426,
12.569890, 343.42410, 3.7818830, 251.21594, 251.63083,
12.579940, 337.64584, 3.8678260, 250.79052, 251.21120,
12.589990, 350.40667, 3.9652926, 250.35958, 250.78542,
12.600040, 358.20308, 3.9940387, 249.92315, 250.35350,
12.610090, 364.68415, 3.8056064, 249.48137, 249.91556,
12.620130, 373.10678, 4.4189637, 249.03473, 249.47210,
12.630170, 371.27525, 3.9347486, 248.58278, 249.02265,
12.640210, 383.66175, 4.0594364, 248.12561, 248.56731,
12.650250, 380.74742, 3.8383899, 247.66327, 248.10613,
12.660290, 379.30407, 3.8011587, 247.19587, 247.63920,
12.670330, 382.45801, 3.8543636, 246.72334, 247.16647,
12.680360, 395.26098, 3.9644910, 246.24630, 246.68854,
12.690390, 416.43537, 3.9500598, 245.76427, 246.20496,
12.700420, 419.67677, 3.8996712, 245.27726, 245.71572,
12.710450, 425.24686, 3.9524844, 244.78540, 245.22096,
12.720480, 430.31834, 4.1260393, 244.28868, 244.72067,
12.730500, 441.02650, 5.0050256, 243.78760, 244.21537,
12.740530, 445.24657, 4.0187667, 243.28125, 243.70415,
12.750550, 432.84693, 3.8943937, 242.77061, 243.18801,
12.760570, 433.47034, 4.0324492, 242.25529, 242.66655,
12.770590, 439.75922, 4.0391124, 241.73521, 242.13972,
12.780610, 443.80383, 4.2133291, 241.21043, 241.60758,
12.790620, 434.20634, 4.2746038, 240.68155, 241.07076,
12.800640, 423.31667, 4.1207080, 240.14747, 240.52814,
12.810650, 428.12095, 3.9978073, 239.60932, 239.98090,
12.820660, 411.72618, 3.9490802, 239.06656, 239.42851,
12.830670, 385.05338, 3.7126765, 238.51915, 238.87094,
12.840680, 368.69347, 3.6551694, 237.96722, 238.30832,
12.850680, 348.66943, 3.6341801, 237.41123, 237.74118,
12.860690, 325.92960, 3.6722404, 236.85015, 237.16847,
12.870690, 319.22296, 3.5059048, 236.28505, 236.59129,
12.880690, 308.26667, 3.4146161, 235.71545, 236.00919,
12.890690, 286.47054, 3.3807679, 235.14124, 235.42208,
12.900680, 284.14939, 3.4301010, 234.56309, 234.83067,
12.910680, 276.88242, 3.4770958, 233.97978, 234.23373,
12.920670, 265.27117, 3.4158839, 233.39253, 233.63254,
12.930670, 263.99278, 3.3004947, 232.80009, 233.02586,
12.940660, 256.70238, 3.7769750, 232.20365, 232.41493,
12.950640, 255.24495, 6.4346042, 231.60332, 231.79989,
12.960630, 245.18540, 3.4618569, 230.99772, 231.17936,
12.970620, 242.39148, 3.3756451, 230.38757, 230.55411,
12.980600, 238.29940, 3.4731412, 229.77339, 229.92470,
12.990580, 236.24105, 3.7125504, 229.15463, 229.29063,
13.000560, 233.33390, 3.4855133, 228.53117, 228.65178,
13.010540, 233.11720, 3.4474145, 227.90303, 228.00823,
13.020520, 232.80970, 3.4233497, 227.27020, 227.35999,
13.030490, 227.50880, 5.3600404, 226.63331, 226.70777,
13.040470, 224.19225, 3.6228768, 225.99100, 226.05020,
13.050440, 224.76740, 3.8223861, 225.34459, 225.38868,
13.060410, 223.14378, 3.9184073, 224.69338, 224.72253,
13.070380, 224.94337, 3.6815420, 224.03726, 224.05170,
13.080350, 223.54503, 3.9964679, 223.37633, 223.37633,
13.090310, 227.58440, 4.0087991, 222.71117, 222.69704,
13.100280, 217.66507, 4.1193901, 222.04069, 222.01273,
13.110240, 223.36258, 4.1006137, 221.36639, 221.32492,
13.120200, 224.12947, 4.0992833, 220.68786, 220.63318,
13.130160, 230.27792, 4.7424893, 220.00533, 219.93773,
13.140110, 227.31215, 3.5794990, 219.31973, 219.23952,
13.150070, 228.05648, 2.9630270, 218.62984, 218.53730,
13.160020, 225.79802, 2.7887571, 217.93733, 217.83277,
13.169980, 225.79150, 3.3717517, 217.24096, 217.12465,
13.179930, 221.00897, 3.1460743, 216.54239, 216.41466,
13.189870, 221.69147, 3.4919280, 215.84180, 215.70294,
13.199820, 220.99158, 3.1541831, 215.13803, 214.98835,
13.209770, 216.86963, 3.1069052, 214.43192, 214.27172,
13.219710, 217.25573, 3.2159504, 213.72447, 213.55408,
13.229650, 214.95100, 3.2504446, 213.01523, 212.83497,
13.239590, 213.93095, 3.2571092, 212.30426, 212.11445,
13.249530, 214.07030, 3.1566010, 211.59183, 211.39281,
13.259470, 212.79347, 3.0671527, 210.87816, 210.67026,
13.269410, 218.86915, 3.3160768, 210.16345, 209.94701,
13.279340, 214.21513, 4.1256946, 209.44865, 209.22404,
13.289270, 215.17785, 4.2289161, 208.73315, 208.50074,
13.299200, 215.51590, 3.9119827, 208.01729, 207.77743,
13.309130, 207.26992, 3.9823625, 207.30120, 207.05428,
13.318260, 210.55297, 3.0381904, 206.64272, 206.38965,
13.328980, 211.06010, 2.9481902, 205.86977, 205.60990,
13.339690, 209.09043, 3.0946913, 205.09802, 204.83183,
13.350400, 209.13485, 3.0615630, 204.32697, 204.05494,
13.361120, 211.75718, 3.0851116, 203.55612, 203.27873,
13.371830, 209.57330, 2.8323379, 202.78723, 202.50499,
13.382530, 208.79868, 2.7630603, 202.02049, 201.73391,
13.393240, 210.48225, 2.8730559, 201.25479, 200.96438,
13.403940, 213.21423, 3.0229481, 200.49174, 200.19805,
13.414650, 214.55905, 3.1756088, 199.73025, 199.43381,
13.425350, 214.49495, 2.7671192, 198.97194, 198.67329,
13.436050, 215.04305, 2.7739560, 198.21637, 197.91608,
13.446740, 210.43255, 2.7951146, 197.46456, 197.16318,
13.457440, 215.18530, 3.0028265, 196.71529, 196.41338,
13.468130, 224.03088, 2.8278190, 195.97028, 195.66843,
13.478830, 218.23505, 2.7996289, 195.22836, 194.92713,
13.489520, 226.30873, 2.8938228, 194.49123, 194.19121,
13.500200, 226.62575, 2.8715230, 193.75909, 193.46086,
13.510890, 221.80510, 2.8133212, 193.03091, 192.73505,
13.521570, 238.51180, 2.8570203, 192.30825, 192.01535,
13.532260, 244.21088, 2.8296216, 191.59010, 191.30074,
13.542940, 242.85448, 2.8468853, 190.87803, 190.59278,
13.553620, 235.03095, 2.9162392, 190.17166, 189.89110,
13.564290, 233.66140, 2.8899747, 189.47198, 189.19666,
13.574970, 230.07473, 2.8383690, 188.77788, 188.50838,
13.585640, 231.61023, 2.7432732, 188.09102, 187.82788,
13.596320, 231.39915, 2.8513931, 187.41034, 187.15411,
13.606990, 226.47152, 2.8698683, 186.73747, 186.48868,
13.617650, 219.30070, 3.2724548, 186.07264, 185.83178,
13.628320, 219.29062, 2.7622266, 185.41496, 185.18253,
13.638980, 217.72992, 2.7725295, 184.76589, 184.54238,
13.649650, 210.41515, 2.8136850, 184.12461, 183.91046,
13.660310, 211.53990, 2.8837154, 183.49255, 183.28820,
13.670970, 206.62495, 3.0668945, 182.86947, 182.67531,
13.681630, 204.74652, 2.7110399, 182.25569, 182.07210,
13.692280, 204.62545, 3.3415284, 181.65211, 181.47943,
13.702940, 198.36915, 2.7339828, 181.05789, 180.89644,
13.713590, 197.67448, 2.8118688, 180.47452, 180.32456,
13.724240, 192.75602, 2.7047146, 179.90171, 179.76348,
13.734890, 190.69710, 2.6732084, 179.33990, 179.21359,
13.745530, 186.09885, 2.7244274, 178.78988, 178.67563,
13.756180, 184.58848, 2.7310948, 178.25102, 178.14893,
13.766820, 181.67413, 2.7931630, 177.72464, 177.63475,
13.777460, 184.57665, 2.9777862, 177.21063, 177.13292,
13.788100, 175.89305, 2.6644032, 176.70935, 176.64375,
13.798740, 178.76078, 2.7445674, 176.22117, 176.16756,
13.809380, 175.02265, 2.8201093, 175.74654, 175.70471,
13.820010, 176.56410, 3.0136591, 175.28616, 175.25583,
13.830640, 176.08763, 2.7548756, 174.84007, 174.82090,
13.841270, 177.50645, 2.7351410, 174.40860, 174.40016,
13.851900, 171.37910, 2.6853278, 173.99225, 173.99403,
13.862530, 172.93440, 3.4784331, 173.59112, 173.60258,
13.873150, 171.68160, 3.1660954, 173.20515, 173.22575,
13.883780, 174.07860, 3.1939224, 172.83314, 172.86243,
13.894400, 172.59417, 2.8915960, 172.47526, 172.51282,
13.905020, 176.64280, 2.9918319, 172.13069, 172.17614,
13.915640, 176.06270, 3.1093412, 171.79896, 171.85194,
13.926250, 176.57862, 3.2468712, 171.47986, 171.54007,
13.936870, 178.21598, 3.1577948, 171.17239, 171.23955,
13.947480, 177.77562, 3.4531806, 170.87659, 170.95044,
13.958090, 178.70288, 3.9171621, 170.59176, 170.67207,
13.968700, 181.38340, 3.7091065, 170.31742, 170.40398,
13.979310, 174.27985, 3.5547625, 170.05316, 170.14578,
13.989910, 175.65150, 3.6547270, 169.79875, 169.89723,
14.000520, 176.32195, 3.4205175, 169.55329, 169.65748,
14.011120, 180.28983, 4.0250809, 169.31681, 169.42652,
14.021720, 180.80058, 3.8875159, 169.08863, 169.20372,
14.032320, 177.36438, 4.8485463, 168.86836, 168.98867,
14.042920, 169.27400, 4.2044268, 168.65557, 168.78094,
14.053510, 170.09777, 4.2265676, 168.45004, 168.58032,
14.064110, 179.96725, 4.6717218, 168.25096, 168.38599,
14.074700, 172.96815, 5.1727263, 168.05830, 168.19791,
14.085290, 163.30860, 4.3046886, 167.87150, 168.01551,
14.095870, 173.58013, 3.7790490, 167.69029, 167.83853,
14.106460, 173.62465, 3.1408737, 167.51396, 167.66622,
14.117040, 166.16262, 2.6036125, 167.34242, 167.49851,
14.127630, 170.07400, 2.8091009, 167.17497, 167.33466,
14.138210, 174.17007, 3.4299513, 167.01153, 167.17460,
14.148790, 172.53697, 3.2349991, 166.85157, 167.01775,
14.159370, 178.02975, 3.4117991, 166.69468, 166.86372,
14.169940, 176.37585, 3.1578061, 166.54064, 166.71225,
14.180520, 185.47882, 5.7984364, 166.38876, 166.56264,
14.182090, 176.34603, 2.8421961, 166.36640, 166.54059,
14.193560, 181.97610, 2.7718340, 166.20419, 166.38042,
14.205030, 182.96465, 3.0578377, 166.04369, 166.22154,
14.216500, 186.28915, 3.1802805, 165.88443, 166.06348,
14.227970, 184.24222, 2.9839120, 165.72592, 165.90571,
14.239430, 184.49598, 2.8511602, 165.56781, 165.74784,
14.250890, 182.50922, 2.7834119, 165.40949, 165.58926,
14.262350, 176.05450, 2.8650753, 165.25047, 165.42942,
14.273810, 179.05902, 2.9472957, 165.09026, 165.26782,
14.285270, 179.61645, 3.0734756, 164.92841, 165.10398,
14.296730, 176.42405, 2.9504934, 164.76439, 164.93736,
14.308180, 170.98865, 2.9054250, 164.59789, 164.76760,
14.319630, 167.70855, 2.7125732, 164.42827, 164.59406,
14.331080, 170.69677, 2.9116547, 164.25505, 164.41620,
14.342530, 163.71648, 2.7762392, 164.07774, 164.23354,
14.353970, 170.31368, 2.6544264, 163.89602, 164.04572,
14.365410, 166.06885, 2.5063720, 163.70922, 163.85206,
14.376860, 167.69778, 2.7461386, 163.51669, 163.65189,
14.388300, 163.25422, 4.0765589, 163.31826, 163.44501,
14.399730, 167.60128, 2.7013355, 163.11345, 163.23095,
14.411170, 161.23710, 2.4699605, 162.90139, 163.00880,
14.422600, 159.71268, 2.4278407, 162.68196, 162.77844,
14.434030, 158.06682, 2.3029503, 162.45444, 162.53916,
14.445460, 159.87692, 2.5457401, 162.21831, 162.29040,
14.456890, 157.62440, 2.4701232, 161.97309, 162.03168,
14.468320, 159.37947, 2.3757134, 161.71821, 161.76246,
14.479740, 159.33325, 2.2609692, 161.45339, 161.48244,
14.491160, 162.41605, 2.3166764, 161.17787, 161.19087,
14.502580, 159.46985, 2.4139402, 160.89114, 160.88725,
14.514000, 160.79645, 2.4589186, 160.59302, 160.57144,
14.525420, 163.60307, 2.4398921, 160.28426, 160.24429,
14.536830, 161.26442, 2.3304766, 159.96598, 159.90707,
14.548240, 160.84895, 2.3338310, 159.63874, 159.56043,
14.559650, 155.71825, 2.7029082, 159.30332, 159.20527,
14.571060, 156.77717, 2.4809357, 158.96059, 158.84260,
14.582470, 156.67900, 2.9581413, 158.61132, 158.47333,
14.593870, 156.80935, 2.5599407, 158.25663, 158.09870,
14.605270, 161.70928, 2.4683646, 157.89702, 157.71934,
14.616670, 158.64110, 2.5063909, 157.53332, 157.33621,
14.628070, 156.80957, 2.7243544, 157.16627, 156.95018,
14.639470, 151.65815, 2.7984166, 156.79667, 156.56221,
14.650860, 154.96017, 2.3537466, 156.42568, 156.17360,
14.662260, 154.80370, 2.4588880, 156.05340, 155.78454,
14.673650, 151.33125, 2.6757952, 155.68129, 155.39669,
14.685040, 152.35715, 2.4019964, 155.30978, 155.01057,
14.696420, 154.77943, 2.4730365, 154.94005, 154.62754,
14.707810, 156.54113, 2.4695558, 154.57215, 154.24775,
14.719190, 149.95248, 2.3858583, 154.20760, 153.87289,
14.730570, 155.25340, 2.3616014, 153.84680, 153.50347,
14.741950, 156.24007, 2.5404620, 153.49056, 153.14045,
14.753330, 157.26220, 2.5664339, 153.13968, 152.78476,
14.764700, 154.42040, 2.4552902, 152.79527, 152.43766,
14.776080, 151.13538, 2.5080827, 152.45750, 152.09942,
14.787450, 149.27700, 2.7084746, 152.12780, 151.77161,
14.798820, 151.11990, 2.6554267, 151.80664, 151.45484,
14.810190, 153.16250, 2.8353711, 151.49482, 151.15003,
14.821550, 154.50370, 2.7217480, 151.19346, 150.85841,
14.832920, 154.05710, 2.8668036, 150.90284, 150.58040,
14.844280, 153.83898, 2.6695798, 150.62428, 150.31742,
14.855640, 151.66950, 2.8354646, 150.35836, 150.07017,
14.866990, 149.33880, 2.8082802, 150.10615, 149.83980,
14.878350, 151.01867, 3.2864251, 149.86802, 149.62685,
14.889710, 152.93625, 3.0734074, 149.64508, 149.43249,
14.901060, 153.49740, 2.9685151, 149.43836, 149.25784,
14.912410, 149.87848, 3.1644516, 149.24853, 149.10366,
14.923760, 152.96605, 3.5030532, 149.07645, 148.97093,
14.935100, 145.95607, 3.2201804, 148.92316, 148.86071,
14.946450, 150.75475, 3.1946988, 148.78927, 148.77378,
14.957790, 146.94355, 3.1423208, 148.67587, 148.71115,
14.969130, 147.84292, 3.4440240, 148.58311, 148.67232,
14.980470, 152.49595, 3.5298610, 148.51089, 148.65608,
14.991810, 154.13263, 3.8364988, 148.45912, 148.66120,
15.003140, 152.34740, 3.5167226, 148.42774, 148.68646,
15.014480, 155.52097, 3.4234625, 148.41665, 148.73067,
15.025810, 152.36410, 3.9302712, 148.42581, 148.79259,
15.037140, 155.07860, 3.7327429, 148.45516, 148.87103,
15.048460, 151.98445, 3.9181498, 148.50461, 148.96472,
15.059790, 148.28835, 3.9025282, 148.57423, 149.07263,
15.071110, 152.00885, 3.4840726, 148.66390, 149.19341,
15.082440, 145.29399, 2.8188720, 148.77379, 149.32607,
15.093750, 145.73928, 2.3818847, 148.90356, 149.46907,
15.105070, 149.79920, 2.4147338, 149.05359, 149.62161,
15.116390, 151.95435, 6.8575109, 149.22380, 149.78239,
15.127700, 152.76855, 2.6152673, 149.41404, 149.95009,
15.139020, 152.21653, 2.9274089, 149.62474, 150.12385,
15.150330, 150.35968, 2.6789100, 149.85556, 150.30219,
15.162390, 147.93270, 3.2081679, 150.12417, 150.49626,
15.174730, 146.26473, 2.9682806, 150.42315, 150.69757,
15.187070, 155.51470, 3.2719551, 150.74664, 150.90013,
15.199410, 146.65873, 3.2688915, 151.09484, 151.10246,
15.211740, 153.78357, 3.3200598, 151.46732, 151.30308,
15.224080, 152.98637, 3.3165561, 151.86375, 151.50208,
15.236410, 154.59467, 2.8075004, 152.28212, 151.69915,
15.248740, 160.07550, 2.9840369, 152.72149, 151.89448,
15.261060, 154.83047, 3.2880786, 153.18018, 152.08794,
15.273390, 157.86682, 3.1242607, 153.65772, 152.27988,
15.285710, 164.88173, 3.3469179, 154.15211, 152.47001,
15.298030, 153.65370, 2.8752021, 154.66242, 152.65850,
15.310350, 157.35938, 2.8562806, 155.18753, 152.84540,
15.322660, 157.10138, 3.3955001, 155.72571, 153.03057,
15.334980, 158.26435, 2.8818890, 156.27665, 153.21432,
15.347290, 155.38997, 3.2128029, 156.83831, 153.39641,
15.359600, 156.33305, 2.7420554, 157.40991, 153.57699,
15.371900, 157.26120, 2.7114252, 157.98979, 153.75594,
15.384210, 162.69593, 2.8172654, 158.57777, 153.93358,
15.396510, 163.39798, 3.5580983, 159.17173, 154.10966,
15.408810, 164.79093, 3.3191617, 159.77091, 154.28431,
15.421110, 161.56610, 2.9744634, 160.37426, 154.45759,
15.433410, 157.01735, 2.6400070, 160.98053, 154.62949,
15.445700, 160.52283, 2.6497309, 161.58814, 154.79991,
15.457990, 167.66315, 3.2940248, 162.19642, 154.96900,
15.470280, 161.23783, 3.2392191, 162.80421, 155.13680,
15.482570, 165.59620, 2.9043849, 163.41039, 155.30332,
15.494860, 162.02700, 2.9180701, 164.01379, 155.46857,
15.507140, 161.11840, 2.7344083, 164.61280, 155.63245,
15.519420, 157.44653, 2.7143029, 165.20670, 155.79510,
15.531700, 160.14797, 2.8475347, 165.79444, 155.95656,
15.543980, 166.13120, 2.8298425, 166.37476, 156.11682,
15.556260, 168.03925, 2.7197016, 166.94658, 156.27593,
15.568530, 164.42295, 2.6684973, 167.50824, 156.43375,
15.580800, 165.26978, 2.6359373, 168.05904, 156.59045,
15.593070, 173.25237, 2.6414887, 168.59782, 156.74603,
15.605340, 165.86260, 2.7165298, 169.12341, 156.90052,
15.617600, 171.80415, 2.6197129, 169.63517, 157.05382,
15.629860, 172.20977, 2.4660289, 170.13431, 157.20604,
15.642120, 175.10712, 2.4114527, 170.62177, 157.35723,
15.654380, 173.75858, 2.7904651, 171.09836, 157.50738,
15.666640, 170.75615, 2.8910563, 171.56502, 157.65652,
15.678890, 173.08040, 2.7820097, 172.02217, 157.80455,
15.691140, 173.13280, 2.5451822, 172.47107, 157.95159,
15.703390, 171.35435, 2.4472912, 172.91256, 158.09767,
15.715640, 179.69550, 2.6002803, 173.34749, 158.24279,
15.727890, 178.44998, 2.7766770, 173.77668, 158.38698,
15.740130, 178.85530, 2.7542734, 174.20065, 158.53013,
15.752370, 179.31392, 2.7388732, 174.62051, 158.67237,
15.764610, 183.32363, 2.6280768, 175.03717, 158.81372,
15.776850, 192.13513, 2.6962571, 175.45138, 158.95418,
15.789090, 187.88892, 5.1689130, 175.86403, 159.09378,
15.801320, 186.66158, 3.0962901, 176.27554, 159.23241,
15.813550, 189.16222, 3.0867553, 176.68709, 159.37020,
15.825780, 194.29470, 2.8116205, 177.09950, 159.50715,
15.838010, 191.06511, 2.7321274, 177.51358, 159.64329,
15.850230, 191.27425, 2.8217287, 177.92983, 159.77852,
15.862450, 189.08852, 2.8609186, 178.34936, 159.91295,
15.874670, 190.90712, 3.0282816, 178.77304, 160.04661,
15.886890, 193.06482, 3.0634845, 179.20168, 160.17950,
15.899110, 200.36845, 3.2503640, 179.63606, 160.31162,
15.911320, 190.73045, 3.2184352, 180.07669, 160.44289,
15.923540, 196.19478, 3.4876530, 180.52514, 160.57354,
15.935750, 195.16470, 3.8876052, 180.98148, 160.70335,
15.947960, 187.00060, 4.0684988, 181.44692, 160.83244,
15.960160, 191.63103, 3.7848118, 181.92194, 160.96074,
15.972370, 189.14008, 3.4810307, 182.40814, 161.08844,
15.984570, 187.89385, 3.3150615, 182.90557, 161.21534,
15.996770, 188.16865, 3.4935385, 183.41555, 161.34159,
16.008961, 191.78762, 3.5516901, 183.93852, 161.46707,
16.021160, 192.67702, 3.5052840, 184.47611, 161.59198,
16.033350, 190.99237, 3.4315199, 185.02843, 161.71615,
16.045549, 187.53570, 3.5353378, 185.59724, 161.83978,
16.057739, 191.08680, 3.7559235, 186.18256, 161.96269,
16.069920, 196.50918, 3.6960566, 186.78526, 162.08489,
16.082109, 180.64853, 3.7065178, 187.40723, 162.20657,
16.094290, 183.70230, 3.5058226, 188.04843, 162.32755,
16.106470, 189.92610, 3.8353110, 188.71029, 162.44795,
16.118650, 184.76175, 3.6039251, 189.39378, 162.56775,
16.130831, 188.91795, 3.7508853, 190.09989, 162.68698,
16.143009, 185.84803, 3.6660883, 190.82948, 162.80563,
16.155180, 192.20422, 3.9039012, 191.58320, 162.92363,
16.167351, 186.99825, 3.8545800, 192.36252, 163.04109,
16.179520, 192.65353, 4.5812900, 193.16835, 163.15798,
16.191681, 186.95785, 4.0162282, 194.00132, 163.27426,
16.203850, 188.31170, 4.2481906, 194.86357, 163.39008,
16.216009, 193.60963, 5.0295545, 195.75496, 163.50528,
16.228170, 204.54325, 4.9639388, 196.67723, 163.61998,
16.240330, 201.80330, 5.1184673, 197.62918, 163.73416,
16.252489, 206.12840, 4.7143221, 198.60883, 163.84783,
16.264641, 210.09445, 5.2762187, 199.61344, 163.96093,
16.276791, 209.57048, 5.2841515, 200.64136, 164.07353,
16.288950, 208.97660, 4.6637589, 201.69150, 164.18572,
16.301090, 215.74633, 5.6442938, 202.75930, 164.29726,
16.313240, 228.71828, 5.9818450, 203.84522, 164.40841,
16.325380, 235.54660, 5.9357824, 204.94550, 164.51901,
16.337530, 244.37785, 4.6107003, 206.05986, 164.62924,
16.349670, 257.72435, 3.6099965, 207.18452, 164.73892,
16.361799, 270.90424, 3.8267657, 208.31728, 164.84805,
16.373940, 297.81935, 5.0340718, 209.45827, 164.95683,
16.386070, 313.97083, 4.8818733, 210.60352, 165.06509,
16.398211, 338.78387, 4.6657174, 211.75284, 165.17300,
16.410339, 342.10468, 4.5337496, 212.90225, 165.28037,
16.422461, 353.17747, 4.6151762, 214.05014, 165.38726,
16.434589, 343.41677, 5.2347854, 215.19595, 165.49379,
16.446711, 342.65579, 5.1387489, 216.33626, 165.59983,
16.458839, 343.42153, 4.9192860, 217.47052, 165.70554,
16.470961, 324.59682, 5.4743429, 218.59530, 165.81077,
16.483070, 314.53339, 5.0259644, 219.70827, 165.91549,
16.495190, 301.75584, 6.9244947, 220.80936, 166.01991,
16.500280, 305.38007, 5.0809442, 221.26759, 166.06365,
16.513599, 285.95233, 4.6161305, 222.45304, 166.17776,
16.526911, 280.82534, 4.0078212, 223.61629, 166.29133,
16.540211, 274.94485, 4.1627565, 224.75433, 166.40435,
16.553520, 266.96448, 4.0478163, 225.86626, 166.51699,
16.566820, 261.46783, 3.9175171, 226.94776, 166.62909,
16.580120, 252.53611, 3.7219953, 227.99686, 166.74075,
16.593420, 239.02088, 3.3642577, 229.01079, 166.85196,
16.606710, 246.91580, 3.4037365, 229.98607, 166.96265,
16.620001, 237.09380, 3.5653312, 230.92060, 167.07291,
16.633301, 233.09380, 3.3504236, 231.81214, 167.18281,
16.646589, 239.34890, 3.6740449, 232.65641, 167.29219,
16.659870, 231.20088, 3.6486452, 233.45082, 167.40108,
16.673149, 235.15118, 3.6836240, 234.19282, 167.50954,
16.686440, 235.82505, 3.4669093, 234.88009, 167.61768,
16.699711, 240.16773, 4.5401201, 235.50861, 167.72525,
16.712990, 233.29530, 3.7738043, 236.08225, 167.83247,
16.726271, 233.24750, 3.6456188, 236.60594, 167.93930,
16.739540, 236.70082, 3.3651473, 237.08441, 168.04563,
16.752810, 232.59485, 3.1535533, 237.52332, 168.15157,
16.766081, 236.40750, 3.1281788, 237.92787, 168.25712,
16.779341, 235.76565, 3.1613691, 238.30280, 168.36219,
16.792601, 231.57376, 3.2247381, 238.65357, 168.46686,
16.805870, 237.44800, 3.3090157, 238.98547, 168.57122,
16.819120, 234.77972, 3.5993397, 239.30287, 168.67505,
16.832380, 237.85000, 3.1629061, 239.61150, 168.77856,
16.845631, 237.43415, 3.0284192, 239.91596, 168.88162,
16.858891, 230.33515, 3.1180801, 240.22171, 168.98438,
16.872141, 236.59115, 3.3903495, 240.53334, 169.08667,
16.885380, 236.71287, 3.4449602, 240.85582, 169.18851,
16.898630, 238.86717, 3.2667411, 241.19473, 169.29006,
16.911869, 234.70650, 3.0732668, 241.55454, 169.39115,
16.925110, 242.49245, 3.2320483, 241.94064, 169.49188,
16.938351, 241.58420, 3.1138318, 242.35804, 169.59224,
16.951580, 239.98998, 3.1570492, 242.81145, 169.69214,
16.964821, 237.96060, 3.4208237, 243.30370, 169.79176,
16.978050, 254.04607, 4.1496555, 243.82748, 169.89093,
16.991270, 257.28244, 3.2429200, 244.37486, 169.98967,
17.004499, 269.33975, 3.2852819, 244.93873, 170.08811,
17.017719, 350.12747, 3.9573073, 245.51037, 170.18611,
17.030951, 733.89554, 5.6234330, 246.08281, 170.28383,
17.044161, 774.31493, 6.4647991, 246.64678, 170.38104,
17.057381, 358.36910, 4.2742280, 247.19569, 170.47795,
17.070601, 258.32203, 3.5504354, 247.72126, 170.57450,
17.083811, 262.25410, 3.6911377, 248.21521, 170.67062,
17.097019, 255.01725, 3.2761538, 248.66997, 170.76637,
17.110229, 257.38998, 3.4459520, 249.07771, 170.86176,
17.123430, 249.79673, 3.3939750, 249.43014, 170.95672,
17.136641, 247.35308, 3.3244505, 249.71977, 171.05139,
17.149839, 247.64257, 3.2543825, 249.93809, 171.14561,
17.163040, 243.37520, 3.5043231, 250.07728, 171.23948,
17.176229, 245.30988, 3.3079082, 250.12915, 171.33291,
17.189430, 247.45506, 3.4147489, 250.08555, 171.42605,
17.202620, 246.04615, 3.5601334, 249.93828, 171.51875,
17.215811, 247.67941, 3.5929426, 249.67895, 171.61109,
17.229000, 245.63645, 3.6007375, 249.29918, 171.70306,
17.242180, 255.20145, 3.5811301, 248.79084, 171.79458,
17.255369, 251.11990, 3.7913093, 248.14897, 171.88581,
17.268551, 243.90638, 3.6057435, 247.38074, 171.97660,
17.281719, 241.50505, 3.6228095, 246.49468, 172.06694,
17.294901, 250.15605, 3.8176973, 245.49681, 172.15699,
17.308069, 253.56065, 4.2790962, 244.39685, 172.24657,
17.321251, 259.00634, 3.9288788, 243.20023, 172.33587,
17.334410, 260.13010, 3.9324498, 241.91790, 172.42463,
17.347580, 264.06112, 4.2353099, 240.55413, 172.51309,
17.360750, 262.35552, 4.1601013, 239.11743, 172.60116,
17.373911, 274.28950, 4.4416768, 237.61630, 172.68879,
17.387070, 267.04356, 4.4743906, 236.05728, 172.77601,
17.400230, 249.39868, 3.7796131, 234.44719, 172.86286,
17.413380, 245.16320, 4.1311748, 232.79495, 172.94923,
17.426540, 251.90095, 4.4646603, 231.10490, 173.03529,
17.439690, 243.01200, 4.0832323, 229.38713, 173.12087,
17.452841, 244.19133, 4.5768313, 227.64709, 173.20606,
17.465981, 229.66120, 7.9986937, 225.89368, 173.29077,
17.479130, 231.02625, 5.9979135, 224.13122, 173.37514,
17.492270, 224.36520, 3.9193726, 222.36936, 173.45904,
17.505409, 219.56230, 3.7889157, 220.61392, 173.54252,
17.518551, 216.04285, 4.2919196, 218.87174, 173.62559,
17.531679, 222.25155, 4.1948063, 217.15194, 173.70816,
17.544821, 216.72010, 4.4172952, 215.45812, 173.79039,
17.557949, 206.30373, 4.2934198, 213.80087, 173.87210,
17.571079, 208.63680, 4.3352051, 212.18536, 173.95340,
17.584200, 211.40522, 4.2987928, 210.62015, 174.03419,
17.597330, 207.11315, 4.5783920, 209.11018, 174.11461,
17.610451, 202.80900, 4.3815065, 207.66409, 174.19452,
17.623569, 211.56393, 5.0136365, 206.28153, 174.27397,
17.636690, 219.66301, 5.8530985, 204.96002, 174.35297,
17.649799, 212.01412, 5.2072151, 203.69880, 174.43145,
17.662910, 217.76110, 5.9217250, 202.49453, 174.50947,
17.676029, 233.80338, 6.0592489, 201.34479, 174.58708,
17.689131, 232.50525, 6.4470286, 200.24978, 174.66410,
17.702240, 225.15390, 6.6739196, 199.20549, 174.74069,
17.715349, 223.95837, 6.5422668, 198.21075, 174.81679,
17.728451, 222.91420, 6.0099726, 197.26429, 174.89236,
17.741550, 216.96942, 5.3612361, 196.36389, 174.96742,
17.754641, 216.84680, 3.9128012, 195.50828, 175.04193,
17.767740, 221.35815, 4.0025404, 194.69453, 175.11598,
17.780830, 217.09865, 4.0258676, 193.92216, 175.18947,
17.793921, 216.14945, 4.2623278, 193.18894, 175.26243,
17.807011, 224.02452, 4.1042294, 192.49325, 175.33487,
17.820101, 223.70645, 3.9592914, 191.83354, 175.40677,
17.833179, 214.63367, 3.7665933, 191.20878, 175.47807,
17.846270, 210.21527, 3.9777449, 190.61636, 175.54889,
17.859341, 215.20820, 4.0058462, 190.05614, 175.61905,
17.872419, 203.99545, 4.0791667, 189.52546, 175.68869,
17.885500, 202.37510, 4.3466634, 189.02314, 175.75777,
17.898569, 202.64415, 4.3335544, 188.54822, 175.82621,
17.911640, 197.11963, 4.2597623, 188.09880, 175.89408,
17.924709, 197.85315, 4.2008187, 187.67361, 175.96136,
17.937780, 197.02290, 7.4787919, 187.27116, 176.02804,
17.941250, 205.46640, 4.1591781, 187.16799, 176.04564,
17.955721, 194.62810, 3.5871047, 186.75343, 176.11857,
17.970181, 194.31377, 3.6899035, 186.36321, 176.19069,
17.984650, 192.23507, 3.9140006, 185.99498, 176.26208,
17.999109, 195.06710, 4.7597631, 185.64746, 176.33265,
18.013571, 192.88765, 4.4960050, 185.31860, 176.40243,
18.028021, 185.29887, 4.0923520, 185.00697, 176.47135,
18.042480, 187.28833, 3.6085849, 184.71040, 176.53949,
18.056931, 182.82582, 3.3845919, 184.42758, 176.60676,
18.071381, 179.35252, 3.3856835, 184.15662, 176.67318,
18.085819, 183.67735, 3.5734483, 183.89606, 176.73869,
18.100269, 187.57952, 3.9958176, 183.64382, 176.80338,
18.114710, 185.62655, 3.7667249, 183.39884, 176.86714,
18.129150, 182.03487, 3.3755044, 183.16036, 176.93000,
18.143579, 182.11245, 3.5735394, 182.92821, 176.99189,
18.158020, 183.61205, 3.4146815, 182.70166, 177.05290,
18.172449, 185.13717, 3.7447462, 182.48070, 177.11291,
18.186880, 178.12945, 3.8746149, 182.26478, 177.17197,
18.201300, 179.23375, 3.8116636, 182.05374, 177.23001,
18.215719, 177.69418, 3.4332937, 181.84706, 177.28705,
18.230150, 180.59465, 3.4326455, 181.64425, 177.34312,
18.244560, 181.48865, 3.4070209, 181.44543, 177.39809,
18.258980, 171.69325, 6.8627235, 181.24983, 177.45204,
18.273390, 181.79042, 5.4986724, 181.05739, 177.50490,
18.287800, 178.51982, 3.6204231, 180.86766, 177.55667,
18.302210, 180.77105, 3.4344522, 180.68030, 177.60734,
18.316620, 178.89295, 3.2998881, 180.49499, 177.65690,
18.331020, 177.36758, 3.1308283, 180.31155, 177.70528,
18.345421, 181.21580, 3.2886885, 180.12953, 177.75251,
18.359819, 180.64115, 3.1836015, 179.94863, 177.79855,
18.374210, 181.75335, 3.5559844, 179.76861, 177.84337,
18.388611, 175.15750, 3.9767253, 179.58895, 177.88700,
18.403000, 181.24067, 3.6847770, 179.40959, 177.92936,
18.417379, 177.39827, 3.5552112, 179.23020, 177.97042,
18.431770, 178.07438, 3.3355344, 179.05019, 178.01024,
18.446150, 175.23060, 3.3928861, 178.86956, 178.04872,
18.460529, 176.52607, 3.2372628, 178.68783, 178.08587,
18.474911, 181.24183, 3.3660790, 178.50466, 178.12167,
18.489281, 179.37790, 3.9679419, 178.31993, 178.15607,
18.503660, 174.95312, 3.2412573, 178.13303, 178.18909,
18.518030, 175.11055, 3.2571895, 177.94414, 178.22066,
18.532391, 181.56945, 3.1120833, 177.75363, 178.25078,
18.546761, 182.15580, 3.1598967, 177.56166, 178.27947,
18.561119, 172.22425, 3.3298159, 177.36892, 178.30666,
18.575480, 181.89682, 3.7998497, 177.17565, 178.33238,
18.589840, 179.25560, 3.5281220, 176.98229, 178.35659,
18.604191, 173.97802, 3.3131655, 176.78937, 178.37927,
18.618549, 181.50605, 3.5100747, 176.59709, 178.40043,
18.632900, 176.57718, 3.1223133, 176.40605, 178.42003,
18.647240, 176.79190, 3.2259253, 176.21671, 178.43803,
18.661591, 182.73205, 3.4468948, 176.02920, 178.45446,
18.675930, 180.68440, 3.6017826, 175.84422, 178.46927,
18.690269, 183.78048, 3.8409161, 175.66205, 178.48244,
18.704611, 196.26985, 4.0070911, 175.48307, 178.49397,
18.718941, 178.86415, 3.8486818, 175.30788, 178.50381,
18.733271, 176.17138, 3.4715250, 175.13676, 178.51196,
18.747601, 179.63356, 3.6151919, 174.97013, 178.51839,
18.761930, 184.39090, 3.7603851, 174.80843, 178.52308,
18.776260, 181.68345, 3.7563330, 174.65209, 178.52600,
18.790581, 182.63515, 4.0113541, 174.50166, 178.52713,
18.804899, 180.38253, 3.9582786, 174.35750, 178.52645,
18.819220, 184.24912, 3.6101946, 174.22001, 178.52393,
18.833530, 188.23798, 3.9302914, 174.08976, 178.51955,
18.847839, 180.37253, 3.7402111, 173.96714, 178.51327,
18.862150, 175.88453, 4.4909330, 173.85257, 178.50508,
18.876459, 180.86135, 4.4064247, 173.74658, 178.49494,
18.890770, 189.46262, 4.1376207, 173.64960, 178.48282,
18.905069, 192.01987, 4.3694084, 173.56223, 178.46870,
18.919371, 186.67703, 4.0169439, 173.48485, 178.45255,
18.933670, 184.55660, 4.1368871, 173.41801, 178.43433,
18.947960, 189.57483, 4.2144975, 173.36224, 178.41402,
18.962250, 184.82703, 4.5111317, 173.31802, 178.39159,
18.976540, 185.07257, 4.8544838, 173.28588, 178.36699,
18.990829, 191.33978, 4.9411112, 173.26637, 178.34020,
19.005119, 186.39820, 4.5715846, 173.26005, 178.31118,
19.019400, 178.09533, 4.7261331, 173.26748, 178.27991,
19.033680, 181.85165, 4.0978917, 173.28922, 178.24634,
19.047960, 179.09720, 4.1124010, 173.32587, 178.21043,
19.062229, 186.70855, 4.6500123, 173.37799, 178.17217,
19.076500, 185.54688, 6.3836483, 173.44622, 178.13150,
19.090771, 176.51498, 4.8570868, 173.53119, 178.08838,
19.105040, 179.43000, 4.8879845, 173.63354, 178.04277,
19.119310, 187.73618, 4.6023847, 173.75394, 177.99461,
19.133570, 180.13580, 4.7704717, 173.89294, 177.94393,
19.147829, 172.47187, 6.3920033, 174.05133, 177.89063,
19.162090, 183.17543, 10.841606, 174.22984, 177.83466,
19.176340, 182.71390, 4.8006666, 174.42900, 177.77603,
19.190599, 192.00768, 5.8227981, 174.64985, 177.71462,
19.204849, 180.55338, 5.5451498, 174.89284, 177.65045,
19.219101, 179.31680, 6.1778693, 175.15895, 177.58343,
19.233339, 168.47415, 4.8703374, 175.44865, 177.51359,
19.247580, 169.57090, 4.7771993, 175.76304, 177.44081,
19.261820, 178.54040, 4.8386081, 176.10293, 177.36503,
19.276060, 179.76680, 5.4562394, 176.46918, 177.28622,
19.290300, 179.12545, 5.3749591, 176.86268, 177.20432,
19.304529, 166.31158, 5.1786251, 177.28398, 177.11935,
19.318760, 182.50755, 7.7199372, 177.73438, 177.03117,
19.332991, 176.57925, 6.7154358, 178.21478, 176.93974,
19.347219, 174.99268, 5.1870615, 178.72609, 176.84501,
19.361441, 165.43700, 6.1956222, 179.26909, 176.74697,
19.375660, 180.46920, 6.3627058, 179.84499, 176.64553,
19.389879, 164.11385, 6.3539948, 180.45493, 176.54061,
19.404100, 191.47052, 7.4656908, 181.10008, 176.43213,
19.418310, 182.52993, 6.9881574, 181.78093, 176.32014,
19.432520, 170.71035, 7.0814181, 182.49914, 176.20448,
