# wave, flux, fluxerr, continuum, continuum_plateau
9.9725246, 174.93158, 3.6195515, 189.98718, 189.87684,
9.9806166, 171.38155, 4.0563521, 188.67356, 188.58125,
9.9887066, 169.62243, 3.4710476, 187.40851, 187.33206,
9.9967957, 170.68407, 3.3933171, 186.19074, 186.12814,
10.004880, 169.42518, 3.8286364, 185.01967, 184.96908,
10.012970, 175.46018, 3.5281316, 183.89268, 183.85244,
10.021050, 172.72160, 3.2107055, 182.81080, 182.77936,
10.029140, 173.69852, 3.3208910, 181.77039, 181.74637,
10.037220, 181.96228, 3.6959797, 180.77296, 180.75510,
10.045300, 178.67980, 3.4584384, 179.81610, 179.80327,
10.053380, 174.79728, 3.1956410, 178.89866, 178.88986,
10.061460, 179.27690, 3.5474197, 178.01985, 178.01417,
10.069540, 177.72562, 3.2275460, 177.17843, 177.17509,
10.077610, 178.71997, 3.1266781, 176.37454, 176.37284,
10.085690, 172.74465, 3.0622469, 175.60519, 175.60454,
10.093760, 174.34010, 3.8368205, 174.87121, 174.87109,
10.101830, 175.27783, 3.0963447, 174.17070, 174.17069,
10.109900, 175.10668, 2.8242838, 173.50263, 173.50238,
10.117970, 173.15582, 2.9979432, 172.86621, 172.86543,
10.126040, 172.15960, 2.9495045, 172.26042, 172.25889,
10.134100, 171.09980, 2.6622039, 171.68505, 171.68262,
10.142170, 167.64077, 2.7054525, 171.13769, 171.13424,
10.150230, 168.09895, 2.9052128, 170.61878, 170.61426,
10.158300, 167.39398, 2.6911365, 170.12618, 170.12059,
10.166360, 167.90073, 2.5669194, 169.66022, 169.65359,
10.174420, 167.02428, 2.8215459, 169.21930, 169.21169,
10.182470, 169.89953, 2.8042441, 168.80312, 168.79463,
10.190530, 168.06688, 3.0511611, 168.40976, 168.40052,
10.198590, 165.43430, 2.6188485, 168.03881, 168.02897,
10.206640, 167.69987, 2.8458216, 167.68991, 167.67964,
10.214690, 160.90342, 2.7194865, 167.36170, 167.35119,
10.222750, 163.67083, 2.6176088, 167.05297, 167.04242,
10.230800, 157.16947, 2.7876576, 166.76361, 166.75323,
10.238850, 161.73962, 3.1205806, 166.49242, 166.48242,
10.246890, 170.91113, 2.9260466, 166.23883, 166.22945,
10.254940, 162.33660, 2.8174608, 166.00144, 165.99288,
10.262990, 165.85118, 3.8817520, 165.77971, 165.77221,
10.271030, 160.98480, 3.2856808, 165.57307, 165.56684,
10.279070, 164.92955, 3.0540091, 165.38046, 165.37571,
10.287120, 165.92425, 3.4209026, 165.20082, 165.19774,
10.295150, 164.66537, 3.2789256, 165.03399, 165.03278,
10.303190, 170.50492, 3.3083053, 164.87858, 164.87941,
10.311230, 159.00265, 3.2159961, 164.73593, 164.73895,
10.319270, 165.68475, 3.2720928, 164.60959, 164.61491,
10.327300, 171.25400, 3.4822579, 164.50345, 164.51111,
10.335340, 164.73057, 3.3690925, 164.42097, 164.43099,
10.343370, 171.04142, 3.1613958, 164.36609, 164.37842,
10.351400, 161.08497, 4.1945952, 164.34245, 164.35699,
10.359430, 163.76888, 3.5335695, 164.35381, 164.37037,
10.367460, 169.44880, 3.5291349, 164.40393, 164.42228,
10.375480, 160.86717, 3.3999746, 164.49643, 164.51625,
10.383510, 165.42365, 3.9102559, 164.63535, 164.65623,
10.391530, 160.41360, 3.5036739, 164.82413, 164.84558,
10.399560, 151.25990, 2.7773896, 165.06703, 165.08845,
10.407580, 160.21330, 2.9440496, 165.36729, 165.38799,
10.415600, 161.68360, 3.2627467, 165.72895, 165.74812,
10.423620, 163.96122, 3.2563720, 166.15596, 166.17263,
10.431640, 163.07677, 3.0539123, 166.65206, 166.66516,
10.439650, 165.20040, 3.1488407, 167.22047, 167.22877,
10.447670, 169.52272, 3.0221246, 167.86653, 167.86862,
10.455680, 168.72505, 3.0005915, 168.59206, 168.58641,
10.463700, 171.01135, 3.0284066, 169.39860, 169.38373,
10.471710, 171.98815, 3.3738506, 170.28144, 170.25614,
10.479720, 166.29790, 2.9133771, 171.23896, 171.20221,
10.487730, 170.42852, 2.7247852, 172.26859, 172.21957,
10.495730, 171.73160, 3.0806858, 173.36642, 173.30451,
10.503740, 170.25478, 3.5075485, 174.53251, 174.45724,
10.511750, 178.84638, 3.6439714, 175.76307, 175.67416,
10.519750, 184.95100, 3.2542942, 177.05386, 176.95118,
10.527750, 182.14130, 3.5483686, 178.40412, 178.28769,
10.535750, 183.57072, 3.7303903, 179.81125, 179.68120,
10.543750, 191.03895, 3.8927264, 181.27260, 181.12920,
10.551750, 191.22852, 3.8187279, 182.78609, 182.62973,
10.559750, 187.73382, 4.1869392, 184.34894, 184.18011,
10.567850, 196.49314, 3.3779442, 185.97955, 185.79869,
10.576350, 198.94583, 3.3777366, 187.73983, 187.54710,
10.584840, 207.35020, 3.3311561, 189.54546, 189.34174,
10.593340, 206.12222, 3.0426048, 191.39805, 191.18430,
10.601830, 206.72130, 3.2838740, 193.29022, 193.06749,
10.610330, 209.58177, 3.2174201, 195.22381, 194.99322,
10.618820, 209.12125, 3.1986019, 197.19149, 196.95422,
10.627310, 213.60180, 3.0472182, 199.19239, 198.94970,
10.635800, 209.10175, 3.1141138, 201.22417, 200.97738,
10.644280, 218.98697, 3.3716130, 203.28130, 203.03176,
10.652770, 208.69238, 3.2326967, 205.36586, 205.11499,
10.661250, 215.63322, 3.0674552, 207.47044, 207.21967,
10.669740, 217.29060, 3.2836160, 209.59703, 209.34784,
10.678220, 220.22038, 3.3340612, 211.73812, 211.49203,
10.686700, 220.69810, 3.1775273, 213.89336, 213.65191,
10.695180, 224.87132, 3.2064943, 216.06004, 215.82482,
10.703650, 221.81372, 3.4176156, 218.23300, 218.00558,
10.712130, 237.87563, 3.4249501, 220.41417, 220.19620,
10.720600, 240.09402, 3.2213023, 222.59644, 222.38954,
10.729080, 244.61846, 3.2919245, 224.78177, 224.58763,
10.737550, 252.53060, 3.9750886, 226.96229, 226.78260,
10.746020, 250.60035, 5.6687925, 229.13825, 228.97473,
10.754490, 245.39070, 3.1878248, 231.30647, 231.16085,
10.762960, 244.95513, 3.1758762, 233.46473, 233.33879,
10.771420, 245.09868, 3.3398503, 235.60719, 235.50270,
10.779890, 250.70950, 3.2565760, 237.73694, 237.65576,
10.788350, 243.15610, 3.0867717, 239.84575, 239.78971,
10.796810, 241.42093, 3.2743282, 241.93356, 241.90457,
10.805270, 249.32748, 3.3858469, 243.99765, 243.99765,
10.813730, 241.70408, 3.1868719, 246.03583, 246.06678,
10.822190, 244.37968, 3.1985960, 248.04801, 248.11173,
10.830650, 248.09155, 3.3697403, 250.03463, 250.13279,
10.839100, 247.15738, 3.4064933, 251.99368, 252.12776,
10.847560, 251.93940, 3.2838733, 253.93046, 254.10186,
10.856010, 253.70072, 3.3482114, 255.84078, 256.05070,
10.864460, 258.23400, 3.5816071, 257.72704, 257.97655,
10.872910, 265.49825, 3.7068021, 259.58984, 259.87989,
10.881360, 271.23229, 3.5795802, 261.42978, 261.76119,
10.889800, 272.87890, 3.6863073, 263.24478, 263.61821,
10.898250, 271.57156, 3.9854970, 265.03952, 265.45559,
10.906690, 282.59553, 4.3953259, 266.81033, 267.26945,
10.915140, 282.36255, 4.0115167, 268.56176, 269.06432,
10.923580, 306.14618, 4.3639727, 270.28982, 270.83601,
10.932020, 317.63200, 4.7655373, 271.99703, 272.58698,
10.940460, 312.48745, 4.7596241, 273.68373, 274.31749,
10.948890, 319.87872, 4.7478988, 275.34821, 276.02564,
10.957330, 323.33043, 4.9910585, 276.99492, 277.71594,
10.965760, 348.03656, 4.1933225, 278.62029, 279.38458,
10.974200, 380.71001, 3.9235464, 280.22829, 281.03559,
10.982630, 422.89053, 4.0961146, 281.81543, 282.66526,
10.991060, 448.87341, 4.4428273, 283.38420, 284.27608,
10.999490, 453.91163, 4.1439329, 284.93454, 285.86789,
11.007920, 454.31707, 4.0898341, 286.46709, 287.44127,
11.016340, 443.65927, 4.5436404, 287.98008, 288.99434,
11.024770, 434.74323, 4.2562191, 289.47739, 290.53101,
11.033190, 438.78018, 4.3418825, 290.95593, 292.04802,
11.041610, 437.98075, 4.6112607, 292.41764, 293.54731,
11.050030, 425.22245, 4.6233422, 293.86281, 295.02910,
11.058450, 423.08760, 5.0136156, 295.29169, 296.49360,
11.066870, 411.96535, 5.0096814, 296.70453, 297.94100,
11.075290, 416.47502, 4.9829842, 298.10158, 299.37151,
11.083700, 422.69198, 4.8584526, 299.48153, 300.78374,
11.092120, 422.61170, 5.1735228, 300.84775, 302.18108,
11.100530, 439.34465, 5.8130101, 302.19723, 303.56041,
11.108940, 453.78888, 5.9706615, 303.53206, 304.92382,
11.117350, 468.25540, 7.6200428, 304.85215, 306.27120,
11.120570, 488.83370, 5.3661298, 305.35389, 306.78304,
11.129530, 508.02750, 5.1787413, 306.73878, 308.19497,
11.138500, 548.60214, 5.2800755, 308.10933, 309.59103,
11.147460, 597.58044, 5.6461821, 309.46257, 310.96816,
11.156430, 685.92101, 6.1165319, 310.80193, 312.32982,
11.165390, 777.68060, 6.1298864, 312.12452, 313.67302,
11.174350, 898.11334, 6.4252730, 313.43216, 314.99960,
11.183300, 1064.9348, 7.3556915, 314.72370, 316.30838,
11.192260, 1238.6365, 7.9187918, 316.00213, 317.60235,
11.201220, 1352.9908, 7.8497715, 317.26628, 318.88033,
11.210170, 1393.5747, 7.8906181, 318.51506, 320.14118,
11.219120, 1417.3105, 8.3603107, 319.75002, 321.38648,
11.228070, 1448.7338, 8.4655929, 320.97139, 322.61643,
11.237020, 1459.2498, 8.0427126, 322.17922, 323.83110,
11.245970, 1444.4602, 8.0844430, 323.37398, 325.03094,
11.254920, 1439.7598, 8.4038076, 324.55573, 326.21603,
11.263860, 1424.2273, 8.2278550, 325.72330, 327.38518,
11.272800, 1382.9855, 7.7742073, 326.87839, 328.54012,
11.281750, 1341.0593, 7.7791334, 328.02215, 329.68199,
11.290690, 1286.0940, 7.8751975, 329.15255, 330.80879,
11.299630, 1235.1960, 7.6999156, 330.27076, 331.92168,
11.308560, 1185.4937, 7.2605344, 331.37589, 333.01982,
11.317500, 1122.3485, 7.1569305, 332.47047, 334.10571,
11.326430, 1084.9782, 7.2897819, 333.55231, 335.17723,
11.335370, 1024.4413, 6.9217940, 334.62389, 336.23685,
11.344300, 977.58908, 6.5109035, 335.68307, 337.28246,
11.353230, 940.41673, 7.5056751, 336.73115, 338.31540,
11.362160, 909.83337, 7.9396127, 337.76815, 339.33571,
11.371080, 875.34486, 6.2987290, 338.79336, 340.34272,
11.380010, 844.03352, 5.9758583, 339.80889, 341.33853,
11.388930, 807.85677, 5.8931686, 340.81290, 342.32140,
11.397850, 780.97847, 6.0424505, 341.80641, 343.29235,
11.406780, 750.67329, 5.8395567, 342.79081, 344.25277,
11.415700, 729.06538, 5.5345611, 343.76389, 345.20056,
11.424610, 703.43277, 5.5672367, 344.72592, 346.13603,
11.433530, 694.66574, 5.7712690, 345.67907, 347.06133,
11.442450, 675.38553, 5.6658101, 346.62242, 347.97561,
11.451360, 642.80717, 5.2618790, 347.55508, 348.87808,
11.460270, 624.58447, 5.3625560, 348.47817, 349.76986,
11.469180, 621.04996, 5.5261313, 349.39180, 350.65111,
11.478090, 601.56235, 5.4893802, 350.29605, 351.52197,
11.487000, 579.69424, 5.2274264, 351.19103, 352.38260,
11.495910, 569.15118, 5.2963115, 352.07674, 353.23306,
11.504810, 542.13407, 5.7475338, 352.95252, 354.07277,
11.513710, 546.38417, 5.9134072, 353.81921, 354.90262,
11.522620, 526.95857, 5.1932154, 354.67801, 355.72381,
11.531520, 514.36460, 5.3682863, 355.52697, 356.53453,
11.540420, 501.81466, 5.4544610, 356.36717, 357.33591,
11.549310, 502.55143, 5.5359200, 357.19782, 358.12724,
11.558210, 497.80022, 5.4737866, 358.02085, 358.91043,
11.567100, 490.85501, 5.4183794, 358.83430, 359.68370,
11.576000, 476.74958, 5.7054648, 359.64033, 360.44917,
11.584890, 470.42955, 5.7282436, 360.43702, 361.20510,
11.593780, 467.11071, 5.5980044, 361.22529, 361.95243,
11.602670, 451.93298, 5.5254557, 362.00536, 362.69146,
11.611560, 437.88205, 5.8877742, 362.77722, 363.42224,
11.620440, 445.05220, 6.1483343, 363.54000, 364.14405,
11.629330, 433.50577, 5.9173126, 364.29557, 364.85873,
11.638210, 419.11205, 5.8060490, 365.04226, 365.56479,
11.647090, 413.47185, 6.1489964, 365.78085, 366.26306,
11.655970, 401.52756, 6.3616217, 366.51147, 366.95372,
11.664850, 404.52280, 4.9285805, 367.23421, 367.63699,
11.673730, 399.00638, 3.8979679, 367.94898, 368.31284,
11.682600, 399.66387, 4.1033295, 368.65511, 368.98074,
11.691480, 396.61835, 4.2510529, 369.35416, 369.64226,
11.700350, 391.39633, 4.3229875, 370.04464, 370.29610,
11.709220, 395.39966, 4.4619717, 370.72735, 370.94307,
11.718090, 398.06229, 4.6525889, 371.40230, 371.58332,
11.726960, 384.45515, 4.7130479, 372.06950, 372.21694,
11.735830, 390.79935, 4.9314578, 372.72898, 372.84406,
11.744690, 403.13392, 5.6042359, 373.37998, 373.46406,
11.753560, 378.64497, 4.8687516, 374.02406, 374.07852,
11.762420, 371.39298, 5.3013778, 374.65969, 374.68610,
11.771280, 360.45422, 9.0387597, 375.28771, 375.28771,
11.775020, 384.75555, 4.5090831, 375.55045, 375.53982,
11.784500, 381.19084, 4.6553017, 376.21037, 376.17413,
11.793980, 386.54315, 4.6101152, 376.86115, 376.80120,
11.803460, 392.56556, 4.9293694, 377.50273, 377.42085,
11.812940, 388.48435, 4.3291262, 378.13475, 378.03266,
11.822420, 385.94200, 4.4502161, 378.75714, 378.63648,
11.831890, 394.14860, 4.4612726, 379.36893, 379.23128,
11.841360, 403.76423, 5.3057373, 379.97060, 379.81744,
11.850840, 400.88530, 4.2944373, 380.56251, 380.39525,
11.860310, 406.78516, 4.4407172, 381.14323, 380.96324,
11.869770, 419.39502, 4.4732308, 381.71258, 381.52115,
11.879240, 414.15724, 4.2993113, 382.27144, 382.06979,
11.888710, 418.71677, 4.1813440, 382.81902, 382.60830,
11.898170, 425.64687, 4.3118891, 383.35451, 383.13586,
11.907630, 431.59055, 4.4047428, 383.87818, 383.65264,
11.917090, 437.74740, 4.2993665, 384.38987, 384.15845,
11.926550, 434.52000, 4.4088737, 384.88923, 384.65288,
11.936010, 433.58715, 4.2568175, 385.37608, 385.13572,
11.945470, 436.36067, 4.6102015, 385.85007, 385.60656,
11.954920, 449.52229, 4.3119778, 386.31051, 386.06468,
11.964370, 451.53835, 5.0896115, 386.75760, 386.51025,
11.973830, 456.90878, 4.3204750, 387.19153, 386.94343,
11.983280, 453.63866, 4.3537712, 387.61106, 387.36293,
11.992720, 448.69727, 4.2817486, 388.01593, 387.76849,
12.002170, 449.44475, 4.1841830, 388.40675, 388.16068,
12.011610, 436.73308, 4.1271074, 388.78238, 388.53835,
12.021060, 437.46626, 4.2441650, 389.14328, 388.90193,
12.030500, 435.12585, 4.2404008, 389.48838, 389.25037,
12.039940, 432.66209, 4.1081231, 389.81773, 389.58367,
12.049380, 420.08737, 3.9943765, 390.13104, 389.90157,
12.058820, 426.74683, 4.1991741, 390.42794, 390.20367,
12.068250, 428.61102, 4.2655391, 390.70782, 390.48940,
12.077690, 421.27612, 4.1656292, 390.97096, 390.75901,
12.087120, 417.78843, 4.0409656, 391.21639, 391.01156,
12.096550, 418.53485, 4.2136745, 391.44408, 391.24702,
12.105980, 415.64090, 4.2974728, 391.65365, 391.46506,
12.115410, 408.65910, 4.1807253, 391.84473, 391.66531,
12.124830, 409.05983, 4.2601149, 392.01678, 391.84725,
12.134260, 405.74158, 4.0745333, 392.16977, 392.01090,
12.143680, 410.00180, 4.4578380, 392.30298, 392.15556,
12.153100, 411.37337, 4.4162001, 392.41620, 392.28107,
12.162520, 406.38765, 4.8081325, 392.50900, 392.38706,
12.171940, 396.83198, 4.3146838, 392.58098, 392.47316,
12.181360, 405.81532, 4.5911696, 392.63172, 392.53902,
12.190770, 408.76232, 4.5955900, 392.66077, 392.58422,
12.200180, 404.41753, 4.5282456, 392.66774, 392.60846,
12.209600, 391.38905, 4.5125736, 392.65218, 392.61138,
12.219010, 385.20530, 4.5681001, 392.61366, 392.59258,
12.228420, 389.18123, 4.6319617, 392.55170, 392.55170,
12.237820, 394.70830, 4.7216939, 392.46612, 392.48856,
12.247230, 402.27464, 4.8678283, 392.35702, 392.40321,
12.256630, 410.86268, 4.8718910, 392.22509, 392.29615,
12.266040, 544.84149, 5.8448337, 392.07052, 392.16747,
12.275440, 1195.8393, 8.7070625, 391.89407, 392.01775,
12.284840, 1150.5406, 8.3626998, 391.69603, 391.84719,
12.294230, 532.77960, 5.7926653, 391.47703, 391.65626,
12.303630, 431.17320, 6.5491113, 391.23709, 391.44492,
12.313030, 419.65865, 5.8021765, 390.97677, 391.21360,
12.322420, 422.33178, 6.1049225, 390.69683, 390.96290,
12.331810, 424.76635, 4.4069941, 390.39737, 390.69287,
12.341200, 424.60575, 3.7334539, 390.07879, 390.40379,
12.350590, 434.02657, 3.9751199, 389.74146, 390.09595,
12.359980, 437.43205, 4.0454055, 389.38576, 389.76963,
12.369360, 445.45725, 4.1706200, 389.01242, 389.42548,
12.378750, 442.99115, 4.2233635, 388.62107, 389.06305,
12.388130, 448.40861, 4.2957444, 388.21282, 388.68336,
12.397510, 445.14275, 4.3491970, 387.78770, 388.28637,
12.406890, 445.94608, 4.3246370, 387.34594, 387.87226,
12.416270, 450.32928, 4.2448911, 386.88793, 387.44134,
12.425640, 449.28945, 4.1476944, 386.41451, 386.99436,
12.435020, 459.19399, 4.6888507, 385.92496, 386.53060,
12.444390, 459.93685, 4.5508372, 385.42068, 386.05135,
12.453760, 457.69088, 4.3417619, 384.90143, 385.55635,
12.463130, 465.38103, 4.5911748, 384.36751, 385.04585,
12.472500, 472.53329, 4.8207570, 383.81923, 384.52011,
12.481870, 477.73357, 5.7490714, 383.25686, 383.97936,
12.489420, 484.23038, 4.9205664, 382.79366, 383.53287,
12.499490, 493.96223, 6.0404708, 382.16219, 382.92270,
12.509550, 504.26464, 4.9014965, 381.51600, 382.29661,
12.519610, 514.86137, 4.7944392, 380.85484, 381.65432,
12.529670, 505.35378, 4.7221711, 380.17911, 380.99619,
12.539730, 515.00977, 4.9387846, 379.48898, 380.32239,
12.549780, 526.51836, 5.2010200, 378.78559, 379.63399,
12.559840, 526.96777, 4.8290923, 378.06777, 378.92983,
12.569890, 527.07175, 4.6846703, 377.33731, 378.21167,
12.579940, 522.28667, 4.7802209, 376.59379, 377.47906,
12.589990, 535.15694, 4.8584601, 375.83747, 376.73227,
12.600040, 546.08700, 4.7897036, 375.06859, 375.97151,
12.610090, 549.61577, 4.7049743, 374.28755, 375.19718,
12.620130, 564.68047, 5.8304357, 373.49540, 374.41032,
12.630170, 571.43942, 4.9003007, 372.69152, 373.61030,
12.640210, 582.15887, 4.9549740, 371.87624, 372.79748,
12.650250, 578.14876, 4.7466658, 371.04982, 371.97211,
12.660290, 579.00642, 4.7279379, 370.21261, 371.13452,
12.670330, 582.78673, 4.8023787, 369.36468, 370.28482,
12.680360, 604.59468, 4.9532371, 368.50726, 369.42424,
12.690390, 624.13231, 4.8898091, 367.63971, 368.55216,
12.700420, 627.67754, 4.8289743, 366.76219, 367.66874,
12.710450, 636.05368, 4.8939297, 365.87508, 366.77440,
12.720480, 655.44577, 5.1837928, 364.97853, 365.86929,
12.730500, 644.72678, 5.5160153, 364.07364, 364.95455,
12.740530, 664.47757, 4.9430804, 363.15888, 364.02866,
12.750550, 640.67053, 4.8063152, 362.23623, 363.09363,
12.760570, 642.82507, 4.9503989, 361.30510, 362.14892,
12.770590, 641.20351, 4.9435936, 360.36554, 361.19457,
12.780610, 642.99956, 5.3569822, 359.41782, 360.23092,
12.790620, 626.86320, 4.9023424, 358.46316, 359.25922,
12.800640, 616.80251, 4.7863884, 357.49976, 358.27766,
12.810650, 620.16962, 4.8871141, 356.52980, 357.28853,
12.820660, 602.52319, 4.8286473, 355.55249, 356.29104,
12.830670, 564.13658, 4.5213352, 354.56792, 355.28531,
12.840680, 533.29739, 4.4365513, 353.57645, 354.27177,
12.850680, 506.83656, 4.4176077, 352.57912, 353.25151,
12.860690, 489.39132, 4.4266849, 351.57421, 352.22281,
12.870690, 467.19695, 4.2685316, 350.56381, 351.18786,
12.880690, 446.53284, 4.1334840, 349.54722, 350.14599,
12.890690, 429.53598, 4.1194235, 348.52443, 349.09723,
12.900680, 414.01153, 4.2074642, 347.49678, 348.04300,
12.910680, 404.13537, 4.2174452, 346.46227, 346.98131,
12.920670, 390.99297, 3.9885943, 345.42323, 345.91459,
12.930670, 378.95800, 3.9354675, 344.37764, 344.84082,
12.940660, 373.49025, 3.9887925, 343.32774, 343.76236,
12.950640, 368.48595, 4.1310743, 342.27391, 342.67965,
12.960630, 353.71133, 3.9873587, 341.21388, 341.59041,
12.970620, 357.39900, 4.0269444, 340.14910, 340.49619,
12.980600, 354.64291, 4.0551193, 339.08064, 339.39816,
12.990580, 353.14932, 4.4210061, 338.00774, 338.29558,
13.000560, 345.99831, 4.2089202, 336.93033, 337.18844,
13.010540, 343.13823, 4.1975955, 335.84866, 336.07706,
13.020520, 339.20925, 4.2079961, 334.76285, 334.96164,
13.030490, 338.14795, 4.2567523, 333.67421, 333.84357,
13.040470, 333.14188, 4.5816930, 332.58056, 332.72069,
13.050440, 334.83971, 4.4212081, 331.48435, 331.59557,
13.060410, 336.03911, 4.4746643, 330.38455, 330.46724,
13.070380, 327.13055, 4.4094892, 329.28119, 329.33577,
13.080350, 329.12445, 4.6904034, 328.17461, 328.20160,
13.090310, 322.90115, 4.9533178, 327.06590, 327.06590,
13.100280, 329.12152, 4.7522064, 325.95306, 325.92669,
13.110240, 327.05181, 4.6860909, 324.83844, 324.78638,
13.120200, 326.03267, 4.9011792, 323.72117, 323.64409,
13.130160, 330.38583, 5.1395736, 322.60148, 322.50002,
13.140110, 332.15028, 4.1318647, 321.48076, 321.35561,
13.150070, 331.90825, 3.3243959, 320.35684, 320.20866,
13.160020, 325.59262, 3.5166842, 319.23232, 319.06179,
13.169980, 324.51600, 3.7706642, 318.10503, 317.91280,
13.179930, 329.56882, 3.6668074, 316.97755, 316.76432,
13.189870, 328.09878, 3.8864366, 315.84998, 315.61646,
13.199820, 316.66737, 3.6549925, 314.72037, 314.46723,
13.209770, 318.73550, 3.6458764, 313.58990, 313.31783,
13.219710, 321.16703, 3.6961943, 312.46006, 312.16979,
13.229650, 320.71318, 3.7562607, 311.32999, 311.02223,
13.239590, 316.78043, 3.6918829, 310.19967, 309.87514,
13.249530, 318.40372, 3.7814776, 309.06942, 308.72883,
13.259470, 311.34847, 3.9797433, 307.93944, 307.58353,
13.269410, 315.16007, 4.1022055, 306.80993, 306.43945,
13.279340, 316.74059, 4.1700713, 305.68229, 305.29800,
13.289270, 317.42808, 4.3741346, 304.55543, 304.15807,
13.299200, 319.00440, 4.3458786, 303.42976, 303.02011,
13.309130, 312.52782, 5.2639257, 302.30539, 301.88420,
13.318260, 308.75089, 3.7546608, 301.27283, 300.84172,
13.328980, 310.65433, 3.6267247, 300.06232, 299.62041,
13.339690, 309.93710, 3.8305566, 298.85522, 298.40344,
13.350400, 306.03995, 3.6963663, 297.65061, 297.18989,
13.361120, 306.70335, 3.6673881, 296.44758, 295.97883,
13.371830, 308.32040, 3.4966860, 295.24874, 294.77292,
13.382530, 306.66978, 3.5062816, 294.05424, 293.57230,
13.393240, 308.16733, 3.5575156, 292.86222, 292.37510,
13.403940, 310.80128, 3.5907010, 291.67508, 291.18374,
13.414650, 314.92708, 4.3637697, 290.49096, 289.99636,
13.425350, 312.50910, 3.4587382, 289.31225, 288.81534,
13.436050, 311.55413, 3.4307829, 288.13816, 287.63992,
13.446740, 310.68501, 3.5068252, 286.97012, 286.47149,
13.457440, 321.16820, 3.6010934, 285.80611, 285.30806,
13.468130, 325.77483, 3.5165080, 284.64870, 284.15217,
13.478830, 328.26600, 3.4284390, 283.49589, 283.00185,
13.489520, 323.30888, 3.3945142, 282.35023, 281.85962,
13.500200, 324.48212, 3.5517749, 281.21190, 280.72564,
13.510890, 325.35240, 3.5017693, 280.07914, 279.59818,
13.521570, 339.68406, 3.5245744, 278.95428, 278.47953,
13.532260, 345.00340, 3.4858761, 277.83561, 277.36797,
13.542940, 344.96434, 3.5309828, 276.72542, 276.26579,
13.553620, 342.93807, 3.6443921, 275.62301, 275.17226,
13.564290, 337.36880, 3.7222298, 274.52977, 274.08875,
13.574970, 330.20290, 3.4554304, 273.44386, 273.01340,
13.585640, 327.19677, 3.3613976, 272.36773, 271.94864,
13.596320, 329.34325, 3.4847755, 271.29957, 270.89266,
13.606990, 324.45195, 3.5459731, 270.24183, 269.84783,
13.617650, 322.13380, 4.0085690, 269.19469, 268.81433,
13.628320, 311.69592, 3.3851645, 268.15662, 267.79060,
13.638980, 308.15733, 3.3743392, 267.12982, 266.77879,
13.649650, 299.58092, 3.4181394, 266.11279, 265.77739,
13.660310, 296.95290, 3.4856089, 265.10770, 264.78848,
13.670970, 292.48528, 3.6877190, 264.11398, 263.81149,
13.681630, 287.67255, 3.2619095, 263.13200, 262.84672,
13.692280, 288.67417, 3.7284507, 262.16306, 261.89541,
13.702940, 282.54058, 3.2995359, 261.20563, 260.95601,
13.713590, 278.77973, 3.3889924, 260.26197, 260.03069,
13.724240, 273.11693, 3.2638134, 259.33143, 259.11874,
13.734890, 270.69618, 3.1626598, 258.41455, 258.22066,
13.745530, 267.40215, 3.1386226, 257.51247, 257.33747,
13.756180, 261.29257, 3.1848669, 256.62394, 256.46792,
13.766820, 263.48669, 3.2392760, 255.75099, 255.61390,
13.777460, 264.91911, 3.2460093, 254.89321, 254.77494,
13.788100, 252.49200, 3.0624528, 254.05103, 253.95140,
13.798740, 246.34275, 3.0318753, 253.22488, 253.14360,
13.809380, 250.16955, 3.2347285, 252.41526, 252.35196,
13.820010, 249.37295, 3.2602296, 251.62318, 251.57736,
13.830640, 249.82491, 3.2017628, 250.84850, 250.81958,
13.841270, 250.71310, 3.2095341, 250.09154, 250.07883,
13.851900, 246.47245, 3.1686201, 249.35290, 249.35559,
13.862530, 249.56997, 3.9669416, 248.63272, 248.64993,
13.873150, 250.81283, 3.7582607, 247.93117, 247.96209,
13.883780, 245.93913, 3.4086068, 247.24647, 247.29036,
13.894400, 246.98119, 3.3199962, 246.57935, 246.63551,
13.905020, 242.56095, 3.4076070, 245.92866, 245.99648,
13.915640, 247.56620, 3.4756435, 245.29391, 245.37281,
13.926250, 247.80490, 3.5485187, 244.67515, 244.76462,
13.936870, 253.96157, 3.5822059, 244.07085, 244.17042,
13.947480, 248.29627, 3.5133769, 243.48151, 243.59073,
13.958090, 250.97175, 3.6466751, 242.90622, 243.02470,
13.968700, 256.95325, 3.8700330, 242.34440, 242.47178,
13.979310, 253.36512, 3.9968183, 241.79571, 241.93165,
13.989910, 247.47312, 3.8417251, 241.26012, 241.40431,
14.000520, 244.76670, 3.8548149, 240.73623, 240.88838,
14.011120, 245.14200, 3.9376404, 240.22455, 240.38438,
14.021720, 247.39018, 4.3108319, 239.72415, 239.89141,
14.032320, 245.18740, 4.2059167, 239.23464, 239.40907,
14.042920, 243.67686, 4.1056503, 238.75557, 238.93694,
14.053510, 248.19247, 4.2828402, 238.28700, 238.47506,
14.064110, 248.61353, 4.2792496, 237.82759, 238.02211,
14.074700, 236.40467, 4.5777901, 237.37781, 237.57855,
14.085290, 234.38107, 4.6557749, 236.93687, 237.14358,
14.095870, 245.34540, 3.5640766, 236.50473, 236.71717,
14.106460, 246.28605, 3.0289892, 236.08022, 236.29812,
14.117040, 240.79128, 2.9131864, 235.66372, 235.88681,
14.127630, 240.42467, 3.1613609, 235.25405, 235.48205,
14.138210, 251.99425, 3.2745325, 234.85165, 235.08426,
14.148790, 244.18907, 3.3481305, 234.45573, 234.69263,
14.159370, 249.11295, 3.7269585, 234.06592, 234.30677,
14.169940, 246.75788, 3.6694154, 233.68222, 233.92667,
14.180520, 243.03514, 5.6093424, 233.30352, 233.55117,
14.182090, 254.61780, 3.3615621, 233.24777, 233.49586,
14.193560, 262.22342, 3.3155267, 232.84363, 233.09467,
14.205030, 262.29897, 3.4349718, 232.44483, 232.69829,
14.216500, 265.43515, 3.5727906, 232.05096, 232.30629,
14.227970, 263.45107, 3.5489787, 231.66154, 231.91815,
14.239430, 266.97935, 3.4291263, 231.27644, 231.53368,
14.250890, 255.68253, 3.2544572, 230.89491, 231.15212,
14.262350, 251.90425, 3.3592755, 230.51644, 230.77290,
14.273810, 249.68360, 3.4393666, 230.14062, 230.39557,
14.285270, 249.29365, 3.4549667, 229.76704, 230.01967,
14.296730, 244.75017, 3.2379827, 229.39518, 229.64465,
14.308180, 242.95510, 3.2078383, 229.02499, 229.27039,
14.319630, 238.27633, 3.5307941, 228.65567, 228.89607,
14.331080, 240.03600, 3.4962075, 228.28677, 228.52116,
14.342530, 232.04602, 3.3122739, 227.91789, 228.14525,
14.353970, 235.69875, 3.0420708, 227.54891, 227.76816,
14.365410, 237.43538, 3.1859260, 227.17902, 227.38903,
14.376860, 236.85567, 3.2601051, 226.80751, 227.00708,
14.388300, 228.33000, 3.1998925, 226.43455, 226.62246,
14.399730, 226.19072, 3.0189202, 226.05975, 226.23473,
14.411170, 226.47270, 2.9496471, 225.68196, 225.84268,
14.422600, 225.15738, 3.2636210, 225.30144, 225.44655,
14.434030, 219.53185, 3.5226028, 224.91740, 225.04549,
14.445460, 226.14835, 3.0249875, 224.52937, 224.63897,
14.456890, 217.95600, 2.9401268, 224.13696, 224.22657,
14.468320, 220.77303, 2.8448688, 223.73968, 223.80777,
14.479740, 225.46077, 2.7882778, 223.33743, 223.38242,
14.491160, 222.45225, 2.7446054, 222.92942, 222.94969,
14.502580, 220.70930, 2.8923494, 222.51523, 222.50912,
14.514000, 220.19355, 2.8720617, 222.09462, 222.06052,
14.525420, 224.52782, 4.9021148, 221.66810, 221.60458,
14.536830, 221.85688, 2.7300371, 221.23657, 221.14248,
14.548240, 218.95365, 2.8318973, 220.80019, 220.67457,
14.559650, 219.68148, 3.2977777, 220.35943, 220.20155,
14.571060, 215.64338, 3.2233465, 219.91489, 219.72425,
14.582470, 213.12940, 3.2919592, 219.46704, 219.24339,
14.593870, 216.70847, 3.4123739, 219.01678, 218.76011,
14.605270, 214.47213, 2.8783591, 218.56425, 218.27475,
14.616670, 214.26102, 2.8866136, 218.11000, 217.78812,
14.628070, 217.49413, 3.5722975, 217.65446, 217.30085,
14.639470, 212.42410, 3.4849312, 217.19818, 216.81376,
14.650860, 215.38635, 2.7543145, 216.74209, 216.32801,
14.662260, 213.95015, 2.7687585, 216.28585, 215.84347,
14.673650, 210.67745, 2.8611348, 215.83082, 215.36176,
14.685040, 210.51265, 2.8142729, 215.37704, 214.88315,
14.696420, 208.48180, 2.7569525, 214.92551, 214.40890,
14.707810, 210.28341, 2.7203195, 214.47583, 213.93879,
14.719190, 209.39920, 2.6687680, 214.02943, 213.47451,
14.730570, 209.91062, 2.6598016, 213.58631, 213.01630,
14.741950, 211.46142, 2.8506702, 213.14703, 212.56494,
14.753330, 211.26817, 2.8429151, 212.71211, 212.12119,
14.764700, 215.15482, 2.8656380, 212.28245, 211.68618,
14.776080, 212.67139, 2.7879086, 211.85778, 211.25986,
14.787450, 206.43155, 2.7374353, 211.43941, 210.84378,
14.798820, 209.81940, 3.0083096, 211.02747, 210.43829,
14.810190, 209.49377, 2.9381932, 210.62246, 210.04412,
14.821550, 214.33845, 2.9799493, 210.22530, 209.66239,
14.832920, 210.96162, 2.9636535, 209.83582, 209.29321,
14.844280, 209.70067, 2.9413545, 209.45523, 208.93795,
14.855640, 204.17480, 3.0798199, 209.08374, 208.59707,
14.866990, 207.55202, 3.2436674, 208.72222, 208.27161,
14.878350, 211.53032, 3.2108078, 208.37057, 207.96176,
14.889710, 207.68863, 3.2490451, 208.02967, 207.66860,
14.901060, 202.15358, 3.3211987, 207.70040, 207.39315,
14.912410, 206.87875, 3.4676234, 207.38300, 207.13591,
14.923760, 201.44775, 3.6394985, 207.07804, 206.89765,
14.935100, 210.49687, 3.9025680, 206.78640, 206.67939,
14.946450, 202.95045, 3.5279600, 206.50809, 206.48149,
14.957790, 205.49612, 3.6133292, 206.24427, 206.30502,
14.969130, 209.00563, 3.7161912, 205.99558, 206.14948,
14.980470, 210.02497, 3.7663606, 205.76303, 206.01390,
14.991810, 208.95815, 4.0731145, 205.54771, 205.89733,
15.003140, 209.71925, 4.1653339, 205.35083, 205.79891,
15.014480, 208.83607, 3.8792186, 205.17317, 205.71753,
15.025810, 208.93940, 4.0784217, 205.01607, 205.65236,
15.037140, 209.80405, 4.0484804, 204.88051, 205.60242,
15.048460, 211.07333, 4.2293592, 204.76767, 205.56678,
15.059790, 211.32613, 4.4966647, 204.67848, 205.54445,
15.071110, 209.86585, 4.0363202, 204.61422, 205.53455,
15.082440, 206.34905, 3.3565241, 204.57594, 205.53615,
15.093750, 204.06683, 2.7360359, 204.56486, 205.54828,
15.105070, 201.13903, 2.8385900, 204.58209, 205.57008,
15.116390, 209.01005, 3.0994921, 204.62885, 205.60060,
15.127700, 209.82067, 3.3463675, 204.70624, 205.63890,
15.139020, 209.09790, 3.3131802, 204.81566, 205.68414,
15.150330, 206.55865, 3.0244413, 204.95811, 205.73533,
15.162390, 201.87112, 3.6091934, 205.14795, 205.79549,
15.174730, 208.27367, 3.5046610, 205.38429, 205.86189,
15.187070, 201.17260, 3.4881050, 205.66486, 205.93200,
15.199410, 201.00115, 3.6763878, 205.99141, 206.00467,
15.211740, 206.76720, 3.6924602, 206.36468, 206.07882,
15.224080, 212.69025, 3.6749044, 206.78364, 206.15435,
15.236410, 206.45880, 3.4172524, 207.24502, 206.23108,
15.248740, 215.41172, 3.4499475, 207.74667, 206.30908,
15.261060, 215.97260, 3.6864090, 208.28564, 206.38824,
15.273390, 214.52637, 3.6834311, 208.86042, 206.46868,
15.285710, 212.87682, 3.6671334, 209.46766, 206.55025,
15.298030, 212.98260, 3.4196764, 210.10536, 206.63299,
15.310350, 214.76818, 3.3698143, 210.77122, 206.71689,
15.322660, 212.66728, 3.4782481, 211.46227, 206.80185,
15.334980, 207.48302, 3.3597147, 212.17727, 206.88798,
15.347290, 207.41783, 3.3328577, 212.91280, 206.97514,
15.359600, 215.05315, 3.2220376, 213.66712, 207.06337,
15.371900, 212.23682, 2.9994247, 214.43726, 207.15258,
15.384210, 216.45575, 3.1429514, 215.22226, 207.24290,
15.396510, 208.16588, 3.5639557, 216.01857, 207.33416,
15.408810, 219.60640, 3.5064601, 216.82448, 207.42642,
15.421110, 221.00968, 3.2184360, 217.63787, 207.51966,
15.433410, 216.38042, 2.9649911, 218.45635, 207.61386,
15.445700, 222.05450, 3.0474232, 219.27712, 207.70894,
15.457990, 219.50155, 3.1761152, 220.09857, 207.80494,
15.470280, 217.13013, 3.4396555, 220.91846, 207.90185,
15.482570, 222.38710, 3.2298509, 221.73456, 207.99966,
15.494860, 218.29977, 3.1911246, 222.54462, 208.09834,
15.507140, 219.45793, 3.0940376, 223.34580, 208.19782,
15.519420, 215.83520, 3.2537940, 224.13641, 208.29813,
15.531700, 226.66490, 3.3120519, 224.91433, 208.39928,
15.543980, 219.54298, 3.3513288, 225.67718, 208.50124,
15.556260, 225.77942, 3.0998478, 226.42281, 208.60401,
15.568530, 226.32748, 2.9320662, 227.14827, 208.70748,
15.580800, 225.38503, 2.9110209, 227.85192, 208.81172,
15.593070, 230.22530, 3.0913131, 228.53147, 208.91671,
15.605340, 227.45255, 3.0890106, 229.18465, 209.02245,
15.617600, 231.23898, 3.0584356, 229.81049, 209.12883,
15.629860, 233.70680, 2.9365633, 230.41107, 209.23592,
15.642120, 232.21860, 2.8884361, 230.98818, 209.34372,
15.654380, 232.59418, 3.5979804, 231.54342, 209.45220,
15.666640, 235.72985, 3.3100872, 232.07855, 209.56136,
15.678890, 237.94340, 3.1916513, 232.59477, 209.67109,
15.691140, 237.85770, 3.0967077, 233.09417, 209.78146,
15.703390, 237.46292, 2.9424389, 233.57841, 209.89247,
15.715640, 242.01767, 3.0965842, 234.04909, 210.00410,
15.727890, 239.67865, 3.1601382, 234.50785, 210.11635,
15.740130, 240.78822, 3.2107499, 234.95593, 210.22910,
15.752370, 245.30353, 3.1630410, 235.39528, 210.34243,
15.764610, 250.17772, 3.4380508, 235.82756, 210.45634,
15.776850, 253.87787, 2.9852059, 236.25428, 210.57080,
15.789090, 250.30758, 2.9943175, 236.67709, 210.68583,
15.801320, 251.65938, 3.0400055, 237.09719, 210.80129,
15.813550, 256.94133, 3.1985107, 237.51653, 210.91728,
15.825780, 259.99858, 3.0774886, 237.93666, 211.03379,
15.838010, 262.33090, 3.0645717, 238.35918, 211.15080,
15.850230, 260.89962, 3.0999616, 238.78533, 211.26822,
15.862450, 256.20900, 3.1680369, 239.21698, 211.38611,
15.874670, 261.33839, 3.4815878, 239.65578, 211.50448,
15.886890, 259.15703, 3.4180922, 240.10328, 211.62331,
15.899110, 266.29369, 3.4833385, 240.56104, 211.74259,
15.911320, 260.24318, 3.5618327, 241.03032, 211.86221,
15.923540, 260.45322, 3.4451851, 241.51349, 211.98237,
15.935750, 259.98455, 3.6834964, 242.01133, 212.10285,
15.947960, 256.76695, 3.8217439, 242.52588, 212.22374,
15.960160, 255.58834, 3.8457119, 243.05834, 212.34493,
15.972370, 256.21105, 3.9758280, 243.61119, 212.46661,
15.984570, 256.03846, 3.7526484, 244.18516, 212.58857,
15.996770, 259.79759, 3.8552053, 244.78244, 212.71091,
16.008961, 258.59037, 3.9834777, 245.40416, 212.83352,
16.021160, 261.90008, 4.1348751, 246.05294, 212.95657,
16.033350, 265.21389, 4.2508058, 246.72953, 213.07987,
16.045549, 253.32680, 3.8656950, 247.43670, 213.20360,
16.057739, 258.46303, 4.2633565, 248.17509, 213.32756,
16.069920, 261.71632, 4.0212947, 248.94641, 213.45174,
16.082109, 247.39740, 3.9381301, 249.75363, 213.57633,
16.094290, 249.50730, 3.9525683, 250.59731, 213.70112,
16.106470, 255.63056, 4.4552792, 251.47988, 213.82620,
16.118650, 247.77322, 3.9893137, 252.40320, 213.95157,
16.130831, 246.98737, 4.1408866, 253.36915, 214.07721,
16.143009, 249.25290, 4.1087889, 254.37947, 214.20309,
16.155180, 248.04362, 4.2693838, 255.43556, 214.32916,
16.167351, 255.00780, 4.5813791, 256.54000, 214.45547,
16.179520, 256.50600, 5.8146968, 257.69460, 214.58201,
16.191681, 254.91930, 8.0298884, 258.90076, 214.70870,
16.203850, 260.03382, 4.9737694, 260.16206, 214.83569,
16.216009, 258.79155, 5.7733205, 261.47878, 214.96281,
16.228170, 264.78070, 5.0262098, 262.85394, 215.09015,
16.240330, 264.84775, 5.4760643, 264.28561, 215.21767,
16.252489, 275.41463, 5.1626356, 265.77039, 215.34538,
16.264641, 274.07785, 5.3439377, 267.30372, 215.47321,
16.276791, 286.05550, 5.5477664, 268.88270, 215.60118,
16.288950, 289.67390, 5.0645969, 270.50532, 215.72943,
16.301090, 299.79588, 5.6427785, 272.16422, 215.85765,
16.313240, 325.93481, 7.2377024, 273.85978, 215.98611,
16.325380, 330.23252, 6.0723054, 275.58589, 216.11463,
16.337530, 337.67620, 4.1933918, 277.34182, 216.24338,
16.349670, 358.73118, 3.9246081, 279.12142, 216.37217,
16.361799, 380.59657, 3.9163720, 280.92094, 216.50096,
16.373940, 413.22321, 4.2303547, 282.74041, 216.62999,
16.386070, 448.98985, 4.6661006, 284.57331, 216.75903,
16.398211, 468.96122, 4.9439600, 286.41918, 216.88827,
16.410339, 481.21823, 4.8434870, 288.27148, 217.01749,
16.422461, 484.98258, 5.2146911, 290.12742, 217.14671,
16.434589, 488.26089, 5.2450555, 291.98602, 217.27610,
16.446711, 483.43690, 5.4463051, 293.84161, 217.40548,
16.458839, 476.45162, 5.7308826, 295.69319, 217.53501,
16.470961, 450.34418, 5.8492403, 297.53509, 217.66452,
16.483070, 437.05618, 5.1288986, 299.36343, 217.79396,
16.495190, 428.67580, 7.4151429, 301.17803, 217.92354,
16.500280, 415.78773, 5.7951395, 301.93492, 217.97799,
16.513599, 395.79948, 5.5452033, 303.89792, 218.12046,
16.526911, 390.09307, 4.8694260, 305.83124, 218.26289,
16.540211, 375.47320, 4.8749068, 307.72993, 218.40522,
16.553520, 363.48437, 4.7670628, 309.59248, 218.54766,
16.566820, 357.91345, 4.6449832, 311.41167, 218.69001,
16.580120, 337.60030, 4.3810931, 313.18431, 218.83236,
16.593420, 332.35510, 4.0031321, 314.90578, 218.97469,
16.606710, 334.60660, 3.9341486, 316.57029, 219.11690,
16.620001, 330.10593, 3.8481759, 318.17443, 219.25908,
16.633301, 323.38567, 3.9000132, 319.71455, 219.40132,
16.646589, 331.88330, 4.1226534, 321.18347, 219.54339,
16.659870, 325.39295, 3.9483970, 322.57697, 219.68532,
16.673149, 325.03197, 3.8750907, 323.89087, 219.82715,
16.686440, 323.31920, 3.9147887, 325.12146, 219.96904,
16.699711, 327.42561, 3.9958766, 326.26177, 220.11063,
16.712990, 325.61903, 4.2190469, 327.31684, 220.25220,
16.726271, 329.79550, 4.2402757, 328.29244, 220.39369,
16.739540, 323.66477, 4.1897219, 329.19397, 220.53495,
16.752810, 323.23630, 3.8389536, 330.02852, 220.67608,
16.766081, 325.84328, 3.6662859, 330.80239, 220.81709,
16.779341, 326.96147, 3.7472240, 331.52099, 220.95784,
16.792601, 317.73690, 4.0569131, 332.19109, 221.09844,
16.805870, 326.85348, 3.9443895, 332.81917, 221.23897,
16.819120, 325.46259, 4.6249400, 333.40993, 221.37913,
16.832380, 324.35071, 3.7636205, 333.97067, 221.51921,
16.845631, 325.46362, 3.6455126, 334.50653, 221.65900,
16.858891, 318.15115, 3.7771663, 335.02422, 221.79868,
16.872141, 326.58662, 4.0336926, 335.52891, 221.93806,
16.885380, 329.00655, 4.0514752, 336.02647, 222.07709,
16.898630, 328.42600, 3.8577383, 336.52365, 222.21601,
16.911869, 326.48772, 3.5983571, 337.02548, 222.35457,
16.925110, 336.25112, 3.5249174, 337.53835, 222.49290,
16.938351, 332.24163, 3.5740731, 338.06810, 222.63097,
16.951580, 337.57995, 3.8747907, 338.62013, 222.76865,
16.964821, 338.27693, 3.7903457, 339.19786, 222.90616,
16.978050, 351.11580, 4.3808181, 339.79300, 223.04327,
16.991270, 355.86348, 3.6699244, 340.39664, 223.17997,
17.004499, 375.13828, 3.7593447, 341.00071, 223.31646,
17.017719, 504.99311, 4.4196585, 341.59539, 223.45253,
17.030951, 1053.6850, 6.6815073, 342.17268, 223.58838,
17.044161, 1154.9724, 7.4388008, 342.72222, 223.72368,
17.057381, 490.51705, 4.8082070, 343.23636, 223.85871,
17.070601, 358.92615, 4.0969437, 343.70568, 223.99338,
17.083811, 355.42293, 3.8716171, 344.12087, 224.12757,
17.097019, 354.75815, 3.7762504, 344.47319, 224.26136,
17.110229, 359.36347, 4.0903112, 344.75363, 224.39476,
17.123430, 348.27762, 4.1442726, 344.95289, 224.52766,
17.136641, 346.39077, 4.0221095, 345.06202, 224.66023,
17.149839, 350.56902, 3.9931948, 345.07163, 224.79226,
17.163040, 340.41496, 3.9676360, 344.97248, 224.92385,
17.176229, 337.93732, 3.8626588, 344.75539, 225.05488,
17.189430, 337.89202, 4.2923985, 344.41049, 225.18555,
17.202620, 339.94088, 4.2907170, 343.92880, 225.31562,
17.215811, 341.58752, 4.3220253, 343.30029, 225.44522,
17.229000, 341.46010, 4.3344162, 342.51536, 225.57429,
17.242180, 341.21627, 4.0427661, 341.56480, 225.70275,
17.255369, 342.71877, 4.2286012, 340.44255, 225.83078,
17.268551, 341.60034, 4.2939758, 339.15833, 225.95818,
17.281719, 341.03877, 4.1092324, 337.72320, 226.08491,
17.294901, 353.07343, 4.2892507, 336.14429, 226.21118,
17.308069, 361.33363, 4.3959468, 334.43468, 226.33675,
17.321251, 355.92247, 4.1990020, 332.60074, 226.46185,
17.334410, 366.61015, 4.2720518, 330.65734, 226.58612,
17.347580, 372.33771, 4.7392416, 328.60917, 226.70988,
17.360750, 368.96350, 4.6475957, 326.46742, 226.83300,
17.373911, 385.28298, 5.2669260, 324.24323, 226.95538,
17.387070, 369.28413, 5.1815038, 321.94480, 227.07707,
17.400230, 362.26177, 4.8316253, 319.58082, 227.19810,
17.413380, 355.93195, 5.0217186, 317.16302, 227.31834,
17.426540, 358.65585, 4.9037825, 314.69646, 227.43796,
17.439690, 339.62835, 5.0586568, 312.19461, 227.55676,
17.452841, 328.53013, 5.1665344, 309.66416, 227.67484,
17.465981, 319.69218, 6.1835227, 307.11684, 227.79205,
17.479130, 323.58490, 5.6048435, 304.55770, 227.90859,
17.492270, 314.91252, 4.7936210, 301.99959, 228.02425,
17.505409, 302.63667, 4.6834981, 299.44974, 228.13910,
17.518551, 303.85281, 4.8980511, 296.91690, 228.25316,
17.531679, 300.38208, 4.9816812, 294.41310, 228.36626,
17.544821, 294.92085, 5.1063018, 291.94238, 228.47863,
17.557949, 277.82135, 5.0803007, 289.51893, 228.59001,
17.571079, 290.92557, 5.1677800, 287.14904, 228.70053,
17.584200, 286.87174, 5.0596043, 284.84395, 228.81006,
17.597330, 276.95549, 5.2476682, 282.60957, 228.91875,
17.610451, 281.15700, 5.1734765, 280.45745, 229.02641,
17.623569, 274.83998, 5.8358028, 278.38711, 229.13311,
17.636690, 291.37143, 5.5480162, 276.39553, 229.23885,
17.649799, 286.04140, 5.3804324, 274.48224, 229.34349,
17.662910, 285.25700, 5.8099439, 272.64289, 229.44715,
17.676029, 308.57514, 5.6594190, 270.87445, 229.54982,
17.689131, 300.84548, 5.4750005, 269.17798, 229.65131,
17.702240, 289.58140, 6.1600587, 267.54800, 229.75179,
17.715349, 301.66862, 6.0517143, 265.98340, 229.85117,
17.728451, 298.13523, 7.4668296, 264.48295, 229.94939,
17.741550, 290.37207, 5.8211835, 263.04391, 230.04645,
17.754641, 291.86169, 6.2621751, 261.66504, 230.14229,
17.767740, 294.58847, 15.755057, 260.34241, 230.23702,
17.780830, 289.11828, 10.050884, 259.07603, 230.33049,
17.793921, 301.49717, 17.330251, 257.86307, 230.42273,
17.807011, 304.10389, 4.2515851, 256.70172, 230.51373,
17.820101, 301.60003, 4.3925529, 255.59020, 230.60347,
17.833179, 292.14905, 4.4223775, 254.52768, 230.69184,
17.846270, 281.49844, 3.9079028, 253.51060, 230.77897,
17.859341, 277.74217, 4.7299114, 252.53961, 230.86465,
17.872419, 271.52709, 5.1774207, 251.61105, 230.94901,
17.885500, 271.00570, 4.9309354, 250.72375, 231.03200,
17.898569, 277.66790, 5.1474810, 249.87702, 231.11351,
17.911640, 273.50214, 5.0670003, 249.06840, 231.19359,
17.924709, 262.68715, 4.8217593, 248.29661, 231.27221,
17.937780, 276.26538, 8.0035583, 247.55995, 231.34934,
17.941250, 271.24328, 4.7420739, 247.37014, 231.36956,
17.955721, 254.48903, 4.5696830, 246.60354, 231.45274,
17.970181, 258.08213, 4.3739699, 245.87650, 231.53396,
17.984650, 246.52130, 4.3500559, 245.18603, 231.61329,
17.999109, 248.58127, 4.9748144, 244.53120, 231.69058,
18.013571, 250.16883, 5.9129711, 243.90961, 231.76588,
18.028021, 245.78660, 4.3550520, 243.32000, 231.83905,
18.042480, 243.49078, 4.1995437, 242.75973, 231.91018,
18.056931, 237.07285, 3.9958931, 242.22780, 231.97913,
18.071381, 241.64188, 3.7456442, 241.72210, 232.04589,
18.085819, 234.41975, 3.9363014, 241.24131, 232.11038,
18.100269, 241.92780, 4.0792374, 240.78298, 232.17266,
18.114710, 246.11040, 4.3647934, 240.34623, 232.23260,
18.129150, 239.84342, 4.0079604, 239.92952, 232.29017,
18.143579, 238.92348, 4.0473823, 239.53204, 232.34531,
18.158020, 237.28075, 4.0384636, 239.15206, 232.39804,
18.172449, 238.89635, 4.0277072, 238.78909, 232.44824,
18.186880, 235.88723, 3.9317749, 238.44173, 232.49591,
18.201300, 239.12803, 4.1461968, 238.10921, 232.54095,
18.215719, 240.33548, 3.9019891, 237.79022, 232.58336,
18.230150, 234.83648, 3.7877426, 237.48348, 232.62311,
18.244560, 233.10980, 3.6158404, 237.18866, 232.66006,
18.258980, 232.98640, 3.7949051, 236.90412, 232.69425,
18.273390, 236.83043, 3.9901837, 236.62923, 232.72557,
18.287800, 232.01332, 4.2646394, 236.36281, 232.75399,
18.302210, 242.27080, 4.3481829, 236.10389, 232.77945,
18.316620, 238.16255, 3.6776443, 235.85149, 232.80190,
18.331020, 232.96432, 3.4699311, 235.60480, 232.82127,
18.345421, 237.13705, 3.5140167, 235.36270, 232.83751,
18.359819, 231.01283, 3.5179012, 235.12426, 232.85057,
18.374210, 235.64463, 3.9733761, 234.88861, 232.86037,
18.388611, 233.00260, 3.8332021, 234.65454, 232.86687,
18.403000, 230.75555, 3.6451707, 234.42142, 232.86999,
18.417379, 225.50060, 3.8056669, 234.18829, 232.86968,
18.431770, 229.46992, 3.6397083, 233.95385, 232.86587,
18.446150, 229.95583, 3.6101432, 233.71753, 232.85849,
18.460529, 225.56408, 3.7137154, 233.47820, 232.84749,
18.474911, 231.46100, 3.9694946, 233.23488, 232.83278,
18.489281, 236.24820, 4.4251169, 232.98684, 232.81431,
18.503660, 236.02122, 3.9465288, 232.73276, 232.79199,
18.518030, 226.16395, 3.4571407, 232.47254, 232.76581,
18.532391, 237.13190, 3.6305656, 232.20669, 232.73582,
18.546761, 232.40205, 3.7240731, 231.93548, 232.70202,
18.561119, 227.41022, 3.9491882, 231.65993, 232.66453,
18.575480, 233.83335, 5.2322099, 231.38037, 232.62335,
18.589840, 241.09572, 4.0016148, 231.09746, 232.57852,
18.604191, 232.47142, 3.5805213, 230.81198, 232.53014,
18.618549, 244.52595, 3.5654297, 230.52420, 232.47818,
18.632900, 233.09305, 3.3572383, 230.23500, 232.42274,
18.647240, 240.70678, 3.6389960, 229.94507, 232.36389,
18.661591, 239.24855, 3.8466213, 229.65454, 232.30156,
18.675930, 228.16730, 3.8426033, 229.36445, 232.23589,
18.690269, 233.58545, 4.0618485, 229.07518, 232.16687,
18.704611, 250.16863, 4.1364935, 228.78727, 232.09453,
18.718941, 243.79137, 3.9070660, 228.50158, 232.01898,
18.733271, 231.08585, 3.7367377, 228.21847, 231.94018,
18.747601, 237.53240, 4.0346652, 227.93855, 231.85817,
18.761930, 242.14595, 4.4075733, 227.66241, 231.77297,
18.776260, 247.22772, 4.4166821, 227.39065, 231.68463,
18.790581, 242.44092, 4.2046050, 227.12406, 231.59322,
18.804899, 239.08937, 4.1629650, 226.86309, 231.49874,
18.819220, 244.34512, 4.0196891, 226.60829, 231.40118,
18.833530, 250.08635, 4.1661651, 226.36048, 231.30064,
18.847839, 243.54502, 4.3385770, 226.12014, 231.19711,
18.862150, 242.99185, 4.4784907, 225.88784, 231.09057,
18.876459, 250.76477, 4.8380078, 225.66428, 230.98107,
18.890770, 249.54458, 4.3312760, 225.45004, 230.86862,
18.905069, 253.13975, 4.3901001, 225.24596, 230.75333,
18.919371, 251.79672, 4.2846058, 225.05251, 230.63511,
18.933670, 259.29835, 4.8606469, 224.87041, 230.51403,
18.947960, 259.48849, 4.5672666, 224.70042, 230.39016,
18.962250, 253.21600, 4.6448080, 224.54311, 230.26343,
18.976540, 250.13295, 5.4301951, 224.39917, 230.13387,
18.990829, 245.66548, 4.8846733, 224.26931, 230.00149,
19.005119, 246.38135, 4.7742938, 224.15427, 229.86629,
19.019400, 241.07150, 4.9441529, 224.05483, 229.72839,
19.033680, 241.35775, 4.4190927, 223.97167, 229.58771,
19.047960, 237.56740, 4.5791074, 223.90554, 229.44424,
19.062229, 236.36507, 5.1923203, 223.85726, 229.29813,
19.076500, 241.73167, 7.4430145, 223.82756, 229.14925,
19.090771, 227.84990, 5.3984813, 223.81724, 228.99761,
19.105040, 231.99045, 5.3063341, 223.82714, 228.84326,
19.119310, 242.39482, 4.8954272, 223.85810, 228.68614,
19.133570, 230.98563, 5.1216023, 223.91092, 228.52642,
19.147829, 222.70135, 5.9448941, 223.98651, 228.36398,
19.162090, 227.08623, 5.4642936, 224.08576, 228.19878,
19.176340, 235.52132, 6.2094401, 224.20949, 228.03100,
19.190599, 231.49380, 5.8902171, 224.35881, 227.86039,
19.204849, 230.89082, 5.5371704, 224.53448, 227.68716,
19.219101, 230.77940, 5.3333860, 224.73759, 227.51119,
19.233339, 226.12565, 5.1136072, 224.96891, 227.33266,
19.247580, 223.48978, 5.8177703, 225.22968, 227.15139,
19.261820, 218.96557, 5.3119324, 225.52092, 226.96738,
19.276060, 223.27187, 6.5172526, 225.84371, 226.78064,
19.290300, 234.63400, 6.5512091, 226.19916, 226.59116,
19.304529, 218.83082, 5.6670816, 226.58808, 226.39908,
19.318760, 230.85973, 7.2947910, 227.01196, 226.20422,
19.332991, 227.64140, 6.9431871, 227.47194, 226.00660,
19.347219, 230.32395, 5.6093048, 227.96919, 225.80624,
19.361441, 225.86490, 6.5957604, 228.50471, 225.60320,
19.375660, 233.72975, 7.2945023, 229.07997, 225.39739,
19.389879, 217.24688, 6.8737204, 229.69636, 225.18878,
19.404100, 232.88288, 7.5044994, 230.35533, 224.97733,
19.418310, 245.89163, 9.7171299, 231.05761, 224.76321,
19.432520, 222.48132, 7.0984150, 231.80513, 224.54624,
