# wave, flux, fluxerr, continuum, continuum_plateau
9.9725246, 208.75748, 4.0089113, 238.21917, 238.10256,
9.9806166, 215.72170, 3.9316521, 236.90543, 236.80784,
9.9887066, 216.29765, 3.6899608, 235.64484, 235.56398,
9.9967957, 215.42498, 3.6180197, 234.43586, 234.36962,
10.004880, 218.02505, 3.8339163, 233.27766, 233.22411,
10.012970, 224.75348, 3.7961624, 232.16741, 232.12478,
10.021050, 226.57233, 3.4916084, 231.10585, 231.07252,
10.029140, 229.92392, 3.7201150, 230.08916, 230.06368,
10.037220, 234.22413, 3.9913977, 229.11856, 229.09960,
10.045300, 232.81137, 3.6497943, 228.19142, 228.17779,
10.053380, 220.51292, 3.4413742, 227.30638, 227.29701,
10.061460, 227.65048, 3.6726632, 226.46237, 226.45633,
10.069540, 223.57242, 3.5815652, 225.65797, 225.65441,
10.077610, 224.45810, 3.2922884, 224.89301, 224.89120,
10.085690, 223.07490, 3.4681582, 224.16436, 224.16367,
10.093760, 229.47843, 3.9123090, 223.47254, 223.47241,
10.101830, 219.19335, 3.3822129, 222.81546, 222.81545,
10.109900, 221.62668, 3.1564823, 222.19186, 222.19159,
10.117970, 220.83028, 3.3157258, 221.60072, 221.59987,
10.126040, 222.09393, 3.5291480, 221.04078, 221.03912,
10.134100, 219.97943, 3.0789635, 220.51155, 220.50891,
10.142170, 218.34533, 3.1409805, 220.01052, 220.00677,
10.150230, 218.02868, 3.4964543, 219.53777, 219.53285,
10.158300, 220.67113, 3.2345356, 219.09106, 219.08496,
10.166360, 213.34662, 3.3549186, 218.67037, 218.66310,
10.174420, 216.31150, 3.3246881, 218.27392, 218.26556,
10.182470, 215.76629, 3.2910241, 217.90115, 217.89178,
10.190530, 217.02087, 3.5127841, 217.54999, 217.53976,
10.198590, 208.25978, 3.1381609, 217.21979, 217.20884,
10.206640, 211.88903, 3.4469886, 216.90987, 216.89838,
10.214690, 210.75573, 3.5229423, 216.61871, 216.60689,
10.222750, 211.26430, 3.3725889, 216.34491, 216.33299,
10.230800, 205.95513, 3.4512663, 216.08806, 216.07626,
10.238850, 211.52213, 3.7974536, 215.84674, 215.83530,
10.246890, 212.27702, 3.7160408, 215.62015, 215.60934,
10.254940, 207.88845, 3.4119636, 215.40669, 215.39677,
10.262990, 209.61395, 4.1500044, 215.20559, 215.19682,
10.271030, 210.03793, 3.9597668, 215.01601, 215.00866,
10.279070, 211.33725, 3.7184394, 214.83667, 214.83101,
10.287120, 208.42002, 4.1806393, 214.66630, 214.66260,
10.295150, 210.80153, 4.0525511, 214.50447, 214.50300,
10.303190, 224.61272, 4.2448104, 214.34960, 214.35062,
10.311230, 219.44092, 3.6951179, 214.20331, 214.20705,
10.319270, 206.41310, 3.7287197, 214.07013, 214.07676,
10.327300, 208.21162, 3.9076475, 213.95497, 213.96458,
10.335340, 207.00958, 3.7971475, 213.86231, 213.87493,
10.343370, 208.64263, 3.8363374, 213.79713, 213.81269,
10.351400, 214.11868, 4.5268448, 213.76407, 213.78245,
10.359430, 211.15287, 3.9646455, 213.76791, 213.78888,
10.367460, 216.00152, 3.7432135, 213.81342, 213.83668,
10.375480, 196.37835, 4.0125981, 213.90525, 213.93037,
10.383510, 203.59200, 4.7678557, 214.04844, 214.07492,
10.391530, 215.21553, 4.3355782, 214.24746, 214.27465,
10.399560, 191.41172, 3.2393724, 214.50760, 214.53475,
10.407580, 216.03375, 3.1635061, 214.83310, 214.85931,
10.415600, 212.53265, 3.4561403, 215.22902, 215.25326,
10.423620, 213.01345, 3.4725140, 215.70034, 215.72141,
10.431640, 211.21247, 4.3434507, 216.25184, 216.26837,
10.439650, 214.39722, 3.3756901, 216.88767, 216.89813,
10.447670, 214.46202, 3.3495878, 217.61437, 217.61700,
10.455680, 221.44562, 3.3240239, 218.43453, 218.42742,
10.463700, 224.82338, 3.2168866, 219.35011, 219.33143,
10.471710, 220.25775, 3.4460673, 220.35585, 220.32407,
10.479720, 221.83730, 3.4281213, 221.45002, 221.40388,
10.487730, 220.51488, 3.2939945, 222.62980, 222.56825,
10.495730, 225.74130, 3.5719856, 223.89081, 223.81307,
10.503740, 228.62713, 3.8220131, 225.23326, 225.13873,
10.511750, 230.69467, 4.1098654, 226.65294, 226.54123,
10.519750, 239.33913, 3.6820255, 228.14509, 228.01602,
10.527750, 231.44662, 3.6139533, 229.70898, 229.56255,
10.535750, 228.12278, 4.1969772, 231.34175, 231.17811,
10.543750, 234.08973, 4.9925398, 233.04050, 232.85996,
10.551750, 249.40995, 4.4431206, 234.80298, 234.60599,
10.559750, 252.15230, 4.9259990, 236.62613, 236.41327,
10.567850, 255.23177, 3.5781706, 238.53165, 238.30344,
10.576350, 260.40324, 3.5526518, 240.59242, 240.34902,
10.584840, 270.82865, 3.6069524, 242.71019, 242.45268,
10.593340, 278.19185, 3.3821996, 244.88710, 244.61663,
10.601830, 274.21992, 3.3289525, 247.11471, 246.83257,
10.610330, 274.90908, 3.6148136, 249.39547, 249.10301,
10.618820, 278.86285, 3.5320225, 251.72096, 251.41965,
10.627310, 277.26080, 3.3498962, 254.09043, 253.78180,
10.635800, 271.07742, 3.4500765, 256.50140, 256.18705,
10.644280, 276.49992, 3.6269458, 258.94756, 258.62916,
10.652770, 272.85498, 3.4773258, 261.43170, 261.11095,
10.661250, 276.28735, 3.3550008, 263.94528, 263.62394,
10.669740, 272.76950, 3.5337743, 266.49098, 266.17086,
10.678220, 281.43398, 3.6993254, 269.06014, 268.74309,
10.686700, 287.40430, 3.6883061, 271.65267, 271.34054,
10.695180, 290.81163, 3.6952742, 274.26563, 273.96034,
10.703650, 290.88767, 3.7600940, 276.89315, 276.59660,
10.712130, 305.05698, 3.8518431, 279.53791, 279.25207,
10.720600, 309.90033, 3.6429261, 282.19167, 281.91847,
10.729080, 306.00068, 3.6863120, 284.85719, 284.59864,
10.737550, 316.87995, 3.9086493, 287.52528, 287.28336,
10.746020, 324.53600, 3.9658570, 290.19664, 289.97336,
10.754490, 315.15830, 3.6358460, 292.86777, 292.66515,
10.762960, 313.25930, 3.8023376, 295.53638, 295.35647,
10.771420, 315.45812, 3.9280606, 298.19568, 298.04050,
10.779890, 324.62625, 3.8101674, 300.84997, 300.72163,
10.788350, 318.87552, 3.6914930, 303.48949, 303.39005,
10.796810, 309.43275, 3.9031001, 306.11464, 306.04620,
10.805270, 315.93418, 4.0181084, 308.72252, 308.68722,
10.813730, 311.38647, 4.0274144, 311.31023, 311.31023,
10.822190, 313.05692, 4.0670502, 313.87540, 313.91287,
10.830650, 306.74083, 4.2279604, 316.41782, 316.49477,
10.839100, 311.59040, 4.4302986, 318.93467, 319.05293,
10.847560, 317.58472, 3.9826942, 321.43253, 321.59385,
10.856010, 315.22538, 4.0052568, 323.90578, 324.11165,
10.864460, 329.30155, 5.8920312, 326.35726, 326.60908,
10.872910, 333.81134, 4.8683132, 328.78753, 329.08656,
10.881360, 347.02303, 4.6673455, 331.19715, 331.54451,
10.889800, 339.88267, 4.5962046, 333.58317, 333.97976,
10.898250, 338.93420, 4.9807783, 335.95151, 336.39824,
10.906690, 350.65498, 8.3945329, 338.29709, 338.79461,
10.915140, 356.16577, 5.3985631, 340.62573, 341.17468,
10.923580, 380.43669, 6.3298861, 342.93189, 343.53268,
10.932020, 387.95538, 6.0031638, 345.21872, 345.87170,
10.940460, 395.50102, 6.1258926, 347.48646, 348.19185,
10.948890, 396.42860, 6.3300253, 349.73254, 350.49040,
10.957330, 393.98545, 5.6557766, 351.96280, 352.77320,
10.965760, 436.42488, 5.2933307, 354.17214, 355.03494,
10.974200, 465.64453, 5.0874774, 356.36578, 357.28085,
10.982630, 500.12460, 4.9501947, 358.53873, 359.50570,
10.991060, 540.39681, 5.4402759, 360.69417, 361.71268,
10.999490, 542.76771, 5.9600191, 362.83181, 363.90136,
11.007920, 541.42501, 5.3026421, 364.95231, 366.07237,
11.016340, 539.67978, 4.8237337, 367.05303, 368.22288,
11.024770, 529.77438, 4.8776762, 369.13913, 370.35810,
11.033190, 532.67690, 6.7157474, 371.20608, 372.47331,
11.041610, 525.28773, 5.1657830, 373.25641, 374.57102,
11.050030, 523.42127, 4.9650008, 375.29028, 376.65133,
11.058450, 515.46712, 5.1250613, 377.30786, 378.71432,
11.066870, 510.12417, 5.5874538, 379.30930, 380.76009,
11.075290, 517.53941, 5.8774069, 381.29475, 382.78872,
11.083700, 520.46817, 5.2160439, 383.26214, 384.79802,
11.092120, 529.37089, 6.1029546, 385.21606, 386.79264,
11.100530, 550.73820, 5.9046859, 387.15201, 388.76792,
11.108940, 570.87740, 6.1324428, 389.07277, 390.72664,
11.117350, 585.46653, 8.8983925, 390.97804, 392.66844,
11.120570, 610.60585, 5.9353148, 391.70368, 393.40768,
11.129530, 647.28891, 5.8681864, 393.71080, 395.45148,
11.138500, 704.11095, 5.9140780, 395.70323, 397.47890,
11.147460, 768.06087, 6.3381629, 397.67645, 399.48526,
11.156430, 899.55051, 6.9182389, 399.63519, 401.47534,
11.165390, 1014.0502, 6.9366133, 401.57500, 403.44458,
11.174350, 1173.0230, 7.2845285, 403.49830, 405.39538,
11.183300, 1376.0055, 8.2402542, 405.40317, 407.32576,
11.192260, 1612.4898, 8.9693946, 407.29378, 409.23992,
11.201220, 1769.0805, 8.9282772, 409.16819, 411.13586,
11.210170, 1836.1125, 9.0103678, 411.02451, 413.01164,
11.219120, 1894.0540, 9.6002445, 412.86485, 414.86936,
11.228070, 1934.9925, 9.7047132, 414.68929, 416.70909,
11.237020, 1943.1318, 9.2015430, 416.49770, 418.53068,
11.245970, 1951.1288, 9.3581847, 418.29055, 420.33458,
11.254920, 1943.0892, 9.6267127, 420.06771, 422.12065,
11.263860, 1926.7437, 9.5344148, 421.82717, 423.88687,
11.272800, 1901.7003, 9.1079872, 423.57129, 425.63558,
11.281750, 1832.5218, 9.1082897, 425.30156, 427.36830,
11.290690, 1762.1358, 9.2436849, 427.01471, 429.08174,
11.299630, 1707.3735, 9.0658048, 428.71227, 430.77743,
11.308560, 1632.7895, 8.6216308, 430.39267, 432.45381,
11.317500, 1552.4928, 8.5484895, 432.05952, 434.11451,
11.326430, 1490.7055, 8.6166397, 433.70930, 435.75600,
11.335370, 1425.8112, 8.2875652, 435.34554, 437.38183,
11.344300, 1348.4265, 7.7600287, 436.96477, 438.98856,
11.353230, 1297.3897, 7.6389913, 438.56874, 440.57796,
11.362160, 1243.5228, 7.7929957, 440.15730, 442.14988,
11.371080, 1196.9100, 7.4967998, 441.72910, 443.70304,
11.380010, 1164.4772, 7.1590166, 443.28716, 445.24043,
11.388930, 1113.5596, 7.0539987, 444.82848, 446.75912,
11.397850, 1072.9647, 7.2140627, 446.35437, 448.26046,
11.406780, 1027.9772, 7.0309241, 447.86675, 449.74634,
11.415700, 1003.4510, 6.6554570, 449.36203, 451.21330,
11.424610, 963.05119, 6.6575234, 450.84040, 452.66155,
11.433530, 952.26257, 6.9470860, 452.30498, 454.09420,
11.442450, 924.30888, 6.7597924, 453.75412, 455.50969,
11.451360, 892.46918, 6.4485587, 455.18627, 456.90654,
11.460270, 867.58536, 6.4606824, 456.60292, 458.28627,
11.469180, 836.53012, 6.5734644, 458.00401, 459.64887,
11.478090, 833.03302, 6.6161300, 459.38948, 460.99434,
11.487000, 798.09622, 6.2654242, 460.75925, 462.32267,
11.495910, 773.21425, 6.3187532, 462.11311, 463.63371,
11.504810, 744.24326, 6.4219768, 463.44984, 464.92635,
11.513710, 731.73238, 6.4480564, 464.77053, 466.20171,
11.522620, 723.89131, 6.3443456, 466.07675, 467.46139,
11.531520, 699.72533, 6.2686599, 467.36534, 468.70239,
11.540420, 678.19341, 6.4487389, 468.63774, 469.92620,
11.549310, 678.24155, 6.5352155, 469.89250, 471.13149,
11.558210, 668.94211, 6.3627300, 471.13233, 472.32097,
11.567100, 656.35526, 6.3694239, 472.35407, 473.49166,
11.576000, 641.65392, 6.6674679, 473.56074, 474.64655,
11.584890, 633.79132, 6.8806175, 474.74922, 475.78276,
11.593780, 621.56557, 6.6725845, 475.92070, 476.90150,
11.602670, 598.79282, 6.7548377, 477.07527, 478.00299,
11.611560, 585.60188, 7.0209133, 478.21267, 479.08704,
11.620440, 579.61214, 7.1389903, 479.33144, 480.15238,
11.629330, 564.40108, 6.8298859, 480.43405, 481.20147,
11.638210, 553.15757, 6.7471539, 481.51786, 482.23190,
11.647090, 540.22615, 7.3294074, 482.58378, 483.24465,
11.655970, 526.48934, 7.6457530, 483.63174, 484.23977,
11.664850, 525.37950, 5.9453225, 484.66169, 485.21732,
11.673730, 523.75873, 4.3887202, 485.67320, 486.17703,
11.682600, 528.62746, 4.9184079, 486.66514, 487.11794,
11.691480, 531.36331, 5.0536574, 487.63944, 488.04201,
11.700350, 520.35639, 5.0619228, 488.59380, 488.94719,
11.709220, 518.83614, 5.2876482, 489.52907, 489.83443,
11.718090, 524.13271, 5.4143359, 490.44503, 490.70364,
11.726960, 504.18924, 5.7239366, 491.34145, 491.55477,
11.735830, 508.04910, 5.7788993, 492.21810, 492.38773,
11.744690, 508.51394, 6.1057813, 493.07375, 493.20149,
11.753560, 504.99847, 5.6620620, 493.91017, 493.99791,
11.762420, 489.31264, 5.9523718, 494.72514, 494.77502,
11.771280, 493.68361, 8.7642116, 495.51948, 495.53377,
11.775020, 501.31870, 5.1212973, 495.84842, 495.84842,
11.784500, 493.63043, 5.2554029, 496.66562, 496.63136,
11.793980, 501.29673, 5.3409038, 497.45878, 497.39301,
11.803460, 505.30742, 5.5709019, 498.22826, 498.13358,
11.812940, 502.83500, 4.9281231, 498.97407, 498.85294,
11.822420, 500.24032, 5.1085364, 499.69655, 499.55130,
11.831890, 504.68483, 5.0984289, 500.39501, 500.22786,
11.841360, 519.89454, 6.1703820, 501.07042, 500.88344,
11.850840, 525.02901, 4.9815335, 501.72355, 501.51870,
11.860310, 532.00413, 5.0680861, 502.35325, 502.13239,
11.869770, 536.17700, 5.0999360, 502.95968, 502.72459,
11.879240, 545.27288, 4.9542315, 503.54421, 503.29651,
11.888710, 546.76315, 4.8053630, 504.10630, 503.84755,
11.898170, 552.02509, 4.9847472, 504.64553, 504.37722,
11.907630, 557.78765, 5.0605890, 505.16252, 504.88602,
11.917090, 563.23126, 5.1053563, 505.65744, 505.37407,
11.926550, 561.93034, 5.3017073, 506.13027, 505.84128,
11.936010, 568.77827, 4.9008305, 506.58118, 506.28773,
11.945470, 573.92798, 5.0192545, 507.01013, 506.71332,
11.954920, 583.87156, 5.0072686, 507.41681, 507.11772,
11.964370, 579.80441, 5.9387253, 507.80170, 507.50133,
11.973830, 583.62122, 4.8785951, 508.16524, 507.86453,
11.983280, 582.07829, 4.9601341, 508.50663, 508.20652,
11.992720, 588.54085, 4.9293829, 508.82596, 508.52732,
12.002170, 591.75105, 5.2496856, 509.12395, 508.82765,
12.011610, 578.53400, 5.2687641, 509.39996, 509.10681,
12.021060, 572.19392, 4.9239177, 509.65455, 509.36537,
12.030500, 566.86032, 4.8890974, 509.88717, 509.60275,
12.039940, 572.88832, 4.8186614, 510.09804, 509.81917,
12.049380, 563.80254, 4.7274317, 510.28719, 510.01464,
12.058820, 555.69210, 4.8899788, 510.45452, 510.18908,
12.068250, 562.55116, 5.0026453, 510.59987, 510.34231,
12.077690, 557.20212, 4.8787394, 510.72348, 510.47462,
12.087120, 553.83448, 4.7686658, 510.82501, 510.58564,
12.096550, 543.58986, 4.9068980, 510.90454, 510.67550,
12.105980, 539.19509, 5.0078065, 510.96197, 510.74413,
12.115410, 541.57626, 4.9511144, 510.99723, 510.79147,
12.124830, 526.63905, 4.7882474, 511.01020, 510.81744,
12.134260, 526.13123, 5.0756813, 511.00080, 510.82202,
12.143680, 522.39838, 5.4761750, 510.96893, 510.80514,
12.153100, 536.71394, 5.2640318, 510.91447, 510.76674,
12.162520, 537.71417, 5.9063910, 510.83729, 510.70673,
12.171940, 522.62212, 5.1265577, 510.73724, 510.62506,
12.181360, 519.06032, 5.2101604, 510.61417, 510.52161,
12.190770, 522.64957, 5.3316450, 510.46808, 510.39646,
12.200180, 514.61634, 5.1544371, 510.29869, 510.24941,
12.209600, 494.20798, 5.0733013, 510.10560, 510.08018,
12.219010, 508.24414, 5.3361842, 509.88904, 509.88904,
12.228420, 517.86604, 5.5797896, 509.64873, 509.67578,
12.237820, 514.51071, 5.5618934, 509.38528, 509.44087,
12.247230, 521.39300, 5.5045266, 509.09854, 509.18404,
12.256630, 539.02152, 5.8409985, 508.78950, 508.90610,
12.266040, 668.18001, 6.7196393, 508.45794, 508.60672,
12.275440, 1534.1152, 10.177996, 508.10493, 508.28676,
12.284840, 1445.0626, 9.7815714, 507.73056, 507.94621,
12.294230, 670.96306, 6.6611335, 507.33553, 507.58562,
12.303630, 551.62304, 7.8430402, 506.91948, 507.20456,
12.313030, 551.43674, 6.7185417, 506.48309, 506.80355,
12.322420, 554.37570, 7.4383661, 506.02727, 506.38333,
12.331810, 556.97845, 5.3044399, 505.55186, 505.94371,
12.341200, 558.08144, 4.4734114, 505.05722, 505.48489,
12.350590, 566.10854, 4.5450486, 504.54367, 505.00711,
12.359980, 572.58424, 4.7238917, 504.01152, 504.51058,
12.369360, 579.04142, 4.8134557, 503.46165, 503.99606,
12.378750, 593.09635, 5.0223188, 502.89326, 503.46271,
12.388130, 583.32259, 5.1709295, 502.30779, 502.91182,
12.397510, 579.33361, 5.9185784, 501.70504, 502.34313,
12.406890, 582.59969, 4.8524341, 501.08515, 501.75672,
12.416270, 595.83243, 5.1988058, 500.44847, 501.15286,
12.425640, 595.73245, 5.8375530, 499.79601, 500.53245,
12.435020, 600.82269, 5.5702477, 499.12657, 499.89430,
12.444390, 602.53497, 5.4552482, 498.44192, 499.24002,
12.453760, 599.20860, 5.1224848, 497.74156, 498.56912,
12.463130, 599.74882, 5.4875554, 497.02574, 497.88176,
12.472500, 614.10506, 5.6363185, 496.29469, 497.17815,
12.481870, 631.65215, 6.8832418, 495.54867, 496.45846,
12.489420, 624.62262, 5.5852011, 494.93677, 495.86696,
12.499490, 640.64279, 6.4032516, 494.10597, 495.06217,
12.509550, 643.91632, 5.5827422, 493.25942, 494.24020,
12.519610, 654.58443, 5.4628433, 492.39661, 493.40051,
12.529670, 655.99173, 5.4379546, 491.51787, 492.54339,
12.539730, 660.36446, 5.6493173, 490.62329, 491.66889,
12.549780, 660.18028, 6.0933919, 489.71415, 490.77825,
12.559840, 670.18889, 5.4515797, 488.78880, 489.86979,
12.569890, 676.21622, 5.3633359, 487.84938, 488.94563,
12.579940, 679.79030, 5.5775618, 486.89518, 488.00501,
12.589990, 697.19380, 5.6116616, 485.92640, 487.04813,
12.600040, 711.24353, 5.5374165, 484.94315, 486.07510,
12.610090, 717.09064, 5.4096038, 483.94584, 485.08628,
12.620130, 725.36520, 6.1816780, 482.93563, 484.08283,
12.630170, 735.66380, 5.6293027, 481.91158, 483.06380,
12.640210, 745.36143, 5.6493440, 480.87397, 482.02949,
12.650250, 734.96992, 5.3889782, 479.82298, 480.98005,
12.660290, 743.15633, 5.3991337, 478.75889, 479.91578,
12.670330, 741.77402, 5.4568732, 477.68165, 478.83663,
12.680360, 759.12523, 5.5972713, 476.59269, 477.74404,
12.690390, 785.22539, 5.5233631, 475.49105, 476.63705,
12.700420, 798.99681, 5.4895131, 474.37675, 475.51572,
12.710450, 814.95175, 5.5916811, 473.25017, 474.38041,
12.720480, 830.43904, 5.8619552, 472.11133, 473.23120,
12.730500, 839.45099, 6.3876180, 470.96148, 472.06935,
12.740530, 839.05101, 5.5812194, 469.79855, 470.89279,
12.750550, 818.14713, 5.7452328, 468.62489, 469.70393,
12.760570, 820.53836, 5.5912007, 467.43962, 468.50191,
12.770590, 837.98416, 5.6779882, 466.24263, 467.28666,
12.780610, 837.50572, 5.7655527, 465.03414, 466.05843,
12.790620, 816.52286, 5.9244334, 463.81555, 464.81867,
12.800640, 798.45726, 5.4844008, 462.58440, 463.56493,
12.810650, 804.67801, 5.5835593, 461.34336, 462.29997,
12.820660, 780.85924, 5.5187018, 460.09123, 461.02262,
12.830670, 730.32922, 5.1824441, 458.82799, 459.73289,
12.840680, 704.31320, 5.1435677, 457.55395, 458.43116,
12.850680, 665.30681, 5.1445529, 456.27030, 457.11870,
12.860690, 635.47426, 5.1990568, 454.97466, 455.79312,
12.870690, 609.35970, 4.9208009, 453.66957, 454.45709,
12.880690, 582.64070, 4.7609867, 452.35398, 453.10960,
12.890690, 558.64475, 4.7315014, 451.02770, 451.75051,
12.900680, 539.81837, 4.7793809, 449.69233, 450.38152,
12.910680, 520.75504, 4.7538407, 448.34509, 448.99986,
12.920670, 509.91067, 4.5944846, 446.98886, 447.60856,
12.930670, 493.09869, 5.7673371, 445.62084, 446.20480,
12.940660, 490.16804, 4.7994436, 444.24379, 444.79151,
12.950640, 485.47475, 4.7893911, 442.85805, 443.36909,
12.960630, 464.48745, 4.6066412, 441.46045, 441.93441,
12.970620, 464.20735, 4.6076937, 440.05274, 440.48932,
12.980600, 457.17196, 4.6441776, 438.63617, 439.03519,
12.990580, 450.16576, 4.8148265, 437.20953, 437.57089,
13.000560, 440.37735, 4.7438675, 435.77258, 436.09624,
13.010540, 439.21891, 4.8202684, 434.32545, 434.61148,
13.020520, 439.13551, 4.7125614, 432.86813, 433.11670,
13.030490, 430.78807, 4.9436787, 431.40218, 431.61360,
13.040470, 434.26265, 5.0994435, 429.92450, 430.09909,
13.050440, 427.73292, 5.2684609, 428.43818, 428.57646,
13.060410, 429.48865, 5.0160261, 426.94166, 427.04421,
13.070380, 418.31604, 5.0086984, 425.43477, 425.50228,
13.080350, 423.70026, 5.3001787, 423.91777, 423.95105,
13.090310, 417.50527, 5.4806261, 422.39196, 422.39196,
13.100280, 426.09707, 5.8111888, 420.85446, 420.82217,
13.110240, 426.34117, 5.5085690, 419.30860, 419.24505,
13.120200, 416.23394, 5.5882477, 417.75335, 417.65954,
13.130160, 424.39164, 6.0292299, 416.18917, 416.06606,
13.140110, 423.84730, 4.7312644, 414.61816, 414.46674,
13.150070, 426.72805, 3.9554166, 413.03747, 412.85862,
13.160020, 423.39584, 3.8806200, 411.45084, 411.24551,
13.169980, 414.20220, 4.2335738, 409.85538, 409.62445,
13.179930, 414.17630, 4.2165219, 408.25487, 407.99926,
13.189870, 419.24855, 4.2289370, 406.64962, 406.37023,
13.199820, 410.55804, 4.2029618, 405.03697, 404.73465,
13.209770, 407.87015, 4.3023323, 403.41872, 403.09434,
13.219710, 406.28953, 4.0745580, 401.79716, 401.45162,
13.229650, 407.57823, 4.1893979, 400.17116, 399.80532,
13.239590, 409.26624, 6.1738930, 398.54084, 398.15556,
13.249530, 397.44425, 4.1598698, 396.90675, 396.50289,
13.259470, 393.86073, 4.1081979, 395.26932, 394.84774,
13.269410, 392.65971, 4.3053807, 393.62895, 393.19053,
13.279340, 390.92373, 4.9050737, 391.98779, 391.53340,
13.289270, 391.16803, 4.8388047, 390.34436, 389.87488,
13.299200, 392.80174, 4.8143388, 388.69938, 388.21569,
13.309130, 386.43067, 5.3381458, 387.05310, 386.55608,
13.318260, 390.99770, 4.1822734, 385.53852, 385.03003,
13.328980, 392.05498, 4.0283793, 383.75969, 383.23869,
13.339690, 386.13055, 4.0357620, 381.98250, 381.45006,
13.350400, 389.23788, 4.1372859, 380.20573, 379.66289,
13.361120, 391.92835, 4.1098264, 378.42814, 377.87596,
13.371830, 396.65793, 3.9294634, 376.65371, 376.09328,
13.382530, 382.37978, 7.7986869, 374.88281, 374.31521,
13.393240, 394.56322, 4.0227356, 373.11277, 372.53909,
13.403940, 386.49663, 4.0140512, 371.34727, 370.76860,
13.414650, 397.88145, 4.6626576, 369.58367, 369.00111,
13.425350, 391.27090, 3.8234159, 367.82562, 367.24028,
13.436050, 390.24815, 3.9077328, 366.07207, 365.48506,
13.446740, 396.56992, 4.0837200, 364.32525, 363.73769,
13.457440, 402.21763, 4.1194388, 362.58224, 361.99524,
13.468130, 410.22327, 3.8826833, 360.84700, 360.26168,
13.478830, 413.35730, 3.8381372, 359.11663, 358.53411,
13.489520, 407.36002, 3.8012349, 357.39506, 356.81644,
13.500200, 411.35360, 3.9101156, 355.68265, 355.10904,
13.510890, 412.88335, 3.9871980, 353.97687, 353.40938,
13.521570, 425.26378, 3.9442381, 352.28131, 351.72102,
13.532260, 439.08993, 3.9189636, 350.59347, 350.04148,
13.542940, 437.26260, 4.0081588, 348.91692, 348.37428,
13.553620, 434.83944, 5.7349064, 347.25069, 346.71847,
13.564290, 430.78674, 5.7327206, 345.59697, 345.07617,
13.574970, 420.00524, 5.4330024, 343.95306, 343.44472,
13.585640, 416.40150, 5.2516547, 342.32276, 341.82785,
13.596320, 411.91665, 5.3576374, 340.70342, 340.22292,
13.606990, 415.61842, 4.2087604, 339.09882, 338.63363,
13.617650, 406.31061, 4.9350736, 337.50936, 337.06036,
13.628320, 398.78035, 3.8627716, 335.93277, 335.50083,
13.638980, 394.76053, 3.8788123, 334.37247, 333.95839,
13.649650, 378.46562, 3.8948967, 332.82628, 332.43084,
13.660310, 381.46313, 4.0914227, 331.29757, 330.92145,
13.670970, 371.87055, 4.2856589, 329.78557, 329.42943,
13.681630, 363.37465, 3.7407499, 328.29090, 327.95534,
13.692280, 358.98542, 5.0271177, 326.81565, 326.50117,
13.702940, 352.17950, 3.9623876, 325.35754, 325.06462,
13.713590, 347.05672, 3.9092801, 323.92010, 323.64911,
13.724240, 343.32635, 3.7127952, 322.50242, 322.25365,
13.734890, 339.13964, 3.6211619, 321.10542, 320.87909,
13.745530, 333.72145, 3.6030737, 319.73088, 319.52708,
13.756180, 326.92903, 3.7217799, 318.37702, 318.19579,
13.766820, 327.12643, 3.7101813, 317.04696, 316.88820,
13.777460, 326.17933, 3.6557187, 315.74019, 315.60370,
13.788100, 309.96557, 3.4804668, 314.45742, 314.34289,
13.798740, 311.89738, 3.5503078, 313.19940, 313.10639,
13.809380, 312.44806, 3.6592059, 311.96698, 311.89490,
13.820010, 308.17358, 3.7292934, 310.76175, 310.70989,
13.830640, 308.48504, 3.6486289, 309.58359, 309.55107,
13.841270, 311.75784, 3.6363422, 308.43306, 308.41888,
13.851900, 303.58586, 3.6133560, 307.31116, 307.31413,
13.862530, 309.78263, 4.6598962, 306.21816, 306.23702,
13.873150, 302.45170, 4.4091706, 305.15437, 305.18793,
13.883780, 298.60208, 3.7642834, 304.11711, 304.16433,
13.894400, 305.52878, 3.7612741, 303.10749, 303.16741,
13.905020, 300.28928, 3.8004388, 302.12382, 302.19561,
13.915640, 308.10850, 4.0168621, 301.16539, 301.24829,
13.926250, 306.96330, 4.2468833, 300.23229, 300.32564,
13.936870, 311.32384, 4.0611706, 299.32224, 299.42546,
13.947480, 313.70650, 4.1645477, 298.43600, 298.54859,
13.958090, 306.00258, 4.1308166, 297.57224, 297.69374,
13.968700, 311.75080, 4.5164351, 296.73013, 296.86016,
13.979310, 301.06062, 4.6981172, 295.90916, 296.04739,
13.989910, 308.91491, 4.5677511, 295.10932, 295.25546,
14.000520, 307.77921, 4.3835914, 294.32854, 294.48234,
14.011120, 297.60479, 4.4398492, 293.56758, 293.72884,
14.021720, 298.96580, 5.0156055, 292.82513, 292.99365,
14.032320, 294.99398, 4.8006019, 292.10056, 292.27620,
14.042920, 297.71742, 4.8060747, 291.39329, 291.57589,
14.053510, 302.37852, 4.8272222, 290.70340, 290.89283,
14.064110, 301.59208, 5.2282919, 290.02893, 290.22509,
14.074700, 292.64143, 5.5384758, 289.37059, 289.57334,
14.085290, 289.32990, 6.2034560, 288.72725, 288.93649,
14.095870, 296.60287, 4.0302529, 288.09885, 288.31445,
14.106460, 299.26073, 3.5186812, 287.48371, 287.70555,
14.117040, 298.16202, 3.7244646, 286.88239, 287.11032,
14.127630, 296.16918, 3.5787363, 286.29322, 286.52708,
14.138210, 295.60510, 3.5755273, 285.71682, 285.95643,
14.148790, 297.92903, 3.7515466, 285.15209, 285.39724,
14.159370, 299.40182, 4.1362838, 284.59850, 284.84895,
14.169940, 303.75002, 4.0246241, 284.05607, 284.31156,
14.180520, 301.34311, 7.2177774, 283.52320, 283.78345,
14.182090, 310.07632, 3.8213335, 283.44497, 283.70590,
14.193560, 313.67545, 3.6935798, 282.87963, 283.14527,
14.205030, 314.20680, 3.8258055, 282.32482, 282.59471,
14.216500, 315.40427, 3.9810042, 281.77998, 282.05363,
14.227970, 321.32525, 3.9419455, 281.24446, 281.52130,
14.239430, 314.16913, 3.7355190, 280.71806, 280.99746,
14.250890, 307.70568, 3.6061044, 280.19976, 280.48104,
14.262350, 306.21648, 3.7729092, 279.68887, 279.97127,
14.273810, 302.77314, 4.7465732, 279.18482, 279.46751,
14.285270, 306.36835, 5.4249536, 278.68706, 278.96914,
14.296730, 300.71780, 3.9938840, 278.19490, 278.47540,
14.308180, 291.37398, 3.5641136, 277.70823, 277.98610,
14.319630, 289.63465, 3.5475708, 277.22601, 277.50012,
14.331080, 287.69805, 3.6341009, 276.74761, 277.01675,
14.342530, 288.38417, 3.6838800, 276.27253, 276.53541,
14.353970, 286.52955, 3.4313915, 275.80056, 276.05582,
14.365410, 291.30635, 3.3163808, 275.33067, 275.57684,
14.376860, 280.88457, 3.5333731, 274.86190, 275.09744,
14.388300, 274.38411, 3.4056191, 274.39447, 274.61775,
14.399730, 279.96087, 3.3336100, 273.92783, 274.13716,
14.411170, 271.67205, 3.1114675, 273.46056, 273.65411,
14.422600, 272.57550, 3.0865348, 272.99292, 273.16882,
14.434030, 270.14780, 3.0916889, 272.52391, 272.68019,
14.445460, 271.49480, 3.2388411, 272.05291, 272.18750,
14.456890, 268.34340, 3.1473778, 271.57943, 271.69019,
14.468320, 266.45690, 3.0853613, 271.10284, 271.18752,
14.479740, 272.85955, 3.0358173, 270.62296, 270.67927,
14.491160, 268.24575, 3.0699850, 270.13882, 270.16435,
14.502580, 269.58017, 3.1914301, 269.64987, 269.64213,
14.514000, 267.98975, 3.2108468, 269.15572, 269.11226,
14.525420, 270.81052, 3.1885605, 268.65672, 268.57537,
14.536830, 270.72920, 3.1837718, 268.15369, 268.03265,
14.548240, 263.57793, 3.0691888, 267.64654, 267.48427,
14.559650, 257.75185, 3.8174782, 267.13559, 266.93089,
14.571060, 261.40013, 3.2713238, 266.62127, 266.37327,
14.582470, 257.81645, 3.9046197, 266.10390, 265.81204,
14.593870, 260.70050, 3.4860425, 265.58426, 265.24835,
14.605270, 266.19235, 3.2525418, 265.06229, 264.68240,
14.616670, 257.99500, 3.2026055, 264.53836, 264.11493,
14.628070, 261.38512, 3.6723677, 264.01275, 263.54651,
14.639470, 260.69823, 3.5679970, 263.48584, 262.97785,
14.650860, 257.59488, 3.0476405, 262.95846, 262.41017,
14.662260, 258.13123, 3.0746129, 262.43000, 261.84307,
14.673650, 256.75185, 3.1313532, 261.90177, 261.27829,
14.685040, 249.55438, 3.0659834, 261.37357, 260.71592,
14.696420, 257.68074, 3.1982970, 260.84635, 260.15724,
14.707810, 252.56138, 3.0411504, 260.31937, 259.60181,
14.719190, 252.86070, 3.1312809, 259.79404, 259.05141,
14.730570, 248.47017, 3.0138344, 259.27013, 258.50611,
14.741950, 251.76400, 3.1734852, 258.74804, 257.96663,
14.753330, 252.38457, 3.1689773, 258.22810, 257.43365,
14.764700, 253.38340, 3.2117041, 257.71115, 256.90833,
14.776080, 253.40703, 3.0685378, 257.19659, 256.39038,
14.787450, 253.52978, 3.1131965, 256.68570, 255.88142,
14.798820, 253.75507, 3.3882076, 256.17836, 255.38167,
14.810190, 254.17605, 3.5173925, 255.67490, 254.89177,
14.821550, 254.21745, 4.1508122, 255.17616, 254.41287,
14.832920, 252.29907, 4.0858348, 254.68162, 253.94482,
14.844280, 245.19558, 6.9445185, 254.19248, 253.48909,
14.855640, 247.34257, 3.8403877, 253.70868, 253.04599,
14.866990, 248.34058, 3.6612032, 253.23103, 252.61658,
14.878350, 247.59908, 3.6750011, 252.75900, 252.20078,
14.889710, 250.72150, 3.6719969, 252.29343, 251.79968,
14.901060, 247.27333, 3.6726861, 251.83510, 251.41435,
14.912410, 247.98930, 3.8555939, 251.38395, 251.04510,
14.923760, 250.23133, 4.2580410, 250.94035, 250.69261,
14.935100, 251.69819, 4.0982795, 250.50514, 250.35797,
14.946450, 251.07505, 4.1219990, 250.07784, 250.04119,
14.957790, 247.11980, 4.1351974, 249.65976, 249.74355,
14.969130, 249.11372, 4.0931409, 249.25201, 249.46455,
14.980470, 251.38512, 4.2398277, 248.85660, 249.20340,
14.991810, 250.89135, 4.2679917, 248.47566, 248.95939,
15.003140, 252.19784, 4.3538768, 248.11160, 248.73198,
15.014480, 252.90465, 4.4307110, 247.76593, 248.52007,
15.025810, 253.78200, 4.3480781, 247.44131, 248.32326,
15.037140, 253.39617, 4.3828169, 247.13962, 248.14067,
15.048460, 253.82658, 4.6357728, 246.86318, 247.97170,
15.059790, 250.42063, 4.4691617, 246.61369, 247.81536,
15.071110, 253.32422, 4.5267251, 246.39374, 247.67120,
15.082440, 246.38492, 3.4248307, 246.20511, 247.53825,
15.093750, 243.14894, 2.9161690, 246.05049, 247.41616,
15.105070, 245.26628, 2.9665932, 245.93162, 247.30389,
15.116390, 255.68450, 3.3567535, 245.85088, 247.20083,
15.127700, 255.81000, 3.2293340, 245.81056, 247.10639,
15.139020, 252.35913, 3.4883702, 245.81285, 247.01968,
15.150330, 249.20898, 3.6641915, 245.86005, 246.94017,
15.162390, 244.05403, 3.8578702, 245.96244, 246.86246,
15.174730, 246.19901, 4.2782600, 246.12576, 246.78963,
15.187070, 244.97783, 3.7660057, 246.35132, 246.72269,
15.199410, 242.87285, 4.0728645, 246.64229, 246.66073,
15.211740, 249.71257, 3.9847165, 247.00050, 246.60304,
15.224080, 249.39660, 3.7836713, 247.42435, 246.54928,
15.236410, 247.29630, 3.7005207, 247.90960, 246.49949,
15.248740, 251.50285, 3.7382654, 248.45314, 246.45355,
15.261060, 254.01738, 5.2463772, 249.05099, 246.41144,
15.273390, 260.86262, 4.3907965, 249.70082, 246.37301,
15.285710, 258.58150, 4.2061051, 250.39821, 246.33828,
15.298030, 254.81363, 3.7353359, 251.14029, 246.30715,
15.310350, 250.01643, 3.6463279, 251.92389, 246.27955,
15.322660, 252.19918, 3.8539320, 252.74499, 246.25546,
15.334980, 249.74357, 3.6555062, 253.60167, 246.23477,
15.347290, 245.34447, 3.6599716, 254.48943, 246.21746,
15.359600, 258.27195, 3.4859800, 255.40573, 246.20346,
15.371900, 257.31595, 3.5425975, 256.34660, 246.19271,
15.384210, 259.97902, 3.4668355, 257.31049, 246.18515,
15.396510, 249.73339, 4.1656062, 258.29273, 246.18074,
15.408810, 257.62933, 3.7022534, 259.29086, 246.17941,
15.421110, 266.48907, 3.6147210, 260.30194, 246.18112,
15.433410, 259.64330, 3.3901877, 261.32271, 246.18582,
15.445700, 259.44885, 3.4607228, 262.34938, 246.19344,
15.457990, 262.31370, 3.4924453, 263.37966, 246.20394,
15.470280, 259.43025, 5.2100333, 264.41047, 246.21727,
15.482570, 266.43442, 3.6395365, 265.43876, 246.23338,
15.494860, 258.33529, 3.7841654, 266.46144, 246.25224,
15.507140, 266.41457, 3.4519935, 267.47466, 246.27376,
15.519420, 262.75417, 3.5829990, 268.47606, 246.29793,
15.531700, 262.57420, 3.6054229, 269.46272, 246.32469,
15.543980, 270.09570, 3.6553086, 270.43139, 246.35401,
15.556260, 277.57322, 3.5731067, 271.37912, 246.38584,
15.568530, 276.63023, 3.2529842, 272.30195, 246.42010,
15.580800, 272.23295, 3.1713821, 273.19756, 246.45678,
15.593070, 277.93391, 3.3539362, 274.06282, 246.49584,
15.605340, 270.32053, 3.3373563, 274.89464, 246.53725,
15.617600, 274.30215, 3.3822473, 275.69163, 246.58091,
15.629860, 280.00826, 3.2061575, 276.45636, 246.62682,
15.642120, 276.18583, 3.0893898, 277.19105, 246.67496,
15.654380, 276.42492, 3.7047612, 277.89765, 246.72527,
15.666640, 277.04005, 3.4280464, 278.57834, 246.77772,
15.678890, 283.62342, 3.5433903, 279.23455, 246.83222,
15.691140, 286.90562, 3.4602624, 279.86890, 246.88879,
15.703390, 282.11557, 3.2522584, 280.48340, 246.94738,
15.715640, 294.62796, 3.5553766, 281.08005, 247.00797,
15.727890, 295.29217, 3.6511882, 281.66083, 247.07051,
15.740130, 294.31560, 3.7013694, 282.22729, 247.13492,
15.752370, 290.88750, 3.5308169, 282.78179, 247.20121,
15.764610, 298.42477, 3.3613670, 283.32638, 247.26935,
15.776850, 299.96035, 3.3549583, 283.86292, 247.33931,
15.789090, 302.72977, 3.3580030, 284.39344, 247.41105,
15.801320, 305.70177, 3.4595460, 284.91939, 247.48449,
15.813550, 305.64251, 3.6529416, 285.44315, 247.55964,
15.825780, 314.98510, 3.5332994, 285.96665, 247.63648,
15.838010, 313.84833, 3.4851910, 286.49182, 247.71498,
15.850230, 314.69371, 3.6304464, 287.02018, 247.79503,
15.862450, 317.17395, 3.7372918, 287.55403, 247.87668,
15.874670, 318.27963, 3.9114303, 288.09538, 247.95989,
15.886890, 317.24097, 3.8306437, 288.64612, 248.04464,
15.899110, 317.80350, 4.1803737, 289.20816, 248.13089,
15.911320, 312.95313, 3.8776388, 289.78302, 248.21854,
15.923540, 320.07743, 4.2049808, 290.37362, 248.30772,
15.935750, 321.58380, 4.4262744, 290.98091, 248.39825,
15.947960, 312.63518, 4.3348870, 291.60735, 248.49017,
15.960160, 310.43275, 4.2933847, 292.25442, 248.58338,
15.972370, 314.34396, 4.3302017, 292.92513, 248.67800,
15.984570, 312.28775, 4.1694678, 293.62038, 248.77385,
15.996770, 314.47820, 4.1960449, 294.34283, 248.87100,
16.008961, 314.50245, 4.2811609, 295.09387, 248.96933,
16.021160, 317.18871, 4.3329674, 295.87667, 249.06896,
16.033350, 314.15814, 4.4598564, 296.69213, 249.16973,
16.045549, 302.74545, 4.2793055, 297.54364, 249.27176,
16.057739, 307.49000, 4.6034100, 298.43199, 249.37487,
16.069920, 310.15460, 4.4000162, 299.35922, 249.47903,
16.082109, 294.78098, 4.2093876, 300.32896, 249.58439,
16.094290, 294.32027, 4.2789901, 301.34189, 249.69076,
16.106470, 310.47645, 4.6081958, 302.40095, 249.79819,
16.118650, 299.81827, 4.4583390, 303.50840, 249.90667,
16.130831, 298.44952, 4.4422129, 304.66651, 250.01616,
16.143009, 294.85855, 4.5407653, 305.87740, 250.12664,
16.155180, 307.15827, 5.4090359, 307.14278, 250.23802,
16.167351, 306.21905, 5.1090092, 308.46575, 250.35035,
16.179520, 309.52647, 6.1323408, 309.84852, 250.46360,
16.191681, 299.88547, 5.8654951, 311.29280, 250.57769,
16.203850, 309.97342, 5.9663034, 312.80288, 250.69275,
16.216009, 313.62177, 5.9663597, 314.37914, 250.80857,
16.228170, 324.67526, 5.7069246, 316.02524, 250.92527,
16.240330, 318.23360, 6.3397032, 317.73909, 251.04278,
16.252489, 328.50718, 5.9441337, 319.51701, 251.16109,
16.264641, 328.05710, 5.9655017, 321.35389, 251.28012,
16.276791, 337.58630, 6.4611089, 323.24663, 251.39989,
16.288950, 343.77922, 5.9416240, 325.19318, 251.52051,
16.301090, 358.87042, 6.5498612, 327.18510, 251.64167,
16.313240, 376.07825, 6.7685479, 329.22321, 251.76364,
16.325380, 384.21873, 6.6312885, 331.30056, 251.88620,
16.337530, 415.64445, 4.9106284, 333.41668, 252.00952,
16.349670, 427.00188, 4.2971530, 335.56452, 252.13341,
16.361799, 451.88540, 4.3528899, 337.73999, 252.25781,
16.373940, 496.99842, 4.9170958, 339.94351, 252.38295,
16.386070, 538.71145, 5.2242166, 342.16764, 252.50859,
16.398211, 570.67198, 5.9553267, 344.41224, 252.63492,
16.410339, 585.67708, 5.5347120, 346.66980, 252.76168,
16.422461, 598.56601, 5.8756996, 348.93739, 252.88891,
16.434589, 593.52538, 6.1013518, 351.21426, 253.01675,
16.446711, 587.35934, 6.3852789, 353.49396, 253.14503,
16.458839, 585.22977, 6.5630637, 355.77578, 253.27387,
16.470961, 551.12359, 6.1263017, 358.05323, 253.40312,
16.483070, 532.41663, 5.9366838, 360.32205, 253.53270,
16.495190, 512.69534, 8.1566731, 362.58256, 253.66283,
16.500280, 515.68681, 6.1268606, 363.52821, 253.71762,
16.513599, 496.05613, 6.3399296, 365.98899, 253.86132,
16.526911, 471.21130, 5.3447281, 368.42522, 254.00542,
16.540211, 466.86890, 5.4035568, 370.83147, 254.14986,
16.553520, 447.25127, 41.676847, 373.20672, 254.29485,
16.566820, 430.63824, 5.4186045, 375.54271, 254.44015,
16.580120, 419.84137, 4.8332646, 377.83632, 254.58586,
16.593420, 401.67359, 4.4324963, 380.08263, 254.73195,
16.606710, 408.29483, 4.3871698, 382.27517, 254.87829,
16.620001, 393.64580, 4.3141862, 384.41060, 255.02497,
16.633301, 397.91365, 4.4575963, 386.48538, 255.17207,
16.646589, 396.14150, 4.5818287, 388.49121, 255.31934,
16.659870, 387.44125, 4.5954550, 390.42370, 255.46681,
16.673149, 388.80420, 4.3203274, 392.27863, 255.61451,
16.686440, 393.22479, 4.2991417, 394.05257, 255.76257,
16.699711, 405.62110, 4.5983852, 395.73696, 255.91064,
16.712990, 396.48630, 4.6719439, 397.33711, 256.05899,
16.726271, 394.31177, 4.7337083, 398.85752, 256.20754,
16.739540, 399.77737, 4.4173234, 400.30196, 256.35611,
16.752810, 397.36440, 4.1723835, 401.67695, 256.50483,
16.766081, 395.55075, 4.0497033, 402.98779, 256.65368,
16.779341, 399.24455, 4.1722661, 404.23829, 256.80250,
16.792601, 393.46460, 4.5367238, 405.43461, 256.95139,
16.805870, 400.48625, 4.4508167, 406.58255, 257.10045,
16.819120, 401.30522, 4.9446030, 407.68460, 257.24934,
16.832380, 403.27776, 4.2321511, 408.74809, 257.39835,
16.845631, 397.14707, 4.0109838, 409.77636, 257.54725,
16.858891, 392.68681, 4.1912477, 410.77574, 257.69624,
16.872141, 405.31918, 4.5312041, 411.74959, 257.84509,
16.885380, 394.63363, 4.4153544, 412.70262, 257.99374,
16.898630, 395.52715, 4.2440047, 413.64127, 258.14245,
16.911869, 394.22958, 3.9492472, 414.56866, 258.29093,
16.925110, 409.10247, 4.0039553, 415.49050, 258.43931,
16.938351, 416.69354, 4.0476805, 416.41139, 258.58755,
16.951580, 411.61470, 4.1482362, 417.33528, 258.73551,
16.964821, 418.20090, 4.4393946, 418.26491, 258.88343,
16.978050, 435.24165, 7.7676220, 419.18978, 259.03101,
16.991270, 445.68710, 4.4668964, 420.09937, 259.17828,
17.004499, 470.26697, 4.3035858, 420.98434, 259.32541,
17.017719, 626.67294, 5.0235434, 421.83276, 259.47219,
17.030951, 1424.4068, 7.9067144, 422.63525, 259.61882,
17.044161, 1462.8440, 8.5337665, 423.37918, 259.76492,
17.057381, 630.55114, 5.5337694, 424.05557, 259.91081,
17.070601, 447.23250, 4.4976471, 424.65307, 260.05636,
17.083811, 447.47293, 4.5444723, 425.16046, 260.20145,
17.097019, 435.12702, 4.5771904, 425.56723, 260.34615,
17.110229, 440.51273, 4.5184026, 425.86251, 260.49048,
17.123430, 425.22784, 4.5329301, 426.03508, 260.63428,
17.136641, 424.94411, 4.4811898, 426.07402, 260.77775,
17.149839, 419.32013, 4.3370761, 425.96807, 260.92064,
17.163040, 412.14015, 4.3358333, 425.70592, 261.06307,
17.176229, 414.18340, 4.3349531, 425.27655, 261.20489,
17.189430, 417.51735, 4.5461976, 424.66764, 261.34630,
17.202620, 430.03615, 4.8564412, 423.86854, 261.48705,
17.215811, 425.68879, 4.9269163, 422.86681, 261.62726,
17.229000, 417.89682, 4.7956812, 421.65075, 261.76686,
17.242180, 423.16022, 4.7259921, 420.20924, 261.90576,
17.255369, 419.66137, 4.5470687, 418.53482, 262.04413,
17.268551, 412.48927, 4.6044800, 416.64103, 262.18178,
17.281719, 411.56546, 4.6824477, 414.54302, 262.31861,
17.294901, 422.18645, 4.7795496, 412.25019, 262.45489,
17.308069, 425.60171, 4.8072585, 409.78067, 262.59032,
17.321251, 426.38288, 4.5773244, 407.14285, 262.72514,
17.334410, 441.97684, 4.7869909, 404.35737, 262.85897,
17.347580, 446.10345, 4.9606492, 401.43027, 262.99214,
17.360750, 444.43528, 5.1602804, 398.37693, 263.12449,
17.373911, 458.74693, 5.7313191, 395.21261, 263.25592,
17.387070, 444.44269, 5.8775951, 391.94843, 263.38648,
17.400230, 431.62251, 5.4798566, 388.59618, 263.51618,
17.413380, 416.23520, 5.2298195, 385.17200, 263.64486,
17.426540, 422.43638, 5.3519750, 381.68255, 263.77272,
17.439690, 411.88870, 5.2358572, 378.14644, 263.89953,
17.452841, 398.75798, 5.4017975, 374.57265, 264.02538,
17.465981, 381.28368, 6.4818201, 370.97730, 264.15011,
17.479130, 388.22492, 6.2188155, 367.36710, 264.27391,
17.492270, 369.87152, 5.1727974, 363.75972, 264.39657,
17.505409, 356.52565, 5.1391798, 360.16497, 264.51815,
17.518551, 363.22855, 5.2933130, 356.59477, 264.63864,
17.531679, 365.81638, 5.2600413, 353.06564, 264.75788,
17.544821, 349.88720, 5.9615266, 349.58288, 264.87608,
17.557949, 342.66457, 5.4457221, 346.16607, 264.99297,
17.571079, 342.22265, 5.6816651, 342.82369, 265.10867,
17.584200, 342.10513, 5.6429859, 339.57114, 265.22304,
17.597330, 333.62155, 5.9724770, 336.41634, 265.33623,
17.610451, 330.05354, 6.1640693, 333.37523, 265.44804,
17.623569, 329.12732, 5.8035530, 330.44715, 265.55850,
17.636690, 355.15872, 6.5203394, 327.62799, 265.66762,
17.649799, 328.27665, 5.9812859, 324.91731, 265.77526,
17.662910, 337.27733, 6.0444744, 322.30912, 265.88151,
17.676029, 370.26048, 6.6628340, 319.79936, 265.98637,
17.689131, 365.24495, 7.1068189, 317.38969, 266.08961,
17.702240, 361.98695, 7.2250244, 315.07256, 266.19141,
17.715349, 348.09666, 6.6998796, 312.84658, 266.29166,
17.728451, 343.50162, 8.0060415, 310.71020, 266.39029,
17.741550, 349.87743, 6.0606098, 308.65972, 266.48729,
17.754641, 351.78465, 5.2906599, 306.69359, 266.58259,
17.767740, 354.40095, 8.5351992, 304.80639, 266.67629,
17.780830, 344.20177, 8.2003881, 302.99836, 266.76821,
17.793921, 349.36870, 4.9398480, 301.26567, 266.85839,
17.807011, 346.65665, 4.5037153, 299.60592, 266.94680,
17.820101, 347.97865, 5.3745789, 298.01678, 267.03341,
17.833179, 340.87429, 4.6243605, 296.49727, 267.11809,
17.846270, 332.13790, 4.6580435, 295.04250, 267.20096,
17.859341, 326.98170, 4.6241539, 293.65363, 267.28179,
17.872419, 319.18495, 4.8280673, 292.32561, 267.36072,
17.885500, 321.05507, 5.0690687, 291.05699, 267.43766,
17.898569, 332.12710, 5.7108677, 289.84698, 267.51251,
17.911640, 317.82339, 5.4645251, 288.69226, 267.58529,
17.924709, 296.07790, 5.1470763, 287.59123, 267.65596,
17.937780, 301.89200, 7.9367208, 286.54165, 267.72448,
17.941250, 312.83360, 4.8379096, 286.27148, 267.74230,
17.955721, 299.01343, 4.5266014, 285.18164, 267.81495,
17.970181, 302.40845, 4.9177829, 284.15045, 267.88479,
17.984650, 299.74977, 4.8831494, 283.17398, 267.95186,
17.999109, 286.77468, 6.8136576, 282.25113, 268.01600,
18.013571, 289.29845, 6.0131324, 281.37880, 268.07723,
18.028021, 289.69328, 4.7108048, 280.55545, 268.13541,
18.042480, 287.23348, 4.5099021, 279.77763, 268.19058,
18.056931, 279.42303, 4.1868763, 279.04417, 268.24259,
18.071381, 272.53860, 4.1603177, 278.35239, 268.29142,
18.085819, 274.47552, 4.2686488, 277.70066, 268.33697,
18.100269, 278.40609, 4.4895379, 277.08587, 268.37925,
18.114710, 283.23422, 4.6199972, 276.50688, 268.41812,
18.129150, 276.85184, 4.5018506, 275.96136, 268.45354,
18.143579, 276.15027, 4.2295651, 275.44784, 268.48543,
18.158020, 272.15702, 4.1587423, 274.96369, 268.51375,
18.172449, 273.99825, 4.4068059, 274.50785, 268.53839,
18.186880, 267.47205, 4.2925033, 274.07810, 268.55932,
18.201300, 275.51955, 4.4270236, 273.67305, 268.57642,
18.215719, 266.84813, 4.0061951, 273.29063, 268.58965,
18.230150, 268.11438, 4.1503334, 272.92884, 268.59893,
18.244560, 268.90770, 4.0396023, 272.58679, 268.60417,
18.258980, 264.63765, 4.0408369, 272.26204, 268.60530,
18.273390, 267.02437, 4.2041764, 271.95338, 268.60225,
18.287800, 266.59890, 4.4815975, 271.65894, 268.59491,
18.302210, 266.70698, 4.5377415, 271.37709, 268.58323,
18.316620, 270.44641, 3.9434568, 271.10621, 268.56710,
18.331020, 266.00705, 3.7270419, 270.84486, 268.54645,
18.345421, 273.52015, 3.7632038, 270.59126, 268.52119,
18.359819, 271.07830, 3.8218651, 270.34386, 268.49122,
18.374210, 273.24562, 4.0513992, 270.10116, 268.45648,
18.388611, 268.42985, 15.655935, 269.86129, 268.41683,
18.403000, 267.62695, 9.0886294, 269.62303, 268.37222,
18.417379, 267.93277, 4.2853615, 269.38476, 268.32257,
18.431770, 268.85920, 4.0019865, 269.14457, 268.26770,
18.446150, 260.49873, 4.0214420, 268.90127, 268.20760,
18.460529, 270.52337, 4.1287259, 268.65309, 268.14213,
18.474911, 270.10965, 4.1457930, 268.39842, 268.07116,
18.489281, 272.59355, 5.2982286, 268.13591, 267.99467,
18.503660, 264.71283, 5.4057529, 267.86360, 267.91244,
18.518030, 259.62617, 4.1135668, 267.58102, 267.82453,
18.532391, 273.68013, 3.8078898, 267.28876, 267.73105,
18.546761, 271.20478, 4.0195485, 266.98718, 267.63197,
18.561119, 262.41160, 4.3008857, 266.67747, 267.52754,
18.575480, 274.74183, 4.5646445, 266.36007, 267.41777,
18.589840, 266.73808, 4.2655805, 266.03573, 267.30277,
18.604191, 271.72985, 3.9956484, 265.70540, 267.18272,
18.618549, 276.81163, 4.0553215, 265.36939, 267.05756,
18.632900, 271.82162, 3.7078618, 265.02875, 266.92752,
18.647240, 266.22795, 3.9520263, 264.68429, 266.79274,
18.661591, 270.78587, 4.3289736, 264.33616, 266.65308,
18.675930, 266.26048, 4.2382862, 263.98558, 266.50886,
18.690269, 275.27563, 4.4228870, 263.63299, 266.36005,
18.704611, 283.84857, 4.6123105, 263.27901, 266.20672,
18.718941, 279.24747, 4.2574646, 262.92466, 266.04909,
18.733271, 268.58007, 4.0642482, 262.57034, 265.88712,
18.747601, 271.64408, 4.2456805, 262.21674, 265.72089,
18.761930, 286.78607, 4.7974801, 261.86453, 265.55047,
18.776260, 272.65005, 4.5921414, 261.51440, 265.37595,
18.790581, 274.86458, 4.4531176, 261.16727, 265.19751,
18.804899, 272.47045, 4.3628441, 260.82364, 265.01513,
18.819220, 280.60378, 4.2942399, 260.48410, 264.82885,
18.833530, 286.54072, 4.5845176, 260.14962, 264.63888,
18.847839, 279.98288, 4.8031028, 259.82071, 264.44519,
18.862150, 283.39040, 5.1751168, 259.49799, 264.24779,
18.876459, 291.80642, 5.0693224, 259.18224, 264.04681,
18.890770, 290.61180, 4.8966915, 258.87409, 263.84226,
18.905069, 290.84135, 4.8502169, 258.57455, 263.63438,
18.919371, 284.59755, 4.8272299, 258.28405, 263.42306,
18.933670, 294.56762, 5.5390625, 258.00340, 263.20841,
18.947960, 294.91877, 5.0125337, 257.73349, 262.99061,
18.962250, 278.96703, 5.2481001, 257.47486, 262.76957,
18.976540, 289.09212, 5.3646883, 257.22829, 262.54535,
18.990829, 288.52870, 5.5892643, 256.99453, 262.31801,
19.005119, 281.63995, 5.3976139, 256.77438, 262.08760,
19.019400, 279.66058, 4.8773882, 256.56875, 261.85433,
19.033680, 270.53498, 4.7051573, 256.37830, 261.61809,
19.047960, 263.60775, 5.3186095, 256.20385, 261.37895,
19.062229, 280.72685, 6.0213396, 256.04635, 261.13715,
19.076500, 279.12298, 6.8991355, 255.90647, 260.89251,
19.090771, 263.65377, 5.8710464, 255.78509, 260.64511,
19.105040, 273.61767, 6.1158372, 255.68311, 260.39504,
19.119310, 278.13207, 5.3825124, 255.60140, 260.14227,
19.133570, 271.98908, 5.4473332, 255.54090, 259.88709,
19.147829, 256.86973, 7.7107813, 255.50249, 259.62934,
19.162090, 282.33642, 28.854482, 255.48709, 259.36903,
19.176340, 265.15012, 6.1836775, 255.49567, 259.10644,
19.190599, 257.79050, 6.1946234, 255.52922, 258.84125,
19.204849, 262.81362, 6.6713295, 255.58870, 258.57383,
19.219101, 268.59870, 6.5043433, 255.67517, 258.30401,
19.233339, 250.45129, 5.5145446, 255.78955, 258.03214,
19.247580, 259.95728, 5.9552413, 255.93300, 257.75795,
19.261820, 262.32813, 5.9667915, 256.10661, 257.48153,
19.276060, 250.93080, 6.1198576, 256.31150, 257.20290,
19.290300, 258.34393, 7.9443152, 256.54883, 256.92211,
19.304529, 248.89882, 6.3742484, 256.81954, 256.63941,
19.318760, 262.60095, 7.5391888, 257.12506, 256.35459,
19.332991, 263.10713, 6.9301307, 257.46660, 256.06770,
19.347219, 250.48314, 7.3081647, 257.84536, 255.77883,
19.361441, 252.55104, 6.8121414, 258.26245, 255.48812,
19.375660, 252.16172, 8.2119457, 258.71934, 255.19549,
19.389879, 222.03157, 7.2705824, 259.21744, 254.90093,
19.404100, 254.30907, 7.3305365, 259.75823, 254.60443,
19.418310, 246.70333, 8.9218193, 260.34259, 254.30631,
19.432520, 264.10115, 7.6552189, 260.97241, 254.00635,
