# wave, flux, fluxerr, continuum, continuum_plateau
9.9725246, 136.94012, 3.3738801, 158.71671, 158.61492,
9.9806166, 139.92230, 3.9324544, 157.53702, 157.45180,
9.9887066, 138.06608, 3.3924641, 156.39725, 156.32661,
9.9967957, 140.00940, 3.4307593, 155.29647, 155.23859,
10.004880, 140.62225, 3.7436076, 154.23442, 154.18762,
10.012970, 140.40805, 3.6691080, 153.20901, 153.17176,
10.021050, 145.95830, 3.3641855, 152.22142, 152.19230,
10.029140, 146.36647, 3.5618514, 151.26860, 151.24635,
10.037220, 152.66995, 4.1657085, 150.35222, 150.33566,
10.045300, 145.11623, 3.3645282, 149.47031, 149.45842,
10.053380, 136.49270, 3.5233940, 148.62211, 148.61394,
10.061460, 141.62180, 7.6515174, 147.80714, 147.80187,
10.069540, 144.90335, 3.6127606, 147.02455, 147.02145,
10.077610, 146.11135, 3.0082418, 146.27474, 146.27316,
10.085690, 146.42257, 3.3055714, 145.55519, 145.55459,
10.093760, 149.55287, 3.5085305, 144.86699, 144.86688,
10.101830, 141.51265, 3.0038465, 144.20863, 144.20862,
10.109900, 141.08105, 2.8039115, 143.57942, 143.57918,
10.117970, 142.29535, 3.1598479, 142.97891, 142.97818,
10.126040, 140.42088, 3.0877134, 142.40643, 142.40501,
10.134100, 140.28172, 2.8091683, 141.86206, 141.85980,
10.142170, 141.45707, 2.9107955, 141.34382, 141.34063,
10.150230, 135.63905, 2.9101241, 140.85241, 140.84824,
10.158300, 139.44588, 2.9475444, 140.38610, 140.38095,
10.166360, 136.31222, 2.6918458, 139.94549, 139.93939,
10.174420, 132.98420, 2.8053987, 139.52936, 139.52237,
10.182470, 131.20090, 2.7400346, 139.13770, 139.12993,
10.190530, 133.98290, 2.7550851, 138.76900, 138.76056,
10.198590, 130.53765, 2.5701372, 138.42316, 138.41419,
10.206640, 138.66193, 3.0059126, 138.10011, 138.09078,
10.214690, 133.70443, 2.8641752, 137.79886, 137.78935,
10.222750, 133.28005, 2.9131144, 137.51858, 137.50907,
10.230800, 132.40795, 2.7521127, 137.25943, 137.25012,
10.238850, 135.21917, 2.9656969, 137.02056, 137.01164,
10.246890, 134.14408, 2.8091166, 136.80173, 136.79340,
10.254940, 130.39605, 3.0834688, 136.60192, 136.59438,
10.262990, 136.41750, 3.7976966, 136.42093, 136.41436,
10.271030, 135.05365, 2.9894183, 136.25845, 136.25303,
10.279070, 132.03515, 3.1730308, 136.11381, 136.10971,
10.287120, 136.62160, 2.9264310, 135.98635, 135.98372,
10.295150, 135.95600, 3.4792399, 135.87608, 135.87505,
10.303190, 139.65698, 3.0579179, 135.78210, 135.78280,
10.311230, 136.17993, 3.8573180, 135.70527, 135.70777,
10.319270, 128.80808, 4.2877125, 135.64772, 135.65208,
10.327300, 132.10280, 3.4479258, 135.61172, 135.61798,
10.335340, 140.60340, 3.6905791, 135.59944, 135.60758,
10.343370, 139.26667, 3.4887549, 135.61316, 135.62313,
10.351400, 130.24392, 3.8057835, 135.65511, 135.66681,
10.359430, 135.11053, 3.5878894, 135.72754, 135.74084,
10.367460, 132.33087, 3.1961657, 135.83274, 135.84743,
10.375480, 120.91665, 3.6208559, 135.97277, 135.98861,
10.383510, 126.66980, 5.1851330, 136.15030, 136.16695,
10.391530, 130.71473, 5.0443014, 136.36717, 136.38426,
10.399560, 119.08043, 2.6734880, 136.62623, 136.64328,
10.407580, 120.99665, 2.5938537, 136.92917, 136.94562,
10.415600, 137.65460, 2.8983661, 137.27856, 137.29377,
10.423620, 132.66213, 2.8969793, 137.67683, 137.69004,
10.431640, 138.72847, 2.6777239, 138.12622, 138.13659,
10.439650, 139.89388, 2.8258180, 138.62853, 138.63509,
10.447670, 131.02958, 3.2273969, 139.18739, 139.18904,
10.455680, 143.46288, 2.9408612, 139.80349, 139.79903,
10.463700, 144.46453, 3.2842158, 140.47806, 140.46634,
10.471710, 130.43680, 2.9326501, 141.20752, 141.18756,
10.479720, 135.54705, 3.0762173, 141.99088, 141.96188,
10.487730, 132.77630, 3.0437575, 142.82634, 142.78763,
10.495730, 138.08570, 2.9165490, 143.71103, 143.66209,
10.503740, 131.35112, 4.7931092, 144.64528, 144.58571,
10.511750, 139.09148, 4.1250516, 145.62629, 145.55582,
10.519750, 134.10325, 3.5397411, 146.65094, 146.56944,
10.527750, 143.30365, 3.8663229, 147.71889, 147.62631,
10.535750, 146.98635, 4.2679489, 148.82828, 148.72469,
10.543750, 140.41642, 4.5622120, 149.97728, 149.86282,
10.551750, 154.57333, 4.0809387, 151.16445, 151.03938,
10.559750, 153.25543, 4.3128864, 152.38782, 152.25247,
10.567850, 155.57647, 3.0295189, 153.66197, 153.51661,
10.576350, 160.96142, 3.0844824, 155.03529, 154.87997,
10.584840, 169.77327, 3.0606184, 156.44209, 156.27742,
10.593340, 165.01135, 2.9112710, 157.88386, 157.71053,
10.601830, 165.78677, 2.8494493, 159.35509, 159.17385,
10.610330, 170.20763, 3.7923076, 160.85744, 160.66910,
10.618820, 174.65800, 3.1183220, 162.38543, 162.19087,
10.627310, 172.74417, 2.9613902, 163.93862, 163.73876,
10.635800, 165.58870, 3.1544626, 165.51543, 165.31123,
10.644280, 172.48735, 3.8173470, 167.11178, 166.90424,
10.652770, 175.59603, 3.2004062, 168.72952, 168.51968,
10.661250, 179.36582, 3.2796275, 170.36311, 170.15205,
10.669740, 173.31080, 3.2157525, 172.01433, 171.80315,
10.678220, 169.68702, 3.3045613, 173.67756, 173.46739,
10.686700, 179.97513, 3.5624130, 175.35277, 175.14477,
10.695180, 183.80022, 3.7897582, 177.03808, 176.83343,
10.703650, 182.22507, 3.5976710, 178.72969, 178.52958,
10.712130, 190.47970, 3.4573299, 180.42934, 180.23500,
10.720600, 183.97863, 3.4999308, 182.13173, 181.94438,
10.729080, 198.39012, 3.3940332, 183.83861, 183.65953,
10.737550, 197.58032, 3.7600436, 185.54410, 185.37454,
10.746020, 192.53595, 3.4924778, 187.24861, 187.08987,
10.754490, 197.90975, 3.1830234, 188.94991, 188.80330,
10.762960, 199.22485, 3.2890118, 190.64650, 190.51335,
10.771420, 198.19162, 3.4301185, 192.33405, 192.21568,
10.779890, 201.23060, 3.5002363, 194.01525, 193.91305,
10.788350, 203.71393, 3.3012982, 195.68387, 195.59922,
10.796810, 202.88985, 3.5487435, 197.34013, 197.27445,
10.805270, 205.32425, 3.6614540, 198.98216, 198.93688,
10.813730, 198.67540, 3.5074836, 200.60807, 200.58468,
10.822190, 202.61327, 3.3270711, 202.21598, 202.21598,
10.830650, 201.80825, 4.4067395, 203.80437, 203.82928,
10.839100, 202.65873, 3.6246609, 205.37125, 205.42246,
10.847560, 206.63042, 3.8850328, 206.92083, 206.99966,
10.856010, 210.37785, 3.8424811, 208.44975, 208.55735,
10.864460, 219.83612, 3.9710290, 209.95988, 210.09731,
10.872910, 212.25732, 3.8898370, 211.45170, 211.61991,
10.881360, 235.78133, 3.9636934, 212.92566, 213.12549,
10.889800, 237.25025, 4.0930973, 214.38008, 214.61223,
10.898250, 230.17227, 5.2463197, 215.81870, 216.08384,
10.906690, 242.31318, 4.5970646, 217.23853, 217.53716,
10.915140, 252.77402, 4.5475262, 218.64320, 218.97582,
10.923580, 265.96600, 5.6322233, 220.02950, 220.39641,
10.932020, 272.81400, 5.3095734, 221.39943, 221.80089,
10.940460, 272.45229, 5.3616657, 222.75325, 223.18944,
10.948890, 278.61023, 5.3393225, 224.08954, 224.56052,
10.957330, 281.89120, 4.9957655, 225.41188, 225.91770,
10.965760, 321.45214, 4.4234730, 226.71736, 227.25793,
10.974200, 352.91348, 4.3289560, 228.00916, 228.58439,
10.982630, 389.42420, 4.4114745, 229.28445, 229.89410,
10.991060, 412.70287, 5.4890109, 230.54521, 231.18901,
10.999490, 419.39668, 4.6295920, 231.79137, 232.46898,
11.007920, 409.46183, 4.5361474, 233.02343, 233.73445,
11.016340, 403.48142, 4.4516923, 234.23994, 234.98388,
11.024770, 398.93940, 4.5476706, 235.44401, 236.22040,
11.033190, 398.96033, 6.0039477, 236.63311, 237.44133,
11.041610, 391.67020, 4.5831486, 237.80881, 238.64825,
11.050030, 383.07282, 4.6189132, 238.97130, 239.84129,
11.058450, 373.00645, 4.9085982, 240.12077, 241.02058,
11.066870, 365.50672, 4.7665403, 241.25740, 242.18627,
11.075290, 354.51028, 5.5617861, 242.38136, 243.33850,
11.083700, 355.92942, 4.9560386, 243.49160, 244.47611,
11.092120, 359.58428, 5.2441843, 244.59079, 245.60182,
11.100530, 376.62280, 6.0369139, 245.67648, 246.71309,
11.108940, 383.21543, 5.3867745, 246.75035, 247.81158,
11.117350, 390.62042, 7.7887827, 247.81232, 248.89717,
11.120570, 404.37845, 4.6553934, 248.21592, 249.30955,
11.129530, 425.44415, 4.5680646, 249.32988, 250.44714,
11.138500, 457.86115, 4.6505581, 250.43217, 251.57187,
11.147460, 494.94793, 4.9497357, 251.52038, 252.68128,
11.156430, 564.85652, 5.3277672, 252.59726, 253.77811,
11.165390, 647.21436, 5.3958809, 253.66044, 254.85993,
11.174350, 758.89330, 5.7425927, 254.71136, 255.92818,
11.183300, 902.48947, 6.6153388, 255.74909, 256.98189,
11.192260, 1046.5132, 7.0002587, 256.77599, 258.02344,
11.201220, 1126.0400, 6.9198556, 257.79111, 259.05183,
11.210170, 1170.0135, 6.9951258, 258.79353, 260.06614,
11.219120, 1163.4837, 7.3499689, 259.78449, 261.06759,
11.228070, 1177.4068, 7.3963314, 260.76413, 262.05632,
11.237020, 1173.0492, 6.9951671, 261.73248, 263.03235,
11.245970, 1182.9260, 7.1257193, 262.68988, 263.99602,
11.254920, 1155.0048, 7.2796885, 263.63637, 264.94735,
11.263860, 1130.0128, 7.1877982, 264.57097, 265.88537,
11.272800, 1107.5790, 6.8218736, 265.49502, 266.81143,
11.281750, 1060.9625, 6.7923522, 266.40942, 267.72642,
11.290690, 1009.7894, 6.8628771, 267.31253, 268.62870,
11.299630, 950.37102, 6.6338381, 268.20523, 269.51917,
11.308560, 917.41531, 6.3578162, 269.08681, 270.39713,
11.317500, 863.14064, 6.2393827, 269.95925, 271.26457,
11.326430, 828.55687, 6.3550527, 270.82079, 272.11973,
11.335370, 783.12741, 6.0057749, 271.67337, 272.96456,
11.344300, 743.13972, 5.7006104, 272.51526, 273.79738,
11.353230, 713.79015, 5.5882900, 273.34747, 274.61919,
11.362160, 681.64392, 5.7049354, 274.17000, 275.43001,
11.371080, 646.28362, 5.4615461, 274.98224, 276.22928,
11.380010, 624.41052, 5.1293416, 275.78584, 277.01863,
11.388930, 614.37152, 5.1338358, 276.57934, 277.79665,
11.397850, 582.19850, 5.2801719, 277.36350, 278.56413,
11.406780, 567.67458, 5.6585044, 278.13938, 279.32213,
11.415700, 547.47083, 4.8331819, 278.90523, 280.06897,
11.424610, 528.97805, 4.8443693, 279.66122, 280.80485,
11.433530, 534.07562, 5.0791601, 280.40904, 281.53146,
11.442450, 503.32879, 4.8908224, 281.14793, 282.24808,
11.451360, 488.35310, 4.6327946, 281.87718, 282.95407,
11.460270, 467.00703, 4.6955042, 282.59762, 283.65028,
11.469180, 460.56718, 4.8187866, 283.30931, 284.33680,
11.478090, 444.05433, 4.7700294, 284.01230, 285.01372,
11.487000, 432.88972, 4.6552834, 284.70663, 285.68113,
11.495910, 427.59005, 5.0407557, 285.39226, 286.33905,
11.504810, 402.66170, 4.8292510, 286.06867, 286.98700,
11.513710, 406.96622, 5.0073200, 286.73648, 287.62564,
11.522620, 398.93145, 4.6118741, 287.39656, 288.25587,
11.531520, 392.19387, 4.5766023, 288.04740, 288.87627,
11.540420, 382.13467, 5.1031808, 288.68980, 289.48767,
11.549310, 394.95463, 5.9787872, 289.32311, 290.08951,
11.558210, 367.79889, 4.7963265, 289.94877, 290.68322,
11.567100, 376.54684, 4.6159285, 290.56527, 291.26742,
11.576000, 361.07246, 5.0088761, 291.17421, 291.84367,
11.584890, 350.08788, 5.0800080, 291.77409, 292.41064,
11.593780, 343.24287, 4.8895158, 292.36558, 292.96902,
11.602670, 347.31314, 5.1098670, 292.94882, 293.51900,
11.611560, 346.06442, 5.6884412, 293.52376, 294.06058,
11.620440, 339.20190, 7.0263053, 294.08971, 294.59322,
11.629330, 326.04067, 5.5306921, 294.64803, 295.11824,
11.638210, 323.90460, 5.2009492, 295.19744, 295.63451,
11.647090, 317.63035, 5.5562039, 295.73849, 296.14262,
11.655970, 308.06290, 5.7813463, 296.27122, 296.64269,
11.664850, 308.63788, 4.4105613, 296.79568, 297.13483,
11.673730, 309.15082, 3.4882619, 297.31174, 297.61900,
11.682600, 308.13140, 3.6629633, 297.81890, 298.09480,
11.691480, 315.40243, 3.9350120, 298.31822, 298.56332,
11.700350, 310.45397, 4.0584041, 298.80861, 299.02361,
11.709220, 318.73845, 8.9001033, 299.29058, 299.47622,
11.718090, 324.46255, 4.4447131, 299.76410, 299.92123,
11.726960, 316.56822, 4.5248578, 300.22914, 300.35867,
11.735830, 306.56577, 4.2209338, 300.68567, 300.78862,
11.744690, 318.00487, 4.8002551, 301.13312, 301.21062,
11.753560, 310.48397, 4.4783570, 301.57250, 301.62572,
11.762420, 298.59592, 4.2331136, 302.00275, 302.03300,
11.771280, 304.95164, 7.7039411, 302.42437, 302.43304,
11.775020, 304.43292, 4.0469935, 302.59969, 302.59969,
11.784500, 305.29488, 4.4037444, 303.03720, 303.01642,
11.793980, 299.72308, 4.2451452, 303.46462, 303.42473,
11.803460, 312.70498, 4.9389013, 303.88197, 303.82456,
11.812940, 305.03503, 3.8048746, 304.28913, 304.21569,
11.822420, 309.92323, 3.9525286, 304.68610, 304.59807,
11.831890, 308.67212, 3.9470213, 305.07237, 304.97111,
11.841360, 314.21475, 4.3630629, 305.44831, 305.33511,
11.850840, 322.49520, 3.7904920, 305.81421, 305.69028,
11.860310, 320.75415, 3.9621085, 306.16926, 306.03576,
11.869770, 326.00747, 3.9051473, 306.51341, 306.37144,
11.879240, 321.88071, 3.7486578, 306.84728, 306.69785,
11.888710, 331.73277, 3.7248019, 307.17042, 307.01451,
11.898170, 333.94138, 4.1434019, 307.48244, 307.32097,
11.907630, 338.60490, 3.9486990, 307.78353, 307.61737,
11.917090, 343.16315, 4.0386955, 308.07367, 307.90362,
11.926550, 334.76414, 4.1814987, 308.35269, 308.17952,
11.936010, 339.43224, 4.1097363, 308.62053, 308.44497,
11.945470, 346.19895, 4.1948839, 308.87703, 308.69976,
11.954920, 356.15042, 4.1532874, 309.12186, 308.94352,
11.964370, 339.73433, 4.0894936, 309.35516, 309.17637,
11.973830, 350.64977, 3.7116867, 309.57706, 309.39838,
11.983280, 348.96833, 3.8318397, 309.78692, 309.60890,
11.992720, 355.58633, 3.8439907, 309.98465, 309.80781,
12.002170, 353.18996, 3.7699129, 310.17056, 309.99538,
12.011610, 340.31473, 3.6128688, 310.34411, 310.17106,
12.021060, 338.89592, 3.7410498, 310.50549, 310.33503,
12.030500, 334.91064, 3.7291831, 310.65423, 310.48679,
12.039940, 342.71018, 3.6803779, 310.79034, 310.62633,
12.049380, 338.32415, 3.6112878, 310.91367, 310.75351,
12.058820, 334.96242, 3.7544370, 311.02403, 310.86813,
12.068250, 335.65595, 3.7710408, 311.12118, 310.96993,
12.077690, 325.44707, 3.6729515, 311.20515, 311.05894,
12.087120, 334.03158, 3.6367440, 311.27556, 311.13480,
12.096550, 322.80198, 3.7157286, 311.33234, 311.19742,
12.105980, 321.77218, 3.8222778, 311.37528, 311.24663,
12.115410, 316.99943, 3.7596148, 311.40420, 311.28224,
12.124830, 313.13105, 3.6202853, 311.41889, 311.30405,
12.134260, 312.02345, 3.7113421, 311.41917, 311.31191,
12.143680, 311.67430, 3.8659457, 311.40482, 311.30562,
12.153100, 321.75988, 4.0372822, 311.37564, 311.28500,
12.162520, 317.88927, 4.5084986, 311.33141, 311.24985,
12.171940, 310.82555, 3.8092892, 311.27190, 311.19999,
12.181360, 320.37657, 4.0442550, 311.19686, 311.13520,
12.190770, 315.72118, 4.2685211, 311.10618, 311.05539,
12.200180, 320.75872, 4.0842822, 310.99952, 310.96029,
12.209600, 306.21807, 3.9614879, 310.87650, 310.84957,
12.219010, 312.32607, 4.1454667, 310.73713, 310.72325,
12.228420, 308.51298, 4.2256116, 310.58102, 310.58102,
12.237820, 308.91212, 4.3041419, 310.40821, 310.42293,
12.247230, 316.93586, 4.2696512, 310.21855, 310.24880,
12.256630, 326.05530, 4.8087707, 310.01280, 310.05926,
12.266040, 409.21853, 5.1406796, 309.79089, 309.85417,
12.275440, 862.13109, 7.7272425, 309.55360, 309.63420,
12.284840, 905.56488, 7.5348583, 309.30106, 309.39942,
12.294230, 414.34457, 5.3239764, 309.03384, 309.15028,
12.303630, 337.28177, 6.6826497, 308.75176, 308.88657,
12.313030, 333.48988, 5.2243100, 308.45534, 308.60873,
12.322420, 331.45430, 6.5383552, 308.14527, 308.31735,
12.331810, 334.10460, 4.0303562, 307.82153, 308.01236,
12.341200, 337.99020, 3.3662620, 307.48441, 307.69400,
12.350590, 350.23345, 3.6630376, 307.13421, 307.36249,
12.359980, 345.07198, 3.6379908, 306.77121, 307.01807,
12.369360, 346.97792, 3.7024429, 306.39608, 306.66134,
12.378750, 342.97820, 3.7909238, 306.00834, 306.29178,
12.388130, 350.63792, 3.9505987, 305.60904, 305.91039,
12.397510, 345.24688, 4.2715381, 305.19810, 305.51704,
12.406890, 355.11546, 4.0906541, 304.77571, 305.11187,
12.416270, 362.60390, 3.9858710, 304.34217, 304.69515,
12.425640, 366.60864, 5.7577686, 303.89822, 304.26758,
12.435020, 365.77605, 4.1753654, 303.44313, 303.82840,
12.444390, 364.12017, 4.1064903, 302.97816, 303.37882,
12.453760, 361.22285, 4.1285891, 302.50305, 302.91855,
12.463130, 360.69373, 4.2754967, 302.01803, 302.44781,
12.472500, 371.31045, 5.1830925, 301.52334, 301.96681,
12.481870, 376.43617, 5.7447726, 301.01921, 301.47574,
12.489420, 384.24172, 4.3088013, 300.60627, 301.07286,
12.499490, 394.53895, 4.8241556, 300.04641, 300.52575,
12.509550, 398.93336, 4.3106672, 299.47693, 299.96823,
12.519610, 410.12601, 4.2351127, 298.89758, 299.40002,
12.529670, 406.76855, 4.2229029, 298.30868, 298.82144,
12.539730, 409.44431, 4.3772956, 297.71037, 298.23260,
12.549780, 411.36063, 4.4657389, 297.10360, 297.63445,
12.559840, 415.29900, 4.1989968, 296.48736, 297.02596,
12.569890, 420.40747, 4.1360541, 295.86317, 296.40865,
12.579940, 416.59699, 4.2163173, 295.23066, 295.78212,
12.589990, 433.10462, 4.3297108, 294.59005, 295.14660,
12.600040, 446.73805, 4.3259890, 293.94152, 294.50227,
12.610090, 450.89304, 4.2065134, 293.28542, 293.84948,
12.620130, 459.71700, 4.6762167, 292.62263, 293.18909,
12.630170, 464.55585, 4.3511898, 291.95262, 292.52059,
12.640210, 473.72675, 4.4577620, 291.27568, 291.84427,
12.650250, 470.48732, 4.2553893, 290.59202, 291.16035,
12.660290, 476.04882, 4.2491974, 289.90193, 290.46912,
12.670330, 483.52543, 4.3567502, 289.20550, 289.77067,
12.680360, 498.21640, 4.4526503, 288.50374, 289.06604,
12.690390, 517.53767, 4.4313632, 287.79612, 288.35470,
12.700420, 526.58037, 4.3737910, 287.08279, 287.63682,
12.710450, 542.07059, 4.5263789, 286.36410, 286.91274,
12.720480, 547.11493, 4.6828484, 285.64016, 286.18261,
12.730500, 547.50366, 5.5685583, 284.91188, 285.44735,
12.740530, 548.58331, 4.4625350, 284.17806, 284.70577,
12.750550, 531.44792, 4.6761654, 283.44030, 283.95951,
12.760570, 529.95119, 4.8477571, 282.69816, 283.20812,
12.770590, 539.74358, 4.8960459, 281.95169, 282.45169,
12.780610, 531.89060, 4.5933674, 281.20115, 281.69050,
12.790620, 512.34425, 4.3865277, 280.44751, 280.92555,
12.800640, 501.97755, 4.2666530, 279.68939, 280.15546,
12.810650, 492.13045, 4.2931905, 278.92856, 279.38203,
12.820660, 483.40390, 4.2632323, 278.16439, 278.60468,
12.830670, 455.34477, 4.0305793, 277.39701, 277.82353,
12.840680, 431.14346, 3.9621823, 276.62673, 277.03893,
12.850680, 403.82952, 3.9161269, 275.85439, 276.25178,
12.860690, 379.66062, 3.8882332, 275.07870, 275.46076,
12.870690, 370.32528, 3.7748532, 274.30131, 274.66759,
12.880690, 352.67195, 3.6289388, 273.52173, 273.87180,
12.890690, 346.91234, 3.6706961, 272.73999, 273.07343,
12.900680, 323.34867, 3.6326736, 271.95715, 272.27360,
12.910680, 320.10325, 3.7640312, 271.17173, 271.47084,
12.920670, 307.67427, 3.5199631, 270.38557, 270.66702,
12.930670, 301.98631, 3.4954247, 269.59717, 269.86066,
12.940660, 297.78437, 3.5403167, 268.80827, 269.05357,
12.950640, 286.24298, 3.6276151, 268.01921, 268.24611,
12.960630, 282.86245, 3.6723254, 267.22835, 267.43662,
12.970620, 285.19492, 3.5641852, 266.43681, 266.62631,
12.980600, 279.89147, 3.5830412, 265.64546, 265.81607,
12.990580, 280.11168, 3.7921623, 264.85379, 265.00540,
13.000560, 275.15392, 3.7006275, 264.06179, 264.19435,
13.010540, 267.55730, 3.6985823, 263.26972, 263.38318,
13.020520, 264.49625, 3.7907378, 262.47774, 262.57210,
13.030490, 264.28405, 3.8523674, 261.68685, 261.76216,
13.040470, 262.72547, 4.3219013, 260.89554, 260.95184,
13.050440, 259.90573, 3.9086624, 260.10566, 260.14306,
13.060410, 258.26745, 4.2569080, 259.31652, 259.33514,
13.070380, 255.86238, 4.0829455, 258.52822, 258.52822,
13.080350, 261.71437, 4.2120159, 257.74107, 257.72263,
13.090310, 256.89120, 4.2116712, 256.95581, 256.91916,
13.100280, 261.77552, 4.3249675, 256.17101, 256.11635,
13.110240, 259.90880, 4.2372116, 255.38824, 255.31582,
13.120200, 258.73732, 4.5101079, 254.60680, 254.51691,
13.130160, 257.65315, 4.4885475, 253.82676, 253.71967,
13.140110, 259.63758, 3.6055865, 253.04901, 252.92505,
13.150070, 265.82180, 2.9604829, 252.27197, 252.13145,
13.160020, 262.87262, 3.2933617, 251.49736, 251.34062,
13.169980, 256.09900, 3.5646844, 250.72359, 250.55099,
13.179930, 257.20591, 3.4730138, 249.95238, 249.76431,
13.189870, 263.28315, 3.8930746, 249.18371, 248.98058,
13.199820, 256.97655, 3.5549713, 248.41618, 248.19837,
13.209770, 250.91675, 3.4916954, 247.65051, 247.41847,
13.219710, 254.17228, 3.2697322, 246.88767, 246.64185,
13.229650, 260.10337, 3.8783675, 246.12699, 245.86785,
13.239590, 256.99810, 3.7532225, 245.36840, 245.09640,
13.249530, 248.17945, 3.3259666, 244.61203, 244.32768,
13.259470, 244.11445, 3.4860064, 243.85798, 243.56177,
13.269410, 257.17358, 3.4471612, 243.10631, 242.79876,
13.279340, 252.52478, 3.6850773, 242.35789, 242.03954,
13.289270, 250.53894, 3.6933639, 241.61193, 241.28332,
13.299200, 256.66827, 3.8944825, 240.86865, 240.53035,
13.309130, 244.74048, 4.1275983, 240.12807, 239.78063,
13.318260, 244.77269, 3.3039711, 239.44953, 239.09421,
13.328980, 248.43588, 3.2574676, 238.65594, 238.29198,
13.339690, 249.07619, 3.2483650, 237.86654, 237.49465,
13.350400, 251.93565, 3.2755030, 237.08066, 236.70155,
13.361120, 248.60933, 3.2666925, 236.29765, 235.91203,
13.371830, 249.36667, 3.0467939, 235.51916, 235.12776,
13.382530, 246.65685, 2.9910694, 234.74520, 234.34876,
13.393240, 248.43412, 3.0972175, 233.97452, 233.57378,
13.403940, 254.24403, 3.1690980, 233.20861, 232.80432,
13.414650, 254.94767, 3.4330294, 232.44622, 232.03913,
13.425350, 249.55817, 2.9461020, 231.68881, 231.27968,
13.436050, 252.61850, 2.9841194, 230.93584, 230.52544,
13.446740, 253.17352, 3.0223122, 230.18816, 229.77724,
13.457440, 257.54079, 3.1529753, 229.44443, 229.03376,
13.468130, 267.19535, 3.0414857, 228.70623, 228.29657,
13.478830, 261.27502, 2.9570430, 227.97224, 227.56436,
13.489520, 266.16053, 2.9797430, 227.24404, 226.83869,
13.500200, 261.26817, 3.0441832, 226.52168, 226.11962,
13.510890, 265.75935, 3.0411398, 225.80401, 225.40598,
13.521570, 278.36507, 3.0514959, 225.09245, 224.69920,
13.532260, 285.28527, 3.0104628, 224.38587, 223.99813,
13.542940, 289.37975, 3.0725317, 223.68567, 223.30416,
13.553620, 282.55020, 3.1524675, 222.99138, 222.61681,
13.564290, 274.34905, 3.0815746, 222.30381, 221.93687,
13.574970, 267.08300, 2.9993578, 221.62177, 221.26315,
13.585640, 270.01890, 2.9264260, 220.94675, 220.59711,
13.596320, 269.50843, 3.0878208, 220.27758, 219.93758,
13.606990, 264.80717, 3.1197330, 219.61575, 219.28600,
13.617650, 262.27352, 3.6320440, 218.96133, 218.64244,
13.628320, 254.44623, 2.9700276, 218.31333, 218.00589,
13.638980, 250.17455, 2.9274722, 217.67308, 217.37763,
13.649650, 248.53523, 3.0276185, 217.03961, 216.75669,
13.660310, 237.67987, 3.0682700, 216.41422, 216.14433,
13.670970, 234.58458, 3.2159109, 215.79654, 215.54014,
13.681630, 236.39037, 2.8923501, 215.18674, 214.94427,
13.692280, 240.33838, 3.3837595, 214.58562, 214.35746,
13.702940, 231.82072, 2.9990895, 213.99216, 213.77870,
13.713590, 229.76795, 3.1509317, 213.40775, 213.20928,
13.724240, 225.12040, 2.9203682, 212.83194, 212.64875,
13.734890, 225.79587, 3.0627422, 212.26505, 212.09737,
13.745530, 216.80653, 2.8300749, 211.70772, 211.55572,
13.756180, 221.04560, 2.9139464, 211.15918, 211.02300,
13.766820, 215.74325, 2.9927519, 210.62061, 210.50033,
13.777460, 222.28600, 3.0183976, 210.09176, 209.98740,
13.788100, 205.59888, 2.7764010, 209.57284, 209.48437,
13.798740, 209.12175, 2.9890971, 209.06409, 208.99142,
13.809380, 210.72015, 3.2373793, 208.56579, 208.50877,
13.820010, 206.52428, 2.9592767, 208.07853, 208.03691,
13.830640, 212.54165, 3.0102782, 207.60219, 207.57568,
13.841270, 204.43145, 2.9036268, 207.13694, 207.12516,
13.851900, 204.56118, 2.9336489, 206.68311, 206.68563,
13.862530, 206.66142, 3.7676580, 206.24076, 206.25708,
13.873150, 204.49277, 3.4476886, 205.80998, 205.83963,
13.883780, 201.82563, 3.2207407, 205.38966, 205.43221,
13.894400, 209.18010, 3.1696708, 204.98021, 205.03525,
13.905020, 205.85960, 3.3840013, 204.58093, 204.64807,
13.915640, 207.30302, 3.3917765, 204.19148, 204.27037,
13.926250, 206.10425, 3.3305373, 203.81188, 203.90217,
13.936870, 210.95203, 3.3887306, 203.44117, 203.54256,
13.947480, 209.99137, 3.2802317, 203.07963, 203.19180,
13.958090, 218.54030, 3.5600525, 202.72668, 202.84935,
13.968700, 220.16027, 3.7800412, 202.38196, 202.51484,
13.979310, 206.24467, 4.0630262, 202.04524, 202.18805,
13.989910, 212.02647, 3.9943685, 201.71646, 201.86893,
14.000520, 213.64640, 4.1129687, 201.39477, 201.55663,
14.011120, 216.67960, 4.5913097, 201.08044, 201.25142,
14.021720, 215.27990, 3.9878366, 200.77289, 200.95273,
14.032320, 215.81895, 4.3866873, 200.47186, 200.66027,
14.042920, 202.43048, 4.0520022, 200.17705, 200.37377,
14.053510, 208.59975, 4.3405107, 199.88849, 200.09321,
14.064110, 210.63797, 4.9918725, 199.60532, 199.81775,
14.074700, 198.72715, 4.6959062, 199.32782, 199.54765,
14.085290, 192.06282, 4.7159408, 199.05548, 199.28240,
14.095870, 207.81005, 3.5297616, 198.78825, 199.02192,
14.106460, 205.38673, 3.3951764, 198.52540, 198.76547,
14.117040, 198.57430, 2.7031041, 198.26714, 198.51324,
14.127630, 209.21600, 3.0176470, 198.01273, 198.26447,
14.138210, 207.40013, 3.1247701, 197.76241, 198.01939,
14.148790, 212.26315, 3.1606497, 197.51568, 197.77747,
14.159370, 211.21523, 3.5031527, 197.27229, 197.53845,
14.169940, 218.40410, 3.3069335, 197.03222, 197.30228,
14.180520, 223.63618, 5.8505083, 196.79476, 197.06822,
14.182090, 216.13780, 3.1429901, 196.75976, 197.03368,
14.193560, 217.72570, 2.9795895, 196.50565, 196.78259,
14.205030, 230.20960, 3.1851981, 196.25421, 196.53353,
14.216500, 227.47675, 3.4889673, 196.00519, 196.28619,
14.227970, 237.10103, 6.5139998, 195.75825, 196.04023,
14.239430, 231.98922, 3.1502840, 195.51329, 195.79549,
14.250890, 219.98605, 3.1240686, 195.26981, 195.55144,
14.262350, 214.14328, 3.1971973, 195.02748, 195.30772,
14.273810, 207.71203, 3.4070174, 194.78600, 195.06399,
14.285270, 212.59762, 3.1994200, 194.54509, 194.81993,
14.296730, 211.15420, 3.2014167, 194.30442, 194.57516,
14.308180, 203.10598, 4.1563483, 194.06391, 194.32959,
14.319630, 195.83268, 3.9200580, 193.82305, 194.08265,
14.331080, 206.89592, 3.0747309, 193.58151, 193.83398,
14.342530, 197.98210, 4.2154022, 193.33903, 193.58327,
14.353970, 197.80765, 2.7400016, 193.09552, 193.33040,
14.365410, 205.26247, 2.7349279, 192.85041, 193.07478,
14.376860, 202.33435, 3.0060057, 192.60324, 192.81586,
14.388300, 197.95090, 2.8834334, 192.35409, 192.55374,
14.399730, 197.73067, 2.8912912, 192.10270, 192.28810,
14.411170, 190.06050, 2.5369716, 191.84828, 192.01811,
14.422600, 188.04963, 2.4883252, 191.59101, 191.74391,
14.434030, 187.42183, 2.4939200, 191.33034, 191.46493,
14.445460, 183.43582, 2.6570487, 191.06593, 191.18078,
14.456890, 181.56602, 2.5659842, 190.79751, 190.89116,
14.468320, 190.62498, 2.5249002, 190.52475, 190.59571,
14.479740, 192.64153, 2.5985663, 190.24756, 190.29433,
14.491160, 191.24140, 2.4727440, 189.96540, 189.98641,
14.502580, 183.74503, 2.5473050, 189.67796, 189.67165,
14.514000, 188.07882, 2.5923508, 189.38505, 189.34987,
14.525420, 193.17880, 2.5707886, 189.08692, 189.02154,
14.536830, 191.44677, 2.4495196, 188.78411, 188.68745,
14.548240, 187.58957, 2.5630092, 188.47663, 188.34778,
14.559650, 185.38795, 2.8790884, 188.16469, 188.00299,
14.571060, 188.53910, 2.6535604, 187.84861, 187.65362,
14.582470, 185.10458, 3.0784814, 187.52862, 187.30011,
14.593870, 182.83327, 2.7394660, 187.20525, 186.94324,
14.605270, 186.15110, 2.6650190, 186.87847, 186.58321,
14.616670, 180.96148, 2.5915457, 186.54857, 186.22051,
14.628070, 182.65222, 3.0273605, 186.21574, 185.85556,
14.639470, 173.60798, 2.8705853, 185.88024, 185.48886,
14.650860, 180.64663, 2.5533440, 185.54265, 185.12124,
14.662260, 184.20095, 2.6887406, 185.20256, 184.75248,
14.673650, 176.02468, 2.7648387, 184.86087, 184.38374,
14.685040, 180.42645, 2.6114716, 184.51745, 184.01513,
14.696420, 179.11865, 2.7186977, 184.17293, 183.64751,
14.707810, 184.48640, 2.8049443, 183.82684, 183.28061,
14.719190, 182.54390, 2.7689899, 183.48014, 182.91566,
14.730570, 178.71088, 2.5138884, 183.13266, 182.55272,
14.741950, 178.86745, 2.6522034, 182.78468, 182.19230,
14.753330, 176.26780, 2.6364173, 182.43643, 181.83486,
14.764700, 186.39720, 2.7249719, 182.08847, 181.48121,
14.776080, 173.64070, 2.5502477, 181.74039, 181.13118,
14.787450, 179.09843, 2.7207357, 181.39306, 180.78587,
14.798820, 176.32158, 2.7488017, 181.04641, 180.44544,
14.810190, 174.69410, 2.7553742, 180.70063, 180.11035,
14.821550, 177.68920, 2.8523408, 180.35632, 179.78139,
14.832920, 178.75537, 2.8050652, 180.01309, 179.45847,
14.844280, 175.97170, 2.8200949, 179.67176, 179.14260,
14.855640, 179.35300, 3.0103252, 179.33228, 178.83401,
14.866990, 178.77645, 3.1135320, 178.99521, 178.53343,
14.878350, 182.98710, 3.5958098, 178.66014, 178.24080,
14.889710, 176.85487, 3.5412359, 178.32765, 177.95688,
14.901060, 175.91908, 3.4219353, 177.99826, 177.68242,
14.912410, 170.95545, 3.1081808, 177.67193, 177.41764,
14.923760, 172.09545, 3.2288311, 177.34886, 177.16300,
14.935100, 178.21183, 3.5626961, 177.02965, 176.91926,
14.946450, 176.64537, 3.7980073, 176.71391, 176.68643,
14.957790, 173.91200, 3.3672546, 176.40257, 176.46540,
14.969130, 180.71053, 3.6776353, 176.09656, 176.25590,
14.980470, 176.13770, 3.7702887, 175.79756, 176.05752,
14.991810, 189.56752, 3.9359573, 175.50733, 175.86988,
15.003140, 180.42665, 3.5683960, 175.22783, 175.69275,
15.014480, 178.61057, 3.4974402, 174.96037, 175.52547,
15.025810, 185.37543, 4.0163005, 174.70710, 175.36790,
15.037140, 181.12195, 4.2520786, 174.46958, 175.21955,
15.048460, 173.89207, 4.0115377, 174.24975, 175.08016,
15.059790, 176.84563, 3.7556771, 174.04899, 174.94911,
15.071110, 181.06437, 3.8509329, 173.86944, 174.82625,
15.082440, 180.96450, 3.0190235, 173.71257, 174.71101,
15.093750, 174.88438, 2.6316532, 173.58059, 174.60332,
15.105070, 176.68260, 2.6448037, 173.47491, 174.50251,
15.116390, 180.54590, 2.9821100, 173.39750, 174.40832,
15.127700, 181.87793, 2.7524503, 173.35024, 174.32048,
15.139020, 181.91230, 3.0611140, 173.33490, 174.23845,
15.150330, 174.80590, 2.7453929, 173.35339, 174.16204,
15.162390, 173.65780, 3.2203973, 173.41248, 174.08625,
15.174730, 174.64380, 3.1271983, 173.51738, 174.01435,
15.187070, 173.14983, 3.1837691, 173.66971, 173.94770,
15.199410, 163.93915, 3.5278215, 173.87205, 173.88585,
15.211740, 178.79380, 3.2594815, 174.12594, 173.82844,
15.224080, 178.79163, 3.3196899, 174.43018, 173.77523,
15.236410, 178.49857, 2.9521363, 174.78158, 173.72624,
15.248740, 193.43190, 3.2934113, 175.17777, 173.68136,
15.261060, 190.70698, 3.3151373, 175.61576, 173.64056,
15.273390, 189.44820, 3.4679397, 176.09373, 173.60369,
15.285710, 190.25165, 3.4639552, 176.60838, 173.57075,
15.298030, 178.25785, 3.0640445, 177.15752, 173.54166,
15.310350, 180.95670, 3.0717662, 177.73874, 173.51635,
15.322660, 181.36663, 3.3084904, 178.34900, 173.49477,
15.334980, 179.79000, 3.0782876, 178.98685, 173.47682,
15.347290, 180.25648, 3.3549436, 179.64888, 173.46249,
15.359600, 177.87122, 2.8000973, 180.33317, 173.45168,
15.371900, 177.11253, 2.7462754, 181.03672, 173.44436,
15.384210, 190.05693, 2.9627744, 181.75835, 173.44045,
15.396510, 188.29380, 3.6289790, 182.49452, 173.43989,
15.408810, 190.02728, 3.4516370, 183.24338, 173.44264,
15.421110, 185.76362, 3.3757774, 184.00269, 173.44864,
15.433410, 181.73230, 2.7811320, 184.77002, 173.45784,
15.445700, 184.92463, 3.0180786, 185.54247, 173.47016,
15.457990, 184.62440, 3.2175447, 186.31832, 173.48557,
15.470280, 185.44340, 3.2398796, 187.09526, 173.50402,
15.482570, 191.09147, 3.1169674, 187.87095, 173.52545,
15.494860, 195.91305, 3.0682753, 188.64308, 173.54982,
15.507140, 186.77602, 2.9636342, 189.40874, 173.57706,
15.519420, 182.76980, 3.2403368, 190.16615, 173.60713,
15.531700, 190.74747, 3.5088575, 190.91310, 173.63999,
15.543980, 195.21830, 3.6678463, 191.64713, 173.67560,
15.556260, 194.75478, 2.8829357, 192.36603, 173.71390,
15.568530, 193.03162, 2.7370144, 193.06679, 173.75483,
15.580800, 189.44105, 2.6354087, 193.74768, 173.79836,
15.593070, 198.47488, 2.8120905, 194.40633, 173.84445,
15.605340, 191.07343, 2.9520317, 195.04040, 173.89307,
15.617600, 199.70430, 2.7960839, 195.64884, 173.94412,
15.629860, 197.81758, 2.6390888, 196.23350, 173.99760,
15.642120, 201.66010, 2.5915378, 196.79603, 174.05348,
15.654380, 202.63740, 2.9646171, 197.33783, 174.11171,
15.666640, 201.41385, 3.0399339, 197.86050, 174.17225,
15.678890, 199.37205, 2.8121240, 198.36505, 174.23502,
15.691140, 202.99705, 2.7168865, 198.85341, 174.30002,
15.703390, 200.54260, 2.6022527, 199.32704, 174.36722,
15.715640, 209.17482, 2.8086908, 199.78739, 174.43657,
15.727890, 206.06982, 2.8491091, 200.23591, 174.50805,
15.740130, 201.09150, 2.9599441, 200.67370, 174.58156,
15.752370, 207.29932, 2.8787897, 201.10250, 174.65711,
15.764610, 211.90223, 2.8297329, 201.52380, 174.73468,
15.776850, 215.57038, 2.8154200, 201.93895, 174.81423,
15.789090, 213.57737, 2.8620514, 202.34943, 174.89573,
15.801320, 214.01800, 3.2419305, 202.75626, 174.97907,
15.813550, 214.72370, 3.0208568, 203.16121, 175.06429,
15.825780, 223.36290, 3.2435794, 203.56566, 175.15135,
15.838010, 219.93970, 3.1954355, 203.97103, 175.24023,
15.850230, 217.35990, 2.8886743, 204.37840, 175.33082,
15.862450, 222.39450, 3.0327471, 204.78945, 175.42315,
15.874670, 222.36467, 3.2773713, 205.20565, 175.51721,
15.886890, 219.49808, 3.5792163, 205.62837, 175.61295,
15.899110, 226.45445, 3.3781451, 206.05898, 175.71035,
15.911320, 220.89445, 3.2232802, 206.49860, 175.80931,
15.923540, 220.10275, 3.3117168, 206.94935, 175.90995,
15.935750, 220.19152, 3.5429678, 207.41190, 176.01208,
15.947960, 221.72705, 3.7259787, 207.88805, 176.11575,
15.960160, 215.62772, 3.9964332, 208.37886, 176.22086,
15.972370, 219.82522, 3.8993558, 208.88654, 176.32755,
15.984570, 227.37770, 3.6234727, 209.41172, 176.43560,
15.996770, 226.97435, 3.6223427, 209.95634, 176.54510,
16.008961, 223.33395, 3.6729923, 210.52138, 176.65592,
16.021160, 230.07895, 3.7197410, 211.10918, 176.76820,
16.033350, 225.36723, 3.8549448, 211.72037, 176.88176,
16.045549, 222.14370, 3.5238044, 212.35742, 176.99673,
16.057739, 218.81068, 3.7007860, 213.02088, 177.11293,
16.069920, 226.90053, 3.6803247, 213.71223, 177.23033,
16.082109, 213.12535, 3.4789612, 214.43413, 177.34907,
16.094290, 215.11830, 3.5939338, 215.18704, 177.46896,
16.106470, 215.42895, 3.9975414, 215.97311, 177.59007,
16.118650, 216.82730, 3.7053995, 216.79397, 177.71237,
16.130831, 209.84415, 3.9242056, 217.65126, 177.83583,
16.143009, 205.89803, 3.6966942, 218.54653, 177.96043,
16.155180, 208.78520, 3.8116083, 219.48099, 178.08607,
16.167351, 224.85185, 4.4036972, 220.45692, 178.21281,
16.179520, 224.72007, 4.6088643, 221.47589, 178.34062,
16.191681, 220.69418, 4.2190407, 222.53914, 178.46941,
16.203850, 224.41815, 5.0969767, 223.64980, 178.59931,
16.216009, 226.42550, 5.6749198, 224.80812, 178.73014,
16.228170, 227.89467, 6.1140876, 226.01673, 178.86198,
16.240330, 224.05235, 5.5738035, 227.27376, 178.99478,
16.252489, 234.09540, 5.1500185, 228.57596, 179.12854,
16.264641, 250.03093, 6.1869221, 229.91903, 179.26316,
16.276791, 247.39890, 5.3160364, 231.30016, 179.39868,
16.288950, 257.29372, 5.2263619, 232.71730, 179.53520,
16.301090, 261.59845, 5.3573262, 234.16372, 179.67240,
16.313240, 271.66893, 5.6823893, 235.63945, 179.81057,
16.325380, 272.56129, 6.2661977, 237.13887, 179.94947,
16.337530, 311.80901, 4.4104160, 238.66103, 180.08931,
16.349670, 318.03513, 4.3103743, 240.20025, 180.22985,
16.361799, 331.71938, 3.8583792, 241.75298, 180.37106,
16.373940, 374.22090, 4.4200511, 243.31889, 180.51317,
16.386070, 404.90435, 4.4290024, 244.89203, 180.65592,
16.398211, 439.69485, 5.0211503, 246.47162, 180.79954,
16.410339, 437.97700, 4.8361543, 248.05170, 180.94374,
16.422461, 450.87288, 5.7368898, 249.62952, 181.08855,
16.434589, 442.58942, 5.6139025, 251.20385, 181.23415,
16.446711, 432.32407, 5.7209728, 252.76945, 181.38034,
16.458839, 424.48317, 5.9599108, 254.32507, 181.52727,
16.470961, 396.93095, 5.9361673, 255.86550, 181.67476,
16.483070, 384.91141, 5.0694800, 257.38703, 181.82274,
16.495190, 370.74891, 7.8194966, 258.88905, 181.97144,
16.500280, 371.41950, 5.5640464, 259.51301, 182.03408,
16.513599, 352.35215, 4.9956358, 261.12370, 182.19847,
16.526911, 335.87537, 4.2946105, 262.69847, 182.36345,
16.540211, 334.91370, 4.4318176, 264.23256, 182.52897,
16.553520, 317.91899, 4.3279550, 265.72397, 182.69526,
16.566820, 309.99123, 4.2459253, 267.16612, 182.86206,
16.580120, 298.82604, 4.0267691, 268.55561, 183.02948,
16.593420, 284.65855, 3.7203518, 269.88790, 183.19750,
16.606710, 289.30293, 3.6674193, 271.15755, 183.36597,
16.620001, 276.02905, 3.5467232, 272.36093, 183.53501,
16.633301, 281.46665, 3.9065312, 273.49417, 183.70470,
16.646589, 281.46968, 3.7966650, 274.55079, 183.87478,
16.659870, 271.59087, 3.6101654, 275.52649, 184.04526,
16.673149, 275.53370, 3.6568781, 276.41697, 184.21620,
16.686440, 275.37445, 3.5597071, 277.21814, 184.38776,
16.699711, 284.70263, 3.7728841, 277.92420, 184.55953,
16.712990, 276.73187, 3.9508314, 278.54091, 184.73182,
16.726271, 286.49030, 3.9738193, 279.07654, 184.90456,
16.739540, 273.89730, 3.6294665, 279.53928, 185.07756,
16.752810, 278.32343, 3.4595755, 279.93819, 185.25093,
16.766081, 272.50951, 3.3011446, 280.28182, 185.42470,
16.779341, 278.48330, 3.3872920, 280.57835, 185.59866,
16.792601, 272.82267, 3.4793284, 280.83654, 185.77296,
16.805870, 286.75803, 3.6005854, 281.06491, 185.94770,
16.819120, 269.28026, 3.7839874, 281.27138, 186.12249,
16.832380, 273.74107, 3.3046532, 281.46476, 186.29770,
16.845631, 279.65767, 3.2499079, 281.65311, 186.47304,
16.858891, 271.31366, 3.3659685, 281.84503, 186.64876,
16.872141, 277.91363, 3.6839918, 282.04857, 186.82459,
16.885380, 273.99855, 3.6860876, 282.27201, 187.00049,
16.898630, 262.61472, 3.5083079, 282.52406, 187.17674,
16.911869, 267.80573, 3.2294884, 282.81266, 187.35303,
16.925110, 285.97949, 3.3873564, 283.14642, 187.52952,
16.938351, 279.46799, 3.4683678, 283.53372, 187.70616,
16.951580, 283.99865, 3.4450141, 283.98259, 187.88280,
16.964821, 282.91637, 3.6812216, 284.49769, 188.05971,
16.978050, 289.03587, 4.2007857, 285.06908, 188.23658,
16.991270, 295.64235, 3.7942495, 285.68550, 188.41342,
17.004499, 306.99921, 3.4587880, 286.33665, 188.59047,
17.017719, 385.98990, 3.9790487, 287.01043, 188.76745,
17.030951, 711.87915, 5.7465208, 287.69677, 188.94464,
17.044161, 769.66324, 8.9682957, 288.38285, 189.12158,
17.057381, 388.03043, 4.4461205, 289.05915, 189.29866,
17.070601, 307.30539, 4.0338340, 289.71404, 189.47575,
17.083811, 309.56127, 3.9048547, 290.33594, 189.65270,
17.097019, 297.80765, 3.6597346, 290.91411, 189.82960,
17.110229, 300.64333, 3.7046310, 291.43754, 190.00648,
17.123430, 290.90757, 3.6544338, 291.89462, 190.18318,
17.136641, 293.19402, 3.6040995, 292.27474, 190.35993,
17.149839, 298.56408, 3.5467394, 292.56603, 190.53645,
17.163040, 290.24430, 3.7409702, 292.75751, 190.71288,
17.176229, 288.98288, 3.4821822, 292.83765, 190.88904,
17.189430, 291.54357, 3.6440408, 292.79511, 191.06523,
17.202620, 286.05476, 3.7666300, 292.61834, 191.24111,
17.215811, 291.86858, 3.8550001, 292.29563, 191.41686,
17.229000, 283.58965, 3.7892894, 291.81529, 191.59240,
17.242180, 296.01070, 3.8218725, 291.16591, 191.76762,
17.255369, 299.76422, 4.1711547, 290.34054, 191.94275,
17.268551, 284.53368, 3.8412111, 289.34877, 192.11756,
17.281719, 291.81527, 4.0939950, 288.20207, 192.29196,
17.294901, 302.04630, 4.2008388, 286.90865, 192.46627,
17.308069, 313.68160, 4.7515409, 285.48154, 192.64013,
17.321251, 312.75347, 4.0272532, 283.92817, 192.81389,
17.334410, 322.55885, 4.1531255, 282.26315, 192.98704,
17.347580, 328.31107, 4.5484604, 280.49241, 193.16002,
17.360750, 333.68495, 4.5327607, 278.62740, 193.33266,
17.373911, 341.29560, 4.8406386, 276.67954, 193.50483,
17.387070, 316.50919, 4.6860383, 274.65771, 193.67660,
17.400230, 315.45656, 4.4290753, 272.57116, 193.84802,
17.413380, 311.90778, 4.7270323, 270.43187, 194.01889,
17.426540, 308.66835, 4.7080343, 268.24585, 194.18949,
17.439690, 297.67317, 4.4936270, 266.02661, 194.35951,
17.452841, 297.79839, 4.6398667, 263.78162, 194.52911,
17.465981, 286.08607, 5.2642492, 261.52282, 194.69809,
17.479130, 287.00828, 6.0921562, 259.25624, 194.86671,
17.492270, 272.26125, 4.2164974, 256.99479, 195.03471,
17.505409, 259.85070, 4.0652817, 254.74645, 195.20219,
17.518551, 264.13990, 4.3530521, 252.52052, 195.36916,
17.531679, 261.58887, 4.6143268, 250.32919, 195.53542,
17.544821, 252.94607, 4.7260404, 248.17765, 195.70127,
17.557949, 248.93235, 4.4725416, 246.07998, 195.86636,
17.571079, 236.47670, 4.4123609, 244.04337, 196.03088,
17.584200, 244.83638, 4.5982486, 242.07930, 196.19465,
17.597330, 241.46848, 4.6664293, 240.19472, 196.35790,
17.610451, 238.64758, 4.6155816, 238.40111, 196.52037,
17.623569, 236.40697, 5.3540572, 236.69784, 196.68214,
17.636690, 248.37785, 5.5924599, 235.08122, 196.84324,
17.649799, 243.07022, 4.9499530, 233.54970, 197.00348,
17.662910, 251.63417, 5.2666543, 232.09855, 197.16301,
17.676029, 264.36160, 6.0964900, 230.72424, 197.32188,
17.689131, 258.25533, 5.6671304, 229.42632, 197.47977,
17.702240, 258.61977, 5.9060181, 228.19939, 197.63696,
17.715349, 245.97643, 5.8917216, 227.04137, 197.79333,
17.728451, 260.71447, 6.1881643, 225.95010, 197.94878,
17.741550, 250.62533, 5.3493494, 224.92231, 198.10335,
17.754641, 261.43570, 4.3626215, 223.95582, 198.25694,
17.767740, 268.90802, 4.3624304, 223.04660, 198.40974,
17.780830, 251.02555, 4.2439888, 222.19336, 198.56152,
17.793921, 254.49709, 4.1618227, 221.39289, 198.71235,
17.807011, 254.90640, 3.8911661, 220.64266, 198.86223,
17.820101, 264.90620, 4.4075709, 219.94020, 199.01113,
17.833179, 266.10018, 4.3434173, 219.28363, 199.15890,
17.846270, 256.13133, 3.7797072, 218.66939, 199.30576,
17.859341, 252.89387, 4.1473804, 218.09650, 199.45137,
17.872419, 242.19777, 4.3724880, 217.56141, 199.59599,
17.885500, 233.82715, 4.1453243, 217.06208, 199.73954,
17.898569, 239.76150, 4.6375204, 216.59668, 199.88184,
17.911640, 236.40982, 4.8392313, 216.16246, 200.02302,
17.924709, 228.44825, 4.5924270, 215.75730, 200.16302,
17.937780, 224.27760, 7.0476909, 215.37888, 200.30185,
17.941250, 231.55925, 4.0288094, 215.28266, 200.33849,
17.955721, 222.27475, 3.8117947, 214.89909, 200.49040,
17.970181, 232.53695, 4.2941693, 214.54229, 200.64066,
17.984650, 218.60508, 3.9576733, 214.20882, 200.78945,
17.999109, 226.82955, 4.5148541, 213.89621, 200.93654,
18.013571, 224.25585, 4.8573165, 213.60133, 201.08201,
18.028021, 217.04910, 4.0232224, 213.32157, 201.22569,
18.042480, 217.38593, 3.7204481, 213.05369, 201.36775,
18.056931, 217.26185, 3.6223673, 212.79519, 201.50796,
18.071381, 207.30547, 3.8172909, 212.54307, 201.64639,
18.085819, 204.44188, 3.9066766, 212.29472, 201.78288,
18.100269, 213.01015, 3.9729747, 212.04693, 201.91761,
18.114710, 223.60540, 4.0880034, 211.79777, 202.05035,
18.129150, 211.79863, 3.6992303, 211.54670, 202.18113,
18.143579, 206.99472, 3.8912989, 211.29402, 202.30983,
18.158020, 207.34617, 3.8914239, 211.03943, 202.43659,
18.172449, 208.83785, 3.7004267, 210.78343, 202.56118,
18.186880, 213.44157, 3.7300610, 210.52586, 202.68367,
18.201300, 212.87658, 3.7667841, 210.26706, 202.80390,
18.215719, 201.59357, 3.7772108, 210.00691, 202.92193,
18.230150, 209.42532, 3.3481125, 209.74529, 203.03780,
18.244560, 207.65633, 3.3533880, 209.48287, 203.15120,
18.258980, 203.79660, 3.3683934, 209.21918, 203.26233,
18.273390, 208.63633, 3.6244622, 208.95466, 203.37100,
18.287800, 210.93053, 3.8447241, 208.68922, 203.47722,
18.302210, 209.53315, 3.7674571, 208.42292, 203.58096,
18.316620, 211.68642, 3.6092909, 208.15587, 203.68215,
18.331020, 205.62923, 3.4350987, 207.88830, 203.78068,
18.345421, 204.04713, 3.2784976, 207.62013, 203.87657,
18.359819, 203.89253, 3.4068012, 207.35147, 203.96974,
18.374210, 210.83363, 3.7959855, 207.08251, 204.06012,
18.388611, 199.37852, 3.8958482, 206.81299, 204.14775,
18.403000, 205.39307, 3.4951270, 206.54340, 204.23244,
18.417379, 207.39843, 3.5336732, 206.27378, 204.31417,
18.431770, 209.10133, 3.5494468, 206.00380, 204.39298,
18.446150, 206.57085, 3.4207929, 205.73397, 204.46870,
18.460529, 207.70427, 3.5950010, 205.46416, 204.54132,
18.474911, 205.64338, 3.7865362, 205.19440, 204.61079,
18.489281, 204.57430, 4.2392577, 204.92503, 204.67699,
18.503660, 206.83140, 3.6600200, 204.65573, 204.73996,
18.518030, 199.11738, 3.1949476, 204.38704, 204.79959,
18.532391, 207.87528, 3.2351619, 204.11941, 204.85597,
18.546761, 204.94865, 3.3600481, 203.85292, 204.90926,
18.561119, 202.57615, 3.6431507, 203.58843, 204.95947,
18.575480, 216.50563, 3.8964884, 203.32614, 205.00674,
18.589840, 201.31650, 3.6952568, 203.06654, 205.05115,
18.604191, 208.68340, 3.5156987, 202.81026, 205.09274,
18.618549, 212.05148, 3.4218172, 202.55747, 205.13167,
18.632900, 212.32668, 3.4402246, 202.30890, 205.16795,
18.647240, 199.94230, 3.8649454, 202.06506, 205.20168,
18.661591, 209.46307, 3.6323296, 201.82606, 205.23298,
18.675930, 204.83803, 3.6697444, 201.59274, 205.26189,
18.690269, 212.61060, 4.0752841, 201.36539, 205.28850,
18.704611, 219.59222, 4.1863618, 201.14448, 205.31290,
18.718941, 221.76312, 4.2563328, 200.93068, 205.33515,
18.733271, 213.43910, 3.9801560, 200.72434, 205.35533,
18.747601, 209.29610, 3.7168390, 200.52593, 205.37353,
18.761930, 220.47567, 4.0999923, 200.33599, 205.38982,
18.776260, 218.45430, 4.1051775, 200.15502, 205.40427,
18.790581, 206.67395, 4.0749906, 199.98367, 205.41694,
18.804899, 215.61190, 4.1253101, 199.82236, 205.42792,
18.819220, 222.23343, 3.9046354, 199.67159, 205.43729,
18.833530, 215.45710, 3.9494537, 199.53203, 205.44510,
18.847839, 212.39002, 3.9205299, 199.40415, 205.45143,
18.862150, 216.17850, 4.7239876, 199.28849, 205.45636,
18.876459, 216.81563, 4.6698181, 199.18565, 205.45994,
18.890770, 223.98380, 4.2052139, 199.09620, 205.46226,
18.905069, 231.19040, 4.2337382, 199.02083, 205.46338,
18.919371, 213.96475, 3.9695793, 198.96004, 205.46336,
18.933670, 222.99245, 4.4346558, 198.91450, 205.46228,
18.947960, 230.51547, 4.6926406, 198.88484, 205.46021,
18.962250, 226.12725, 5.3963897, 198.87169, 205.45720,
18.976540, 227.41095, 5.9568199, 198.87571, 205.45334,
18.990829, 223.97135, 4.8800383, 198.89759, 205.44867,
19.005119, 216.63137, 4.7918533, 198.93801, 205.44327,
19.019400, 204.53532, 4.4071077, 198.99766, 205.43721,
19.033680, 212.67065, 4.5283573, 199.07728, 205.43054,
19.047960, 219.00003, 4.8034316, 199.17762, 205.42334,
19.062229, 221.24587, 5.2157984, 199.29933, 205.41568,
19.076500, 222.34110, 5.8458029, 199.44330, 205.40760,
19.090771, 201.10127, 5.3037668, 199.61030, 205.39918,
19.105040, 203.82882, 5.2714327, 199.80114, 205.39049,
19.119310, 224.83630, 4.8360603, 200.01670, 205.38157,
19.133570, 212.24615, 5.1851620, 200.25763, 205.37252,
19.147829, 207.02330, 7.0301409, 200.52496, 205.36337,
19.162090, 209.12027, 6.3766569, 200.81965, 205.35420,
19.176340, 202.65168, 4.8143060, 201.14233, 205.34507,
19.190599, 199.51028, 5.1601917, 201.49441, 205.33605,
19.204849, 214.07808, 5.1846552, 201.87640, 205.32719,
19.219101, 202.18433, 4.8684754, 202.28960, 205.31856,
19.233339, 203.55658, 4.8102856, 202.73455, 205.31023,
19.247580, 202.98460, 4.7783969, 203.21274, 205.30226,
19.261820, 203.47170, 4.9608570, 203.72521, 205.29471,
19.276060, 216.79175, 5.8545840, 204.27308, 205.28764,
19.290300, 216.09848, 6.6566029, 204.85748, 205.28112,
19.304529, 193.91575, 5.5267332, 205.47907, 205.27521,
19.318760, 198.68970, 6.6440991, 206.13963, 205.26998,
19.332991, 197.87267, 7.7564336, 206.84029, 205.26549,
19.347219, 197.43945, 5.6209920, 207.58224, 205.26180,
19.361441, 203.32002, 6.9314777, 208.36645, 205.25899,
19.375660, 215.91133, 6.8708603, 209.19453, 205.25710,
19.389879, 190.92998, 7.2689693, 210.06798, 205.25622,
19.404100, 212.92445, 6.3666118, 210.98833, 205.25640,
19.418310, 191.48075, 7.2066637, 211.95615, 205.25771,
19.432520, 202.94627, 7.6794505, 212.97365, 205.26022,
