# wave, flux, fluxerr, continuum, continuum_plateau
9.9725246, 229.05035, 4.0682552, 272.15796, 271.96820,
9.9806166, 239.33549, 4.3735086, 270.07803, 269.91911,
9.9887066, 237.46310, 3.8491813, 268.06412, 267.93238,
9.9967957, 245.64468, 3.9498475, 266.11514, 266.00718,
10.004880, 251.86060, 4.1975777, 264.23110, 264.14380,
10.012970, 241.54275, 3.8397628, 262.40880, 262.33931,
10.021050, 253.82393, 3.8902009, 260.65083, 260.59652,
10.029140, 245.54200, 3.7478870, 258.95229, 258.91079,
10.037220, 235.14687, 3.9138967, 257.31663, 257.28577,
10.045300, 243.80318, 3.8865326, 255.74088, 255.71872,
10.053380, 245.78422, 3.5717491, 254.22415, 254.20894,
10.061460, 250.97165, 3.8181256, 252.76611, 252.75631,
10.069540, 251.65195, 3.8945904, 251.36574, 251.35998,
10.077610, 245.17185, 3.3849154, 250.02426, 250.02134,
10.085690, 246.90807, 3.5732133, 248.73769, 248.73657,
10.093760, 255.28812, 4.5705525, 247.50844, 247.50824,
10.101830, 241.39365, 3.3113072, 246.33434, 246.33432,
10.109900, 243.86023, 3.2010268, 245.21467, 245.21424,
10.117970, 247.04708, 3.4870775, 244.14912, 244.14778,
10.126040, 252.16807, 3.4733347, 243.13698, 243.13437,
10.134100, 235.50718, 3.0099896, 242.17891, 242.17478,
10.142170, 238.34520, 3.0622128, 241.27190, 241.26607,
10.150230, 236.91142, 3.2746275, 240.41766, 240.41007,
10.158300, 242.05130, 3.2143691, 239.61369, 239.60434,
10.166360, 232.13185, 2.8923466, 238.86146, 238.85043,
10.174420, 229.26310, 3.1147920, 238.15936, 238.14678,
10.182470, 237.96900, 3.1962030, 237.50782, 237.49389,
10.190530, 233.04845, 3.3205892, 236.90476, 236.88972,
10.198590, 230.34002, 2.9469965, 236.35049, 236.33461,
10.206640, 235.11930, 3.1373058, 235.84528, 235.82888,
10.214690, 226.15422, 3.0997553, 235.38798, 235.37138,
10.222750, 230.77620, 3.0023262, 234.97774, 234.96127,
10.230800, 229.60700, 3.1320630, 234.61514, 234.59915,
10.238850, 234.86623, 3.6706332, 234.29930, 234.28414,
10.246890, 241.59668, 3.2562776, 234.03017, 234.01617,
10.254940, 228.33942, 3.1575429, 233.80675, 233.79423,
10.262990, 230.25908, 4.5529785, 233.62907, 233.61831,
10.271030, 229.57905, 3.5206108, 233.49694, 233.48821,
10.279070, 231.96765, 3.3885995, 233.40983, 233.40334,
10.287120, 225.05745, 3.6058725, 233.36741, 233.36333,
10.295150, 222.73340, 3.5335502, 233.36946, 233.36791,
10.303190, 246.42465, 3.8425568, 233.41569, 233.41672,
10.311230, 235.77895, 4.6939072, 233.50665, 233.51027,
10.319270, 239.18502, 4.0571870, 233.64397, 233.65018,
10.327300, 223.83367, 3.6514312, 233.82904, 233.83780,
10.335340, 229.28312, 3.7835767, 234.06401, 234.07528,
10.343370, 238.67495, 5.4796385, 234.35007, 234.36373,
10.351400, 229.00040, 4.4388198, 234.68910, 234.70503,
10.359430, 235.32195, 3.9821350, 235.08288, 235.10086,
10.367460, 244.04480, 4.0733009, 235.53314, 235.55292,
10.375480, 228.36555, 3.8884180, 236.04094, 236.06219,
10.383510, 240.03481, 4.6550120, 236.60939, 236.63169,
10.391530, 230.11060, 3.9459760, 237.23887, 237.26170,
10.399560, 222.44402, 3.2161618, 237.93268, 237.95543,
10.407580, 229.78105, 2.8824243, 238.69100, 238.71294,
10.415600, 236.94756, 3.4637566, 239.51635, 239.53663,
10.423620, 237.97475, 3.4395622, 240.41079, 240.42841,
10.431640, 237.52215, 3.4657811, 241.37598, 241.38981,
10.439650, 236.38820, 3.3602119, 242.41263, 242.42138,
10.447670, 245.70672, 3.6326935, 243.52527, 243.52747,
10.455680, 245.10932, 3.4003113, 244.71266, 244.70670,
10.463700, 251.60846, 3.4191626, 245.97704, 245.96137,
10.471710, 245.34745, 3.4841928, 247.31276, 247.28609,
10.479720, 240.82995, 3.6089445, 248.71912, 248.68035,
10.487730, 241.29870, 3.2587787, 250.19381, 250.14205,
10.495730, 232.81065, 3.0018148, 251.73267, 251.66723,
10.503740, 246.07497, 3.7142405, 253.33710, 253.25745,
10.511750, 254.55725, 3.5481101, 255.00305, 254.90884,
10.519750, 247.15118, 3.5868538, 256.72600, 256.61705,
10.527750, 257.76983, 3.5843446, 258.50609, 258.38237,
10.535750, 245.18520, 3.6051921, 260.34094, 260.20252,
10.543750, 254.81218, 4.1783533, 262.22812, 262.07524,
10.551750, 260.16420, 4.1767045, 264.16593, 263.99894,
10.559750, 255.80851, 4.5651829, 266.15176, 265.97111,
10.567850, 284.09858, 3.7123065, 268.20965, 268.01576,
10.576350, 290.37050, 4.1415265, 270.41748, 270.21043,
10.584840, 294.66925, 3.7292466, 272.66960, 272.45027,
10.593340, 294.56158, 3.4622765, 274.96905, 274.73838,
10.601830, 289.49573, 3.4360806, 277.30766, 277.06671,
10.610330, 294.24567, 3.6482681, 279.68873, 279.43862,
10.618820, 303.05525, 3.6610705, 282.10416, 281.84613,
10.627310, 304.56775, 3.4864568, 284.55387, 284.28920,
10.635800, 297.89336, 3.5524150, 287.03598, 286.76601,
10.644280, 311.87698, 4.0569785, 289.54463, 289.27077,
10.652770, 305.36069, 3.6239001, 292.08332, 291.80703,
10.661250, 313.64517, 3.5561874, 294.64394, 294.36672,
10.669740, 309.00593, 3.7206196, 297.22982, 296.95322,
10.678220, 305.68008, 3.7697602, 299.83277, 299.55837,
10.686700, 323.26457, 3.8693455, 302.45328, 302.18271,
10.695180, 334.59220, 3.9256050, 305.08895, 304.82387,
10.703650, 325.82070, 3.9000636, 307.73443, 307.47651,
10.712130, 331.82105, 3.8696446, 310.39300, 310.14395,
10.720600, 340.25975, 3.6761286, 313.05689, 312.81846,
10.729080, 342.75999, 3.7260485, 315.72945, 315.50341,
10.737550, 364.21038, 3.9805606, 318.40199, 318.19011,
10.746020, 342.12132, 3.7336206, 321.07575, 320.87984,
10.754490, 356.64896, 3.6459117, 323.74778, 323.56968,
10.762960, 351.77715, 3.7419769, 326.41630, 326.25787,
10.771420, 355.41605, 4.0292633, 329.07507, 328.93817,
10.779890, 358.40502, 3.7332444, 331.72892, 331.61548,
10.788350, 349.72400, 3.7529556, 334.36860, 334.28053,
10.796810, 341.44627, 3.8352936, 336.99505, 336.93433,
10.805270, 345.39830, 3.8018412, 339.60590, 339.57452,
10.813730, 341.20500, 3.6248695, 342.19879, 342.19879,
10.822190, 342.23223, 3.6893384, 344.77176, 344.80519,
10.830650, 340.71212, 3.7774806, 347.32466, 347.39344,
10.839100, 347.45510, 3.8869154, 349.85461, 349.96046,
10.847560, 354.67068, 3.7136791, 352.36815, 352.51276,
10.856010, 352.91438, 3.9219241, 354.85958, 355.04439,
10.864460, 360.88688, 4.0488408, 357.33171, 357.55806,
10.872910, 378.57955, 4.3967713, 359.78505, 360.05415,
10.881360, 406.52048, 4.2464219, 362.22012, 362.53306,
10.889800, 368.23483, 4.3820256, 364.63388, 364.99155,
10.898250, 381.21990, 4.4939564, 367.03227, 367.43556,
10.906690, 407.93610, 4.7710066, 369.41009, 369.85967,
10.915140, 413.02496, 4.8208521, 371.77320, 372.26971,
10.923580, 434.25546, 5.2927289, 374.11593, 374.65980,
10.932020, 447.29703, 5.4380420, 376.44142, 377.03302,
10.940460, 436.90187, 7.4483093, 378.74987, 379.38947,
10.948890, 460.09452, 5.4841271, 381.03863, 381.72632,
10.957330, 467.16288, 5.8519030, 383.31358, 384.04948,
10.965760, 496.28586, 4.8036407, 385.56949, 386.35352,
10.974200, 546.87175, 4.4541042, 387.81163, 388.64372,
10.982630, 599.97856, 4.5445268, 390.03487, 390.91473,
10.991060, 630.84666, 4.5530761, 392.24241, 393.16974,
10.999490, 639.83698, 4.6492341, 394.43390, 395.40830,
11.007920, 635.14856, 4.5563984, 396.60999, 397.63100,
11.016340, 634.93700, 4.5443897, 398.76791, 399.83491,
11.024770, 621.37006, 4.6440624, 400.91294, 402.02534,
11.033190, 614.86671, 4.7858418, 403.04035, 404.19741,
11.041610, 607.94691, 5.3438288, 405.15271, 406.35366,
11.050030, 598.35115, 12.564672, 407.25017, 408.49415,
11.058450, 600.08461, 5.1458803, 409.33283, 410.61894,
11.066870, 591.16624, 5.6156213, 411.40083, 412.72809,
11.075290, 597.24084, 5.4365776, 413.45427, 414.82165,
11.083700, 606.25972, 5.6943109, 415.49096, 416.89734,
11.092120, 610.96381, 6.3214827, 417.51564, 418.95990,
11.100530, 628.35242, 6.2923508, 419.52359, 421.00449,
11.108940, 656.24930, 6.8659494, 421.51767, 423.03396,
11.117350, 681.29120, 22.681515, 423.49751, 425.04790,
11.120570, 702.29283, 6.2645105, 424.25203, 425.81513,
11.129530, 752.25974, 6.1400433, 426.34046, 427.93784,
11.138500, 805.55769, 6.2432563, 428.41564, 430.04576,
11.147460, 893.23149, 6.7596833, 430.47283, 432.13400,
11.156430, 1035.9620, 7.3122234, 432.51692, 434.20749,
11.165390, 1171.8337, 7.3724561, 434.54323, 436.26142,
11.174350, 1382.3065, 7.8340344, 436.55423, 438.29828,
11.183300, 1624.8742, 8.8907974, 438.54787, 440.31596,
11.192260, 1902.5440, 9.5911053, 440.52848, 442.31879,
11.201220, 2110.9765, 9.6434413, 442.49400, 444.30465,
11.210170, 2188.1077, 9.7186982, 444.44240, 446.27149,
11.219120, 2243.0524, 10.393367, 446.37584, 448.22144,
11.228070, 2266.6068, 10.399521, 448.29438, 450.15455,
11.237020, 2289.7160, 9.8927583, 450.19784, 452.07062,
11.245970, 2307.2000, 10.069140, 452.08669, 453.97010,
11.254920, 2295.7005, 10.363809, 453.96074, 455.85279,
11.263860, 2252.9843, 10.219658, 455.81785, 457.71654,
11.272800, 2216.9666, 9.7297739, 457.66046, 459.56377,
11.281750, 2149.0286, 9.7499980, 459.49011, 461.39604,
11.290690, 2044.2012, 9.8218394, 461.30333, 463.20985,
11.299630, 1952.8110, 9.6171678, 463.10168, 465.00678,
11.308560, 1895.8480, 10.497726, 464.88347, 466.78514,
11.317500, 1786.6860, 8.9444727, 466.65250, 468.54874,
11.326430, 1699.1540, 8.8995086, 468.40499, 470.29380,
11.335370, 1607.9352, 8.5731955, 470.14467, 472.02407,
11.344300, 1535.9225, 8.0543648, 471.86782, 473.73583,
11.353230, 1482.2615, 7.9570021, 473.57627, 475.43095,
11.362160, 1414.6930, 8.1689362, 475.26983, 477.10923,
11.371080, 1350.5445, 7.7066171, 476.94702, 478.76926,
11.380010, 1301.8505, 7.3117554, 478.61104, 480.41422,
11.388930, 1248.8217, 7.2307988, 480.25866, 482.04093,
11.397850, 1196.9915, 7.3518242, 481.89126, 483.65079,
11.406780, 1152.3598, 7.1190271, 483.51085, 485.24583,
11.415700, 1110.7572, 6.7200857, 485.11358, 486.82227,
11.424610, 1073.8142, 6.7606169, 486.69960, 488.38031,
11.433530, 1057.4857, 6.9835680, 488.27224, 489.92327,
11.442450, 1004.5920, 6.7327077, 489.82973, 491.44944,
11.451360, 986.81438, 6.4012287, 491.37035, 492.95718,
11.460270, 958.33617, 6.4961588, 492.89568, 494.44810,
11.469180, 924.99654, 6.5981101, 494.40564, 495.92217,
11.478090, 892.13835, 6.5713365, 495.90014, 497.37934,
11.487000, 875.91696, 6.2159624, 497.37908, 498.81959,
11.495910, 851.09218, 6.3178232, 498.84220, 500.24272,
11.504810, 819.06599, 6.3984497, 500.28816, 501.64748,
11.513710, 800.21947, 6.3809020, 501.71811, 503.03507,
11.522620, 787.04259, 6.1890757, 503.13376, 504.40720,
11.531520, 765.52472, 6.2320337, 504.53164, 505.76058,
11.540420, 750.96228, 6.4565546, 505.91330, 507.09678,
11.549310, 742.16199, 6.4550295, 507.27714, 508.41435,
11.558210, 724.11111, 6.2295698, 508.62610, 509.71619,
11.567100, 712.37091, 6.3786436, 509.95672, 510.99904,
11.576000, 691.57393, 6.4169989, 511.27226, 512.26614,
11.584890, 673.49243, 6.7181336, 512.56932, 513.51429,
11.593780, 664.66481, 6.5117585, 513.84916, 514.74481,
11.602670, 654.83078, 6.4003141, 515.11190, 515.95789,
11.611560, 633.34715, 6.7619965, 516.35721, 517.15332,
11.620440, 626.40289, 6.9623956, 517.58349, 518.32966,
11.629330, 609.15999, 6.8093622, 518.79343, 519.48959,
11.638210, 600.85382, 6.7331811, 519.98413, 520.63044,
11.647090, 600.11777, 7.1320043, 521.15656, 521.75324,
11.655970, 585.78319, 7.3712343, 522.31065, 522.85805,
11.664850, 577.25507, 5.6678493, 523.44632, 523.94490,
11.673730, 577.20233, 4.4769124, 524.56310, 525.01345,
11.682600, 573.29774, 4.7053795, 525.65972, 526.06262,
11.691480, 560.69495, 4.9759931, 526.73832, 527.09458,
11.700350, 568.95320, 5.0055785, 527.79634, 528.10701,
11.709220, 592.87125, 5.5698119, 528.83471, 529.10092,
11.718090, 577.39783, 5.2452149, 529.85318, 530.07623,
11.726960, 549.19244, 5.4875197, 530.85151, 531.03283,
11.735830, 544.93507, 5.2510695, 531.82942, 531.97061,
11.744690, 564.01787, 6.5996624, 532.78553, 532.88839,
11.753560, 529.49075, 5.5040087, 533.72183, 533.78824,
11.762420, 539.75572, 5.9822605, 534.63583, 534.66791,
11.771280, 518.54344, 9.3365015, 535.52845, 535.52845,
11.775020, 540.97607, 5.2534239, 535.89864, 535.88582,
11.784500, 548.87627, 5.4585881, 536.81985, 536.77641,
11.793980, 547.63332, 5.3677356, 537.71614, 537.64464,
11.803460, 557.10782, 5.7349873, 538.58774, 538.49061,
11.812940, 549.12086, 5.0589202, 539.43452, 539.31404,
11.822420, 544.79825, 5.1904966, 540.25669, 540.11500,
11.831890, 557.33031, 5.2001767, 541.05332, 540.89247,
11.841360, 559.30521, 5.8569239, 541.82535, 541.64722,
11.850840, 579.85191, 5.0636734, 542.57352, 542.37987,
11.860310, 584.05887, 5.1952276, 543.29634, 543.08885,
11.869770, 594.56580, 5.2277408, 543.99385, 543.77409,
11.879240, 598.86511, 5.0466365, 544.66745, 544.43687,
11.888710, 603.06459, 4.9930584, 545.31640, 545.07635,
11.898170, 605.99911, 5.0472010, 545.94002, 545.69180,
11.907630, 613.90872, 5.1533524, 546.53890, 546.28369,
11.917090, 625.23074, 5.0457114, 547.11307, 546.85200,
11.926550, 622.78815, 5.0751838, 547.66237, 547.39648,
11.936010, 630.81435, 5.0161260, 548.18682, 547.91709,
11.945470, 634.97630, 5.1056387, 548.68624, 548.41360,
11.954920, 643.91136, 5.0758713, 549.16010, 548.88544,
11.964370, 659.34927, 5.9325364, 549.60884, 549.33296,
11.973830, 680.26436, 5.9630004, 550.03278, 549.75648,
11.983280, 646.59532, 5.1202849, 550.43085, 550.15489,
11.992720, 644.13715, 5.0293497, 550.80302, 550.52811,
12.002170, 649.17531, 4.9366535, 551.14996, 550.87680,
12.011610, 634.23326, 4.8501345, 551.47078, 551.20006,
12.021060, 625.11852, 4.9640162, 551.76597, 551.49836,
12.030500, 622.07082, 4.9363468, 552.03475, 551.77091,
12.039940, 618.76926, 4.8790755, 552.27723, 552.01784,
12.049380, 612.54205, 4.7250495, 552.49327, 552.23901,
12.058820, 619.44391, 4.9441510, 552.68261, 552.43417,
12.068250, 619.45752, 5.0145901, 552.84493, 552.60300,
12.077690, 604.17557, 4.8476151, 552.98033, 552.74567,
12.087120, 598.21840, 4.7379659, 553.08828, 552.86165,
12.096550, 594.34573, 4.8749464, 553.16870, 552.95092,
12.105980, 591.03130, 5.0376251, 553.22135, 553.01325,
12.115410, 583.00529, 4.8648765, 553.24595, 553.04845,
12.124830, 569.57054, 4.7215244, 553.24225, 553.05630,
12.134260, 579.98882, 5.0678051, 553.20995, 553.03659,
12.143680, 573.04179, 5.0325582, 553.14884, 552.98915,
12.153100, 581.19571, 5.1123247, 553.05857, 552.91373,
12.162520, 583.41977, 5.5097410, 552.93883, 552.81011,
12.171940, 567.92332, 4.9727262, 552.78931, 552.67806,
12.181360, 572.63255, 5.1810667, 552.60964, 552.51731,
12.190770, 561.17126, 5.2157661, 552.39974, 552.32786,
12.200180, 552.90158, 5.2316791, 552.15905, 552.10929,
12.209600, 547.32935, 5.0411361, 551.88688, 551.86106,
12.219010, 548.18121, 5.3183987, 551.58346, 551.58346,
12.228420, 554.13127, 5.7096975, 551.24828, 551.27609,
12.237820, 555.37390, 5.3937729, 550.88221, 550.93966,
12.247230, 564.04370, 5.6402155, 550.48505, 550.57382,
12.256630, 576.90201, 5.8010308, 550.05827, 550.17979,
12.266040, 728.09135, 6.7238093, 549.60157, 549.75717,
12.275440, 1410.5103, 9.3567517, 549.11648, 549.30723,
12.284840, 1309.6278, 8.6949638, 548.60317, 548.83002,
12.294230, 700.99324, 6.7461029, 548.06266, 548.32637,
12.303630, 580.19919, 7.0355972, 547.49451, 547.79574,
12.313030, 595.48441, 6.6804056, 546.89969, 547.23894,
12.322420, 597.84592, 7.2091046, 546.27947, 546.65706,
12.331810, 593.53996, 4.9785141, 545.63375, 546.04988,
12.341200, 603.40398, 4.2401274, 544.96302, 545.41778,
12.350590, 619.61511, 4.5342965, 544.26779, 544.76115,
12.359980, 624.77522, 4.6953396, 543.54854, 544.08035,
12.369360, 637.03871, 4.9580979, 542.80653, 543.37649,
12.378750, 633.08435, 4.8690119, 542.04071, 542.64850,
12.388130, 623.43515, 5.1254024, 541.25311, 541.89822,
12.397510, 622.18979, 4.8295794, 540.44350, 541.12536,
12.406890, 625.78831, 4.6728194, 539.61216, 540.33012,
12.416270, 640.32587, 4.7227229, 538.75961, 539.51293,
12.425640, 645.72908, 4.7540807, 537.88726, 538.67509,
12.435020, 648.19334, 4.8565119, 536.99359, 537.81507,
12.444390, 654.48158, 5.1289508, 536.08101, 536.93512,
12.453760, 657.32925, 4.8925222, 535.14893, 536.03465,
12.463130, 642.95161, 4.9271258, 534.19775, 535.11399,
12.472500, 673.12148, 5.5671072, 533.22787, 534.17346,
12.481870, 690.58319, 7.2748459, 532.23967, 533.21340,
12.489420, 694.31364, 5.8422048, 531.43030, 532.42579,
12.499490, 689.63637, 6.8670696, 530.33304, 531.35624,
12.509550, 723.37689, 5.9067875, 529.21692, 530.26624,
12.519610, 728.16016, 6.0295453, 528.08136, 529.15519,
12.529670, 736.13985, 5.6186708, 526.92689, 528.02358,
12.539730, 730.16072, 5.7748018, 525.75374, 526.87160,
12.549780, 730.75041, 5.9100466, 524.56367, 525.70096,
12.559840, 748.12817, 5.6536732, 523.35461, 524.50959,
12.569890, 765.93303, 5.5678794, 522.12949, 523.30036,
12.579940, 746.20442, 5.6105579, 520.88744, 522.07241,
12.589990, 771.11935, 5.7412261, 519.62886, 520.82610,
12.600040, 791.46034, 5.6680357, 518.35401, 519.56167,
12.610090, 797.50526, 5.6559638, 517.06350, 518.27974,
12.620130, 814.57655, 6.8247005, 515.75894, 516.98190,
12.630170, 825.30415, 5.8084635, 514.43923, 515.66706,
12.640210, 843.12582, 6.3468898, 513.10485, 514.33568,
12.650250, 843.15762, 36.310614, 511.75614, 512.98813,
12.660290, 831.09395, 5.5822240, 510.39357, 511.62487,
12.670330, 841.38113, 5.7078537, 509.01722, 510.24599,
12.680360, 862.54781, 5.8261134, 507.62900, 508.85343,
12.690390, 902.48853, 5.7976118, 506.22780, 507.44608,
12.700420, 924.54402, 5.7577452, 504.81380, 506.02416,
12.710450, 940.10989, 5.8533512, 503.38758, 504.58826,
12.720480, 950.20097, 6.1005391, 501.94932, 503.13858,
12.730500, 965.77115, 6.6221363, 500.50069, 501.67684,
12.740530, 959.74239, 5.8884679, 499.03923, 500.20058,
12.750550, 975.68349, 6.7965103, 497.56801, 498.71295,
12.760570, 957.71306, 5.9618152, 496.08607, 497.21299,
12.770590, 963.60127, 5.9661720, 494.59342, 495.70075,
12.780610, 952.92767, 5.9631206, 493.09046, 494.17668,
12.790620, 935.05463, 5.8041545, 491.57905, 492.64271,
12.800640, 905.85390, 5.6796231, 490.05629, 491.09594,
12.810650, 895.79103, 5.7426376, 488.52564, 489.53991,
12.820660, 867.81844, 5.6358841, 486.98576, 487.97332,
12.830670, 822.36505, 5.3569275, 485.43675, 486.39633,
12.840680, 784.05559, 5.2746164, 483.87916, 484.80953,
12.850680, 744.06693, 5.2479587, 482.31459, 483.21460,
12.860690, 697.00241, 5.1683150, 480.74028, 481.60881,
12.870690, 666.47145, 5.0555006, 479.15949, 479.99551,
12.880690, 636.38977, 4.8126633, 477.57110, 478.37363,
12.890690, 612.54604, 4.8201241, 475.97503, 476.74314,
12.900680, 594.07045, 4.8700854, 474.37336, 475.10624,
12.910680, 561.65016, 4.7620186, 472.76294, 473.45975,
12.920670, 545.92667, 4.5933756, 471.14737, 471.80744,
12.930670, 538.78259, 4.5846709, 469.52348, 470.14612,
12.940660, 516.39130, 4.5784479, 467.89473, 468.47941,
12.950640, 509.90710, 4.7224544, 466.26168, 466.80792,
12.960630, 494.23987, 4.5770147, 464.62077, 465.12811,
12.970620, 489.45037, 4.5514928, 462.97426, 463.44234,
12.980600, 481.33165, 4.5926828, 461.32375, 461.75236,
12.990580, 483.50103, 4.7925378, 459.66806, 460.05698,
13.000560, 471.01025, 4.7185601, 458.00705, 458.35618,
13.010540, 462.00860, 4.6698546, 456.34109, 456.65040,
13.020520, 463.14658, 4.6611756, 454.67037, 454.93990,
13.030490, 463.22872, 4.8521204, 452.99685, 453.22678,
13.040470, 455.18604, 5.1827715, 451.31719, 451.50770,
13.050440, 455.68020, 5.2952133, 449.63512, 449.78656,
13.060410, 454.83115, 4.9222618, 447.94907, 448.06182,
13.070380, 444.06663, 4.9427939, 446.25904, 446.33360,
13.080350, 447.63363, 5.5890075, 444.56556, 444.60249,
13.090310, 447.32212, 5.7078460, 442.87027, 442.87027,
13.100280, 436.65855, 5.2190957, 441.17011, 441.13389,
13.110240, 438.67039, 5.2172925, 439.46862, 439.39696,
13.120200, 444.60146, 5.7840682, 437.76445, 437.65814,
13.130160, 439.98938, 6.0850116, 436.05788, 435.91771,
13.140110, 452.64165, 4.6451953, 434.35100, 434.17780,
13.150070, 448.40112, 4.1643552, 432.64050, 432.43505,
13.160020, 446.96972, 4.0141410, 430.93026, 430.69341,
13.169980, 443.14992, 4.3409361, 429.21694, 428.94952,
13.179930, 444.72500, 4.4449683, 427.50445, 427.20734,
13.189870, 432.82283, 4.1455908, 425.79289, 425.46700,
13.199820, 431.95735, 4.7620393, 424.07926, 423.72545,
13.209770, 438.12843, 4.8723912, 422.36532, 421.98449,
13.219710, 422.16222, 4.0871138, 420.65332, 420.24643,
13.229650, 423.38621, 4.5145359, 418.94189, 418.50987,
13.239590, 426.44660, 4.0201408, 417.23098, 416.77479,
13.249530, 422.15382, 4.0991853, 415.52103, 415.04165,
13.259470, 414.54395, 5.0776147, 413.81233, 413.31074,
13.269410, 423.69553, 4.5724117, 412.10515, 411.58236,
13.279340, 415.21420, 4.3367052, 410.40157, 409.85863,
13.289270, 412.63750, 4.7848749, 408.69990, 408.13784,
13.299200, 413.69577, 4.7156001, 407.00076, 406.42063,
13.309130, 418.99510, 4.8055399, 405.30425, 404.70713,
13.318260, 421.18112, 4.4241034, 403.74686, 403.13507,
13.328980, 420.57340, 4.2580514, 401.92175, 401.29391,
13.339690, 408.35923, 4.0725119, 400.10248, 399.45992,
13.350400, 414.57227, 4.4615580, 398.28764, 397.63165,
13.361120, 415.58747, 4.3167593, 396.47581, 395.80771,
13.371830, 405.95320, 3.8560974, 394.67091, 393.99204,
13.382530, 403.74150, 3.7957516, 392.87311, 392.18485,
13.393240, 405.77163, 3.9344307, 391.07960, 390.38329,
13.403940, 410.31815, 4.0359140, 389.29393, 388.59095,
13.414650, 421.50155, 5.1266523, 387.51329, 386.80502,
13.425350, 416.37154, 3.8075995, 385.74124, 385.02906,
13.436050, 416.31925, 3.8076555, 383.97657, 383.26188,
13.446740, 414.64855, 3.8539125, 382.22138, 381.50557,
13.457440, 430.96368, 4.0337400, 380.47261, 379.75707,
13.468130, 444.72938, 3.9371056, 378.73409, 378.02021,
13.478830, 439.77925, 3.8185099, 377.00279, 376.29198,
13.489520, 435.71900, 3.7918602, 375.28252, 374.57614,
13.500200, 444.42115, 3.9631032, 373.57350, 372.87292,
13.510890, 443.68503, 3.9107640, 371.87308, 371.17967,
13.521570, 457.62942, 3.9116652, 370.18471, 369.49982,
13.532260, 478.84332, 3.9126944, 368.50580, 367.83076,
13.542940, 480.97940, 3.9774395, 366.83976, 366.17588,
13.553620, 465.71485, 4.0500522, 365.18553, 364.53409,
13.564290, 468.10500, 4.0386714, 363.54513, 362.90739,
13.574970, 450.47818, 3.8572270, 361.91579, 361.29300,
13.585640, 447.10003, 3.7702861, 360.30116, 359.69449,
13.596320, 447.51305, 3.8892284, 358.69850, 358.10915,
13.606990, 439.80515, 3.9684231, 357.11144, 356.54051,
13.617650, 430.82649, 4.3725881, 355.54024, 354.98881,
13.628320, 427.86398, 3.7822470, 353.98258, 353.45168,
13.638980, 422.55370, 3.7635317, 352.44171, 351.93232,
13.649650, 405.18555, 3.7517707, 350.91536, 350.42843,
13.660310, 401.46955, 3.8896489, 349.40676, 348.94313,
13.670970, 393.60802, 4.1012285, 347.91504, 347.47551,
13.681630, 387.68730, 3.6177689, 346.44070, 346.02601,
13.692280, 381.27435, 4.0497691, 344.98570, 344.59647,
13.702940, 373.66100, 3.6888749, 343.54768, 343.18453,
13.713590, 369.53537, 3.9165620, 342.13001, 341.79340,
13.724240, 359.10238, 3.5272935, 340.73169, 340.42202,
13.734890, 354.71925, 3.4531381, 339.35352, 339.07110,
13.745530, 348.32255, 3.4283169, 337.99714, 337.74215,
13.756180, 348.82162, 3.5385173, 336.66069, 336.43326,
13.766820, 348.44332, 3.7828671, 335.34715, 335.14724,
13.777460, 346.02944, 3.5428825, 334.05590, 333.88338,
13.788100, 339.61298, 3.5725186, 332.78755, 332.64215,
13.798740, 327.40460, 3.3483773, 331.54270, 331.42404,
13.809380, 332.88125, 3.6922711, 330.32210, 330.22964,
13.820010, 334.41953, 3.7499553, 329.12721, 329.06026,
13.830640, 334.53638, 3.7066704, 327.95779, 327.91552,
13.841270, 330.36517, 3.6201021, 326.81430, 326.79571,
13.851900, 324.72266, 3.6636129, 325.69761, 325.70154,
13.862530, 317.77239, 4.6719957, 324.60788, 324.63308,
13.873150, 319.61034, 4.0791672, 323.54539, 323.59066,
13.883780, 320.86380, 3.7964491, 322.50742, 322.57171,
13.894400, 317.66602, 3.5161552, 321.49505, 321.57736,
13.905020, 316.13080, 3.7013722, 320.50656, 320.60598,
13.915640, 312.57741, 3.6903074, 319.54119, 319.65690,
13.926250, 315.06381, 3.8113273, 318.59902, 318.73025,
13.936870, 318.51425, 3.7381703, 317.67769, 317.82376,
13.947480, 324.26205, 3.9192477, 316.77796, 316.93822,
13.958090, 322.66070, 3.9467928, 315.89844, 316.07231,
13.968700, 330.81020, 4.0544302, 315.03826, 315.22520,
13.979310, 322.70249, 4.3513503, 314.19687, 314.39638,
13.989910, 318.62515, 4.2557106, 313.37423, 313.58583,
14.000520, 321.64371, 4.3172591, 312.56818, 312.79144,
14.011120, 309.45587, 4.3417396, 311.77949, 312.01399,
14.021720, 319.26995, 4.3441788, 311.00678, 311.25212,
14.032320, 314.28485, 4.4796858, 310.24936, 310.50516,
14.042920, 315.29226, 4.7311432, 309.50661, 309.77249,
14.053510, 303.96989, 4.3498440, 308.77859, 309.05416,
14.064110, 307.35648, 4.6867031, 308.06321, 308.34812,
14.074700, 297.89907, 4.9181925, 307.36121, 307.65508,
14.085290, 298.85363, 4.8661121, 306.67138, 306.97382,
14.095870, 309.58782, 3.6656491, 305.99363, 306.30424,
14.106460, 305.64917, 3.0332473, 305.32613, 305.64453,
14.117040, 306.76720, 3.1168231, 304.66949, 304.99524,
14.127630, 312.03165, 3.2433137, 304.02187, 304.35452,
14.138210, 321.74801, 3.5161619, 303.38394, 303.72303,
14.148790, 314.48497, 3.6098639, 302.75447, 303.09951,
14.159370, 313.45168, 4.1336333, 302.13287, 302.48334,
14.169940, 321.32957, 3.6009996, 301.51918, 301.87452,
14.180520, 326.02577, 6.1920116, 300.91159, 301.27122,
14.182090, 327.10565, 3.7787055, 300.82197, 301.18219,
14.193560, 322.48167, 3.6038283, 300.17113, 300.53519,
14.205030, 331.33812, 3.7421551, 299.52661, 299.89375,
14.216500, 336.86682, 3.9761347, 298.88781, 299.25718,
14.227970, 335.03055, 3.8334961, 298.25393, 298.62466,
14.239430, 328.86198, 3.7337874, 297.62480, 297.99595,
14.250890, 331.49305, 3.7457213, 296.99921, 297.36978,
14.262350, 331.34344, 3.8817044, 296.37634, 296.74530,
14.273810, 321.92908, 3.9369875, 295.75554, 296.12177,
14.285270, 321.47363, 4.0322216, 295.13614, 295.49849,
14.296730, 316.70395, 3.7766154, 294.51734, 294.87458,
14.308180, 301.73678, 3.5681043, 293.89904, 294.24989,
14.319630, 299.85755, 3.5271699, 293.27996, 293.62308,
14.331080, 302.63850, 3.6204659, 292.65934, 292.99334,
14.342530, 299.39102, 3.5801494, 292.03658, 292.36000,
14.353970, 301.26029, 3.3396733, 291.41149, 291.72282,
14.365410, 303.65492, 3.2974101, 290.78275, 291.08040,
14.376860, 296.30289, 3.3024634, 290.14914, 290.43148,
14.388300, 288.35394, 3.4417646, 289.51103, 289.77637,
14.399730, 287.16892, 3.2646118, 288.86775, 289.11437,
14.411170, 280.81215, 3.0783221, 288.21741, 288.44349,
14.422600, 289.07043, 3.2703727, 287.56048, 287.76418,
14.434030, 283.60378, 3.0367992, 286.89563, 287.07506,
14.445460, 286.28056, 3.1863138, 286.22208, 286.37529,
14.456890, 277.99877, 3.0618268, 285.53920, 285.66421,
14.468320, 281.00783, 3.0206423, 284.84620, 284.94096,
14.479740, 284.77877, 2.9246185, 284.14292, 284.20540,
14.491160, 284.31385, 2.9813627, 283.42804, 283.45613,
14.502580, 275.55798, 3.0718805, 282.70086, 282.69242,
14.514000, 286.26122, 3.1260080, 281.96109, 281.91405,
14.525420, 283.99315, 3.4200442, 281.20983, 281.12239,
14.536830, 291.53607, 5.5055457, 280.44895, 280.31965,
14.548240, 291.82385, 5.6738133, 279.67895, 279.50660,
14.559650, 285.41756, 5.3964988, 278.90092, 278.68464,
14.571060, 275.73004, 3.1475921, 278.11615, 277.85536,
14.582470, 276.34498, 3.4878888, 277.32574, 277.02018,
14.593870, 263.85012, 3.5176386, 276.53150, 276.18126,
14.605270, 272.03461, 3.0478444, 275.73394, 275.33937,
14.616670, 267.45818, 3.0569966, 274.93425, 274.49603,
14.628070, 262.93592, 3.7019837, 274.13345, 273.65258,
14.639470, 260.60078, 3.6146982, 273.33275, 272.81054,
14.650860, 268.53371, 2.9291308, 272.53404, 271.97215,
14.662260, 266.58840, 2.9988536, 271.73699, 271.13731,
14.673650, 266.54422, 3.1607295, 270.94420, 270.30903,
14.685040, 261.97945, 2.9846397, 270.15603, 269.48793,
14.696420, 260.01870, 3.0294428, 269.37447, 268.67636,
14.707810, 264.65900, 2.9775038, 268.59910, 267.87413,
14.719190, 262.39610, 2.8784784, 267.83263, 267.08433,
14.730570, 259.59313, 2.8276861, 267.07538, 266.30755,
14.741950, 266.72612, 3.1227160, 266.32856, 265.54532,
14.753330, 259.91100, 3.0671803, 265.59336, 264.79911,
14.764700, 258.35723, 2.9175002, 264.87160, 264.07106,
14.776080, 257.47265, 2.8730273, 264.16312, 263.36130,
14.787450, 259.41580, 3.0615383, 263.47043, 262.67262,
14.798820, 256.01120, 3.0401433, 262.79406, 262.00585,
14.810190, 257.52955, 3.0854177, 262.13516, 261.36241,
14.821550, 267.01232, 3.3834834, 261.49558, 260.74441,
14.832920, 257.89960, 3.2539991, 260.87541, 260.15227,
14.844280, 255.43100, 3.0389256, 260.27692, 259.58847,
14.855640, 253.18748, 3.2689630, 259.70083, 259.05401,
14.866990, 253.81977, 3.5391440, 259.14890, 258.55086,
14.878350, 260.19910, 3.5960891, 258.62136, 258.07961,
14.889710, 260.54568, 3.3874731, 258.12003, 257.64226,
14.901060, 258.18250, 3.6430470, 257.64662, 257.24069,
14.912410, 250.49225, 3.5188598, 257.20196, 256.87604,
14.923760, 261.54277, 4.0048385, 256.78735, 256.54981,
14.935100, 263.56153, 4.2041856, 256.40454, 256.26387,
14.946450, 253.32983, 3.8012885, 256.05410, 256.01919,
14.957790, 250.27207, 3.7105502, 255.73805, 255.81763,
14.969130, 253.52363, 3.9160362, 255.45683, 255.65817,
14.980470, 249.13112, 3.9090095, 255.21088, 255.53868,
14.991810, 256.65027, 4.0941409, 255.00067, 255.45708,
15.003140, 263.81468, 4.5045584, 254.82684, 255.41130,
15.014480, 256.04132, 4.0091331, 254.68960, 255.39916,
15.025810, 249.40807, 4.5545181, 254.58971, 255.41862,
15.037140, 258.58448, 4.5603990, 254.52759, 255.46757,
15.048460, 264.31105, 4.8766039, 254.50382, 255.54387,
15.059790, 249.75627, 4.1643541, 254.51893, 255.64561,
15.071110, 247.64845, 4.1860648, 254.57352, 255.77056,
15.082440, 259.90928, 3.3976364, 254.66833, 255.91690,
15.093750, 249.63070, 2.9636685, 254.80369, 256.08216,
15.105070, 246.74380, 2.8462265, 254.98059, 256.26474,
15.116390, 256.77262, 3.2340004, 255.19964, 256.46247,
15.127700, 254.86450, 2.9747530, 255.46128, 256.67313,
15.139020, 259.49525, 3.2968783, 255.76676, 256.89508,
15.150330, 264.65665, 3.5634492, 256.11628, 257.12591,
15.162390, 246.93495, 3.7663183, 256.53868, 257.37977,
15.174730, 262.49850, 4.0617603, 257.02502, 257.64531,
15.187070, 275.04388, 4.3081647, 257.56714, 257.91406,
15.199410, 239.81377, 3.7215327, 258.16625, 258.18347,
15.211740, 247.97648, 3.7393811, 258.82221, 258.45103,
15.224080, 265.17755, 4.1985351, 259.53385, 258.71676,
15.236410, 254.99940, 3.6219119, 260.29669, 258.98024,
15.248740, 265.40835, 3.6453774, 261.10815, 259.24171,
15.261060, 278.96755, 4.2761109, 261.96434, 259.50098,
15.273390, 271.45573, 4.2539892, 262.86361, 259.75852,
15.285710, 267.16953, 4.1185335, 263.80142, 260.01395,
15.298030, 258.80206, 4.2657226, 264.77532, 260.26748,
15.310350, 259.63895, 3.5988524, 265.78244, 260.51917,
15.322660, 262.27772, 3.7908051, 266.81879, 260.76881,
15.334980, 252.94348, 3.5146488, 267.88309, 261.01685,
15.347290, 259.71113, 3.5681312, 268.97071, 261.26292,
15.359600, 272.57763, 3.3109943, 270.07952, 261.50725,
15.371900, 266.59118, 3.2508141, 271.20563, 261.74965,
15.384210, 272.60682, 3.3384287, 272.34803, 261.99056,
15.396510, 267.52137, 3.8598744, 273.50197, 262.22961,
15.408810, 275.67365, 3.7147335, 274.66532, 262.46700,
15.421110, 274.75412, 3.4031279, 275.83539, 262.70280,
15.433410, 269.81835, 3.2848058, 277.00911, 262.93698,
15.445700, 274.12138, 3.3481744, 278.18278, 263.16940,
15.457990, 277.10594, 3.6020992, 279.35442, 263.40028,
15.470280, 276.03132, 3.7317035, 280.52116, 263.62963,
15.482570, 275.10934, 3.5955778, 281.68012, 263.85748,
15.494860, 276.97470, 3.5611442, 282.82842, 264.08385,
15.507140, 280.81576, 3.5544582, 283.96229, 264.30858,
15.519420, 282.70641, 3.6224758, 285.07965, 264.53186,
15.531700, 279.20451, 3.7144552, 286.17776, 264.75374,
15.543980, 276.88533, 3.6414633, 287.25353, 264.97421,
15.556260, 279.07733, 3.5115027, 288.30421, 265.19331,
15.568530, 286.07658, 3.3601993, 289.32590, 265.41087,
15.580800, 290.72607, 3.3891506, 290.31655, 265.62710,
15.593070, 293.90302, 3.5748439, 291.27318, 265.84200,
15.605340, 290.83958, 3.5604767, 292.19287, 266.05561,
15.617600, 292.65780, 3.4891059, 293.07434, 266.26777,
15.629860, 292.84936, 3.3470018, 293.92039, 266.47864,
15.642120, 291.59223, 3.2534595, 294.73345, 266.68829,
15.654380, 295.07915, 4.1931292, 295.51564, 266.89670,
15.666640, 293.03680, 3.6428374, 296.26932, 267.10391,
15.678890, 301.88947, 3.6354130, 296.99604, 267.30974,
15.691140, 307.41817, 3.5598287, 297.69865, 267.51440,
15.703390, 304.31575, 3.3894038, 298.37935, 267.71790,
15.715640, 317.87147, 3.6275972, 299.04029, 267.92025,
15.727890, 303.18757, 3.5775128, 299.68363, 268.12146,
15.740130, 302.08215, 3.4603624, 300.31104, 268.32141,
15.752370, 311.69936, 3.6138210, 300.92510, 268.52023,
15.764610, 316.61868, 3.2298475, 301.52803, 268.71799,
15.776850, 313.48295, 3.1830931, 302.12186, 268.91465,
15.789090, 315.47907, 3.2556739, 302.70878, 269.11027,
15.801320, 320.99383, 3.4564779, 303.29035, 269.30468,
15.813550, 323.22303, 3.4828840, 303.86918, 269.49806,
15.825780, 327.51022, 3.4359929, 304.44736, 269.69042,
15.838010, 332.92723, 3.4257028, 305.02699, 269.88177,
15.850230, 330.83143, 3.4375153, 305.60969, 270.07198,
15.862450, 327.73880, 3.4606113, 306.19797, 270.26119,
15.874670, 329.61760, 3.8034992, 306.79402, 270.44945,
15.886890, 333.36355, 3.6704428, 307.39988, 270.63675,
15.899110, 342.39406, 3.8614612, 308.01763, 270.82309,
15.911320, 332.51966, 3.8056183, 308.64891, 271.00835,
15.923540, 332.15928, 4.0092443, 309.29689, 271.19284,
15.935750, 328.33433, 4.1999532, 309.96259, 271.37627,
15.947960, 327.05862, 4.4775854, 310.64869, 271.55879,
15.960160, 327.04275, 4.4440794, 311.35678, 271.74027,
15.972370, 328.68865, 4.4867007, 312.09014, 271.92102,
15.984570, 324.63980, 4.0363246, 312.84974, 272.10074,
15.996770, 328.54922, 4.0984807, 313.63846, 272.27961,
16.008961, 328.51367, 4.2668785, 314.45779, 272.45748,
16.021160, 336.31173, 4.5813649, 315.31118, 272.63464,
16.033350, 321.95575, 4.1978485, 316.19961, 272.81083,
16.045549, 317.96798, 4.3192107, 317.12675, 272.98632,
16.057739, 327.83593, 4.1995064, 318.09343, 273.16086,
16.069920, 332.54997, 4.6947678, 319.10190, 273.33445,
16.082109, 307.38351, 8.9646188, 320.15606, 273.50738,
16.094290, 317.64420, 4.6650277, 321.25664, 273.67938,
16.106470, 311.20440, 4.3571796, 322.40686, 273.85059,
16.118650, 312.93992, 4.1940915, 323.60914, 274.02103,
16.130831, 315.73970, 4.3790207, 324.86594, 274.19069,
16.143009, 319.10822, 4.9232120, 326.17956, 274.35956,
16.155180, 314.28642, 4.7424033, 327.55184, 274.52757,
16.167351, 332.13482, 5.3438752, 328.98616, 274.69482,
16.179520, 314.78117, 5.6863710, 330.48487, 274.86131,
16.191681, 317.88140, 5.1004001, 332.04985, 275.02695,
16.203850, 326.41222, 5.7530641, 333.68574, 275.19197,
16.216009, 331.47592, 6.5130440, 335.39295, 275.35613,
16.228170, 338.76100, 5.3529721, 337.17543, 275.51959,
16.240330, 351.76227, 5.8313147, 339.03102, 275.68232,
16.252489, 354.75283, 6.0778635, 340.95588, 275.84433,
16.264641, 349.23488, 5.8051285, 342.94460, 276.00554,
16.276791, 358.26723, 6.0506619, 344.99397, 276.16602,
16.288950, 375.12817, 5.5117774, 347.10192, 276.32593,
16.301090, 385.35360, 5.7039648, 349.25942, 276.48491,
16.313240, 410.73788, 6.0639792, 351.46754, 276.64332,
16.325380, 416.29880, 6.3224029, 353.71888, 276.80092,
16.337530, 456.50065, 4.9012760, 356.01305, 276.95798,
16.349670, 471.87333, 4.2675036, 358.34258, 277.11423,
16.361799, 522.21523, 4.3016623, 360.70316, 277.26967,
16.373940, 583.52988, 4.8628700, 363.09542, 277.42459,
16.386070, 616.08197, 4.9788939, 365.51143, 277.57872,
16.398211, 658.21341, 5.2986195, 367.95117, 277.73231,
16.410339, 674.57372, 5.4550776, 370.40667, 277.88511,
16.422461, 679.65175, 5.6161740, 372.87488, 278.03715,
16.434589, 681.99739, 6.1124762, 375.35517, 278.18864,
16.446711, 671.47815, 6.1151914, 377.84068, 278.33938,
16.458839, 672.66533, 6.6400007, 380.33079, 278.48957,
16.470961, 627.31042, 6.0509975, 382.81863, 278.63903,
16.483070, 610.48605, 6.1541757, 385.29970, 278.78770,
16.495190, 573.18343, 7.1801197, 387.77457, 278.93585,
16.500280, 586.68776, 6.8731790, 388.81080, 278.99788,
16.513599, 538.22583, 6.1828275, 391.50998, 279.15967,
16.526911, 520.54211, 5.3145142, 394.18638, 279.32059,
16.540211, 513.15631, 5.4698825, 396.83431, 279.48060,
16.553520, 500.70868, 5.6495681, 399.45293, 279.63997,
16.566820, 483.54177, 5.4208392, 402.03347, 279.79846,
16.580120, 456.19289, 4.8662617, 404.57279, 279.95619,
16.593420, 449.43633, 4.6603883, 407.06581, 280.11315,
16.606710, 435.54108, 4.3164852, 409.50567, 280.26924,
16.620001, 433.88100, 4.3465201, 411.88906, 280.42457,
16.633301, 417.37029, 4.3419062, 414.21243, 280.57925,
16.646589, 419.59780, 4.5040656, 416.46690, 280.73304,
16.659870, 416.93772, 4.3689544, 418.64799, 280.88598,
16.673149, 432.09547, 4.5172596, 420.75140, 281.03813,
16.686440, 420.44048, 4.4193891, 422.77378, 281.18965,
16.699711, 421.82088, 4.8726207, 424.70577, 281.34020,
16.712990, 422.89066, 4.7519924, 426.55266, 281.49006,
16.726271, 424.14037, 4.6851838, 428.31810, 281.63918,
16.739540, 421.53392, 4.4204528, 430.00490, 281.78740,
16.752810, 415.67685, 4.1626236, 431.61908, 281.93486,
16.766081, 422.45232, 4.0679881, 433.16522, 282.08156,
16.779341, 424.84758, 4.1616976, 434.64619, 282.22736,
16.792601, 417.25530, 4.2675993, 436.06762, 282.37238,
16.805870, 427.12400, 4.3329258, 437.43470, 282.51673,
16.819120, 412.59885, 4.9466198, 438.74875, 282.66009,
16.832380, 419.68698, 4.0643721, 440.01681, 282.80277,
16.845631, 419.65690, 3.9855662, 441.24117, 282.94455,
16.858891, 414.20981, 4.1033397, 442.42767, 283.08565,
16.872141, 424.90960, 4.3760998, 443.57866, 283.22584,
16.885380, 428.78187, 4.4072953, 444.69808, 283.36511,
16.898630, 422.78155, 4.1766996, 445.79185, 283.50369,
16.911869, 426.09243, 3.8984283, 446.86207, 283.64135,
16.925110, 440.40078, 3.9349800, 447.91379, 283.77821,
16.938351, 439.44330, 4.7203565, 448.95080, 283.91424,
16.951580, 461.44327, 6.3310848, 449.97614, 284.04934,
16.964821, 451.32020, 4.2856639, 450.99237, 284.18372,
16.978050, 460.37543, 4.7196555, 451.98974, 284.31714,
16.991270, 469.86481, 4.8089336, 452.95892, 284.44962,
17.004499, 492.93126, 4.2855194, 453.89176, 284.58135,
17.017719, 675.34419, 5.0291126, 454.77737, 284.71213,
17.030951, 1353.7722, 7.4549003, 455.60753, 284.84216,
17.044161, 1293.4310, 7.9858197, 456.37063, 284.97111,
17.057381, 619.65582, 5.3356531, 457.05885, 285.09927,
17.070601, 479.50390, 4.6340684, 457.66188, 285.22655,
17.083811, 468.29617, 4.5768679, 458.16958, 285.35284,
17.097019, 466.77312, 4.4376603, 458.57253, 285.47821,
17.110229, 468.62175, 4.5455474, 458.86091, 285.60269,
17.123430, 445.81895, 4.4732136, 459.02457, 285.72616,
17.136641, 449.49765, 4.4036613, 459.05365, 285.84878,
17.149839, 454.06187, 4.3272092, 458.93794, 285.97037,
17.163040, 451.20397, 4.3349790, 458.66719, 286.09102,
17.176229, 444.59328, 4.2396583, 458.23146, 286.21062,
17.189430, 451.87840, 4.5211209, 457.61945, 286.32935,
17.202620, 458.17322, 4.7279669, 456.82161, 286.44700,
17.215811, 454.52415, 4.7725305, 455.82653, 286.56368,
17.229000, 455.96102, 4.7762166, 454.62360, 286.67935,
17.242180, 455.68822, 4.5149235, 453.20274, 286.79392,
17.255369, 452.45367, 4.6077274, 451.55719, 286.90755,
17.268551, 446.80225, 4.5025860, 449.70022, 287.02008,
17.281719, 452.30679, 4.6183658, 447.64652, 287.13146,
17.294901, 470.67973, 4.8217215, 445.40518, 287.24189,
17.308069, 465.57973, 4.7476528, 442.99385, 287.35113,
17.321251, 472.67493, 4.6460524, 440.42062, 287.45941,
17.334410, 479.91489, 4.6373578, 437.70558, 287.56640,
17.347580, 490.57287, 4.9789668, 434.85456, 287.67237,
17.360750, 494.46338, 5.2344362, 431.88251, 287.77722,
17.373911, 509.73680, 5.8108555, 428.80425, 287.88086,
17.387070, 487.72418, 5.5049259, 425.63057, 287.98333,
17.400230, 478.54850, 5.5628797, 422.37293, 288.08464,
17.413380, 458.75578, 5.5286008, 419.04701, 288.18469,
17.426540, 456.87913, 5.3503972, 415.65928, 288.28362,
17.439690, 452.21183, 5.4800589, 412.22782, 288.38126,
17.452841, 446.92032, 6.0034539, 408.76135, 288.47768,
17.465981, 431.42988, 7.5697657, 405.27554, 288.57276,
17.479130, 428.95949, 6.5913327, 401.77692, 288.66666,
17.492270, 400.27062, 5.3994659, 398.28266, 288.75920,
17.505409, 388.36639, 4.9190545, 394.80228, 288.85045,
17.518551, 394.85247, 5.1994751, 391.34739, 288.94039,
17.531679, 389.75462, 5.2293536, 387.93403, 289.02890,
17.544821, 372.87878, 5.6276428, 384.56740, 289.11615,
17.557949, 368.34005, 5.8280611, 381.26648, 289.20194,
17.571079, 370.41670, 5.3504791, 378.03955, 289.28635,
17.584200, 369.39287, 5.3651382, 374.90158, 289.36929,
17.597330, 367.27720, 5.7394010, 371.86030, 289.45086,
17.610451, 366.32310, 6.3424047, 368.93114, 289.53091,
17.623569, 379.91658, 6.5573586, 366.11314, 289.60948,
17.636690, 383.33485, 6.5927987, 363.40184, 289.68656,
17.649799, 377.83318, 6.2229310, 360.79631, 289.76206,
17.662910, 387.40115, 6.3229338, 358.29030, 289.83603,
17.676029, 412.63503, 6.5506698, 355.87938, 289.90847,
17.689131, 391.22515, 6.2378883, 353.56466, 289.97924,
17.702240, 379.75647, 6.6132858, 351.33839, 290.04844,
17.715349, 389.94485, 6.6342451, 349.19871, 290.11601,
17.728451, 378.88895, 7.2777828, 347.14364, 290.18187,
17.741550, 383.43827, 5.6726457, 345.16912, 290.24605,
17.754641, 390.31168, 4.5841878, 343.27315, 290.30846,
17.767740, 389.84400, 4.5511945, 341.45002, 290.36919,
17.780830, 384.06083, 4.4293022, 339.69947, 290.42812,
17.793921, 386.77962, 4.6796071, 338.01728, 290.48525,
17.807011, 380.26015, 4.4820172, 336.40065, 290.54057,
17.820101, 382.03678, 4.4887664, 334.84682, 290.59405,
17.833179, 391.29299, 4.4996588, 333.35435, 290.64560,
17.846270, 372.66573, 4.5903142, 331.91797, 290.69530,
17.859341, 366.57832, 4.4091365, 330.53835, 290.74300,
17.872419, 363.27112, 5.2877821, 329.21003, 290.78876,
17.885500, 358.68145, 5.6954210, 327.93110, 290.83254,
17.898569, 350.81225, 5.7024572, 326.70030, 290.87426,
17.911640, 348.12247, 5.1697715, 325.51386, 290.91393,
17.924709, 334.21155, 5.2190919, 324.36970, 290.95150,
17.937780, 309.64703, 8.1694810, 323.26506, 290.98696,
17.941250, 344.18983, 5.1334449, 322.97823, 290.99602,
17.955721, 330.50680, 4.8070680, 321.80921, 291.03212,
17.970181, 328.13823, 4.9018418, 320.68289, 291.06550,
17.984650, 328.64783, 4.9620381, 319.59447, 291.09615,
17.999109, 308.08994, 5.6282723, 318.54229, 291.12399,
18.013571, 321.89960, 6.4896359, 317.52242, 291.14898,
18.028021, 321.52225, 5.0346601, 316.53275, 291.17107,
18.042480, 320.87322, 4.5990097, 315.56882, 291.19022,
18.056931, 303.35355, 4.2601084, 314.62892, 291.20635,
18.071381, 309.15644, 4.3086428, 313.70945, 291.21944,
18.085819, 310.03593, 4.5404628, 312.80818, 291.22941,
18.100269, 318.91242, 4.5584125, 311.92074, 291.23623,
18.114710, 316.71428, 4.6248456, 311.04593, 291.23982,
18.129150, 304.85825, 4.5494827, 310.18214, 291.24014,
18.143579, 305.12865, 4.3866514, 309.32944, 291.23713,
18.158020, 303.28934, 4.5319251, 308.48583, 291.23071,
18.172449, 298.56728, 4.4866668, 307.65204, 291.22085,
18.186880, 311.47153, 4.9919371, 306.82669, 291.20746,
18.201300, 309.27320, 4.8362046, 306.00993, 291.19051,
18.215719, 288.68682, 4.1890202, 305.20052, 291.16991,
18.230150, 294.34158, 3.9638190, 304.39723, 291.14559,
18.244560, 295.30527, 4.0549595, 303.60130, 291.11752,
18.258980, 291.32371, 4.2707861, 302.81046, 291.08558,
18.273390, 295.94284, 4.4307861, 302.02518, 291.04975,
18.287800, 292.22823, 4.6304407, 301.24439, 291.00993,
18.302210, 299.68910, 4.4509564, 300.46752, 290.96606,
18.316620, 295.04120, 4.0296940, 299.69402, 290.91804,
18.331020, 290.29430, 3.7338175, 298.92385, 290.86585,
18.345421, 294.90913, 3.8818491, 298.15596, 290.80938,
18.359819, 287.96362, 3.8197358, 297.38989, 290.74854,
18.374210, 294.73627, 4.2809140, 296.62541, 290.68330,
18.388611, 300.36235, 4.4141798, 295.86106, 290.61350,
18.403000, 287.51796, 4.1901109, 295.09743, 290.53913,
18.417379, 292.46925, 4.0113451, 294.33386, 290.46014,
18.431770, 293.31465, 4.0302189, 293.56870, 290.37630,
18.446150, 284.57458, 3.9927146, 292.80263, 290.28767,
18.460529, 295.38264, 4.3813720, 292.03450, 290.19409,
18.474911, 297.44862, 4.5729314, 291.26366, 290.09545,
18.489281, 284.43857, 4.4199901, 290.49028, 289.99176,
18.503660, 286.70707, 3.9842085, 289.71270, 289.88276,
18.518030, 286.81370, 4.1488314, 288.93193, 289.76856,
18.532391, 293.22495, 4.1715860, 288.14896, 289.64915,
18.546761, 295.86198, 4.3896661, 287.36386, 289.52439,
18.561119, 291.99445, 4.4409360, 286.57888, 289.39447,
18.575480, 292.79398, 4.2275551, 285.79439, 289.25928,
18.589840, 287.78912, 4.0474372, 285.01159, 289.11885,
18.604191, 293.52425, 3.8112582, 284.23210, 288.97327,
18.618549, 294.28922, 3.6505558, 283.45610, 288.82237,
18.632900, 293.60947, 3.6608452, 282.68551, 288.66631,
18.647240, 298.43162, 4.1085311, 281.92164, 288.50515,
18.661591, 294.60060, 4.4570424, 281.16439, 288.33861,
18.675930, 300.34467, 4.3844888, 280.41608, 288.16697,
18.690269, 293.30545, 4.5065245, 279.67723, 287.99007,
18.704611, 306.31162, 4.4726985, 278.94888, 287.80788,
18.718941, 305.48654, 4.5491554, 278.23285, 287.62057,
18.733271, 281.75643, 4.0812938, 277.52970, 287.42798,
18.747601, 289.54995, 4.3658297, 276.84059, 287.23010,
18.761930, 297.22060, 4.8740320, 276.16670, 287.02690,
18.776260, 305.38833, 5.0995923, 275.50922, 286.81837,
18.790581, 312.34383, 5.0647274, 274.86978, 286.60463,
18.804899, 311.64912, 4.3736917, 274.24922, 286.38555,
18.819220, 311.69278, 4.7064754, 273.64861, 286.16105,
18.833530, 300.69390, 4.5008631, 273.06968, 285.93128,
18.847839, 305.22815, 4.4998802, 272.51334, 285.69609,
18.862150, 313.85618, 5.0386957, 271.98074, 285.45541,
18.876459, 312.60718, 5.0390413, 271.47334, 285.20925,
18.890770, 313.90205, 4.7190105, 270.99231, 284.95751,
18.905069, 315.43407, 4.4596413, 270.53944, 284.70041,
18.919371, 315.89150, 4.6735702, 270.11564, 284.43767,
18.933670, 320.75852, 4.9826252, 269.72244, 284.16932,
18.947960, 307.25047, 4.5419132, 269.36142, 283.89546,
18.962250, 306.36245, 5.0793757, 269.03377, 283.61588,
18.976540, 309.28627, 5.2646021, 268.74096, 283.33052,
18.990829, 309.49845, 5.1863160, 268.48450, 283.03935,
19.005119, 296.38612, 4.9599268, 268.26594, 282.74231,
19.019400, 297.27282, 4.9088918, 268.08695, 282.43956,
19.033680, 291.99702, 4.9250931, 267.94899, 282.13083,
19.047960, 286.42880, 4.7719879, 267.85369, 281.81609,
19.062229, 281.52575, 4.9110658, 267.80275, 281.49552,
19.076500, 271.88660, 5.8008513, 267.79780, 281.16878,
19.090771, 288.88797, 5.7932200, 267.84060, 280.83585,
19.105040, 285.47728, 5.3914226, 267.93292, 280.49670,
19.119310, 291.45750, 4.8362185, 268.07664, 280.15118,
19.133570, 275.32212, 4.9843272, 268.27344, 279.79955,
19.147829, 259.68692, 6.4201106, 268.52534, 279.44146,
19.162090, 285.20752, 6.0083580, 268.83437, 279.07680,
19.176340, 266.42610, 5.1186140, 269.20218, 278.70583,
19.190599, 268.32967, 5.7684489, 269.63139, 278.32794,
19.204849, 264.89140, 5.7245110, 270.12355, 277.94354,
19.219101, 267.86008, 5.4607612, 270.68116, 277.55226,
19.233339, 260.91440, 5.4308945, 271.30580, 277.15444,
19.247580, 266.31358, 5.7419224, 272.00033, 276.74957,
19.261820, 277.05758, 7.4151796, 272.76702, 276.33761,
19.276060, 266.60587, 7.1932300, 273.60828, 275.91847,
19.290300, 282.14600, 7.1090128, 274.52659, 275.49207,
19.304529, 268.24032, 6.5707078, 275.52365, 275.05865,
19.318760, 270.13490, 6.7701413, 276.60292, 274.61772,
19.332991, 294.52242, 7.7094585, 277.76695, 274.16923,
19.347219, 276.16364, 7.0129795, 279.01831, 273.71315,
19.361441, 285.21125, 7.4985790, 280.35924, 273.24954,
19.375660, 247.96822, 6.4753968, 281.79307, 272.77814,
19.389879, 245.10455, 7.0718096, 283.32296, 272.29876,
19.404100, 312.98315, 9.0261490, 284.95219, 271.81122,
19.418310, 318.47657, 9.4712209, 286.68227, 271.31588,
19.432520, 277.28014, 8.3619266, 288.51769, 270.81222,
