# wave, flux, fluxerr, continuum, continuum_plateau
9.9725246, 79.468809, 2.7617276, 78.839457, 78.816730,
9.9806166, 78.464472, 2.6634130, 78.703896, 78.684892,
9.9887066, 74.431181, 2.3813313, 78.578174, 78.562443,
9.9967957, 74.851206, 2.6552603, 78.462061, 78.449188,
10.004880, 77.206144, 2.9902483, 78.355392, 78.344996,
10.012970, 78.309170, 2.7808830, 78.257828, 78.249563,
10.021050, 82.417837, 2.3997563, 78.169342, 78.162890,
10.029140, 83.280354, 2.5325062, 78.089526, 78.084602,
10.037220, 85.939386, 2.7136244, 78.018380, 78.014721,
10.045300, 81.848835, 2.4368715, 77.955599, 77.952974,
10.053380, 74.269287, 2.3412155, 77.900986, 77.899186,
10.061460, 77.371853, 2.5755352, 77.854364, 77.853204,
10.069540, 83.132767, 2.6229260, 77.815533, 77.814852,
10.077610, 83.246042, 2.9490923, 77.784351, 77.784005,
10.085690, 71.453833, 2.3864133, 77.760555, 77.760422,
10.093760, 83.992611, 3.0894080, 77.744020, 77.743997,
10.101830, 78.559444, 2.2812603, 77.734536, 77.734535,
10.109900, 78.878555, 2.1311708, 77.731926, 77.731875,
10.117970, 75.331356, 2.3274638, 77.736016, 77.735858,
10.126040, 79.753546, 2.4152288, 77.746632, 77.746323,
10.134100, 80.152945, 2.7186524, 77.763577, 77.763087,
10.142170, 82.021717, 2.4123915, 77.786727, 77.786034,
10.150230, 77.104641, 2.2811790, 77.815856, 77.814952,
10.158300, 82.145967, 2.6348853, 77.850870, 77.849753,
10.166360, 76.703724, 2.1267478, 77.891515, 77.890194,
10.174420, 71.015705, 2.2914523, 77.937678, 77.936167,
10.182470, 77.047806, 2.4094436, 77.989123, 77.987444,
10.190530, 74.215334, 2.5240383, 78.045817, 78.043997,
10.198590, 70.706509, 2.0712965, 78.107554, 78.105623,
10.206640, 68.546101, 2.2764399, 78.174081, 78.172074,
10.214690, 75.316420, 2.4003825, 78.245320, 78.243275,
10.222750, 76.576035, 2.3431109, 78.321210, 78.319168,
10.230800, 68.272242, 2.4539785, 78.401421, 78.399423,
10.238850, 69.421364, 2.4290678, 78.485889, 78.483977,
10.246890, 76.258442, 2.8580156, 78.574357, 78.572573,
10.254940, 75.010401, 2.1768386, 78.666887, 78.665272,
10.262990, 79.840149, 2.5887888, 78.763230, 78.761823,
10.271030, 79.417707, 2.5986953, 78.863118, 78.861958,
10.279070, 72.260195, 2.3013206, 78.966506, 78.965629,
10.287120, 80.452890, 2.6180076, 79.073404, 79.072843,
10.295150, 75.980171, 2.7055407, 79.183259, 79.183040,
10.303190, 81.784191, 2.4556199, 79.296348, 79.296497,
10.311230, 81.023008, 2.6466241, 79.412720, 79.413255,
10.319270, 78.162445, 2.4641732, 79.533042, 79.533977,
10.327300, 72.160616, 3.3419608, 79.657810, 79.659150,
10.335340, 79.550058, 2.8883323, 79.788005, 79.789750,
10.343370, 77.229832, 2.3783882, 79.924010, 79.926151,
10.351400, 75.924900, 3.5335118, 80.066618, 80.069136,
10.359430, 75.566690, 2.7063931, 80.216522, 80.219387,
10.367460, 78.066509, 3.0099228, 80.374400, 80.377571,
10.375480, 75.753603, 3.1799826, 80.540709, 80.544133,
10.383510, 74.903366, 3.1273504, 80.716566, 80.720176,
10.391530, 69.418077, 4.1053450, 80.902219, 80.905930,
10.399560, 69.932720, 2.3131114, 81.098797, 81.102508,
10.407580, 73.574499, 2.0101118, 81.306522, 81.310112,
10.415600, 72.183500, 2.2278649, 81.526286, 81.529614,
10.423620, 73.020565, 2.6181986, 81.758838, 81.761738,
10.431640, 78.790882, 2.3623568, 82.004820, 82.007102,
10.439650, 78.523050, 2.6309197, 82.264643, 82.266091,
10.447670, 84.954420, 2.5153201, 82.539665, 82.540031,
10.455680, 82.569820, 2.5179093, 82.829804, 82.828814,
10.463700, 86.234785, 2.1943367, 83.135748, 83.133141,
10.471710, 82.825823, 2.6143417, 83.456215, 83.451777,
10.479720, 79.206200, 2.3939275, 83.791117, 83.784671,
10.487730, 78.796753, 2.4059781, 84.139979, 84.131384,
10.495730, 79.652424, 2.9407168, 84.501887, 84.491041,
10.503740, 80.187731, 2.6004994, 84.877239, 84.864065,
10.511750, 82.093763, 3.3473169, 85.265145, 85.249599,
10.519750, 76.201321, 3.1156485, 85.664613, 85.646683,
10.527750, 87.033377, 2.3390338, 86.075735, 86.055431,
10.535750, 83.618889, 2.9577216, 86.498013, 86.475369,
10.543750, 83.314190, 3.3651585, 86.930943, 86.906017,
10.551750, 90.012741, 3.1802786, 87.374181, 87.347050,
10.559750, 92.048954, 3.9826282, 87.827178, 87.797937,
10.567850, 85.852692, 2.5713726, 88.295446, 88.264184,
10.576350, 90.463688, 2.4430637, 88.796644, 88.763405,
10.584840, 91.560131, 2.6809299, 89.306759, 89.271707,
10.593340, 93.978296, 2.1874350, 89.826532, 89.789842,
10.601830, 94.846920, 2.2793557, 90.354164, 90.316029,
10.610330, 95.839945, 2.5722985, 90.890442, 90.851064,
10.618820, 96.566513, 2.4527154, 91.433593, 91.393188,
10.627310, 97.587063, 2.4402789, 91.983645, 91.942434,
10.635800, 95.580648, 2.2573923, 92.540213, 92.498428,
10.644280, 96.974955, 2.4771343, 93.102033, 93.059911,
10.652770, 89.584501, 2.6073466, 93.669928, 93.627712,
10.661250, 99.400406, 2.5155890, 94.242123, 94.200061,
10.669740, 94.105333, 2.7197118, 94.819406, 94.777749,
10.678220, 97.021561, 2.6607444, 95.399983, 95.358984,
10.686700, 99.870136, 4.3196922, 95.984005, 95.943920,
10.695180, 111.20722, 2.5641614, 96.570976, 96.532065,
10.703650, 102.30892, 2.6430882, 97.159741, 97.122261,
10.712130, 100.54922, 3.1163166, 97.751066, 97.715278,
10.720600, 105.31973, 2.4853108, 98.343263, 98.309425,
10.729080, 107.65600, 2.7361620, 98.937108, 98.905484,
10.737550, 108.35542, 2.5991449, 99.530708, 99.501556,
10.746020, 106.13478, 2.5680248, 100.12438, 100.09796,
10.754490, 108.18475, 2.3745829, 100.71749, 100.69406,
10.762960, 103.15872, 2.3798881, 101.30969, 101.28951,
10.771420, 97.679516, 2.5424740, 101.89962, 101.88296,
10.779890, 102.47336, 2.3799820, 102.48840, 102.47551,
10.788350, 102.61577, 2.5746389, 103.07401, 103.06515,
10.796810, 102.69917, 2.4776775, 103.65668, 103.65211,
10.805270, 109.07330, 2.6983059, 104.23592, 104.23592,
10.813730, 104.54677, 2.5571342, 104.81135, 104.81618,
10.822190, 102.24460, 2.7139113, 105.38293, 105.39283,
10.830650, 106.42035, 3.4283541, 105.95073, 105.96593,
10.839100, 116.05020, 3.1055632, 106.51413, 106.53481,
10.847560, 108.27615, 2.9832951, 107.07458, 107.10094,
10.856010, 104.81853, 3.2227343, 107.63083, 107.66302,
10.864460, 110.59955, 3.9271118, 108.18350, 108.22167,
10.872910, 104.79830, 3.1386304, 108.73273, 108.77700,
10.881360, 110.83430, 3.0468348, 109.27864, 109.32911,
10.889800, 110.33655, 2.9342777, 109.82055, 109.87731,
10.898250, 110.37220, 3.7590289, 110.35982, 110.42293,
10.906690, 111.61298, 4.5344728, 110.89527, 110.96479,
10.915140, 113.95555, 3.3233534, 111.42824, 111.50422,
10.923580, 120.47635, 5.2863446, 111.95746, 112.03992,
10.932020, 122.93478, 4.8226677, 112.48366, 112.57259,
10.940460, 123.96195, 3.8085896, 113.00687, 113.10229,
10.948890, 122.59870, 3.9722694, 113.52652, 113.62839,
10.957330, 128.12420, 3.4584547, 114.04395, 114.15225,
10.965760, 130.83705, 2.8867777, 114.55798, 114.67266,
10.974200, 137.34983, 3.0790837, 115.06982, 115.19084,
10.982630, 147.48978, 2.8348930, 115.57832, 115.70560,
10.991060, 161.73395, 3.2650659, 116.08421, 116.21768,
10.999490, 155.86322, 3.2818616, 116.58743, 116.72700,
11.007920, 156.18755, 3.2618063, 117.08815, 117.23372,
11.016340, 161.16853, 3.4312715, 117.58572, 117.73719,
11.024770, 161.41718, 3.5814823, 118.08138, 118.23864,
11.033190, 157.98647, 4.4054276, 118.57406, 118.73698,
11.041610, 153.94450, 3.4469477, 119.06436, 119.23282,
11.050030, 143.15500, 3.6381271, 119.55232, 119.72617,
11.058450, 147.55382, 3.0820928, 120.03799, 120.21710,
11.066870, 158.05613, 4.2981212, 120.52141, 120.70562,
11.075290, 144.55435, 3.6007343, 121.00262, 121.19177,
11.083700, 154.78412, 3.5102271, 121.48112, 121.67505,
11.092120, 157.84708, 4.2894557, 121.95804, 122.15657,
11.100530, 168.05492, 4.0948303, 122.43227, 122.63524,
11.108940, 168.43353, 4.4860903, 122.90452, 123.11174,
11.117350, 181.59005, 5.8780130, 123.37470, 123.58600,
11.120570, 183.18198, 3.4660073, 123.55424, 123.76705,
11.129530, 183.67385, 3.1061871, 124.05223, 124.26910,
11.138500, 197.85655, 3.0534376, 124.54862, 124.76933,
11.147460, 213.07550, 3.2333979, 125.04229, 125.26663,
11.156430, 241.26662, 3.4687452, 125.53446, 125.76219,
11.165390, 269.94861, 3.4758225, 126.02399, 126.25489,
11.174350, 306.07240, 3.5828504, 126.51153, 126.74535,
11.183300, 344.36943, 4.0084100, 126.99658, 127.23310,
11.192260, 391.47130, 4.2401207, 127.48022, 127.71920,
11.201220, 426.51100, 4.2070019, 127.96197, 128.20319,
11.210170, 439.75890, 4.2212480, 128.44137, 128.68457,
11.219120, 460.84732, 4.5475180, 128.91896, 129.16391,
11.228070, 459.34723, 4.5440134, 129.39479, 129.64124,
11.237020, 458.46208, 4.2614780, 129.86883, 130.11655,
11.245970, 466.11095, 4.3482861, 130.34123, 130.58997,
11.254920, 460.81080, 4.4695228, 130.81196, 131.06149,
11.263860, 449.24297, 4.4188111, 131.28053, 131.53060,
11.272800, 436.09330, 4.2229205, 131.74755, 131.99794,
11.281750, 432.21662, 4.2199461, 132.21347, 132.46393,
11.290690, 410.94075, 4.2546270, 132.67742, 132.92772,
11.299630, 402.57735, 4.2129340, 133.13983, 133.38974,
11.308560, 388.97561, 4.0265965, 133.60030, 133.84958,
11.317500, 377.29178, 4.0285420, 134.05983, 134.30826,
11.326430, 363.72623, 4.1147080, 134.51749, 134.76484,
11.335370, 350.93862, 4.0207469, 134.97427, 135.22032,
11.344300, 343.80043, 3.8229420, 135.42924, 135.67377,
11.353230, 329.16418, 3.7463828, 135.88291, 136.12570,
11.362160, 322.75182, 3.8444852, 136.33526, 136.57610,
11.371080, 304.19750, 3.6580549, 136.78594, 137.02462,
11.380010, 300.43582, 3.5144443, 137.23584, 137.47216,
11.388930, 290.24043, 3.4850829, 137.68412, 137.91789,
11.397850, 284.95354, 3.6043937, 138.13121, 138.36222,
11.406780, 278.33535, 3.7017869, 138.57769, 138.80575,
11.415700, 270.28765, 3.3612778, 139.02254, 139.24747,
11.424610, 267.85982, 3.4606434, 139.46585, 139.68747,
11.433530, 259.73384, 3.8714865, 139.90859, 140.12672,
11.442450, 251.97783, 3.4447988, 140.35030, 140.56477,
11.451360, 248.16177, 3.6073914, 140.79055, 141.00120,
11.460270, 233.82930, 3.4030642, 141.22983, 141.43650,
11.469180, 240.03593, 3.6144720, 141.66816, 141.87070,
11.478090, 240.38980, 3.6664786, 142.10557, 142.30384,
11.487000, 239.63190, 3.4330430, 142.54208, 142.73594,
11.495910, 231.12895, 3.4392436, 142.97768, 143.16698,
11.504810, 216.21328, 3.6077563, 143.41201, 143.59664,
11.513710, 210.16766, 3.7840913, 143.84546, 144.02530,
11.522620, 208.91252, 3.6524475, 144.27862, 144.45355,
11.531520, 213.07438, 3.7299951, 144.71050, 144.88042,
11.540420, 210.57312, 4.3809646, 145.14161, 145.30642,
11.549310, 208.63585, 3.8977977, 145.57153, 145.73115,
11.558210, 207.39407, 3.6352898, 146.00124, 146.15558,
11.567100, 203.86645, 3.7085199, 146.42971, 146.57869,
11.576000, 193.02777, 4.0277674, 146.85806, 147.00161,
11.584890, 188.90013, 3.7886923, 147.28525, 147.42332,
11.593780, 187.58222, 3.9509883, 147.71177, 147.84431,
11.602670, 182.44120, 3.8170727, 148.13772, 148.26469,
11.611560, 194.69570, 4.0044614, 148.56309, 148.68444,
11.620440, 185.42357, 3.9491215, 148.98739, 149.10311,
11.629330, 172.06165, 3.9069035, 149.41165, 149.52170,
11.638210, 171.64482, 3.9220826, 149.83492, 149.93931,
11.647090, 165.55495, 4.4960131, 150.25764, 150.35636,
11.655970, 171.34993, 4.4872207, 150.67987, 150.77293,
11.664850, 169.65185, 3.4819615, 151.10167, 151.18909,
11.673730, 164.34557, 2.6082067, 151.52298, 151.60478,
11.682600, 167.85085, 2.8161641, 151.94341, 152.01962,
11.691480, 166.26995, 3.1940717, 152.36387, 152.43454,
11.700350, 166.52678, 3.4392984, 152.78349, 152.84868,
11.709220, 161.39435, 3.4415338, 153.20274, 153.26250,
11.718090, 167.29485, 3.5434675, 153.62162, 153.67603,
11.726960, 154.10057, 3.2176635, 154.04017, 154.08930,
11.735830, 160.64695, 3.2457946, 154.45840, 154.50234,
11.744690, 167.51785, 4.6356004, 154.87583, 154.91469,
11.753560, 161.31923, 3.6324407, 155.29347, 155.32735,
11.762420, 160.88810, 4.1111956, 155.71034, 155.73937,
11.771280, 158.56360, 6.5799898, 156.12702, 156.15131,
11.775020, 159.47142, 2.8962607, 156.30279, 156.32513,
11.784500, 157.25898, 3.1618533, 156.74825, 156.76575,
11.793980, 156.50485, 2.9154722, 157.19344, 157.20627,
11.803460, 164.36782, 3.5526023, 157.63845, 157.64680,
11.812940, 158.10207, 2.7523784, 158.08323, 158.08730,
11.822420, 160.86815, 3.0680961, 158.52787, 158.52787,
11.831890, 155.15740, 2.7776573, 158.97182, 158.96798,
11.841360, 154.14390, 3.2867718, 159.41535, 159.40787,
11.850840, 163.37280, 2.9975077, 159.85861, 159.84771,
11.860310, 163.73382, 2.8600468, 160.30046, 160.28632,
11.869770, 167.40152, 2.7976914, 160.74061, 160.72343,
11.879240, 167.44720, 3.1556279, 161.17968, 161.15963,
11.888710, 167.37290, 2.7667386, 161.61694, 161.59421,
11.898170, 168.67193, 3.2313550, 162.05169, 162.02643,
11.907630, 167.84617, 2.8271860, 162.48404, 162.45641,
11.917090, 171.04705, 2.8365877, 162.91380, 162.88395,
11.926550, 171.58340, 3.0569645, 163.34062, 163.30868,
11.936010, 178.33743, 2.7778107, 163.76428, 163.73041,
11.945470, 177.10562, 2.7511408, 164.18443, 164.14876,
11.954920, 180.02665, 2.7300832, 164.60041, 164.56307,
11.964370, 179.32907, 2.8530467, 165.01237, 164.97348,
11.973830, 181.60190, 2.7243018, 165.42046, 165.38016,
11.983280, 184.84060, 3.0078241, 165.82350, 165.78190,
11.992720, 184.47102, 2.7534699, 166.22121, 166.17845,
12.002170, 186.27115, 2.7336424, 166.61419, 166.57040,
12.011610, 178.51923, 2.6936105, 167.00132, 166.95662,
12.021060, 181.24325, 2.7581803, 167.38307, 167.33761,
12.030500, 178.96172, 2.8173818, 167.75840, 167.71230,
12.039940, 178.13818, 2.7305729, 168.12734, 168.08076,
12.049380, 179.18803, 2.6345264, 168.48968, 168.44277,
12.058820, 177.11180, 2.7984595, 168.84504, 168.79797,
12.068250, 180.92985, 3.0984721, 169.19281, 169.14574,
12.077690, 181.10013, 2.8343602, 169.53341, 169.48654,
12.087120, 177.48568, 2.7159725, 169.86577, 169.81931,
12.096550, 175.53540, 2.7271457, 170.18998, 170.14413,
12.105980, 174.37615, 3.0837287, 170.50570, 170.46071,
12.115410, 174.40378, 2.8544849, 170.81263, 170.76876,
12.124830, 174.35110, 2.7209136, 171.11015, 171.06767,
12.134260, 172.37005, 2.7822830, 171.39852, 171.35774,
12.143680, 179.01297, 3.2373731, 171.67682, 171.63807,
12.153100, 179.86345, 3.0238468, 171.94506, 171.90870,
12.162520, 174.58270, 3.3264734, 172.20288, 172.16930,
12.171940, 171.72103, 3.0901029, 172.44991, 172.41954,
12.181360, 174.87155, 3.1313921, 172.68586, 172.65917,
12.190770, 175.46865, 3.2037137, 172.91012, 172.88759,
12.200180, 182.96857, 3.1331383, 173.12260, 173.10477,
12.209600, 167.35630, 3.0517080, 173.32316, 173.31063,
12.219010, 170.72800, 3.2129374, 173.51100, 173.50439,
12.228420, 172.08885, 3.3734725, 173.68598, 173.68598,
12.237820, 180.66813, 3.4191116, 173.84766, 173.85497,
12.247230, 177.58860, 3.2667509, 173.99659, 174.01188,
12.256630, 185.07175, 3.8705036, 174.13272, 174.15656,
12.266040, 242.67903, 4.2199953, 174.25660, 174.28953,
12.275440, 562.69036, 6.6169563, 174.36825, 174.41070,
12.284840, 587.55957, 6.8183681, 174.46806, 174.52042,
12.294230, 285.18675, 4.6633013, 174.55622, 174.61882,
12.303630, 193.24795, 6.4887968, 174.63315, 174.70626,
12.313030, 180.26050, 4.5914763, 174.69902, 174.78286,
12.322420, 185.77410, 4.6813954, 174.75402, 174.84873,
12.331810, 182.61917, 3.2089666, 174.79846, 174.90416,
12.341200, 180.51847, 2.8054911, 174.83258, 174.94934,
12.350590, 187.54218, 2.7966113, 174.85663, 174.98446,
12.359980, 190.89552, 3.0364388, 174.87082, 175.00970,
12.369360, 198.53275, 3.1680358, 174.87538, 175.02524,
12.378750, 189.06150, 3.2569235, 174.87056, 175.03130,
12.388130, 186.45205, 3.1045840, 174.85657, 175.02804,
12.397510, 187.92025, 3.0483126, 174.83364, 175.01567,
12.406890, 188.35202, 3.1174410, 174.80197, 174.99435,
12.416270, 192.05977, 2.7399953, 174.76177, 174.96427,
12.425640, 193.95955, 3.1169936, 174.71331, 174.92565,
12.435020, 188.21008, 3.1014276, 174.65669, 174.87858,
12.444390, 200.73173, 3.2346455, 174.59222, 174.82335,
12.453760, 198.72925, 3.2708995, 174.52004, 174.76007,
12.463130, 195.89650, 3.6312417, 174.44036, 174.68892,
12.472500, 198.81117, 3.5482876, 174.35335, 174.61006,
12.481870, 197.59768, 4.5003437, 174.25920, 174.52368,
12.489420, 195.96161, 3.4396336, 174.17827, 174.44870,
12.499490, 199.55510, 3.4419197, 174.06348, 174.34141,
12.509550, 205.19908, 3.6341251, 173.94118, 174.22609,
12.519610, 209.55413, 3.5599630, 173.81147, 174.10285,
12.529670, 208.71593, 3.1223084, 173.67459, 173.97190,
12.539730, 209.24880, 3.1998063, 173.53074, 173.83342,
12.549780, 211.78167, 3.3167167, 173.38028, 173.68777,
12.559840, 215.53180, 3.1694826, 173.22311, 173.53485,
12.569890, 203.97230, 3.3805977, 173.05977, 173.37519,
12.579940, 214.38723, 3.3983719, 172.89030, 173.20880,
12.589990, 210.22768, 3.3818682, 172.71489, 173.03591,
12.600040, 224.07305, 3.1091244, 172.53372, 172.85667,
12.610090, 219.69865, 2.9909704, 172.34702, 172.67131,
12.620130, 222.73014, 3.2639079, 172.15518, 172.48022,
12.630170, 227.96025, 3.1799453, 171.95815, 172.28338,
12.640210, 227.97680, 3.1307207, 171.75616, 172.08098,
12.650250, 231.12440, 2.9961962, 171.54938, 171.87323,
12.660290, 226.72425, 2.9233406, 171.33802, 171.66032,
12.670330, 222.23608, 2.9842538, 171.12221, 171.44240,
12.680360, 229.18750, 3.0588522, 170.90238, 171.21991,
12.690390, 231.40387, 3.1382134, 170.67850, 170.99282,
12.700420, 239.64543, 3.0047169, 170.45070, 170.76128,
12.710450, 239.83328, 3.0496976, 170.21921, 170.52552,
12.720480, 247.04302, 3.1936781, 169.98417, 170.28570,
12.730500, 245.58075, 3.7954011, 169.74598, 170.04224,
12.740530, 248.03103, 3.2539114, 169.50436, 169.79484,
12.750550, 242.81313, 2.9102505, 169.25992, 169.54417,
12.760570, 246.13770, 3.0144119, 169.01264, 169.29018,
12.770590, 238.17488, 2.9790645, 168.76263, 169.03302,
12.780610, 240.93775, 3.0090292, 168.51006, 168.77288,
12.790620, 234.12635, 3.0135607, 168.25538, 168.51021,
12.800640, 233.79880, 3.0645399, 167.99821, 168.24465,
12.810650, 252.68323, 3.0890296, 167.73924, 167.97691,
12.820660, 250.42653, 3.0826365, 167.47836, 167.70691,
12.830670, 224.51313, 2.8541292, 167.21571, 167.43479,
12.840680, 215.14212, 2.8257864, 166.95149, 167.16078,
12.850680, 205.43953, 2.8541366, 166.68608, 166.88528,
12.860690, 200.61915, 3.0878754, 166.41914, 166.60795,
12.870690, 195.47690, 2.9684442, 166.15133, 166.32949,
12.880690, 189.75435, 2.7369819, 165.88257, 166.04983,
12.890690, 186.66275, 2.7683886, 165.61296, 165.76910,
12.900680, 183.41365, 3.0023524, 165.34297, 165.48778,
12.910680, 180.14112, 2.9714802, 165.07217, 165.20547,
12.920670, 177.85595, 2.7198713, 164.80130, 164.92291,
12.930670, 172.75570, 2.6796752, 164.52993, 164.63970,
12.940660, 176.26135, 2.7276301, 164.25876, 164.35657,
12.950640, 175.67000, 2.8940066, 163.98799, 164.07375,
12.960630, 169.16220, 2.7965945, 163.71715, 163.79075,
12.970620, 169.90417, 2.8027076, 163.44673, 163.50811,
12.980600, 169.01168, 2.8399217, 163.17711, 163.22623,
12.990580, 165.77903, 2.9223839, 162.90821, 162.94505,
13.000560, 163.67925, 2.9331507, 162.64013, 162.66467,
13.010540, 166.45640, 3.3437945, 162.37305, 162.38531,
13.020520, 161.56487, 2.8894699, 162.10712, 162.10712,
13.030490, 156.19570, 3.2270119, 161.84275, 161.83056,
13.040470, 162.63940, 3.1794998, 161.57940, 161.55506,
13.050440, 164.83710, 3.2974913, 161.31764, 161.28124,
13.060410, 166.61398, 3.1767937, 161.05717, 161.00882,
13.070380, 164.39020, 3.3161292, 160.79799, 160.73778,
13.080350, 161.21460, 3.9691059, 160.54014, 160.46820,
13.090310, 159.24467, 3.6920994, 160.28384, 160.20033,
13.100280, 164.29652, 3.6649029, 160.02861, 159.93366,
13.110240, 166.74372, 3.6150492, 159.77495, 159.66872,
13.120200, 165.94492, 3.6100714, 159.52260, 159.40528,
13.130160, 153.79702, 4.1685954, 159.27158, 159.14335,
13.140110, 162.33205, 3.6475389, 159.02215, 158.88323,
13.150070, 171.39013, 2.9263630, 158.77380, 158.62438,
13.160020, 163.91350, 2.5976282, 158.52705, 158.36738,
13.169980, 163.64420, 2.9663983, 158.28139, 158.11169,
13.179930, 165.13332, 2.8612476, 158.03735, 157.85787,
13.189870, 167.19790, 3.0248382, 157.79490, 157.60591,
13.199820, 162.91117, 2.9742312, 157.55360, 157.35536,
13.209770, 159.69847, 2.9027475, 157.31366, 157.10644,
13.219710, 160.18875, 2.9297812, 157.07536, 156.85947,
13.229650, 161.51255, 2.7944519, 156.83849, 156.61422,
13.239590, 162.53223, 2.8043128, 156.60301, 156.37066,
13.249530, 164.89187, 3.1565083, 156.36896, 156.12885,
13.259470, 157.87170, 3.1099316, 156.13635, 155.88879,
13.269410, 164.84788, 3.0938456, 155.90519, 155.65053,
13.279340, 162.09975, 4.3031517, 155.67573, 155.41431,
13.289270, 168.08562, 3.3880708, 155.44774, 155.17990,
13.299200, 163.23772, 3.5165191, 155.22125, 154.94735,
13.309130, 157.36920, 3.5735193, 154.99628, 154.71668,
13.318260, 162.17942, 2.9112906, 154.79076, 154.50624,
13.328980, 160.74013, 2.6122055, 154.55111, 154.26122,
13.339690, 156.04433, 2.6057014, 154.31352, 154.01870,
13.350400, 164.50655, 2.7620765, 154.07776, 153.77847,
13.361120, 162.89180, 2.6818554, 153.84364, 153.54032,
13.371830, 161.68573, 2.6404043, 153.61163, 153.30475,
13.382530, 154.06093, 2.4511918, 153.38173, 153.07176,
13.393240, 155.92855, 2.6098132, 153.15357, 152.84098,
13.403940, 158.28310, 2.6042327, 152.92757, 152.61284,
13.414650, 165.06203, 2.8194015, 152.70336, 152.38698,
13.425350, 157.51995, 2.4772706, 152.48138, 152.16382,
13.436050, 160.07990, 2.4672364, 152.26144, 151.94320,
13.446740, 158.85668, 2.4644443, 152.04380, 151.72536,
13.457440, 160.43122, 2.5635408, 151.82806, 151.50991,
13.468130, 165.21383, 2.5143281, 151.61468, 151.29732,
13.478830, 160.02623, 2.4026871, 151.40326, 151.08719,
13.489520, 159.20955, 2.3926085, 151.19427, 150.87998,
13.500200, 160.01112, 2.6456167, 150.98771, 150.67569,
13.510890, 162.16270, 2.5010080, 150.78325, 150.47401,
13.521570, 162.13247, 2.4214343, 150.58130, 150.27532,
13.532260, 165.01710, 2.3817665, 150.38153, 150.07931,
13.542940, 166.31918, 2.4013997, 150.18434, 149.88637,
13.553620, 165.33110, 2.4952130, 149.98960, 149.69636,
13.564290, 165.00228, 2.4990690, 149.79753, 149.50950,
13.574970, 168.15120, 2.4708451, 149.60781, 149.32548,
13.585640, 158.89773, 2.3187420, 149.42085, 149.14468,
13.596320, 166.00628, 2.4581224, 149.23632, 148.96679,
13.606990, 160.76090, 2.4863597, 149.05465, 148.79222,
13.617650, 159.93760, 2.8737696, 148.87585, 148.62097,
13.628320, 161.85913, 2.4520633, 148.69966, 148.45278,
13.638980, 162.39440, 2.4469344, 148.52645, 148.28800,
13.649650, 153.54950, 2.4188244, 148.35595, 148.12637,
13.660310, 152.32160, 2.4824998, 148.18853, 147.96824,
13.670970, 157.63995, 2.7965801, 148.02409, 147.81349,
13.681630, 159.36838, 2.5001875, 147.86269, 147.66219,
13.692280, 153.64847, 2.8593089, 147.70453, 147.51451,
13.702940, 152.72280, 2.6545472, 147.54938, 147.37021,
13.713590, 157.56422, 2.5651015, 147.39759, 147.22963,
13.724240, 153.86900, 2.6960034, 147.24907, 147.09266,
13.734890, 149.57485, 2.4213885, 147.10389, 146.95938,
13.745530, 154.62465, 2.5194419, 146.96226, 146.82993,
13.756180, 150.16505, 2.5144112, 146.82397, 146.70414,
13.766820, 151.61013, 2.6632605, 146.68934, 146.58228,
13.777460, 150.43450, 2.6835868, 146.55832, 146.46429,
13.788100, 145.28015, 2.4655218, 146.43099, 146.35022,
13.798740, 143.71943, 2.6535324, 146.30742, 146.24013,
13.809380, 139.80025, 2.5756024, 146.18769, 146.13408,
13.820010, 142.46992, 2.6305927, 146.07197, 146.03220,
13.830640, 150.56200, 2.7235316, 145.96025, 145.93447,
13.841270, 147.41900, 2.6719745, 145.85258, 145.84092,
13.851900, 145.19485, 2.9726993, 145.74908, 145.75163,
13.862530, 143.21955, 3.2985116, 145.64974, 145.66657,
13.873150, 141.89835, 3.2939124, 145.55444, 145.58559,
13.883780, 145.61015, 2.7626886, 145.46279, 145.50830,
13.894400, 144.89410, 2.7543335, 145.37474, 145.43462,
13.905020, 144.85530, 3.4929869, 145.29000, 145.36421,
13.915640, 151.16120, 3.1736828, 145.20833, 145.29686,
13.926250, 150.18410, 3.7729111, 145.12960, 145.23237,
13.936870, 145.76982, 3.3344665, 145.05347, 145.17039,
13.947480, 145.53100, 3.1237798, 144.97983, 145.11080,
13.958090, 150.50015, 3.5197287, 144.90844, 145.05331,
13.968700, 154.90685, 3.6766521, 144.83907, 144.99766,
13.979310, 148.25995, 3.3180696, 144.77151, 144.94365,
13.989910, 155.62147, 3.3065333, 144.70563, 144.89107,
14.000520, 147.03903, 3.3084821, 144.64109, 144.83959,
14.011120, 145.94427, 3.6005676, 144.57781, 144.78908,
14.021720, 147.03440, 3.6364104, 144.51552, 144.73925,
14.032320, 150.66951, 3.9348866, 144.45402, 144.68987,
14.042920, 147.87022, 3.6230023, 144.39310, 144.64070,
14.053510, 151.05930, 3.8340329, 144.33264, 144.59157,
14.064110, 153.33802, 3.9052884, 144.27229, 144.54214,
14.074700, 152.85172, 4.3666212, 144.21198, 144.49227,
14.085290, 145.53442, 4.4112188, 144.15145, 144.44169,
14.095870, 147.61140, 5.1774951, 144.09055, 144.39020,
14.106460, 149.00848, 8.6023633, 144.02897, 144.33749,
14.117040, 145.56020, 13.250084, 143.96662, 144.28341,
14.127630, 137.06293, 2.8692984, 143.90318, 144.22764,
14.138210, 144.37480, 3.2198277, 143.83857, 144.17003,
14.148790, 140.40463, 2.8593934, 143.77252, 144.11032,
14.159370, 143.27975, 3.6789532, 143.70484, 144.04825,
14.169940, 150.05807, 3.9156412, 143.63538, 143.98367,
14.180520, 143.91507, 7.5147889, 143.56380, 143.91622,
14.182090, 144.89962, 2.8073332, 143.55299, 143.90595,
14.193560, 150.88315, 2.5849413, 143.47245, 143.82885,
14.205030, 146.45222, 2.6950177, 143.38895, 143.74781,
14.216500, 152.18255, 2.9475562, 143.30224, 143.66255,
14.227970, 151.86725, 3.1054137, 143.21204, 143.57276,
14.239430, 149.92982, 2.6721423, 143.11817, 143.47821,
14.250890, 149.63560, 2.6758336, 143.02027, 143.37853,
14.262350, 150.90462, 2.7640092, 142.91807, 143.27341,
14.273810, 148.03267, 3.1338955, 142.81130, 143.16254,
14.285270, 142.22355, 3.1026483, 142.69968, 143.04563,
14.296730, 148.28420, 2.7918653, 142.58291, 142.92234,
14.308180, 144.99455, 2.6728573, 142.46084, 142.79251,
14.319630, 136.32230, 2.9428383, 142.33308, 142.65570,
14.331080, 145.82480, 2.7161681, 142.19931, 142.51159,
14.342530, 144.85500, 2.6443984, 142.05927, 142.35990,
14.353970, 148.49145, 2.5054392, 141.91279, 142.20044,
14.365410, 141.85955, 2.3938939, 141.75944, 142.03275,
14.376860, 150.32555, 2.8015139, 141.59878, 141.85637,
14.388300, 144.21847, 2.5921409, 141.43076, 141.67128,
14.399730, 143.47878, 2.4749720, 141.25513, 141.47718,
14.411170, 139.45752, 2.3043610, 141.07123, 141.27340,
14.422600, 137.71168, 2.2267892, 140.87908, 141.05999,
14.434030, 136.56587, 2.2071448, 140.67820, 140.83644,
14.445460, 146.16063, 2.3890319, 140.46823, 140.60239,
14.456890, 140.36445, 2.4494904, 140.24888, 140.35756,
14.468320, 136.04540, 2.2421639, 140.01979, 140.10158,
14.479740, 137.75888, 2.1863882, 139.78082, 139.83435,
14.491160, 138.50927, 2.1935752, 139.53143, 139.55531,
14.502580, 141.30780, 2.3247031, 139.27129, 139.26417,
14.514000, 140.13517, 2.3758953, 139.00022, 138.96079,
14.525420, 139.32102, 2.3660440, 138.71858, 138.64573,
14.536830, 136.72472, 2.3091366, 138.42702, 138.31987,
14.548240, 143.07013, 2.3949831, 138.12566, 137.98351,
14.559650, 141.00548, 3.0136249, 137.81484, 137.63720,
14.571060, 139.70502, 2.5692610, 137.49500, 137.28157,
14.582470, 140.68625, 3.0115274, 137.16645, 136.91717,
14.593870, 135.10225, 2.4789210, 136.82984, 136.54490,
14.605270, 139.04997, 2.3786466, 136.48525, 136.16500,
14.616670, 133.89660, 2.2928193, 136.13306, 135.77810,
14.628070, 131.85022, 2.5316789, 135.77355, 135.38469,
14.639470, 138.77372, 2.7888660, 135.40708, 134.98536,
14.650860, 138.05145, 2.3335157, 135.03434, 134.58106,
14.662260, 134.75308, 2.2313456, 134.65497, 134.17160,
14.673650, 130.13465, 2.4829001, 134.26999, 133.75829,
14.685040, 135.07525, 2.4000698, 133.87935, 133.34129,
14.696420, 139.95953, 2.4440154, 133.48379, 132.92162,
14.707810, 137.80315, 2.3112425, 133.08284, 132.49897,
14.719190, 133.97335, 2.2837955, 132.67763, 132.07477,
14.730570, 139.17527, 2.3987039, 132.26801, 131.64910,
14.741950, 137.29782, 2.7152191, 131.85433, 131.22256,
14.753330, 135.57207, 2.4831756, 131.43691, 130.79570,
14.764700, 139.23965, 2.4844466, 131.01643, 130.36947,
14.776080, 133.43728, 2.3525963, 130.59242, 129.94363,
14.787450, 134.53067, 2.5616771, 130.16596, 129.51953,
14.798820, 133.02580, 2.6054349, 129.73695, 129.09732,
14.810190, 132.42348, 2.9672716, 129.30566, 128.67752,
14.821550, 135.70205, 2.6113776, 128.87282, 128.26112,
14.832920, 131.92635, 2.6925867, 128.43796, 127.84791,
14.844280, 135.70083, 2.9190201, 128.00210, 127.43917,
14.855640, 136.56573, 2.7759249, 127.56517, 127.03508,
14.866990, 131.80723, 3.3022793, 127.12786, 126.63658,
14.878350, 131.84385, 2.8683596, 126.68966, 126.24349,
14.889710, 131.72808, 3.2437266, 126.25126, 125.85673,
14.901060, 127.12568, 2.9384524, 125.81335, 125.47721,
14.912410, 129.55753, 2.8956813, 125.37582, 125.10514,
14.923760, 123.78105, 3.6320947, 124.93892, 124.74104,
14.935100, 130.44235, 3.3182369, 124.50342, 124.38586,
14.946450, 124.50868, 3.3715839, 124.06872, 124.03945,
14.957790, 116.81685, 3.3631564, 123.63607, 123.70302,
14.969130, 124.56517, 3.3500650, 123.20653, 123.37635,
14.980470, 122.41438, 3.1898172, 122.78213, 123.05924,
14.991810, 128.70773, 3.2671931, 122.36502, 122.75157,
15.003140, 133.51907, 3.6465926, 121.95765, 122.45340,
15.014480, 123.97887, 3.7053272, 121.56149, 122.16412,
15.025810, 124.68963, 3.4304368, 121.17925, 121.88401,
15.037140, 123.44190, 3.3605474, 120.81278, 121.61271,
15.048460, 117.67455, 4.2780386, 120.46448, 121.35027,
15.059790, 116.01536, 4.0860698, 120.13589, 121.09610,
15.071110, 120.93720, 3.4051911, 119.82973, 120.85049,
15.082440, 120.52630, 2.5464076, 119.54762, 120.61284,
15.093750, 120.57015, 2.4088047, 119.29249, 120.38368,
15.105070, 120.23792, 2.5816738, 119.06577, 120.16221,
15.116390, 124.09778, 2.4467043, 118.86992, 119.94851,
15.127700, 124.78215, 2.5835769, 118.70730, 119.74263,
15.139020, 119.55043, 2.8613582, 118.57985, 119.54406,
15.150330, 114.37215, 2.5680001, 118.49005, 119.35302,
15.162390, 117.90605, 3.0160149, 118.43820, 119.15726,
15.174730, 123.44118, 3.0937660, 118.43489, 118.96529,
15.187070, 119.75062, 2.9371775, 118.48488, 118.78159,
15.199410, 115.22893, 3.0129723, 118.59124, 118.60597,
15.211740, 115.64468, 3.1609895, 118.75593, 118.43846,
15.224080, 118.98378, 2.8537352, 118.97702, 118.27859,
15.236410, 122.11650, 2.5945399, 119.25070, 118.12654,
15.248740, 126.45468, 2.7614317, 119.57373, 117.98204,
15.261060, 127.50670, 3.0552543, 119.94240, 117.84509,
15.273390, 125.87103, 3.1593230, 120.35401, 117.71533,
15.285710, 131.21508, 3.0877946, 120.80457, 117.59287,
15.298030, 119.68220, 3.0766631, 121.29108, 117.47749,
15.310350, 125.05445, 2.8379774, 121.81036, 117.36906,
15.322660, 123.35302, 3.2119460, 122.35864, 117.26757,
15.334980, 123.22392, 2.8500572, 122.93361, 117.17275,
15.347290, 124.72937, 2.9377753, 123.53117, 117.08462,
15.359600, 127.57090, 2.7342326, 124.14860, 117.00302,
15.371900, 124.38445, 2.4756661, 124.78218, 116.92791,
15.384210, 129.60495, 2.6074650, 125.42983, 116.85904,
15.396510, 128.67415, 3.7724402, 126.08737, 116.79644,
15.408810, 129.11680, 3.1095013, 126.75212, 116.73995,
15.421110, 137.20972, 3.3715360, 127.42104, 116.68948,
15.433410, 127.02925, 2.4603494, 128.09091, 116.64493,
15.445700, 124.50020, 2.5576907, 128.75815, 116.60624,
15.457990, 121.75982, 2.8397855, 129.42016, 116.57328,
15.470280, 127.65153, 3.3647718, 130.07382, 116.54595,
15.482570, 125.30862, 2.8560468, 130.71600, 116.52417,
15.494860, 123.62000, 2.7209240, 131.34358, 116.50785,
15.507140, 126.48327, 2.5780819, 131.95294, 116.49692,
15.519420, 130.25925, 2.8263421, 132.54139, 116.49127,
15.531700, 133.50197, 3.0379422, 133.10587, 116.49082,
15.543980, 130.00805, 2.8279876, 133.64310, 116.49549,
15.556260, 126.02863, 2.6806999, 134.14998, 116.50520,
15.568530, 133.98163, 2.7371166, 134.62287, 116.51986,
15.580800, 133.40668, 2.5888958, 135.05900, 116.53939,
15.593070, 137.40450, 2.4800066, 135.45510, 116.56372,
15.605340, 137.41438, 2.5229927, 135.80798, 116.59278,
15.617600, 134.08167, 2.7525314, 136.11656, 116.62646,
15.629860, 137.15025, 2.4123609, 136.38304, 116.66471,
15.642120, 136.43525, 2.2256833, 136.60951, 116.70746,
15.654380, 135.06108, 2.4575097, 136.79796, 116.75464,
15.666640, 139.05380, 2.9243329, 136.95042, 116.80619,
15.678890, 137.14528, 2.6147697, 137.06878, 116.86198,
15.691140, 134.95745, 2.3603463, 137.15514, 116.92199,
15.703390, 131.55080, 2.3558273, 137.21142, 116.98616,
15.715640, 136.43587, 2.6239517, 137.23955, 117.05442,
15.727890, 141.16893, 2.4714601, 137.24142, 117.12671,
15.740130, 142.51237, 2.7209428, 137.21894, 117.20291,
15.752370, 140.29647, 2.5182155, 137.17399, 117.28299,
15.764610, 135.33260, 2.3224792, 137.10839, 117.36692,
15.776850, 142.08445, 2.4856786, 137.02400, 117.45463,
15.789090, 148.27883, 4.2578650, 136.92263, 117.54606,
15.801320, 142.67790, 2.5876626, 136.80619, 117.64108,
15.813550, 146.73580, 2.8340306, 136.67640, 117.73970,
15.825780, 143.23342, 2.5427205, 136.53504, 117.84186,
15.838010, 141.70317, 2.7775301, 136.38390, 117.94752,
15.850230, 138.31717, 2.8724586, 136.22488, 118.05653,
15.862450, 138.44850, 2.6693180, 136.05964, 118.16892,
15.874670, 137.46890, 2.8837902, 135.88992, 118.28465,
15.886890, 137.21953, 2.8211949, 135.71748, 118.40365,
15.899110, 153.13772, 3.6738666, 135.54409, 118.52588,
15.911320, 147.69893, 3.4494297, 135.37163, 118.65119,
15.923540, 138.97125, 2.9924024, 135.20157, 118.77974,
15.935750, 137.32760, 3.3144996, 135.03595, 118.91126,
15.947960, 138.51047, 3.2441731, 134.87639, 119.04581,
15.960160, 144.89067, 3.2932586, 134.72476, 119.18325,
15.972370, 147.78543, 3.7868866, 134.58258, 119.32374,
15.984570, 150.74010, 3.8512995, 134.45185, 119.46700,
15.996770, 143.97722, 3.1777289, 134.33422, 119.61312,
16.008961, 146.78802, 3.1682755, 134.23154, 119.76194,
16.021160, 146.22745, 3.6613097, 134.14545, 119.91362,
16.033350, 136.66230, 3.4814896, 134.07788, 120.06791,
16.045549, 138.58732, 2.9798753, 134.03053, 120.22501,
16.057739, 136.14880, 3.2889270, 134.00531, 120.38462,
16.069920, 146.06018, 3.8881493, 134.00398, 120.54671,
16.082109, 141.93333, 3.2947860, 134.02840, 120.71149,
16.094290, 132.59148, 3.2027882, 134.08039, 120.87866,
16.106470, 139.21595, 3.4277726, 134.16184, 121.04832,
16.118650, 140.17013, 3.6119820, 134.27466, 121.22043,
16.130831, 136.73287, 3.0842781, 134.42076, 121.39495,
16.143009, 133.05275, 3.3372738, 134.60204, 121.57182,
16.155180, 141.84895, 3.4414519, 134.82034, 121.75092,
16.167351, 140.31270, 3.8719646, 135.07775, 121.93233,
16.179520, 135.44660, 3.9097786, 135.37622, 122.11597,
16.191681, 130.76852, 3.5700448, 135.71758, 122.30174,
16.203850, 133.56188, 3.8153211, 136.10433, 122.48984,
16.216009, 136.38070, 4.3819535, 136.53799, 122.67995,
16.228170, 142.76678, 4.5919543, 137.02080, 122.87224,
16.240330, 137.88645, 4.4690509, 137.55182, 123.06661,
16.252489, 138.23323, 5.2284082, 138.12868, 123.26306,
16.264641, 140.57557, 4.9677284, 138.74852, 123.46144,
16.276791, 145.11500, 5.5067244, 139.40914, 123.66180,
16.288950, 138.26350, 4.6376160, 140.10882, 123.86432,
16.301090, 146.69125, 4.8236818, 140.84349, 124.06847,
16.313240, 153.80220, 4.7442580, 141.61248, 124.27472,
16.325380, 149.56335, 5.7127440, 142.41227, 124.48272,
16.337530, 167.55460, 5.3729215, 143.24180, 124.69276,
16.349670, 167.05740, 4.0852289, 144.09749, 124.90449,
16.361799, 178.02217, 4.5183164, 144.97686, 125.11785,
16.373940, 188.17373, 3.2392049, 145.87932, 125.33321,
16.386070, 189.63218, 3.7856733, 146.80109, 125.55018,
16.398211, 193.65145, 4.2698042, 147.74138, 125.76907,
16.410339, 195.95360, 3.8627904, 148.69636, 125.98949,
16.422461, 196.16298, 4.0042674, 149.66409, 126.21147,
16.434589, 195.90137, 4.1366132, 150.64359, 126.43527,
16.446711, 195.61300, 4.5459775, 151.63147, 126.66059,
16.458839, 199.81448, 4.2475345, 152.62678, 126.88769,
16.470961, 190.34752, 4.4767358, 153.62609, 127.11626,
16.483070, 193.98013, 5.1695408, 154.62693, 127.34621,
16.495190, 176.69370, 4.7495435, 155.62886, 127.57791,
16.500280, 189.43843, 4.0857221, 156.04928, 127.67570,
16.513599, 175.65910, 4.1745057, 157.14654, 127.93284,
16.526911, 177.59465, 3.4694713, 158.23695, 128.19167,
16.540211, 185.18027, 3.5748682, 159.31735, 128.45209,
16.553520, 179.18190, 5.0735583, 160.38655, 128.71447,
16.566820, 178.09158, 3.3263503, 161.44014, 128.97844,
16.580120, 168.20065, 3.1626212, 162.47599, 129.24413,
16.593420, 161.56968, 2.9717869, 163.49120, 129.51154,
16.606710, 166.87633, 3.0014717, 164.48215, 129.78045,
16.620001, 156.10598, 2.8855152, 165.44662, 130.05102,
16.633301, 162.08455, 2.9540747, 166.38232, 130.32344,
16.646589, 170.55625, 3.2280372, 167.28481, 130.59724,
16.659870, 166.84195, 3.1074033, 168.15142, 130.87248,
16.673149, 168.95568, 3.2495959, 168.97952, 131.14927,
16.686440, 164.58710, 2.9669737, 169.76687, 131.42786,
16.699711, 172.97807, 3.3742533, 170.50897, 131.70758,
16.712990, 173.62895, 3.5264528, 171.20799, 131.98899,
16.726271, 178.43170, 3.5005323, 171.86599, 132.27194,
16.739540, 167.98075, 3.1916762, 172.48477, 132.55614,
16.752810, 163.30435, 2.8949662, 173.06727, 132.84180,
16.766081, 166.30435, 2.7202557, 173.61592, 133.12895,
16.779341, 170.99000, 2.7687852, 174.13249, 133.41729,
16.792601, 168.70995, 2.8696817, 174.61978, 133.70704,
16.805870, 175.88982, 3.1403090, 175.08037, 133.99840,
16.819120, 170.30928, 3.6042024, 175.51553, 134.29073,
16.832380, 172.97557, 2.9252023, 175.92845, 134.58463,
16.845631, 175.36550, 2.8045567, 176.32076, 134.87968,
16.858891, 166.19893, 2.8178077, 176.69519, 135.17628,
16.872141, 173.38330, 3.2284904, 177.05340, 135.47400,
16.885380, 174.71178, 3.0202202, 177.39753, 135.77277,
16.898630, 173.13890, 2.8970825, 177.73033, 136.07310,
16.911869, 170.88223, 2.7546843, 178.05335, 136.37445,
16.925110, 175.86065, 2.7378286, 178.36907, 136.67713,
16.938351, 178.52523, 2.7969793, 178.67957, 136.98107,
16.951580, 173.25438, 2.9616013, 178.98670, 137.28599,
16.964821, 177.60010, 2.9861399, 179.29200, 137.59242,
16.978050, 192.25352, 4.2944344, 179.59277, 137.89981,
16.991270, 194.65195, 3.1852669, 179.88637, 138.20820,
17.004499, 193.06897, 3.1494654, 180.17050, 138.51803,
17.017719, 243.54020, 3.3160205, 180.44205, 138.82882,
17.030951, 505.64190, 4.9469353, 180.69870, 139.14108,
17.044161, 590.88580, 5.8476567, 180.93713, 139.45402,
17.057381, 307.09290, 4.1838667, 181.15515, 139.76836,
17.070601, 191.76595, 3.4331901, 181.34983, 140.08387,
17.083811, 194.83788, 3.2174216, 181.51827, 140.40030,
17.097019, 186.15533, 2.9534541, 181.65781, 140.71784,
17.110229, 182.57235, 3.0835521, 181.76568, 141.03656,
17.123430, 179.86125, 3.2529877, 181.83897, 141.35619,
17.136641, 181.55307, 3.0041352, 181.87492, 141.67718,
17.149839, 180.86792, 2.9344680, 181.87062, 141.99901,
17.163040, 175.10687, 2.9597125, 181.82316, 142.32200,
17.176229, 176.15075, 3.0735390, 181.72972, 142.64583,
17.189430, 174.05232, 2.9776927, 181.58713, 142.97104,
17.202620, 174.22412, 3.2359048, 181.39265, 143.29707,
17.215811, 174.95960, 3.2370027, 181.14308, 143.62424,
17.229000, 179.93143, 3.1391670, 180.83539, 143.95246,
17.242180, 179.71720, 3.1385408, 180.46673, 144.28153,
17.255369, 185.53125, 3.4783933, 180.03551, 144.61192,
17.268551, 183.96252, 3.5293179, 179.54645, 144.94321,
17.281719, 182.32890, 3.1748262, 179.00477, 145.27523,
17.294901, 183.77025, 3.4287404, 178.41423, 145.60867,
17.308069, 187.33302, 4.2705286, 177.78086, 145.94285,
17.321251, 189.44675, 3.2794798, 177.10814, 146.27844,
17.334410, 195.46637, 3.8340182, 176.40271, 146.61451,
17.347580, 191.10793, 4.2643274, 175.66751, 146.95195,
17.360750, 185.00095, 3.9562734, 174.90784, 147.29045,
17.373911, 201.30542, 4.1670611, 174.12894, 147.62978,
17.387070, 190.12757, 4.1102455, 173.33506, 147.97013,
17.400230, 184.20100, 3.4881372, 172.53061, 148.31159,
17.413380, 185.52538, 4.4408550, 171.72106, 148.65382,
17.426540, 186.31598, 4.1408919, 170.90963, 148.99743,
17.439690, 180.55765, 3.7121033, 170.10236, 149.34180,
17.452841, 179.10938, 3.9000441, 169.30306, 149.68729,
17.465981, 178.00877, 4.1815412, 168.51715, 150.03355,
17.479130, 189.92880, 5.4442261, 167.74802, 150.38114,
17.492270, 177.45377, 3.9952405, 167.00143, 150.72955,
17.505409, 167.69925, 3.4754169, 166.28148, 151.07905,
17.518551, 174.25205, 3.9018995, 165.59275, 151.42967,
17.531679, 173.24557, 3.8502953, 164.94070, 151.78102,
17.544821, 170.56262, 4.2360308, 164.32872, 152.13382,
17.557949, 162.10595, 3.7973398, 163.76282, 152.48735,
17.571079, 160.77872, 4.2504249, 163.24706, 152.84203,
17.584200, 164.51553, 4.3057419, 162.78666, 153.19756,
17.597330, 164.45697, 4.2481505, 162.38582, 153.55444,
17.610451, 161.19102, 4.2725630, 162.04935, 153.91218,
17.623569, 161.83260, 4.2857114, 161.77643, 154.27098,
17.636690, 151.64518, 5.7069847, 161.56430, 154.63096,
17.649799, 157.79620, 4.5082942, 161.41043, 154.99175,
17.662910, 154.56927, 4.6666430, 161.31199, 155.35372,
17.676029, 157.65005, 4.5733557, 161.26643, 155.71705,
17.689131, 169.24868, 5.0111567, 161.27123, 156.08104,
17.702240, 165.82870, 5.6520056, 161.32387, 156.44641,
17.715349, 156.99655, 4.9919911, 161.42188, 156.81294,
17.728451, 165.29598, 6.8757819, 161.56274, 157.18042,
17.741550, 166.55690, 4.9433108, 161.74409, 157.54903,
17.754641, 170.42170, 4.1875745, 161.96339, 157.91856,
17.767740, 170.36130, 4.4179161, 162.21863, 158.28955,
17.780830, 164.47207, 5.0473976, 162.50715, 158.66148,
17.793921, 173.00703, 6.5226568, 162.82683, 159.03463,
17.807011, 168.83262, 8.8752147, 163.17542, 159.40900,
17.820101, 176.92883, 7.4298876, 163.55068, 159.78461,
17.833179, 178.18513, 3.6233275, 163.95004, 160.16113,
17.846270, 170.64600, 3.7228246, 164.37200, 160.53924,
17.859341, 168.69822, 3.8780865, 164.81338, 160.91807,
17.872419, 155.40543, 3.8456160, 165.27290, 161.29841,
17.885500, 160.16682, 4.0766157, 165.74823, 161.68009,
17.898569, 172.67248, 4.0899841, 166.23674, 162.06274,
17.911640, 171.62528, 4.2025175, 166.73678, 162.44677,
17.924709, 161.42150, 3.9994896, 167.24609, 162.83207,
17.937780, 171.69997, 8.5209831, 167.76272, 163.21878,
17.941250, 173.68962, 3.7155817, 167.90080, 163.32165,
17.955721, 168.24855, 3.5120677, 168.47976, 163.75176,
17.970181, 170.43008, 3.5759845, 169.06103, 164.18323,
17.984650, 162.30020, 3.8818854, 169.64261, 164.61669,
17.999109, 166.16350, 15.083076, 170.22090, 165.05160,
18.013571, 184.86320, 4.6543642, 170.79351, 165.48832,
18.028021, 179.35020, 3.9825713, 171.35709, 165.92648,
18.042480, 178.62357, 3.9789901, 171.90959, 166.36672,
18.056931, 172.91948, 3.5386630, 172.44744, 166.80850,
18.071381, 173.73378, 4.0690930, 172.96813, 167.25213,
18.085819, 164.25037, 3.9479999, 173.46839, 167.69727,
18.100269, 178.74648, 4.0301437, 173.94610, 168.14467,
18.114710, 178.19507, 3.7661688, 174.39842, 168.59369,
18.129150, 174.78210, 3.4722195, 174.82634, 169.04466,
18.143579, 174.17665, 3.8444674, 175.23090, 169.49726,
18.158020, 166.45327, 3.3559947, 175.61406, 169.95221,
18.172449, 167.84570, 3.9312597, 175.97650, 170.40884,
18.186880, 164.55892, 3.8193000, 176.31986, 170.86760,
18.201300, 167.71595, 3.5055573, 176.64510, 171.32808,
18.215719, 169.10845, 3.2969363, 176.95374, 171.79069,
18.230150, 170.56015, 3.1884870, 177.24725, 172.25582,
18.244560, 168.94380, 3.1607134, 177.52619, 172.72246,
18.258980, 166.11455, 3.2020755, 177.79236, 173.19163,
18.273390, 176.15865, 3.4834712, 178.04662, 173.66274,
18.287800, 174.81263, 3.6700174, 178.29031, 174.13614,
18.302210, 185.35352, 3.7522212, 178.52460, 174.61187,
18.316620, 190.71372, 3.4980545, 178.75066, 175.08995,
18.331020, 181.15405, 3.6251752, 178.96950, 175.57012,
18.345421, 170.23575, 3.3500209, 179.18241, 176.05272,
18.359819, 171.06225, 3.2502667, 179.39050, 176.53773,
18.374210, 182.11840, 3.8967070, 179.59484, 177.02500,
18.388611, 188.94157, 4.1344593, 179.79678, 177.51514,
18.403000, 194.56337, 3.8072008, 179.99718, 178.00749,
18.417379, 182.27135, 3.5618885, 180.19718, 178.50214,
18.431770, 181.14965, 3.5282012, 180.39821, 178.99986,
18.446150, 166.25135, 3.5779403, 180.60105, 179.49991,
18.460529, 165.15125, 3.2170540, 180.80701, 180.00273,
18.474911, 182.11578, 3.4714170, 181.01724, 180.50843,
18.489281, 181.64007, 4.3198768, 181.23266, 181.01658,
18.503660, 179.62518, 3.5252746, 181.45473, 181.52798,
18.518030, 185.42290, 3.6134352, 181.68402, 182.04200,
18.532391, 180.13124, 3.1400748, 181.92087, 182.55874,
18.546761, 176.40490, 3.2035563, 182.16590, 183.07897,
18.561119, 176.81695, 3.5687560, 182.41905, 183.60202,
18.575480, 189.10952, 4.0919865, 182.68086, 184.12847,
18.589840, 183.65420, 3.6569475, 182.95164, 184.65836,
18.604191, 186.43792, 3.4985903, 183.23151, 185.19141,
18.618549, 193.89625, 3.6855455, 183.52115, 185.72836,
18.632900, 188.27113, 3.3193626, 183.82060, 186.26875,
18.647240, 184.45265, 4.4665770, 184.13011, 186.81252,
18.661591, 179.99563, 3.9598006, 184.45055, 187.36064,
18.675930, 185.07373, 3.8972073, 184.78177, 187.91235,
18.690269, 196.55673, 4.0326456, 185.12442, 188.46817,
18.704611, 202.82932, 4.0130022, 185.47892, 189.02830,
18.718941, 195.75267, 3.8741257, 185.84535, 189.59231,
18.733271, 184.04765, 3.5562337, 186.22439, 190.16076,
18.747601, 194.87950, 3.7159249, 186.61646, 190.73375,
18.761930, 199.04692, 3.8734068, 187.02201, 191.31140,
18.776260, 193.44405, 4.3503784, 187.44148, 191.89383,
18.790581, 204.94693, 3.9102636, 187.87504, 192.48075,
18.804899, 197.29320, 3.7049119, 188.32336, 193.07258,
18.819220, 199.67180, 3.7453339, 188.78707, 193.66962,
18.833530, 207.17715, 3.8801895, 189.26626, 194.27148,
18.847839, 201.37462, 4.0505028, 189.76168, 194.87861,
18.862150, 199.23795, 4.6344687, 190.27400, 195.49130,
18.876459, 221.36610, 5.7295303, 190.80361, 196.10951,
18.890770, 220.34957, 4.7325174, 191.35122, 196.73352,
18.905069, 217.39212, 4.8285102, 191.91685, 197.36288,
18.919371, 208.53547, 4.0744549, 192.50161, 197.99831,
18.933670, 217.33973, 5.6560311, 193.10595, 198.63976,
18.947960, 216.11317, 4.8072909, 193.73012, 199.28702,
18.962250, 211.11663, 4.6135427, 194.37517, 199.94066,
18.976540, 219.57025, 4.9592053, 195.04175, 200.60081,
18.990829, 219.16188, 5.8036053, 195.73053, 201.26762,
19.005119, 216.41875, 5.1342584, 196.44221, 201.94123,
19.019400, 220.26355, 4.8427369, 197.17698, 202.62133,
19.033680, 211.43135, 4.8409754, 197.93606, 203.30851,
19.047960, 204.32882, 4.7662123, 198.72019, 204.00293,
19.062229, 207.10373, 4.6742859, 199.52949, 204.70417,
19.076500, 227.60297, 5.6943542, 200.36548, 205.41304,
19.090771, 219.61723, 5.8024679, 201.22887, 206.12961,
19.105040, 228.93522, 6.1475234, 202.12039, 206.85393,
19.119310, 225.16128, 5.1251106, 203.04114, 207.58637,
19.133570, 211.56563, 4.6740546, 203.99111, 208.32640,
19.147829, 197.93365, 5.8438950, 204.97194, 209.07476,
19.162090, 223.99699, 5.9476245, 205.98473, 209.83174,
19.176340, 212.71305, 5.1409369, 207.02945, 210.59679,
19.190599, 223.24078, 5.0818841, 208.10863, 211.37122,
19.204849, 233.85282, 5.8404287, 209.22186, 212.15416,
19.219101, 224.24187, 6.9001336, 210.37105, 212.94643,
19.233339, 222.54832, 6.4373389, 211.55602, 213.74735,
19.247580, 206.22733, 4.8722800, 212.77911, 214.55795,
19.261820, 217.17895, 5.5275973, 214.04131, 215.37833,
19.276060, 201.16822, 6.4664430, 215.34380, 216.20868,
19.290300, 221.82030, 6.8478900, 216.68780, 217.04919,
19.304529, 223.09648, 6.3098327, 218.07343, 217.89939,
19.318760, 221.67987, 7.0792687, 219.50324, 218.76027,
19.332991, 223.35995, 7.3234139, 220.97836, 219.63193,
19.347219, 222.02842, 5.8367629, 222.49996, 220.51445,
19.361441, 216.61432, 6.0016688, 224.06878, 221.40770,
19.375660, 216.56103, 5.8598648, 225.68685, 222.31223,
19.389879, 212.85465, 6.1613193, 227.35585, 223.22840,
19.404100, 240.79670, 8.2495008, 229.07755, 224.15655,
19.418310, 213.70588, 6.9498956, 230.85187, 225.09605,
19.432520, 250.13585, 8.3169219, 232.68176, 226.04786,
