# wave, flux, fluxerr, continuum, continuum_plateau
9.9725246, 69.676789, 3.4105522, 61.939561, 61.907204,
9.9806166, 69.023726, 3.5992238, 61.643410, 61.616314,
9.9887066, 61.453292, 3.1308104, 61.357812, 61.335353,
9.9967957, 57.335063, 3.2653249, 61.082641, 61.064240,
10.004880, 59.605014, 3.4840630, 60.817931, 60.803055,
10.012970, 58.555477, 3.4505562, 60.563259, 60.551423,
10.021050, 67.748165, 3.0435045, 60.319020, 60.309772,
10.029140, 58.776377, 3.2146661, 60.084561, 60.077498,
10.037220, 57.976842, 3.9908841, 59.860388, 59.855139,
10.045300, 56.574180, 3.1978742, 59.646120, 59.642353,
10.053380, 53.703501, 3.3177699, 59.441667, 59.439084,
10.061460, 65.231686, 3.5723663, 59.247012, 59.245349,
10.069540, 55.376930, 3.1072266, 59.062048, 59.061071,
10.077610, 63.956561, 3.4062955, 58.886960, 58.886464,
10.085690, 56.400049, 3.0998258, 58.721256, 58.721066,
10.093760, 61.529147, 3.4476915, 58.565273, 58.565239,
10.101830, 58.569373, 2.9677930, 58.418760, 58.418757,
10.109900, 58.898005, 2.9207480, 58.281651, 58.281578,
10.117970, 55.514730, 3.1518346, 58.153935, 58.153710,
10.126040, 62.429538, 3.2435300, 58.035551, 58.035114,
10.134100, 61.639224, 2.6284657, 57.926595, 57.925903,
10.142170, 56.647755, 2.5945925, 57.826745, 57.825772,
10.150230, 56.204307, 3.0199283, 57.736215, 57.734950,
10.158300, 62.940286, 3.1924136, 57.654758, 57.653205,
10.166360, 64.082836, 2.8623125, 57.582546, 57.580719,
10.174420, 62.279691, 2.9503872, 57.519430, 57.517355,
10.182470, 52.349782, 3.4555567, 57.465461, 57.463172,
10.190530, 62.451869, 2.9023843, 57.420479, 57.418019,
10.198590, 63.490336, 3.2569122, 57.384531, 57.381946,
10.206640, 52.436215, 2.8891134, 57.357633, 57.354976,
10.214690, 55.330660, 2.8257710, 57.339718, 57.337044,
10.222750, 60.173098, 3.0130022, 57.330768, 57.328134,
10.230800, 57.299444, 2.9819053, 57.330795, 57.328257,
10.238850, 53.743338, 3.6927902, 57.339775, 57.337389,
10.246890, 64.652678, 3.0060329, 57.357676, 57.355494,
10.254940, 57.406753, 3.0871613, 57.384539, 57.382608,
10.262990, 54.891973, 2.9199396, 57.420347, 57.418709,
10.271030, 62.107029, 3.0500057, 57.465045, 57.463734,
10.279070, 55.135984, 2.8351812, 57.518667, 57.517709,
10.287120, 55.993642, 4.1858135, 57.581314, 57.580723,
10.295150, 56.723254, 3.1110480, 57.652740, 57.652520,
10.303190, 59.650533, 3.2405744, 57.733215, 57.733357,
10.311230, 57.159459, 2.8857630, 57.822665, 57.823150,
10.319270, 60.994874, 2.8446282, 57.921148, 57.921964,
10.327300, 48.633227, 3.9439352, 58.028553, 58.029684,
10.335340, 54.972865, 3.3922731, 58.145190, 58.146622,
10.343370, 64.316411, 3.8100956, 58.270844, 58.272562,
10.351400, 56.666052, 3.4655181, 58.405670, 58.407654,
10.359430, 51.473516, 3.5225144, 58.549734, 58.551959,
10.367460, 60.510069, 5.0227784, 58.703091, 58.705525,
10.375480, 58.311918, 6.9341449, 58.865580, 58.868184,
10.383510, 58.672474, 5.0030707, 59.037685, 59.040411,
10.391530, 45.724740, 4.9110245, 59.219043, 59.221830,
10.399560, 48.613621, 3.1925099, 59.410148, 59.412924,
10.407580, 56.390465, 3.3285776, 59.610616, 59.613293,
10.415600, 56.965127, 2.5807796, 59.820711, 59.823188,
10.423620, 59.650717, 2.8885859, 60.040558, 60.042713,
10.431640, 55.723123, 3.0159417, 60.270179, 60.271873,
10.439650, 59.330110, 3.0358542, 60.509387, 60.510461,
10.447670, 59.659216, 3.1289609, 60.758863, 60.759134,
10.455680, 60.369123, 2.8804518, 61.018016, 61.017282,
10.463700, 68.734626, 2.8612976, 61.287369, 61.285437,
10.471710, 54.207666, 3.2467894, 61.565938, 61.562646,
10.479720, 60.416328, 3.4933151, 61.853789, 61.849004,
10.487730, 58.647474, 3.0497232, 62.150649, 62.144261,
10.495730, 61.523061, 3.2863021, 62.455873, 62.447800,
10.503740, 65.883368, 4.2602481, 62.769920, 62.760099,
10.511750, 63.311257, 3.8001895, 63.092163, 63.080554,
10.519750, 62.156565, 3.1986672, 63.421897, 63.408483,
10.527750, 63.525168, 4.5597127, 63.759316, 63.744098,
10.535750, 62.796496, 3.7531509, 64.104122, 64.087116,
10.543750, 60.486633, 4.6380856, 64.456012, 64.437253,
10.551750, 65.955122, 4.0934080, 64.814814, 64.794349,
10.559750, 66.610659, 4.6844894, 65.180186, 65.158081,
10.567850, 65.651136, 2.8372121, 65.556654, 65.532966,
10.576350, 73.392998, 3.2884596, 65.958420, 65.933168,
10.584840, 72.292185, 2.8268533, 66.366271, 66.339571,
10.593340, 72.282637, 2.8297795, 66.780918, 66.752894,
10.601830, 73.373104, 3.6820622, 67.201042, 67.171831,
10.610330, 73.952089, 3.0141205, 67.627387, 67.597135,
10.618820, 78.180605, 3.3133835, 68.058660, 68.027522,
10.627310, 68.865841, 2.6863598, 68.494995, 68.463134,
10.635800, 66.741171, 2.9801304, 68.936203, 68.903788,
10.644280, 68.462070, 2.9992943, 69.381396, 69.348603,
10.652770, 72.983049, 2.9096298, 69.831340, 69.798347,
10.661250, 71.008178, 3.0560749, 70.284739, 70.251733,
10.669740, 72.200370, 3.2754291, 70.742333, 70.709501,
10.678220, 68.754402, 3.0727513, 71.202811, 71.170345,
10.686700, 73.403333, 2.9526952, 71.666408, 71.634500,
10.695180, 81.541229, 3.5914318, 72.132844, 72.101690,
10.703650, 74.426570, 3.2059233, 72.601313, 72.571109,
10.712130, 75.774364, 3.1441670, 73.072540, 73.043484,
10.720600, 79.473160, 3.0180064, 73.545296, 73.517585,
10.729080, 81.570680, 3.2468470, 74.020318, 73.994150,
10.737550, 90.392866, 3.4471031, 74.496208, 74.471781,
10.746020, 82.942483, 3.5724261, 74.973335, 74.950844,
10.754490, 78.994949, 3.2307895, 75.451317, 75.430960,
10.762960, 84.362057, 3.4263755, 75.929989, 75.911962,
10.771420, 77.905216, 3.4013729, 76.408377, 76.392872,
10.779890, 76.387054, 3.1897737, 76.887504, 76.874718,
10.788350, 80.472498, 3.5156956, 77.365857, 77.355980,
10.796810, 79.256184, 3.1471939, 77.843758, 77.836982,
10.805270, 79.399965, 3.4046896, 78.320935, 78.317451,
10.813730, 76.168367, 2.9822470, 78.797115, 78.797115,
10.822190, 79.043236, 3.4271333, 79.272074, 79.275747,
10.830650, 80.117825, 3.4409087, 79.745773, 79.753295,
10.839100, 83.625469, 3.6321472, 80.217634, 80.229166,
10.847560, 85.773241, 3.4111125, 80.688837, 80.704535,
10.856010, 85.101887, 3.7733088, 81.158271, 81.178272,
10.864460, 80.029047, 4.1062940, 81.626423, 81.650854,
10.872910, 87.601618, 3.8392596, 82.093353, 82.122329,
10.881360, 86.774832, 3.9237849, 82.559118, 82.592744,
10.889800, 87.931324, 4.0783984, 83.023094, 83.061459,
10.898250, 92.711557, 4.9616765, 83.486389, 83.529579,
10.906690, 93.722612, 4.8445181, 83.947960, 83.996042,
10.915140, 95.045279, 4.5073449, 84.408907, 84.461949,
10.923580, 94.556231, 4.6101345, 84.868090, 84.926135,
10.932020, 96.128321, 5.5067826, 85.326084, 85.389173,
10.940460, 101.61380, 5.1955200, 85.782894, 85.851057,
10.948890, 96.938530, 5.5292849, 86.237956, 86.311208,
10.957330, 105.42554, 4.1079868, 86.692405, 86.770764,
10.965760, 113.78742, 6.0054827, 87.145165, 87.228627,
10.974200, 120.37358, 3.7539974, 87.597262, 87.685827,
10.982630, 126.38030, 4.4401351, 88.047624, 88.141270,
10.991060, 136.08420, 6.4987364, 88.496866, 88.595570,
10.999490, 131.84343, 5.4770674, 88.944888, 89.048616,
11.007920, 140.91713, 5.6456979, 89.391790, 89.500502,
11.016340, 140.22697, 5.9858614, 89.836968, 89.950611,
11.024770, 126.65993, 4.8697671, 90.281480, 90.400003,
11.033190, 134.33765, 4.7827250, 90.724320, 90.847655,
11.041610, 134.93125, 3.6393745, 91.165990, 91.294066,
11.050030, 126.82224, 3.6083383, 91.606490, 91.739229,
11.058450, 128.95188, 3.3865500, 92.045816, 92.183134,
11.066870, 137.42563, 3.6501619, 92.483967, 92.625773,
11.075290, 127.92147, 4.1029067, 92.920940, 93.067136,
11.083700, 134.52565, 33.372132, 93.356240, 93.506717,
11.092120, 133.07133, 4.9566674, 93.790850, 93.945504,
11.100530, 130.61538, 14.751782, 94.223733, 94.382443,
11.108940, 140.22740, 4.3995722, 94.655477, 94.818122,
11.117350, 146.00820, 5.8290877, 95.085978, 95.252432,
11.120570, 153.77068, 4.2833099, 95.250529, 95.418407,
11.129530, 157.02715, 3.9594441, 95.707392, 95.879128,
11.138500, 167.79107, 4.0741206, 96.163419, 96.338860,
11.147460, 186.98993, 4.7162495, 96.617538, 96.796515,
11.156430, 213.44625, 4.8145547, 97.070804, 97.253153,
11.165390, 242.54338, 4.7930498, 97.522149, 97.707692,
11.174350, 278.95140, 5.0174837, 97.972096, 98.160655,
11.183300, 330.23463, 5.7045821, 98.420161, 98.611548,
11.192260, 367.32175, 6.0412527, 98.867287, 99.061318,
11.201220, 412.19743, 6.1287409, 99.312989, 99.509472,
11.210170, 439.99620, 72.186763, 99.756783, 99.955520,
11.219120, 430.77579, 6.4899541, 100.19913, 100.39993,
11.228070, 433.23927, 6.6084125, 100.64003, 100.84267,
11.237020, 420.60976, 6.1591815, 101.07942, 101.28371,
11.245970, 435.07668, 6.3201354, 101.51737, 101.72310,
11.254920, 432.57894, 6.5916023, 101.95383, 102.16079,
11.263860, 408.73340, 6.5154146, 102.38828, 102.59626,
11.272800, 409.96135, 6.1800814, 102.82127, 103.03004,
11.281750, 400.39122, 6.3047269, 103.25314, 103.46250,
11.290690, 377.56183, 6.3416718, 103.68305, 103.89278,
11.299630, 362.65874, 6.2464986, 104.11136, 104.32124,
11.308560, 356.86470, 6.0120809, 104.53764, 104.74745,
11.317500, 337.30017, 5.8761170, 104.96279, 105.17231,
11.326430, 324.07983, 5.9861797, 105.38589, 105.59489,
11.335370, 306.60547, 5.7247473, 105.80781, 106.01609,
11.344300, 294.68890, 5.3699617, 106.22765, 106.43498,
11.353230, 290.16970, 5.3898411, 106.64583, 106.85199,
11.362160, 277.93188, 5.4518826, 107.06229, 107.26707,
11.371080, 263.70618, 5.2151909, 107.47666, 107.67984,
11.380010, 251.82377, 4.8734600, 107.88971, 108.09109,
11.388930, 252.48272, 4.9427903, 108.30064, 108.49999,
11.397850, 249.77277, 5.0791396, 108.70977, 108.90690,
11.406780, 230.66420, 4.8053640, 109.11761, 109.31229,
11.415700, 227.80402, 4.5512712, 109.52317, 109.71521,
11.424610, 222.66584, 4.5246681, 109.92648, 110.11568,
11.433530, 224.03432, 4.7660005, 110.32838, 110.51455,
11.442450, 212.75027, 4.5987724, 110.72842, 110.91135,
11.451360, 205.93917, 4.3447309, 111.12614, 111.30566,
11.460270, 199.63680, 4.2997130, 111.52195, 111.69787,
11.469180, 198.36575, 4.5702422, 111.91582, 112.08796,
11.478090, 199.58492, 4.5292745, 112.30773, 112.47591,
11.487000, 183.04933, 4.1166600, 112.69764, 112.86171,
11.495910, 182.89487, 4.2482003, 113.08549, 113.24528,
11.504810, 171.66233, 4.2603123, 113.47092, 113.62629,
11.513710, 172.79362, 4.2724748, 113.85424, 114.00503,
11.522620, 168.61018, 4.0641637, 114.23591, 114.38197,
11.531520, 163.88873, 4.5630636, 114.61498, 114.75620,
11.540420, 171.50043, 4.6716190, 114.99189, 115.12814,
11.549310, 165.80423, 4.5558119, 115.36621, 115.49737,
11.558210, 162.15825, 4.2291469, 115.73874, 115.86470,
11.567100, 165.36600, 4.3509468, 116.10852, 116.22921,
11.576000, 161.95188, 4.5216907, 116.47649, 116.59179,
11.584890, 146.75003, 4.5567564, 116.84169, 116.95155,
11.593780, 155.66128, 4.7388505, 117.20449, 117.30883,
11.602670, 141.81818, 4.1983054, 117.56492, 117.66370,
11.611560, 138.62405, 4.7718830, 117.92292, 118.01609,
11.620440, 144.16025, 4.9165952, 118.27802, 118.36556,
11.629330, 139.68965, 4.8489639, 118.63103, 118.71291,
11.638210, 137.63722, 5.1679765, 118.98111, 119.05733,
11.647090, 135.96820, 5.1047866, 119.32856, 119.39913,
11.655970, 132.25478, 5.4344161, 119.67337, 119.73832,
11.664850, 133.26165, 8.3869421, 120.01555, 120.07491,
11.673730, 138.37725, 10.222169, 120.35498, 120.40880,
11.682600, 140.09950, 4.3059246, 120.69128, 120.73965,
11.691480, 131.53132, 3.6192040, 121.02514, 121.06813,
11.700350, 131.37915, 3.8471679, 121.35579, 121.39351,
11.709220, 141.92884, 3.6771354, 121.68354, 121.71611,
11.718090, 134.55663, 3.9558576, 122.00835, 122.03592,
11.726960, 123.53660, 4.1436959, 122.33018, 122.35288,
11.735830, 125.49350, 3.9105107, 122.64896, 122.66699,
11.744690, 123.87473, 4.1463307, 122.96428, 122.97783,
11.753560, 129.46258, 4.2180251, 123.27683, 123.28611,
11.762420, 123.74623, 3.9811963, 123.58581, 123.59108,
11.771280, 119.57822, 5.9031523, 123.89159, 123.89310,
11.775020, 123.67895, 3.9622630, 124.01965, 124.01965,
11.784500, 127.12399, 4.1131792, 124.34166, 124.33807,
11.793980, 125.97087, 4.0031326, 124.65976, 124.65289,
11.803460, 124.19160, 4.9981680, 124.97393, 124.96408,
11.812940, 126.44558, 3.7348776, 125.28405, 125.27148,
11.822420, 130.28730, 3.9440316, 125.59009, 125.57504,
11.831890, 123.84396, 3.8397192, 125.89161, 125.87431,
11.841360, 129.30383, 3.9370545, 126.18886, 126.16952,
11.850840, 125.56554, 3.8035796, 126.48207, 126.46087,
11.860310, 129.20342, 4.0871119, 126.77055, 126.74766,
11.869770, 130.05895, 4.0710146, 127.05423, 127.02982,
11.879240, 130.08658, 3.6934526, 127.33360, 127.30779,
11.888710, 135.93175, 3.7713248, 127.60827, 127.58121,
11.898170, 134.70525, 3.7012625, 127.87789, 127.84968,
11.907630, 138.41498, 3.8509450, 128.14261, 128.11336,
11.917090, 135.79195, 3.6414701, 128.40239, 128.37219,
11.926550, 133.24970, 3.5280882, 128.65709, 128.62602,
11.936010, 133.93090, 3.5544229, 128.90666, 128.87479,
11.945470, 137.96225, 3.7165231, 129.15094, 129.11835,
11.954920, 138.49808, 3.6339345, 129.38961, 129.35637,
11.964370, 142.28155, 3.8238334, 129.62283, 129.58899,
11.973830, 139.81740, 3.4864721, 129.85074, 129.81635,
11.983280, 139.51485, 3.6336192, 130.07272, 130.03784,
11.992720, 141.81590, 3.6236128, 130.28868, 130.25337,
12.002170, 141.48730, 3.5093084, 130.49898, 130.46329,
12.011610, 139.76295, 3.4617990, 130.70307, 130.66706,
12.021060, 138.49773, 3.5862594, 130.90124, 130.86496,
12.030500, 135.94978, 3.5732367, 131.09297, 131.05650,
12.039940, 137.49845, 3.4821627, 131.27832, 131.24172,
12.049380, 135.67053, 3.4011811, 131.45721, 131.42057,
12.058820, 138.73613, 3.5666764, 131.62946, 131.59287,
12.068250, 138.56098, 3.6508210, 131.79482, 131.75837,
12.077690, 140.01527, 3.5543050, 131.95349, 131.91730,
12.087120, 134.83471, 3.6278825, 132.10499, 132.06919,
12.096550, 135.65402, 3.5415364, 132.24936, 132.21409,
12.105980, 137.96465, 3.6604942, 132.38646, 132.35188,
12.115410, 133.57695, 3.6033918, 132.51615, 132.48244,
12.124830, 134.29587, 3.4706429, 132.63817, 132.60553,
12.134260, 132.43237, 3.5627399, 132.75261, 132.72126,
12.143680, 129.11189, 3.7418076, 132.85909, 132.82927,
12.153100, 133.12890, 3.7563205, 132.95758, 132.92958,
12.162520, 146.43600, 4.5429737, 133.04792, 133.02203,
12.171940, 131.96073, 3.6242554, 133.12995, 133.10650,
12.181360, 137.24780, 3.9926596, 133.20352, 133.18287,
12.190770, 130.23303, 3.8033882, 133.26838, 133.25092,
12.200180, 148.10695, 3.9612749, 133.32446, 133.31062,
12.209600, 132.45610, 3.9912269, 133.37163, 133.36188,
12.219010, 132.47755, 3.8170929, 133.40961, 133.40446,
12.228420, 131.75215, 4.1355426, 133.43827, 133.43827,
12.237820, 134.71268, 4.4959922, 133.45749, 133.46321,
12.247230, 135.79290, 4.1712930, 133.46744, 133.47942,
12.256630, 144.77070, 4.1251184, 133.46830, 133.48702,
12.266040, 178.16188, 4.9859863, 133.46025, 133.48615,
12.275440, 378.78318, 6.8389606, 133.44351, 133.47695,
12.284840, 407.36693, 7.3964167, 133.41826, 133.45958,
12.294230, 188.26505, 5.4316911, 133.38471, 133.43419,
12.303630, 136.32510, 5.5459809, 133.34298, 133.40087,
12.313030, 144.24103, 5.4100908, 133.29327, 133.35977,
12.322420, 148.61545, 6.9429240, 133.23583, 133.31108,
12.331810, 144.14487, 3.8389742, 133.17077, 133.25490,
12.341200, 147.62670, 3.5970984, 133.09825, 133.19135,
12.350590, 155.43917, 3.6507451, 133.01845, 133.12057,
12.359980, 147.06330, 3.7969229, 132.93152, 133.04267,
12.369360, 146.76037, 4.1354778, 132.83772, 132.95788,
12.378750, 150.29417, 3.6859991, 132.73701, 132.86616,
12.388130, 145.99567, 3.7153253, 132.62976, 132.76780,
12.397510, 153.71903, 4.1688735, 132.51603, 132.66285,
12.406890, 148.17875, 3.4647692, 132.39593, 132.55143,
12.416270, 148.45590, 3.8148567, 132.26963, 132.43365,
12.425640, 144.29728, 3.9307758, 132.13742, 132.30978,
12.435020, 154.53665, 4.2147982, 131.99915, 132.17966,
12.444390, 148.04168, 4.0790194, 131.85526, 132.04370,
12.453760, 150.34915, 3.6298687, 131.70574, 131.90188,
12.463130, 156.53135, 4.5669656, 131.55072, 131.75431,
12.472500, 163.24680, 4.4350805, 131.39033, 131.60111,
12.481870, 151.38580, 4.8491910, 131.22471, 131.44239,
12.489420, 159.61627, 4.3254899, 131.08752, 131.31056,
12.499490, 164.64890, 4.1019983, 130.89951, 131.12938,
12.509550, 162.37877, 4.3383088, 130.70605, 130.94238,
12.519610, 162.07245, 4.1784564, 130.50713, 130.74953,
12.529670, 172.05005, 4.2116317, 130.30290, 130.55099,
12.539730, 165.86380, 4.3243445, 130.09349, 130.34686,
12.549780, 171.78559, 4.3510560, 129.87927, 130.13751,
12.559840, 168.00632, 4.1533061, 129.65995, 129.92264,
12.569890, 175.03738, 4.1568060, 129.43612, 129.70283,
12.579940, 174.87260, 4.2538522, 129.20769, 129.47799,
12.589990, 173.57400, 4.2579899, 128.97480, 129.24825,
12.600040, 175.44370, 4.1927192, 128.73755, 129.01372,
12.610090, 178.51065, 4.1761846, 128.49614, 128.77458,
12.620130, 178.26055, 5.1598314, 128.25091, 128.53118,
12.630170, 184.75790, 4.2692396, 128.00173, 128.28338,
12.640210, 185.08215, 4.2516132, 127.74875, 128.03134,
12.650250, 186.31722, 4.0575690, 127.49209, 127.77518,
12.660290, 193.39920, 4.1388043, 127.23190, 127.51504,
12.670330, 184.93612, 4.0452980, 126.96825, 127.25101,
12.680360, 189.11008, 4.1461901, 126.70156, 126.98351,
12.690390, 198.65553, 4.1009315, 126.43169, 126.71239,
12.700420, 195.83607, 3.9841552, 126.15871, 126.43776,
12.710450, 196.66985, 3.9943701, 125.88281, 126.15977,
12.720480, 208.19362, 4.2528296, 125.60407, 125.87854,
12.730500, 205.69503, 4.9691408, 125.32286, 125.59444,
12.740530, 206.31110, 3.9306357, 125.03877, 125.30706,
12.750550, 199.85385, 3.8886090, 124.75245, 125.01707,
12.760570, 199.94503, 4.0071446, 124.46376, 124.72434,
12.770590, 199.75105, 4.0551541, 124.17276, 124.42893,
12.780610, 201.03295, 4.0621696, 123.87959, 124.13099,
12.790620, 198.22915, 3.8628834, 123.58465, 123.83094,
12.800640, 194.45215, 3.8946837, 123.28745, 123.52829,
12.810650, 196.40968, 4.0206672, 122.98870, 123.22377,
12.820660, 191.70048, 3.9483044, 122.68819, 122.91720,
12.830670, 174.25000, 3.6520102, 122.38601, 122.60865,
12.840680, 172.92615, 3.6564559, 122.08232, 122.29829,
12.850680, 166.71255, 3.6965717, 121.77746, 121.98652,
12.860690, 155.98978, 3.6609546, 121.47098, 121.67285,
12.870690, 146.18175, 3.6852645, 121.16354, 121.35799,
12.880690, 148.86305, 3.4688243, 120.85499, 121.04179,
12.890690, 141.57698, 3.4392400, 120.54537, 120.72430,
12.900680, 140.17838, 3.5200048, 120.23513, 120.40600,
12.910680, 135.98612, 3.5054362, 119.92372, 120.08634,
12.920670, 131.57860, 3.6267790, 119.61189, 119.76609,
12.930670, 134.11035, 3.4088785, 119.29908, 119.44470,
12.940660, 133.07802, 3.6256019, 118.98602, 119.12293,
12.950640, 123.01484, 3.5051477, 118.67286, 118.80094,
12.960630, 121.36767, 3.4280265, 118.35898, 118.47811,
12.970620, 125.55118, 3.4703099, 118.04487, 118.15496,
12.980600, 126.76025, 7.5159563, 117.73089, 117.83187,
12.990580, 121.47165, 3.8109540, 117.41688, 117.50868,
13.000560, 121.91214, 3.8641274, 117.10285, 117.18543,
13.010540, 118.74715, 3.6100227, 116.78895, 116.86228,
13.020520, 116.90225, 3.9235952, 116.47527, 116.53932,
13.030490, 127.05925, 4.0842693, 116.16223, 116.21701,
13.040470, 119.40173, 4.2253733, 115.84927, 115.89479,
13.050440, 125.50013, 3.9904980, 115.53715, 115.57344,
13.060410, 111.49691, 3.9279659, 115.22562, 115.25274,
13.070380, 114.56895, 4.0190538, 114.91477, 114.93276,
13.080350, 119.95923, 4.7329712, 114.60473, 114.61368,
13.090310, 110.54335, 4.3495299, 114.29589, 114.29589,
13.100280, 115.28284, 4.0854238, 113.98772, 113.97887,
13.110240, 111.12508, 4.3113828, 113.68086, 113.66326,
13.120200, 108.56586, 4.9265457, 113.37501, 113.34880,
13.130160, 122.19035, 4.5417295, 113.07020, 113.03551,
13.140110, 117.89970, 4.0655105, 112.76676, 112.72375,
13.150070, 117.02799, 3.0185912, 112.46407, 112.41288,
13.160020, 111.71961, 3.1757764, 112.16279, 112.10359,
13.169980, 112.17179, 3.3364038, 111.86230, 111.79525,
13.179930, 120.62380, 3.3314192, 111.56325, 111.48854,
13.189870, 120.04858, 3.6109882, 111.26563, 111.18346,
13.199820, 111.30755, 3.4683112, 110.96889, 110.87945,
13.209770, 115.30332, 3.7171572, 110.67330, 110.57680,
13.219710, 120.11798, 3.2856973, 110.37923, 110.27589,
13.229650, 108.44783, 4.0700882, 110.08641, 109.97646,
13.239590, 117.85773, 3.4883128, 109.79481, 109.67847,
13.249530, 113.35720, 3.6009853, 109.50448, 109.38199,
13.259470, 109.42587, 3.2948326, 109.21544, 109.08705,
13.269410, 112.26397, 4.4788306, 108.92772, 108.79367,
13.279340, 114.84591, 4.5771138, 108.64164, 108.50219,
13.289270, 110.74788, 3.9623038, 108.35689, 108.21231,
13.299200, 117.44234, 4.8586927, 108.07356, 107.92411,
13.309130, 109.16673, 5.0678156, 107.79164, 107.63760,
13.318260, 118.19510, 3.4765201, 107.53368, 107.37566,
13.328980, 119.17945, 3.2554636, 107.23238, 107.07000,
13.339690, 110.81142, 3.3863472, 106.93312, 106.76671,
13.350400, 113.90393, 3.1317191, 106.63563, 106.46553,
13.361120, 109.40148, 3.2039846, 106.33965, 106.16621,
13.371830, 108.62807, 3.0493634, 106.04582, 105.86938,
13.382530, 112.03814, 2.7397593, 105.75413, 105.57505,
13.393240, 110.08899, 2.8168521, 105.46410, 105.28273,
13.403940, 104.87539, 2.9702009, 105.17628, 104.99299,
13.414650, 113.91462, 2.8113154, 104.89022, 104.70536,
13.425350, 110.02973, 2.6116670, 104.60645, 104.42038,
13.436050, 109.73862, 2.7817198, 104.32476, 104.13785,
13.446740, 105.03594, 2.8914630, 104.04548, 103.85809,
13.457440, 110.49180, 2.6585395, 103.76809, 103.58059,
13.468130, 114.51451, 2.6736231, 103.49319, 103.30593,
13.478830, 113.80332, 2.7130978, 103.22029, 103.03364,
13.489520, 116.94197, 2.5832009, 102.94996, 102.76428,
13.500200, 115.34024, 2.5695316, 102.68223, 102.49787,
13.510890, 112.87865, 2.6044517, 102.41667, 102.23399,
13.521570, 121.03642, 2.6109413, 102.15380, 101.97315,
13.532260, 119.03432, 2.4929017, 101.89320, 101.71493,
13.542940, 124.57942, 2.5968148, 101.63540, 101.45984,
13.553620, 118.98868, 2.6185679, 101.38022, 101.20771,
13.564290, 119.57950, 2.7219264, 101.12796, 100.95883,
13.574970, 115.11969, 2.4395489, 100.87817, 100.71275,
13.585640, 117.68370, 2.4273521, 100.63142, 100.47001,
13.596320, 119.58167, 2.5339828, 100.38727, 100.23019,
13.606990, 114.78158, 2.5562466, 100.14626, 99.993799,
13.617650, 109.39828, 3.2993042, 99.908434, 99.760874,
13.628320, 112.60275, 2.7765087, 99.673423, 99.531047,
13.638980, 115.40477, 2.6197383, 99.441715, 99.304782,
13.649650, 106.68624, 2.5399121, 99.212962, 99.081730,
13.660310, 108.96217, 2.7803621, 98.987642, 98.862343,
13.670970, 106.64569, 3.9132745, 98.765617, 98.646478,
13.681630, 105.52517, 2.6568388, 98.546962, 98.434191,
13.692280, 100.99673, 3.4391670, 98.331957, 98.225742,
13.702940, 104.13861, 2.6065556, 98.120256, 98.020779,
13.713590, 99.340256, 2.5166056, 97.912351, 97.819764,
13.724240, 104.72119, 2.6139924, 97.708092, 97.622535,
13.734890, 96.971130, 2.4364600, 97.507595, 97.429188,
13.745530, 99.367016, 2.6482797, 97.311098, 97.239933,
13.756180, 101.89266, 2.8254284, 97.118333, 97.054492,
13.766820, 100.20469, 2.6773147, 96.929731, 96.873260,
13.777460, 103.29509, 2.7071114, 96.745203, 96.696131,
13.788100, 96.041132, 2.6561199, 96.564839, 96.523170,
13.798740, 94.027185, 2.9492276, 96.388730, 96.354440,
13.809380, 96.603598, 2.8201237, 96.216986, 96.190022,
13.820010, 99.580509, 2.7120953, 96.049817, 96.030094,
13.830640, 96.657793, 3.0358980, 95.887195, 95.874601,
13.841270, 94.915817, 3.0960372, 95.729192, 95.723584,
13.851900, 92.621449, 2.7678906, 95.575935, 95.577138,
13.862530, 95.740597, 3.4796528, 95.427434, 95.435249,
13.873150, 97.798285, 3.1902151, 95.283650, 95.297880,
13.883780, 96.475554, 2.8300071, 95.144131, 95.164599,
13.894400, 96.897974, 3.1689781, 95.008939, 95.035464,
13.905020, 96.225992, 2.9639161, 94.877760, 94.910174,
13.915640, 99.845070, 3.2441793, 94.750408, 94.788547,
13.926250, 97.841608, 3.3955921, 94.626808, 94.670509,
13.936870, 96.025387, 3.3725684, 94.506567, 94.555679,
13.947480, 96.574144, 3.2707863, 94.389701, 94.444065,
13.958090, 94.221298, 3.2557535, 94.275941, 94.335405,
13.968700, 91.686131, 3.3681307, 94.165092, 94.229502,
13.979310, 94.194674, 4.0422275, 94.056998, 94.126201,
13.989910, 101.08382, 4.0059617, 93.951569, 94.025405,
14.000520, 92.773546, 3.5214846, 93.848442, 93.926758,
14.011120, 94.593079, 4.0111280, 93.747631, 93.830264,
14.021720, 96.702944, 4.0656192, 93.648873, 93.735658,
14.032320, 99.654314, 4.0812530, 93.552000, 93.642767,
14.042920, 92.665880, 3.9598894, 93.456841, 93.551419,
14.053510, 94.020576, 3.9566180, 93.363324, 93.461528,
14.064110, 96.811691, 4.0465047, 93.271094, 93.372745,
14.074700, 98.991837, 4.9584338, 93.180163, 93.285065,
14.085290, 102.02826, 11.676334, 93.090288, 93.198245,
14.095870, 100.63682, 4.0433302, 93.001378, 93.112181,
14.106460, 98.074003, 2.6854051, 92.913109, 93.026548,
14.117040, 95.635073, 2.7605630, 92.825475, 92.941330,
14.127630, 94.737251, 3.1297304, 92.738149, 92.856193,
14.138210, 98.925604, 3.2068574, 92.651140, 92.771136,
14.148790, 100.32977, 4.3494669, 92.564199, 92.685903,
14.159370, 97.411810, 3.8575629, 92.477164, 92.600324,
14.169940, 101.20999, 3.9147639, 92.389959, 92.514315,
14.180520, 99.629719, 6.8027748, 92.302248, 92.427533,
14.182090, 100.21280, 3.1260653, 92.289189, 92.414588,
14.193560, 100.80782, 3.1052710, 92.193329, 92.319377,
14.205030, 96.006491, 3.6192289, 92.096540, 92.222901,
14.216500, 97.960411, 3.3811655, 91.998629, 92.124959,
14.227970, 96.155861, 3.8424883, 91.899381, 92.025322,
14.239430, 109.04993, 3.4825055, 91.798669, 91.923857,
14.250890, 97.339931, 3.2370757, 91.696210, 91.820273,
14.262350, 98.200928, 3.2376337, 91.591775, 91.714332,
14.273810, 101.88817, 3.7422980, 91.485161, 91.605822,
14.285270, 98.831957, 3.7552882, 91.376164, 91.494534,
14.296730, 101.56613, 3.7502226, 91.264550, 91.380226,
14.308180, 95.152754, 3.0699123, 91.150219, 91.262796,
14.319630, 91.232615, 3.2038094, 91.032851, 91.141918,
14.331080, 91.958021, 3.2980164, 90.912219, 91.017359,
14.342530, 92.463751, 3.1937772, 90.788120, 90.888917,
14.353970, 88.116234, 3.0112009, 90.660442, 90.756479,
14.365410, 95.656544, 3.0806984, 90.528837, 90.619694,
14.376860, 89.707788, 2.6354163, 90.392974, 90.478228,
14.388300, 91.179146, 2.9312096, 90.252851, 90.332089,
14.399730, 94.886997, 2.7445329, 90.108259, 90.181073,
14.411170, 86.645046, 2.6621878, 89.958700, 90.024677,
14.422600, 85.077726, 2.3875741, 89.804212, 89.862955,
14.434030, 87.595121, 2.3913106, 89.644422, 89.695538,
14.445460, 94.919594, 2.5562398, 89.479073, 89.522177,
14.456890, 91.958874, 2.4859799, 89.307950, 89.342670,
14.468320, 89.475437, 2.3215399, 89.130789, 89.156767,
14.479740, 90.635639, 2.3949989, 88.947497, 88.964395,
14.491160, 87.643007, 2.1563431, 88.757673, 88.765165,
14.502580, 88.338955, 2.5576743, 88.561077, 88.558858,
14.514000, 87.261881, 2.2304987, 88.357678, 88.345469,
14.525420, 89.051086, 2.3735207, 88.148022, 88.125599,
14.536830, 89.860157, 2.2285239, 87.932907, 87.900109,
14.548240, 91.022457, 2.1568120, 87.712734, 87.669449,
14.559650, 86.714470, 2.8100449, 87.488074, 87.434247,
14.571060, 87.827797, 2.2467045, 87.259549, 87.195187,
14.582470, 78.245131, 3.1621078, 87.027725, 86.952898,
14.593870, 85.807652, 2.2276776, 86.793381, 86.708228,
14.605270, 86.992277, 2.3062121, 86.556904, 86.461620,
14.616670, 83.352226, 2.2566310, 86.318893, 86.213735,
14.628070, 82.939732, 2.4169901, 86.079883, 85.965176,
14.639470, 86.226383, 2.6993210, 85.840473, 85.716604,
14.650860, 88.709307, 2.3203909, 85.601457, 85.468889,
14.662260, 88.966450, 2.3450644, 85.362972, 85.222216,
14.673650, 87.910479, 2.4900376, 85.126033, 84.977680,
14.685040, 88.573030, 2.4904192, 84.890976, 84.735674,
14.696420, 86.010723, 2.3850560, 84.658630, 84.497098,
14.707810, 85.169048, 2.5725523, 84.429106, 84.262115,
14.719190, 92.714613, 2.9071021, 84.203445, 84.031838,
14.730570, 85.782719, 2.4445725, 83.981976, 83.806652,
14.741950, 84.517918, 2.7011450, 83.765301, 83.587221,
14.753330, 83.684765, 2.6844744, 83.554007, 83.374190,
14.764700, 89.460932, 2.5792778, 83.348868, 83.168391,
14.776080, 87.236908, 2.5701064, 83.150097, 82.970091,
14.787450, 82.302584, 2.8111505, 82.958655, 82.780305,
14.798820, 86.655895, 3.0181408, 82.774953, 82.599495,
14.810190, 87.940903, 3.4631126, 82.599580, 82.428299,
14.821550, 82.020014, 2.8543353, 82.433307, 82.267529,
14.832920, 86.384054, 2.8404116, 82.276451, 82.117557,
14.844280, 87.666525, 2.9052615, 82.129891, 81.979291,
14.855640, 87.496769, 3.0025962, 81.994113, 81.853259,
14.866990, 84.723373, 3.3827020, 81.869853, 81.740223,
14.878350, 85.308958, 3.0735815, 81.757513, 81.640635,
14.889710, 83.988598, 3.1429772, 81.657854, 81.555277,
14.901060, 84.783445, 3.0997895, 81.571596, 81.484874,
14.912410, 80.059237, 3.4595057, 81.499293, 81.430015,
14.923760, 82.561907, 3.6573644, 81.441601, 81.391373,
14.935100, 76.242741, 3.6614421, 81.399230, 81.369645,
14.946450, 81.756886, 3.4486112, 81.372771, 81.365469,
14.957790, 83.087284, 3.9112843, 81.362895, 81.379451,
14.969130, 83.743227, 3.5238854, 81.369504, 81.411199,
14.980470, 81.491640, 3.6675321, 81.392114, 81.459746,
14.991810, 85.645281, 4.2404696, 81.430248, 81.524116,
15.003140, 78.615755, 4.0723191, 81.483381, 81.603265,
15.014480, 86.095615, 3.6518709, 81.551135, 81.696349,
15.025810, 86.189071, 3.8323765, 81.632953, 81.802264,
15.037140, 88.586199, 3.5941676, 81.728425, 81.920106,
15.048460, 83.640978, 4.0562357, 81.837023, 82.048811,
15.059790, 87.477795, 4.0715715, 81.958497, 82.187644,
15.071110, 86.310253, 4.0699079, 82.092220, 82.335418,
15.082440, 84.298056, 2.9231906, 82.238013, 82.491447,
15.093750, 84.098288, 2.4992310, 82.395043, 82.654340,
15.105070, 80.529984, 2.6200044, 82.563329, 82.823596,
15.116390, 80.330450, 2.7718219, 82.742332, 82.998124,
15.127700, 82.451181, 2.7512350, 82.931481, 83.176812,
15.139020, 84.610976, 2.8608303, 83.130739, 83.359052,
15.150330, 84.279390, 2.9334978, 83.339359, 83.543568,
15.162390, 85.142879, 3.2906524, 83.571912, 83.741964,
15.174730, 81.324127, 3.3581620, 83.820195, 83.945558,
15.187070, 86.887234, 3.3380301, 84.078429, 84.148520,
15.199410, 82.336407, 3.1949632, 84.346187, 84.349665,
15.211740, 88.958162, 3.1380049, 84.622691, 84.547758,
15.224080, 82.350538, 2.8854484, 84.907795, 84.742973,
15.236410, 85.666309, 2.8740034, 85.200288, 84.935013,
15.248740, 99.944674, 3.0472087, 85.499710, 85.124093,
15.261060, 91.576618, 3.9761849, 85.805105, 85.310102,
15.273390, 90.522606, 3.3663553, 86.116304, 85.493405,
15.285710, 85.571833, 3.2487039, 86.432117, 85.673749,
15.298030, 89.136343, 2.7154413, 86.752075, 85.851308,
15.310350, 80.187948, 3.2291924, 87.075550, 86.026154,
15.322660, 91.065069, 3.2993637, 87.401561, 86.198172,
15.334980, 86.773827, 2.8628287, 87.729965, 86.367684,
15.347290, 84.725355, 2.7756623, 88.059580, 86.534471,
15.359600, 82.978889, 2.8106342, 88.389989, 86.698705,
15.371900, 83.043320, 2.8125826, 88.720240, 86.860292,
15.384210, 92.513269, 2.9058619, 89.050227, 87.019546,
15.396510, 88.282936, 3.4192931, 89.378744, 87.176248,
15.408810, 90.706539, 3.4835450, 89.705351, 87.330550,
15.421110, 85.322351, 2.9096905, 90.029429, 87.482512,
15.433410, 84.715908, 2.7151309, 90.350254, 87.632151,
15.445700, 93.865522, 3.4054967, 90.666933, 87.779399,
15.457990, 89.333309, 3.1937537, 90.979041, 87.924412,
15.470280, 88.035009, 3.3249114, 91.285899, 88.067225,
15.482570, 86.775795, 3.5069364, 91.586826, 88.207873,
15.494860, 89.820902, 3.4135452, 91.881135, 88.346391,
15.507140, 86.348133, 2.9570036, 92.167917, 88.482707,
15.519420, 91.489063, 3.1918328, 92.446689, 88.616953,
15.531700, 85.970596, 3.1272385, 92.716795, 88.749183,
15.543980, 96.567017, 3.2649318, 92.977491, 88.879409,
15.556260, 87.498274, 3.0544829, 93.228108, 89.007683,
15.568530, 88.969141, 2.8346171, 93.467707, 89.133919,
15.580800, 90.479576, 2.6758796, 93.695787, 89.258258,
15.593070, 90.121136, 2.5990330, 93.911618, 89.380731,
15.605340, 94.223944, 2.8943506, 94.114484, 89.501367,
15.617600, 101.71407, 2.9526420, 94.304174, 89.620105,
15.629860, 95.905075, 2.7104478, 94.481533, 89.737058,
15.642120, 98.215988, 2.3059443, 94.647322, 89.852273,
15.654380, 94.181313, 2.3855976, 94.802240, 89.965760,
15.666640, 89.841217, 2.5286188, 94.947031, 90.077564,
15.678890, 91.472298, 2.6631431, 95.082282, 90.187611,
15.691140, 99.354185, 2.7310314, 95.208826, 90.296022,
15.703390, 94.669991, 2.3957175, 95.327361, 90.402825,
15.715640, 96.507589, 2.6112333, 95.438582, 90.508044,
15.727890, 90.640440, 2.6957985, 95.543178, 90.611706,
15.740130, 96.126923, 2.9488077, 95.641759, 90.713756,
15.752370, 100.30821, 2.5753486, 95.735080, 90.814292,
15.764610, 102.18593, 2.5179547, 95.823833, 90.913355,
15.776850, 101.59022, 2.5722870, 95.908677, 91.010952,
15.789090, 96.147659, 2.5979577, 95.990295, 91.107122,
15.801320, 96.760122, 2.5510126, 96.069283, 91.201800,
15.813550, 99.614315, 2.8831916, 96.146377, 91.295092,
15.825780, 103.59103, 2.7648502, 96.222241, 91.387019,
15.838010, 105.07384, 3.1371876, 96.297538, 91.477604,
15.850230, 109.46792, 3.4593469, 96.372873, 91.566799,
15.862450, 112.18282, 6.6344811, 96.448959, 91.654689,
15.874670, 105.08179, 3.1826464, 96.526471, 91.741310,
15.886890, 99.875486, 3.3260500, 96.606064, 91.826674,
15.899110, 103.06533, 3.3711638, 96.688397, 91.910796,
15.911320, 100.61853, 3.5445257, 96.774073, 91.993638,
15.923540, 106.00012, 3.7167002, 96.863901, 92.075355,
15.935750, 108.98037, 3.6847090, 96.958395, 92.155826,
15.947960, 92.373466, 3.8628842, 97.058303, 92.235141,
15.960160, 105.06482, 3.9406520, 97.164216, 92.313257,
15.972370, 101.55511, 3.7174891, 97.276976, 92.390315,
15.984570, 105.92275, 4.3246819, 97.397081, 92.466208,
15.996770, 104.49769, 3.4769552, 97.525322, 92.541024,
16.008961, 99.731422, 3.4783279, 97.662270, 92.614719,
16.021160, 101.82599, 3.7576174, 97.808825, 92.687419,
16.033350, 99.974218, 3.7935017, 97.965470, 92.759033,
16.045549, 101.39939, 3.2866116, 98.133160, 92.829691,
16.057739, 96.815351, 3.6233101, 98.312348, 92.899297,
16.069920, 102.64624, 3.8622964, 98.503728, 92.967870,
16.082109, 103.63996, 3.6196277, 98.708329, 93.035534,
16.094290, 106.40092, 3.4402817, 98.926569, 93.102199,
16.106470, 98.266247, 3.5397588, 99.159349, 93.167932,
16.118650, 105.05229, 3.6257888, 99.407422, 93.232749,
16.130831, 109.69625, 9.1729505, 99.671553, 93.296666,
16.143009, 102.07832, 3.6201832, 99.952472, 93.359686,
16.155180, 101.41136, 3.8718635, 100.25081, 93.421796,
16.167351, 106.57924, 3.6847536, 100.56753, 93.483050,
16.179520, 97.001377, 4.5745023, 100.90339, 93.543451,
16.191681, 90.486660, 3.9917938, 101.25903, 93.602988,
16.203850, 100.71281, 6.5364867, 101.63571, 93.661747,
16.216009, 109.74614, 9.1736533, 102.03374, 93.719659,
16.228170, 109.22811, 4.7475978, 102.45424, 93.776793,
16.240330, 97.228580, 6.2706538, 102.89661, 93.833144,
16.252489, 107.15305, 5.3566112, 103.35969, 93.888733,
16.264641, 123.15105, 5.3339958, 103.84196, 93.943539,
16.276791, 104.64611, 5.3283844, 104.34243, 93.997601,
16.288950, 106.68713, 5.5372223, 104.86039, 94.050981,
16.301090, 112.02751, 5.8453959, 105.39341, 94.103566,
16.313240, 128.09145, 13.775878, 105.94158, 94.155493,
16.325380, 132.16903, 6.7178537, 106.50287, 94.206692,
16.337530, 128.81195, 4.3144610, 107.07701, 94.257255,
16.349670, 133.55148, 3.8732073, 107.66197, 94.307113,
16.361799, 139.97628, 4.0053421, 108.25647, 94.356272,
16.373940, 156.76715, 4.5771359, 108.86053, 94.404835,
16.386070, 166.57102, 4.7301845, 109.47198, 94.452728,
16.398211, 169.75032, 4.5797801, 110.09065, 94.500039,
16.410339, 168.11680, 4.7941713, 110.71438, 94.546694,
16.422461, 167.58957, 4.7211430, 111.34224, 94.592721,
16.434589, 166.91485, 5.5395717, 111.97392, 94.638188,
16.446711, 171.17697, 5.0872127, 112.60752, 94.683048,
16.458839, 168.54623, 4.8501185, 113.24274, 94.727366,
16.470961, 161.45455, 5.9992190, 113.87768, 94.771096,
16.483070, 152.05717, 4.6682401, 114.51105, 94.814237,
16.495190, 137.28910, 6.8816932, 115.14285, 94.856870,
16.500280, 161.59745, 4.4154609, 115.40736, 94.874620,
16.513599, 146.92837, 5.9007146, 116.09616, 94.920620,
16.526911, 141.39455, 3.4809004, 116.77872, 94.965969,
16.540211, 138.32220, 3.8992106, 117.45341, 95.010667,
16.553520, 136.18598, 3.7374806, 118.11981, 95.054797,
16.566820, 128.17928, 3.5180371, 118.77550, 95.098307,
16.580120, 135.30225, 3.8936745, 119.41948, 95.141239,
16.593420, 129.49855, 3.4032284, 120.05026, 95.183604,
16.606710, 133.32403, 3.7431492, 120.66590, 95.225384,
16.620001, 124.54549, 3.6258176, 121.26537, 95.266620,
16.633301, 124.63098, 3.7357220, 121.84754, 95.307352,
16.646589, 124.77842, 3.7133625, 122.40997, 95.347525,
16.659870, 119.29694, 4.2404319, 122.95132, 95.387162,
16.673149, 120.18130, 3.8130404, 123.47029, 95.426291,
16.686440, 121.39922, 3.6297927, 123.96579, 95.464961,
16.699711, 131.63109, 3.9172606, 124.43535, 95.503092,
16.712990, 126.44910, 3.9553342, 124.88067, 95.540773,
16.726271, 127.17887, 3.9353123, 125.30342, 95.577995,
16.739540, 126.41645, 3.9790923, 125.70503, 95.614731,
16.752810, 119.18089, 3.3110452, 126.08773, 95.651021,
16.766081, 120.84117, 3.2917097, 126.45340, 95.686882,
16.779341, 126.62767, 3.3499939, 126.80350, 95.722284,
16.792601, 128.22992, 3.5542928, 127.14014, 95.757269,
16.805870, 130.69435, 3.3704357, 127.46535, 95.791869,
16.819120, 128.17825, 2.9913133, 127.78022, 95.826019,
16.832380, 122.21826, 3.7529141, 128.08720, 95.859802,
16.845631, 128.12233, 2.9081150, 128.38763, 95.893176,
16.858891, 127.38297, 2.9380078, 128.68368, 95.926199,
16.872141, 128.56233, 3.0817783, 128.97670, 95.958830,
16.885380, 121.90540, 3.1421700, 129.26839, 95.991073,
16.898630, 124.11843, 2.9746104, 129.56101, 96.022993,
16.911869, 126.79775, 3.1291528, 129.85580, 96.054541,
16.925110, 128.46580, 2.9771542, 130.15481, 96.085757,
16.938351, 132.20305, 3.2693860, 130.45975, 96.116645,
16.951580, 131.03558, 3.1432926, 130.77210, 96.147184,
16.964821, 127.21605, 3.2317267, 131.09294, 96.177435,
16.978050, 135.55842, 3.6504416, 131.41889, 96.207354,
16.991270, 132.71915, 3.4731510, 131.74655, 96.236952,
17.004499, 145.34962, 3.7503676, 132.07298, 96.266278,
17.017719, 180.02863, 3.8981015, 132.39430, 96.295297,
17.030951, 416.66685, 6.3138255, 132.70757, 96.324063,
17.044161, 463.01030, 7.0695254, 133.00862, 96.352511,
17.057381, 208.27780, 4.7327550, 133.29473, 96.380714,
17.070601, 138.75982, 3.6582261, 133.56222, 96.408658,
17.083811, 140.84953, 3.4530561, 133.80747, 96.436329,
17.097019, 141.01917, 3.6565412, 134.02718, 96.463751,
17.110229, 139.59470, 3.4433800, 134.21792, 96.490937,
17.123430, 139.31953, 4.0593969, 134.37605, 96.517870,
17.136641, 131.45660, 5.0530195, 134.49827, 96.544595,
17.149839, 133.77088, 3.2998384, 134.58083, 96.571077,
17.163040, 126.82420, 3.6328586, 134.62027, 96.597347,
17.176229, 132.15070, 3.0518805, 134.61300, 96.623385,
17.189430, 134.20550, 3.1015671, 134.55536, 96.649243,
17.202620, 130.96693, 3.4324800, 134.44377, 96.674882,
17.215811, 130.82445, 4.8486197, 134.27444, 96.700332,
17.229000, 128.65093, 3.3694350, 134.04368, 96.725594,
17.242180, 135.82033, 3.5640708, 133.74789, 96.750657,
17.255369, 143.51898, 3.4191908, 133.38489, 96.775564,
17.268551, 129.85740, 4.5500048, 132.95840, 96.800288,
17.281719, 133.19723, 3.8346834, 132.47277, 96.824823,
17.294901, 134.64388, 3.8120526, 131.93097, 96.849225,
17.308069, 135.65105, 4.0222248, 131.33799, 96.873450,
17.321251, 134.69790, 3.8551002, 130.69653, 96.897553,
17.334410, 142.68826, 3.8883104, 130.01221, 96.921472,
17.347580, 140.19745, 4.4928094, 129.28711, 96.945275,
17.360750, 145.36803, 4.1954422, 128.52558, 96.968947,
17.373911, 134.98305, 4.7323954, 127.73196, 96.992475,
17.387070, 136.03780, 4.5225263, 126.90953, 97.015879,
17.400230, 130.27878, 5.1537032, 126.06175, 97.039170,
17.413380, 132.30375, 4.4897711, 125.19316, 97.062330,
17.426540, 137.80930, 4.7687888, 124.30593, 97.085404,
17.439690, 134.68122, 4.3511358, 123.40521, 97.108357,
17.452841, 127.66827, 4.2570568, 122.49374, 97.131217,
17.465981, 120.96920, 5.8382743, 121.57607, 97.153966,
17.479130, 121.95470, 4.9635125, 120.65433, 97.176645,
17.492270, 120.64200, 3.8969921, 119.73348, 97.199227,
17.505409, 118.99980, 4.0239351, 118.81644, 97.221732,
17.518551, 112.42670, 3.8805523, 117.90668, 97.244168,
17.531679, 120.61853, 4.6576693, 117.00885, 97.266514,
17.544821, 121.69120, 4.7808104, 116.12475, 97.288821,
17.557949, 111.17395, 3.8690722, 115.25978, 97.311047,
17.571079, 116.83392, 4.4849755, 114.41655, 97.333224,
17.584200, 116.51190, 4.5437187, 113.59943, 97.355336,
17.597330, 110.49175, 10.634098, 112.81088, 97.377421,
17.610451, 116.50466, 15.115119, 112.05534, 97.399451,
17.623569, 104.50359, 4.6499379, 111.33265, 97.421443,
17.636690, 109.63187, 5.6359900, 110.64158, 97.443408,
17.649799, 112.64686, 4.9463698, 109.98182, 97.465330,
17.662910, 107.91085, 4.9226512, 109.35169, 97.487234,
17.676029, 111.39281, 6.0373956, 108.75001, 97.509135,
17.689131, 114.47860, 6.2034252, 108.17695, 97.530995,
17.702240, 117.61473, 7.0624069, 107.63050, 97.552862,
17.715349, 115.51526, 6.1383922, 107.11011, 97.574726,
17.728451, 115.67179, 6.4711703, 106.61520, 97.596580,
17.741550, 109.25647, 6.3586337, 106.14469, 97.618438,
17.754641, 110.75184, 4.4402443, 105.69798, 97.640291,
17.767740, 118.44285, 4.5159352, 105.27363, 97.662176,
17.780830, 118.26160, 4.5100863, 104.87145, 97.684065,
17.793921, 107.69267, 4.4923164, 104.49035, 97.705979,
17.807011, 113.91390, 3.9563545, 104.12958, 97.727923,
17.820101, 115.01904, 3.9996508, 103.78839, 97.749901,
17.833179, 105.57229, 3.7591849, 103.46632, 97.771899,
17.846270, 107.06397, 3.9475105, 103.16209, 97.793959,
17.859341, 114.70040, 4.0314783, 102.87569, 97.816034,
17.872419, 104.22462, 4.1479194, 102.60583, 97.838175,
17.885500, 106.07140, 4.7252691, 102.35197, 97.860376,
17.898569, 116.64640, 4.9211787, 102.11368, 97.882620,
17.911640, 104.76872, 4.1604571, 101.89005, 97.904933,
17.924709, 108.45887, 4.4602590, 101.68051, 97.927313,
17.937780, 108.48335, 6.9481509, 101.48436, 97.949773,
17.941250, 107.58861, 6.9293115, 101.43447, 97.955748,
17.955721, 105.49853, 4.0808715, 101.23585, 97.980731,
17.970181, 103.30961, 3.5086092, 101.05203, 98.005801,
17.984650, 107.37283, 3.8666313, 100.88193, 98.031000,
17.999109, 95.847950, 3.9361225, 100.72497, 98.056302,
18.013571, 102.56775, 3.7136748, 100.58024, 98.081734,
18.028021, 105.33514, 3.5448389, 100.44706, 98.107277,
18.042480, 112.07090, 3.7282759, 100.32449, 98.132976,
18.056931, 96.638971, 3.3942879, 100.21192, 98.158803,
18.071381, 99.560053, 3.4399208, 100.10852, 98.184783,
18.085819, 98.040682, 3.5177616, 100.01363, 98.210900,
18.100269, 101.35936, 4.2049123, 99.926362, 98.237205,
18.114710, 94.479361, 4.6060419, 99.846184, 98.263664,
18.129150, 106.41958, 5.3186344, 99.772607, 98.290302,
18.143579, 106.73419, 65.511740, 99.705313, 98.317106,
18.158020, 107.75372, 5.3023974, 99.643833, 98.344124,
18.172449, 100.52061, 4.0989768, 99.587907, 98.371321,
18.186880, 96.677450, 4.1784466, 99.537126, 98.398729,
18.201300, 102.50895, 3.6432238, 99.491185, 98.426330,
18.215719, 96.044210, 3.5636397, 99.449699, 98.454152,
18.230150, 102.24495, 3.3455678, 99.412302, 98.482226,
18.244560, 102.64958, 2.9953467, 99.378738, 98.510496,
18.258980, 92.785940, 3.1666488, 99.348603, 98.539028,
18.273390, 99.657469, 3.5715920, 99.321606, 98.567793,
18.287800, 102.19277, 3.6378794, 99.297402, 98.596817,
18.302210, 97.860691, 3.2165668, 99.275670, 98.626109,
18.316620, 99.501621, 3.4756015, 99.256087, 98.655675,
18.331020, 102.29775, 3.2328448, 99.238348, 98.685504,
18.345421, 100.85402, 3.4251442, 99.222123, 98.715624,
18.359819, 101.67945, 3.4965341, 99.207098, 98.746038,
18.374210, 101.30935, 3.7358744, 99.192966, 98.776743,
18.388611, 100.00599, 4.4200943, 99.179396, 98.807784,
18.403000, 108.40109, 8.0538892, 99.166097, 98.839124,
18.417379, 99.175932, 4.0778170, 99.152755, 98.870776,
18.431770, 99.875237, 4.5562166, 99.139039, 98.902793,
18.446150, 99.468998, 3.8054975, 99.124660, 98.935134,
18.460529, 105.38026, 4.5980296, 99.109295, 98.967833,
18.474911, 100.44757, 3.6999212, 99.092629, 99.000904,
18.489281, 101.46889, 3.9936652, 99.074365, 99.034325,
18.503660, 97.197132, 3.1814001, 99.054164, 99.068153,
18.518030, 95.487886, 2.9259361, 99.031899, 99.102335,
18.532391, 99.915936, 3.1161955, 99.007734, 99.136826,
18.546761, 102.68844, 2.9588902, 98.981827, 99.171624,
18.561119, 102.56774, 3.4451935, 98.954407, 99.206630,
18.575480, 112.91319, 3.9348579, 98.925639, 99.241827,
18.589840, 97.780386, 3.6469287, 98.895713, 99.277165,
18.604191, 104.93098, 3.8353088, 98.864836, 99.312571,
18.618549, 111.45720, 3.6248465, 98.833157, 99.348041,
18.632900, 104.22482, 3.2031031, 98.800895, 99.383489,
18.647240, 102.76064, 3.8638139, 98.768242, 99.418857,
18.661591, 104.59900, 3.9775199, 98.735331, 99.454156,
18.675930, 100.95013, 3.8127444, 98.702396, 99.489281,
18.690269, 97.896315, 4.5381797, 98.669594, 99.524213,
18.704611, 108.93517, 4.8546060, 98.637105, 99.558909,
18.718941, 108.40762, 4.3666418, 98.605140, 99.593288,
18.733271, 105.87633, 4.4783946, 98.573857, 99.627332,
18.747601, 106.00709, 4.0757537, 98.543441, 99.660992,
18.761930, 113.51918, 4.1608437, 98.514075, 99.694221,
18.776260, 109.58598, 4.5208871, 98.485946, 99.726970,
18.790581, 100.65410, 3.6890162, 98.459258, 99.759169,
18.804899, 102.49026, 3.5225089, 98.434181, 99.790789,
18.819220, 107.14889, 3.3652017, 98.410899, 99.821789,
18.833530, 106.96867, 3.4436648, 98.389618, 99.852095,
18.847839, 101.54459, 3.4753402, 98.370517, 99.881677,
18.862150, 110.08094, 4.8762535, 98.353785, 99.910492,
18.876459, 106.31036, 4.9748197, 98.339622, 99.938484,
18.890770, 112.02914, 4.2194046, 98.328222, 99.965610,
18.905069, 109.63089, 4.1156394, 98.319794, 99.991796,
18.919371, 109.96784, 4.3277643, 98.314528, 100.01702,
18.933670, 108.08205, 4.5879087, 98.312633, 100.04122,
18.947960, 110.67137, 4.6465802, 98.314313, 100.06433,
18.962250, 107.49282, 4.8658162, 98.319776, 100.08633,
18.976540, 116.48500, 5.6469182, 98.329238, 100.10715,
18.990829, 97.940237, 5.5308978, 98.342915, 100.12675,
19.005119, 104.75217, 5.4971322, 98.361030, 100.14507,
19.019400, 99.979214, 5.7148569, 98.383791, 100.16206,
19.033680, 104.37466, 4.2051266, 98.411436, 100.17767,
19.047960, 99.615704, 4.3180459, 98.444201, 100.19184,
19.062229, 105.33780, 4.5406202, 98.482289, 100.20451,
19.076500, 103.89757, 5.2155158, 98.525972, 100.21565,
19.090771, 93.548819, 4.5169679, 98.575493, 100.22519,
19.105040, 102.64358, 4.4613332, 98.631096, 100.23308,
19.119310, 113.18551, 5.0925542, 98.693052, 100.23926,
19.133570, 108.60127, 5.2201142, 98.761558, 100.24368,
19.147829, 103.15276, 8.5537912, 98.836931, 100.24628,
19.162090, 109.12121, 5.1668355, 98.919455, 100.24700,
19.176340, 105.42019, 5.5660755, 99.009325, 100.24578,
19.190599, 106.49079, 5.5973272, 99.106957, 100.24258,
19.204849, 102.07582, 7.3039307, 99.212515, 100.23732,
19.219101, 116.71332, 6.8111055, 99.326374, 100.22995,
19.233339, 110.52931, 5.4598957, 99.448711, 100.22041,
19.247580, 99.634237, 5.5300661, 99.579958, 100.20864,
19.261820, 91.546925, 6.0994666, 99.720421, 100.19458,
19.276060, 100.03495, 6.7296256, 99.870429, 100.17815,
19.290300, 104.38271, 8.4699238, 100.03032, 100.15931,
19.304529, 100.59745, 6.5924610, 100.20029, 100.13799,
19.318760, 98.296713, 6.0870017, 100.38086, 100.11412,
19.332991, 100.13806, 6.2911486, 100.57236, 100.08764,
19.347219, 99.671429, 6.0830489, 100.77513, 100.05847,
19.361441, 94.906237, 5.7199257, 100.98946, 100.02657,
19.375660, 110.46830, 7.6957738, 101.21583, 99.991850,
19.389879, 92.289162, 5.6325088, 101.45465, 99.954245,
19.404100, 105.78642, 6.7699488, 101.70638, 99.913675,
19.418310, 125.30972, 9.7849534, 101.97119, 99.870108,
19.432520, 119.53687, 8.1972883, 102.24971, 99.823439,
