# wave, flux, fluxerr, continuum, continuum_plateau
9.9725246, 143.53900, 3.3196535, 170.58056, 170.43921,
9.9806166, 147.73785, 3.2484256, 168.96952, 168.85113,
9.9887066, 144.46690, 3.1179044, 167.40833, 167.31017,
9.9967957, 149.17895, 2.9657274, 165.89610, 165.81565,
10.004880, 148.15128, 3.1941897, 164.43281, 164.36775,
10.012970, 149.23722, 3.1762130, 163.01592, 162.96413,
10.021050, 146.96400, 2.7544346, 161.64743, 161.60694,
10.029140, 147.60190, 2.9193293, 160.32348, 160.29254,
10.037220, 150.59140, 3.4562523, 159.04672, 159.02370,
10.045300, 158.85420, 2.9714403, 157.81479, 157.79826,
10.053380, 147.05400, 2.9178347, 156.62698, 156.61564,
10.061460, 148.10955, 3.0902175, 155.48299, 155.47567,
10.069540, 151.23975, 3.1150912, 154.38197, 154.37767,
10.077610, 150.57035, 2.9348773, 153.32486, 153.32268,
10.085690, 154.88865, 2.9706496, 152.30849, 152.30765,
10.093760, 148.02643, 3.4901946, 151.33473, 151.33458,
10.101830, 149.74923, 2.9005108, 150.40183, 150.40182,
10.109900, 151.81590, 2.6925218, 149.50919, 149.50886,
10.117970, 147.40347, 2.8267082, 148.65652, 148.65552,
10.126040, 148.17665, 2.9451951, 147.84323, 147.84128,
10.134100, 145.47598, 2.6307059, 147.06984, 147.06674,
10.142170, 148.68563, 2.9745521, 146.33386, 146.32949,
10.150230, 141.75652, 2.8202496, 145.63669, 145.63098,
10.158300, 136.56182, 2.5828015, 144.97622, 144.96919,
10.166360, 137.05860, 2.7551816, 144.35367, 144.34537,
10.174420, 139.43172, 3.3643670, 143.76767, 143.75819,
10.182470, 145.83410, 4.0649522, 143.21858, 143.20807,
10.190530, 135.56182, 3.1804295, 142.70462, 142.69325,
10.198590, 134.58843, 2.9969661, 142.22603, 142.21401,
10.206640, 136.02145, 3.0169634, 141.78304, 141.77060,
10.214690, 141.52992, 3.0754277, 141.37465, 141.36203,
10.222750, 142.80468, 3.1334625, 141.00007, 140.98753,
10.230800, 142.22328, 3.1376342, 140.65984, 140.64764,
10.238850, 138.34433, 3.0539596, 140.35316, 140.34156,
10.246890, 140.08905, 3.1756234, 140.08000, 140.06926,
10.254940, 137.68832, 2.9012791, 139.83940, 139.82976,
10.262990, 134.03480, 3.9277342, 139.63138, 139.62307,
10.271030, 138.75753, 3.2235771, 139.45585, 139.44907,
10.279070, 141.13770, 3.4051664, 139.31224, 139.30718,
10.287120, 129.37605, 3.5636217, 139.20014, 139.19694,
10.295150, 136.69065, 3.3330159, 139.11963, 139.11840,
10.303190, 144.22713, 3.1962458, 139.07010, 139.07092,
10.311230, 143.63875, 3.7564700, 139.05219, 139.05508,
10.319270, 143.22770, 3.1917403, 139.06734, 139.07231,
10.327300, 138.76380, 2.9139961, 139.11701, 139.12406,
10.335340, 130.21997, 3.4829746, 139.20287, 139.21196,
10.343370, 139.86787, 2.9117417, 139.32627, 139.33734,
10.351400, 142.15415, 3.5955151, 139.48884, 139.50176,
10.359430, 137.13293, 3.0138000, 139.69216, 139.70678,
10.367460, 140.39272, 2.7485465, 139.93781, 139.95391,
10.375480, 121.97983, 3.9254371, 140.22699, 140.24428,
10.383510, 136.99375, 3.6763873, 140.56204, 140.58020,
10.391530, 127.95438, 4.2128651, 140.94377, 140.96236,
10.399560, 127.96347, 2.7198732, 141.37471, 141.39323,
10.407580, 142.03643, 2.6504096, 141.85548, 141.87334,
10.415600, 138.16092, 2.7334521, 142.38815, 142.40465,
10.423620, 141.63298, 2.7311559, 142.97452, 142.98885,
10.431640, 140.66138, 2.7912293, 143.61612, 143.62737,
10.439650, 142.96843, 2.8468373, 144.31387, 144.32098,
10.447670, 144.30248, 2.7204113, 145.07122, 145.07301,
10.455680, 146.39190, 2.7367931, 145.88771, 145.88287,
10.463700, 150.82653, 2.5786827, 146.76479, 146.75207,
10.471710, 142.68940, 2.7882754, 147.69826, 147.67661,
10.479720, 141.73755, 2.8705747, 148.68732, 148.65583,
10.487730, 146.77280, 2.7543513, 149.73006, 149.68800,
10.495730, 142.03852, 2.7478549, 150.82328, 150.77006,
10.503740, 150.86222, 3.3199026, 151.96770, 151.90286,
10.511750, 152.20858, 3.0567846, 153.16020, 153.08342,
10.519750, 145.70445, 3.0337110, 154.39729, 154.30838,
10.527750, 158.28598, 3.4483344, 155.67883, 155.57771,
10.535750, 147.64538, 3.8556503, 157.00286, 156.88957,
10.543750, 152.32935, 3.6136466, 158.36743, 158.24208,
10.551750, 165.17525, 4.1864860, 159.77106, 159.63388,
10.559750, 164.05435, 3.9958956, 161.21164, 161.06296,
10.567850, 168.43630, 3.0348837, 162.70645, 162.54651,
10.576350, 173.94432, 2.9958264, 164.31199, 164.14075,
10.584840, 176.29980, 3.0347176, 165.95128, 165.76938,
10.593340, 186.23125, 2.7415416, 167.62631, 167.43443,
10.601830, 180.79395, 2.8356432, 169.33086, 169.12979,
10.610330, 179.97485, 2.9539250, 171.06710, 170.85765,
10.618820, 192.25610, 3.0497742, 172.82887, 172.61195,
10.627310, 188.81015, 2.7861440, 174.61586, 174.39243,
10.635800, 182.56747, 2.7767349, 176.42646, 176.19751,
10.644280, 191.17803, 3.0342620, 178.25614, 178.02273,
10.652770, 190.83313, 2.9359112, 180.10723, 179.87044,
10.661250, 190.46010, 2.9028134, 181.97354, 181.73451,
10.669740, 187.16977, 3.0812299, 183.85726, 183.61717,
10.678220, 192.36132, 3.0879196, 185.75218, 185.51222,
10.686700, 194.36702, 3.0114402, 187.65840, 187.41981,
10.695180, 196.29283, 3.0304690, 189.57394, 189.33798,
10.703650, 204.09822, 3.2046873, 191.49465, 191.26260,
10.712130, 207.69725, 3.2224505, 193.42264, 193.19583,
10.720600, 215.86497, 3.1986027, 195.35204, 195.13181,
10.729080, 213.55378, 3.0805822, 197.28500, 197.07273,
10.737550, 220.47728, 3.2689610, 199.21498, 199.01205,
10.746020, 219.60972, 3.1723644, 201.14262, 200.95045,
10.754490, 218.63643, 3.0599122, 203.06549, 202.88554,
10.762960, 218.16797, 3.1076315, 204.98207, 204.81580,
10.771420, 221.76882, 3.4694184, 206.88758, 206.73648,
10.779890, 223.23033, 3.5323228, 208.78521, 208.65082,
10.788350, 225.55475, 3.1640361, 210.66805, 210.55193,
10.796810, 222.23158, 3.3447125, 212.53649, 212.44023,
10.805270, 227.32010, 3.6290779, 214.38854, 214.31378,
10.813730, 216.93637, 3.6115586, 216.22220, 216.17062,
10.822190, 215.28658, 3.2626946, 218.03549, 218.00882,
10.830650, 219.33823, 3.4508861, 219.82641, 219.82641,
10.839100, 223.46333, 3.7998758, 221.59116, 221.61959,
10.847560, 224.10752, 3.4199165, 223.33413, 223.39270,
10.856010, 229.03162, 3.6267763, 225.05158, 225.14178,
10.864460, 236.16988, 3.7985314, 226.74568, 226.86889,
10.872910, 239.73818, 3.8624358, 228.41701, 228.57447,
10.881360, 251.67980, 3.8319151, 230.06610, 230.25894,
10.889800, 252.80635, 3.9644614, 231.69114, 231.92029,
10.898250, 248.09355, 4.1996876, 233.29634, 233.56270,
10.906690, 258.74227, 4.8397066, 234.87842, 235.18269,
10.915140, 262.34803, 4.7407517, 236.44147, 236.78432,
10.923580, 286.61963, 5.3734081, 237.98195, 238.36384,
10.932020, 303.52341, 5.2221207, 239.50214, 239.92348,
10.940460, 297.58347, 5.0673019, 241.00236, 241.46345,
10.948890, 310.02093, 5.3386495, 242.48111, 242.98209,
10.957330, 309.31355, 5.2707661, 243.94236, 244.48339,
10.965760, 335.47580, 4.5969130, 245.38296, 245.96400,
10.974200, 373.99197, 5.2692533, 246.80646, 247.42747,
10.982630, 418.73110, 4.8927523, 248.20978, 248.87055,
10.991060, 465.02490, 4.7999450, 249.59515, 250.29542,
10.999490, 451.77305, 4.6444880, 250.96252, 251.70197,
11.007920, 447.13258, 4.6173910, 252.31249, 253.09071,
11.016340, 447.31105, 3.8383941, 253.64353, 254.45998,
11.024770, 445.24920, 4.7411967, 254.95906, 255.81324,
11.033190, 438.90612, 5.2091165, 256.25636, 257.14763,
11.041610, 435.51743, 4.1562418, 257.53720, 258.46486,
11.050030, 417.17880, 4.1861404, 258.80182, 259.76512,
11.058450, 421.31553, 4.3627006, 260.05046, 261.04862,
11.066870, 399.31140, 4.6103666, 261.28336, 262.31551,
11.075290, 406.54527, 4.4735664, 262.50075, 263.56600,
11.083700, 412.82977, 4.3888112, 263.70152, 264.79887,
11.092120, 403.64807, 4.5516799, 264.88862, 266.01708,
11.100530, 425.49252, 5.3852302, 266.05943, 267.21794,
11.108940, 436.13732, 4.9997937, 267.21579, 268.40326,
11.117350, 442.27275, 8.1504769, 268.35766, 269.57295,
11.120570, 478.65838, 4.9823842, 268.79120, 270.01683,
11.129530, 485.35253, 4.7486877, 269.98649, 271.24000,
11.138500, 514.95782, 4.8107594, 271.16742, 272.44745,
11.147460, 570.78676, 5.2583889, 272.33144, 273.63656,
11.156430, 660.40739, 5.6125316, 273.48154, 274.81031,
11.165390, 765.76872, 5.8017659, 274.61523, 275.96614,
11.174350, 907.90941, 6.1267206, 275.73410, 277.10564,
11.183300, 1077.2543, 6.9655955, 276.83719, 278.22781,
11.192260, 1276.0700, 7.5529444, 277.92707, 279.33522,
11.201220, 1395.3662, 7.5495515, 279.00276, 280.42687,
11.210170, 1402.2343, 7.4722813, 280.06333, 281.50179,
11.219120, 1443.0350, 7.9505139, 281.11014, 282.56133,
11.228070, 1454.0262, 8.0844078, 282.14338, 283.60569,
11.237020, 1447.0385, 7.5469514, 283.16313, 284.63491,
11.245970, 1439.0795, 7.6216409, 284.16978, 285.64941,
11.254920, 1417.6420, 7.8569479, 285.16341, 286.64924,
11.263860, 1411.1898, 7.8685970, 286.14304, 287.63342,
11.272800, 1349.4125, 7.3813884, 287.11012, 288.60341,
11.281750, 1299.7243, 7.3363469, 288.06562, 289.56018,
11.290690, 1243.3668, 7.4665751, 289.00786, 290.50206,
11.299630, 1188.1015, 7.3093291, 289.93783, 291.43004,
11.308560, 1137.5345, 6.9233573, 290.85480, 292.34341,
11.317500, 1076.1730, 6.7911987, 291.76088, 293.24428,
11.326430, 1035.6608, 6.9195442, 292.65428, 294.13088,
11.335370, 976.68343, 6.5837591, 293.53704, 295.00527,
11.344300, 917.46077, 6.1628113, 294.40742, 295.86573,
11.353230, 875.65810, 6.0247923, 295.26650, 296.71335,
11.362160, 845.66853, 6.1926593, 296.11431, 297.54820,
11.371080, 804.66217, 5.9285147, 296.95028, 298.36973,
11.380010, 779.66025, 5.6541770, 297.77611, 299.17966,
11.388930, 740.64705, 5.5307324, 298.59036, 299.97658,
11.397850, 716.96176, 5.6777974, 299.39384, 300.76134,
11.406780, 689.57838, 5.5147838, 300.18767, 301.53506,
11.415700, 654.41948, 5.1464313, 300.97009, 302.29607,
11.424610, 627.88087, 5.1452440, 301.74132, 303.04462,
11.433530, 624.01619, 5.3744112, 302.50312, 303.78245,
11.442450, 602.49355, 5.2404018, 303.25474, 304.50890,
11.451360, 566.75484, 4.9131747, 303.99548, 305.22332,
11.460270, 552.99756, 4.9363825, 304.72625, 305.92664,
11.469180, 547.94978, 5.1130359, 305.44712, 306.61899,
11.478090, 527.71337, 5.0512913, 306.15818, 307.30049,
11.487000, 509.00687, 4.7587677, 306.85950, 307.97126,
11.495910, 490.48780, 4.8934059, 307.55109, 308.63138,
11.504810, 479.53003, 4.9656360, 308.23242, 309.28040,
11.513710, 465.04103, 4.9829192, 308.90419, 309.91902,
11.522620, 454.75737, 4.7422929, 309.56728, 310.54817,
11.531520, 445.80745, 4.8194245, 310.22021, 311.16649,
11.540420, 440.44210, 4.9989032, 310.86381, 311.77485,
11.549310, 425.22531, 5.0603750, 311.49747, 312.37271,
11.558210, 432.64838, 4.9438102, 312.12267, 312.96154,
11.567100, 426.40736, 5.0064032, 312.73790, 313.54000,
11.576000, 426.30328, 10.501546, 313.34480, 314.10970,
11.584890, 403.02485, 5.2243739, 313.94191, 314.66935,
11.593780, 402.59975, 5.2656119, 314.52994, 315.21966,
11.602670, 388.16208, 5.1036408, 315.10903, 315.76086,
11.611560, 379.72739, 5.4455003, 315.67917, 316.29301,
11.620440, 367.95645, 5.4191126, 316.23972, 316.81559,
11.629330, 360.84064, 5.4198688, 316.79203, 317.32995,
11.638210, 357.28565, 5.3564502, 317.33488, 317.83503,
11.647090, 355.79742, 5.6803640, 317.86883, 318.33142,
11.655970, 335.11938, 5.7408147, 318.39396, 318.81930,
11.664850, 351.50123, 4.6446757, 318.91034, 319.29880,
11.673730, 352.44382, 3.8160717, 319.41786, 319.76993,
11.682600, 350.40881, 4.0477583, 319.91606, 320.23233,
11.691480, 342.87513, 4.2129874, 320.40602, 320.68711,
11.700350, 341.94550, 4.6032723, 320.88669, 321.13338,
11.709220, 341.15817, 4.0755365, 321.35859, 321.57171,
11.718090, 332.63057, 4.2583046, 321.82172, 322.00222,
11.726960, 329.41785, 4.3697051, 322.27609, 322.42498,
11.735830, 340.59998, 6.9023231, 322.72167, 322.84009,
11.744690, 340.14930, 5.3474064, 323.15794, 323.24717,
11.753560, 333.99595, 5.2402288, 323.58592, 323.64725,
11.762420, 320.00910, 5.2436931, 324.00459, 324.03949,
11.771280, 320.58589, 7.1956910, 324.41447, 324.42448,
11.775020, 324.57864, 4.0563119, 324.58479, 324.58479,
11.784500, 328.41138, 4.1482810, 325.00953, 324.98548,
11.793980, 329.33894, 4.0973850, 325.42397, 325.37775,
11.803460, 337.63640, 4.4619750, 325.82812, 325.76149,
11.812940, 333.86890, 3.8625442, 326.22179, 326.13643,
11.822420, 338.33197, 4.1503317, 326.60495, 326.50248,
11.831890, 336.18806, 4.0149510, 326.97704, 326.85900,
11.841360, 348.43168, 4.3884719, 327.33839, 327.20623,
11.850840, 353.11852, 3.8705684, 327.68922, 327.54431,
11.860310, 352.15980, 3.9759237, 328.02870, 327.87236,
11.869770, 361.17403, 4.0288049, 328.35674, 328.19023,
11.879240, 367.80717, 3.9383082, 328.67387, 328.49835,
11.888710, 364.67157, 3.8061945, 328.97962, 328.79621,
11.898170, 366.50940, 3.8998569, 329.27357, 329.08333,
11.907630, 374.84017, 4.0078450, 329.55585, 329.35978,
11.917090, 376.66306, 4.0369681, 329.82638, 329.62542,
11.926550, 378.12367, 4.5725345, 330.08494, 329.87999,
11.936010, 380.60790, 3.8883715, 330.33144, 330.12334,
11.945470, 386.06013, 3.9668039, 330.56566, 330.35522,
11.954920, 385.28040, 3.9260262, 330.78724, 330.57523,
11.964370, 379.81880, 4.2712029, 330.99627, 330.78340,
11.973830, 382.27879, 3.7366868, 331.19277, 330.97973,
11.983280, 395.99948, 3.9382244, 331.37613, 331.16357,
11.992720, 396.01460, 3.8976373, 331.54620, 331.33475,
12.002170, 396.57668, 3.8149558, 331.70319, 331.49344,
12.011610, 379.21713, 3.7249867, 331.84655, 331.63908,
12.021060, 376.45518, 3.8409444, 331.97638, 331.77175,
12.030500, 378.08707, 3.8475480, 332.09221, 331.89095,
12.039940, 381.28362, 3.7999784, 332.19396, 331.99659,
12.049380, 375.74300, 3.6972322, 332.28144, 332.08848,
12.058820, 368.75048, 3.8014862, 332.35441, 332.16636,
12.068250, 371.67013, 3.8950871, 332.41260, 332.22995,
12.077690, 367.10422, 3.8252718, 332.45590, 332.27917,
12.087120, 359.88325, 3.6680934, 332.48398, 332.31367,
12.096550, 360.59753, 3.8011440, 332.49665, 332.33327,
12.105980, 354.27805, 3.8844485, 332.49367, 332.33774,
12.115410, 347.19218, 3.7854459, 332.47478, 332.32684,
12.124830, 344.52387, 3.6965814, 332.43977, 332.30037,
12.134260, 345.79517, 3.8017193, 332.38829, 332.25801,
12.143680, 348.68875, 3.9703571, 332.32020, 332.19963,
12.153100, 346.32063, 3.9851534, 332.23515, 332.12493,
12.162520, 349.09365, 4.4585545, 332.13287, 332.03365,
12.171940, 334.03395, 3.8573500, 332.01307, 331.92556,
12.181360, 343.47652, 4.0728081, 331.87545, 331.80039,
12.190770, 338.03852, 4.0957881, 331.71988, 331.65804,
12.200180, 341.40773, 4.0575702, 331.54592, 331.49814,
12.209600, 332.59513, 3.9918203, 331.35302, 331.32021,
12.219010, 320.29680, 4.0905066, 331.14129, 331.12438,
12.228420, 332.54041, 4.2676191, 330.91019, 330.91019,
12.237820, 334.05700, 4.2778167, 330.65981, 330.67774,
12.247230, 335.06163, 4.2783459, 330.38985, 330.42671,
12.256630, 352.24938, 4.4915868, 330.10130, 330.15790,
12.266040, 444.84870, 5.1718424, 329.79395, 329.87106,
12.275440, 885.28117, 7.3869190, 329.46881, 329.56704,
12.284840, 856.28444, 7.1621859, 329.12598, 329.24588,
12.294230, 451.95505, 5.2567996, 328.76615, 328.90813,
12.303630, 363.59583, 5.5785006, 328.38902, 328.55345,
12.313030, 365.70721, 5.5193042, 327.99522, 328.18237,
12.322420, 365.68806, 5.9987119, 327.58561, 327.79563,
12.331810, 362.90873, 4.0151757, 327.16009, 327.39309,
12.341200, 366.08505, 3.3901518, 326.71901, 326.97501,
12.350590, 381.24073, 3.6217468, 326.26269, 326.54165,
12.359980, 386.88543, 3.7919772, 325.79147, 326.09326,
12.369360, 393.62015, 3.9706375, 325.30615, 325.63057,
12.378750, 391.73712, 3.9445558, 324.80607, 325.15291,
12.388130, 393.22650, 4.1290744, 324.29255, 324.66147,
12.397510, 395.12106, 4.0632017, 323.76545, 324.15610,
12.406890, 394.05791, 4.2469289, 323.22495, 323.63692,
12.416270, 402.25942, 4.0225096, 322.67140, 323.10423,
12.425640, 403.04512, 3.9872052, 322.10573, 322.55889,
12.435020, 401.36700, 4.0418835, 321.52695, 321.99991,
12.444390, 407.53799, 4.1029411, 320.93664, 321.42879,
12.453760, 404.99669, 4.1891496, 320.33442, 320.84513,
12.463130, 408.77650, 4.2823977, 319.72057, 320.24917,
12.472500, 419.98273, 4.7169995, 319.09535, 319.64115,
12.481870, 425.73822, 5.3533766, 318.45902, 319.02127,
12.489420, 429.44659, 4.5560044, 317.93834, 318.51332,
12.499490, 440.50688, 4.8300601, 317.23317, 317.82431,
12.509550, 453.94085, 4.5872171, 316.51669, 317.12305,
12.519610, 455.22143, 4.4279759, 315.78852, 316.40915,
12.529670, 455.63117, 4.4077379, 315.04905, 315.68297,
12.539730, 465.76090, 4.6078179, 314.29842, 314.94462,
12.549780, 473.08705, 5.4890192, 313.53779, 314.19524,
12.559840, 484.24383, 4.5156323, 312.76585, 313.43352,
12.569890, 485.22363, 4.4157483, 311.98449, 312.66132,
12.579940, 478.84250, 4.5032042, 311.19317, 311.87811,
12.589990, 500.27538, 4.5972917, 310.39218, 311.08415,
12.600040, 500.42165, 4.4846796, 309.58169, 310.27962,
12.610090, 515.08881, 4.4387429, 308.76211, 309.46492,
12.620130, 518.33856, 4.6934247, 307.93450, 308.64111,
12.630170, 532.48088, 4.6257485, 307.09818, 307.80750,
12.640210, 551.68593, 4.6885489, 306.25347, 306.96442,
12.650250, 536.85252, 4.4115042, 305.40061, 306.11213,
12.660290, 541.14815, 4.4247312, 304.53993, 305.25095,
12.670330, 550.73032, 4.5046771, 303.67151, 304.38096,
12.680360, 568.11795, 4.6695226, 302.79656, 303.50341,
12.690390, 590.92566, 4.5618120, 301.91443, 302.61763,
12.700420, 609.97807, 4.5884674, 301.02525, 301.72378,
12.710450, 610.63737, 6.5201938, 300.12942, 300.82227,
12.720480, 617.35944, 4.7604377, 299.22706, 299.91325,
12.730500, 625.13522, 5.2422795, 298.31927, 298.99782,
12.740530, 627.81725, 4.6761211, 297.40454, 298.07449,
12.750550, 603.89380, 4.4946752, 296.48481, 297.14524,
12.760570, 614.60640, 4.6015960, 295.55951, 296.20951,
12.770590, 608.70303, 4.6111373, 294.62868, 295.26736,
12.780610, 613.09547, 4.5683486, 293.69261, 294.31911,
12.790620, 595.33788, 5.2193663, 292.75249, 293.36599,
12.800640, 578.64969, 4.4369426, 291.80655, 292.40621,
12.810650, 582.67662, 4.5190997, 290.85696, 291.44203,
12.820660, 556.97433, 4.4263124, 289.90294, 290.47266,
12.830670, 518.20650, 4.1327555, 288.94458, 289.49824,
12.840680, 492.28478, 4.0574157, 287.98226, 288.51916,
12.850680, 459.25999, 4.0245309, 287.01701, 287.53651,
12.860690, 427.91631, 4.0277064, 286.04717, 286.54862,
12.870690, 411.05205, 3.8060450, 285.07477, 285.55760,
12.880690, 388.19240, 3.6594560, 284.09917, 284.56283,
12.890690, 365.82784, 3.6379235, 283.12036, 283.56433,
12.900680, 358.02823, 3.6873269, 282.13966, 282.56346,
12.910680, 346.99350, 3.6663282, 281.15519, 281.55835,
12.920670, 328.04868, 3.5492930, 280.16918, 280.55132,
12.930670, 322.52718, 3.4886317, 279.17975, 279.54047,
12.940660, 317.76311, 3.6283383, 278.18906, 278.52804,
12.950640, 317.29124, 3.7116117, 277.19747, 277.51444,
12.960630, 303.60638, 3.5352167, 276.20289, 276.49756,
12.970620, 299.50964, 3.5078208, 275.20672, 275.47888,
12.980600, 290.99812, 3.5890143, 274.21000, 274.45949,
12.990580, 286.83313, 3.6756131, 273.21205, 273.43872,
13.000560, 288.77248, 3.6849218, 272.21284, 272.41660,
13.010540, 285.32260, 3.6567228, 271.21264, 271.39342,
13.020520, 284.88197, 3.6126521, 270.21162, 270.36942,
13.030490, 272.19660, 3.7361197, 269.21101, 269.34586,
13.040470, 273.66245, 3.9519515, 268.20887, 268.32082,
13.050440, 270.49210, 3.9766173, 267.20748, 267.29666,
13.060410, 270.33555, 3.8208401, 266.20595, 266.27251,
13.070380, 269.28442, 3.7841949, 265.20436, 265.24848,
13.080350, 260.31263, 4.1823235, 264.20307, 264.22498,
13.090310, 261.47176, 4.0220799, 263.20311, 263.20311,
13.100280, 260.49762, 4.0797648, 262.20272, 262.18110,
13.110240, 264.44912, 4.0230417, 261.20394, 261.16104,
13.120200, 262.46095, 4.1686711, 260.20592, 260.14209,
13.130160, 270.48915, 4.5702038, 259.20875, 259.12437,
13.140110, 264.02588, 3.5076294, 258.21359, 258.10907,
13.150070, 264.82862, 2.8463669, 257.21846, 257.09418,
13.160020, 261.99268, 2.9070999, 256.22555, 256.08196,
13.169980, 259.75510, 3.0365469, 255.23287, 255.07041,
13.179930, 264.74728, 3.1523105, 254.24264, 254.06177,
13.189870, 264.49550, 3.3643302, 253.25485, 253.05608,
13.199820, 264.29543, 3.2224662, 252.26772, 252.05153,
13.209770, 256.79153, 3.2973395, 251.28222, 251.04911,
13.219710, 258.40223, 3.1242595, 250.29958, 250.05011,
13.229650, 251.81732, 3.3727126, 249.31896, 249.05369,
13.239590, 247.67045, 3.4545983, 248.34031, 248.05979,
13.249530, 251.88542, 3.1626056, 247.36381, 247.06862,
13.259470, 248.98996, 3.1739839, 246.38958, 246.08032,
13.269410, 258.21247, 3.6414434, 245.41775, 245.09502,
13.279340, 253.69449, 3.9067902, 244.44943, 244.11388,
13.289270, 253.56255, 4.0340333, 243.48364, 243.13589,
13.299200, 259.82746, 3.9627611, 242.52067, 242.16138,
13.309130, 249.16253, 4.2416095, 241.56055, 241.19039,
13.318260, 254.45705, 3.1983213, 240.68033, 240.30075,
13.328980, 251.32850, 3.1081811, 239.65017, 239.26028,
13.339690, 247.79603, 3.0922124, 238.62475, 238.22538,
13.350400, 241.05823, 3.1005210, 237.60323, 237.19519,
13.361120, 247.61752, 3.1175146, 236.58476, 236.16888,
13.371830, 251.21298, 2.9662637, 235.57150, 235.14862,
13.382530, 243.97690, 2.8954172, 234.56350, 234.13449,
13.393240, 252.40330, 3.0540620, 233.55913, 233.12484,
13.403940, 255.23290, 3.1370506, 232.56034, 232.12165,
13.414650, 254.82827, 3.3545231, 231.56553, 231.12330,
13.425350, 250.21700, 2.9368332, 230.57663, 230.13175,
13.436050, 255.81268, 2.9198646, 229.59292, 229.14626,
13.446740, 251.22447, 2.9537569, 228.61554, 228.16799,
13.457440, 259.49270, 3.0920486, 227.64274, 227.19519,
13.468130, 267.13100, 2.9801160, 226.67662, 226.22994,
13.478830, 269.15693, 2.9446371, 225.71546, 225.27052,
13.489520, 271.24432, 2.9664345, 224.76132, 224.31901,
13.500200, 275.98345, 3.1038285, 223.81430, 223.37548,
13.510890, 278.71043, 3.0816562, 222.87289, 222.43842,
13.521570, 287.53983, 3.0832608, 221.93897, 221.50969,
13.532260, 292.97449, 3.0404795, 221.01107, 220.58783,
13.542940, 293.17665, 3.1202155, 220.09103, 219.67466,
13.553620, 290.66724, 3.2160669, 219.17824, 218.76955,
13.564290, 277.70580, 3.1528555, 218.27379, 217.87356,
13.574970, 278.94447, 3.0514059, 217.37610, 216.98513,
13.585640, 275.82808, 3.0025418, 216.48717, 216.10619,
13.596320, 276.29962, 3.1213034, 215.60545, 215.23521,
13.606990, 262.17243, 3.1314483, 214.73290, 214.37410,
13.617650, 261.73819, 3.4169810, 213.86964, 213.52295,
13.628320, 254.69442, 2.9431781, 213.01436, 212.68044,
13.638980, 257.94350, 3.0829840, 212.16883, 211.84829,
13.649650, 244.76643, 2.9934936, 211.33176, 211.02519,
13.660310, 244.18555, 3.1392839, 210.50490, 210.21284,
13.670970, 239.73910, 3.6503817, 209.68773, 209.41069,
13.681630, 235.51250, 2.9121994, 208.88052, 208.61896,
13.692280, 230.52615, 3.2717773, 208.08430, 207.83862,
13.702940, 227.68490, 2.9831410, 207.29775, 207.06835,
13.713590, 227.27833, 3.0149813, 206.52270, 206.30987,
13.724240, 224.18335, 3.0114810, 205.75857, 205.56258,
13.734890, 218.29285, 2.8232200, 205.00576, 204.82683,
13.745530, 216.70847, 2.8122594, 204.26515, 204.10341,
13.756180, 207.13150, 2.8429430, 203.53571, 203.39125,
13.766820, 203.84018, 2.9886328, 202.81902, 202.69186,
13.777460, 207.59370, 2.8510391, 202.11473, 202.00480,
13.788100, 200.13697, 2.7587448, 201.42314, 201.33033,
13.798740, 193.38590, 2.7119196, 200.74456, 200.66866,
13.809380, 198.22778, 2.9566870, 200.07937, 200.02009,
13.820010, 202.96205, 2.9106522, 199.42835, 199.38531,
13.830640, 199.03838, 2.9920126, 198.79133, 198.76408,
13.841270, 199.61848, 2.8377166, 198.16855, 198.15652,
13.851900, 191.49705, 2.8117420, 197.56045, 197.56300,
13.862530, 201.90575, 3.3865722, 196.96712, 196.98354,
13.873150, 195.10165, 3.5191301, 196.38872, 196.41834,
13.883780, 201.39417, 3.0296993, 195.82380, 195.86602,
13.894400, 205.58393, 3.0217961, 195.27297, 195.32721,
13.905020, 198.08810, 3.3055010, 194.73532, 194.80106,
13.915640, 201.09973, 3.1407527, 194.21045, 194.28723,
13.926250, 196.22195, 3.4687933, 193.69844, 193.78580,
13.936870, 199.40300, 3.1711436, 193.19803, 193.29557,
13.947480, 201.59115, 3.1199095, 192.70966, 192.81699,
13.958090, 205.84315, 3.3521249, 192.23258, 192.34936,
13.968700, 207.55117, 3.6647331, 191.76636, 191.89226,
13.979310, 208.40390, 3.6447949, 191.31072, 191.44543,
13.989910, 207.98142, 3.6464198, 190.86566, 191.00889,
14.000520, 202.84670, 3.6756732, 190.43004, 190.58151,
14.011120, 199.85722, 3.4817326, 190.00429, 190.16374,
14.021720, 202.77882, 4.4175067, 189.58769, 189.75485,
14.032320, 196.74270, 12.885259, 189.17990, 189.35453,
14.042920, 194.78735, 9.0662388, 188.78059, 188.96243,
14.053510, 199.08347, 3.7608688, 188.38982, 188.57863,
14.064110, 200.98122, 4.0806603, 188.00651, 188.20203,
14.074700, 193.04847, 4.1446505, 187.63106, 187.83302,
14.085290, 200.87678, 4.4075455, 187.26283, 187.47099,
14.095870, 193.87875, 3.6594573, 186.90182, 187.11589,
14.106460, 200.67773, 2.7199937, 186.54707, 186.76677,
14.117040, 196.62860, 2.6784100, 186.19890, 186.42394,
14.127630, 198.37970, 2.8127960, 185.85638, 186.08645,
14.138210, 210.10035, 2.9533378, 185.51988, 185.75464,
14.148790, 203.50055, 3.0884622, 185.18876, 185.42788,
14.159370, 211.80817, 3.4233675, 184.86274, 185.10585,
14.169940, 212.50482, 3.4517251, 184.54184, 184.78855,
14.180520, 224.34305, 5.3567636, 184.22515, 184.47506,
14.182090, 212.49453, 3.0786853, 184.17853, 184.42888,
14.193560, 221.53733, 3.0851450, 183.84063, 184.09389,
14.205030, 220.51737, 3.1698861, 183.50729, 183.76292,
14.216500, 220.85435, 3.3988085, 183.17820, 183.43561,
14.227970, 229.04527, 3.4127038, 182.85298, 183.11156,
14.239430, 225.10737, 3.1031791, 182.53154, 182.79064,
14.250890, 212.17143, 2.9168450, 182.21330, 182.47222,
14.262350, 211.72857, 3.2324053, 181.89785, 182.15587,
14.273810, 209.75917, 40.739653, 181.58487, 181.84123,
14.285270, 200.00330, 3.1004389, 181.27406, 181.52793,
14.296730, 206.98343, 3.0093561, 180.96501, 181.21554,
14.308180, 200.85492, 2.8470914, 180.65769, 180.90399,
14.319630, 194.23685, 2.9366027, 180.35148, 180.59261,
14.331080, 199.49112, 2.9729072, 180.04602, 180.28099,
14.342530, 194.00055, 2.8217460, 179.74102, 179.96880,
14.353970, 195.35915, 2.6954946, 179.43639, 179.65592,
14.365410, 193.80487, 2.5856726, 179.13149, 179.34165,
14.376860, 188.39932, 3.0063142, 178.82577, 179.02537,
14.388300, 184.92445, 2.7057502, 178.51938, 178.70722,
14.399730, 180.10700, 2.5766278, 178.21203, 178.38686,
14.411170, 179.72210, 2.4424399, 177.90280, 178.06332,
14.422600, 178.16688, 2.4399306, 177.59192, 177.73679,
14.434030, 178.48813, 2.3765276, 177.27879, 177.40661,
14.445460, 178.35188, 2.5204267, 176.96302, 177.07235,
14.456890, 178.42118, 2.4403390, 176.64432, 176.73369,
14.468320, 175.33932, 2.4094030, 176.32234, 176.39022,
14.479740, 177.30385, 2.3606308, 175.99699, 176.04183,
14.491160, 175.41140, 2.3538664, 175.66766, 175.68786,
14.502580, 173.36420, 2.4514531, 175.33404, 175.32795,
14.514000, 174.96387, 2.4771005, 174.99589, 174.96191,
14.525420, 176.21083, 2.4386488, 174.65346, 174.59018,
14.536830, 175.27205, 2.3708537, 174.30732, 174.21359,
14.548240, 168.97937, 2.3619279, 173.95742, 173.83228,
14.559650, 166.62840, 2.7519043, 173.60396, 173.44669,
14.571060, 170.14445, 2.5556123, 173.24727, 173.05736,
14.582470, 170.58635, 2.8023281, 172.88755, 172.66473,
14.593870, 165.16208, 2.6007491, 172.52536, 172.26961,
14.605270, 173.01878, 2.5788963, 172.16064, 171.87214,
14.616670, 167.17708, 2.4939700, 171.79366, 171.47283,
14.628070, 170.68310, 2.8241194, 171.42459, 171.07207,
14.639470, 172.26275, 2.8601358, 171.05371, 170.67038,
14.650860, 165.79663, 2.5606915, 170.68161, 170.26859,
14.662260, 165.60897, 2.4811343, 170.30782, 169.86644,
14.673650, 162.11028, 2.5240543, 169.93328, 169.46513,
14.685040, 165.79515, 2.6850156, 169.55784, 169.06472,
14.696420, 165.62513, 2.4572531, 169.18214, 168.66612,
14.707810, 164.20130, 2.3890335, 168.80568, 168.26900,
14.719190, 162.61030, 2.3612725, 168.42943, 167.87462,
14.730570, 163.82235, 2.4143968, 168.05321, 167.48302,
14.741950, 167.85570, 2.5259811, 167.67731, 167.09470,
14.753330, 160.47133, 2.4752104, 167.30194, 166.71014,
14.764700, 168.02122, 2.5742850, 166.92768, 166.33014,
14.776080, 161.22955, 2.3817304, 166.55408, 165.95449,
14.787450, 163.93992, 2.4714891, 166.18207, 165.58434,
14.798820, 157.41388, 2.7044086, 165.81152, 165.21983,
14.810190, 161.91307, 2.6032223, 165.44266, 164.86139,
14.821550, 169.13747, 2.8594825, 165.07607, 164.50985,
14.832920, 162.86815, 2.5838442, 164.71135, 164.16507,
14.844280, 166.77895, 2.6095921, 164.34936, 163.82811,
14.855640, 163.66763, 2.6804054, 163.99002, 163.49914,
14.866990, 159.17330, 2.7674160, 163.63391, 163.17896,
14.878350, 164.03852, 2.7597996, 163.28060, 162.86743,
14.889710, 159.52455, 2.8547568, 162.93067, 162.56536,
14.901060, 159.92900, 2.7181959, 162.58469, 162.27349,
14.912410, 160.64492, 3.0507612, 162.24258, 161.99202,
14.923760, 158.14437, 3.1016067, 161.90455, 161.72142,
14.935100, 162.83328, 3.1904954, 161.57123, 161.46246,
14.946450, 159.45473, 3.1207270, 161.24220, 161.21513,
14.957790, 162.04052, 3.0654826, 160.91842, 160.98033,
14.969130, 163.08955, 3.1110810, 160.60079, 160.75778,
14.980470, 157.87325, 3.0695874, 160.29092, 160.54705,
14.991810, 163.66885, 3.2346906, 159.99053, 160.34775,
15.003140, 162.40918, 3.3145990, 159.70156, 160.15964,
15.014480, 155.41055, 3.0817943, 159.42525, 159.98202,
15.025810, 163.58398, 3.3495713, 159.16371, 159.81479,
15.037140, 157.95710, 3.3558327, 158.91847, 159.65741,
15.048460, 153.34053, 3.7783323, 158.69141, 159.50960,
15.059790, 161.57940, 3.4191190, 158.48386, 159.37075,
15.071110, 160.73350, 3.6393241, 158.29793, 159.24069,
15.082440, 165.03352, 3.2296714, 158.13503, 159.11882,
15.093750, 158.98365, 2.4340837, 157.99735, 159.00509,
15.105070, 158.02540, 2.4261971, 157.88624, 158.89880,
15.116390, 168.44345, 2.5414782, 157.80363, 158.79968,
15.127700, 162.84545, 2.5787913, 157.75136, 158.70743,
15.139020, 163.73977, 2.7432137, 157.73115, 158.62153,
15.150330, 159.48943, 2.5469898, 157.74488, 158.54175,
15.162390, 152.43598, 2.9322033, 157.79895, 158.46293,
15.174730, 156.43512, 3.2697943, 157.89874, 158.38849,
15.187070, 156.85105, 2.9421813, 158.04592, 158.31988,
15.199410, 156.17598, 3.0473852, 158.24302, 158.25662,
15.211740, 157.97800, 3.3236143, 158.49155, 158.19834,
15.224080, 163.47567, 3.0131615, 158.79041, 158.14478,
15.236410, 160.54869, 2.8000569, 159.13655, 158.09596,
15.248740, 166.96308, 3.0150189, 159.52774, 158.05177,
15.261060, 159.94193, 3.5356654, 159.96112, 158.01214,
15.273390, 173.76880, 3.4563067, 160.43503, 157.97694,
15.285710, 175.21110, 3.3095819, 160.94628, 157.94616,
15.298030, 160.20202, 3.0126220, 161.49284, 157.91970,
15.310350, 159.09393, 3.1565791, 162.07242, 157.89747,
15.322660, 159.89857, 3.2453316, 162.68214, 157.87944,
15.334980, 167.66283, 3.3472651, 163.32069, 157.86549,
15.347290, 167.35323, 3.3994812, 163.98478, 157.85558,
15.359600, 165.47815, 2.7951876, 164.67264, 157.84964,
15.371900, 159.36980, 2.6074701, 165.38142, 157.84760,
15.384210, 175.57985, 2.8098771, 166.11007, 157.84938,
15.396510, 160.21992, 3.0586772, 166.85521, 157.85493,
15.408810, 169.97963, 2.9272548, 167.61513, 157.86419,
15.421110, 172.26970, 2.7609203, 168.38775, 157.87708,
15.433410, 170.08990, 2.7011377, 169.17075, 157.89355,
15.445700, 170.21495, 2.6619254, 169.96141, 157.91352,
15.457990, 174.80568, 2.8198149, 170.75815, 157.93695,
15.470280, 173.93660, 2.9229988, 171.55881, 157.96378,
15.482570, 168.53772, 2.8607461, 172.36122, 157.99395,
15.494860, 170.25825, 2.7347290, 173.16323, 158.02741,
15.507140, 168.24290, 2.6486065, 173.96204, 158.06406,
15.519420, 168.49310, 2.7550504, 174.75607, 158.10389,
15.531700, 175.37907, 2.7865643, 175.54327, 158.14684,
15.543980, 175.77998, 2.7564704, 176.32135, 158.19284,
15.556260, 178.11722, 2.6338232, 177.08826, 158.24187,
15.568530, 177.35933, 2.4305676, 177.84112, 158.29381,
15.580800, 179.75063, 2.4345700, 178.57841, 158.34866,
15.593070, 177.43655, 2.5645184, 179.29794, 158.40637,
15.605340, 177.55688, 2.5491563, 179.99755, 158.46689,
15.617600, 183.46690, 2.6399741, 180.67615, 158.53013,
15.629860, 182.13415, 2.4189338, 181.33556, 158.59607,
15.642120, 183.21472, 2.3707054, 181.97729, 158.66467,
15.654380, 181.02353, 2.7012485, 182.60264, 158.73590,
15.666640, 179.85902, 2.7462270, 183.21309, 158.80970,
15.678890, 189.23702, 2.7980352, 183.80947, 158.88596,
15.691140, 185.43658, 2.6235577, 184.39367, 158.96471,
15.703390, 178.68853, 2.5019659, 184.96705, 159.04590,
15.715640, 188.07888, 2.7760777, 185.53096, 159.12948,
15.727890, 188.57085, 2.7884939, 186.08675, 159.21542,
15.740130, 183.42372, 2.8348995, 186.63534, 159.30360,
15.752370, 189.36145, 2.7687112, 187.17844, 159.39405,
15.764610, 197.39792, 2.6758658, 187.71747, 159.48673,
15.776850, 198.52323, 2.6705528, 188.25368, 159.58160,
15.789090, 193.21555, 2.6212022, 188.78847, 159.67862,
15.801320, 195.75932, 2.7406626, 189.32267, 159.77768,
15.813550, 199.19658, 2.8768445, 189.85805, 159.87880,
15.825780, 200.24232, 2.7350083, 190.39594, 159.98197,
15.838010, 201.80310, 2.8951398, 190.93766, 160.08713,
15.850230, 199.84507, 2.8818758, 191.48410, 160.19417,
15.862450, 206.76873, 2.9037363, 192.03698, 160.30313,
15.874670, 205.21435, 2.9764215, 192.59770, 160.41399,
15.886890, 205.73315, 3.0425821, 193.16755, 160.52670,
15.899110, 213.55190, 3.3154792, 193.74784, 160.64123,
15.911320, 203.17803, 2.9650626, 194.33948, 160.75746,
15.923540, 207.74600, 3.0688154, 194.94480, 160.87553,
15.935750, 212.65305, 3.2785709, 195.56412, 160.99523,
15.947960, 200.86917, 3.3303154, 196.19932, 161.11662,
15.960160, 208.90967, 3.5406543, 196.85127, 161.23956,
15.972370, 206.67355, 3.3540598, 197.52237, 161.36423,
15.984570, 208.36808, 3.2182876, 198.21292, 161.49038,
15.996770, 211.32533, 3.3164550, 198.92496, 161.61810,
16.008961, 210.10215, 3.3872382, 199.65927, 161.74726,
16.021160, 217.40263, 3.6409755, 200.41838, 161.87800,
16.033350, 207.67237, 3.3306786, 201.20261, 162.01012,
16.045549, 203.61835, 3.1715963, 202.01465, 162.14378,
16.057739, 212.36642, 3.6959109, 202.85473, 162.27875,
16.069920, 211.32225, 3.3823184, 203.72428, 162.41500,
16.082109, 198.62040, 3.3477647, 204.62617, 162.55271,
16.094290, 200.67950, 3.4249037, 205.56054, 162.69165,
16.106470, 205.52177, 4.0571947, 206.52964, 162.83188,
16.118650, 203.69447, 3.5212936, 207.53505, 162.97339,
16.130831, 208.80850, 3.5592848, 208.57837, 163.11615,
16.143009, 200.16620, 3.5874512, 209.66107, 163.26011,
16.155180, 197.40512, 3.7865105, 210.78422, 163.40518,
16.167351, 205.35550, 4.3477481, 211.95018, 163.55142,
16.179520, 205.50180, 4.5385532, 213.16046, 163.69877,
16.191681, 208.13450, 4.1065133, 214.41615, 163.84716,
16.203850, 204.77180, 8.8270814, 215.72060, 163.99673,
16.216009, 226.74788, 5.4055386, 217.07373, 164.14726,
16.228170, 225.79268, 4.7767285, 218.47832, 164.29886,
16.240330, 217.01390, 5.9172874, 219.93236, 164.45146,
16.252489, 230.26615, 4.5658233, 221.43253, 164.60505,
16.264641, 239.95865, 5.1875375, 222.97432, 164.75953,
16.276791, 233.71663, 5.4678811, 224.55489, 164.91493,
16.288950, 247.19390, 5.1183488, 226.17229, 165.07139,
16.301090, 258.16957, 5.2251718, 227.81923, 165.22851,
16.313240, 276.34690, 5.8599598, 229.49611, 165.38663,
16.325380, 285.08973, 5.6213358, 231.19689, 165.54550,
16.337530, 301.35513, 4.1089830, 232.92085, 165.70533,
16.349670, 325.78720, 3.7184552, 234.66190, 165.86586,
16.361799, 350.09097, 3.7066856, 236.41635, 166.02704,
16.373940, 396.86692, 4.4546262, 238.18416, 166.18914,
16.386070, 423.89782, 4.9623791, 239.95894, 166.35187,
16.398211, 443.79733, 4.4599468, 241.74013, 166.51547,
16.410339, 453.93282, 4.4951976, 243.52132, 166.67962,
16.422461, 471.51838, 4.8893011, 245.29973, 166.84437,
16.434589, 466.69926, 5.1551908, 247.07428, 167.00990,
16.446711, 470.94000, 5.1215917, 248.83941, 167.17598,
16.458839, 450.46515, 5.0045285, 250.59399, 167.34279,
16.470961, 437.72215, 5.0314002, 252.33247, 167.51012,
16.483070, 406.90625, 4.9358857, 254.05100, 167.67789,
16.495190, 396.57213, 7.2680392, 255.74921, 167.84636,
16.500280, 392.99585, 5.2808955, 256.45526, 167.91730,
16.513599, 365.51142, 5.5917487, 258.27977, 168.10334,
16.526911, 352.57935, 4.4187214, 260.06678, 168.28992,
16.540211, 337.66866, 4.5032973, 261.81131, 168.47695,
16.553520, 324.13595, 4.3675016, 263.51158, 168.66471,
16.566820, 313.93682, 4.2929220, 265.16055, 168.85289,
16.580120, 296.51703, 4.0529280, 266.75485, 169.04162,
16.593420, 291.30623, 3.7348986, 268.28981, 169.23086,
16.606710, 290.99417, 3.6849640, 269.75969, 169.42046,
16.620001, 282.03413, 3.5646539, 271.16087, 169.61053,
16.633301, 282.88005, 3.6975052, 272.48948, 169.80118,
16.646589, 282.75357, 3.9519433, 273.73857, 169.99209,
16.659870, 282.38494, 3.8058433, 274.90379, 170.18329,
16.673149, 277.37273, 3.6018193, 275.98074, 170.37484,
16.686440, 270.60294, 3.4569074, 276.96538, 170.56690,
16.699711, 278.89192, 3.5967033, 277.85144, 170.75902,
16.712990, 275.64281, 3.7386089, 278.64579, 170.95156,
16.726271, 289.40565, 3.8139214, 279.35789, 171.14441,
16.739540, 276.09872, 3.4942988, 279.99699, 171.33735,
16.752810, 276.17628, 3.3100506, 280.57352, 171.53054,
16.766081, 278.51995, 3.2678932, 281.09732, 171.72397,
16.779341, 287.04012, 3.3073030, 281.57761, 171.91743,
16.792601, 276.92373, 3.4076837, 282.02454, 172.11106,
16.805870, 282.40665, 3.9798775, 282.44803, 172.30498,
16.819120, 281.96725, 5.8113073, 282.85681, 172.49875,
16.832380, 280.96420, 3.3253680, 283.26139, 172.69277,
16.845631, 280.32265, 3.2344744, 283.67076, 172.88674,
16.858891, 276.66978, 3.4020405, 284.09513, 173.08090,
16.872141, 281.13921, 3.6985298, 284.54348, 173.27497,
16.885380, 276.03705, 3.6256441, 285.02530, 173.46890,
16.898630, 273.54675, 3.4520055, 285.55105, 173.66298,
16.911869, 280.06866, 3.2689098, 286.12949, 173.85688,
16.925110, 287.15499, 3.2890701, 286.77084, 174.05076,
16.938351, 282.61428, 3.2684965, 287.48475, 174.24457,
16.951580, 286.54333, 3.3787896, 288.28029, 174.43812,
16.964821, 288.04360, 3.4618019, 289.16295, 174.63174,
16.978050, 298.38417, 3.8738990, 290.11934, 174.82505,
16.991270, 304.93270, 3.4025021, 291.13484, 175.01806,
17.004499, 330.51412, 3.4765665, 292.19637, 175.21105,
17.017719, 445.09068, 4.2026190, 293.28791, 175.40369,
17.030951, 973.70453, 12.406226, 294.39671, 175.59628,
17.044161, 984.55164, 9.0335456, 295.50559, 175.78833,
17.057381, 422.33008, 4.3199688, 296.60266, 175.98025,
17.070601, 314.27035, 3.5685938, 297.67266, 176.17188,
17.083811, 312.12252, 3.4521045, 298.70040, 176.36307,
17.097019, 303.56385, 3.2982909, 299.67204, 176.55390,
17.110229, 307.78418, 3.5701475, 300.57334, 176.74440,
17.123430, 304.01552, 3.6388911, 301.38903, 176.93440,
17.136641, 303.84160, 3.4984856, 302.10567, 177.12413,
17.149839, 305.32082, 3.4525509, 302.70744, 177.31328,
17.163040, 294.77398, 3.5339300, 303.18033, 177.50201,
17.176229, 298.05872, 3.4592009, 303.50916, 177.69012,
17.189430, 293.69745, 3.6314154, 303.67953, 177.87790,
17.202620, 305.50100, 3.8610593, 303.67611, 178.06501,
17.215811, 304.03557, 4.0220190, 303.48389, 178.25161,
17.229000, 293.83393, 3.8211253, 303.08762, 178.43763,
17.242180, 302.50270, 3.7800846, 302.47237, 178.62294,
17.255369, 307.72775, 3.8613504, 301.62916, 178.80777,
17.268551, 303.99435, 3.9235175, 300.56931, 178.99187,
17.281719, 303.73297, 3.8994546, 299.30663, 179.17513,
17.294901, 310.98540, 4.0906290, 297.85128, 179.35790,
17.308069, 324.27028, 4.0749875, 296.21877, 179.53979,
17.321251, 327.53638, 3.9969873, 294.41821, 179.72113,
17.334410, 339.20562, 3.9865501, 292.46702, 179.90141,
17.347580, 343.81082, 4.4158049, 290.37248, 180.08108,
17.360750, 341.60110, 4.2664891, 288.14830, 180.25995,
17.373911, 353.99458, 4.8299353, 285.80819, 180.43786,
17.387070, 339.02713, 4.8566487, 283.36281, 180.61490,
17.400230, 332.12768, 4.5547645, 280.82323, 180.79109,
17.413380, 316.76367, 4.4395786, 278.20384, 180.96622,
17.426540, 326.19917, 4.4191919, 275.51172, 181.14058,
17.439690, 314.13992, 4.4462369, 272.76314, 181.31384,
17.452841, 300.06924, 4.2926652, 269.96691, 181.48614,
17.465981, 291.13292, 4.8044850, 267.13740, 181.65728,
17.479130, 292.34477, 4.7560505, 264.28156, 181.82752,
17.492270, 285.73180, 4.2056660, 261.41497, 181.99656,
17.505409, 263.71986, 3.9712502, 258.54699, 182.16452,
17.518551, 257.59142, 4.1855085, 255.68861, 182.33139,
17.531679, 270.25363, 4.9286004, 252.85455, 182.49694,
17.544821, 251.90735, 4.4230560, 250.05048, 182.66148,
17.557949, 244.34937, 4.5721136, 247.29354, 182.82466,
17.571079, 241.32473, 4.3942819, 244.59195, 182.98662,
17.584200, 238.75895, 4.5522545, 241.95950, 183.14721,
17.597330, 244.78095, 4.9883787, 239.40392, 183.30662,
17.610451, 236.14950, 4.6548514, 236.93934, 183.46459,
17.623569, 234.38348, 4.9036861, 234.56570, 183.62118,
17.636690, 240.62578, 5.6637032, 232.27983, 183.77641,
17.649799, 242.89280, 4.8674380, 230.08153, 183.93009,
17.662910, 245.11325, 5.2502406, 227.96609, 184.08235,
17.676029, 254.81501, 5.2480305, 225.93037, 184.23321,
17.689131, 272.09200, 5.5222798, 223.97589, 184.38236,
17.702240, 250.93150, 5.7449373, 222.09665, 184.53005,
17.715349, 253.67620, 5.4015958, 220.29170, 184.67617,
17.728451, 254.61027, 5.8193247, 218.55993, 184.82058,
17.741550, 248.89400, 4.9979532, 216.89848, 184.96333,
17.754641, 250.16665, 3.8530489, 215.30626, 185.10429,
17.767740, 259.23480, 3.7535700, 213.77904, 185.24363,
17.780830, 251.49900, 3.9477260, 212.31715, 185.38112,
17.793921, 257.35706, 3.9429579, 210.91764, 185.51682,
17.807011, 260.94497, 3.9051273, 209.57874, 185.65070,
17.820101, 259.91217, 3.6210551, 208.29870, 185.78271,
17.833179, 247.02317, 3.6127362, 207.07689, 185.91270,
17.846270, 242.92757, 3.4212179, 205.90951, 186.04086,
17.859341, 237.97113, 3.5247554, 204.79764, 186.16687,
17.872419, 227.61272, 3.8880659, 203.73736, 186.29092,
17.885500, 227.21598, 4.2708104, 202.72769, 186.41294,
17.898569, 219.16535, 4.0560131, 201.76809, 186.53275,
17.911640, 214.98828, 4.1961422, 200.85608, 186.65044,
17.924709, 214.56782, 3.8458351, 199.99053, 186.76593,
17.937780, 219.77685, 6.4419469, 199.16978, 186.87922,
17.941250, 213.44758, 3.7681409, 198.95930, 186.90891,
17.955721, 206.37252, 3.5864589, 198.11397, 187.03100,
17.970181, 209.64300, 4.0890000, 197.32047, 187.15015,
17.984650, 207.27213, 3.8669229, 196.57591, 187.26646,
17.999109, 195.38768, 4.3824548, 195.87958, 187.37972,
18.013571, 191.27888, 4.3376785, 195.22927, 187.48996,
18.028021, 193.04265, 4.0830028, 194.62392, 187.59701,
18.042480, 193.79750, 3.5085483, 194.06109, 187.70096,
18.056931, 190.24472, 3.3193462, 193.54001, 187.80162,
18.071381, 187.45358, 3.3009440, 193.05881, 187.89897,
18.085819, 192.25682, 3.5053261, 192.61638, 187.99289,
18.100269, 189.57835, 3.5206765, 192.21062, 188.08345,
18.114710, 197.58320, 3.6897675, 191.84064, 188.17045,
18.129150, 194.33970, 4.0756502, 191.50436, 188.25387,
18.143579, 193.90308, 3.4374624, 191.20013, 188.33358,
18.158020, 187.48660, 3.4465667, 190.92563, 188.40963,
18.172449, 189.93348, 3.4699247, 190.67949, 188.48182,
18.186880, 185.40408, 3.6544673, 190.45966, 188.55015,
18.201300, 192.81662, 3.6718685, 190.26456, 188.61449,
18.215719, 193.02437, 3.3128741, 190.09228, 188.67479,
18.230150, 189.68550, 3.1344684, 189.94098, 188.73104,
18.244560, 191.19010, 3.3015009, 189.80928, 188.78301,
18.258980, 187.94495, 3.3109611, 189.69521, 188.83075,
18.273390, 184.85838, 3.4186256, 189.59725, 188.87410,
18.287800, 184.84085, 3.6604832, 189.51367, 188.91301,
18.302210, 183.90522, 3.6281697, 189.44285, 188.94738,
18.316620, 183.58345, 3.3912518, 189.38316, 188.97714,
18.331020, 189.03760, 3.2519567, 189.33301, 189.00217,
18.345421, 187.32500, 3.1186085, 189.29076, 189.02240,
18.359819, 183.19175, 3.0869842, 189.25482, 189.03774,
18.374210, 181.68678, 3.4933605, 189.22362, 189.04808,
18.388611, 188.38118, 3.3718075, 189.19553, 189.05334,
18.403000, 188.75180, 3.3231320, 189.16901, 189.05340,
18.417379, 178.92252, 3.1091536, 189.14248, 189.04819,
18.431770, 182.27065, 3.3519472, 189.11433, 189.03759,
18.446150, 183.38768, 3.1137895, 189.08302, 189.02150,
18.460529, 183.50550, 3.3179053, 189.04696, 188.99982,
18.474911, 191.40315, 3.3151967, 189.00456, 188.97243,
18.489281, 195.04105, 3.6021670, 188.95427, 188.93926,
18.503660, 188.06913, 3.1905262, 188.89444, 188.90013,
18.518030, 180.98395, 2.9259226, 188.82421, 188.85506,
18.532391, 190.22128, 3.0573857, 188.74392, 188.80418,
18.546761, 182.68077, 3.2544463, 188.65391, 188.74751,
18.561119, 179.94151, 3.6355487, 188.55475, 188.68528,
18.575480, 193.02367, 3.5817139, 188.44681, 188.61752,
18.589840, 191.47140, 3.7264357, 188.33050, 188.54437,
18.604191, 188.21637, 3.2212784, 188.20635, 188.46598,
18.618549, 194.16555, 3.1046638, 188.07460, 188.38237,
18.632900, 190.77742, 3.0595551, 187.93582, 188.29373,
18.647240, 189.05952, 3.2488013, 187.79043, 188.20019,
18.661591, 197.92135, 3.6399451, 187.63861, 188.10172,
18.675930, 194.39955, 3.5513403, 187.48099, 187.99856,
18.690269, 198.43692, 3.5507694, 187.31781, 187.89073,
18.704611, 204.09183, 3.8610059, 187.14944, 187.77833,
18.718941, 202.65780, 3.5184400, 186.97641, 187.66154,
18.733271, 188.43188, 3.2260862, 186.79895, 187.54037,
18.747601, 188.99392, 3.7995095, 186.61742, 187.41492,
18.761930, 198.65245, 3.4607981, 186.43218, 187.28527,
18.776260, 190.45530, 3.5113142, 186.24359, 187.15152,
18.790581, 195.86835, 3.4643864, 186.05212, 187.01384,
18.804899, 192.35625, 3.4239596, 185.85803, 186.87224,
18.819220, 203.34090, 3.4711736, 185.66162, 186.72678,
18.833530, 206.86637, 3.6275110, 185.46337, 186.57765,
18.847839, 204.17250, 3.7408017, 185.26354, 186.42486,
18.862150, 195.77522, 4.2934107, 185.06241, 186.26846,
18.876459, 210.84468, 4.9313805, 184.86038, 186.10855,
18.890770, 216.51568, 3.9860501, 184.65772, 185.94517,
18.905069, 217.40918, 4.0298264, 184.45496, 185.77856,
18.919371, 208.47540, 3.8116575, 184.25226, 185.60864,
18.933670, 217.28795, 3.8614444, 184.05001, 185.43552,
18.947960, 218.74205, 3.9007698, 183.84864, 185.25937,
18.962250, 216.61865, 4.7162557, 183.64837, 185.08016,
18.976540, 209.84995, 4.7213435, 183.44953, 184.89794,
18.990829, 202.70963, 4.8084617, 183.25246, 184.71280,
19.005119, 193.85135, 4.1594528, 183.05750, 184.52479,
19.019400, 201.56370, 4.1836274, 182.86512, 184.33411,
19.033680, 195.90095, 3.7455534, 182.67554, 184.14070,
19.047960, 198.79333, 4.0403055, 182.48910, 183.94464,
19.062229, 200.36950, 4.2026035, 182.30630, 183.74613,
19.076500, 202.34502, 5.3694151, 182.12731, 183.54506,
19.090771, 187.55955, 4.7571040, 181.95252, 183.34152,
19.105040, 205.82508, 5.0443742, 181.78231, 183.13560,
19.119310, 194.16875, 4.5344832, 181.61699, 182.92731,
19.133570, 180.38365, 4.8854972, 181.45708, 182.71689,
19.147829, 170.51520, 5.2310969, 181.30282, 182.50424,
19.162090, 178.21618, 5.6142813, 181.15457, 182.28940,
19.176340, 180.24813, 4.6245214, 181.01283, 182.07261,
19.190599, 185.21835, 5.4178254, 180.87778, 181.85362,
19.204849, 168.28162, 5.1062038, 180.75000, 181.63278,
19.219101, 180.41205, 4.4433950, 180.62978, 181.40997,
19.233339, 193.13707, 5.3568365, 180.51764, 181.18547,
19.247580, 180.44215, 4.7269757, 180.41386, 180.95911,
19.261820, 182.39255, 4.6229396, 180.31887, 180.73097,
19.276060, 189.73803, 5.9217520, 180.23310, 180.50109,
19.290300, 176.20787, 6.7283858, 180.15699, 180.26954,
19.304529, 177.02322, 5.7555960, 180.09101, 180.03655,
19.318760, 179.83070, 5.0568732, 180.03556, 179.80195,
19.332991, 172.38643, 5.8096149, 179.99110, 179.56582,
19.347219, 169.44578, 6.0571023, 179.95810, 179.32825,
19.361441, 191.73993, 4.9537539, 179.93705, 179.08937,
19.375660, 192.60392, 6.7662500, 179.92839, 178.84915,
19.389879, 173.87627, 5.3848206, 179.93264, 178.60760,
19.404100, 174.44915, 5.6830903, 179.95031, 178.36474,
19.418310, 187.27975, 6.9047994, 179.98188, 178.12083,
19.432520, 191.86813, 7.0362010, 180.02789, 177.87573,
