# wave, flux, fluxerr, continuum, continuum_plateau
9.9725246, 89.571367, 3.9736871, 124.44797, 124.32809,
9.9806166, 100.29420, 5.1262660, 122.80287, 122.70253,
9.9887066, 92.511162, 3.6097932, 121.20718, 121.12403,
9.9967957, 95.822660, 3.3506156, 119.65965, 119.59154,
10.004880, 101.53772, 5.0338036, 118.15996, 118.10489,
10.012970, 95.925823, 3.7270257, 116.70515, 116.66132,
10.021050, 91.403847, 3.5939276, 115.29695, 115.26270,
10.029140, 103.72371, 3.4111204, 113.93107, 113.90490,
10.037220, 90.579889, 3.4511552, 112.60992, 112.59045,
10.045300, 103.13333, 3.4915175, 111.33074, 111.31675,
10.053380, 98.778278, 3.0386042, 110.09245, 110.08285,
10.061460, 92.590837, 3.3995015, 108.89443, 108.88823,
10.069540, 101.53043, 3.6980167, 107.73547, 107.73182,
10.077610, 114.62265, 3.5775231, 106.61624, 106.61438,
10.085690, 103.57025, 3.6126263, 105.53306, 105.53235,
10.093760, 102.13537, 3.3346343, 104.48762, 104.48749,
10.101830, 108.38553, 4.2759782, 103.47774, 103.47773,
10.109900, 104.66770, 3.1238886, 102.50245, 102.50217,
10.117970, 95.852116, 3.1641306, 101.56112, 101.56026,
10.126040, 99.650522, 3.2575035, 100.65281, 100.65114,
10.134100, 98.773581, 3.0682125, 99.777791, 99.775131,
10.142170, 94.050625, 3.7973711, 98.932972, 98.929211,
10.150230, 91.583223, 3.2647343, 98.119640, 98.114722,
10.158300, 98.221275, 3.2146533, 97.335067, 97.328981,
10.166360, 97.273138, 3.1667498, 96.580398, 96.573182,
10.174420, 90.071535, 3.4067398, 95.853725, 95.845454,
10.182470, 95.757589, 3.7606074, 95.155252, 95.146038,
10.190530, 87.894110, 3.6531074, 94.482467, 94.472450,
10.198590, 92.406687, 3.3033167, 93.835375, 93.824722,
10.206640, 87.829557, 3.7499469, 93.214094, 93.202994,
10.214690, 89.006300, 3.3796943, 92.617017, 92.605677,
10.222750, 96.547661, 4.0734723, 92.042740, 92.031379,
10.230800, 82.885248, 4.2268088, 91.491887, 91.480734,
10.238850, 91.500069, 4.3480604, 90.963038, 90.952328,
10.246890, 86.589083, 3.4599724, 90.456059, 90.446029,
10.254940, 83.733171, 3.4469319, 89.969035, 89.959922,
10.262990, 102.98811, 4.0945151, 89.501868, 89.493904,
10.271030, 88.973082, 6.7944441, 89.054374, 89.047782,
10.279070, 94.301702, 4.9280887, 88.625343, 88.620334,
10.287120, 84.666683, 3.7099654, 88.213502, 88.210277,
10.295150, 82.787554, 4.7022477, 87.819697, 87.818433,
10.303190, 95.416685, 3.8443933, 87.441759, 87.442620,
10.311230, 81.575111, 4.1867484, 87.081237, 87.084355,
10.319270, 91.546806, 3.9160358, 86.741148, 86.746614,
10.327300, 72.122778, 4.4181963, 86.425183, 86.433041,
10.335340, 84.850309, 3.6193876, 86.135807, 86.146055,
10.343370, 95.738390, 3.6180273, 85.876932, 85.889513,
10.351400, 74.148066, 3.9252399, 85.651524, 85.666322,
10.359430, 92.289824, 4.1251363, 85.462821, 85.479658,
10.367460, 89.619299, 3.7263148, 85.314103, 85.332731,
10.375480, 96.728638, 4.7591515, 85.208772, 85.228863,
10.383510, 83.107063, 3.9382087, 85.149853, 85.171001,
10.391530, 90.119234, 4.0606646, 85.140808, 85.162514,
10.399560, 89.946045, 3.8899226, 85.184944, 85.206608,
10.407580, 85.231472, 3.6514961, 85.285494, 85.306408,
10.415600, 85.461475, 3.3254232, 85.445802, 85.465144,
10.423620, 97.710976, 4.2282948, 85.669272, 85.686089,
10.431640, 82.198977, 3.2105990, 85.959234, 85.972436,
10.439650, 85.354723, 3.5518230, 86.318638, 86.326993,
10.447670, 89.673525, 3.5761390, 86.751811, 86.753914,
10.455680, 83.749454, 2.9378244, 87.260687, 87.255001,
10.463700, 92.553892, 2.8130500, 87.846034, 87.831087,
10.471710, 86.270546, 2.9543585, 88.503674, 88.478236,
10.479720, 80.098627, 2.7601505, 89.231677, 89.194711,
10.487730, 90.885546, 3.3273143, 90.027414, 89.978077,
10.495730, 89.438204, 3.3680109, 90.887214, 90.824860,
10.503740, 95.532661, 3.4072479, 91.810536, 91.734660,
10.511750, 101.56508, 2.9974517, 92.793820, 92.704092,
10.519750, 97.292055, 4.2099569, 93.833107, 93.729369,
10.527750, 97.332832, 3.6812809, 94.927247, 94.809461,
10.535750, 102.38186, 4.1284630, 96.073601, 95.941864,
10.543750, 96.777311, 4.1829128, 97.269519, 97.124053,
10.551750, 98.582504, 4.6362642, 98.512796, 98.353934,
10.559750, 93.741905, 5.9571402, 99.800658, 99.628845,
10.567850, 89.249180, 6.8195243, 101.14785, 100.96348,
10.576350, 105.27435, 3.5887338, 102.60532, 102.40848,
10.584840, 107.06787, 3.5972449, 104.10290, 103.89442,
10.593340, 105.04555, 3.1577318, 105.64138, 105.42217,
10.601830, 116.01950, 3.5953715, 107.21406, 106.98515,
10.610330, 116.57847, 3.7201690, 108.82194, 108.58441,
10.618820, 126.17208, 4.1156111, 110.45837, 110.21339,
10.627310, 121.96220, 3.5459852, 112.12206, 111.87089,
10.635800, 121.92390, 3.1956952, 113.81055, 113.55448,
10.644280, 120.53115, 3.7380976, 115.51867, 115.25907,
10.652770, 113.88430, 3.0289754, 117.24762, 116.98591,
10.661250, 128.59695, 3.0976380, 118.99068, 118.72835,
10.669740, 118.38898, 3.1199046, 120.74894, 120.48752,
10.678220, 118.38105, 3.6492206, 122.51564, 122.25670,
10.686700, 117.23515, 3.0782630, 124.28993, 124.03510,
10.695180, 131.30228, 3.6134566, 126.06899, 125.81995,
10.703650, 134.00110, 4.0042484, 127.84803, 127.60648,
10.712130, 132.28407, 3.6293953, 129.62803, 129.39574,
10.720600, 137.83097, 3.3731594, 131.40260, 131.18137,
10.729080, 134.60572, 3.3916435, 133.17271, 132.96441,
10.737550, 139.38605, 3.5755517, 134.93138, 134.73790,
10.746020, 143.28700, 3.5589417, 136.67821, 136.50150,
10.754490, 138.09840, 3.9243775, 138.40998, 138.25204,
10.762960, 150.73320, 3.6295712, 140.12428, 139.98717,
10.771420, 134.71273, 4.1630238, 141.81582, 141.70163,
10.779890, 152.03037, 4.3315399, 143.48634, 143.39728,
10.788350, 142.71405, 3.4803109, 145.12870, 145.06699,
10.796810, 144.63448, 4.3912846, 146.74215, 146.71010,
10.805270, 154.80950, 4.0759062, 148.32385, 148.32385,
10.813730, 146.26285, 3.7592662, 149.87153, 149.90602,
10.822190, 153.19840, 4.0012453, 151.38521, 151.45646,
10.830650, 147.03285, 4.1145025, 152.86549, 152.97557,
10.839100, 160.06775, 4.3211157, 154.31116, 154.46191,
10.847560, 154.98120, 4.1270347, 155.72638, 155.91956,
10.856010, 159.65297, 4.2859007, 157.10836, 157.34543,
10.864460, 166.25175, 5.6468312, 158.45911, 158.74142,
10.872910, 168.39643, 4.7046099, 159.77933, 160.10804,
10.881360, 172.16583, 4.6308394, 161.06968, 161.44584,
10.889800, 179.86535, 5.4411068, 162.32899, 162.75339,
10.898250, 162.11047, 5.0126834, 163.56076, 164.03418,
10.906690, 169.67885, 6.8572692, 164.76272, 165.28567,
10.915140, 183.32415, 5.1728310, 165.93821, 166.51117,
10.923580, 200.08822, 5.7653531, 167.08478, 167.70800,
10.932020, 191.94480, 7.2005228, 168.20440, 168.87804,
10.940460, 210.44390, 6.7263487, 169.29753, 170.02164,
10.948890, 204.96963, 6.2347109, 170.36331, 171.13775,
10.957330, 205.45817, 6.5986658, 171.40485, 172.22951,
10.965760, 245.30545, 5.6022541, 172.42012, 173.29464,
10.974200, 274.80525, 5.4687089, 173.41185, 174.33589,
10.982630, 315.20495, 5.5969807, 174.37811, 175.35111,
10.991060, 331.61308, 5.4891966, 175.32068, 176.34205,
10.999490, 342.09044, 5.8989726, 176.23976, 177.30882,
11.007920, 337.13240, 5.6216183, 177.13596, 178.25193,
11.016340, 327.72552, 5.3934560, 178.00850, 179.17048,
11.024770, 334.82867, 5.6944230, 178.85985, 180.06695,
11.033190, 329.84937, 5.8392714, 179.68847, 180.93964,
11.041610, 322.31612, 6.5247943, 180.49570, 181.78986,
11.050030, 307.63997, 5.8472454, 181.28193, 182.61794,
11.058450, 320.77870, 6.6774667, 182.04750, 183.42415,
11.066870, 312.07809, 7.3911766, 182.79278, 184.20882,
11.075290, 301.49207, 6.0008452, 183.51813, 184.97222,
11.083700, 287.19798, 5.8082055, 184.22309, 185.71382,
11.092120, 275.36228, 6.9298291, 184.90960, 186.43560,
11.100530, 285.91205, 6.6354498, 185.57638, 187.13612,
11.108940, 316.37302, 6.6956187, 186.22468, 187.81666,
11.117350, 310.83948, 10.099155, 186.85467, 188.47735,
11.120570, 321.79940, 5.8754590, 187.09118, 188.72520,
11.129530, 314.93632, 5.4233070, 187.73548, 189.39980,
11.138500, 324.44225, 5.4026846, 188.36067, 190.05348,
11.147460, 361.90630, 5.8130571, 188.96566, 190.68503,
11.156430, 393.72460, 6.0562930, 189.55223, 191.29627,
11.165390, 455.06013, 6.0871236, 190.11935, 191.88609,
11.174350, 523.01399, 6.3928898, 190.66807, 192.45554,
11.183300, 622.14688, 7.2396047, 191.19816, 193.00436,
11.192260, 730.00887, 7.7708778, 191.71111, 193.53404,
11.201220, 792.64516, 7.6353027, 192.20665, 194.04430,
11.210170, 787.54515, 7.5164839, 192.68460, 194.53493,
11.219120, 798.68820, 7.8775716, 193.14583, 195.00681,
11.228070, 801.07713, 7.7974630, 193.59064, 195.46022,
11.237020, 817.91745, 7.4561665, 194.01928, 195.89544,
11.245970, 805.06972, 7.5128596, 194.43214, 196.31285,
11.254920, 789.52261, 7.6441001, 194.82948, 196.71270,
11.263860, 792.39839, 7.5709765, 195.21113, 197.09485,
11.272800, 761.92247, 7.1714785, 195.57789, 197.46010,
11.281750, 715.44614, 6.9942256, 195.93034, 197.80905,
11.290690, 675.76144, 6.9724675, 196.26805, 198.14129,
11.299630, 645.57347, 6.7298292, 196.59162, 198.45742,
11.308560, 619.94919, 6.4103980, 196.90100, 198.75747,
11.317500, 578.65031, 6.3543858, 197.19713, 199.04233,
11.326430, 544.14053, 6.3778441, 197.47962, 199.31169,
11.335370, 517.44106, 6.1126047, 197.74932, 199.56639,
11.344300, 487.20965, 5.7783369, 198.00589, 199.80618,
11.353230, 468.71096, 5.7641170, 198.24987, 200.03158,
11.362160, 451.39049, 6.0385684, 198.48147, 200.24287,
11.371080, 429.24764, 5.6397372, 198.70073, 200.44014,
11.380010, 403.23325, 5.3438027, 198.90831, 200.62404,
11.388930, 383.01255, 5.3192919, 199.10403, 200.79448,
11.397850, 367.60070, 5.4335707, 199.28828, 200.95188,
11.406780, 361.29952, 5.3876095, 199.46150, 201.09670,
11.415700, 347.73990, 5.0907626, 199.62349, 201.22884,
11.424610, 331.03130, 5.1407848, 199.77450, 201.34863,
11.433530, 323.24304, 5.3513324, 199.91507, 201.45656,
11.442450, 313.36862, 5.2706246, 200.04522, 201.55276,
11.451360, 302.52676, 4.9658755, 200.16502, 201.63739,
11.460270, 286.64740, 5.6883667, 200.27481, 201.71082,
11.469180, 286.78413, 6.0349726, 200.37478, 201.77329,
11.478090, 273.13268, 5.2440312, 200.46509, 201.82505,
11.487000, 272.60323, 5.6760472, 200.54595, 201.86633,
11.495910, 258.17583, 5.1650211, 200.61751, 201.89739,
11.504810, 255.75400, 5.3997769, 200.67990, 201.91844,
11.513710, 255.54877, 5.4762116, 200.73336, 201.92978,
11.522620, 246.79525, 5.4447257, 200.77811, 201.93162,
11.531520, 233.59832, 5.2757610, 200.81421, 201.92421,
11.540420, 232.80330, 6.9994190, 200.84188, 201.90779,
11.549310, 238.56538, 7.6421275, 200.86126, 201.88263,
11.558210, 234.55753, 6.2044105, 200.87255, 201.84890,
11.567100, 222.03280, 6.1468063, 200.87587, 201.80691,
11.576000, 218.77895, 6.1347227, 200.87137, 201.75679,
11.584890, 206.90950, 5.9820295, 200.85923, 201.69889,
11.593780, 212.22733, 6.0509423, 200.83958, 201.63340,
11.602670, 213.47383, 6.0287307, 200.81255, 201.56051,
11.611560, 205.07312, 6.4320782, 200.77830, 201.48048,
11.620440, 221.17665, 6.6622549, 200.73701, 201.39362,
11.629330, 194.39715, 6.3683419, 200.68871, 201.29997,
11.638210, 215.61478, 7.7928832, 200.63365, 201.19994,
11.647090, 203.90158, 8.0471852, 200.57192, 201.09368,
11.655970, 189.53625, 7.2436815, 200.50362, 200.98140,
11.664850, 195.18780, 5.6810418, 200.42889, 200.86330,
11.673730, 192.19053, 4.2925471, 200.34786, 200.73963,
11.682600, 199.80410, 5.6089738, 200.26074, 200.61074,
11.691480, 199.51883, 4.9308889, 200.16746, 200.47656,
11.700350, 194.47588, 5.9682120, 200.06833, 200.33761,
11.709220, 196.18750, 5.0410083, 199.96338, 200.19395,
11.718090, 204.13768, 6.3872250, 199.85271, 200.04580,
11.726960, 204.62855, 5.7568385, 199.73644, 199.89338,
11.735830, 207.90035, 5.9271377, 199.61467, 199.73690,
11.744690, 206.25595, 7.1594511, 199.48766, 199.57676,
11.753560, 202.47557, 6.8680729, 199.35522, 199.41280,
11.762420, 198.83060, 7.4458900, 199.21776, 199.24562,
11.771280, 201.06145, 4.2210746, 199.07521, 199.07521,
11.775020, 194.22428, 3.9645920, 199.01356, 199.00238,
11.784500, 198.78415, 4.5668763, 198.85332, 198.81538,
11.793980, 204.46017, 4.1019582, 198.68760, 198.62504,
11.803460, 214.78250, 4.1052303, 198.51648, 198.43137,
11.812940, 207.15282, 3.8725478, 198.34012, 198.23448,
11.822420, 207.43372, 4.0458177, 198.15862, 198.03436,
11.831890, 205.53065, 3.9493375, 197.97232, 197.83132,
11.841360, 212.24755, 4.8625247, 197.78115, 197.62518,
11.850840, 212.76600, 3.8793043, 197.58502, 197.41579,
11.860310, 214.55638, 3.9525927, 197.38445, 197.20361,
11.869770, 226.64467, 4.0352578, 197.17956, 196.98869,
11.879240, 213.80932, 3.8554121, 196.97007, 196.77066,
11.888710, 213.59602, 3.8498697, 196.75628, 196.54977,
11.898170, 233.54207, 3.9704286, 196.53852, 196.32629,
11.907630, 224.50375, 3.9319314, 196.31671, 196.10008,
11.917090, 228.48895, 4.1562166, 196.09092, 195.87114,
11.926550, 226.43907, 5.8362719, 195.86130, 195.63956,
11.936010, 213.10078, 4.1077994, 195.62790, 195.40532,
11.945470, 231.67590, 3.9669610, 195.39087, 195.16854,
11.954920, 227.25708, 4.0771833, 195.15054, 194.92946,
11.964370, 231.22957, 4.4394145, 194.90677, 194.68790,
11.973830, 230.96030, 3.8037660, 194.65937, 194.44362,
11.983280, 238.79512, 4.0039485, 194.40900, 194.19721,
11.992720, 242.31167, 3.9767466, 194.15575, 193.94873,
12.002170, 236.15290, 3.8767640, 193.89917, 193.69765,
12.011610, 232.95918, 3.8400692, 193.63989, 193.44456,
12.021060, 224.83880, 3.9345938, 193.37748, 193.18898,
12.030500, 222.97503, 3.8921899, 193.11255, 192.93147,
12.039940, 218.23980, 3.8235427, 192.84496, 192.67183,
12.049380, 218.55023, 3.7756044, 192.57474, 192.41007,
12.058820, 208.41375, 3.8405939, 192.30204, 192.14627,
12.068250, 217.75413, 4.5023302, 192.02719, 191.88070,
12.077690, 209.93867, 3.8481299, 191.74971, 191.61286,
12.087120, 201.85875, 3.7189294, 191.47027, 191.34337,
12.096550, 209.52590, 3.9816528, 191.18868, 191.07197,
12.105980, 207.79460, 4.0537863, 190.90500, 190.79870,
12.115410, 209.15928, 4.0209279, 190.61932, 190.52360,
12.124830, 194.34495, 3.9318271, 190.33201, 190.24699,
12.134260, 206.56684, 4.0854468, 190.04257, 189.96834,
12.143680, 195.64663, 4.0758516, 189.75170, 189.68829,
12.153100, 205.50695, 4.8100651, 189.45913, 189.40653,
12.162520, 212.59517, 4.2637127, 189.16495, 189.12313,
12.171940, 197.47050, 4.1303747, 188.86928, 188.83816,
12.181360, 185.62910, 4.1488237, 188.57214, 188.55158,
12.190770, 184.54472, 4.6963685, 188.27397, 188.26379,
12.200180, 190.84782, 4.2328902, 187.97451, 187.97451,
12.209600, 191.90903, 4.3315781, 187.67349, 187.68344,
12.219010, 186.94188, 5.3609768, 187.37162, 187.39125,
12.228420, 193.29588, 4.5740690, 187.06859, 187.09765,
12.237820, 200.20598, 4.7040768, 186.76476, 186.80299,
12.247230, 196.29067, 4.7403787, 186.45947, 186.50663,
12.256630, 199.66090, 4.9155056, 186.15341, 186.20923,
12.266040, 249.13958, 5.7095610, 185.84597, 185.91019,
12.275440, 511.40678, 8.1453112, 185.53779, 185.61016,
12.284840, 517.11850, 8.0894200, 185.22863, 185.30888,
12.294230, 267.32896, 5.8577782, 184.91875, 185.00661,
12.303630, 218.40535, 7.3467752, 184.60762, 184.70284,
12.313030, 210.80597, 5.9856787, 184.29549, 184.39781,
12.322420, 210.86368, 5.8106289, 183.98278, 184.09193,
12.331810, 219.05040, 4.7134595, 183.66916, 183.78487,
12.341200, 214.51852, 3.8441881, 183.35464, 183.47667,
12.350590, 219.10352, 4.0670839, 183.03926, 183.16732,
12.359980, 239.94183, 4.7856048, 182.72302, 182.85687,
12.369360, 229.52233, 4.7491996, 182.40626, 182.54564,
12.378750, 217.85888, 4.5963796, 182.08837, 182.23301,
12.388130, 221.15032, 4.5657185, 181.77001, 181.91966,
12.397510, 221.27428, 4.4217463, 181.45090, 181.60530,
12.406890, 228.58200, 4.3524270, 181.13099, 181.28989,
12.416270, 236.20679, 4.5527690, 180.81035, 180.97349,
12.425640, 229.85788, 5.5278536, 180.48934, 180.65646,
12.435020, 236.53152, 5.4325389, 180.16726, 180.33812,
12.444390, 236.63972, 4.9306770, 179.84485, 180.01920,
12.453760, 245.53840, 5.1193056, 179.52177, 179.69936,
12.463130, 240.96420, 6.4236996, 179.19803, 179.37862,
12.472500, 234.97062, 5.4511083, 178.87364, 179.05700,
12.481870, 251.66566, 6.4764635, 178.54863, 178.73450,
12.489420, 257.53783, 4.5764409, 178.28630, 178.47402,
12.499490, 260.71132, 4.6395012, 177.93581, 178.12577,
12.509550, 264.86570, 4.5344727, 177.58498, 177.77691,
12.519610, 274.34712, 4.3305320, 177.23350, 177.42713,
12.529670, 268.30825, 4.3554182, 176.88142, 177.07648,
12.539730, 277.26430, 4.6589587, 176.52868, 176.72493,
12.549780, 274.57698, 6.9926101, 176.17572, 176.37289,
12.559840, 286.52060, 4.4719867, 175.82180, 176.01965,
12.569890, 289.55228, 4.3392656, 175.46768, 175.66596,
12.579940, 298.30663, 4.4213944, 175.11302, 175.31148,
12.589990, 299.51183, 4.5281125, 174.75783, 174.95623,
12.600040, 307.09282, 4.4052713, 174.40208, 174.60020,
12.610090, 311.54510, 4.3180155, 174.04587, 174.24346,
12.620130, 317.42862, 4.4244686, 173.68954, 173.88639,
12.630170, 323.03100, 4.5184156, 173.33272, 173.52860,
12.640210, 345.32365, 4.6982294, 172.97544, 173.17014,
12.650250, 328.81385, 4.3597671, 172.61772, 172.81102,
12.660290, 326.89225, 4.3827734, 172.25961, 172.45131,
12.670330, 335.14582, 4.5353186, 171.90106, 172.09095,
12.680360, 348.71848, 4.5862606, 171.54249, 171.73038,
12.690390, 371.33042, 4.6230711, 171.18355, 171.36923,
12.700420, 373.56095, 4.5751111, 170.82420, 171.00750,
12.710450, 373.76849, 4.6349964, 170.46454, 170.64526,
12.720480, 376.88665, 4.7926011, 170.10454, 170.28251,
12.730500, 384.55270, 4.7735179, 169.74455, 169.91961,
12.740530, 381.21976, 4.7367806, 169.38392, 169.55588,
12.750550, 368.74168, 4.5151188, 169.02333, 169.19204,
12.760570, 370.44424, 4.6843229, 168.66250, 168.82779,
12.770590, 357.19835, 4.5910107, 168.30136, 168.46309,
12.780610, 354.11972, 4.5191523, 167.93997, 168.09798,
12.790620, 342.92715, 7.1020906, 167.57870, 167.73287,
12.800640, 352.45285, 4.6737428, 167.21683, 167.36701,
12.810650, 346.65504, 4.5698761, 166.85513, 167.00118,
12.820660, 331.07577, 4.4869474, 166.49321, 166.63502,
12.830670, 307.48070, 4.2633663, 166.13107, 166.26851,
12.840680, 300.84219, 4.2234380, 165.76878, 165.90174,
12.850680, 270.60600, 4.0808490, 165.40667, 165.53504,
12.860690, 256.23106, 4.1101692, 165.04406, 165.16774,
12.870690, 241.78913, 4.1850833, 164.68165, 164.80053,
12.880690, 234.54332, 3.8281574, 164.31914, 164.43314,
12.890690, 214.92447, 3.7352834, 163.95648, 164.06551,
12.900680, 204.60118, 3.7608742, 163.59409, 163.69808,
12.910680, 215.75132, 4.3424220, 163.23123, 163.33008,
12.920670, 206.33962, 4.1452999, 162.86866, 162.96232,
12.930670, 190.45310, 3.6725785, 162.50564, 162.59404,
12.940660, 183.73305, 3.6789053, 162.14291, 162.22598,
12.950640, 182.87143, 4.0092540, 161.78054, 161.85825,
12.960630, 197.04575, 3.9851816, 161.41773, 161.49001,
12.970620, 187.75870, 4.2274600, 161.05492, 161.12173,
12.980600, 182.10540, 3.8228783, 160.69244, 160.75376,
12.990580, 174.09822, 3.8998864, 160.33000, 160.38579,
13.000560, 172.10558, 3.8856206, 159.96753, 160.01777,
13.010540, 158.53487, 4.7582403, 159.60509, 159.64974,
13.020520, 163.19060, 3.8083409, 159.24268, 159.28174,
13.030490, 167.67310, 4.0090123, 158.88069, 158.91416,
13.040470, 169.52643, 4.2133528, 158.51839, 158.54625,
13.050440, 174.74667, 4.2391494, 158.15653, 158.17879,
13.060410, 162.42398, 4.6015330, 157.79475, 157.81142,
13.070380, 159.07257, 4.0698795, 157.43302, 157.44412,
13.080350, 155.83025, 4.6069453, 157.07144, 157.07697,
13.090310, 155.59390, 4.5141222, 156.71032, 156.71032,
13.100280, 157.93422, 4.4376598, 156.34898, 156.34347,
13.110240, 155.12065, 5.3502355, 155.98812, 155.97714,
13.120200, 154.05217, 5.2328564, 155.62741, 155.61100,
13.130160, 146.58285, 5.4972456, 155.26686, 155.24507,
13.140110, 157.71422, 4.4313562, 154.90686, 154.87974,
13.150070, 160.04385, 3.0945213, 154.54667, 154.51427,
13.160020, 158.43760, 3.1062208, 154.18704, 154.14944,
13.169980, 151.08287, 3.2356286, 153.82724, 153.78449,
13.179930, 141.34087, 3.9891979, 153.46804, 153.42022,
13.189870, 153.44213, 3.5260009, 153.10940, 153.05660,
13.199820, 151.34410, 3.6030058, 152.75066, 152.69296,
13.209770, 145.57772, 4.3374042, 152.39213, 152.32961,
13.219710, 151.64670, 3.9419903, 152.03425, 151.96701,
13.229650, 151.95227, 3.8349280, 151.67666, 151.60481,
13.239590, 140.76257, 4.4970425, 151.31933, 151.24297,
13.249530, 146.63332, 3.5202377, 150.96229, 150.88153,
13.259470, 146.06470, 3.4024826, 150.60557, 150.52051,
13.269410, 143.62560, 4.0868064, 150.24916, 150.15994,
13.279340, 150.99687, 4.4624108, 149.89346, 149.80020,
13.289270, 153.31433, 3.7579751, 149.53807, 149.44090,
13.299200, 154.27633, 4.7117320, 149.18307, 149.08213,
13.309130, 149.41493, 4.4485855, 148.82844, 148.72387,
13.318260, 151.50947, 5.0324037, 148.50269, 148.39490,
13.328980, 155.19215, 3.6760917, 148.12065, 148.00925,
13.339690, 142.03975, 3.5712063, 147.73946, 147.62462,
13.350400, 145.48777, 3.6738158, 147.35876, 147.24067,
13.361120, 146.92772, 3.6118458, 146.97819, 146.85705,
13.371830, 150.88192, 3.4465442, 146.59853, 146.47452,
13.382530, 154.94022, 3.9518178, 146.21975, 146.09307,
13.393240, 156.67940, 3.6150201, 145.84119, 145.71205,
13.403940, 160.18168, 3.7061527, 145.46355, 145.33216,
13.414650, 155.41700, 4.0361733, 145.08618, 144.95274,
13.425350, 153.40936, 3.7491602, 144.70975, 144.57450,
13.436050, 152.31668, 3.5443867, 144.33396, 144.19711,
13.446740, 166.87335, 3.8261426, 143.95919, 143.82097,
13.457440, 169.19360, 4.6140016, 143.58473, 143.44538,
13.468130, 177.31942, 3.8976859, 143.21133, 143.07107,
13.478830, 180.29543, 3.8771544, 142.83827, 142.69736,
13.489520, 174.71255, 3.8306848, 142.46632, 142.32498,
13.500200, 179.09618, 4.0754350, 142.09545, 141.95394,
13.510890, 180.69703, 4.0781864, 141.72502, 141.58360,
13.521570, 182.82843, 4.1839068, 141.35572, 141.21463,
13.532260, 193.61845, 4.1122340, 140.98691, 140.84641,
13.542940, 193.47985, 4.2398443, 140.61927, 140.47961,
13.553620, 189.39717, 4.3498253, 140.25249, 140.11395,
13.564290, 177.73865, 4.1821603, 139.88695, 139.74978,
13.574970, 180.72113, 4.1514067, 139.52197, 139.38644,
13.585640, 173.33590, 4.0018196, 139.15828, 139.02465,
13.596320, 166.73130, 4.0764398, 138.79518, 138.66374,
13.606990, 174.18390, 4.2396496, 138.43343, 138.30443,
13.617650, 165.63955, 4.1393152, 138.07300, 137.94672,
13.628320, 167.94262, 4.0542859, 137.71328, 137.59000,
13.638980, 158.40900, 3.9977417, 137.35494, 137.23493,
13.649650, 155.55155, 4.0631165, 136.99737, 136.88090,
13.660310, 156.24110, 4.1757949, 136.64122, 136.52857,
13.670970, 153.58475, 4.0619884, 136.28622, 136.17766,
13.681630, 152.03143, 4.0562992, 135.93238, 135.82819,
13.692280, 149.37165, 4.2896684, 135.58009, 135.48054,
13.702940, 138.23043, 3.8515486, 135.22867, 135.13404,
13.713590, 147.87320, 4.1297404, 134.87886, 134.78940,
13.724240, 146.91012, 3.7309762, 134.53029, 134.44630,
13.734890, 142.32093, 4.4054628, 134.18308, 134.10480,
13.745530, 148.19240, 4.3019018, 133.83752, 133.76523,
13.756180, 133.85872, 4.0523975, 133.49303, 133.42700,
13.766820, 130.02505, 4.5091797, 133.15026, 133.09074,
13.777460, 135.42558, 3.8664317, 132.80893, 132.75619,
13.788100, 132.01320, 3.7818983, 132.46908, 132.42337,
13.798740, 128.82310, 3.6528122, 132.13075, 132.09231,
13.809380, 129.76110, 4.4090858, 131.79400, 131.76308,
13.820010, 126.01680, 4.0580806, 131.45910, 131.43595,
13.830640, 136.16605, 3.8826665, 131.12586, 131.11070,
13.841270, 130.78393, 3.7483133, 130.79425, 130.78732,
13.851900, 128.36675, 3.8011322, 130.46436, 130.46589,
13.862530, 130.84980, 4.1987263, 130.13621, 130.14641,
13.873150, 126.04030, 4.2393949, 129.81010, 129.82917,
13.883780, 130.61648, 4.6736786, 129.48548, 129.51360,
13.894400, 130.77198, 4.0256923, 129.16293, 129.20028,
13.905020, 139.63093, 4.1339641, 128.84220, 128.88892,
13.915640, 127.40300, 4.5078091, 128.52330, 128.57953,
13.926250, 133.07730, 4.2253874, 128.20655, 128.27240,
13.936870, 132.52700, 4.9195233, 127.89141, 127.96699,
13.947480, 125.89595, 3.9142947, 127.57844, 127.66381,
13.958090, 131.35443, 4.2107452, 127.26743, 127.36266,
13.968700, 134.29602, 4.6366581, 126.95834, 127.06347,
13.979310, 129.36995, 4.3747639, 126.65127, 126.76631,
13.989910, 129.39060, 5.3056373, 126.34648, 126.47143,
14.000520, 132.57708, 4.4070542, 126.04346, 126.17830,
14.011120, 135.12625, 4.4230831, 125.74278, 125.88746,
14.021720, 106.98470, 71.600969, 125.44420, 125.59865,
14.032320, 107.52003, 122.15681, 125.14776, 125.31188,
14.042920, 130.55648, 11.218321, 124.85348, 125.02717,
14.053510, 132.92553, 5.6893467, 124.56169, 124.74480,
14.064110, 124.12797, 6.1445375, 124.27185, 124.46421,
14.074700, 124.79715, 4.7376161, 123.98454, 124.18596,
14.085290, 119.06615, 5.3114132, 123.69956, 123.90982,
14.095870, 124.76015, 4.0405834, 123.41719, 123.63603,
14.106460, 132.38292, 3.4049995, 123.13694, 123.36410,
14.117040, 131.84590, 3.5613237, 122.85937, 123.09454,
14.127630, 126.44115, 5.8421256, 122.58399, 122.82685,
14.138210, 133.52545, 3.7462643, 122.31139, 122.56157,
14.148790, 123.47375, 4.4173594, 122.04135, 122.29846,
14.159370, 136.99173, 5.3779862, 121.77391, 122.03751,
14.169940, 137.00750, 4.3002364, 121.50937, 121.77901,
14.180520, 133.80670, 10.423879, 121.24726, 121.52246,
14.182090, 126.27760, 3.9884038, 121.20861, 121.48458,
14.193560, 140.13460, 3.5641664, 120.92800, 121.20932,
14.205030, 140.14037, 3.7372306, 120.65067, 120.93666,
14.216500, 147.13667, 4.5518509, 120.37673, 120.66667,
14.227970, 147.92982, 3.7022284, 120.10622, 120.39935,
14.239430, 139.14383, 3.7080408, 119.83944, 120.13495,
14.250890, 134.52018, 3.1946935, 119.57625, 119.87328,
14.262350, 130.16912, 3.4102554, 119.31669, 119.61432,
14.273810, 130.74483, 3.7689440, 119.06084, 119.35811,
14.285270, 133.23215, 3.8808610, 118.80882, 119.10471,
14.296730, 131.98225, 3.0193609, 118.56066, 118.85409,
14.308180, 130.68088, 2.9606071, 118.31668, 118.60653,
14.319630, 122.39340, 3.1003578, 118.07675, 118.36181,
14.331080, 121.39147, 3.0664172, 117.84093, 118.11996,
14.342530, 118.49275, 3.2033444, 117.60935, 117.88103,
14.353970, 124.58153, 2.9131556, 117.38228, 117.64525,
14.365410, 132.19737, 3.1296449, 117.15959, 117.41241,
14.376860, 122.95162, 4.5669375, 116.94122, 117.18236,
14.388300, 112.22133, 3.1569554, 116.72763, 116.95551,
14.399730, 110.86935, 3.0901902, 116.51892, 116.73192,
14.411170, 110.53145, 2.7841437, 116.31481, 116.51120,
14.422600, 107.12833, 2.7655897, 116.11579, 116.29378,
14.434030, 111.51240, 2.8664737, 115.92178, 116.07950,
14.445460, 105.28963, 3.0852072, 115.73287, 115.86837,
14.456890, 111.72782, 3.0972630, 115.54922, 115.66045,
14.468320, 118.23108, 3.5029860, 115.37091, 115.45578,
14.479740, 116.95760, 3.0623578, 115.19822, 115.25454,
14.491160, 114.52835, 3.1118360, 115.03111, 115.05660,
14.502580, 114.28078, 3.2889915, 114.86973, 114.86202,
14.514000, 112.15988, 3.6175743, 114.71394, 114.67068,
14.525420, 116.23185, 3.3235976, 114.56314, 114.48227,
14.536830, 115.98268, 3.1904224, 114.41681, 114.29662,
14.548240, 113.62518, 3.2886383, 114.27413, 114.11321,
14.559650, 114.53908, 4.0380856, 114.13445, 113.93167,
14.571060, 114.10837, 3.5441800, 113.99713, 113.75168,
14.582470, 110.39320, 3.4170788, 113.86150, 113.57289,
14.593870, 108.97288, 3.5458805, 113.72702, 113.39510,
14.605270, 126.13895, 3.7804986, 113.59291, 113.21780,
14.616670, 106.53827, 3.4018150, 113.45855, 113.04068,
14.628070, 106.98765, 4.1415783, 113.32326, 112.86335,
14.639470, 102.37383, 3.4318959, 113.18639, 112.68549,
14.650860, 109.56688, 3.3599524, 113.04742, 112.50691,
14.662260, 106.89382, 3.8534797, 112.90544, 112.32694,
14.673650, 105.45735, 3.1865179, 112.76006, 112.14556,
14.685040, 104.31830, 3.2486751, 112.61047, 111.96226,
14.696420, 106.18525, 3.7540008, 112.45619, 111.77688,
14.707810, 113.89142, 3.9091316, 112.29625, 111.58871,
14.719190, 105.33040, 3.1207348, 112.13030, 111.39778,
14.730570, 96.877043, 3.5363567, 111.95751, 111.20354,
14.741950, 106.51850, 3.2242997, 111.77721, 111.00566,
14.753330, 112.45890, 3.1907001, 111.58874, 110.80379,
14.764700, 104.56990, 3.3826619, 111.39160, 110.59778,
14.776080, 104.29040, 2.9367620, 111.18474, 110.38688,
14.787450, 109.64978, 3.0456947, 110.96786, 110.17115,
14.798820, 110.16615, 3.3968931, 110.74008, 109.95004,
14.810190, 101.00210, 3.0460348, 110.50068, 109.72318,
14.821550, 104.84450, 3.0940170, 110.24921, 109.49044,
14.832920, 103.53697, 3.4527649, 109.98452, 109.25107,
14.844280, 103.43445, 3.4224494, 109.70633, 109.00511,
14.855640, 99.236591, 3.7962961, 109.41370, 108.75201,
14.866990, 98.962584, 3.3764889, 109.10619, 108.49165,
14.878350, 105.21020, 3.1282936, 108.78250, 108.22320,
14.889710, 107.33515, 3.1770489, 108.44214, 107.94652,
14.901060, 104.74915, 3.6033666, 108.08470, 107.66152,
14.912410, 99.917276, 3.9015449, 107.70911, 107.36758,
14.923760, 111.56577, 3.4172438, 107.31455, 107.06432,
14.935100, 107.89047, 3.5886498, 106.90070, 106.75170,
14.946450, 102.98857, 4.2031520, 106.46592, 106.42873,
14.957790, 102.88552, 3.4239317, 106.01049, 106.09573,
14.969130, 107.27135, 3.5283972, 105.53627, 105.75287,
14.980470, 104.34939, 3.8424027, 105.04701, 105.40098,
14.991810, 106.68642, 4.0893277, 104.54663, 105.04098,
15.003140, 119.97437, 4.3304438, 104.03944, 104.67409,
15.014480, 112.60698, 3.7811064, 103.52848, 104.30061,
15.025810, 104.96639, 4.0032603, 103.01837, 103.92198,
15.037140, 116.99503, 4.6052835, 102.51263, 103.53886,
15.048460, 96.882391, 4.8921219, 102.01548, 103.15242,
15.059790, 116.62825, 4.2098184, 101.52994, 102.76289,
15.071110, 126.09998, 5.3172499, 101.06069, 102.37181,
15.082440, 111.40643, 3.3568187, 100.61076, 101.97938,
15.093750, 117.56382, 3.3406298, 100.18525, 101.58756,
15.105070, 113.90550, 3.6534456, 99.786828, 101.19615,
15.116390, 113.13818, 3.1456858, 99.419804, 100.80640,
15.127700, 106.92192, 3.1339474, 99.088386, 100.41953,
15.139020, 100.00961, 3.1545591, 98.795895, 100.03572,
15.150330, 103.40137, 3.2186848, 98.546825, 99.656558,
15.162390, 97.539719, 3.4419269, 98.333219, 99.257955,
15.174730, 105.74185, 4.2449362, 98.175154, 98.857291,
15.187070, 97.979662, 3.5739126, 98.083488, 98.465086,
15.199410, 95.109543, 3.8990193, 98.063487, 98.082431,
15.211740, 96.617575, 3.7882664, 98.119084, 97.710659,
15.224080, 94.634001, 4.3593023, 98.248382, 97.349160,
15.236410, 111.53500, 3.9366705, 98.447460, 96.998409,
15.248740, 93.032553, 4.6539050, 98.712748, 96.657927,
15.261060, 122.97575, 5.2846405, 99.040332, 96.327825,
15.273390, 114.22972, 4.4486744, 99.427205, 96.007379,
15.285710, 112.09052, 4.4893328, 99.869223, 95.696951,
15.298030, 108.47728, 4.1204898, 100.36314, 95.396157,
15.310350, 106.79053, 66.333024, 100.90558, 95.104794,
15.322660, 110.33847, 7.8690580, 101.49256, 94.822971,
15.334980, 110.17397, 4.0729728, 102.12165, 94.550080,
15.347290, 108.53918, 4.6707009, 102.78852, 94.286396,
15.359600, 110.22173, 4.3102269, 103.49031, 94.031559,
15.371900, 102.53272, 3.5393218, 104.22307, 93.785635,
15.384210, 115.28175, 4.2327008, 104.98477, 93.548063,
15.396510, 100.04893, 4.4263024, 105.77091, 93.319094,
15.408810, 112.97742, 3.6484671, 106.57876, 93.098422,
15.421110, 110.90540, 3.4640780, 107.40521, 92.885880,
15.433410, 112.47865, 3.1672511, 108.24691, 92.681370,
15.445700, 117.42760, 3.1998240, 109.10006, 92.484895,
15.457990, 121.58555, 3.8480581, 109.96211, 92.296168,
15.470280, 106.53202, 3.9886490, 110.82986, 92.115064,
15.482570, 117.18390, 3.9805853, 111.70014, 91.941461,
15.494860, 120.32193, 4.1875306, 112.56977, 91.775238,
15.507140, 113.46970, 2.9164255, 113.43488, 91.616397,
15.519420, 116.03728, 3.4196380, 114.29292, 91.464700,
15.531700, 109.51598, 3.0003875, 115.14083, 91.320010,
15.543980, 122.48322, 3.6244736, 115.97530, 91.182236,
15.556260, 119.99300, 3.0876689, 116.79324, 91.051246,
15.568530, 114.06880, 2.7927425, 117.59073, 90.927044,
15.580800, 113.37785, 2.9424676, 118.36525, 90.809408,
15.593070, 123.09665, 3.2007582, 119.11357, 90.698233,
15.605340, 123.54132, 3.7689601, 119.83251, 90.593414,
15.617600, 118.63978, 3.2245014, 120.52042, 90.494924,
15.629860, 124.06503, 3.1477119, 121.17908, 90.402583,
15.642120, 122.63650, 3.1035900, 121.80999, 90.316280,
15.654380, 132.99718, 4.2364009, 122.41444, 90.235930,
15.666640, 143.54445, 26.138560, 122.99388, 90.161424,
15.678890, 119.16078, 4.7557758, 123.54914, 90.092731,
15.691140, 118.14748, 3.5666983, 124.08206, 90.029692,
15.703390, 120.59770, 3.4861039, 124.59395, 89.972215,
15.715640, 120.68420, 3.7644474, 125.08610, 89.920211,
15.727890, 123.78950, 3.8464793, 125.55981, 89.873591,
15.740130, 121.83845, 3.8979230, 126.01600, 89.832297,
15.752370, 121.54583, 3.7419688, 126.45627, 89.796209,
15.764610, 120.21640, 3.4837896, 126.88195, 89.765237,
15.776850, 120.79265, 3.5174132, 127.29420, 89.739303,
15.789090, 119.26553, 3.5124692, 127.69433, 89.718320,
15.801320, 126.98680, 3.7336079, 128.08320, 89.702222,
15.813550, 120.46305, 3.7830767, 128.46237, 89.690911,
15.825780, 134.26455, 3.5692999, 128.83305, 89.684308,
15.838010, 138.14435, 3.5623354, 129.19645, 89.682337,
15.850230, 139.40115, 3.5004287, 129.55348, 89.684918,
15.862450, 132.73660, 3.4894604, 129.90560, 89.691974,
15.874670, 131.17115, 3.9127413, 130.25405, 89.703433,
15.886890, 138.19152, 3.6940996, 130.59998, 89.719223,
15.899110, 138.61478, 3.6539290, 130.94457, 89.739271,
15.911320, 137.66270, 3.6856900, 131.28875, 89.763487,
15.923540, 137.77697, 3.5917636, 131.63426, 89.791845,
15.935750, 143.62268, 4.4048740, 131.98171, 89.824227,
15.947960, 126.05365, 3.6119748, 132.33256, 89.860591,
15.960160, 119.22475, 3.5391533, 132.68772, 89.900836,
15.972370, 127.10937, 4.0148476, 133.04894, 89.944964,
15.984570, 141.64785, 3.8247426, 133.41681, 89.992837,
15.996770, 138.08103, 3.9708241, 133.79286, 90.044433,
16.008961, 136.75225, 4.2412399, 134.17796, 90.099643,
16.021160, 136.73640, 4.1436029, 134.57388, 90.158489,
16.033350, 135.47875, 4.7378676, 134.98124, 90.220823,
16.045549, 136.27455, 3.8608620, 135.40190, 90.286684,
16.057739, 142.77655, 8.9729203, 135.83643, 90.355912,
16.069920, 152.31140, 4.7508221, 136.28601, 90.428442,
16.082109, 130.71045, 4.1735368, 136.75261, 90.504332,
16.094290, 134.84260, 4.5497633, 137.23674, 90.583408,
16.106470, 158.07790, 10.566933, 137.74001, 90.665675,
16.118650, 124.45060, 4.7412233, 138.26371, 90.751079,
16.130831, 123.97912, 4.7805693, 138.80912, 90.839567,
16.143009, 126.04452, 5.1184182, 139.37745, 90.931074,
16.155180, 131.72112, 5.1138924, 139.96971, 91.025502,
16.167351, 136.29487, 6.8972020, 140.58759, 91.122858,
16.179520, 135.63868, 6.3004753, 141.23233, 91.223076,
16.191681, 132.30745, 6.8296391, 141.90494, 91.326058,
16.203850, 139.75930, 5.9018257, 142.60766, 91.431884,
16.216009, 140.60620, 6.5413622, 143.34086, 91.540358,
16.228170, 140.78120, 7.0952027, 144.10645, 91.651533,
16.240330, 155.31617, 6.4423015, 144.90328, 91.765328,
16.252489, 159.08477, 6.3818782, 145.72922, 91.881716,
16.264641, 155.41770, 6.0293639, 146.58148, 92.000577,
16.276791, 158.85293, 6.9687579, 147.45820, 92.121920,
16.288950, 155.48161, 6.0662075, 148.35802, 92.245819,
16.301090, 170.18735, 6.9041254, 149.27660, 92.371938,
16.313240, 171.41833, 6.5585636, 150.21388, 92.500528,
16.325380, 179.14962, 8.3770154, 151.16625, 92.631347,
16.337530, 196.00570, 5.2704955, 152.13302, 92.764560,
16.349670, 212.29735, 80.325851, 153.11052, 92.899919,
16.361799, 218.61670, 41.846359, 154.09645, 93.037355,
16.373940, 239.61393, 10.544034, 155.09051, 93.177091,
16.386070, 264.08200, 4.9106352, 156.08887, 93.318847,
16.398211, 279.73672, 5.0355706, 157.09097, 93.462808,
16.410339, 289.61448, 5.4141757, 158.09296, 93.608689,
16.422461, 296.46912, 5.0663630, 159.09302, 93.756492,
16.434589, 303.33266, 6.3236865, 160.09030, 93.906369,
16.446711, 290.04640, 5.5543843, 161.08142, 94.058096,
16.458839, 290.78292, 5.8382051, 162.06550, 94.211828,
16.470961, 276.38382, 5.3553825, 163.03918, 94.367338,
16.483070, 284.48567, 6.7933912, 164.00004, 94.524537,
16.495190, 284.28242, 11.259003, 164.94762, 94.683665,
16.500280, 221.30440, 7.8792235, 165.34094, 94.751038,
16.513599, 228.36090, 6.6251175, 166.35532, 94.928768,
16.526911, 224.92090, 6.0580679, 167.34560, 95.108476,
16.540211, 217.97292, 6.1993765, 168.30868, 95.290062,
16.553520, 208.74165, 6.0425572, 169.24317, 95.473772,
16.566820, 204.46805, 5.8955358, 170.14481, 95.659301,
16.580120, 183.23160, 5.1018201, 171.01134, 95.846739,
16.593420, 183.82375, 4.7452702, 171.83979, 96.036047,
16.606710, 175.69068, 4.8546220, 172.62660, 96.227047,
16.620001, 178.08038, 4.3962781, 173.36937, 96.419835,
16.633301, 203.41903, 5.0260144, 174.06551, 96.614515,
16.646589, 196.27780, 5.0748856, 174.71085, 96.810740,
16.659870, 171.10785, 4.9890978, 175.30255, 97.008526,
16.673149, 178.74218, 4.0203366, 175.83775, 97.207920,
16.686440, 182.80027, 3.8554103, 176.31373, 97.409089,
16.699711, 178.88668, 3.7987110, 176.72689, 97.611533,
16.712990, 173.59572, 3.8518265, 177.08192, 97.815622,
16.726271, 164.86095, 4.2324280, 177.38583, 98.021236,
16.739540, 176.65205, 3.8853747, 177.64557, 98.228132,
16.752810, 179.19748, 4.2482373, 177.86860, 98.436453,
16.766081, 182.75885, 3.7757425, 178.06206, 98.646197,
16.779341, 179.63403, 3.9450473, 178.23290, 98.857116,
16.792601, 178.76840, 4.2784111, 178.38838, 99.069361,
16.805870, 185.92347, 11.351135, 178.53568, 99.283052,
16.819120, 171.24752, 14.524018, 178.68155, 99.497696,
16.832380, 175.64660, 5.1218749, 178.83335, 99.713724,
16.845631, 168.34837, 4.2439177, 178.99794, 99.930795,
16.858891, 165.84900, 4.5415567, 179.18262, 100.14919,
16.872141, 176.78930, 4.9858633, 179.39420, 100.36856,
16.885380, 182.05693, 5.7983081, 179.63968, 100.58886,
16.898630, 168.40520, 4.5910659, 179.92659, 100.81042,
16.911869, 170.12365, 4.3550586, 180.26159, 101.03283,
16.925110, 182.35180, 4.2502230, 180.65213, 101.25630,
16.938351, 175.65225, 4.0931421, 181.10538, 101.48075,
16.951580, 173.53962, 4.1283053, 181.62812, 101.70597,
16.964821, 180.87843, 4.9502023, 182.22437, 101.93232,
16.978050, 196.93217, 4.6587862, 182.88458, 102.15939,
16.991270, 177.00723, 4.2256767, 183.59818, 102.38716,
17.004499, 197.42575, 3.8540000, 184.35572, 102.61595,
17.017719, 256.56610, 5.4080043, 185.14569, 102.84540,
17.030951, 479.76528, 5.8818115, 185.95893, 103.07584,
17.044161, 462.41911, 5.8991424, 186.78304, 103.30669,
17.057381, 233.05627, 3.9699016, 187.60956, 103.53845,
17.070601, 189.10012, 3.6375665, 188.42752, 103.77093,
17.083811, 185.54993, 3.5560920, 189.22597, 104.00394,
17.097019, 189.56925, 3.6933285, 189.99503, 104.23758,
17.110229, 185.93905, 3.9596262, 190.72454, 104.47189,
17.123430, 189.69703, 4.2014259, 191.40349, 104.70665,
17.136641, 186.61523, 4.1869574, 192.02242, 104.94218,
17.149839, 189.33125, 4.3329327, 192.56987, 105.17807,
17.163040, 177.73710, 8.4420040, 193.03593, 105.41453,
17.176229, 178.71277, 4.7341643, 193.40966, 105.65131,
17.189430, 182.95250, 4.8345224, 193.68105, 105.88879,
17.202620, 195.35778, 5.6124625, 193.83890, 106.12654,
17.215811, 196.91203, 5.3952784, 193.87271, 106.36477,
17.229000, 187.73227, 5.1481733, 193.77157, 106.60339,
17.242180, 188.74750, 4.9518220, 193.52477, 106.84223,
17.255369, 201.48183, 4.7375029, 193.12621, 107.08163,
17.268551, 191.83865, 5.1815084, 192.58360, 107.32124,
17.281719, 198.39238, 5.0120109, 191.90664, 107.56094,
17.294901, 208.09047, 5.1531076, 191.10294, 107.80119,
17.308069, 205.77223, 5.5223120, 190.18304, 108.04148,
17.321251, 207.84260, 4.6710559, 189.15387, 108.28228,
17.334410, 225.43353, 5.6582214, 188.02712, 108.52290,
17.347580, 248.49820, 5.4684752, 186.80862, 108.76394,
17.360750, 240.49817, 5.7183873, 185.50788, 109.00519,
17.373911, 247.67527, 5.3649035, 184.13447, 109.24642,
17.387070, 232.08450, 4.9721405, 182.69611, 109.48778,
17.400230, 217.62055, 5.2479895, 181.20081, 109.72930,
17.413380, 216.05068, 4.5889332, 179.65848, 109.97071,
17.426540, 226.91025, 4.9115835, 178.07476, 110.21241,
17.439690, 212.89870, 4.9130304, 176.46068, 110.45397,
17.452841, 209.93732, 5.1706527, 174.82290, 110.69561,
17.465981, 184.26853, 6.9533417, 173.17133, 110.93704,
17.479130, 199.75542, 5.4120523, 171.51154, 111.17866,
17.492270, 191.60805, 5.9048621, 169.85416, 111.42006,
17.505409, 174.80867, 5.0167245, 168.20618, 111.66142,
17.518551, 175.43665, 6.2529647, 166.57556, 111.90275,
17.531679, 197.62597, 6.3078746, 164.97240, 112.14374,
17.544821, 184.93793, 6.4840083, 163.40166, 112.38485,
17.557949, 173.36490, 6.1755201, 161.87478, 112.62559,
17.571079, 166.36380, 6.7567763, 160.39822, 112.86620,
17.584200, 157.03642, 7.3981326, 158.98151, 113.10646,
17.597330, 158.26055, 6.4766064, 157.63096, 113.34669,
17.610451, 149.18853, 6.1108373, 156.35594, 113.58652,
17.623569, 157.32345, 5.9515151, 155.15587, 113.82607,
17.636690, 165.04533, 7.0668538, 154.02742, 114.06539,
17.649799, 164.92240, 6.9504547, 152.96872, 114.30420,
17.662910, 159.92487, 6.9920401, 151.97574, 114.54274,
17.676029, 170.52762, 6.4545088, 151.04528, 114.78108,
17.689131, 172.84768, 6.0361131, 150.17624, 115.01875,
17.702240, 170.31548, 8.5717012, 149.36417, 115.25618,
17.715349, 150.54735, 7.6181012, 148.60689, 115.49320,
17.728451, 174.70365, 7.6957680, 147.90214, 115.72966,
17.741550, 163.96155, 5.4751986, 147.24693, 115.96563,
17.754641, 176.53558, 4.5942572, 146.63900, 116.20096,
17.767740, 168.94513, 4.5379219, 146.07493, 116.43597,
17.780830, 179.58377, 5.4789606, 145.55302, 116.67029,
17.793921, 183.87392, 4.8167179, 145.07037, 116.90406,
17.807011, 187.81202, 4.9718487, 144.62454, 117.13727,
17.820101, 190.25655, 5.1085798, 144.21309, 117.36990,
17.833179, 185.54398, 4.5705360, 143.83395, 117.60170,
17.846270, 172.97825, 4.6824713, 143.48408, 117.83307,
17.859341, 165.01748, 5.0474171, 143.16193, 118.06344,
17.872419, 170.37593, 10.192133, 142.86448, 118.29326,
17.885500, 157.19468, 7.0576339, 142.58958, 118.52241,
17.898569, 160.39652, 5.0956668, 142.33519, 118.75062,
17.911640, 169.79280, 6.7507515, 142.09876, 118.97810,
17.924709, 149.49398, 5.8687322, 141.87810, 119.20477,
17.937780, 161.54200, 7.4584412, 141.67090, 119.43066,
17.941250, 159.56235, 5.0017996, 141.61788, 119.49048,
17.955721, 141.89143, 4.8128909, 141.40437, 119.73934,
17.970181, 150.14005, 5.1661152, 141.20107, 119.98693,
17.984650, 144.08235, 6.3625180, 141.00465, 120.23359,
17.999109, 129.00250, 6.9455621, 140.81238, 120.47894,
18.013571, 138.08330, 7.6765910, 140.62111, 120.72315,
18.028021, 148.29040, 6.5078454, 140.42801, 120.96596,
18.042480, 130.03327, 5.3095678, 140.22981, 121.20768,
18.056931, 125.24785, 5.3754772, 140.02377, 121.44795,
18.071381, 139.10420, 4.6199040, 139.80676, 121.68690,
18.085819, 146.58952, 5.2035785, 139.57596, 121.92430,
18.100269, 134.27258, 5.0629772, 139.32798, 122.16049,
18.114710, 145.43613, 5.0094600, 139.06085, 122.39508,
18.129150, 131.20737, 4.3867826, 138.77482, 122.62819,
18.143579, 130.00617, 4.1848072, 138.47117, 122.85960,
18.158020, 137.12395, 4.1448636, 138.15041, 123.08964,
18.172449, 137.54540, 5.2007750, 137.81406, 123.31789,
18.186880, 119.29033, 4.6268970, 137.46279, 123.54453,
18.201300, 129.82653, 4.1749043, 137.09792, 123.76931,
18.215719, 124.94093, 4.4047853, 136.72012, 123.99236,
18.230150, 130.11655, 4.1312322, 136.33001, 124.21382,
18.244560, 132.37352, 4.7652536, 135.92942, 124.43314,
18.258980, 131.05558, 4.6373341, 135.51843, 124.65075,
18.273390, 128.79795, 4.8573838, 135.09850, 124.86631,
18.287800, 130.09292, 5.1622257, 134.67025, 125.07992,
18.302210, 127.40752, 4.8601691, 134.23458, 125.29154,
18.316620, 131.16507, 4.4456738, 133.79237, 125.50112,
18.331020, 142.47085, 4.2936601, 133.34482, 125.70846,
18.345421, 145.19585, 6.9870063, 132.89249, 125.91367,
18.359819, 141.16437, 4.8655355, 132.43632, 126.11667,
18.374210, 132.08712, 4.1080379, 131.97737, 126.31732,
18.388611, 116.61365, 4.5021243, 131.51594, 126.51581,
18.403000, 112.46172, 4.1336400, 131.05357, 126.71180,
18.417379, 122.02328, 3.4214276, 130.59106, 126.90528,
18.431770, 136.63835, 3.4965996, 130.12860, 127.09647,
18.446150, 127.81078, 3.3944014, 129.66777, 127.28500,
18.460529, 129.13523, 3.6762467, 129.20908, 127.47099,
18.474911, 127.26393, 3.8862617, 128.75331, 127.65439,
18.489281, 124.21945, 3.9256217, 128.30175, 127.83498,
18.503660, 127.91248, 4.5791637, 127.85460, 128.01297,
18.518030, 131.56203, 4.4769784, 127.41330, 128.18814,
18.532391, 128.68935, 4.3690994, 126.97860, 128.36065,
18.546761, 130.09747, 4.5704973, 126.55070, 128.53092,
18.561119, 127.11965, 4.8119037, 126.13099, 128.69887,
18.575480, 127.69470, 4.9808192, 125.71985, 128.86483,
18.589840, 132.63755, 4.7927602, 125.31814, 129.02896,
18.604191, 136.65353, 4.5456938, 124.92691, 129.19133,
18.618549, 136.91575, 4.2254601, 124.54648, 129.35230,
18.632900, 132.02608, 4.3232718, 124.17809, 129.51188,
18.647240, 126.17485, 4.0295398, 123.82262, 129.67019,
18.661591, 131.85113, 4.6863455, 123.48035, 129.82766,
18.675930, 136.81662, 4.6794426, 123.15267, 129.98422,
18.690269, 151.71532, 5.5180770, 122.84016, 130.14016,
18.704611, 147.32395, 4.0608686, 122.54365, 130.29566,
18.718941, 144.41957, 3.7242702, 122.26428, 130.45076,
18.733271, 142.47458, 4.0038173, 122.00272, 130.60576,
18.747601, 149.98405, 4.1470938, 121.75987, 130.76081,
18.761930, 146.18927, 4.9980303, 121.53667, 130.91610,
18.776260, 151.17520, 4.8600443, 121.33407, 131.07179,
18.790581, 151.45108, 4.8329534, 121.15314, 131.22794,
18.804899, 150.71340, 5.4648093, 120.99474, 131.38482,
18.819220, 153.40780, 5.1605941, 120.85984, 131.54262,
18.833530, 163.84259, 5.4825816, 120.74954, 131.70141,
18.847839, 152.23062, 5.4051453, 120.66480, 131.86142,
18.862150, 164.06683, 6.3899793, 120.60666, 132.02288,
18.876459, 177.58045, 6.7033212, 120.57623, 132.18592,
18.890770, 177.38007, 5.8741818, 120.57461, 132.35074,
18.905069, 190.34810, 6.6233190, 120.60290, 132.51737,
18.919371, 169.50965, 5.2475659, 120.66227, 132.68613,
18.933670, 163.42625, 5.5585705, 120.75389, 132.85715,
18.947960, 162.55597, 5.1592429, 120.87888, 133.03052,
18.962250, 165.23840, 5.1403307, 121.03853, 133.20651,
18.976540, 155.74890, 5.1699724, 121.23413, 133.38532,
18.990829, 169.52035, 5.3551618, 121.46697, 133.56711,
19.005119, 150.52285, 4.5382984, 121.73839, 133.75206,
19.019400, 154.81115, 5.1402350, 122.04954, 133.94022,
19.033680, 148.68187, 4.6509885, 122.40199, 134.13191,
19.047960, 159.74147, 5.0456953, 122.79718, 134.32729,
19.062229, 145.36603, 6.9651340, 123.23621, 134.52639,
19.076500, 183.09793, 16.431665, 123.72096, 134.72958,
19.090771, 178.57550, 12.737478, 124.25293, 134.93702,
19.105040, 159.61365, 8.3428326, 124.83362, 135.14885,
19.119310, 170.96673, 7.8283863, 125.46483, 135.36534,
19.133570, 143.59587, 7.8841205, 126.14758, 135.58645,
19.147829, 133.14697, 7.1328234, 126.88409, 135.81255,
19.162090, 121.64810, 7.1805275, 127.67622, 136.04387,
19.176340, 146.58195, 7.8889624, 128.52500, 136.28038,
19.190599, 135.83290, 9.0178364, 129.43351, 136.52262,
19.204849, 132.21000, 8.2389932, 130.40247, 136.77046,
19.219101, 123.95300, 6.0410055, 131.43456, 137.02430,
19.233339, 140.54580, 6.5894515, 132.53062, 137.28407,
19.247580, 139.11093, 6.4845132, 133.69380, 137.55022,
19.261820, 141.28435, 6.9864289, 134.92611, 137.82295,
19.276060, 144.00143, 7.9015381, 136.22973, 138.10245,
19.290300, 136.66593, 6.7048222, 137.60690, 138.38894,
19.304529, 131.45865, 6.7240792, 139.05875, 138.68238,
19.318760, 136.65925, 5.9326037, 140.58892, 138.98327,
19.332991, 143.25348, 8.2446893, 142.19968, 139.29178,
19.347219, 129.11685, 7.0689179, 143.89331, 139.60809,
19.361441, 138.66420, 6.8442146, 145.67161, 139.93227,
19.375660, 145.32360, 7.5754627, 147.53786, 140.26470,
19.389879, 133.51240, 7.4432985, 149.49504, 140.60562,
19.404100, 135.36468, 10.505425, 151.54622, 140.95532,
19.418310, 118.37338, 12.002079, 153.69227, 141.31370,
19.432520, 144.27575, 10.659783, 155.93775, 141.68127,
