# wave, flux, fluxerr, continuum, continuum_plateau
9.9725246, 99.561283, 3.8955613, 115.02691, 114.89941,
9.9806166, 96.990658, 4.0418780, 113.51636, 113.40951,
9.9887066, 88.738110, 3.4836917, 112.03916, 111.95054,
9.9967957, 94.189856, 3.4801399, 110.59531, 110.52266,
10.004880, 91.647650, 4.0968318, 109.18564, 109.12688,
10.012970, 93.656235, 3.6192209, 107.80851, 107.76174,
10.021050, 85.028200, 3.6601431, 106.46673, 106.43018,
10.029140, 88.688814, 4.0178773, 105.15733, 105.12941,
10.037220, 95.301819, 4.0081052, 103.88378, 103.86303,
10.045300, 96.197004, 3.9543695, 102.64459, 102.62971,
10.053380, 94.664227, 4.0530773, 101.43988, 101.42968,
10.061460, 91.223328, 4.2891329, 100.27018, 100.26361,
10.069540, 94.477051, 4.5456185, 99.135476, 99.131619,
10.077610, 92.570997, 4.1806855, 98.037593, 98.035638,
10.085690, 89.504494, 4.2532923, 96.974083, 96.973335,
10.093760, 103.87696, 3.8259068, 95.947751, 95.947618,
10.101830, 94.409479, 3.8830513, 94.957624, 94.957613,
10.109900, 95.114195, 3.2166584, 94.003905, 94.003616,
10.117970, 93.744017, 3.5519304, 93.087144, 93.086262,
10.126040, 93.847940, 3.4608500, 92.207559, 92.205850,
10.134100, 97.007507, 3.4225583, 91.366567, 91.363870,
10.142170, 92.723478, 3.4560249, 90.562330, 90.558552,
10.150230, 89.726265, 3.5896910, 89.797218, 89.792326,
10.158300, 87.436056, 3.4890033, 89.069794, 89.063809,
10.166360, 88.272387, 2.9604972, 88.382244, 88.375236,
10.174420, 96.601925, 3.4228155, 87.733917, 87.725999,
10.182470, 93.191929, 3.3894102, 87.126071, 87.117389,
10.190530, 87.923283, 3.3983906, 86.557603, 86.548331,
10.198590, 86.831367, 3.1380136, 86.029628, 86.019962,
10.206640, 84.392582, 3.3834969, 85.543260, 85.533412,
10.214690, 81.986164, 3.3104149, 85.098238, 85.088426,
10.222750, 90.103052, 3.8737307, 84.694569, 84.685014,
10.230800, 84.156284, 3.6719309, 84.333682, 84.324600,
10.238850, 87.626726, 3.3302316, 84.015560, 84.007151,
10.246890, 91.757412, 3.4106757, 83.740998, 83.733445,
10.254940, 86.669544, 3.3720988, 83.509855, 83.503313,
10.262990, 85.175119, 4.2851415, 83.323000, 83.317592,
10.271030, 93.517263, 4.8339420, 83.181109, 83.176912,
10.279070, 84.753805, 3.9901418, 83.084486, 83.081532,
10.287120, 80.431740, 3.3756824, 83.033631, 83.031896,
10.295150, 79.285652, 3.5000952, 83.029223, 83.028615,
10.303190, 87.709045, 3.7536683, 83.071714, 83.072075,
10.311230, 82.670298, 3.3643666, 83.160568, 83.161715,
10.319270, 87.774010, 3.3136491, 83.293786, 83.295569,
10.327300, 85.076378, 4.5353351, 83.468996, 83.471299,
10.335340, 77.547806, 4.6452219, 83.684533, 83.687268,
10.343370, 84.000582, 4.0889590, 83.937837, 83.940935,
10.351400, 86.867887, 3.9513707, 84.227015, 84.230419,
10.359430, 88.107121, 4.0188614, 84.550037, 84.553697,
10.367460, 84.597281, 4.1944823, 84.904854, 84.908723,
10.375480, 86.112267, 5.0461696, 85.288906, 85.292934,
10.383510, 85.153746, 4.9400809, 85.701170, 85.705296,
10.391530, 86.719769, 5.6748565, 86.138604, 86.142756,
10.399560, 73.811975, 3.8733771, 86.600234, 86.604322,
10.407580, 89.200142, 2.9479286, 87.082958, 87.086870,
10.415600, 88.915924, 3.5423783, 87.585254, 87.588855,
10.423620, 80.315279, 3.5468922, 88.105250, 88.108375,
10.431640, 82.136351, 2.9467141, 88.640836, 88.643291,
10.439650, 90.210762, 3.4795763, 89.189431, 89.190987,
10.447670, 88.553883, 3.2917221, 89.750432, 89.750825,
10.455680, 87.705849, 3.0965804, 90.320506, 90.319439,
10.463700, 96.569481, 3.4145587, 90.900300, 90.897485,
10.471710, 91.929466, 3.8096641, 91.488046, 91.483233,
10.479720, 86.767820, 3.5394311, 92.084255, 92.077225,
10.487730, 90.207148, 3.1439821, 92.688686, 92.679255,
10.495730, 89.634014, 3.4279248, 93.300369, 93.288385,
10.503740, 93.485397, 4.4130362, 93.920527, 93.905862,
10.511750, 96.832232, 4.5780738, 94.548202, 94.530759,
10.519750, 104.92015, 4.7025120, 95.182327, 95.162040,
10.527750, 99.823109, 4.9382511, 95.823567, 95.800393,
10.535750, 97.887140, 4.3509950, 96.471620, 96.445541,
10.543750, 95.079967, 4.7163333, 97.126185, 97.097205,
10.551750, 97.808844, 5.4343402, 97.787194, 97.755339,
10.559750, 90.242346, 6.5141561, 98.454268, 98.419589,
10.567850, 103.89594, 3.2674290, 99.135809, 99.098340,
10.576350, 101.77989, 3.2842249, 99.857255, 99.816956,
10.584840, 106.93457, 3.3828068, 100.58398, 100.54098,
10.593340, 112.34084, 3.4544129, 101.31753, 101.27196,
10.601830, 111.01057, 3.3874148, 102.05582, 102.00786,
10.610330, 108.12526, 3.4005941, 102.80045, 102.75027,
10.618820, 113.85540, 3.6859240, 103.54939, 103.49719,
10.627310, 114.47876, 3.1684108, 104.30315, 104.24915,
10.635800, 115.04508, 3.4812181, 105.06165, 105.00609,
10.644280, 119.97309, 5.9299217, 105.82361, 105.76673,
10.652770, 105.78312, 5.5186857, 106.59059, 106.53266,
10.661250, 110.91428, 3.5577282, 107.36062, 107.30191,
10.669740, 114.17785, 3.9567852, 108.13518, 108.07598,
10.678220, 118.04989, 3.8682638, 108.91231, 108.85292,
10.686700, 110.75993, 3.5360983, 109.69262, 109.63336,
10.695180, 112.45697, 3.6240539, 110.47588, 110.41706,
10.703650, 116.71105, 4.0822903, 111.26096, 111.20293,
10.712130, 122.05775, 4.2383771, 112.04931, 111.99241,
10.720600, 126.94947, 3.6232122, 112.83910, 112.78368,
10.729080, 121.17856, 3.6520070, 113.63177, 113.57820,
10.737550, 128.87455, 3.7697379, 114.42523, 114.37387,
10.746020, 126.09578, 4.0199452, 115.22030, 115.17155,
10.754490, 123.53715, 3.7437995, 116.01658, 115.97082,
10.762960, 122.75270, 3.5832155, 116.81401, 116.77164,
10.771420, 130.91378, 3.8286672, 117.61120, 117.57261,
10.779890, 128.70957, 4.0223671, 118.41006, 118.37568,
10.788350, 130.25542, 3.5450867, 119.20830, 119.17854,
10.796810, 123.74401, 3.9570192, 120.00667, 119.98197,
10.805270, 132.24830, 4.0553478, 120.80494, 120.78574,
10.813730, 119.36927, 3.7036157, 121.60289, 121.58963,
10.822190, 123.88303, 3.8701473, 122.40028, 122.39342,
10.830650, 119.90001, 3.9013170, 123.19687, 123.19687,
10.839100, 125.36553, 4.3046662, 123.99150, 123.99881,
10.847560, 127.46652, 3.9609419, 124.78605, 124.80113,
10.856010, 134.63180, 4.3080013, 125.57861, 125.60188,
10.864460, 132.57505, 4.2072191, 126.36996, 126.40179,
10.872910, 144.90403, 4.9364673, 127.16014, 127.20091,
10.881360, 136.50014, 4.4930417, 127.94920, 127.99926,
10.889800, 138.20672, 4.2079667, 128.73605, 128.79569,
10.898250, 136.33415, 5.9708840, 129.52251, 129.59203,
10.906690, 142.30015, 8.3099088, 130.30677, 130.38643,
10.915140, 152.59770, 4.8991437, 131.09065, 131.18070,
10.923580, 164.09595, 5.4872893, 131.87216, 131.97281,
10.932020, 169.91480, 6.4623850, 132.65224, 132.76368,
10.940460, 163.35015, 5.8788434, 133.43084, 133.55325,
10.948890, 168.46130, 5.9688751, 134.20697, 134.34048,
10.957330, 167.26170, 4.8460802, 134.98252, 135.12726,
10.965760, 177.48083, 5.1320880, 135.75559, 135.91165,
10.974200, 192.03612, 4.9074175, 136.52791, 136.69538,
10.982630, 218.33002, 6.0975806, 137.29758, 137.47652,
10.991060, 226.21197, 6.3164159, 138.06563, 138.25607,
10.999490, 232.48355, 5.6332959, 138.83183, 139.03378,
11.007920, 213.55548, 5.3989087, 139.59631, 139.80976,
11.016340, 220.03767, 14.471038, 140.35799, 140.58291,
11.024770, 214.42560, 25.466945, 141.11864, 141.35499,
11.033190, 218.61815, 6.8614142, 141.87650, 142.12420,
11.041610, 216.27068, 3.9180417, 142.63237, 142.89134,
11.050030, 210.68285, 4.0313641, 143.38622, 143.65635,
11.058450, 216.60708, 4.5620046, 144.13799, 144.41916,
11.066870, 211.07185, 4.1784569, 144.88764, 145.17971,
11.075290, 209.40918, 4.2772952, 145.63512, 145.93792,
11.083700, 210.97682, 4.4536806, 146.37954, 146.69288,
11.092120, 206.54408, 4.5512285, 147.12253, 147.44624,
11.100530, 209.63232, 5.4182765, 147.86228, 148.19613,
11.108940, 231.02138, 5.1517843, 148.59975, 148.94351,
11.117350, 244.62395, 7.3709777, 149.33471, 149.68814,
11.120570, 244.41685, 5.3340423, 149.61553, 149.97259,
11.129530, 259.94462, 5.0258435, 150.39485, 150.76181,
11.138500, 276.92635, 5.0870163, 151.17218, 151.54874,
11.147460, 307.57642, 5.5551026, 151.94565, 152.33145,
11.156430, 346.34064, 5.9605793, 152.71699, 153.11170,
11.165390, 394.40173, 6.0385178, 153.48434, 153.88756,
11.174350, 462.01962, 6.3977999, 154.24853, 154.65989,
11.183300, 542.25135, 7.2387189, 155.00868, 155.42776,
11.192260, 624.24303, 7.9660135, 155.76634, 156.19274,
11.201220, 690.62923, 7.8513544, 156.52063, 156.95392,
11.210170, 705.71851, 7.8517856, 157.27068, 157.71040,
11.219120, 724.90027, 8.3884818, 158.01721, 158.46291,
11.228070, 737.14189, 8.5395704, 158.76016, 159.21137,
11.237020, 739.14485, 8.6745697, 159.49937, 159.95561,
11.245970, 739.84888, 8.1900572, 160.23491, 160.69569,
11.254920, 721.70020, 8.4468787, 160.96663, 161.43145,
11.263860, 710.58937, 8.4142959, 161.69359, 162.16195,
11.272800, 688.74084, 7.9477087, 162.41666, 162.88803,
11.281750, 675.94699, 8.0321478, 163.13636, 163.61022,
11.290690, 646.75400, 8.3086281, 163.85123, 164.32704,
11.299630, 609.21722, 8.0173285, 164.56179, 165.03902,
11.308560, 590.10423, 7.6655859, 165.26729, 165.74539,
11.317500, 561.68312, 7.4804985, 165.96914, 166.44757,
11.326430, 548.99893, 7.7084768, 166.66576, 167.14396,
11.335370, 509.97090, 7.7606938, 167.35854, 167.83596,
11.344300, 489.28918, 7.4614382, 168.04591, 168.52200,
11.353230, 465.06770, 6.6255078, 168.72853, 169.20272,
11.362160, 450.84627, 6.8051771, 169.40621, 169.87795,
11.371080, 428.21645, 6.5395948, 170.07829, 170.54703,
11.380010, 418.49495, 6.3215041, 170.74597, 171.21115,
11.388930, 406.90639, 6.1636465, 171.40786, 171.86893,
11.397850, 383.44962, 6.1439062, 172.06444, 172.52085,
11.406780, 370.18033, 6.1098838, 172.71642, 173.16763,
11.415700, 368.87122, 5.6783613, 173.36219, 173.80765,
11.424610, 354.96807, 5.6263785, 174.00170, 174.44091,
11.433530, 344.64265, 5.7435941, 174.63623, 175.06864,
11.442450, 338.98090, 5.6601943, 175.26498, 175.69008,
11.451360, 320.44897, 5.2472678, 175.88716, 176.30445,
11.460270, 314.79035, 5.3055832, 176.50334, 176.91233,
11.469180, 298.08845, 5.3509309, 177.11341, 177.51361,
11.478090, 302.55360, 5.4979994, 177.71723, 178.10819,
11.487000, 294.90157, 5.1055224, 178.31469, 178.69594,
11.495910, 281.90980, 5.2130446, 178.90561, 179.27672,
11.504810, 275.79515, 5.3096049, 179.48936, 179.84991,
11.513710, 268.09532, 5.5552618, 180.06632, 180.41592,
11.522620, 261.53640, 6.6459785, 180.63710, 180.97535,
11.531520, 267.62542, 6.6358476, 181.20022, 181.52677,
11.540420, 260.76765, 5.2502443, 181.75622, 182.07073,
11.549310, 260.68440, 5.6456578, 182.30439, 182.60654,
11.558210, 249.68077, 5.1836191, 182.84580, 183.13530,
11.567100, 243.23925, 5.0974263, 183.37900, 183.65560,
11.576000, 243.00407, 5.2697812, 183.90520, 184.16865,
11.584890, 233.75970, 5.4762684, 184.42297, 184.67307,
11.593780, 232.85145, 5.4220725, 184.93272, 185.16930,
11.602670, 228.19028, 5.1468958, 185.43442, 185.65732,
11.611560, 227.35654, 5.5501179, 185.92784, 186.13697,
11.620440, 225.42928, 6.1385827, 186.41228, 186.60757,
11.629330, 224.47245, 5.5980841, 186.88870, 187.07010,
11.638210, 218.49670, 5.3570873, 187.35588, 187.52341,
11.647090, 219.68790, 6.1424333, 187.81412, 187.96782,
11.655970, 205.11880, 5.9762786, 188.26329, 188.40325,
11.664850, 200.48127, 4.7964632, 188.70328, 188.82963,
11.673730, 207.75727, 4.1281823, 189.13381, 189.24672,
11.682600, 204.98755, 4.6606347, 189.55431, 189.65402,
11.691480, 208.21140, 4.2618673, 189.96550, 190.05227,
11.700350, 197.14870, 4.3936841, 190.36631, 190.44049,
11.709220, 201.62120, 4.6831892, 190.75700, 190.81897,
11.718090, 199.14460, 4.6801617, 191.13739, 191.18758,
11.726960, 192.02272, 4.4130470, 191.50727, 191.54618,
11.735830, 197.24775, 5.2158304, 191.86645, 191.89464,
11.744690, 188.43998, 5.0840534, 192.21433, 192.23242,
11.753560, 197.65265, 4.8314494, 192.55152, 192.56019,
11.762420, 189.16892, 4.5511959, 192.87702, 192.87702,
11.771280, 194.35188, 6.5513246, 193.19113, 193.18326,
11.775020, 194.77170, 4.7892891, 193.32028, 193.30933,
11.784500, 192.49280, 4.9119886, 193.63878, 193.62059,
11.793980, 195.67667, 4.9045881, 193.94461, 193.91996,
11.803460, 197.57407, 6.0439575, 194.23804, 194.20766,
11.812940, 195.20690, 4.5687455, 194.51923, 194.48380,
11.822420, 201.52960, 4.8162357, 194.78844, 194.74857,
11.831890, 197.31065, 4.7767224, 195.04556, 195.00182,
11.841360, 196.07222, 4.5693501, 195.29109, 195.24400,
11.850840, 194.74300, 4.3987735, 195.52546, 195.47550,
11.860310, 201.43463, 4.6311073, 195.74838, 195.69598,
11.869770, 208.10732, 4.7824860, 195.96007, 195.90563,
11.879240, 206.64140, 4.5602667, 196.16114, 196.10500,
11.888710, 213.09802, 4.4625652, 196.35154, 196.29403,
11.898170, 210.81032, 4.5366437, 196.53127, 196.47267,
11.907630, 214.49110, 4.6632112, 196.70067, 196.64125,
11.917090, 217.92032, 5.7900616, 196.85994, 196.79994,
11.926550, 221.15761, 4.4340084, 197.00922, 196.94883,
11.936010, 216.91052, 4.4493960, 197.14867, 197.08809,
11.945470, 213.97797, 4.5267391, 197.27844, 197.21782,
11.954920, 218.04872, 4.4833338, 197.39855, 197.33805,
11.964370, 218.83585, 4.6692600, 197.50930, 197.44904,
11.973830, 220.30577, 4.4137874, 197.61093, 197.55104,
11.983280, 225.94543, 4.5257046, 197.70335, 197.64392,
11.992720, 223.10648, 4.4638244, 197.78672, 197.72786,
12.002170, 222.57580, 4.3038868, 197.86135, 197.80316,
12.011610, 211.09655, 4.1834657, 197.92723, 197.86978,
12.021060, 217.51510, 4.4060441, 197.98459, 197.92798,
12.030500, 215.95505, 4.3897445, 198.03345, 197.97774,
12.039940, 213.05558, 4.2624560, 198.07397, 198.01926,
12.049380, 208.59905, 4.6594827, 198.10629, 198.05266,
12.058820, 216.54422, 4.3851438, 198.13049, 198.07803,
12.068250, 221.93985, 4.5071549, 198.14669, 198.09549,
12.077690, 209.89412, 4.2718625, 198.15501, 198.10519,
12.087120, 212.15462, 4.1918204, 198.15555, 198.10721,
12.096550, 209.89710, 4.2841711, 198.14840, 198.10168,
12.105980, 206.96857, 4.4008560, 198.13367, 198.08870,
12.115410, 205.24745, 4.3965413, 198.11144, 198.06838,
12.124830, 207.49037, 4.2384039, 198.08184, 198.04087,
12.134260, 207.31998, 4.3341725, 198.04490, 198.00620,
12.143680, 207.10350, 4.4940815, 198.00077, 197.96456,
12.153100, 206.03055, 4.5606171, 197.94950, 197.91602,
12.162520, 221.14127, 5.6827789, 197.89116, 197.86066,
12.171940, 207.68368, 4.4653884, 197.82583, 197.79861,
12.181360, 206.90033, 4.6084482, 197.75359, 197.72995,
12.190770, 204.32293, 4.6437479, 197.67459, 197.65487,
12.200180, 218.92305, 4.7036633, 197.58882, 197.57339,
12.209600, 194.01263, 4.4017380, 197.49624, 197.48551,
12.219010, 196.37335, 4.5498742, 197.39712, 197.39152,
12.228420, 197.48582, 4.7482807, 197.29142, 197.29142,
12.237820, 198.49398, 4.6805491, 197.17934, 197.18543,
12.247230, 200.09135, 4.6895533, 197.06072, 197.07337,
12.256630, 212.23008, 4.8800582, 196.93594, 196.95556,
12.266040, 264.02103, 5.6948293, 196.80485, 196.83182,
12.275440, 546.84622, 7.9719639, 196.66782, 196.70247,
12.284840, 612.48476, 8.5019337, 196.52485, 196.56747,
12.294230, 279.09895, 5.8709122, 196.37616, 196.42700,
12.303630, 218.58515, 6.5119324, 196.22159, 196.28087,
12.313030, 216.38135, 5.5630094, 196.06135, 196.12925,
12.322420, 224.07500, 7.2731880, 195.89574, 195.97241,
12.331810, 222.80565, 4.4340493, 195.72468, 195.81023,
12.341200, 219.95707, 3.9426591, 195.54826, 195.64277,
12.350590, 227.88118, 4.0722646, 195.36657, 195.47010,
12.359980, 225.32850, 4.4032620, 195.17970, 195.29227,
12.369360, 230.83057, 4.3964718, 194.98794, 195.10954,
12.378750, 228.05030, 4.2790016, 194.79099, 194.92158,
12.388130, 226.10695, 4.4612172, 194.58931, 194.72884,
12.397510, 225.80665, 4.3014547, 194.38282, 194.53121,
12.406890, 229.34863, 4.3643390, 194.17156, 194.32869,
12.416270, 232.31215, 4.3565500, 193.95562, 194.12137,
12.425640, 231.22403, 4.3318301, 193.73533, 193.90954,
12.435020, 239.78130, 4.5275543, 193.51027, 193.69277,
12.444390, 237.01592, 4.3781592, 193.28101, 193.47161,
12.453760, 229.67902, 4.6017102, 193.04737, 193.24587,
12.463130, 226.59863, 4.7949906, 192.80943, 193.01559,
12.472500, 235.39225, 4.9897110, 192.56725, 192.78083,
12.481870, 232.59240, 5.4383073, 192.32089, 192.54164,
12.489420, 242.30283, 5.3052671, 192.11938, 192.34571,
12.499490, 257.07624, 5.0283330, 191.84652, 192.08000,
12.509550, 250.21715, 5.1916913, 191.56932, 191.80959,
12.519610, 253.19348, 5.0493009, 191.28758, 191.53430,
12.529670, 257.59050, 5.0472485, 191.00141, 191.25419,
12.539730, 257.74844, 5.3336221, 190.71083, 190.96928,
12.549780, 259.23153, 5.2285564, 190.41622, 190.67996,
12.559840, 258.90058, 5.0479089, 190.11706, 190.38567,
12.569890, 263.98998, 4.9873909, 189.81401, 190.08708,
12.579940, 273.95012, 5.2165452, 189.50685, 189.78394,
12.589990, 272.28038, 5.2345555, 189.19562, 189.47630,
12.600040, 272.73853, 5.1187290, 188.88035, 189.16419,
12.610090, 280.26640, 5.0849846, 188.56117, 188.84771,
12.620130, 291.91182, 5.8654403, 188.23843, 188.52722,
12.630170, 285.21253, 5.2232578, 187.91183, 188.20242,
12.640210, 282.29085, 5.3036381, 187.58144, 187.87338,
12.650250, 289.71687, 4.9924592, 187.24733, 187.54014,
12.660290, 293.43948, 4.9830511, 186.90956, 187.20280,
12.670330, 290.40565, 5.0116505, 186.56813, 186.86133,
12.680360, 302.02845, 5.1704912, 186.22347, 186.51616,
12.690390, 313.29717, 5.0844840, 185.87526, 186.16700,
12.700420, 317.72875, 5.0192520, 185.52353, 185.81385,
12.710450, 323.48443, 5.0638576, 185.16837, 185.45682,
12.720480, 323.73715, 5.2437745, 184.80979, 185.09593,
12.730500, 338.22438, 6.3507985, 184.44817, 184.73156,
12.740530, 352.29315, 5.2986044, 184.08287, 184.36305,
12.750550, 326.75085, 4.9253330, 183.71460, 183.99116,
12.760570, 328.37440, 5.1353208, 183.34310, 183.61561,
12.770590, 326.73663, 5.1210163, 182.96833, 183.23637,
12.780610, 325.93542, 5.0401835, 182.59034, 182.85351,
12.790620, 322.49210, 4.8724272, 182.20958, 182.46747,
12.800640, 307.64212, 4.8201527, 181.82526, 182.07749,
12.810650, 315.31807, 5.0181475, 181.43822, 181.68441,
12.820660, 303.65850, 4.9064802, 181.04809, 181.28788,
12.830670, 274.49405, 4.5292211, 180.65485, 180.88788,
12.840680, 272.91872, 4.5117438, 180.25859, 180.48452,
12.850680, 262.85705, 4.5699630, 179.85969, 180.07820,
12.860690, 249.99404, 4.5668107, 179.45740, 179.66817,
12.870690, 235.23935, 4.3414823, 179.05250, 179.25524,
12.880690, 232.79155, 4.2510959, 178.64468, 178.83911,
12.890690, 219.11863, 4.1921100, 178.23386, 178.41971,
12.900680, 214.98340, 4.2813873, 177.82054, 177.99758,
12.910680, 205.82640, 4.2370856, 177.40386, 177.57184,
12.920670, 204.25115, 4.1117565, 176.98471, 177.14344,
12.930670, 202.78865, 4.1323079, 176.56221, 176.71148,
12.940660, 195.62252, 3.9817882, 176.13723, 176.27688,
12.950640, 196.59042, 4.3334804, 175.70986, 175.83976,
12.960630, 181.23172, 4.0818166, 175.27913, 175.39912,
12.970620, 183.93220, 4.1003652, 174.84558, 174.95556,
12.980600, 188.25723, 4.1795081, 174.40958, 174.50948,
12.990580, 176.17043, 4.2601129, 173.97076, 174.06052,
13.000560, 171.75875, 4.2276106, 173.52906, 173.60864,
13.010540, 174.15957, 4.2434035, 173.08450, 173.15389,
13.020520, 175.70642, 4.2063165, 172.63710, 172.69630,
13.030490, 174.42515, 4.3579323, 172.18731, 172.23639,
13.040470, 181.36333, 4.6405853, 171.73420, 171.77320,
13.050440, 172.30638, 4.5524585, 171.27871, 171.30775,
13.060410, 172.37827, 4.5042398, 170.82036, 170.83955,
13.070380, 172.90107, 4.5357558, 170.35910, 170.36860,
13.080350, 167.89220, 4.6792931, 169.89501, 169.89501,
13.090310, 164.15340, 4.7224400, 169.42851, 169.41922,
13.100280, 172.15010, 5.3790143, 168.95882, 168.94044,
13.110240, 175.44355, 4.8721066, 168.48696, 168.45970,
13.120200, 166.38837, 5.2915178, 168.01261, 167.97668,
13.130160, 167.45975, 5.1903833, 167.53591, 167.49150,
13.140110, 170.61068, 4.4925784, 167.05747, 167.00481,
13.150070, 169.51725, 3.8864473, 166.57643, 166.51570,
13.160020, 173.78475, 3.5313738, 166.09392, 166.02532,
13.169980, 166.33830, 4.1079041, 165.60904, 165.53277,
13.179930, 164.30135, 4.2252927, 165.12294, 165.03920,
13.189870, 163.42515, 4.1444525, 164.63570, 164.54471,
13.199820, 167.61280, 4.1985703, 164.14651, 164.04845,
13.209770, 161.71888, 3.8537687, 163.65590, 163.55099,
13.219710, 168.32640, 4.0434877, 163.16456, 163.05302,
13.229650, 168.73523, 3.9108327, 162.67215, 162.55418,
13.239590, 167.98722, 4.5134895, 162.17868, 162.05450,
13.249530, 165.96812, 3.7844974, 161.68432, 161.55416,
13.259470, 160.97785, 3.9441411, 161.18920, 161.05326,
13.269410, 165.00172, 4.3684495, 160.69342, 160.55195,
13.279340, 173.26660, 5.0691179, 160.19764, 160.05085,
13.289270, 169.13440, 4.6894581, 159.70139, 159.54953,
13.299200, 165.66870, 4.8545420, 159.20488, 159.04820,
13.309130, 161.98237, 5.1305783, 158.70820, 158.54692,
13.318260, 170.24023, 3.8611855, 158.25143, 158.08615,
13.328980, 165.80795, 3.6840102, 157.71517, 157.54548,
13.339690, 163.88242, 3.5913164, 157.17964, 157.00583,
13.350400, 163.56575, 3.7013588, 156.64444, 156.46683,
13.361120, 160.36912, 3.6962508, 156.10921, 155.92810,
13.371830, 163.03830, 3.3548607, 155.57513, 155.39085,
13.382530, 163.36272, 3.2958411, 155.04231, 154.85518,
13.393240, 164.14815, 3.3521735, 154.50994, 154.32030,
13.403940, 164.01685, 3.3838898, 153.97911, 153.78730,
13.414650, 165.81530, 3.2840468, 153.44904, 153.25539,
13.425350, 157.06290, 3.5599920, 152.92081, 152.72567,
13.436050, 169.32943, 3.1542194, 152.39409, 152.19782,
13.446740, 160.42630, 3.0897458, 151.86956, 151.67251,
13.457440, 163.10888, 3.2797951, 151.34633, 151.14886,
13.468130, 169.31270, 3.0743412, 150.82558, 150.62805,
13.478830, 168.48745, 3.0569881, 150.30645, 150.10923,
13.489520, 170.41350, 2.9906069, 149.79009, 149.59355,
13.500200, 172.44627, 3.1042867, 149.27662, 149.08112,
13.510890, 167.23890, 3.0176430, 148.76527, 148.57119,
13.521570, 178.04585, 2.9832770, 148.25711, 148.06482,
13.532260, 178.01662, 2.8935448, 147.75139, 147.56126,
13.542940, 186.11110, 2.9721671, 147.24918, 147.06157,
13.553620, 180.36353, 3.0691389, 146.75018, 146.56547,
13.564290, 177.53313, 2.9848325, 146.25503, 146.07358,
13.574970, 175.90428, 2.8964682, 145.76293, 145.58510,
13.585640, 172.15285, 2.8531831, 145.27502, 145.10115,
13.596320, 180.14013, 2.9774364, 144.79049, 144.62095,
13.606990, 169.81173, 3.0074177, 144.31047, 144.14559,
13.617650, 157.01395, 64.703677, 143.83507, 143.67519,
13.628320, 164.80697, 2.8633413, 143.36362, 143.20906,
13.638980, 161.00332, 2.9717284, 142.89713, 142.74821,
13.649650, 156.38512, 3.0762635, 142.43494, 142.29198,
13.660310, 159.81008, 3.1612488, 141.97807, 141.84134,
13.670970, 162.55510, 4.4247581, 141.52628, 141.39606,
13.681630, 154.36578, 3.0196550, 141.07974, 140.95630,
13.692280, 149.57708, 3.5243038, 140.63908, 140.52265,
13.702940, 150.97245, 3.0592834, 140.20362, 140.09444,
13.713590, 150.86103, 3.1567389, 139.77441, 139.67267,
13.724240, 147.23435, 2.9231445, 139.35116, 139.25706,
13.734890, 140.78230, 2.8837754, 138.93416, 138.84785,
13.745530, 148.32753, 3.0147538, 138.52393, 138.44554,
13.756180, 138.82177, 3.2609360, 138.11994, 138.04958,
13.766820, 143.62745, 3.2130734, 137.72311, 137.66086,
13.777460, 144.33870, 3.1291210, 137.33329, 137.27920,
13.788100, 135.11755, 2.8566739, 136.95070, 136.90477,
13.798740, 135.03830, 3.0606290, 136.57554, 136.53777,
13.809380, 133.13918, 3.2953797, 136.20807, 136.17840,
13.820010, 134.95337, 3.1912107, 135.84876, 135.82709,
13.830640, 137.89612, 3.4432489, 135.49758, 135.48377,
13.841270, 135.62292, 3.0430254, 135.15469, 135.14855,
13.851900, 130.99565, 3.0030655, 134.82038, 134.82170,
13.862530, 133.99427, 3.9242629, 134.49473, 134.50324,
13.873150, 134.98268, 3.5557179, 134.17781, 134.19328,
13.883780, 126.58030, 3.1959623, 133.86880, 133.89101,
13.894400, 133.92723, 3.2555054, 133.56800, 133.59677,
13.905020, 136.15763, 3.5170834, 133.27490, 133.31006,
13.915640, 136.66865, 3.4619491, 132.98925, 133.03064,
13.926250, 127.26805, 3.5443682, 132.71107, 132.75854,
13.936870, 136.88430, 3.6040117, 132.43965, 132.49309,
13.947480, 132.77097, 3.5178452, 132.17519, 132.23448,
13.958090, 130.59005, 3.7225854, 131.91728, 131.98231,
13.968700, 136.35377, 4.2833625, 131.66564, 131.73632,
13.979310, 133.04535, 4.0346917, 131.42011, 131.49634,
13.989910, 139.54775, 4.3665450, 131.18066, 131.26234,
14.000520, 130.49578, 4.0363337, 130.94664, 131.03370,
14.011120, 131.83400, 4.5960169, 130.71827, 130.81060,
14.021720, 136.66260, 4.5637255, 130.49512, 130.59264,
14.032320, 136.08600, 4.4292361, 130.27700, 130.37961,
14.042920, 123.82313, 6.0423554, 130.06370, 130.17129,
14.053510, 135.50320, 5.2410826, 129.85522, 129.96769,
14.064110, 131.74287, 4.9642963, 129.65095, 129.76820,
14.074700, 125.27472, 5.0758939, 129.45109, 129.57299,
14.085290, 130.86372, 5.2242579, 129.25528, 129.38169,
14.095870, 136.92898, 3.8514959, 129.06347, 129.19426,
14.106460, 136.52050, 3.1217218, 128.87514, 129.01014,
14.117040, 131.72410, 3.3803072, 128.69043, 128.82948,
14.127630, 131.48488, 3.0979240, 128.50881, 128.65173,
14.138210, 133.97263, 3.9636905, 128.33046, 128.47705,
14.148790, 130.26277, 4.0091585, 128.15501, 128.30505,
14.159370, 136.38602, 3.9993851, 127.98229, 128.13555,
14.169940, 137.03500, 3.7366715, 127.81228, 127.96850,
14.180520, 135.36967, 7.4110526, 127.64446, 127.80339,
14.182090, 142.73310, 3.6470343, 127.61975, 127.77906,
14.193560, 144.42453, 3.9074046, 127.44062, 127.60248,
14.205030, 142.37392, 3.6474971, 127.26379, 127.42785,
14.216500, 136.08928, 3.8649670, 127.08908, 127.25493,
14.227970, 136.67888, 4.0283069, 126.91624, 127.08346,
14.239430, 143.09605, 3.9752331, 126.74519, 126.91334,
14.250890, 134.42343, 3.4651193, 126.57559, 126.74418,
14.262350, 133.45155, 4.0825201, 126.40718, 126.57572,
14.273810, 140.72848, 3.8924132, 126.23978, 126.40771,
14.285270, 136.61837, 4.2855637, 126.07317, 126.23994,
14.296730, 133.92630, 3.7275546, 125.90710, 126.07211,
14.308180, 126.16917, 3.7476498, 125.74154, 125.90415,
14.319630, 131.07755, 3.6309789, 125.57611, 125.73567,
14.331080, 129.91658, 3.5774694, 125.41058, 125.56639,
14.342530, 131.04183, 3.5365284, 125.24476, 125.39611,
14.353970, 128.23942, 3.2166268, 125.07858, 125.22472,
14.365410, 129.91810, 11.654474, 124.91166, 125.05180,
14.376860, 131.96153, 3.1210535, 124.74365, 124.87697,
14.388300, 124.16040, 3.1168692, 124.57462, 124.70027,
14.399730, 128.28022, 3.1106101, 124.40437, 124.52149,
14.411170, 122.91982, 2.8701063, 124.23238, 124.34003,
14.422600, 119.66968, 2.7304617, 124.05872, 124.15600,
14.434030, 121.51995, 2.9407845, 123.88304, 123.96896,
14.445460, 127.19055, 3.1046419, 123.70509, 123.77867,
14.456890, 122.37740, 2.7603141, 123.52469, 123.58489,
14.468320, 124.72220, 2.6600162, 123.34160, 123.38736,
14.479740, 124.77060, 2.5628424, 123.15575, 123.18600,
14.491160, 121.97290, 2.4956579, 122.96675, 122.98039,
14.502580, 122.23698, 2.6830846, 122.77442, 122.77031,
14.514000, 119.27666, 2.6511524, 122.57862, 122.55566,
14.525420, 125.89808, 2.6293842, 122.37963, 122.33684,
14.536830, 123.14310, 2.3641370, 122.17788, 122.11448,
14.548240, 127.20928, 3.9551563, 121.97349, 121.88881,
14.559650, 126.08773, 3.0296971, 121.76669, 121.66023,
14.571060, 117.88592, 2.5011717, 121.55779, 121.42921,
14.582470, 113.68522, 3.2100274, 121.34704, 121.19616,
14.593870, 122.77370, 2.5149382, 121.13488, 120.96168,
14.605270, 117.73685, 2.6456146, 120.92140, 120.72601,
14.616670, 119.67588, 2.7774995, 120.70688, 120.48959,
14.628070, 120.84302, 4.1372722, 120.49156, 120.25280,
14.639470, 122.67812, 2.7668899, 120.27570, 120.01609,
14.650860, 119.67178, 2.5098862, 120.05977, 119.78008,
14.662260, 122.69153, 2.6877827, 119.84364, 119.54477,
14.673650, 117.31138, 2.8300443, 119.62796, 119.31101,
14.685040, 119.68983, 2.9541879, 119.41278, 119.07898,
14.696420, 114.62813, 2.6285523, 119.19859, 118.84936,
14.707810, 117.54050, 2.6955456, 118.98522, 118.62210,
14.719190, 122.60865, 2.8115864, 118.77337, 118.39808,
14.730570, 118.81788, 2.8529942, 118.56307, 118.17748,
14.741950, 121.42992, 3.1073760, 118.35459, 117.96073,
14.753330, 117.34865, 2.8616617, 118.14819, 117.74826,
14.764700, 113.76353, 3.0454470, 117.94435, 117.54069,
14.776080, 117.78413, 2.9102182, 117.74293, 117.33805,
14.787450, 118.47550, 2.9406730, 117.54459, 117.14114,
14.798820, 114.64777, 2.9977395, 117.34940, 116.95021,
14.810190, 116.90720, 3.2989307, 117.15762, 116.76565,
14.821550, 114.63478, 3.1895841, 116.96972, 116.58809,
14.832920, 114.09820, 3.3183873, 116.78562, 116.41763,
14.844280, 116.09928, 3.2252746, 116.60593, 116.25500,
14.855640, 110.69455, 3.2476248, 116.43076, 116.10047,
14.866990, 114.07153, 3.9918051, 116.26055, 115.95462,
14.878350, 115.75772, 3.6269421, 116.09526, 115.81761,
14.889710, 113.78795, 3.4461588, 115.93535, 115.69002,
14.901060, 111.05977, 3.7583642, 115.78124, 115.57239,
14.912410, 115.73915, 3.7123028, 115.63308, 115.46505,
14.923760, 112.17330, 3.9642459, 115.49114, 115.36842,
14.935100, 116.90955, 4.0324147, 115.35588, 115.28305,
14.946450, 114.07100, 4.1858895, 115.22732, 115.20920,
14.957790, 113.77727, 4.1733311, 115.10604, 115.14743,
14.969130, 117.42602, 4.1031585, 114.99257, 115.09746,
14.980470, 117.40360, 4.6351413, 114.88772, 115.05875,
14.991810, 116.27532, 4.1691495, 114.79231, 115.03074,
15.003140, 112.23479, 4.0016818, 114.70725, 115.01289,
15.014480, 114.35993, 3.8604140, 114.63325, 115.00463,
15.025810, 113.77264, 4.1288842, 114.57127, 115.00542,
15.037140, 118.88980, 4.7031559, 114.52209, 115.01472,
15.048460, 111.88732, 4.8678087, 114.48659, 115.03195,
15.059790, 120.17647, 4.6226925, 114.46559, 115.05663,
15.071110, 118.50165, 4.9772996, 114.45998, 115.08816,
15.082440, 117.76180, 3.4341933, 114.47064, 115.12606,
15.093750, 118.85090, 2.8586388, 114.49840, 115.16970,
15.105070, 118.84177, 3.1098619, 114.54422, 115.21866,
15.116390, 120.51427, 3.0818188, 114.60899, 115.27236,
15.127700, 121.01465, 3.1595398, 114.69353, 115.33022,
15.139020, 112.67804, 3.5546745, 114.79894, 115.39183,
15.150330, 117.96980, 3.3134674, 114.92595, 115.45653,
15.162390, 122.45185, 4.1839953, 115.08636, 115.52842,
15.174730, 113.81289, 5.1071243, 115.27837, 115.60440,
15.187070, 116.97223, 3.4495699, 115.49981, 115.68217,
15.199410, 113.12895, 3.4002275, 115.75200, 115.76105,
15.211740, 119.08900, 3.3941931, 116.03551, 115.84038,
15.224080, 115.99555, 3.4849683, 116.34967, 115.92017,
15.236410, 117.21263, 3.0839361, 116.69217, 116.00026,
15.248740, 130.61012, 3.1047822, 117.06150, 116.08073,
15.261060, 116.75830, 3.3618687, 117.45560, 116.16149,
15.273390, 120.93928, 3.5649447, 117.87341, 116.24268,
15.285710, 125.37903, 3.4695725, 118.31258, 116.32416,
15.298030, 120.28901, 3.2998617, 118.77169, 116.40597,
15.310350, 121.03510, 3.1841342, 119.24915, 116.48813,
15.322660, 121.74548, 4.0211013, 119.74285, 116.57055,
15.334980, 112.49361, 3.6714482, 120.25193, 116.65336,
15.347290, 118.49590, 4.3230229, 120.77399, 116.73642,
15.359600, 121.52432, 3.9760609, 121.30778, 116.81980,
15.371900, 127.99127, 3.0455387, 121.85122, 116.90341,
15.384210, 129.25500, 3.4808401, 122.40364, 116.98740,
15.396510, 121.76220, 3.7441061, 122.96254, 117.07161,
15.408810, 122.15812, 3.5417148, 123.52669, 117.15611,
15.421110, 123.94742, 3.5638578, 124.09461, 117.24089,
15.433410, 122.09826, 3.4805382, 124.66460, 117.32595,
15.445700, 120.27060, 3.1928799, 125.23469, 117.41122,
15.457990, 124.49710, 3.4035925, 125.80374, 117.49675,
15.470280, 122.84490, 3.9284636, 126.37016, 117.58254,
15.482570, 122.23633, 3.6130565, 126.93236, 117.66859,
15.494860, 126.88112, 3.7394840, 127.48876, 117.75489,
15.507140, 124.51187, 3.4981704, 128.03734, 117.84137,
15.519420, 121.38645, 3.4774100, 128.57691, 117.92809,
15.531700, 124.29025, 3.5230403, 129.10594, 118.01504,
15.543980, 119.87855, 3.5352646, 129.62276, 118.10222,
15.556260, 128.96333, 3.4786496, 130.12582, 118.18963,
15.568530, 128.44745, 6.4971519, 130.61305, 118.27719,
15.580800, 133.68290, 2.9654166, 131.08327, 118.36497,
15.593070, 134.52060, 3.0688390, 131.53483, 118.45296,
15.605340, 125.69093, 3.1403012, 131.96612, 118.54115,
15.617600, 131.65808, 3.2293586, 132.37643, 118.62948,
15.629860, 136.53170, 2.8101924, 132.76707, 118.71800,
15.642120, 131.81817, 2.5913329, 133.13920, 118.80672,
15.654380, 133.87973, 2.7451945, 133.49383, 118.89562,
15.666640, 138.04647, 2.9246417, 133.83209, 118.98471,
15.678890, 132.54205, 2.8227914, 134.15472, 119.07390,
15.691140, 134.37490, 2.7124920, 134.46306, 119.16327,
15.703390, 137.43628, 2.6492727, 134.75815, 119.25282,
15.715640, 147.21657, 3.2173236, 135.04100, 119.34253,
15.727890, 145.35743, 3.1427997, 135.31264, 119.43240,
15.740130, 138.39698, 2.9472377, 135.57386, 119.52236,
15.752370, 136.30367, 2.9804630, 135.82586, 119.61247,
15.764610, 135.83203, 2.8998098, 136.06968, 119.70274,
15.776850, 148.21212, 2.9238529, 136.30627, 119.79315,
15.789090, 142.24752, 2.8968286, 136.53664, 119.88371,
15.801320, 144.24328, 3.1412157, 136.76156, 119.97433,
15.813550, 143.97955, 3.2073179, 136.98221, 120.06508,
15.825780, 149.00680, 3.2122273, 137.19956, 120.15597,
15.838010, 143.31103, 3.1503737, 137.41457, 120.24698,
15.850230, 144.79620, 3.2349224, 137.62805, 120.33805,
15.862450, 144.97105, 3.4607610, 137.84111, 120.42923,
15.874670, 144.39877, 3.5232741, 138.05475, 120.52053,
15.886890, 143.62187, 3.7266158, 138.26991, 120.61195,
15.899110, 151.32790, 4.0320897, 138.48755, 120.70347,
15.911320, 142.14687, 3.6794703, 138.70846, 120.79502,
15.923540, 145.59238, 3.9594057, 138.93399, 120.88676,
15.935750, 147.23240, 4.0836197, 139.16471, 120.97851,
15.947960, 139.37137, 4.3197490, 139.40179, 121.07036,
15.960160, 151.25602, 4.3662569, 139.64601, 121.16223,
15.972370, 141.74270, 5.2148316, 139.89874, 121.25426,
15.984570, 143.04528, 4.0129354, 140.16053, 121.34629,
15.996770, 146.01358, 3.9671137, 140.43262, 121.43842,
16.008961, 145.94455, 4.1196060, 140.71576, 121.53055,
16.021160, 146.95050, 4.0496139, 141.01136, 121.62282,
16.033350, 145.86990, 4.1744087, 141.32000, 121.71508,
16.045549, 141.33123, 3.9143999, 141.64318, 121.80749,
16.057739, 143.69235, 3.6822407, 141.98142, 121.89989,
16.069920, 147.51588, 3.9893899, 142.33572, 121.99228,
16.082109, 148.71020, 4.0970945, 142.70767, 122.08481,
16.094290, 136.13375, 4.0654752, 143.09777, 122.17731,
16.106470, 143.17928, 3.8313197, 143.50734, 122.26986,
16.118650, 145.47142, 3.7420965, 143.93747, 122.36247,
16.130831, 144.51413, 3.9030767, 144.38926, 122.45512,
16.143009, 140.51030, 4.0268037, 144.86373, 122.54779,
16.155180, 143.00095, 4.5207583, 145.36176, 122.64045,
16.167351, 154.31315, 4.4332796, 145.88475, 122.73315,
16.179520, 147.21060, 4.3096371, 146.43378, 122.82586,
16.191681, 145.00990, 4.7707900, 147.00972, 122.91854,
16.203850, 140.50982, 5.0314088, 147.61447, 123.01131,
16.216009, 152.51665, 5.8463072, 148.24836, 123.10403,
16.228170, 139.88205, 6.7208313, 148.91303, 123.19679,
16.240330, 161.61475, 8.6328324, 149.60753, 123.28955,
16.252489, 152.98050, 5.2436874, 150.33012, 123.38232,
16.264641, 161.85085, 5.8158598, 151.07844, 123.47504,
16.276791, 152.77433, 6.2632623, 151.85097, 123.56776,
16.288950, 158.89108, 6.3396378, 152.64665, 123.66056,
16.301090, 162.92217, 6.6611252, 153.46177, 123.75321,
16.313240, 177.71732, 7.0078929, 154.29641, 123.84593,
16.325380, 178.25530, 6.4109748, 155.14750, 123.93858,
16.337530, 185.22340, 5.1602923, 156.01459, 124.03129,
16.349670, 197.65637, 4.3758704, 156.89456, 124.12392,
16.361799, 216.46742, 4.5209010, 157.78549, 124.21645,
16.373940, 238.50167, 5.4082598, 158.68731, 124.30906,
16.386070, 248.80482, 5.0341231, 159.59674, 124.40156,
16.398211, 258.62533, 5.2509530, 160.51346, 124.49412,
16.410339, 268.11567, 5.2935813, 161.43418, 124.58657,
16.422461, 268.39779, 5.6373684, 162.35743, 124.67893,
16.434589, 267.14808, 5.8266234, 163.28268, 124.77131,
16.446711, 260.48042, 6.0540419, 164.20704, 124.86361,
16.458839, 264.85612, 5.4923751, 165.12995, 124.95592,
16.470961, 246.26822, 6.0036102, 166.04853, 125.04814,
16.483070, 240.20050, 6.1077313, 166.96079, 125.14022,
16.495190, 237.57280, 7.6727886, 167.86660, 125.23233,
16.500280, 242.36252, 4.8702820, 168.24452, 125.27101,
16.513599, 231.48293, 6.1850977, 169.22493, 125.37215,
16.526911, 211.75432, 4.0796388, 170.19086, 125.47317,
16.540211, 211.97348, 4.2869172, 171.13974, 125.57404,
16.553520, 208.74630, 4.1913398, 172.07076, 125.67490,
16.566820, 203.31762, 4.2471730, 172.98025, 125.77561,
16.580120, 195.08533, 4.2993551, 173.86654, 125.87624,
16.593420, 186.64455, 3.9169539, 174.72727, 125.97678,
16.606710, 185.01432, 4.1392650, 175.55948, 126.07715,
16.620001, 180.60883, 3.8978650, 176.36138, 126.17743,
16.633301, 182.77667, 4.0966210, 177.13109, 126.27769,
16.646589, 188.69060, 4.6961642, 177.86497, 126.37775,
16.659870, 181.84612, 4.3683006, 178.56083, 126.47764,
16.673149, 182.06202, 4.3287195, 179.21652, 126.57741,
16.686440, 178.20115, 4.2984688, 179.83012, 126.67715,
16.699711, 184.45573, 4.4901625, 180.39810, 126.77662,
16.712990, 174.56295, 4.5481173, 180.92318, 126.87602,
16.726271, 182.94727, 4.6144141, 181.40859, 126.97531,
16.739540, 183.34943, 4.2953825, 181.85735, 127.07437,
16.752810, 177.86823, 3.9499451, 182.27335, 127.17330,
16.766081, 183.01745, 11.943330, 182.66006, 127.27209,
16.779341, 192.31108, 10.816391, 183.02052, 127.37065,
16.792601, 175.80743, 3.7232860, 183.35846, 127.46905,
16.805870, 188.81440, 3.7799454, 183.67745, 127.56737,
16.819120, 186.28090, 3.9444860, 183.98017, 127.66538,
16.832380, 185.64898, 3.3032812, 184.27061, 127.76329,
16.845631, 187.37072, 3.2489679, 184.55168, 127.86096,
16.858891, 181.07738, 3.2193184, 184.82710, 127.95852,
16.872141, 186.38778, 3.7023819, 185.09976, 128.05582,
16.885380, 182.08523, 3.6035775, 185.37294, 128.15286,
16.898630, 182.11925, 3.5181593, 185.65041, 128.24978,
16.911869, 180.66477, 3.3360650, 185.93498, 128.34642,
16.925110, 186.68737, 3.4052678, 186.23025, 128.44288,
16.938351, 182.28735, 3.6426006, 186.53947, 128.53912,
16.951580, 186.48110, 3.6549504, 186.86568, 128.63506,
16.964821, 190.83773, 3.9102330, 187.21080, 128.73087,
16.978050, 188.69082, 4.5191395, 187.57003, 128.82637,
16.991270, 198.04535, 4.0149503, 187.93824, 128.92157,
17.004499, 209.69118, 4.0988479, 188.31083, 129.01660,
17.017719, 263.53603, 4.5787517, 188.68214, 129.11133,
17.030951, 580.06670, 7.3170339, 189.04762, 129.20588,
17.044161, 642.37604, 8.2140318, 189.40125, 129.30003,
17.057381, 297.22240, 5.5734589, 189.73873, 129.39400,
17.070601, 204.55923, 4.3666209, 190.05463, 129.48769,
17.083811, 200.46157, 4.4673007, 190.34361, 129.58105,
17.097019, 198.60815, 6.1183724, 190.60067, 129.67412,
17.110229, 199.41333, 4.0807263, 190.82070, 129.76691,
17.123430, 189.95693, 3.9977529, 190.99832, 129.85936,
17.136641, 196.15470, 3.8071630, 191.12853, 129.95157,
17.149839, 192.76030, 3.6579828, 191.20585, 130.04340,
17.163040, 187.26935, 3.4406421, 191.22508, 130.13493,
17.176229, 189.49650, 3.3810141, 191.18092, 130.22607,
17.189430, 187.34255, 3.5125465, 191.06787, 130.31697,
17.202620, 190.45808, 3.7529000, 190.88069, 130.40746,
17.215811, 189.77135, 3.9870061, 190.61376, 130.49762,
17.229000, 182.77793, 3.7422808, 190.26158, 130.58744,
17.242180, 192.87817, 3.8196881, 189.81886, 130.67683,
17.255369, 197.55442, 3.9064071, 189.28226, 130.76594,
17.268551, 184.56333, 3.9704828, 188.65706, 130.85463,
17.281719, 179.17692, 3.9002189, 187.94935, 130.94286,
17.294901, 188.73830, 4.6078921, 187.16326, 131.03080,
17.308069, 193.33837, 4.8197026, 186.30588, 131.11827,
17.321251, 199.99635, 4.3847215, 185.38092, 131.20543,
17.334410, 214.55840, 4.5864120, 184.39639, 131.29204,
17.347580, 202.75542, 4.5776797, 183.35513, 131.37832,
17.360750, 212.06255, 4.9654687, 182.26328, 131.46418,
17.373911, 209.15892, 5.3493698, 181.12695, 131.54955,
17.387070, 197.45293, 5.4651027, 179.95076, 131.63448,
17.400230, 195.04287, 5.4551703, 178.73956, 131.71898,
17.413380, 194.09005, 5.1276745, 177.49978, 131.80295,
17.426540, 196.74553, 5.1419843, 176.23440, 131.88654,
17.439690, 193.41935, 5.4869099, 174.95074, 131.96959,
17.452841, 181.63305, 4.9079920, 173.65262, 132.05218,
17.465981, 176.99718, 5.2632130, 172.34646, 132.13421,
17.479130, 171.93478, 5.5018227, 171.03525, 132.21580,
17.492270, 171.36310, 4.4458639, 169.72596, 132.29684,
17.505409, 168.23203, 4.5454555, 168.42271, 132.37736,
17.518551, 165.42457, 4.4032929, 167.13039, 132.45737,
17.531679, 173.81689, 5.0631857, 165.85557, 132.53677,
17.544821, 166.19067, 4.7091239, 164.60073, 132.61571,
17.557949, 166.04032, 4.8437979, 163.37353, 132.69401,
17.571079, 166.38725, 5.3050334, 162.17762, 132.77177,
17.584200, 168.71360, 5.3662781, 161.01916, 132.84890,
17.597330, 162.02525, 5.1708816, 159.90162, 132.92550,
17.610451, 155.39970, 5.4264341, 158.83125, 133.00145,
17.623569, 147.32950, 5.6645115, 157.80772, 133.07679,
17.636690, 164.07952, 5.4576544, 156.82917, 133.15153,
17.649799, 158.34232, 5.4464178, 155.89505, 133.22558,
17.662910, 160.67255, 5.7490224, 155.00285, 133.29900,
17.676029, 178.32010, 6.2563872, 154.15077, 133.37181,
17.689131, 155.44570, 6.9719715, 153.33895, 133.44388,
17.702240, 172.36462, 6.7975000, 152.56441, 133.51531,
17.715349, 165.37085, 7.7529606, 151.82626, 133.58606,
17.728451, 173.01823, 7.5443049, 151.12356, 133.65607,
17.741550, 168.88485, 6.9006364, 150.45464, 133.72536,
17.754641, 169.20190, 4.5625208, 149.81855, 133.79389,
17.767740, 169.39647, 4.9665535, 149.21311, 133.86173,
17.780830, 168.89645, 4.6630091, 148.63794, 133.92877,
17.793921, 171.79358, 5.1788724, 148.09137, 133.99506,
17.807011, 167.64132, 4.2771047, 147.57221, 134.06057,
17.820101, 175.91508, 4.5769148, 147.07927, 134.12530,
17.833179, 169.16795, 4.7017668, 146.61178, 134.18917,
17.846270, 166.23545, 4.8861319, 146.16780, 134.25229,
17.859341, 167.34920, 4.9139120, 145.74720, 134.31448,
17.872419, 154.68427, 4.6630153, 145.34799, 134.37587,
17.885500, 148.20260, 5.0880702, 144.96929, 134.43641,
17.898569, 157.54250, 4.8275604, 144.61038, 134.49602,
17.911640, 156.31840, 4.6381984, 144.26980, 134.55475,
17.924709, 154.47042, 5.2806289, 143.94663, 134.61258,
17.937780, 156.16087, 7.3122963, 143.63972, 134.66949,
17.941250, 150.13788, 4.8467077, 143.56087, 134.68444,
17.955721, 154.50935, 4.2378400, 143.24318, 134.74608,
17.970181, 143.95550, 4.3019444, 142.94277, 134.80650,
17.984650, 146.19157, 3.8104487, 142.65786, 134.86576,
17.999109, 139.14350, 4.2790802, 142.38747, 134.92377,
18.013571, 142.54172, 4.4832925, 142.13007, 134.98053,
18.028021, 143.31918, 4.0163411, 141.88458, 135.03599,
18.042480, 149.98685, 4.2168649, 141.64932, 135.09020,
18.056931, 139.71205, 4.0707804, 141.42334, 135.14305,
18.071381, 140.35890, 4.2856994, 141.20518, 135.19456,
18.085819, 138.98590, 4.0297248, 140.99374, 135.24467,
18.100269, 143.48403, 4.4476453, 140.78742, 135.29342,
18.114710, 140.66980, 5.0833906, 140.58545, 135.34073,
18.129150, 140.49250, 5.4900795, 140.38729, 135.38659,
18.143579, 140.14075, 4.7620643, 140.19290, 135.43094,
18.158020, 139.32107, 4.3285976, 140.00174, 135.47382,
18.172449, 141.77692, 4.6686833, 139.81391, 135.51515,
18.186880, 128.04893, 4.6375945, 139.62903, 135.55492,
18.201300, 141.64233, 4.1125479, 139.44706, 135.59307,
18.215719, 138.73195, 4.0776594, 139.26765, 135.62961,
18.230150, 133.99350, 3.6650678, 139.09046, 135.66452,
18.244560, 135.88743, 3.8303335, 138.91569, 135.69771,
18.258980, 131.80417, 3.3602852, 138.74278, 135.72921,
18.273390, 136.89985, 3.4899572, 138.57176, 135.75894,
18.287800, 132.53273, 3.8257807, 138.40231, 135.78690,
18.302210, 137.44012, 4.0606348, 138.23427, 135.81305,
18.316620, 138.88957, 3.6840553, 138.06742, 135.83735,
18.331020, 139.34245, 3.9346717, 137.90170, 135.85977,
18.345421, 139.29990, 3.7902562, 137.73681, 135.88027,
18.359819, 136.47590, 3.6639612, 137.57259, 135.89881,
18.374210, 142.56613, 4.7983428, 137.40891, 135.91536,
18.388611, 132.22765, 4.4649021, 137.24539, 135.92990,
18.403000, 144.75338, 4.8890879, 137.08209, 135.94237,
18.417379, 136.83110, 4.5399079, 136.91881, 135.95273,
18.431770, 136.86280, 4.1252809, 136.75512, 135.96096,
18.446150, 135.49228, 4.0089123, 136.59109, 135.96700,
18.460529, 132.23628, 4.5391274, 136.42642, 135.97083,
18.474911, 137.21580, 4.3695517, 136.26089, 135.97239,
18.489281, 141.83665, 4.7579371, 136.09448, 135.97165,
18.503660, 133.97700, 3.5694745, 135.92675, 135.96856,
18.518030, 131.34815, 3.2270136, 135.75790, 135.96310,
18.532391, 136.81235, 3.1678560, 135.58813, 135.95531,
18.546761, 137.10655, 3.4036190, 135.41748, 135.94518,
18.561119, 133.63695, 3.5939261, 135.24647, 135.93277,
18.575480, 137.03943, 3.9808100, 135.07517, 135.91807,
18.589840, 139.08138, 4.1111168, 134.90388, 135.90113,
18.604191, 141.94667, 3.8858129, 134.73295, 135.88196,
18.618549, 135.13430, 4.2055806, 134.56244, 135.86057,
18.632900, 138.34970, 3.8124164, 134.39277, 135.83700,
18.647240, 136.90300, 3.9999057, 134.22426, 135.81128,
18.661591, 144.54778, 5.0224877, 134.05688, 135.78338,
18.675930, 138.74420, 4.4792948, 133.89116, 135.75337,
18.690269, 134.18215, 4.4171911, 133.72722, 135.72124,
18.704611, 148.04752, 5.3234857, 133.56530, 135.68700,
18.718941, 148.05318, 4.5224019, 133.40581, 135.65070,
18.733271, 146.75495, 4.6054180, 133.24888, 135.61233,
18.747601, 136.92393, 4.1269592, 133.09477, 135.57189,
18.761930, 144.13575, 4.7945463, 132.94376, 135.52941,
18.776260, 143.90915, 4.2971505, 132.79610, 135.48489,
18.790581, 140.67255, 4.2341644, 132.65218, 135.43838,
18.804899, 139.08138, 4.1439183, 132.51218, 135.38986,
18.819220, 138.79458, 3.6273230, 132.37634, 135.33933,
18.833530, 139.75658, 3.9673866, 132.24505, 135.28684,
18.847839, 136.14223, 4.0247281, 132.11853, 135.23238,
18.862150, 139.68250, 4.6697033, 131.99702, 135.17593,
18.876459, 148.56802, 4.6780582, 131.88086, 135.11752,
18.890770, 141.45653, 4.6582720, 131.77030, 135.05714,
18.905069, 155.58432, 4.9140084, 131.66576, 134.99485,
18.919371, 150.44658, 4.7669328, 131.56744, 134.93060,
18.933670, 151.06940, 4.3752906, 131.47568, 134.86441,
18.947960, 140.61728, 5.1841314, 131.39083, 134.79632,
18.962250, 143.89322, 5.3562870, 131.31316, 134.72630,
18.976540, 144.06333, 6.2989817, 131.24300, 134.65434,
18.990829, 143.26773, 5.7620073, 131.18068, 134.58044,
19.005119, 143.42990, 5.8693452, 131.12656, 134.50460,
19.019400, 134.89702, 5.4756950, 131.08101, 134.42689,
19.033680, 132.93545, 5.1983430, 131.04434, 134.34724,
19.047960, 135.57245, 4.9344179, 131.01693, 134.26565,
19.062229, 139.31832, 5.0387673, 130.99916, 134.18220,
19.076500, 139.25553, 5.4945935, 130.99139, 134.09679,
19.090771, 138.85305, 5.2877937, 130.99400, 134.00945,
19.105040, 140.72415, 5.1632538, 131.00739, 133.92017,
19.119310, 139.09605, 5.4416595, 131.03199, 133.82893,
19.133570, 136.39423, 6.2434505, 131.06816, 133.73581,
19.147829, 129.52797, 7.7872579, 131.11635, 133.64074,
19.162090, 147.17220, 6.8626866, 131.17702, 133.54368,
19.176340, 131.19463, 5.6221277, 131.25053, 133.44473,
19.190599, 140.01625, 6.2121266, 131.33746, 133.34373,
19.204849, 136.29450, 6.0658953, 131.43815, 133.24082,
19.219101, 138.56742, 5.7760528, 131.55316, 133.13589,
19.233339, 128.26082, 6.0037678, 131.68285, 133.02905,
19.247580, 139.67062, 6.6775655, 131.82784, 132.92019,
19.261820, 139.39543, 6.1971779, 131.98863, 132.80929,
19.276060, 128.20647, 7.1911775, 132.16576, 132.69636,
19.290300, 128.19902, 8.9655681, 132.35978, 132.58138,
19.304529, 127.37512, 7.6085274, 132.57107, 132.46442,
19.318760, 140.42993, 8.1814819, 132.80039, 132.34537,
19.332991, 138.28498, 6.7353610, 133.04830, 132.22423,
19.347219, 133.33257, 7.2758873, 133.31537, 132.10099,
19.361441, 134.82130, 6.5087065, 133.60211, 131.97570,
19.375660, 124.59838, 7.9793430, 133.90924, 131.84828,
19.389879, 134.96913, 7.2325843, 134.23746, 131.71871,
19.404100, 131.83212, 6.5693666, 134.58750, 131.58694,
19.418310, 153.89003, 11.937200, 134.95969, 131.45309,
19.432520, 123.79018, 9.0624572, 135.35503, 131.31702,
