# wave, flux, fluxerr, continuum, continuum_plateau
9.9725246, 96.633696, 3.1472191, 120.59019, 120.50076,
9.9806166, 104.22588, 3.5420055, 119.25241, 119.17762,
9.9887066, 97.908236, 2.8135773, 117.95874, 117.89682,
9.9967957, 95.066332, 2.8207496, 116.70778, 116.65709,
10.004880, 105.30360, 3.3290589, 115.49886, 115.45790,
10.012970, 105.96032, 3.1853840, 114.32921, 114.29662,
10.021050, 102.85060, 3.1969865, 113.19981, 113.17434,
10.029140, 100.34577, 2.6433778, 112.10682, 112.08736,
10.037220, 103.67912, 2.8887780, 111.05176, 111.03729,
10.045300, 105.33727, 2.8890635, 110.03205, 110.02164,
10.053380, 97.464161, 2.7835217, 109.04640, 109.03926,
10.061460, 101.41273, 2.9400120, 108.09392, 108.08931,
10.069540, 107.75045, 3.5513372, 107.17325, 107.17053,
10.077610, 101.51743, 2.8082292, 106.28452, 106.28314,
10.085690, 107.82248, 2.7256804, 105.42441, 105.42388,
10.093760, 108.46275, 2.9293411, 104.59384, 104.59374,
10.101830, 99.820454, 2.5929831, 103.79069, 103.79068,
10.109900, 105.02055, 2.9771963, 103.01379, 103.01358,
10.117970, 97.534224, 2.5429970, 102.26224, 102.26159,
10.126040, 99.572605, 3.2153525, 101.53488, 101.53361,
10.134100, 96.536137, 2.6038222, 100.83154, 100.82952,
10.142170, 94.004414, 2.6155348, 100.14934, 100.14648,
10.150230, 104.97641, 2.8382702, 99.488921, 99.485164,
10.158300, 96.888577, 2.8153140, 98.847683, 98.843013,
10.166360, 97.721502, 2.3043277, 98.226175, 98.220609,
10.174420, 95.476654, 2.6455112, 97.622448, 97.616033,
10.182470, 96.780842, 4.1734697, 97.036306, 97.029114,
10.190530, 95.520748, 2.5317915, 96.465265, 96.457393,
10.198590, 100.29787, 2.7466177, 95.908949, 95.900515,
10.206640, 92.743292, 2.6697645, 95.367112, 95.358252,
10.214690, 93.757677, 2.3968931, 94.838014, 94.828880,
10.222750, 92.211267, 2.2879478, 94.320047, 94.310807,
10.230800, 92.052757, 2.8464409, 93.813438, 93.804270,
10.238850, 91.100201, 2.4015336, 93.316572, 93.307667,
10.246890, 94.858742, 2.4590899, 92.829030, 92.820584,
10.254940, 84.140253, 2.4767584, 92.348665, 92.340886,
10.262990, 80.474781, 2.9320682, 91.875072, 91.868173,
10.271030, 100.11604, 2.9352787, 91.407818, 91.402013,
10.279070, 92.287111, 2.9757757, 90.945409, 90.940921,
10.287120, 94.636131, 2.7148895, 90.486215, 90.483270,
10.295150, 88.254507, 2.8865415, 90.030992, 90.029813,
10.303190, 90.694834, 2.7101621, 89.577083, 89.577903,
10.311230, 90.819145, 2.6487336, 89.126447, 89.129472,
10.319270, 80.611628, 3.2148135, 88.683208, 88.688585,
10.327300, 90.932125, 2.9539395, 88.252402, 88.260219,
10.335340, 86.265915, 2.2833596, 87.837380, 87.847667,
10.343370, 91.321211, 3.1987560, 87.443509, 87.456225,
10.351400, 82.558680, 4.0205745, 87.074804, 87.089845,
10.359430, 88.472828, 3.0340310, 86.735652, 86.752840,
10.367460, 92.335361, 2.5150951, 86.430494, 86.449575,
10.375480, 85.941252, 3.5019644, 86.164104, 86.184739,
10.383510, 98.131607, 3.4363536, 85.940240, 85.962005,
10.391530, 107.07185, 4.2842572, 85.763930, 85.786304,
10.399560, 78.224337, 2.6246296, 85.639237, 85.661595,
10.407580, 89.972441, 2.3230296, 85.570946, 85.592551,
10.415600, 86.353695, 2.5844835, 85.563375, 85.583369,
10.423620, 85.250105, 2.5887293, 85.621038, 85.638432,
10.431640, 80.499668, 2.9738446, 85.748455, 85.762116,
10.439650, 88.356665, 2.5897364, 85.949894, 85.958543,
10.447670, 85.554667, 2.5133262, 86.230443, 86.232621,
10.455680, 85.137695, 2.8531149, 86.593505, 86.587616,
10.463700, 90.067997, 2.8459425, 87.039735, 87.024257,
10.471710, 85.855154, 2.5500737, 87.565128, 87.538792,
10.479720, 86.543934, 3.0361891, 88.167371, 88.129114,
10.487730, 92.030811, 2.4962525, 88.843642, 88.792606,
10.495730, 95.256020, 2.6654258, 89.590206, 89.525742,
10.503740, 91.717346, 4.2058288, 90.406065, 90.327671,
10.511750, 89.433447, 3.0273677, 91.287606, 91.194966,
10.519750, 95.469336, 3.2118342, 92.230806, 92.123781,
10.527750, 103.26417, 3.5725446, 93.234182, 93.112761,
10.535750, 92.094160, 3.9512803, 94.294923, 94.159234,
10.543750, 94.190868, 3.3176531, 95.410206, 95.260506,
10.551750, 104.49067, 4.2506075, 96.577624, 96.414288,
10.559750, 91.531858, 4.4789020, 97.794243, 97.617758,
10.567850, 108.61615, 3.3185249, 99.073806, 98.884608,
10.576350, 110.14237, 2.7581165, 100.46499, 100.26320,
10.584840, 110.13265, 2.9242506, 101.90094, 101.68746,
10.593340, 119.15325, 2.6865118, 103.38208, 103.15788,
10.601830, 116.76930, 2.6082880, 104.90166, 104.66780,
10.610330, 111.82340, 2.7174692, 106.46033, 106.21795,
10.618820, 118.50605, 2.5192086, 108.05135, 107.80168,
10.627310, 117.97207, 2.4142215, 109.67318, 109.41751,
10.635800, 113.68200, 2.4131265, 111.32314, 111.06281,
10.644280, 116.04768, 2.7996873, 112.99591, 112.73233,
10.652770, 121.75165, 2.6099439, 114.69240, 114.42703,
10.661250, 123.55173, 2.5106236, 116.40576, 116.14011,
10.669740, 121.06538, 2.7834653, 118.13683, 117.87245,
10.678220, 121.17312, 12.510098, 119.87870, 119.61719,
10.686700, 128.77732, 3.0987044, 121.63030, 121.37329,
10.695180, 129.16517, 4.5387548, 123.38861, 123.13778,
10.703650, 132.06445, 3.1991890, 125.14865, 124.90570,
10.712130, 135.43402, 3.2447031, 126.91118, 126.67788,
10.720600, 137.31672, 2.9388066, 128.66964, 128.44776,
10.729080, 137.88932, 2.8237213, 130.42479, 130.21617,
10.737550, 142.48827, 3.3704033, 132.16949, 131.97598,
10.746020, 141.79930, 2.8099546, 133.90310, 133.72661,
10.754490, 140.62057, 2.8035447, 135.62223, 135.46471,
10.762960, 137.57445, 2.7494016, 137.32427, 137.18772,
10.771420, 144.74525, 3.2468342, 139.00375, 138.89019,
10.779890, 152.22432, 2.9043023, 140.66220, 140.57376,
10.788350, 146.08007, 3.2021536, 142.29231, 142.23111,
10.796810, 142.10840, 3.0939691, 143.89312, 143.86138,
10.805270, 143.20975, 3.6375052, 145.46161, 145.46161,
10.813730, 147.57012, 2.9877270, 146.99534, 147.02940,
10.822190, 148.33970, 3.4677509, 148.49433, 148.56462,
10.830650, 150.30420, 3.4547578, 149.95920, 150.06768,
10.839100, 147.64450, 3.4978029, 151.38881, 151.53722,
10.847560, 160.47532, 3.1162057, 152.78731, 152.97729,
10.856010, 159.81232, 3.8324238, 154.15197, 154.38489,
10.864460, 173.49627, 4.0811224, 155.48482, 155.76192,
10.872910, 170.36388, 3.8589317, 156.78657, 157.10896,
10.881360, 180.55032, 3.5045875, 158.05794, 158.42653,
10.889800, 172.05185, 3.5828332, 159.29779, 159.71332,
10.898250, 173.99950, 3.8039349, 160.50962, 160.97277,
10.906690, 185.82425, 4.4048036, 161.69122, 162.20243,
10.915140, 197.72223, 3.8388103, 162.84592, 163.40560,
10.923580, 201.42653, 4.3684051, 163.97135, 164.57967,
10.932020, 212.09948, 4.5225936, 165.06947, 165.72655,
10.940460, 208.69765, 4.6233148, 166.14079, 166.84660,
10.948890, 221.90140, 4.7908786, 167.18449, 167.93885,
10.957330, 228.25747, 4.7928267, 168.20367, 169.00639,
10.965760, 251.22815, 3.8975950, 169.19637, 170.04706,
10.974200, 273.98365, 4.0025581, 170.16529, 171.06356,
10.982630, 301.87923, 3.7684093, 171.10860, 172.05386,
10.991060, 325.14024, 4.9108529, 172.02807, 173.01969,
10.999490, 334.42995, 4.7220194, 172.92392, 173.96119,
11.007920, 333.06345, 4.1830743, 173.79681, 174.87892,
11.016340, 337.48164, 4.2372194, 174.64599, 175.77203,
11.024770, 324.46677, 4.9831135, 175.47393, 176.64298,
11.033190, 327.92282, 4.9118245, 176.27915, 177.49015,
11.041610, 319.87865, 3.6861013, 177.06300, 178.31488,
11.050030, 317.87218, 4.4481083, 177.82590, 179.11750,
11.058450, 301.45153, 4.5508913, 178.56822, 179.89834,
11.066870, 297.49950, 3.8858112, 179.29035, 180.65773,
11.075290, 285.71840, 5.3303515, 179.99268, 181.39600,
11.083700, 292.04639, 4.1980198, 180.67481, 182.11267,
11.092120, 283.70037, 4.3258129, 181.33866, 182.80970,
11.100530, 282.92388, 5.4218359, 181.98301, 183.48574,
11.108940, 295.34812, 4.9697527, 182.60912, 184.14207,
11.117350, 309.18888, 6.4638615, 183.21721, 184.77885,
11.120570, 306.99778, 4.2875008, 183.44540, 185.01763,
11.129530, 313.19043, 3.9141240, 184.06683, 185.66727,
11.138500, 325.58450, 3.8747995, 184.66950, 186.29640,
11.147460, 356.23778, 4.1935113, 185.25243, 186.90390,
11.156430, 404.13480, 4.4561242, 185.81736, 187.49158,
11.165390, 462.88025, 4.5090689, 186.36336, 188.05842,
11.174350, 536.36787, 4.7720164, 186.89149, 188.60547,
11.183300, 637.02017, 5.3785202, 187.40158, 189.13256,
11.192260, 738.71550, 5.8012058, 187.89510, 189.64115,
11.201220, 816.79344, 5.8246642, 188.37184, 190.13104,
11.210170, 816.88063, 5.7731567, 188.83169, 190.60207,
11.219120, 822.58916, 6.0989735, 189.27551, 191.05513,
11.228070, 826.81502, 6.1358603, 189.70365, 191.49056,
11.237020, 810.73036, 5.7232763, 190.11640, 191.90866,
11.245970, 800.75287, 5.7739459, 190.51419, 192.30987,
11.254920, 794.53378, 5.9408627, 190.89731, 192.69447,
11.263860, 783.25290, 5.8996698, 191.26564, 193.06237,
11.272800, 755.27397, 5.5688080, 191.62000, 193.41441,
11.281750, 723.45093, 5.5542929, 191.96099, 193.75119,
11.290690, 686.04312, 5.6719167, 192.28827, 194.07240,
11.299630, 655.45490, 5.4966103, 192.60243, 194.37866,
11.308560, 616.55907, 5.1842007, 192.90350, 194.67002,
11.317500, 586.17708, 5.1122835, 193.19241, 194.94743,
11.326430, 557.38455, 5.1858769, 193.46885, 195.21061,
11.335370, 515.55687, 4.9030635, 193.73368, 195.46045,
11.344300, 481.57981, 4.6144731, 193.98662, 195.69673,
11.353230, 461.44623, 4.4903011, 194.22825, 195.92004,
11.362160, 446.11285, 4.6248185, 194.45880, 196.13066,
11.371080, 423.24284, 4.4056091, 194.67838, 196.32875,
11.380010, 399.07128, 4.1347040, 194.88766, 196.51499,
11.388930, 392.46050, 4.1543885, 195.08652, 196.68933,
11.397850, 375.90572, 4.2102322, 195.27539, 196.85225,
11.406780, 354.76535, 4.0390474, 195.45476, 197.00423,
11.415700, 345.55095, 3.8437745, 195.62446, 197.14523,
11.424610, 331.51793, 3.9818403, 195.78479, 197.27559,
11.433530, 330.02269, 4.2366551, 195.93633, 197.39589,
11.442450, 319.51288, 4.2635962, 196.07915, 197.50629,
11.451360, 296.05695, 3.6563006, 196.21336, 197.60696,
11.460270, 283.69300, 3.9280996, 196.33934, 197.69834,
11.469180, 270.74545, 4.0606054, 196.45733, 197.78071,
11.478090, 278.59680, 3.8391945, 196.56756, 197.85436,
11.487000, 265.68545, 3.6517007, 196.67026, 197.91959,
11.495910, 256.35970, 3.7711125, 196.76564, 197.97667,
11.504810, 249.80735, 3.7678475, 196.85386, 198.02585,
11.513710, 248.73805, 3.8276900, 196.93522, 198.06748,
11.522620, 238.23180, 3.7614650, 197.01003, 198.10189,
11.531520, 235.28615, 3.6735055, 197.07834, 198.12926,
11.540420, 231.28340, 4.2618832, 197.14045, 198.14994,
11.549310, 237.38352, 4.4323041, 197.19651, 198.16419,
11.558210, 230.86345, 4.1310096, 197.24685, 198.17233,
11.567100, 227.43642, 4.0060229, 197.29157, 198.17460,
11.576000, 215.88728, 4.1665159, 197.33097, 198.17130,
11.584890, 217.63905, 4.0181311, 197.36517, 198.16272,
11.593780, 214.10637, 4.0229992, 197.39441, 198.14912,
11.602670, 216.26670, 4.4128336, 197.41890, 198.13078,
11.611560, 211.42360, 4.2625990, 197.43883, 198.10798,
11.620440, 197.76247, 4.6636121, 197.45439, 198.08103,
11.629330, 200.87197, 4.5491514, 197.46579, 198.05014,
11.638210, 203.81073, 4.2434131, 197.47322, 198.01564,
11.647090, 192.28742, 5.1773620, 197.47687, 197.97779,
11.655970, 192.96328, 4.6058685, 197.47694, 197.93685,
11.664850, 192.55458, 3.5210512, 197.47361, 197.89309,
11.673730, 188.90075, 2.9550823, 197.46708, 197.84679,
11.682600, 199.27398, 3.2264845, 197.45753, 197.79826,
11.691480, 196.84855, 3.1458004, 197.44514, 197.74768,
11.700350, 194.24840, 3.2437918, 197.43012, 197.69542,
11.709220, 203.92612, 3.6048910, 197.41264, 197.64170,
11.718090, 207.55857, 3.6254632, 197.39287, 197.58678,
11.726960, 201.42050, 3.5526088, 197.37101, 197.53093,
11.735830, 195.39672, 3.4712408, 197.34722, 197.47443,
11.744690, 201.45620, 4.4891653, 197.32173, 197.41761,
11.753560, 210.19702, 4.1903908, 197.29466, 197.36059,
11.762420, 197.29200, 3.7711160, 197.26623, 197.30379,
11.771280, 189.08667, 5.6269925, 197.23661, 197.24740,
11.775020, 196.30050, 3.2045682, 197.22379, 197.22379,
11.784500, 203.95450, 3.3861363, 197.19051, 197.16452,
11.793980, 199.48528, 3.5845606, 197.15601, 197.10597,
11.803460, 199.47197, 3.5529590, 197.12016, 197.04794,
11.812940, 197.87650, 3.1973126, 197.08283, 196.99023,
11.822420, 208.22353, 3.2671843, 197.04388, 196.93264,
11.831890, 209.83455, 3.2478476, 197.00323, 196.87505,
11.841360, 208.40605, 3.8326140, 196.96069, 196.81720,
11.850840, 205.88717, 3.1019006, 196.91608, 196.75884,
11.860310, 210.26628, 3.1808068, 196.86937, 196.69988,
11.869770, 215.82253, 3.2548695, 196.82041, 196.64014,
11.879240, 217.72865, 3.1204137, 196.76897, 196.57929,
11.888710, 214.87200, 3.1133432, 196.71496, 196.51722,
11.898170, 221.56595, 3.1078517, 196.65830, 196.45378,
11.907630, 224.09647, 3.1795710, 196.59880, 196.38873,
11.917090, 213.62397, 3.1356627, 196.53630, 196.32185,
11.926550, 218.83100, 3.2583320, 196.47068, 196.25297,
11.936010, 220.84317, 3.2466620, 196.40178, 196.18187,
11.945470, 223.50798, 3.1136137, 196.32946, 196.10838,
11.954920, 218.36480, 3.2898196, 196.25366, 196.03237,
11.964370, 221.77398, 3.5616152, 196.17415, 195.95357,
11.973830, 222.21115, 2.9155477, 196.09069, 195.87170,
11.983280, 225.20660, 3.0614551, 196.00331, 195.78673,
11.992720, 225.57355, 3.0400145, 195.91187, 195.69848,
12.002170, 222.88842, 2.9302050, 195.81603, 195.60656,
12.011610, 224.06630, 3.0144843, 195.71582, 195.51096,
12.021060, 220.24618, 3.0915243, 195.61088, 195.41129,
12.030500, 218.35150, 3.0516304, 195.50128, 195.30755,
12.039940, 216.99260, 3.0071242, 195.38675, 195.19946,
12.049380, 214.03152, 2.8952918, 195.26712, 195.08680,
12.058820, 209.76873, 2.9976477, 195.14224, 194.96938,
12.068250, 207.17315, 3.1790328, 195.01207, 194.84712,
12.077690, 216.39872, 3.1212455, 194.87616, 194.71956,
12.087120, 208.98300, 2.8836688, 194.73465, 194.58677,
12.096550, 202.86345, 2.9446965, 194.58722, 194.44842,
12.105980, 208.33382, 3.4675006, 194.43369, 194.30430,
12.115410, 202.18585, 3.0486526, 194.27389, 194.15421,
12.124830, 200.56178, 2.9657008, 194.10781, 193.99810,
12.134260, 201.22498, 3.0440135, 193.93494, 193.83545,
12.143680, 192.68568, 3.4507506, 193.75545, 193.66640,
12.153100, 203.16165, 3.2811677, 193.56895, 193.49054,
12.162520, 202.92958, 3.9063195, 193.37528, 193.30768,
12.171940, 189.04902, 3.3125968, 193.17427, 193.11763,
12.181360, 202.91130, 3.2743330, 192.96567, 192.92015,
12.190770, 198.39300, 3.3279210, 192.74956, 192.71526,
12.200180, 193.86977, 3.5207566, 192.52552, 192.50255,
12.209600, 190.27815, 3.2780853, 192.29307, 192.28155,
12.219010, 189.03010, 3.4412826, 192.05252, 192.05252,
12.228420, 195.48175, 3.7418997, 191.80350, 191.81509,
12.237820, 191.60285, 3.5482837, 191.54641, 191.56963,
12.247230, 196.90422, 3.8404936, 191.28090, 191.31577,
12.256630, 200.04637, 4.0141874, 191.00772, 191.05419,
12.266040, 254.82080, 4.1267423, 190.72652, 190.78455,
12.275440, 471.29635, 5.9412908, 190.43805, 190.50754,
12.284840, 461.13396, 6.1396194, 190.14226, 190.22310,
12.294230, 248.22920, 4.1481600, 189.83959, 189.93161,
12.303630, 209.39048, 5.2339029, 189.52966, 189.63272,
12.313030, 222.54935, 4.6016143, 189.21290, 189.32681,
12.322420, 207.65612, 4.7863878, 188.88989, 189.01441,
12.331810, 224.53423, 3.4642325, 188.56044, 188.69535,
12.341200, 219.31615, 2.8799835, 188.22473, 188.36978,
12.350590, 214.58780, 3.0038257, 187.88294, 188.03786,
12.359980, 228.68447, 3.1570005, 187.53524, 187.69974,
12.369360, 226.73210, 3.2872397, 187.18214, 187.35592,
12.378750, 223.77432, 3.0759693, 186.82310, 187.00585,
12.388130, 226.19167, 3.1224565, 186.45901, 186.65040,
12.397510, 223.36675, 3.1787112, 186.08971, 186.28940,
12.406890, 217.95997, 3.5316920, 185.71528, 185.92292,
12.416270, 233.22990, 3.2823479, 185.33590, 185.55115,
12.425640, 239.67622, 3.5281242, 184.95218, 185.17466,
12.435020, 242.56477, 3.9019360, 184.56340, 184.79274,
12.444390, 238.01030, 3.8790971, 184.17057, 184.40641,
12.453760, 241.24512, 3.6420478, 183.77343, 184.01537,
12.463130, 241.83392, 3.5719940, 183.37211, 183.61977,
12.472500, 252.09337, 3.9128849, 182.96675, 183.21976,
12.481870, 260.45062, 4.6488465, 182.55752, 182.81547,
12.489420, 248.40560, 3.5076259, 182.22502, 182.48667,
12.499490, 257.10960, 3.8311848, 181.77791, 182.04411,
12.509550, 274.31108, 3.5873590, 181.32721, 181.59750,
12.519610, 278.96483, 3.4918828, 180.87267, 181.14659,
12.529670, 275.26131, 3.4571919, 180.41450, 180.69162,
12.539730, 283.14388, 3.6345042, 179.95278, 180.23265,
12.549780, 279.89683, 3.9440269, 179.48821, 179.77038,
12.559840, 292.46168, 3.5404284, 179.01999, 179.30403,
12.569890, 300.75330, 3.5345476, 178.54925, 178.83473,
12.579940, 295.17793, 3.8173912, 178.07568, 178.36216,
12.589990, 304.68083, 3.6384727, 177.59942, 177.88650,
12.600040, 313.14350, 3.5960706, 177.12060, 177.40786,
12.610090, 313.10849, 3.5143108, 176.63946, 176.92650,
12.620130, 323.92778, 3.7771374, 176.15663, 176.44305,
12.630170, 339.80355, 3.7284466, 175.67170, 175.95712,
12.640210, 332.19057, 3.7136189, 175.18489, 175.46892,
12.650250, 326.80777, 3.5149654, 174.69634, 174.97863,
12.660290, 336.90862, 3.5541408, 174.20626, 174.48644,
12.670330, 340.59823, 3.6322070, 173.71471, 173.99243,
12.680360, 353.28778, 3.7465106, 173.22239, 173.49733,
12.690390, 364.62192, 3.6738250, 172.72896, 173.00079,
12.700420, 374.06606, 3.6582233, 172.23450, 172.50291,
12.710450, 381.89590, 3.6921137, 171.73928, 172.00395,
12.720480, 391.49010, 3.9043250, 171.24338, 171.50404,
12.730500, 392.74890, 4.3926932, 170.74744, 171.00380,
12.740530, 390.45275, 3.7872454, 170.25066, 170.50245,
12.750550, 374.48150, 3.5660772, 169.75412, 170.00110,
12.760570, 372.13647, 3.6704528, 169.25757, 169.49948,
12.770590, 370.78305, 3.6815367, 168.76104, 168.99766,
12.780610, 364.91253, 3.6436651, 168.26473, 168.49584,
12.790620, 356.47510, 3.8207017, 167.76933, 167.99471,
12.800640, 344.55038, 3.4927196, 167.27392, 167.49339,
12.810650, 353.52686, 3.6088755, 166.77971, 166.99307,
12.820660, 339.46928, 3.5409181, 166.28631, 166.49340,
12.830670, 304.00301, 3.2763289, 165.79385, 165.99449,
12.840680, 291.84810, 3.2077608, 165.30254, 165.49659,
12.850680, 273.15013, 3.1962758, 164.81298, 165.00029,
12.860690, 257.42800, 3.1858292, 164.32437, 164.50481,
12.870690, 248.25337, 3.0806915, 163.83779, 164.01124,
12.880690, 239.42625, 3.0622741, 163.35299, 163.51933,
12.890690, 220.70765, 2.9471338, 162.87001, 163.02913,
12.900680, 216.17293, 3.3696600, 162.38956, 162.54138,
12.910680, 206.14445, 2.9498976, 161.91079, 162.05520,
12.920670, 196.72248, 2.8047431, 161.43486, 161.57179,
12.930670, 194.32968, 2.8183446, 160.96092, 161.09027,
12.940660, 186.56315, 3.1009431, 160.49007, 160.61179,
12.950640, 185.16410, 2.9288307, 160.02256, 160.13659,
12.960630, 181.81440, 3.2671889, 159.55748, 159.66375,
12.970620, 177.83078, 2.8272981, 159.09557, 159.19400,
12.980600, 173.90415, 2.8623235, 158.63737, 158.72793,
12.990580, 174.42892, 2.9844521, 158.18265, 158.26528,
13.000560, 164.97537, 2.9718099, 157.73150, 157.80614,
13.010540, 159.75367, 2.9592424, 157.28411, 157.35072,
13.020520, 167.35358, 2.8851000, 156.84067, 156.89917,
13.030490, 166.27803, 3.0119409, 156.40178, 156.45214,
13.040470, 159.74790, 3.0794461, 155.96671, 156.00885,
13.050440, 157.99208, 3.4173708, 155.53653, 155.57040,
13.060410, 161.61915, 3.0562559, 155.11097, 155.13649,
13.070380, 162.91093, 3.1816976, 154.69015, 154.70725,
13.080350, 152.00425, 3.3924120, 154.27434, 154.28294,
13.090310, 147.34921, 4.2064931, 153.86407, 153.86407,
13.100280, 150.65975, 3.2829584, 153.45868, 153.44998,
13.110240, 156.39622, 3.5379512, 153.05889, 153.04143,
13.120200, 147.82995, 3.6868260, 152.66420, 152.63793,
13.130160, 155.23205, 3.9756323, 152.27451, 152.23942,
13.140110, 157.21733, 3.0024376, 151.89012, 151.84624,
13.150070, 155.56405, 2.4097051, 151.51012, 151.45747,
13.160020, 148.81250, 3.2785371, 151.13522, 151.07387,
13.169980, 148.63575, 3.0524582, 150.76453, 150.69456,
13.179930, 148.95225, 3.0288315, 150.39873, 150.32026,
13.189870, 158.19775, 3.0368280, 150.03768, 149.95086,
13.199820, 154.32500, 3.1587249, 149.68062, 149.58557,
13.209770, 149.09477, 3.0220419, 149.32775, 149.22466,
13.219710, 153.77597, 2.6170008, 148.97940, 148.86846,
13.229650, 144.02418, 2.9351350, 148.63514, 148.51655,
13.239590, 144.47600, 2.6934259, 148.29482, 148.16881,
13.249530, 148.88345, 2.8432850, 147.95840, 147.82520,
13.259470, 144.09930, 3.3139100, 147.62580, 147.48566,
13.269410, 148.53485, 2.8701399, 147.29693, 147.15012,
13.279340, 141.37360, 4.0068167, 146.97207, 146.81886,
13.289270, 146.36315, 3.4808774, 146.65077, 146.49145,
13.299200, 154.54938, 3.8217575, 146.33300, 146.16787,
13.309130, 149.68143, 3.8932064, 146.01867, 145.84804,
13.318260, 149.82632, 2.5932404, 145.73262, 145.55721,
13.328980, 153.22322, 2.5684013, 145.40033, 145.21965,
13.339690, 148.40622, 2.4835039, 145.07213, 144.88657,
13.350400, 146.31045, 2.5280674, 144.74761, 144.55757,
13.361120, 148.91275, 2.4890398, 144.42638, 144.23225,
13.371830, 150.85787, 2.5335654, 144.10899, 143.91118,
13.382530, 157.78432, 2.5747561, 143.79533, 143.59426,
13.393240, 162.28288, 5.3726093, 143.48476, 143.28084,
13.403940, 153.71145, 2.5453178, 143.17777, 142.97141,
13.414650, 160.68745, 2.8018574, 142.87373, 142.66536,
13.425350, 154.66634, 2.3655753, 142.57311, 142.36316,
13.436050, 159.78893, 2.5278922, 142.27558, 142.06446,
13.446740, 158.69795, 2.4024886, 141.98136, 141.76949,
13.457440, 168.44875, 2.5682154, 141.68980, 141.47761,
13.468130, 169.67772, 2.7106820, 141.40141, 141.18932,
13.478830, 177.85547, 2.4380603, 141.11556, 140.90400,
13.489520, 177.20215, 2.4396339, 140.83276, 140.62212,
13.500200, 175.06757, 2.4983138, 140.55291, 140.34361,
13.510890, 180.97013, 2.5104719, 140.27545, 140.06790,
13.521570, 185.03217, 2.4889139, 140.00082, 139.79541,
13.532260, 192.42325, 2.4858540, 139.72848, 139.52561,
13.542940, 191.70355, 2.5371984, 139.45886, 139.25891,
13.553620, 187.33905, 2.6078640, 139.19165, 138.99501,
13.564290, 183.61615, 2.5832298, 138.92708, 138.73410,
13.574970, 180.99367, 2.4515921, 138.66456, 138.47561,
13.585640, 179.84275, 2.3986074, 138.40456, 138.22000,
13.596320, 181.20905, 2.5021452, 138.14653, 137.96670,
13.606990, 180.47420, 2.6141370, 137.89091, 137.71615,
13.617650, 171.74333, 2.7980811, 137.63765, 137.46826,
13.628320, 166.17162, 2.3861776, 137.38624, 137.22254,
13.638980, 164.89380, 2.4384278, 137.13708, 136.97937,
13.649650, 162.68892, 2.4444088, 136.88969, 136.73825,
13.660310, 158.77825, 2.5467763, 136.64446, 136.49957,
13.670970, 153.73210, 2.7443813, 136.40114, 136.26305,
13.681630, 153.37617, 2.3667460, 136.15968, 136.02864,
13.692280, 146.83697, 2.6973281, 135.92028, 135.79651,
13.702940, 149.50042, 2.3973209, 135.68243, 135.56616,
13.713590, 148.54180, 2.4610003, 135.44656, 135.33797,
13.724240, 144.62672, 2.4228693, 135.21238, 135.11166,
13.734890, 149.26897, 2.3764902, 134.97989, 134.88721,
13.745530, 143.08580, 2.3997952, 134.74924, 134.66474,
13.756180, 142.98195, 2.4026196, 134.51999, 134.44381,
13.766820, 143.77197, 2.4806902, 134.29251, 134.22476,
13.777460, 137.83140, 2.5539269, 134.06657, 134.00735,
13.788100, 130.14785, 2.2645902, 133.84213, 133.79151,
13.798740, 130.60088, 2.3282048, 133.61916, 133.57721,
13.809380, 136.17560, 2.4701003, 133.39766, 133.36441,
13.820010, 135.63270, 2.5035847, 133.17774, 133.15321,
13.830640, 131.48380, 2.4634026, 132.95922, 132.94341,
13.841270, 134.86685, 2.4966522, 132.74204, 132.73492,
13.851900, 133.13750, 2.7044072, 132.52620, 132.52774,
13.862530, 128.83337, 3.1037246, 132.31166, 132.32180,
13.873150, 134.81750, 2.9102166, 132.09856, 132.11723,
13.883780, 134.14908, 2.7874967, 131.88650, 131.91363,
13.894400, 136.87837, 3.1985608, 131.67582, 131.71132,
13.905020, 134.46412, 2.9277340, 131.46629, 131.51008,
13.915640, 137.92560, 3.0332740, 131.25789, 131.30986,
13.926250, 136.61945, 2.7706374, 131.05076, 131.11080,
13.936870, 136.22818, 2.8030285, 130.84451, 130.91252,
13.947480, 135.60765, 2.7274868, 130.63945, 130.71530,
13.958090, 137.37315, 3.3256554, 130.43541, 130.51896,
13.968700, 140.96002, 3.0530754, 130.23230, 130.32342,
13.979310, 138.40920, 3.2001862, 130.03014, 130.12867,
13.989910, 137.29826, 3.1508341, 129.82906, 129.93484,
14.000520, 134.90170, 3.0764287, 129.62867, 129.74153,
14.011120, 136.45558, 3.1543937, 129.42930, 129.54905,
14.021720, 129.93427, 3.5588233, 129.23074, 129.35718,
14.032320, 124.65903, 3.5772357, 129.03296, 129.16589,
14.042920, 130.80150, 3.5262607, 128.83593, 128.97514,
14.053510, 135.30518, 3.5383265, 128.63983, 128.78507,
14.064110, 140.91412, 3.5959304, 128.44423, 128.59528,
14.074700, 136.47950, 4.0119474, 128.24948, 128.40607,
14.085290, 128.47280, 4.1515420, 128.05539, 128.21726,
14.095870, 128.14635, 2.9828107, 127.86210, 128.02896,
14.106460, 132.22787, 2.8315099, 127.66923, 127.84079,
14.117040, 124.47385, 2.3118711, 127.47709, 127.65305,
14.127630, 131.09045, 2.7017389, 127.28531, 127.46535,
14.138210, 135.94870, 3.2687550, 127.09423, 127.27803,
14.148790, 135.76653, 2.9870848, 126.90365, 127.09084,
14.159370, 146.84530, 3.2005731, 126.71354, 126.90377,
14.169940, 139.55485, 3.1055647, 126.52405, 126.71695,
14.180520, 135.50642, 5.5698567, 126.33480, 126.52998,
14.182090, 138.85685, 2.8921961, 126.30676, 126.50224,
14.193560, 136.64422, 2.5701387, 126.10210, 126.29953,
14.205030, 147.03798, 2.6091263, 125.89785, 126.09673,
14.216500, 148.19707, 2.8191560, 125.69402, 125.89384,
14.227970, 145.87912, 2.7475483, 125.49057, 125.69078,
14.239430, 141.41110, 2.5998291, 125.28762, 125.48769,
14.250890, 138.28632, 2.3979122, 125.08501, 125.28434,
14.262350, 138.32415, 2.5692016, 124.88266, 125.08068,
14.273810, 140.50072, 2.6178682, 124.68057, 124.87665,
14.285270, 140.35135, 3.2094764, 124.47872, 124.67223,
14.296730, 137.94373, 2.6515653, 124.27705, 124.46733,
14.308180, 129.48610, 2.5249847, 124.07574, 124.26212,
14.319630, 126.61043, 2.3290265, 123.87457, 124.05635,
14.331080, 125.12820, 2.3892194, 123.67349, 123.84995,
14.342530, 124.23103, 2.3581722, 123.47252, 123.64292,
14.353970, 130.63645, 2.3893598, 123.27179, 123.43538,
14.365410, 133.40035, 2.4152051, 123.07107, 123.22706,
14.376860, 127.35637, 2.6240825, 122.87018, 123.01776,
14.388300, 121.43768, 2.2447277, 122.66943, 122.80779,
14.399730, 123.50743, 2.2671305, 122.46882, 122.59710,
14.411170, 118.44475, 2.0211878, 122.26794, 122.38526,
14.422600, 121.07242, 2.0783123, 122.06713, 122.17261,
14.434030, 123.58943, 2.2136184, 121.86618, 121.95891,
14.445460, 118.10200, 2.0920237, 121.66505, 121.74409,
14.456890, 115.23342, 2.0759826, 121.46375, 121.52812,
14.468320, 118.90030, 1.9940257, 121.26222, 121.31094,
14.479740, 123.30487, 2.1743733, 121.06060, 121.09269,
14.491160, 122.37735, 1.9795980, 120.85871, 120.87312,
14.502580, 121.91085, 2.2483164, 120.65653, 120.65221,
14.514000, 117.35648, 2.0629923, 120.45397, 120.42989,
14.525420, 118.17785, 2.0341754, 120.25093, 120.20620,
14.536830, 121.00625, 1.9441498, 120.04748, 119.98138,
14.548240, 120.06977, 2.0275148, 119.84332, 119.75526,
14.559650, 113.65300, 2.2570772, 119.63830, 119.52784,
14.571060, 113.68497, 2.0964033, 119.43234, 119.29920,
14.582470, 109.97980, 2.4232942, 119.22530, 119.06934,
14.593870, 113.06810, 2.1845537, 119.01724, 118.83849,
14.605270, 112.75600, 2.0951074, 118.80785, 118.60649,
14.616670, 110.76513, 2.0687816, 118.59703, 118.37337,
14.628070, 114.21468, 2.3165123, 118.38463, 118.13914,
14.639470, 112.39820, 2.4090508, 118.17053, 117.90384,
14.650860, 109.63218, 1.9764389, 117.95481, 117.66771,
14.662260, 106.75237, 2.1193787, 117.73695, 117.43035,
14.673650, 115.79078, 2.6716070, 117.51721, 117.19221,
14.685040, 110.85665, 2.2466942, 117.29526, 116.95310,
14.696420, 106.65627, 2.2404506, 117.07120, 116.71329,
14.707810, 111.00243, 2.2163409, 116.84445, 116.47234,
14.719190, 112.35212, 2.1749587, 116.61534, 116.23075,
14.730570, 107.39512, 2.0359598, 116.38349, 115.98828,
14.741950, 109.12030, 2.1282751, 116.14878, 115.74499,
14.753330, 107.65593, 2.2237399, 115.91107, 115.50090,
14.764700, 110.58282, 2.2607672, 115.67045, 115.25625,
14.776080, 109.14893, 2.1293950, 115.42634, 115.01063,
14.787450, 110.00410, 2.1522144, 115.17904, 114.76451,
14.798820, 107.53957, 2.5556045, 114.92819, 114.51768,
14.810190, 108.84222, 2.3106826, 114.67361, 114.27017,
14.821550, 112.10350, 2.3981728, 114.41543, 114.02223,
14.832920, 111.56263, 2.5244742, 114.15304, 113.77346,
14.844280, 111.02052, 2.4897905, 113.88672, 113.52429,
14.855640, 108.65708, 2.3847180, 113.61611, 113.27455,
14.866990, 105.96660, 2.4456194, 113.34131, 113.02449,
14.878350, 106.99878, 2.4832546, 113.06164, 112.77366,
14.889710, 110.43138, 3.2533187, 112.77720, 112.52233,
14.901060, 106.36450, 3.0461770, 112.48810, 112.27076,
14.912410, 107.11605, 2.5151503, 112.19390, 112.01872,
14.923760, 103.40460, 2.8731739, 111.89442, 111.76623,
14.935100, 110.75745, 2.9736426, 111.58982, 111.51359,
14.946450, 115.44977, 4.6897122, 111.27930, 111.26030,
14.957790, 107.57208, 4.3099267, 110.96341, 111.00691,
14.969130, 117.15935, 2.9100363, 110.64300, 110.75343,
14.980470, 106.06458, 2.9690007, 110.31988, 110.50019,
14.991810, 111.51110, 3.2052337, 109.99592, 110.24757,
15.003140, 107.96150, 3.0166305, 109.67327, 109.99615,
15.014480, 114.38645, 3.1378159, 109.35326, 109.74590,
15.025810, 114.65948, 3.0827574, 109.03823, 109.49756,
15.037140, 114.78028, 3.2644153, 108.72983, 109.25132,
15.048460, 108.61130, 3.3297611, 108.43014, 109.00773,
15.059790, 123.33577, 3.5721140, 108.14052, 108.76674,
15.071110, 115.12023, 3.5946965, 107.86333, 108.52914,
15.082440, 117.88820, 2.7862472, 107.59996, 108.29487,
15.093750, 108.64755, 2.0244983, 107.35299, 108.06493,
15.105070, 110.25607, 2.4326667, 107.12362, 107.83905,
15.116390, 117.32977, 5.1619203, 106.91397, 107.61782,
15.127700, 112.30225, 2.2100842, 106.72613, 107.40180,
15.139020, 106.28997, 2.6245157, 106.56166, 107.19097,
15.150330, 101.30627, 7.9291877, 106.42281, 106.98608,
15.162390, 101.16336, 2.6475987, 106.30498, 106.77435,
15.174730, 104.89407, 2.5881975, 106.21913, 106.56537,
15.187070, 110.38975, 3.0103981, 106.17096, 106.36466,
15.199410, 106.90800, 2.7897938, 106.16306, 106.17267,
15.211740, 98.109871, 2.9800028, 106.19734, 105.98999,
15.224080, 110.02033, 2.7020877, 106.27287, 105.81624,
15.236410, 112.84955, 2.7350031, 106.38768, 105.65160,
15.248740, 113.05450, 2.6325786, 106.54001, 105.49577,
15.261060, 106.78487, 3.1994794, 106.72789, 105.34873,
15.273390, 107.42167, 2.8033090, 106.94987, 105.21009,
15.285710, 120.03727, 2.7198511, 107.20386, 105.07993,
15.298030, 115.03335, 2.4613242, 107.48828, 104.95803,
15.310350, 112.06613, 2.5406510, 107.80147, 104.84423,
15.322660, 107.12988, 2.9647328, 108.14143, 104.73850,
15.334980, 103.59815, 2.4049103, 108.50706, 104.64054,
15.347290, 108.29632, 2.5097478, 108.89613, 104.55037,
15.359600, 110.47302, 2.3648549, 109.30729, 104.46779,
15.371900, 111.89650, 2.3980286, 109.73857, 104.39275,
15.384210, 117.11618, 2.4245299, 110.18909, 104.32498,
15.396510, 116.02895, 3.2558870, 110.65654, 104.26449,
15.408810, 113.85685, 2.8461116, 111.13965, 104.21111,
15.421110, 113.67908, 2.5478564, 111.63694, 104.16472,
15.433410, 113.04310, 2.2784476, 112.14678, 104.12521,
15.445700, 116.21648, 2.6764468, 112.66725, 104.09248,
15.457990, 121.19588, 2.5570520, 113.19720, 104.06641,
15.470280, 116.47705, 2.7137932, 113.73512, 104.04688,
15.482570, 110.09815, 2.5728759, 114.27947, 104.03378,
15.494860, 114.07972, 2.3332400, 114.82875, 104.02701,
15.507140, 117.71090, 2.5079169, 115.38100, 104.02648,
15.519420, 119.63993, 2.6269397, 115.93510, 104.03207,
15.531700, 114.88425, 2.5014683, 116.48962, 104.04368,
15.543980, 118.94588, 2.5093895, 117.04298, 104.06121,
15.556260, 120.78880, 2.6272223, 117.59374, 104.08458,
15.568530, 121.86075, 2.3409827, 118.13990, 104.11366,
15.580800, 116.41023, 2.0599194, 118.68041, 104.14837,
15.593070, 122.53550, 2.2380931, 119.21376, 104.18863,
15.605340, 115.92783, 2.4998259, 119.73846, 104.23434,
15.617600, 119.43382, 2.2140653, 120.25368, 104.28539,
15.629860, 125.58155, 2.0840433, 120.76055, 104.34170,
15.642120, 125.74847, 2.1099155, 121.26001, 104.40320,
15.654380, 130.39095, 2.5218124, 121.75280, 104.46980,
15.666640, 117.77283, 2.4096397, 122.23984, 104.54143,
15.678890, 122.89882, 2.3285739, 122.72151, 104.61794,
15.691140, 126.54200, 2.2814941, 123.19905, 104.69930,
15.703390, 123.03930, 2.0684399, 123.67329, 104.78543,
15.715640, 127.86048, 2.2097275, 124.14504, 104.87627,
15.727890, 131.27715, 2.4178040, 124.61512, 104.97173,
15.740130, 124.67160, 2.5721455, 125.08399, 105.07165,
15.752370, 131.91558, 3.2212647, 125.55279, 105.17604,
15.764610, 138.48465, 2.2901921, 126.02240, 105.28483,
15.776850, 137.73980, 2.3099552, 126.49356, 105.39793,
15.789090, 130.91695, 2.2690955, 126.96718, 105.51530,
15.801320, 131.47965, 2.3205429, 127.44361, 105.63675,
15.813550, 133.89653, 2.4301243, 127.92408, 105.76231,
15.825780, 136.23560, 2.4077860, 128.40941, 105.89192,
15.838010, 131.60995, 2.6562123, 128.90042, 106.02550,
15.850230, 136.00060, 2.3519710, 129.39755, 106.16289,
15.862450, 137.96525, 2.5090217, 129.90197, 106.30411,
15.874670, 138.29872, 2.9669224, 130.41459, 106.44913,
15.886890, 142.79170, 3.3315080, 130.93621, 106.59787,
15.899110, 132.61525, 4.4417334, 131.46763, 106.75025,
15.911320, 133.19278, 2.7145734, 132.00931, 106.90612,
15.923540, 135.99315, 2.6634776, 132.56301, 107.06566,
15.935750, 141.26147, 2.9511577, 133.12864, 107.22854,
15.947960, 139.47080, 3.5446355, 133.70753, 107.39484,
15.960160, 145.95730, 3.7754933, 134.30010, 107.56438,
15.972370, 134.63522, 3.4121826, 134.90816, 107.73735,
15.984570, 142.31395, 3.0400239, 135.53160, 107.91344,
15.996770, 141.96315, 2.9954769, 136.17191, 108.09273,
16.008961, 143.37407, 3.2752981, 136.82942, 108.27503,
16.021160, 145.25735, 3.5513214, 137.50604, 108.46055,
16.033350, 144.62453, 3.0088119, 138.20170, 108.64896,
16.045549, 135.55385, 2.9502435, 138.91844, 108.84051,
16.057739, 141.85700, 3.1921333, 139.65609, 109.03485,
16.069920, 147.36323, 2.9767568, 140.41559, 109.23193,
16.082109, 139.32903, 2.9367203, 141.19912, 109.43201,
16.094290, 136.11362, 3.2845977, 142.00644, 109.63472,
16.106470, 141.66292, 3.4580763, 142.83919, 109.84018,
16.118650, 143.29560, 3.3390274, 143.69839, 110.04834,
16.130831, 134.33884, 2.9892961, 144.58511, 110.25915,
16.143009, 136.07442, 3.5578422, 145.50025, 110.47254,
16.155180, 140.90088, 3.7799142, 146.44444, 110.68836,
16.167351, 146.62498, 4.0548167, 147.41936, 110.90671,
16.179520, 142.03788, 3.7634581, 148.42595, 111.12749,
16.191681, 148.06553, 3.7115944, 149.46486, 111.35058,
16.203850, 145.92000, 3.8791849, 150.53854, 111.57620,
16.216009, 149.19217, 4.5912882, 151.64665, 111.80399,
16.228170, 154.99137, 4.4343424, 152.79120, 112.03414,
16.240330, 156.79105, 4.6211305, 153.97043, 112.26652,
16.252489, 163.20925, 4.3989726, 155.18160, 112.50114,
16.264641, 166.44698, 5.2863241, 156.42101, 112.73780,
16.276791, 189.43700, 5.8653013, 157.68631, 112.97659,
16.288950, 171.36187, 4.7670866, 158.97583, 113.21768,
16.301090, 184.01917, 5.5370130, 160.28366, 113.46048,
16.313240, 196.25352, 5.3624964, 161.61001, 113.70552,
16.325380, 192.71378, 5.4059120, 162.94996, 113.95238,
16.337530, 226.11112, 4.1637949, 164.30278, 114.20141,
16.349670, 236.55583, 3.6815864, 165.66354, 114.45218,
16.361799, 247.90135, 3.4042249, 167.02920, 114.70463,
16.373940, 269.77590, 3.9075942, 168.39953, 114.95919,
16.386070, 290.20736, 4.3180879, 169.76936, 115.21539,
16.398211, 316.47060, 5.6044421, 171.13805, 115.47360,
16.410339, 314.70385, 4.6674871, 172.50043, 115.73334,
16.422461, 317.28791, 4.3495097, 173.85414, 115.99466,
16.434589, 322.28835, 4.5963180, 175.19810, 116.25786,
16.446711, 316.87840, 4.8225606, 176.52779, 116.52258,
16.458839, 309.83492, 4.2335620, 177.84208, 116.78912,
16.470961, 292.57980, 4.9501481, 179.13649, 117.05711,
16.483070, 282.65136, 4.2778378, 180.40782, 117.32644,
16.495190, 269.24726, 7.1454738, 181.65543, 117.59755,
16.500280, 264.88467, 4.7848099, 182.17142, 117.71189,
16.513599, 247.09628, 4.2335231, 183.49686, 118.01230,
16.526911, 240.46268, 3.6663903, 184.78295, 118.31435,
16.540211, 235.14222, 3.7900388, 186.02555, 118.61790,
16.553520, 225.41060, 3.7755659, 187.22276, 118.92340,
16.566820, 217.64077, 3.7353015, 188.36892, 119.23038,
16.580120, 203.97095, 3.3889545, 189.46097, 119.53901,
16.593420, 198.28758, 3.0890987, 190.49492, 119.84927,
16.606710, 199.11630, 3.1571774, 191.46604, 120.16090,
16.620001, 191.04740, 3.2630471, 192.37102, 120.47408,
16.633301, 188.75285, 3.4504941, 193.20632, 120.78902,
16.646589, 193.28880, 3.2021152, 193.96644, 121.10518,
16.659870, 193.74487, 3.1143950, 194.64754, 121.42261,
16.673149, 195.11158, 3.0499017, 195.24571, 121.74143,
16.686440, 192.20147, 3.0294631, 195.75711, 122.06193,
16.699711, 201.35310, 3.2503530, 196.17718, 122.38333,
16.712990, 197.16833, 3.4891888, 196.51208, 122.70625,
16.726271, 191.99667, 3.2918928, 196.77147, 123.03052,
16.739540, 193.58822, 2.9886553, 196.96504, 123.35580,
16.752810, 194.19340, 2.8418532, 197.10286, 123.68232,
16.766081, 193.11180, 2.7302529, 197.19469, 124.01012,
16.779341, 203.37905, 2.8969519, 197.25021, 124.33882,
16.792601, 189.55505, 3.1312339, 197.27922, 124.66869,
16.805870, 195.11248, 2.9319843, 197.29137, 124.99993,
16.819120, 188.95557, 3.1609906, 197.29630, 125.33181,
16.832380, 192.18943, 2.8287381, 197.30367, 125.66502,
16.845631, 195.07340, 2.7124149, 197.32310, 125.99904,
16.858891, 188.99240, 2.8246701, 197.36428, 126.33433,
16.872141, 192.88290, 3.1832726, 197.43680, 126.67039,
16.885380, 195.17565, 3.2818602, 197.55024, 127.00714,
16.898630, 192.58885, 3.5395819, 197.71449, 127.34514,
16.911869, 194.64245, 6.2344722, 197.93900, 127.68378,
16.925110, 200.04227, 6.0620931, 198.23369, 128.02337,
16.938351, 195.91780, 5.8575088, 198.60836, 128.36385,
16.951580, 196.83030, 2.8916097, 199.07245, 128.70489,
16.964821, 199.74470, 2.9071427, 199.63178, 129.04707,
16.978050, 203.17890, 3.6535343, 200.27672, 129.38976,
16.991270, 204.69393, 3.2796820, 200.99618, 129.73300,
17.004499, 217.81200, 3.0325705, 201.78030, 130.07725,
17.017719, 282.14057, 3.5063214, 202.61705, 130.42199,
17.030951, 533.37016, 4.8310692, 203.49696, 130.76776,
17.044161, 542.50423, 5.4939491, 204.40703, 131.11368,
17.057381, 264.43937, 3.8453119, 205.33858, 131.46053,
17.070601, 214.29918, 3.2080067, 206.28019, 131.80804,
17.083811, 213.06118, 3.1572651, 207.22047, 132.15593,
17.097019, 218.13692, 3.1379092, 208.14923, 132.50438,
17.110229, 209.35733, 3.1090286, 209.05602, 132.85349,
17.123430, 214.91880, 3.4173017, 209.92934, 133.20291,
17.136641, 209.29647, 3.1123502, 210.75970, 133.55314,
17.149839, 209.24600, 3.1756878, 211.53501, 133.90359,
17.163040, 201.68890, 3.2465732, 212.24529, 134.25461,
17.176229, 206.19107, 3.1198782, 212.87905, 134.60582,
17.189430, 212.11360, 3.1379530, 213.42647, 134.95780,
17.202620, 207.96492, 3.2553872, 213.87565, 135.30994,
17.215811, 212.47320, 3.4101844, 214.21610, 135.66255,
17.229000, 205.84253, 3.2550890, 214.43662, 136.01553,
17.242180, 218.55695, 3.3216955, 214.52606, 136.36865,
17.255369, 220.48905, 3.4543796, 214.47819, 136.72240,
17.268551, 216.60715, 3.3659396, 214.29865, 137.07631,
17.281719, 222.57368, 3.4801247, 213.99515, 137.43019,
17.294901, 227.44403, 3.7769661, 213.57430, 137.78475,
17.308069, 234.04285, 4.0449418, 213.04408, 138.13925,
17.321251, 242.80437, 3.7028978, 212.41049, 138.49439,
17.334410, 249.91983, 3.6646577, 211.68234, 138.84917,
17.347580, 251.55077, 3.9251772, 210.86476, 139.20452,
17.360750, 258.75822, 4.3546681, 209.96518, 139.56008,
17.373911, 260.81623, 4.5323601, 208.99111, 139.91560,
17.387070, 248.06865, 4.2434404, 207.94877, 140.27126,
17.400230, 244.88280, 3.8502044, 206.84454, 140.62714,
17.413380, 237.77815, 4.0121263, 205.68618, 140.98287,
17.426540, 243.24146, 4.0883062, 204.47826, 141.33905,
17.439690, 232.26127, 3.8824659, 203.22939, 141.69503,
17.452841, 225.57218, 4.7887108, 201.94484, 142.05116,
17.465981, 223.34945, 5.2806674, 200.63240, 142.40707,
17.479130, 222.16572, 4.6111734, 199.29642, 142.76330,
17.492270, 207.86995, 3.7602475, 197.94524, 143.11933,
17.505409, 206.15295, 3.6192493, 196.58430, 143.47538,
17.518551, 204.23888, 3.8434624, 195.21980, 143.83149,
17.531679, 202.88685, 4.3853676, 193.85968, 144.18724,
17.544821, 189.28368, 4.3536176, 192.50758, 144.54333,
17.557949, 185.24788, 4.2186294, 191.17261, 144.89902,
17.571079, 184.20792, 4.3976219, 189.85962, 145.25470,
17.584200, 190.35845, 4.0623229, 188.57610, 145.61005,
17.597330, 185.69475, 4.5206364, 187.32664, 145.96556,
17.610451, 187.73218, 4.5701722, 186.11886, 146.32070,
17.623569, 186.13958, 4.6492977, 184.95317, 146.67567,
17.636690, 190.25175, 5.2735403, 183.82831, 147.03054,
17.649799, 187.87988, 6.0292960, 182.74448, 147.38493,
17.662910, 197.46812, 5.8747003, 181.69967, 147.73920,
17.676029, 190.71815, 5.0222199, 180.69260, 148.09348,
17.689131, 193.78558, 4.9800863, 179.72434, 148.44707,
17.702240, 203.63780, 6.2962706, 178.79223, 148.80064,
17.715349, 194.97810, 6.4187823, 177.89607, 149.15395,
17.728451, 193.16465, 5.6309918, 177.03562, 149.50679,
17.741550, 204.13355, 5.2110432, 176.20977, 149.85929,
17.754641, 203.25680, 4.0909307, 175.41828, 150.21122,
17.767740, 200.42740, 4.2418084, 174.65932, 150.56309,
17.780830, 208.09647, 4.4364213, 173.93338, 150.91436,
17.793921, 211.15558, 4.0445050, 173.23929, 151.26526,
17.807011, 214.15885, 3.6608276, 172.57646, 151.61579,
17.820101, 202.01385, 3.6109916, 171.94433, 151.96592,
17.833179, 207.84810, 3.6334253, 171.34288, 152.31533,
17.846270, 198.83425, 3.4194916, 170.77054, 152.66461,
17.859341, 193.44335, 3.4718205, 170.22812, 153.01292,
17.872419, 184.92980, 3.8167596, 169.71401, 153.36097,
17.885500, 191.71843, 3.9277556, 169.22800, 153.70857,
17.898569, 189.09892, 3.9496039, 168.77015, 154.05536,
17.911640, 185.14445, 4.3294339, 168.33954, 154.40167,
17.924709, 171.01815, 4.4589593, 167.93590, 154.74738,
17.937780, 184.46413, 6.1333761, 167.55875, 155.09257,
17.941250, 189.44877, 4.0443180, 167.46306, 155.18410,
17.955721, 175.08260, 3.8051707, 167.08368, 155.56540,
17.970181, 167.30988, 3.6669562, 166.73614, 155.94563,
17.984650, 171.33853, 3.8076268, 166.41949, 156.32534,
17.999109, 167.45252, 4.4276699, 166.13377, 156.70398,
18.013571, 176.20327, 4.5647529, 165.87838, 157.08184,
18.028021, 167.54110, 3.5842450, 165.65318, 157.45853,
18.042480, 164.50715, 3.9829579, 165.45755, 157.83457,
18.056931, 166.87177, 3.4218229, 165.29146, 158.20944,
18.071381, 160.88170, 3.1523490, 165.15453, 158.58335,
18.085819, 161.30978, 3.3361337, 165.04661, 158.95599,
18.100269, 170.78525, 4.0861499, 164.96732, 159.32791,
18.114710, 168.11340, 3.5983956, 164.91637, 159.69854,
18.129150, 163.75430, 3.3375024, 164.89239, 160.06810,
18.143579, 165.05540, 3.2849791, 164.89386, 160.43627,
18.158020, 163.09500, 3.2957221, 164.91931, 160.80359,
18.172449, 175.37550, 3.6735603, 164.96723, 161.16945,
18.186880, 167.12350, 3.7426131, 165.03621, 161.53416,
18.201300, 160.91845, 3.3238368, 165.12475, 161.89736,
18.215719, 160.84660, 3.1762312, 165.23149, 162.25929,
18.230150, 160.44857, 3.0386424, 165.35516, 162.62021,
18.244560, 167.00670, 2.9515263, 165.49409, 162.97928,
18.258980, 162.91210, 3.0593598, 165.64721, 163.33723,
18.273390, 163.02335, 3.2538943, 165.81298, 163.69354,
18.287800, 174.02375, 3.6618748, 165.99016, 164.04842,
18.302210, 167.73143, 3.3025455, 166.17745, 164.40183,
18.316620, 168.92931, 3.1676885, 166.37352, 164.75373,
18.331020, 166.84202, 3.1844971, 166.57695, 165.10387,
18.345421, 164.97000, 2.9429249, 166.78656, 165.45243,
18.359819, 168.24047, 3.0361714, 167.00105, 165.79933,
18.374210, 164.55695, 3.3301196, 167.21904, 166.14439,
18.388611, 162.20720, 3.2109657, 167.43952, 166.48799,
18.403000, 161.55272, 3.1877751, 167.66089, 166.82959,
18.417379, 164.16785, 3.1091246, 167.88191, 167.16920,
18.431770, 165.53592, 3.1442089, 168.10163, 167.50727,
18.446150, 160.53545, 3.0614770, 168.31843, 167.84322,
18.460529, 167.21902, 3.3190813, 168.53120, 168.17728,
18.474911, 166.39532, 3.1799480, 168.73870, 168.50945,
18.489281, 169.72930, 3.7558096, 168.93947, 168.83938,
18.503660, 170.22870, 3.2597821, 169.13251, 169.16751,
18.518030, 171.52073, 3.0448627, 169.31694, 169.49343,
18.532391, 167.67768, 3.0616759, 169.49341, 169.81727,
18.546761, 171.18375, 3.4386343, 169.66293, 170.13961,
18.561119, 166.51313, 3.4125093, 169.82601, 170.46014,
18.575480, 174.17475, 3.5617633, 169.98357, 170.77929,
18.589840, 176.45140, 3.4997512, 170.13633, 171.09719,
18.604191, 173.91233, 3.3943490, 170.28496, 171.41375,
18.618549, 180.79787, 3.2835475, 170.43036, 171.72952,
18.632900, 178.60573, 3.7105577, 170.57313, 172.04429,
18.647240, 181.13840, 3.2911502, 170.71397, 172.35814,
18.661591, 184.03775, 3.3184092, 170.85383, 172.67171,
18.675930, 182.64943, 3.7422242, 170.99324, 172.98465,
18.690269, 187.30375, 3.7056214, 171.13304, 173.29735,
18.704611, 196.18695, 3.9226115, 171.27397, 173.61000,
18.718941, 185.82983, 3.7658544, 171.41664, 173.92245,
18.733271, 177.81458, 11.837705, 171.56189, 174.23510,
18.747601, 190.55525, 36.169430, 171.71047, 174.54809,
18.761930, 194.94075, 3.6722696, 171.86310, 174.86157,
18.776260, 189.95187, 3.7345808, 172.02054, 175.17568,
18.790581, 189.52280, 3.6679825, 172.18343, 175.49036,
18.804899, 208.38123, 3.8096302, 172.35258, 175.80592,
18.819220, 206.24263, 3.5701234, 172.52881, 176.12259,
18.833530, 205.03463, 3.8014395, 172.71273, 176.44027,
18.847839, 207.49225, 3.9495067, 172.90519, 176.75926,
18.862150, 210.04687, 4.9089000, 173.10703, 177.07980,
18.876459, 233.41455, 5.1681977, 173.31896, 177.40194,
18.890770, 235.59095, 4.7268287, 173.54185, 177.72594,
18.905069, 226.90792, 4.6806508, 173.77626, 178.05162,
18.919371, 221.88128, 4.7071143, 174.02323, 178.37944,
18.933670, 233.92093, 5.0440217, 174.28350, 178.70946,
18.947960, 232.80778, 4.5615670, 174.55775, 179.04166,
18.962250, 224.23060, 4.5645143, 174.84699, 179.37640,
18.976540, 216.14368, 4.9555954, 175.15208, 179.71383,
18.990829, 222.49818, 5.0634986, 175.47389, 180.05411,
19.005119, 218.54085, 4.9890131, 175.81331, 180.39739,
19.019400, 211.76540, 4.8111342, 176.17098, 180.74360,
19.033680, 218.43702, 5.6143884, 176.54805, 181.09311,
19.047960, 209.17222, 5.5364814, 176.94545, 181.44608,
19.062229, 212.08340, 5.0488603, 177.36377, 181.80239,
19.076500, 211.26472, 5.9086760, 177.80436, 182.16253,
19.090771, 191.07995, 5.0611158, 178.26815, 182.52660,
19.105040, 187.71892, 4.4363039, 178.75607, 182.89471,
19.119310, 197.12553, 4.5603039, 179.26928, 183.26714,
19.133570, 197.65083, 4.6306145, 179.80832, 183.64369,
19.147829, 193.45180, 6.2528269, 180.37466, 184.02482,
19.162090, 190.15097, 4.8403825, 180.96947, 184.41075,
19.176340, 190.35397, 4.9730548, 181.59329, 184.80128,
19.190599, 196.56772, 5.4330139, 182.24816, 185.19717,
19.204849, 194.36030, 5.1884616, 182.93438, 185.59804,
19.219101, 189.91060, 5.0966591, 183.65367, 186.00440,
19.233339, 185.41880, 4.4152466, 184.40644, 186.41597,
19.247580, 172.87007, 5.0774696, 185.19470, 186.83337,
19.261820, 193.11645, 5.4667887, 186.01964, 187.25673,
19.276060, 189.89042, 6.5168705, 186.88256, 187.68621,
19.290300, 180.46585, 7.0329087, 187.78481, 188.12202,
19.304529, 188.52700, 5.4564493, 188.72700, 188.56396,
19.318760, 188.31630, 6.2988469, 189.71138, 189.01265,
19.332991, 193.12210, 5.7011597, 190.73927, 189.46820,
19.347219, 186.64525, 5.4755373, 191.81202, 189.93076,
19.361441, 203.22412, 6.6102590, 192.93065, 190.40032,
19.375660, 182.66673, 7.3013924, 194.09715, 190.87725,
19.389879, 176.56793, 6.2699729, 195.31326, 191.36182,
19.404100, 199.26757, 7.7264614, 196.58080, 191.85431,
19.418310, 199.17078, 7.4486737, 197.90020, 192.35443,
19.432520, 199.45620, 8.5150344, 199.27421, 192.86280,
