# wave, flux, fluxerr, continuum, continuum_plateau
9.9725246, 131.77948, 3.3348825, 150.82021, 150.69289,
9.9806166, 133.77168, 3.6950391, 149.39681, 149.29020,
9.9887066, 136.03482, 3.5968374, 148.02209, 147.93373,
9.9967957, 131.83962, 3.0177324, 146.69502, 146.62262,
10.004880, 127.17473, 3.4326188, 145.41533, 145.35678,
10.012970, 139.74140, 3.4072455, 144.18054, 144.13394,
10.021050, 137.46292, 3.0682181, 142.99213, 142.95571,
10.029140, 137.34522, 3.2899133, 141.84650, 141.81866,
10.037220, 143.02760, 3.8164186, 140.74568, 140.72497,
10.045300, 137.29045, 3.2314610, 139.68738, 139.67251,
10.053380, 135.90475, 3.1649406, 138.67073, 138.66052,
10.061460, 133.65358, 3.5349998, 137.69520, 137.68862,
10.069540, 132.75675, 3.4339397, 136.75983, 136.75596,
10.077610, 136.10738, 2.9350104, 135.86515, 135.86318,
10.085690, 130.41287, 3.2037100, 135.00820, 135.00744,
10.093760, 138.51933, 3.5330794, 134.19030, 134.19017,
10.101830, 136.35288, 3.1610117, 133.40973, 133.40972,
10.109900, 134.40537, 2.9095473, 132.66571, 132.66542,
10.117970, 127.11243, 3.1373705, 131.95775, 131.95684,
10.126040, 136.90030, 3.3455893, 131.28509, 131.28332,
10.134100, 135.60725, 2.7959408, 130.64788, 130.64507,
10.142170, 136.16923, 3.0070876, 130.04382, 130.03985,
10.150230, 131.64150, 4.7568794, 129.47377, 129.46860,
10.158300, 124.59100, 3.3840217, 128.93578, 128.92938,
10.166360, 126.69455, 2.9598861, 128.43054, 128.42297,
10.174420, 131.81258, 3.2375002, 127.95668, 127.94803,
10.182470, 133.93383, 3.0240371, 127.51422, 127.50460,
10.190530, 131.22642, 2.8656545, 127.10147, 127.09104,
10.198590, 128.46033, 2.7628116, 126.71833, 126.70727,
10.206640, 138.08957, 3.2922031, 126.36474, 126.35326,
10.214690, 129.77935, 3.0266116, 126.03962, 126.02793,
10.222750, 129.12935, 2.8080076, 125.74206, 125.73040,
10.230800, 123.12183, 2.8588089, 125.47224, 125.46084,
10.238850, 123.32090, 3.0228411, 125.22924, 125.21834,
10.246890, 130.47710, 2.8725688, 125.01277, 125.00262,
10.254940, 121.07825, 2.8138132, 124.82180, 124.81263,
10.262990, 123.34437, 3.3822953, 124.65607, 124.64812,
10.271030, 127.12478, 3.0058066, 124.51524, 124.50870,
10.279070, 121.55048, 2.7642621, 124.39860, 124.39368,
10.287120, 132.13542, 3.4200580, 124.30554, 124.30239,
10.295150, 123.41715, 3.0976661, 124.23587, 124.23465,
10.303190, 122.70020, 3.2043981, 124.18883, 124.18965,
10.311230, 122.45663, 2.7699423, 124.16529, 124.16824,
10.319270, 118.73665, 3.0587504, 124.16754, 124.17266,
10.327300, 123.79960, 3.2678399, 124.19794, 124.20527,
10.335340, 123.07075, 2.9345003, 124.25900, 124.26851,
10.343370, 120.29028, 3.0629397, 124.35302, 124.36465,
10.351400, 118.74088, 3.9422162, 124.48245, 124.49609,
10.359430, 128.09962, 3.2330948, 124.64977, 124.66524,
10.367460, 122.72210, 3.5268408, 124.85742, 124.87451,
10.375480, 119.46165, 4.4624116, 125.10752, 125.12592,
10.383510, 127.60425, 4.0307836, 125.40320, 125.42254,
10.391530, 126.00230, 4.6187240, 125.74621, 125.76605,
10.399560, 118.65682, 2.8419761, 126.13988, 126.15966,
10.407580, 121.68858, 2.7591740, 126.58578, 126.60487,
10.415600, 118.08395, 2.7685192, 127.08681, 127.10446,
10.423620, 125.65562, 2.9149085, 127.64564, 127.66098,
10.431640, 128.13330, 2.7928742, 128.26468, 128.27672,
10.439650, 124.07988, 2.8124229, 128.94571, 128.95333,
10.447670, 127.98900, 2.8266174, 129.69305, 129.69496,
10.455680, 131.38892, 2.8860120, 130.50704, 130.50185,
10.463700, 136.89960, 2.6797188, 131.38921, 131.37559,
10.471710, 130.44578, 3.0427748, 132.33501, 132.31181,
10.479720, 130.86495, 2.9948883, 133.34328, 133.30956,
10.487730, 136.47930, 3.3312281, 134.41177, 134.36676,
10.495730, 134.05625, 3.0627099, 135.53689, 135.47998,
10.503740, 132.42667, 3.7793464, 136.71912, 136.64984,
10.511750, 134.91275, 3.3536321, 137.95494, 137.87297,
10.519750, 136.78032, 4.0134977, 139.24046, 139.14565,
10.527750, 146.99930, 3.3474274, 140.57527, 140.46756,
10.535750, 144.87775, 3.8817635, 141.95707, 141.83653,
10.543750, 146.01525, 3.9916686, 143.38356, 143.25037,
10.551750, 152.89945, 4.6970768, 144.85295, 144.70739,
10.559750, 150.39790, 4.8052866, 146.36279, 146.20525,
10.567850, 162.64938, 3.1713562, 147.93096, 147.76177,
10.576350, 158.02480, 3.0653439, 149.61659, 149.43579,
10.584840, 176.21913, 3.1820870, 151.33869, 151.14702,
10.593340, 177.54590, 3.1861329, 153.09905, 152.89729,
10.601830, 172.73895, 2.9252478, 154.89084, 154.67991,
10.610330, 170.63448, 3.0845854, 156.71606, 156.49690,
10.618820, 178.58163, 3.1872150, 158.56795, 158.34160,
10.627310, 174.79588, 2.9732202, 160.44592, 160.21347,
10.635800, 169.62410, 2.9624202, 162.34795, 162.11056,
10.644280, 181.11818, 3.4153225, 164.26904, 164.02791,
10.652770, 177.60983, 3.3051467, 166.21131, 165.96769,
10.661250, 174.67523, 2.9439708, 168.16800, 167.92320,
10.669740, 179.53382, 3.2497626, 170.14112, 169.89648,
10.678220, 185.60917, 3.4824569, 172.12385, 171.88075,
10.686700, 185.43735, 3.4225417, 174.11602, 173.87589,
10.695180, 189.08405, 3.6311600, 176.11525, 175.87954,
10.703650, 195.11475, 3.7618517, 178.11691, 177.88711,
10.712130, 199.47102, 3.5298497, 180.12291, 179.90056,
10.720600, 197.81560, 3.3613625, 182.12682, 181.91347,
10.729080, 203.98685, 3.5355624, 184.13055, 183.92782,
10.737550, 211.76683, 3.5975330, 186.12701, 185.93652,
10.746020, 204.33000, 3.4512124, 188.11653, 187.93996,
10.754490, 207.82460, 3.2859286, 190.09630, 189.93535,
10.762960, 205.97975, 3.4301308, 192.06439, 191.92082,
10.771420, 209.10620, 3.8032846, 194.01556, 193.89115,
10.779890, 215.82127, 3.4836884, 195.95273, 195.84933,
10.788350, 206.94590, 3.3956204, 197.86849, 197.78797,
10.796810, 202.53220, 3.7405207, 199.76287, 199.70717,
10.805270, 205.12960, 3.7247981, 201.63348, 201.60460,
10.813730, 203.39203, 3.4634577, 203.47792, 203.47792,
10.822190, 202.00892, 3.5819219, 205.29427, 205.32523,
10.830650, 204.32685, 3.7142110, 207.08254, 207.14641,
10.839100, 205.56920, 3.9242111, 208.84102, 208.93955,
10.847560, 207.22507, 3.5034603, 210.57455, 210.70939,
10.856010, 211.13275, 3.5736781, 212.27948, 212.45206,
10.864460, 213.31475, 4.4502777, 213.95803, 214.16965,
10.872910, 222.81970, 4.4980459, 215.61084, 215.86266,
10.881360, 232.58688, 4.0572442, 217.23852, 217.53157,
10.889800, 238.16580, 4.1196629, 218.83934, 219.17444,
10.898250, 236.98517, 4.2546385, 220.41750, 220.79545,
10.906690, 247.15720, 4.4973547, 221.96986, 222.39124,
10.915140, 253.64333, 4.2861109, 223.50050, 223.96585,
10.923580, 279.63385, 4.8999400, 225.00601, 225.51565,
10.932020, 284.81506, 5.1810570, 226.48869, 227.04288,
10.940460, 292.19074, 5.3610723, 227.94892, 228.54781,
10.948890, 289.08267, 5.5480342, 229.38529, 230.02888,
10.957330, 298.56080, 5.4453610, 230.80175, 231.49003,
10.965760, 326.56048, 5.2752031, 232.19529, 232.92805,
10.974200, 366.17352, 4.4797080, 233.56941, 234.34646,
10.982630, 423.19553, 25.513627, 234.92120, 235.74215,
10.991060, 458.79099, 8.7036343, 236.25287, 237.11729,
10.999490, 459.49760, 4.8812627, 237.56446, 238.47183,
11.007920, 455.08458, 3.9408628, 238.85657, 239.80632,
11.016340, 447.40378, 3.9200473, 240.12782, 241.11922,
11.024770, 439.29480, 4.6044808, 241.38154, 242.41390,
11.033190, 441.51047, 4.1778816, 242.61521, 243.68768,
11.041610, 424.15205, 4.5938295, 243.83055, 244.94226,
11.050030, 412.10258, 4.4343747, 245.02786, 246.17788,
11.058450, 396.91400, 5.1337093, 246.20743, 247.39477,
11.066870, 398.68850, 5.5420421, 247.36955, 248.59316,
11.075290, 392.82394, 5.9242117, 248.51449, 249.77328,
11.083700, 394.28203, 4.5944759, 249.64127, 250.93404,
11.092120, 400.60470, 5.1866721, 250.75271, 252.07829,
11.100530, 409.22036, 5.4354480, 251.84643, 253.20355,
11.108940, 412.73472, 5.8758043, 252.92420, 254.31159,
11.117350, 423.18668, 8.9886254, 253.98605, 255.40237,
11.120570, 453.99329, 4.9157244, 254.38856, 255.81562,
11.129530, 473.16282, 4.7524818, 255.49649, 256.95233,
11.138500, 515.13985, 4.8611251, 256.58843, 258.07148,
11.147460, 567.88664, 5.2304567, 257.66210, 259.17071,
11.156430, 665.85146, 5.7663859, 258.72031, 260.25284,
11.165390, 775.68454, 5.8406759, 259.76085, 261.31559,
11.174350, 930.10014, 6.2504195, 260.78524, 262.36047,
11.183300, 1111.9182, 7.1224346, 261.79268, 263.38665,
11.192260, 1310.1973, 7.7690895, 262.78559, 264.39656,
11.201220, 1425.9860, 7.7219147, 263.76312, 265.38932,
11.210170, 1455.5898, 7.7211573, 264.72452, 266.36415,
11.219120, 1457.1785, 8.1357028, 265.67107, 267.32233,
11.228070, 1462.8098, 8.1941909, 266.60301, 268.26411,
11.237020, 1447.4138, 7.6924997, 267.52048, 269.18960,
11.245970, 1443.4583, 7.7570271, 268.42390, 270.09924,
11.254920, 1422.8970, 8.0012113, 269.31340, 270.99314,
11.263860, 1375.6258, 7.8134056, 270.18817, 271.87050,
11.272800, 1342.0540, 7.4380679, 271.04957, 272.73270,
11.281750, 1287.2182, 7.5084408, 271.89853, 273.58066,
11.290690, 1225.1573, 7.7481887, 272.73361, 274.41296,
11.299630, 1167.5002, 7.3263613, 273.55576, 275.23056,
11.308560, 1111.5967, 6.9713485, 274.36439, 276.03290,
11.317500, 1053.5147, 6.9375086, 275.16143, 276.82191,
11.326430, 1007.5237, 7.0855821, 275.94535, 277.59611,
11.335370, 944.34790, 6.8904673, 276.71803, 278.35734,
11.344300, 886.86232, 6.6272214, 277.47799, 279.10420,
11.353230, 843.16855, 6.4019870, 278.22622, 279.83770,
11.362160, 815.23825, 6.5752848, 278.96283, 280.55797,
11.371080, 781.64769, 6.0714407, 279.68736, 281.26460,
11.380010, 738.20374, 5.8513279, 280.40138, 281.95914,
11.388930, 706.67336, 5.5649600, 281.10366, 282.64046,
11.397850, 681.41605, 5.6771572, 281.79498, 283.30936,
11.406780, 649.62886, 5.4884343, 282.47636, 283.96684,
11.415700, 625.12752, 5.1936884, 283.14635, 284.61157,
11.424610, 606.52351, 5.2416499, 283.80518, 285.24382,
11.433530, 593.32030, 5.4348562, 284.45442, 285.86515,
11.442450, 572.48186, 5.3823250, 285.09349, 286.47504,
11.451360, 542.94038, 4.9863613, 285.72185, 287.07305,
11.460270, 523.41998, 5.2079910, 286.34033, 287.66002,
11.469180, 508.76103, 5.1140600, 286.94903, 288.23611,
11.478090, 496.82870, 5.1685498, 287.54809, 288.80150,
11.487000, 481.47520, 4.8830019, 288.13763, 289.35638,
11.495910, 461.43897, 4.9731478, 288.71769, 289.90085,
11.504810, 446.61640, 5.0315241, 289.28792, 290.43463,
11.513710, 440.07067, 5.2347211, 289.84891, 290.95837,
11.522620, 425.27785, 4.7889343, 290.40148, 291.47290,
11.531520, 414.45473, 4.9606543, 290.94444, 291.97716,
11.540420, 418.39195, 5.2077932, 291.47854, 292.47194,
11.549310, 412.25672, 5.1680200, 292.00331, 292.95689,
11.558210, 397.68324, 4.9265310, 292.52004, 293.43325,
11.567100, 394.65504, 6.0665350, 293.02753, 293.90003,
11.576000, 389.37146, 5.3017459, 293.52719, 294.35857,
11.584890, 369.02430, 5.2405924, 294.01786, 294.80791,
11.593780, 364.84844, 5.2687101, 294.50017, 295.24870,
11.602670, 354.30858, 5.0056056, 294.97430, 295.68119,
11.611560, 347.63327, 5.2376535, 295.44028, 296.10550,
11.620440, 345.77488, 5.4558244, 295.89763, 296.52129,
11.629330, 331.54753, 5.2279159, 296.34752, 296.92969,
11.638210, 336.86100, 5.5122815, 296.78900, 297.32994,
11.647090, 330.02348, 5.5754991, 297.22257, 297.72258,
11.655970, 321.68723, 5.8026879, 297.64834, 298.10781,
11.664850, 314.42728, 4.5286940, 298.06641, 298.48582,
11.673730, 312.74474, 3.4844006, 298.47676, 298.85667,
11.682600, 322.38345, 3.9881529, 298.87905, 299.22017,
11.691480, 314.68050, 3.9106656, 299.27420, 299.57724,
11.700350, 305.38672, 3.9334413, 299.66141, 299.92725,
11.709220, 317.55835, 4.2242285, 300.04116, 300.27075,
11.718090, 324.60898, 4.5504344, 300.41349, 300.60786,
11.726960, 307.56300, 4.5090595, 300.77844, 300.93874,
11.735830, 309.78482, 4.4172945, 301.13605, 301.26353,
11.744690, 314.06658, 4.8915145, 301.48595, 301.58198,
11.753560, 312.31000, 4.4268941, 301.82900, 301.89500,
11.762420, 295.83205, 4.4534955, 302.16441, 302.20197,
11.771280, 305.57082, 6.9926479, 302.49268, 302.50346,
11.775020, 301.45557, 4.4017662, 302.62906, 302.62906,
11.784500, 303.73697, 4.0968430, 302.96910, 302.94321,
11.793980, 306.54988, 4.0069878, 303.30077, 303.25098,
11.803460, 313.61062, 4.4884013, 303.62398, 303.55221,
11.812940, 315.11532, 3.9369890, 303.93852, 303.84659,
11.822420, 306.54090, 3.9347535, 304.24430, 304.13394,
11.831890, 311.82775, 3.9477978, 304.54080, 304.41371,
11.841360, 315.97387, 4.6880567, 304.82819, 304.68595,
11.850840, 331.18964, 3.8477739, 305.10659, 304.95071,
11.860310, 336.19015, 4.0202683, 305.37528, 305.20720,
11.869770, 336.79533, 4.0046823, 305.63409, 305.45520,
11.879240, 337.85685, 3.8804963, 305.88338, 305.69498,
11.888710, 338.54203, 3.8758490, 306.12271, 305.92603,
11.898170, 346.24387, 3.8960477, 306.35165, 306.14788,
11.907630, 346.79365, 3.9699784, 306.57025, 306.36052,
11.917090, 349.27252, 4.0452251, 306.77836, 306.56372,
11.926550, 351.76843, 4.1723827, 306.97574, 306.75721,
11.936010, 353.90830, 3.8639838, 307.16223, 306.94076,
11.945470, 361.34110, 3.9725530, 307.33759, 307.11410,
11.954920, 364.81377, 3.9195856, 307.50147, 307.27681,
11.964370, 363.25214, 4.5607315, 307.65385, 307.42884,
11.973830, 364.92753, 3.8559832, 307.79464, 307.57007,
11.983280, 369.05634, 4.1645422, 307.92333, 307.69993,
11.992720, 365.37085, 3.9756031, 308.03971, 307.81820,
12.002170, 365.79085, 3.7796212, 308.14384, 307.92487,
12.011610, 357.13075, 3.7476912, 308.23524, 308.01947,
12.021060, 356.11706, 3.8624094, 308.31386, 308.10191,
12.030500, 353.53385, 3.8818262, 308.37929, 308.17177,
12.039940, 352.60672, 3.8267222, 308.43138, 308.22885,
12.049380, 342.89072, 3.6558276, 308.46988, 308.27290,
12.058820, 341.18837, 3.8059074, 308.49452, 308.30364,
12.068250, 341.85662, 3.8650447, 308.50503, 308.32078,
12.077690, 340.09415, 3.7442516, 308.50118, 308.32409,
12.087120, 332.80493, 3.7591467, 308.48268, 308.31329,
12.096550, 327.66802, 3.8236499, 308.44928, 308.28809,
12.105980, 325.09935, 4.7415520, 308.40067, 308.24823,
12.115410, 325.80763, 4.3953603, 308.33657, 308.19341,
12.124830, 320.43885, 3.9547768, 308.25677, 308.12344,
12.134260, 318.89670, 3.9267618, 308.16081, 308.03787,
12.143680, 317.59322, 4.1753427, 308.04859, 307.93660,
12.153100, 321.39579, 4.1453088, 307.91967, 307.81925,
12.162520, 327.51501, 4.6114740, 307.77375, 307.68552,
12.171940, 317.06622, 4.0666226, 307.61052, 307.53513,
12.181360, 316.83411, 4.1100727, 307.42960, 307.36776,
12.190770, 310.94700, 4.3486223, 307.23092, 307.18333,
12.200180, 310.21857, 4.1504647, 307.01393, 306.98136,
12.209600, 305.02000, 4.0059092, 306.77800, 306.76129,
12.219010, 302.45045, 4.3295969, 306.52330, 306.52330,
12.228420, 306.48193, 4.3534615, 306.24934, 306.26694,
12.237820, 308.44555, 4.3518741, 305.95675, 305.99274,
12.247230, 312.61035, 4.2468094, 305.64527, 305.70039,
12.256630, 320.52810, 4.5689354, 305.31597, 305.39080,
12.266040, 386.61890, 5.0275902, 304.96857, 305.06365,
12.275440, 722.00604, 6.9993583, 304.60417, 304.71990,
12.284840, 700.02567, 6.8959328, 304.22285, 304.35955,
12.294230, 397.21225, 5.3356349, 303.82530, 303.98322,
12.303630, 345.49822, 6.4716903, 303.41118, 303.59051,
12.313030, 342.69337, 5.6722569, 302.98116, 303.18198,
12.322420, 343.20432, 5.9352586, 302.53614, 302.75846,
12.331810, 339.61338, 4.1777669, 302.07599, 302.31976,
12.341200, 340.26755, 3.6077177, 301.60106, 301.86618,
12.350590, 355.42892, 3.6263273, 301.11168, 301.39798,
12.359980, 363.45115, 3.8710504, 300.60820, 300.91544,
12.369360, 358.73186, 3.9323384, 300.09146, 300.41934,
12.378750, 359.76877, 3.9814683, 299.56075, 299.90894,
12.388130, 355.69878, 27.205455, 299.01744, 299.38554,
12.397510, 359.07792, 14.529033, 298.46139, 298.84896,
12.406890, 362.56413, 4.5972484, 297.89277, 298.29935,
12.416270, 369.69038, 5.0565863, 297.31195, 297.73701,
12.425640, 373.46563, 3.9301285, 296.71990, 297.16287,
12.435020, 377.79412, 4.3168351, 296.11557, 296.57588,
12.444390, 378.82973, 4.3690118, 295.50062, 295.97762,
12.453760, 387.48615, 4.2256754, 294.87464, 295.36769,
12.463130, 389.32137, 4.3592354, 294.23793, 294.74635,
12.472500, 391.71655, 4.5884830, 293.59075, 294.11382,
12.481870, 403.83345, 5.6679670, 292.93337, 293.47038,
12.489420, 409.48507, 4.5823402, 292.39642, 292.94411,
12.499490, 417.69112, 4.7959603, 291.67049, 292.23165,
12.509550, 434.36097, 4.6189623, 290.93437, 291.50807,
12.519610, 436.57498, 4.5189945, 290.18768, 290.77301,
12.529670, 442.65876, 4.4590544, 289.43081, 290.02683,
12.539730, 451.04802, 4.6700663, 288.66393, 289.26968,
12.549780, 460.24688, 5.1582509, 287.88823, 288.50274,
12.559840, 461.76617, 4.6506071, 287.10238, 287.72469,
12.569890, 474.50768, 4.4871021, 286.30833, 286.93745,
12.579940, 466.10272, 4.5760257, 285.50554, 286.14049,
12.589990, 488.20621, 5.1151052, 284.69430, 285.33409,
12.600040, 498.62123, 4.6207972, 283.87482, 284.51847,
12.610090, 509.91055, 4.5528290, 283.04754, 283.69406,
12.620130, 517.66245, 4.8170485, 282.21352, 282.86194,
12.630170, 525.80379, 4.7057828, 281.37211, 282.02144,
12.640210, 531.71575, 4.7500681, 280.52364, 281.17293,
12.650250, 533.27275, 4.5645297, 279.66839, 280.31667,
12.660290, 536.12199, 4.5188445, 278.80670, 279.45303,
12.670330, 546.91795, 36.844056, 277.93866, 278.58211,
12.680360, 562.43932, 4.7300789, 277.06554, 277.70518,
12.690390, 585.16499, 4.6807602, 276.18668, 276.82161,
12.700420, 599.01285, 4.6544326, 275.30225, 275.93157,
12.710450, 606.30106, 4.6885983, 274.41267, 275.03552,
12.720480, 617.04071, 4.9283482, 273.51810, 274.13362,
12.730500, 620.85141, 5.5426082, 272.61965, 273.22700,
12.740530, 617.45171, 5.3847774, 271.71584, 272.31421,
12.750550, 595.02776, 4.5798920, 270.80864, 271.39725,
12.760570, 594.79303, 4.6306886, 269.89752, 270.47559,
12.770590, 596.39720, 4.6699836, 268.98253, 269.54932,
12.780610, 593.47917, 4.6186149, 268.06400, 268.61879,
12.790620, 585.69322, 4.9304894, 267.14313, 267.68524,
12.800640, 563.04372, 4.6260529, 266.21823, 266.74696,
12.810650, 556.48183, 4.5115713, 265.29146, 265.80619,
12.820660, 537.33109, 4.4363188, 264.36208, 264.86219,
12.830670, 494.65578, 4.1528111, 263.43023, 263.91513,
12.840680, 467.33825, 4.1001154, 262.49631, 262.96545,
12.850680, 436.10690, 4.0181630, 261.56136, 262.01421,
12.860690, 409.74966, 3.9958251, 260.62382, 261.05987,
12.870690, 384.69710, 3.8303368, 259.68570, 260.10448,
12.880690, 369.77393, 3.7133398, 258.74642, 259.14750,
12.890690, 348.40233, 3.7573346, 257.80602, 258.18897,
12.900680, 333.86348, 3.6951375, 256.86580, 257.23027,
12.910680, 318.23232, 3.6222397, 255.92401, 256.26962,
12.920670, 302.48732, 3.5025425, 254.98285, 255.30929,
12.930670, 295.94775, 3.4348135, 254.04056, 254.34752,
12.940660, 290.88083, 3.4586445, 253.09925, 253.38648,
12.950640, 281.20130, 3.6543576, 252.15932, 252.42660,
12.960630, 268.89070, 3.5205222, 251.21883, 251.46595,
12.970620, 270.25590, 3.5450922, 250.27917, 250.50595,
12.980600, 267.65400, 3.5368557, 249.34138, 249.54769,
12.990580, 264.59685, 3.6732573, 248.40485, 248.59059,
13.000560, 251.73915, 3.6838549, 247.46965, 247.63472,
13.010540, 251.06517, 3.5575780, 246.53607, 246.68042,
13.020520, 252.31480, 3.8651085, 245.60435, 245.72794,
13.030490, 245.18473, 3.5978993, 244.67568, 244.77853,
13.040470, 241.20130, 3.7221560, 243.74832, 243.83044,
13.050440, 240.83706, 3.8454620, 242.82447, 242.88592,
13.060410, 241.53215, 3.7682985, 241.90336, 241.94422,
13.070380, 243.36898, 3.8256676, 240.98514, 241.00550,
13.080350, 240.55460, 4.0541742, 240.07021, 240.07021,
13.090310, 235.25532, 4.1129622, 239.15954, 239.13934,
13.100280, 239.63998, 4.0852296, 238.25143, 238.21120,
13.110240, 242.67292, 4.1874443, 237.34763, 237.28759,
13.120200, 235.10823, 4.6117660, 236.44727, 236.36766,
13.130160, 238.62260, 4.3779093, 235.55035, 235.45144,
13.140110, 237.78078, 3.5365622, 234.65783, 234.53994,
13.150070, 242.33655, 2.9796154, 233.76784, 233.63126,
13.160020, 236.53560, 3.1224205, 232.88225, 232.72736,
13.169980, 238.78365, 3.6393288, 231.99923, 231.82637,
13.179930, 236.43717, 3.2108434, 231.12063, 230.93023,
13.189870, 238.79033, 3.4040791, 230.24639, 230.03888,
13.199820, 232.90728, 3.4739795, 229.37484, 229.15065,
13.209770, 230.48343, 3.1822363, 228.50676, 228.26636,
13.219710, 232.31735, 3.0961695, 227.64316, 227.38705,
13.229650, 225.08698, 3.3352124, 226.78324, 226.51193,
13.239590, 225.04335, 3.4276309, 225.92684, 225.64086,
13.249530, 225.64143, 3.1836229, 225.07409, 224.77397,
13.259470, 220.99340, 3.0250586, 224.22500, 223.91131,
13.269410, 230.05637, 3.6118319, 223.37961, 223.05293,
13.279340, 225.08612, 4.0911467, 222.53882, 222.19976,
13.289270, 221.77780, 4.3387534, 221.70170, 221.35087,
13.299200, 224.73915, 3.9802497, 220.86845, 220.50647,
13.309130, 219.12998, 4.0295849, 220.03901, 219.66652,
13.318260, 227.09825, 3.2007323, 219.27972, 218.89814,
13.328980, 230.81633, 3.0598141, 218.39242, 218.00088,
13.339690, 229.66760, 3.0924591, 217.51057, 217.10986,
13.350400, 222.27773, 6.5379692, 216.63333, 216.22426,
13.361120, 223.72088, 3.1339751, 215.75992, 215.34328,
13.371830, 223.97860, 2.9118427, 214.89210, 214.46871,
13.382530, 226.82055, 2.8796096, 214.02983, 213.60054,
13.393240, 227.99130, 3.0144782, 213.17165, 212.73727,
13.403940, 226.47777, 2.9682601, 212.31913, 211.88051,
13.414650, 227.26883, 3.3514918, 211.47083, 211.02882,
13.425350, 233.68607, 2.8831724, 210.62833, 210.18377,
13.436050, 234.03735, 2.8899681, 209.79094, 209.34468,
13.446740, 233.59405, 2.9131899, 208.95955, 208.51244,
13.457440, 242.40170, 3.0816190, 208.13259, 207.68549,
13.468130, 249.78763, 3.0286322, 207.31177, 206.86553,
13.478830, 247.46890, 2.9074171, 206.49556, 206.05102,
13.489520, 244.32185, 2.8777836, 205.68564, 205.24364,
13.500200, 249.54108, 3.0057682, 204.88201, 204.44339,
13.510890, 250.71210, 2.9756929, 204.08332, 203.64890,
13.521570, 264.19485, 2.9959500, 203.29109, 202.86169,
13.532260, 272.45792, 2.9684059, 202.50400, 202.08043,
13.542940, 269.75203, 2.9967724, 201.72354, 201.30660,
13.553620, 266.10477, 3.1220339, 200.94911, 200.53958,
13.564290, 256.95522, 3.0469895, 200.18158, 199.78021,
13.574970, 255.49976, 2.9445908, 199.41952, 199.02708,
13.585640, 250.03235, 2.8703646, 198.66455, 198.28176,
13.596320, 248.86110, 2.9641677, 197.91530, 197.54287,
13.606990, 240.20310, 2.9842047, 197.17334, 196.81197,
13.617650, 232.44200, 3.3430007, 196.43872, 196.08905,
13.628320, 232.19895, 2.8605376, 195.71023, 195.37292,
13.638980, 228.20302, 2.8522032, 194.98932, 194.66496,
13.649650, 221.18755, 4.3112853, 194.27480, 193.96399,
13.660310, 221.17952, 4.3430732, 193.56809, 193.27138,
13.670970, 216.32905, 3.2741736, 192.86869, 192.58659,
13.681630, 213.75455, 2.7672444, 192.17672, 191.90972,
13.692280, 204.80347, 3.1489252, 191.49301, 191.24153,
13.702940, 205.16995, 2.8776966, 190.81634, 190.58082,
13.713590, 204.76970, 2.9185214, 190.14820, 189.92898,
13.724240, 197.17385, 2.8151061, 189.48800, 189.28542,
13.734890, 193.40535, 2.8463481, 188.83604, 188.65036,
13.745530, 192.29460, 2.7168039, 188.19297, 188.02441,
13.756180, 184.47085, 2.7032057, 187.55781, 187.40656,
13.766820, 185.86180, 2.8012995, 186.93186, 186.79803,
13.777460, 188.75603, 2.8236194, 186.31472, 186.19839,
13.788100, 181.84765, 2.7452023, 185.70658, 185.60775,
13.798740, 180.07603, 2.6405810, 185.10760, 185.02623,
13.809380, 177.01005, 2.9118656, 184.51802, 184.45400,
13.820010, 180.58645, 2.8321088, 183.93844, 183.89159,
13.830640, 182.51545, 2.8966821, 183.36864, 183.33869,
13.841270, 180.58382, 2.8780755, 182.80870, 182.79535,
13.851900, 180.78433, 2.9310301, 182.25892, 182.26178,
13.862530, 183.94385, 3.7439463, 181.71932, 181.73796,
13.873150, 183.49925, 3.5196312, 181.19012, 181.22409,
13.883780, 174.11012, 3.2483236, 180.67005, 180.71898,
13.894400, 177.36937, 2.9823537, 180.15975, 180.22325,
13.905020, 172.36540, 2.9613090, 179.65845, 179.73616,
13.915640, 179.21015, 3.5042168, 179.16587, 179.25743,
13.926250, 183.63120, 3.3207741, 178.68215, 178.78723,
13.936870, 182.87510, 3.5110245, 178.20618, 178.32446,
13.947480, 183.82482, 3.3233968, 177.73844, 177.86961,
13.958090, 188.24350, 3.3387783, 177.27833, 177.42207,
13.968700, 195.18898, 3.5703702, 176.82549, 176.98149,
13.979310, 183.32737, 3.8058987, 176.37972, 176.54769,
13.989910, 185.25673, 3.6295084, 175.94113, 176.12073,
14.000520, 184.62620, 4.0356785, 175.50866, 175.69960,
14.011120, 187.17818, 3.7688522, 175.08283, 175.28479,
14.021720, 182.09010, 4.1627366, 174.66300, 174.87565,
14.032320, 174.14157, 4.0158498, 174.24891, 174.47193,
14.042920, 175.77748, 3.8035602, 173.84033, 174.07336,
14.053510, 181.61263, 4.0333928, 173.43739, 173.68008,
14.064110, 177.65843, 3.9452352, 173.03907, 173.29105,
14.074700, 169.24252, 5.2467994, 172.64587, 172.90675,
14.085290, 175.48243, 4.8238871, 172.25723, 172.52662,
14.095870, 178.52373, 3.3900939, 171.87323, 172.15069,
14.106460, 180.97567, 2.7591867, 171.49295, 171.77805,
14.117040, 179.72728, 2.7994367, 171.11682, 171.40910,
14.127630, 179.11700, 2.9871572, 170.74393, 171.04291,
14.138210, 180.67840, 2.9867878, 170.37477, 170.67994,
14.148790, 186.18217, 39.852434, 170.00875, 170.31959,
14.159370, 189.17073, 11.602971, 169.64565, 169.96160,
14.169940, 195.13505, 3.4044356, 169.28560, 169.60608,
14.180520, 201.60762, 6.0321460, 168.92767, 169.25208,
14.182090, 205.19703, 3.2355209, 168.87476, 169.19970,
14.193560, 205.80750, 3.1411982, 168.48961, 168.81798,
14.205030, 213.95018, 3.1619538, 168.10676, 168.43778,
14.216500, 216.32812, 3.3265345, 167.72601, 168.05885,
14.227970, 215.59692, 3.2331690, 167.34703, 167.68083,
14.239430, 210.61798, 3.2170661, 166.96988, 167.30374,
14.250890, 205.71440, 2.9980515, 166.59398, 166.92696,
14.262350, 199.74780, 3.1696119, 166.21902, 166.55013,
14.273810, 196.87683, 3.1901233, 165.84474, 166.17297,
14.285270, 190.35437, 3.1139645, 165.47091, 165.79519,
14.296730, 192.42270, 3.1058352, 165.09719, 165.41642,
14.308180, 184.43330, 2.8366686, 164.72369, 165.03672,
14.319630, 179.73615, 2.8597074, 164.34979, 164.65544,
14.331080, 175.12847, 2.8690528, 163.97519, 164.27223,
14.342530, 175.79095, 2.9996702, 163.59969, 163.88683,
14.353970, 174.79827, 2.6613415, 163.22331, 163.49927,
14.365410, 181.82552, 2.6433132, 162.84543, 163.10884,
14.376860, 175.23760, 2.8191837, 162.46547, 162.71493,
14.388300, 169.24928, 2.6318897, 162.08380, 162.31787,
14.399730, 163.59165, 2.6569702, 161.70019, 161.91741,
14.411170, 161.28807, 2.4762232, 161.31364, 161.51248,
14.422600, 159.78773, 2.4324422, 160.92460, 161.10351,
14.434030, 157.99957, 2.2900188, 160.53243, 160.68982,
14.445460, 163.31498, 2.4346604, 160.13682, 160.27105,
14.456890, 155.58660, 2.3386867, 159.73755, 159.84694,
14.468320, 163.67960, 2.4035030, 159.33431, 159.41715,
14.479740, 162.76425, 2.2797983, 158.92715, 158.98171,
14.491160, 161.10055, 2.2894444, 158.51545, 158.53996,
14.502580, 152.03807, 2.4190193, 158.09895, 158.09159,
14.514000, 155.52063, 2.3824212, 157.67749, 157.63650,
14.525420, 157.81507, 2.3612370, 157.25137, 157.17522,
14.536830, 155.81840, 2.2250977, 156.82133, 156.70879,
14.548240, 155.38313, 2.3215111, 156.38729, 156.23735,
14.559650, 153.85590, 2.6512055, 155.94955, 155.76146,
14.571060, 150.90417, 2.4219521, 155.50849, 155.28178,
14.582470, 148.87510, 2.8213036, 155.06440, 154.79884,
14.593870, 144.82160, 2.4904805, 154.61797, 154.31363,
14.605270, 150.95225, 2.4478854, 154.16915, 153.82633,
14.616670, 145.12807, 2.3885947, 153.71828, 153.33756,
14.628070, 150.50945, 2.8074588, 153.26559, 152.84781,
14.639470, 145.77272, 2.7676140, 152.81145, 152.35769,
14.650860, 146.28667, 2.4231952, 152.35658, 151.86824,
14.662260, 149.27353, 2.4532901, 151.90044, 151.37913,
14.673650, 147.25817, 2.5915550, 151.44420, 150.89184,
14.685040, 147.16458, 2.4758802, 150.98769, 150.40645,
14.696420, 145.60113, 2.5697448, 150.53172, 149.92406,
14.707810, 150.41660, 2.3805512, 150.07568, 149.44427,
14.719190, 142.56543, 2.4663699, 149.62080, 148.96863,
14.730570, 141.82753, 2.4991936, 149.16689, 148.49719,
14.741950, 142.67578, 2.3972855, 148.71429, 148.03057,
14.753330, 147.93262, 2.7013649, 148.26331, 147.56935,
14.764700, 146.40350, 2.4290118, 147.81467, 147.11452,
14.776080, 142.45843, 2.3400573, 147.36787, 146.66582,
14.787450, 144.82475, 2.4562349, 146.92402, 146.22467,
14.798820, 143.82187, 2.7697901, 146.48303, 145.79123,
14.810190, 142.54023, 2.8107832, 146.04519, 145.36604,
14.821550, 147.84240, 2.7539543, 145.61123, 144.95011,
14.832920, 144.54100, 2.8533513, 145.18072, 144.54329,
14.844280, 138.50060, 2.5507388, 144.75469, 144.14686,
14.855640, 141.83600, 2.8455307, 144.33311, 143.76106,
14.866990, 141.72057, 2.8064546, 143.91668, 143.38683,
14.878350, 141.57025, 2.8498263, 143.50495, 143.02406,
14.889710, 137.60637, 2.8299323, 143.09864, 142.67370,
14.901060, 141.39860, 2.9095440, 142.69846, 142.33667,
14.912410, 140.55223, 2.8782076, 142.30435, 142.01324,
14.923760, 139.95990, 3.2305001, 141.91663, 141.70398,
14.935100, 137.91393, 3.5661607, 141.53604, 141.40981,
14.946450, 143.75013, 3.1789742, 141.16217, 141.13077,
14.957790, 140.22042, 3.0484065, 140.79617, 140.86793,
14.969130, 144.02840, 3.1823257, 140.43899, 140.62090,
14.980470, 138.79367, 3.2289217, 140.09239, 140.38905,
14.991810, 149.65105, 3.6467030, 139.75821, 140.17181,
15.003140, 146.54625, 3.3769563, 139.43853, 139.96876,
15.014480, 146.59990, 3.2696924, 139.13469, 139.77900,
15.025810, 144.92960, 3.4407528, 138.84897, 139.60224,
15.037140, 147.61210, 3.6531540, 138.58300, 139.43776,
15.048460, 141.27878, 3.6781001, 138.33882, 139.28511,
15.059790, 144.34757, 3.8532235, 138.11788, 139.14345,
15.071110, 145.00290, 3.4172682, 137.92244, 139.01247,
15.082440, 142.67912, 2.5767702, 137.75403, 138.89137,
15.093750, 141.88940, 2.2643670, 137.61501, 138.77990,
15.105070, 134.76628, 2.3902206, 137.50686, 138.67720,
15.116390, 143.60085, 2.4485322, 137.43166, 138.58280,
15.127700, 144.92370, 2.5017812, 137.39139, 138.49624,
15.139020, 144.60592, 2.7006625, 137.38794, 138.41679,
15.150330, 143.64980, 2.3676194, 137.42333, 138.34407,
15.162390, 136.86500, 3.2624572, 137.50609, 138.27321,
15.174730, 137.41370, 2.9225781, 137.64139, 138.20718,
15.187070, 130.56492, 3.4600614, 137.83053, 138.14701,
15.199410, 136.19435, 3.7607217, 138.07626, 138.09197,
15.211740, 137.70393, 2.9443647, 138.38015, 138.04150,
15.224080, 148.11643, 3.0574828, 138.74081, 137.99532,
15.236410, 146.33705, 2.7292739, 139.15457, 137.95343,
15.248740, 154.60858, 3.0106278, 139.61870, 137.91573,
15.261060, 149.36170, 3.0748952, 140.12978, 137.88218,
15.273390, 151.17382, 3.4605251, 140.68573, 137.85264,
15.285710, 149.73497, 3.2327084, 141.28275, 137.82711,
15.298030, 146.69893, 2.7729192, 141.91833, 137.80549,
15.310350, 151.89965, 2.8816527, 142.58971, 137.78772,
15.322660, 147.07133, 3.2660211, 143.29340, 137.77375,
15.334980, 143.39305, 2.8451003, 144.02773, 137.76348,
15.347290, 138.10838, 2.7736776, 144.78877, 137.75689,
15.359600, 141.50287, 2.6683225, 145.57433, 137.75389,
15.371900, 145.14153, 2.6449149, 146.38095, 137.75443,
15.384210, 148.52943, 2.8157614, 147.20728, 137.75845,
15.396510, 150.48700, 3.4670657, 148.04925, 137.76588,
15.408810, 153.58025, 3.1954077, 148.90473, 137.77667,
15.421110, 152.40297, 2.8303134, 149.77115, 137.79078,
15.433410, 152.90213, 2.7688076, 150.64569, 137.80813,
15.445700, 157.43027, 2.8328830, 151.52504, 137.82866,
15.457990, 150.14185, 2.8511509, 152.40720, 137.85234,
15.470280, 151.48215, 2.9745233, 153.28951, 137.87910,
15.482570, 151.13233, 2.8868531, 154.16929, 137.90890,
15.494860, 153.90863, 2.7588536, 155.04386, 137.94169,
15.507140, 154.80517, 2.7707916, 155.90987, 137.97738,
15.519420, 160.78368, 2.7926466, 156.76527, 138.01596,
15.531700, 156.72920, 3.0670363, 157.60751, 138.05738,
15.543980, 157.65353, 2.9879375, 158.43375, 138.10159,
15.556260, 158.59420, 2.6646375, 159.24144, 138.14854,
15.568530, 158.20948, 2.6116189, 160.02712, 138.19814,
15.580800, 158.73965, 2.4141302, 160.78877, 138.25039,
15.593070, 163.98985, 2.7301314, 161.52366, 138.30525,
15.605340, 162.82867, 2.6171090, 162.22910, 138.36267,
15.617600, 163.93527, 2.6579378, 162.90401, 138.42255,
15.629860, 161.28070, 2.3972181, 163.55086, 138.48490,
15.642120, 160.18960, 2.3054813, 164.17181, 138.54969,
15.654380, 159.93800, 2.6693845, 164.76883, 138.61686,
15.666640, 161.05330, 2.7068009, 165.34407, 138.68638,
15.678890, 164.96655, 2.6347070, 165.89904, 138.75815,
15.691140, 161.66063, 2.5205228, 166.43624, 138.83219,
15.703390, 160.82535, 2.3976486, 166.95769, 138.90845,
15.715640, 165.32492, 2.5486975, 167.46538, 138.98690,
15.727890, 162.43780, 2.6286274, 167.96128, 139.06751,
15.740130, 162.17625, 2.7109917, 168.44701, 139.15016,
15.752370, 169.00760, 2.6773601, 168.92487, 139.23489,
15.764610, 170.28975, 2.6274066, 169.39690, 139.32166,
15.776850, 173.55865, 2.5910395, 169.86499, 139.41042,
15.789090, 171.02790, 2.5900276, 170.33115, 139.50117,
15.801320, 171.30347, 2.6671778, 170.79692, 139.59377,
15.813550, 176.04258, 2.8373330, 171.26462, 139.68827,
15.825780, 181.04772, 2.7793845, 171.73621, 139.78464,
15.838010, 179.06475, 2.6847365, 172.21365, 139.88284,
15.850230, 185.20173, 3.0704068, 172.69850, 139.98277,
15.862450, 181.88152, 3.0143345, 173.19305, 140.08445,
15.874670, 183.97910, 3.1214943, 173.69933, 140.18788,
15.886890, 180.11215, 3.1941532, 174.21929, 140.29302,
15.899110, 185.56913, 3.4908492, 174.75485, 140.39982,
15.911320, 181.83448, 3.1877801, 175.30760, 140.50818,
15.923540, 188.87757, 3.4143055, 175.88044, 140.61826,
15.935750, 187.38910, 3.6327344, 176.47441, 140.72982,
15.947960, 180.13220, 3.6275723, 177.09200, 140.84294,
15.960160, 183.53050, 3.5652448, 177.73474, 140.95750,
15.972370, 183.14642, 3.5610969, 178.40568, 141.07364,
15.984570, 185.29965, 3.4546621, 179.10577, 141.19116,
15.996770, 187.80602, 3.3588609, 179.83773, 141.31013,
16.008961, 187.14930, 5.3453705, 180.60300, 141.43043,
16.021160, 192.55475, 3.9193745, 181.40482, 141.55220,
16.033350, 192.61335, 3.7917217, 182.24414, 141.67524,
16.045549, 182.12365, 3.2111887, 183.12446, 141.79971,
16.057739, 193.81613, 3.6421859, 184.04658, 141.92540,
16.069920, 191.41865, 3.4280073, 185.01263, 142.05228,
16.082109, 176.89755, 3.5172111, 186.02635, 142.18052,
16.094290, 179.79350, 3.3452693, 187.08843, 142.30990,
16.106470, 186.58062, 3.7652741, 188.20196, 142.44049,
16.118650, 184.12935, 3.5766521, 189.36927, 142.57227,
16.130831, 181.12553, 3.3852650, 190.59272, 142.70523,
16.143009, 184.67090, 3.5258990, 191.87451, 142.83930,
16.155180, 187.92490, 3.9496483, 193.21642, 142.97441,
16.167351, 187.41077, 3.8000458, 194.62169, 143.11062,
16.179520, 184.20417, 4.8832294, 196.09261, 143.24788,
16.191681, 192.11993, 4.1880850, 197.63096, 143.38611,
16.203850, 197.99175, 4.3549699, 199.24127, 143.52546,
16.216009, 192.96000, 5.5076945, 200.92388, 143.66571,
16.228170, 209.58285, 5.4016452, 202.68256, 143.80697,
16.240330, 209.53380, 5.3390879, 204.51398, 143.94918,
16.252489, 207.55690, 5.4294831, 206.41250, 144.09234,
16.264641, 224.77905, 5.5119938, 208.37093, 144.23634,
16.276791, 219.51986, 5.5184912, 210.38423, 144.38122,
16.288950, 225.19660, 5.7989695, 212.44850, 144.52710,
16.301090, 243.79090, 7.3068925, 214.55301, 144.67362,
16.313240, 264.64890, 6.7689854, 216.69688, 144.82111,
16.325380, 259.48737, 5.9545430, 218.87099, 144.96930,
16.337530, 289.32683, 4.6050047, 221.07302, 145.11843,
16.349670, 310.22910, 4.3100913, 223.29377, 145.26823,
16.361799, 334.02637, 4.2056047, 225.52717, 145.41866,
16.373940, 375.83125, 4.3776722, 227.77173, 145.56999,
16.386070, 404.58650, 5.3309136, 230.01791, 145.72194,
16.398211, 435.01780, 5.1159284, 232.26354, 145.87473,
16.410339, 442.10265, 6.1623983, 234.49907, 146.02807,
16.422461, 456.99413, 9.6004064, 236.71956, 146.18200,
16.434589, 443.23705, 8.0580789, 238.92212, 146.33669,
16.446711, 446.81463, 5.0275421, 241.09829, 146.49194,
16.458839, 458.13777, 4.8916012, 243.24509, 146.64791,
16.470961, 424.83673, 5.7014257, 245.35410, 146.80441,
16.483070, 392.73210, 4.9968821, 247.41902, 146.96135,
16.495190, 376.23509, 7.1693327, 249.43765, 147.11900,
16.500280, 377.06052, 5.3989313, 250.26989, 147.18539,
16.513599, 358.29131, 5.1637719, 252.39934, 147.35956,
16.526911, 335.84622, 4.3588265, 254.45203, 147.53428,
16.540211, 328.02612, 4.3672468, 256.41976, 147.70948,
16.553520, 311.95010, 4.4324038, 258.29777, 147.88542,
16.566820, 300.28415, 4.2180520, 260.07545, 148.06183,
16.580120, 291.46226, 3.9883538, 261.74620, 148.23880,
16.593420, 278.92617, 3.7457877, 263.30193, 148.41633,
16.606710, 281.39128, 3.6315516, 264.73350, 148.59426,
16.620001, 276.43068, 3.6860200, 266.03385, 148.77270,
16.633301, 266.94978, 3.6855255, 267.19541, 148.95176,
16.646589, 272.23505, 4.0598317, 268.20794, 149.13113,
16.659870, 269.33135, 3.8143673, 269.06351, 149.31086,
16.673149, 265.53427, 3.6303809, 269.75400, 149.49099,
16.686440, 268.99696, 3.7181065, 270.27116, 149.67169,
16.699711, 273.10165, 4.1116207, 270.60689, 149.85252,
16.712990, 274.39328, 3.9632736, 270.77225, 150.03383,
16.726271, 273.48891, 4.0723484, 270.78631, 150.21553,
16.739540, 273.99143, 3.6057220, 270.66856, 150.39740,
16.752810, 267.03030, 3.4229359, 270.43824, 150.57960,
16.766081, 271.21220, 3.2788424, 270.11444, 150.76212,
16.779341, 266.63555, 3.2805185, 269.71658, 150.94477,
16.792601, 258.58141, 3.3599285, 269.26337, 151.12768,
16.805870, 266.70856, 3.4331210, 268.77335, 151.31097,
16.819120, 262.19403, 3.9774499, 268.26648, 151.49422,
16.832380, 258.84595, 3.2690821, 267.76054, 151.67782,
16.845631, 264.42507, 3.1628187, 267.27509, 151.86147,
16.858891, 256.36138, 3.2947959, 266.82829, 152.04543,
16.872141, 255.87832, 3.4954953, 266.43967, 152.22942,
16.885380, 259.05620, 3.4942115, 266.12802, 152.41339,
16.898630, 257.15735, 3.3676432, 265.91177, 152.59764,
16.911869, 252.97565, 3.2516774, 265.81029, 152.78183,
16.925110, 265.36677, 3.1652789, 265.84243, 152.96613,
16.938351, 263.03994, 3.2476449, 266.02741, 153.15051,
16.951580, 266.59515, 3.5095517, 266.38412, 153.33477,
16.964821, 266.58477, 3.4192754, 266.92303, 153.51923,
16.978050, 271.89375, 4.0296955, 267.62645, 153.70355,
16.991270, 278.41248, 3.3535111, 268.47280, 153.88773,
17.004499, 299.54280, 3.4977705, 269.44212, 154.07203,
17.017719, 385.43580, 3.9962976, 270.51196, 154.25616,
17.030951, 806.42661, 6.0115459, 271.66303, 154.44040,
17.044161, 817.18356, 6.5030084, 272.87151, 154.62427,
17.057381, 396.81432, 4.7217225, 274.11924, 154.80819,
17.070601, 292.10081, 3.6718258, 275.38454, 154.99201,
17.083811, 291.85860, 3.6478762, 276.64567, 155.17557,
17.097019, 288.91847, 3.7599901, 277.88258, 155.35897,
17.110229, 296.85485, 3.6089280, 279.07481, 155.54223,
17.123430, 282.06688, 3.5945764, 280.20057, 155.72519,
17.136641, 282.91888, 3.5072728, 281.24060, 155.90809,
17.149839, 282.89595, 3.4038958, 282.17236, 156.09062,
17.163040, 280.33108, 3.6951857, 282.97592, 156.27295,
17.176229, 278.37008, 3.4341833, 283.62955, 156.45488,
17.189430, 278.11983, 3.5698631, 284.11322, 156.63670,
17.202620, 278.21793, 3.8290022, 284.40480, 156.81809,
17.215811, 279.04927, 3.8436857, 284.48338, 156.99920,
17.229000, 279.61646, 3.7949404, 284.32737, 157.17998,
17.242180, 288.01940, 3.7598239, 283.91548, 157.36029,
17.255369, 285.98317, 3.9523108, 283.23501, 157.54038,
17.268551, 289.38665, 4.0471077, 282.29854, 157.71999,
17.281719, 293.47737, 3.9983745, 281.12227, 157.89904,
17.294901, 301.60201, 5.0481813, 279.71878, 158.07786,
17.308069, 311.11986, 4.9849501, 278.10574, 158.25607,
17.321251, 309.55805, 3.9552226, 276.29455, 158.43402,
17.334410, 322.97555, 4.1472262, 274.30488, 158.61121,
17.347580, 336.12463, 4.5751067, 272.14615, 158.78806,
17.360750, 335.83087, 4.7580073, 269.83424, 158.96442,
17.373911, 344.76965, 5.1977040, 267.38512, 159.14013,
17.387070, 336.08520, 5.1294771, 264.81153, 159.31527,
17.400230, 326.54547, 4.4198955, 262.12663, 159.48989,
17.413380, 310.28625, 4.7434066, 259.34706, 159.66378,
17.426540, 320.10738, 4.6545864, 256.48173, 159.83722,
17.439690, 296.63204, 4.6555297, 253.54929, 160.00990,
17.452841, 289.51675, 4.8568938, 250.56043, 160.18196,
17.465981, 280.64613, 5.4944686, 247.53180, 160.35322,
17.479130, 274.52490, 5.1128354, 244.47209, 160.52393,
17.492270, 260.56577, 4.0844688, 241.39923, 160.69382,
17.505409, 240.24960, 3.8811816, 238.32447, 160.86299,
17.518551, 246.63180, 4.2280081, 235.26084, 161.03145,
17.531679, 244.27900, 4.4647993, 232.22533, 161.19898,
17.544821, 228.55890, 4.3067854, 229.22525, 161.36589,
17.557949, 221.45182, 4.2616401, 226.28020, 161.53184,
17.571079, 219.88560, 4.4204638, 223.40021, 161.69699,
17.584200, 221.24745, 4.6978022, 220.60130, 161.86117,
17.597330, 223.43348, 4.7805307, 217.89304, 162.02461,
17.610451, 212.34428, 4.6537302, 215.29159, 162.18703,
17.623569, 210.89137, 5.3692142, 212.79696, 162.34852,
17.636690, 217.48365, 5.8241226, 210.40527, 162.50910,
17.649799, 219.70848, 5.0085700, 208.11578, 162.66858,
17.662910, 221.10727, 5.2473937, 205.92305, 162.82711,
17.676029, 229.95527, 7.7888971, 203.82329, 162.98472,
17.689131, 228.29260, 5.7203243, 201.81751, 163.14109,
17.702240, 227.67393, 6.0546771, 199.89904, 163.29650,
17.715349, 223.44035, 6.1442078, 198.06633, 163.45084,
17.728451, 220.46067, 6.1414757, 196.31773, 163.60398,
17.741550, 228.16998, 5.5081059, 194.64977, 163.75597,
17.754641, 227.09270, 4.9655007, 193.06079, 163.90670,
17.767740, 228.60972, 4.2394816, 191.54599, 164.05637,
17.780830, 219.97227, 4.4064507, 190.10516, 164.20471,
17.793921, 219.02375, 3.7994508, 188.73481, 164.35183,
17.807011, 218.17575, 3.7424049, 187.43261, 164.49769,
17.820101, 221.65168, 3.7873327, 186.19631, 164.64227,
17.833179, 225.75533, 3.9231328, 185.02467, 164.78540,
17.846270, 214.81465, 3.8680653, 183.91349, 164.92732,
17.859341, 211.24597, 3.6436913, 182.86318, 165.06767,
17.872419, 202.82555, 4.3714052, 181.86944, 165.20671,
17.885500, 204.68590, 4.0013681, 180.93073, 165.34434,
17.898569, 198.45237, 4.3472323, 180.04596, 165.48039,
17.911640, 196.28978, 4.2152978, 179.21220, 165.61498,
17.924709, 202.08413, 4.2193525, 178.42780, 165.74804,
17.937780, 201.69205, 6.8378362, 177.69064, 165.87957,
17.941250, 195.94570, 3.6676149, 177.50269, 165.91422,
17.955721, 194.65315, 3.7100099, 176.75260, 166.05753,
17.970181, 193.69855, 3.6508326, 176.05578, 166.19874,
17.984650, 188.67888, 3.9199452, 175.40882, 166.33802,
17.999109, 177.33083, 4.1468053, 174.81023, 166.47513,
18.013571, 188.30995, 4.3431858, 174.25719, 166.61014,
18.028021, 177.45220, 3.7938733, 173.74790, 166.74288,
18.042480, 180.63350, 3.5957143, 173.27940, 166.87350,
18.056931, 169.50015, 3.3700329, 172.85010, 167.00178,
18.071381, 170.98117, 3.1690872, 172.45755, 167.12776,
18.085819, 165.12215, 3.5580294, 172.09989, 167.25128,
18.100269, 171.75110, 3.8006641, 171.77447, 167.37250,
18.114710, 183.33398, 4.0776825, 171.47980, 167.49118,
18.129150, 167.70398, 3.3848577, 171.21394, 167.60736,
18.143579, 174.13628, 3.5054340, 170.97549, 167.72090,
18.158020, 173.14630, 3.3666707, 170.76248, 167.83191,
18.172449, 179.93727, 3.5070372, 170.57370, 167.94018,
18.186880, 174.05120, 3.7151908, 170.40743, 168.04575,
18.201300, 172.82550, 3.8813611, 170.26228, 168.14846,
18.215719, 161.98495, 3.2312276, 170.13663, 168.24835,
18.230150, 162.92862, 3.1050018, 170.02893, 168.34543,
18.244560, 166.49958, 2.9753893, 169.93795, 168.43942,
18.258980, 164.98215, 3.0355586, 169.86203, 168.53048,
18.273390, 169.26293, 3.4846615, 169.79986, 168.61842,
18.287800, 176.42275, 3.9290880, 169.74997, 168.70323,
18.302210, 169.53220, 3.3623872, 169.71095, 168.78486,
18.316620, 171.41647, 3.2438743, 169.68142, 168.86323,
18.331020, 167.00678, 2.9490962, 169.66000, 168.93824,
18.345421, 169.99900, 3.0903397, 169.64530, 169.00988,
18.359819, 166.56017, 2.9927916, 169.63596, 169.07805,
18.374210, 172.45060, 3.4042545, 169.63060, 169.14268,
18.388611, 158.74187, 3.6233372, 169.62788, 169.20377,
18.403000, 162.02130, 3.3843525, 169.62643, 169.26116,
18.417379, 167.00530, 3.6048748, 169.62491, 169.31478,
18.431770, 163.67717, 3.1389833, 169.62196, 169.36466,
18.446150, 160.65385, 2.9967756, 169.61623, 169.41062,
18.460529, 170.39777, 3.2134091, 169.60638, 169.45264,
18.474911, 177.40382, 3.4707696, 169.59103, 169.49063,
18.489281, 168.79135, 4.5359433, 169.56886, 169.52450,
18.503660, 166.92733, 3.0275303, 169.53846, 169.55421,
18.518030, 164.22580, 3.0341301, 169.49912, 169.57970,
18.532391, 169.50173, 3.0437166, 169.45123, 169.60106,
18.546761, 171.21540, 3.1066044, 169.39524, 169.61842,
18.561119, 169.30345, 3.3036992, 169.33172, 169.63184,
18.575480, 175.08387, 3.8507017, 169.26111, 169.64143,
18.589840, 173.37715, 3.3816539, 169.18391, 169.64730,
18.604191, 176.88935, 3.4265459, 169.10064, 169.64951,
18.618549, 171.90952, 3.3174536, 169.01169, 169.64818,
18.632900, 169.27552, 3.0697147, 168.91762, 169.64338,
18.647240, 169.93858, 3.5688609, 168.81892, 169.63522,
18.661591, 171.45000, 3.5990146, 168.71589, 169.62376,
18.675930, 166.57860, 3.4962580, 168.60915, 169.60911,
18.690269, 172.53920, 3.9759632, 168.49907, 169.59134,
18.704611, 186.43603, 3.9186292, 168.38609, 169.57053,
18.718941, 181.17857, 3.7112260, 168.27074, 169.54679,
18.733271, 168.32365, 3.2573038, 168.15340, 169.52018,
18.747601, 172.76268, 3.3411051, 168.03449, 169.49078,
18.761930, 190.05333, 3.8341260, 167.91446, 169.45866,
18.776260, 184.54073, 3.5533393, 167.79374, 169.42390,
18.790581, 182.38073, 3.7424443, 167.67285, 169.38661,
18.804899, 182.92302, 3.5525886, 167.55216, 169.34685,
18.819220, 184.63175, 3.5038346, 167.43208, 169.30466,
18.833530, 190.45646, 3.6675903, 167.31313, 169.26017,
18.847839, 187.23583, 3.7718901, 167.19569, 169.21343,
18.862150, 192.58695, 4.9165226, 167.08016, 169.16449,
18.876459, 199.63605, 4.7395495, 166.96702, 169.11344,
18.890770, 196.80313, 4.3368505, 166.85668, 169.06034,
18.905069, 188.89690, 3.9379112, 166.74968, 169.00530,
18.919371, 190.01850, 4.0668211, 166.64636, 168.94834,
18.933670, 200.31410, 4.2173873, 166.54719, 168.88955,
18.947960, 199.62817, 5.0294749, 166.45269, 168.82903,
18.962250, 193.95803, 4.7126829, 166.36323, 168.76680,
18.976540, 194.31117, 4.5318315, 166.27928, 168.70293,
18.990829, 196.09852, 4.8151474, 166.20131, 168.63749,
19.005119, 194.43240, 4.8334530, 166.12977, 168.57054,
19.019400, 182.72683, 4.2350788, 166.06520, 168.50219,
19.033680, 189.80100, 4.6034908, 166.00801, 168.43246,
19.047960, 182.22810, 4.6507968, 165.95870, 168.36141,
19.062229, 178.03848, 4.4018069, 165.91779, 168.28917,
19.076500, 179.63230, 6.0204868, 165.88573, 168.21573,
19.090771, 164.39022, 4.7795875, 165.86305, 168.14115,
19.105040, 185.69907, 4.6485651, 165.85024, 168.06552,
19.119310, 187.46227, 4.5792210, 165.84785, 167.98887,
19.133570, 175.49643, 4.6700289, 165.85638, 167.91133,
19.147829, 150.39435, 6.5495804, 165.87638, 167.83291,
19.162090, 175.10393, 5.4582311, 165.90841, 167.75365,
19.176340, 168.39130, 5.0675996, 165.95298, 167.67368,
19.190599, 166.16585, 5.5326507, 166.01073, 167.59296,
19.204849, 163.62215, 6.1196851, 166.08216, 167.51164,
19.219101, 167.21972, 5.8649319, 166.16793, 167.42972,
19.233339, 171.34322, 4.8317927, 166.26852, 167.34734,
19.247580, 167.49560, 4.4272433, 166.38464, 167.26448,
19.261820, 161.38550, 4.9088846, 166.51692, 167.18121,
19.276060, 166.48907, 5.9476731, 166.66601, 167.09757,
19.290300, 167.75947, 6.3415745, 166.83255, 167.01364,
19.304529, 162.90088, 5.6611705, 167.01709, 166.92953,
19.318760, 169.70028, 5.9260664, 167.22045, 166.84523,
19.332991, 169.99495, 5.8849940, 167.44333, 166.76079,
19.347219, 166.49610, 5.3930804, 167.68641, 166.67630,
19.361441, 175.18697, 5.7403183, 167.95032, 166.59184,
19.375660, 162.26160, 5.5942590, 168.23590, 166.50743,
19.389879, 150.42880, 5.1774679, 168.54396, 166.42313,
19.404100, 169.45227, 5.7611620, 168.87534, 166.33897,
19.418310, 181.18682, 7.2963625, 169.23052, 166.25509,
19.432520, 176.16122, 6.9594889, 169.61059, 166.17148,
