# wave, flux, fluxerr, continuum, continuum_plateau
9.9725246, 148.41758, 3.4099981, 176.36056, 176.24657,
9.9806166, 154.55765, 3.4097109, 175.06021, 174.96478,
9.9887066, 157.13283, 3.2353047, 173.80764, 173.72854,
9.9967957, 153.61965, 3.0647681, 172.60160, 172.53679,
10.004880, 153.87888, 3.3462531, 171.44157, 171.38917,
10.012970, 154.83578, 3.2914282, 170.32503, 170.28331,
10.021050, 162.24660, 2.9472134, 169.25302, 169.22041,
10.029140, 161.49808, 3.2108439, 168.22201, 168.19708,
10.037220, 165.09835, 3.3836955, 167.23354, 167.21499,
10.045300, 170.32352, 3.0755774, 166.28526, 166.27193,
10.053380, 158.48975, 3.0394219, 165.37610, 165.36694,
10.061460, 164.64983, 3.2955178, 164.50531, 164.49940,
10.069540, 162.36210, 3.2832505, 163.67173, 163.66825,
10.077610, 164.09208, 2.9926544, 162.87554, 162.87377,
10.085690, 160.63557, 3.0535183, 162.11383, 162.11315,
10.093760, 167.01230, 3.4499476, 161.38747, 161.38735,
10.101830, 158.73573, 2.8789900, 160.69464, 160.69463,
10.109900, 159.07115, 2.7109966, 160.03436, 160.03409,
10.117970, 157.78885, 2.8380612, 159.40590, 159.40508,
10.126040, 159.44975, 3.0557950, 158.80830, 158.80669,
10.134100, 155.95240, 2.6406795, 158.24140, 158.23884,
10.142170, 157.66685, 2.9254039, 157.70287, 157.69925,
10.150230, 151.20717, 3.0469241, 157.19320, 157.18845,
10.158300, 150.79832, 2.6822358, 156.71032, 156.70444,
10.166360, 147.21702, 2.9159917, 156.25460, 156.24762,
10.174420, 152.48450, 3.1805491, 155.82451, 155.81650,
10.182470, 153.76920, 3.6439691, 155.41980, 155.41086,
10.190530, 150.28835, 3.2841290, 155.03864, 155.02890,
10.198590, 149.00335, 2.9728917, 154.68067, 154.67029,
10.206640, 150.80437, 3.1515779, 154.34557, 154.33472,
10.214690, 149.56785, 3.2818979, 154.03204, 154.02093,
10.222750, 152.84685, 3.4641517, 153.73898, 153.72782,
10.230800, 147.55762, 3.0877596, 153.46630, 153.45531,
10.238850, 147.77905, 3.1595427, 153.21285, 153.20226,
10.246890, 151.09895, 3.2875458, 152.97813, 152.96819,
10.254940, 145.59200, 3.0438460, 152.76083, 152.75176,
10.262990, 145.32985, 3.8370696, 152.56047, 152.55251,
10.271030, 147.19143, 3.4703512, 152.37651, 152.36989,
10.279070, 149.86310, 3.4021448, 152.20796, 152.20290,
10.287120, 145.96128, 3.7111855, 152.05387, 152.05060,
10.295150, 150.60580, 3.3819105, 151.91405, 151.91276,
10.303190, 156.53395, 3.8538930, 151.78726, 151.78814,
10.311230, 155.33103, 3.7391059, 151.67474, 151.67796,
10.319270, 150.98660, 3.2833995, 151.57977, 151.58543,
10.327300, 147.36440, 3.2845618, 151.50592, 151.51408,
10.335340, 144.58597, 3.6864264, 151.45646, 151.46713,
10.343370, 151.96747, 3.3499472, 151.43498, 151.44811,
10.351400, 153.68058, 4.0911697, 151.44489, 151.46036,
10.359430, 148.72420, 3.4908982, 151.48967, 151.50728,
10.367460, 145.49055, 3.0611704, 151.57281, 151.59230,
10.375480, 133.71500, 3.7934665, 151.69761, 151.71865,
10.383510, 146.97385, 3.9966423, 151.86793, 151.89007,
10.391530, 144.82350, 3.9935596, 152.08685, 152.10957,
10.399560, 133.52718, 2.7975905, 152.35843, 152.38110,
10.407580, 148.16810, 2.6896861, 152.68558, 152.70746,
10.415600, 149.31008, 3.2517763, 153.07210, 153.09232,
10.423620, 148.59315, 2.9706697, 153.52164, 153.53922,
10.431640, 146.31302, 3.9996818, 154.03769, 154.05149,
10.439650, 149.05670, 2.8801423, 154.62318, 154.63190,
10.447670, 153.92560, 2.9727194, 155.28319, 155.28539,
10.455680, 162.22995, 3.0850032, 156.01928, 156.01336,
10.463700, 163.07482, 2.7490024, 156.83303, 156.81745,
10.471710, 154.60697, 3.2423333, 157.71986, 157.69336,
10.479720, 157.19405, 3.0781019, 158.67837, 158.63985,
10.487730, 156.62588, 2.8944868, 159.70613, 159.65472,
10.495730, 157.65477, 2.9386650, 160.79941, 160.73443,
10.503740, 162.18163, 3.4709028, 161.95845, 161.87935,
10.511750, 163.63997, 3.3375579, 163.17960, 163.08604,
10.519750, 162.78690, 3.4094357, 164.45883, 164.35062,
10.527750, 166.60055, 3.3503392, 165.79552, 165.67262,
10.535750, 159.84732, 3.7310627, 167.18723, 167.04972,
10.543750, 160.62715, 3.6754494, 168.63150, 168.47958,
10.551750, 177.23467, 3.9878970, 170.12640, 169.96039,
10.559750, 175.70110, 4.1143095, 171.66931, 171.48965,
10.567850, 183.84227, 3.0613044, 173.27852, 173.08559,
10.576350, 188.73670, 3.1383888, 175.01524, 174.80908,
10.584840, 193.99775, 3.2155968, 176.79638, 176.57782,
10.593340, 204.70745, 2.9292875, 178.62370, 178.39365,
10.601830, 200.18628, 2.9167950, 180.49007, 180.24952,
10.610330, 198.63283, 3.1876378, 182.39747, 182.14750,
10.618820, 205.15597, 3.1862347, 184.33881, 184.08058,
10.627310, 202.46898, 2.9611179, 186.31339, 186.04812,
10.635800, 197.45995, 2.9435989, 188.31908, 188.04804,
10.644280, 208.63455, 3.2446355, 190.35056, 190.07508,
10.652770, 201.60790, 3.0539274, 192.41005, 192.13151,
10.661250, 201.02035, 2.9871145, 194.49039, 194.21022,
10.669740, 199.20917, 3.1093952, 196.59370, 196.31336,
10.678220, 208.60257, 3.2161979, 198.71273, 198.43372,
10.686700, 211.64390, 3.2686359, 200.84730, 200.57115,
10.695180, 212.66678, 3.2778765, 202.99489, 202.72316,
10.703650, 214.39493, 3.2560830, 205.15055, 204.88483,
10.712130, 225.33017, 3.3454840, 207.31638, 207.05829,
10.720600, 231.89946, 3.2820083, 209.48548, 209.23666,
10.729080, 232.93967, 3.2402621, 211.65999, 211.42212,
10.737550, 244.68560, 3.4840930, 213.83226, 213.60703,
10.746020, 245.77887, 3.5372697, 216.00274, 215.79185,
10.754490, 235.08570, 3.1846844, 218.16843, 217.97363,
10.762960, 234.55780, 3.3566240, 220.32732, 220.15038,
10.771420, 236.96088, 3.5644523, 222.47375, 222.31644,
10.779890, 244.55233, 3.5943869, 224.61104, 224.47520,
10.788350, 242.55638, 3.2688084, 226.73113, 226.61861,
10.796810, 236.76367, 3.4953786, 228.83419, 228.74686,
10.805270, 239.02583, 3.6397612, 230.91769, 230.85748,
10.813730, 231.47913, 3.6760258, 232.97912, 232.94800,
10.822190, 236.93970, 3.4887501, 235.01594, 235.01594,
10.830650, 231.88585, 3.7857125, 237.02614, 237.05928,
10.839100, 235.74921, 3.7527223, 239.00720, 239.07534,
10.847560, 242.10350, 3.4867998, 240.96448, 241.06939,
10.856010, 243.03717, 3.6434834, 242.89377, 243.03697,
10.864460, 251.15600, 3.9648166, 244.79748, 244.98040,
10.872910, 257.37827, 4.0456711, 246.67624, 246.90014,
10.881360, 272.81602, 4.1417244, 248.53067, 248.79668,
10.889800, 264.19253, 4.0702546, 250.35869, 250.66772,
10.898250, 266.63572, 4.4018891, 252.16501, 252.51797,
10.906690, 272.53413, 8.7170130, 253.94595, 254.34350,
10.915140, 281.64062, 5.2642446, 255.70609, 256.14887,
10.923580, 305.85710, 6.3897913, 257.44143, 257.92985,
10.932020, 318.13161, 5.4575496, 259.15451, 259.68892,
10.940460, 321.08418, 5.4790290, 260.84570, 261.42633,
10.948890, 324.19163, 5.6719575, 262.51327, 263.14019,
10.957330, 325.45231, 7.9489478, 264.16171, 264.83498,
10.965760, 360.19463, 5.0056860, 265.78743, 266.50692,
10.974200, 396.05795, 5.1074876, 267.39443, 268.16001,
10.982630, 439.72186, 4.8372740, 268.97921, 269.79056,
10.991060, 484.90755, 5.2186946, 270.54428, 271.40103,
10.999490, 479.44450, 5.7143140, 272.08958, 272.99127,
11.007920, 474.72908, 4.9723771, 273.61577, 274.56186,
11.016340, 474.80908, 4.6767306, 275.12108, 276.11091,
11.024770, 466.40885, 5.1131180, 276.60940, 277.64231,
11.033190, 462.49505, 5.7143718, 278.07763, 279.15282,
11.041610, 457.46055, 4.6947474, 279.52774, 280.64438,
11.050030, 452.05007, 5.0522756, 280.96000, 282.11718,
11.058450, 446.70143, 5.1049025, 282.37467, 283.57143,
11.066870, 427.09655, 5.5770250, 283.77201, 285.00733,
11.075290, 437.80307, 5.6354530, 285.15228, 286.42507,
11.083700, 441.30940, 5.2613497, 286.51418, 287.82327,
11.092120, 441.58775, 5.8703135, 287.86105, 289.20529,
11.100530, 455.25504, 5.6082239, 289.18991, 290.56803,
11.108940, 462.82018, 5.4011917, 290.50285, 291.91357,
11.117350, 472.80232, 8.4614862, 291.79978, 293.24178,
11.120570, 501.10394, 5.3780883, 292.29231, 293.74593,
11.129530, 527.29745, 5.2112360, 293.65060, 295.13548,
11.138500, 566.12134, 5.3243249, 294.99306, 296.50763,
11.147460, 622.89357, 5.7293969, 296.31680, 297.85939,
11.156430, 728.64929, 6.2211203, 297.62518, 299.19412,
11.165390, 835.12721, 6.3230118, 298.91538, 300.50893,
11.174350, 984.51141, 6.6574939, 300.18917, 301.80558,
11.183300, 1179.8623, 7.6318177, 301.44545, 303.08292,
11.192260, 1387.6392, 8.3229708, 302.68712, 304.34389,
11.201220, 1524.5753, 8.2521761, 303.91307, 305.58731,
11.210170, 1559.1397, 8.3205813, 305.12222, 306.81208,
11.219120, 1584.4403, 8.7639474, 306.31610, 308.01972,
11.228070, 1602.9153, 8.8620628, 307.49490, 309.21043,
11.237020, 1602.3675, 8.3533053, 308.65871, 310.38427,
11.245970, 1597.1648, 8.4476062, 309.80796, 311.54168,
11.254920, 1577.1722, 8.6617794, 310.94272, 312.68271,
11.263860, 1546.3180, 8.5464621, 312.06187, 313.80624,
11.272800, 1510.5720, 8.1088144, 313.16704, 314.91392,
11.281750, 1446.0855, 8.0801118, 314.25933, 316.00683,
11.290690, 1380.0787, 8.1725463, 315.33680, 317.08305,
11.299630, 1327.6435, 7.9882443, 316.40057, 318.14371,
11.308560, 1268.0738, 7.5899826, 317.44978, 319.18799,
11.317500, 1192.0084, 7.4527002, 318.48685, 320.21827,
11.326430, 1145.8819, 7.5725669, 319.50971, 321.23253,
11.335370, 1082.2087, 7.2246954, 320.52067, 322.23310,
11.344300, 1025.1061, 6.7778472, 321.51774, 323.21801,
11.353230, 982.52687, 6.6684580, 322.50213, 324.18848,
11.362160, 936.17706, 6.7811774, 323.47387, 325.14459,
11.371080, 896.34361, 6.4967147, 324.43227, 326.08568,
11.380010, 859.71341, 6.1701383, 325.37931, 327.01373,
11.388930, 833.92052, 6.1200349, 326.31328, 327.92710,
11.397850, 792.67593, 6.2158313, 327.23512, 328.82674,
11.406780, 758.47627, 6.0189728, 328.14609, 329.71394,
11.415700, 735.94867, 5.7011615, 329.04417, 330.58675,
11.424610, 708.81937, 5.7410771, 329.92959, 331.44546,
11.433530, 698.75610, 5.9430980, 330.80435, 332.29206,
11.442450, 672.88487, 5.7829724, 331.66759, 333.12574,
11.451360, 640.98773, 5.5206347, 332.51849, 333.94579,
11.460270, 623.98339, 5.4888815, 333.35807, 334.75324,
11.469180, 606.35442, 5.6137655, 334.18641, 335.54821,
11.478090, 591.58377, 5.5971000, 335.00359, 336.33085,
11.487000, 567.93870, 5.3090451, 335.80968, 337.10129,
11.495910, 553.16744, 5.3661178, 336.60468, 337.85958,
11.504810, 533.15254, 5.4666999, 337.38799, 338.60521,
11.513710, 522.52943, 5.5659229, 338.16035, 339.33897,
11.522620, 516.90520, 5.4422685, 338.92281, 340.06190,
11.531520, 494.99631, 5.2807308, 339.67363, 340.77244,
11.540420, 486.63136, 5.4808272, 340.41375, 341.47156,
11.549310, 481.70538, 5.5443018, 341.14247, 342.15865,
11.558210, 477.31460, 5.4187884, 341.86145, 342.83537,
11.567100, 467.12318, 5.4272870, 342.56898, 343.50017,
11.576000, 463.27641, 6.9672774, 343.26690, 344.15489,
11.584890, 443.23670, 5.7006799, 343.95355, 344.79801,
11.593780, 443.27975, 5.8023623, 344.62970, 345.43037,
11.602670, 424.21868, 5.8191611, 345.29552, 346.05221,
11.611560, 417.88400, 6.0841299, 345.95097, 346.66357,
11.620440, 410.63924, 6.2366574, 346.59531, 347.26385,
11.629330, 399.31534, 5.8983604, 347.23009, 347.85458,
11.638210, 393.14068, 5.7362910, 347.85388, 348.43454,
11.647090, 388.39067, 6.1804710, 348.46731, 349.00440,
11.655970, 377.33748, 6.5730871, 349.07047, 349.56434,
11.664850, 382.37545, 5.2195543, 349.66341, 350.11450,
11.673730, 379.28860, 3.9035738, 350.24601, 350.65487,
11.682600, 380.63139, 4.2558353, 350.81771, 351.18505,
11.691480, 376.71000, 4.4819402, 351.37975, 351.70626,
11.700350, 373.72205, 4.5440204, 351.93091, 352.21750,
11.709220, 369.80753, 4.5220524, 352.47177, 352.71941,
11.718090, 367.73199, 4.6804452, 353.00233, 353.21208,
11.726960, 359.54185, 5.0651138, 353.52255, 353.69562,
11.735830, 366.01596, 7.3735697, 354.03243, 354.17011,
11.744690, 366.46349, 5.5902621, 354.53133, 354.63509,
11.753560, 365.45113, 5.0771928, 355.02042, 355.09175,
11.762420, 348.91820, 5.1275046, 355.49850, 355.53911,
11.771280, 354.78122, 8.3271500, 355.96617, 355.97783,
11.775020, 362.07220, 4.3690930, 356.16039, 356.16039,
11.784500, 354.78123, 4.4687373, 356.64438, 356.61639,
11.793980, 360.24911, 4.6165763, 357.11621, 357.06236,
11.803460, 367.38202, 4.8125155, 357.57588, 357.49822,
11.812940, 368.40234, 4.2391864, 358.02321, 357.92370,
11.822420, 363.18047, 4.3831502, 358.45822, 358.33872,
11.831890, 364.11988, 4.3602829, 358.88030, 358.74260,
11.841360, 379.61252, 5.1111277, 359.28984, 359.13562,
11.850840, 384.11357, 4.2212692, 359.68713, 359.51799,
11.860310, 386.66595, 4.3341033, 360.07126, 359.88874,
11.869770, 392.36988, 4.3598051, 360.44217, 360.24772,
11.879240, 396.56123, 4.2389360, 360.80047, 360.59546,
11.888710, 396.73864, 4.1099886, 361.14567, 360.93141,
11.898170, 403.08453, 4.2887034, 361.47732, 361.25505,
11.907630, 405.65890, 4.3265848, 361.79560, 361.56651,
11.917090, 409.21050, 4.3737252, 362.10043, 361.86564,
11.926550, 406.33350, 4.5783287, 362.39163, 362.15220,
11.936010, 415.84739, 4.2078400, 362.66909, 362.42603,
11.945470, 416.10315, 4.2934861, 362.93261, 362.68688,
11.954920, 424.79470, 4.3434171, 363.18182, 362.93434,
11.964370, 421.27885, 5.0761638, 363.41682, 363.16846,
11.973830, 420.96661, 4.1635527, 363.63768, 363.38927,
11.983280, 426.28266, 4.2825267, 363.84375, 363.59609,
11.992720, 432.92742, 4.2457269, 364.03488, 363.78873,
12.002170, 428.11833, 4.1287650, 364.21132, 363.96743,
12.011610, 417.32665, 4.0766686, 364.37251, 364.13157,
12.021060, 411.93257, 4.1901864, 364.51856, 364.28128,
12.030500, 413.68075, 4.1977745, 364.64900, 364.41603,
12.039940, 413.06598, 4.1086160, 364.76374, 364.53575,
12.049380, 408.85900, 4.0374021, 364.86261, 364.64023,
12.058820, 404.73155, 4.1915300, 364.94536, 364.72924,
12.068250, 409.28850, 4.3032713, 365.01172, 364.80249,
12.077690, 403.47455, 4.2621643, 365.06159, 364.85989,
12.087120, 395.64820, 4.0461299, 365.09464, 364.90110,
12.096550, 392.74464, 4.2011709, 365.11067, 364.92594,
12.105980, 388.45348, 4.8204252, 365.10944, 364.93418,
12.115410, 384.60307, 4.1886850, 365.09069, 364.92558,
12.124830, 376.31850, 4.0807402, 365.05420, 364.89994,
12.134260, 377.14447, 4.3441964, 364.99964, 364.85695,
12.143680, 372.09720, 4.7751672, 364.92684, 364.79646,
12.153100, 382.86257, 4.4877141, 364.83546, 364.71817,
12.162520, 393.35044, 5.1193187, 364.72522, 364.62185,
12.171940, 371.64330, 4.3604060, 364.59582, 364.50723,
12.181360, 372.87095, 4.4733926, 364.44695, 364.37406,
12.190770, 368.83677, 4.5248417, 364.27850, 364.22224,
12.200180, 364.89905, 4.4195977, 364.09000, 364.05139,
12.209600, 357.69993, 4.3483958, 363.88088, 363.86102,
12.219010, 361.74892, 4.6224833, 363.65127, 363.65127,
12.228420, 369.19260, 4.8300216, 363.40073, 363.42178,
12.237820, 364.71585, 4.7135710, 363.12988, 363.17302,
12.247230, 370.99143, 4.6695826, 362.83851, 362.90473,
12.256630, 386.53843, 5.1065279, 362.52766, 362.61777,
12.266040, 481.08112, 5.6909056, 362.19708, 362.31183,
12.275440, 1010.9517, 8.2521669, 361.84784, 361.98782,
12.284840, 950.75601, 7.9134548, 361.48003, 361.64574,
12.294230, 478.31179, 5.6504147, 361.09436, 361.28618,
12.303630, 401.03437, 6.6886022, 360.69048, 360.90874,
12.313030, 400.27669, 5.9731526, 360.26906, 360.51397,
12.322420, 400.76724, 6.3021163, 359.83100, 360.10265,
12.331810, 404.59045, 4.6349726, 359.37617, 359.67461,
12.341200, 400.81615, 3.7282525, 358.90492, 359.23011,
12.350590, 414.42905, 3.9447837, 358.41759, 358.76940,
12.359980, 419.61237, 4.1276802, 357.91450, 358.29275,
12.369360, 422.80192, 4.2210355, 357.39651, 357.80090,
12.378750, 435.38304, 4.4590486, 356.86288, 357.29312,
12.388130, 432.14816, 4.4820622, 356.31501, 356.77067,
12.397510, 428.53682, 5.3631428, 355.75273, 356.23335,
12.406890, 430.68930, 4.5805948, 355.17622, 355.68130,
12.416270, 437.79625, 4.5598455, 354.58584, 355.11481,
12.425640, 439.45022, 4.4461027, 353.98255, 354.53477,
12.435020, 444.23335, 4.7119839, 353.36528, 353.94013,
12.444390, 442.29792, 4.6223335, 352.73570, 353.33244,
12.453760, 443.72342, 4.5400689, 352.09340, 352.71128,
12.463130, 438.80486, 5.0462590, 351.43864, 352.07687,
12.472500, 456.73479, 5.0962592, 350.77169, 351.42945,
12.481870, 477.70048, 6.2388677, 350.09280, 350.76925,
12.489420, 466.64338, 4.8461144, 349.53725, 350.22810,
12.499490, 483.14493, 5.5678242, 348.78472, 349.49386,
12.509550, 491.60973, 4.8859815, 348.01997, 348.74631,
12.519610, 494.70966, 4.7410107, 347.24260, 347.98501,
12.529670, 498.45178, 4.7582455, 346.45297, 347.21032,
12.539730, 505.47478, 4.9632953, 345.65123, 346.42235,
12.549780, 506.48293, 5.3613425, 344.83858, 345.62228,
12.559840, 519.55547, 4.8072359, 344.01360, 344.80870,
12.569890, 524.25844, 4.7326996, 343.17830, 343.98357,
12.579940, 523.51229, 5.2792514, 342.33208, 343.14628,
12.589990, 544.54845, 17.079741, 341.47521, 342.29711,
12.600040, 550.47210, 4.8921654, 340.60785, 341.43622,
12.610090, 560.87909, 4.7914490, 339.73044, 340.56403,
12.620130, 570.34254, 5.4716226, 338.84408, 339.68161,
12.630170, 585.59950, 5.0232104, 337.94800, 338.78824,
12.640210, 591.60776, 5.0604604, 337.04253, 337.88424,
12.650250, 580.18044, 4.7892941, 336.12791, 336.96984,
12.660290, 587.56629, 4.8063888, 335.20447, 336.04538,
12.670330, 596.15315, 4.8849573, 334.27224, 335.11092,
12.680360, 613.92218, 5.0303594, 333.33255, 334.16777,
12.690390, 640.27647, 4.9881480, 332.38462, 333.21520,
12.700420, 650.38643, 4.9651318, 331.42860, 332.25334,
12.710450, 663.32147, 5.0055378, 330.46488, 331.28260,
12.720480, 675.92284, 5.2525976, 329.49357, 330.30314,
12.730500, 682.05583, 5.7829919, 328.51582, 329.31611,
12.740530, 678.47957, 5.0149028, 327.52997, 328.31986,
12.750550, 657.92516, 5.2827728, 326.53810, 327.31651,
12.760570, 660.78581, 5.0219052, 325.53956, 326.30544,
12.770590, 669.97430, 5.0735429, 324.53436, 325.28668,
12.780610, 666.84236, 5.1366605, 323.52279, 324.26054,
12.790620, 641.76701, 5.2562452, 322.50610, 323.22832,
12.800640, 630.78761, 4.8644436, 321.48235, 322.18808,
12.810650, 630.41069, 4.9360547, 320.45386, 321.14221,
12.820660, 614.61436, 4.9092782, 319.41975, 320.08985,
12.830670, 564.19509, 4.5518421, 318.38010, 319.03109,
12.840680, 539.83490, 4.4998503, 317.33528, 317.96637,
12.850680, 504.39620, 4.4667830, 316.28637, 316.89680,
12.860690, 475.56296, 4.4243681, 315.23154, 315.82056,
12.870690, 453.60027, 4.2405399, 314.17296, 314.73992,
12.880690, 428.34174, 4.0836473, 313.10991, 313.65415,
12.890690, 402.61347, 4.0207906, 312.04234, 312.56325,
12.900680, 390.94758, 4.0737913, 310.97166, 311.46870,
12.910680, 373.31467, 4.1044081, 309.89576, 310.36839,
12.920670, 359.55792, 3.8978907, 308.81707, 309.26483,
12.930670, 351.59885, 3.8239591, 307.73347, 308.15592,
12.940660, 347.90726, 3.8406275, 306.64730, 307.04407,
12.950640, 344.23868, 4.0637986, 305.55893, 305.92972,
12.960630, 329.46392, 3.9005199, 304.46601, 304.81050,
12.970620, 323.81900, 3.9612532, 303.37004, 303.68799,
12.980600, 320.58400, 4.0363293, 302.27213, 302.56338,
12.990580, 312.76358, 4.0538790, 301.17148, 301.43588,
13.000560, 308.08814, 4.0095503, 300.06802, 300.30550,
13.010540, 303.07953, 4.0257828, 298.96201, 299.17252,
13.020520, 309.76755, 3.9957624, 297.85360, 298.03716,
13.030490, 299.65522, 4.2106624, 296.74409, 296.90079,
13.040470, 301.85120, 4.3928367, 295.63129, 295.76123,
13.050440, 296.06625, 5.5565012, 294.51769, 294.62107,
13.060410, 295.67847, 4.3616625, 293.40226, 293.47931,
13.070380, 289.45645, 4.3270510, 292.28503, 292.33602,
13.080350, 284.92855, 4.6517605, 291.16635, 291.19164,
13.090310, 293.33606, 4.7528825, 290.04732, 290.04732,
13.100280, 290.14260, 4.5442723, 288.92596, 288.90109,
13.110240, 292.37295, 4.5928973, 287.80456, 287.75531,
13.120200, 287.11640, 4.7021449, 286.68224, 286.60908,
13.130160, 293.14734, 4.9935051, 285.55916, 285.46259,
13.140110, 292.89232, 3.9550817, 284.43668, 284.31723,
13.150070, 293.25206, 3.3838732, 283.31261, 283.17077,
13.160020, 287.61519, 3.3120565, 282.18949, 282.02581,
13.169980, 281.53323, 3.4571268, 281.06512, 280.88013,
13.179930, 286.71876, 3.6382011, 279.94204, 279.73633,
13.189870, 289.03768, 3.6716929, 278.82031, 278.59448,
13.199820, 285.50843, 3.6294159, 277.69796, 277.45257,
13.209770, 282.05785, 3.5282143, 276.57612, 276.31178,
13.219710, 280.68435, 3.4129629, 275.45626, 275.17362,
13.229650, 273.89340, 3.5855744, 274.33747, 274.03716,
13.239590, 273.17060, 3.4624647, 273.21971, 272.90238,
13.249530, 271.81480, 3.6312736, 272.10326, 271.76957,
13.259470, 272.35757, 3.6149447, 270.98830, 270.63893,
13.269410, 272.80233, 4.2711976, 269.87499, 269.51063,
13.279340, 267.04414, 3.9851969, 268.76468, 268.38607,
13.289270, 276.17960, 4.5739158, 267.65628, 267.26411,
13.299200, 274.67870, 4.1550113, 266.55016, 266.14518,
13.309130, 266.01666, 4.7296792, 265.44640, 265.02935,
13.318260, 270.78183, 3.4700732, 264.43370, 264.00622,
13.328980, 270.79862, 3.3759054, 263.24760, 262.80870,
13.339690, 266.74483, 3.3714222, 262.06603, 261.61662,
13.350400, 266.45368, 3.4408908, 260.88805, 260.42905,
13.361120, 270.64595, 3.5039671, 259.71275, 259.24508,
13.371830, 273.44880, 3.2685028, 258.54265, 258.06726,
13.382530, 267.01885, 3.1911522, 257.37787, 256.89573,
13.393240, 274.14857, 3.3630808, 256.21658, 255.72862,
13.403940, 271.58510, 3.4384661, 255.06107, 254.56828,
13.414650, 275.09473, 3.8698903, 253.90953, 253.41287,
13.425350, 274.43645, 3.2076191, 252.76425, 252.26470,
13.436050, 276.40145, 3.2130067, 251.62444, 251.12299,
13.446740, 276.53564, 3.2650595, 250.49147, 249.98909,
13.457440, 283.16195, 3.4028082, 249.36335, 248.86104,
13.468130, 289.54560, 3.2761512, 248.24255, 247.74129,
13.478830, 291.29407, 3.2263034, 247.12713, 246.62789,
13.489520, 295.18425, 3.2475052, 246.01953, 245.52330,
13.500200, 297.62510, 3.2819577, 244.91990, 244.42763,
13.510890, 297.28088, 3.4195115, 243.82653, 243.33920,
13.521570, 311.43051, 3.3917747, 242.74164, 242.26020,
13.532260, 320.12614, 3.3539971, 241.66357, 241.18896,
13.542940, 321.63535, 3.4156081, 240.59452, 240.12766,
13.553620, 315.59428, 5.8093093, 239.53380, 239.07561,
13.564290, 309.95570, 5.8507903, 238.48272, 238.03408,
13.574970, 301.11922, 5.4976954, 237.43950, 237.00129,
13.585640, 298.31260, 5.2744143, 236.40648, 235.97954,
13.596320, 297.00025, 5.4304240, 235.38193, 234.96710,
13.606990, 292.11808, 3.6744443, 234.36816, 233.96622,
13.617650, 287.08443, 4.1279597, 233.36535, 232.97706,
13.628320, 282.98460, 3.2658535, 232.37202, 231.99812,
13.638980, 279.30160, 3.2815256, 231.39025, 231.03143,
13.649650, 265.35737, 3.2416877, 230.41862, 230.07554,
13.660310, 266.02937, 3.4076591, 229.45918, 229.13244,
13.670970, 258.12312, 3.5898162, 228.51138, 228.20156,
13.681630, 255.84065, 3.1479455, 227.57557, 227.28319,
13.692280, 254.06312, 3.8765479, 226.65299, 226.37848,
13.702940, 249.87302, 3.1797158, 225.74216, 225.48597,
13.713590, 244.72227, 3.2758876, 224.84522, 224.60769,
13.724240, 240.61779, 3.1711575, 223.96157, 223.74297,
13.734890, 235.81517, 3.0373880, 223.09171, 222.89228,
13.745530, 234.49772, 3.0425954, 222.23671, 222.05658,
13.756180, 227.66547, 3.1795333, 221.39540, 221.23467,
13.766820, 226.58668, 3.1689671, 220.56967, 220.42833,
13.777460, 228.27085, 3.0900259, 219.75917, 219.63712,
13.788100, 218.01322, 2.9335846, 218.96428, 218.86137,
13.798740, 216.10295, 2.9414860, 218.18541, 218.10137,
13.809380, 217.67648, 3.1274875, 217.42305, 217.35753,
13.820010, 214.89620, 3.1943148, 216.67814, 216.63065,
13.830640, 215.67547, 3.2905600, 215.95055, 215.92054,
13.841270, 217.36190, 3.0657281, 215.24059, 215.22738,
13.851900, 212.88325, 3.0487804, 214.54883, 214.55162,
13.862530, 215.40140, 3.9175151, 213.87538, 213.89332,
13.873150, 211.12595, 3.8646095, 213.22035, 213.25263,
13.883780, 209.54197, 3.1774438, 212.58200, 212.62789,
13.894400, 214.10687, 3.1855066, 211.96095, 212.01975,
13.905020, 214.42745, 3.4037105, 211.35606, 211.42715,
13.915640, 216.56755, 3.3810501, 210.76681, 210.84962,
13.926250, 213.67727, 3.5789453, 210.19318, 210.28717,
13.936870, 217.12297, 3.4308243, 209.63367, 209.73836,
13.947480, 217.71488, 3.4675739, 209.08868, 209.20362,
13.958090, 219.79600, 3.6118888, 208.55729, 208.68206,
13.968700, 228.09703, 3.8825189, 208.03893, 208.17314,
13.979310, 221.80410, 4.0009174, 207.53318, 207.67648,
13.989910, 220.00595, 3.9974887, 207.03996, 207.19200,
14.000520, 219.13465, 3.8310960, 206.55791, 206.71838,
14.011120, 215.13433, 3.7938671, 206.08743, 206.25600,
14.021720, 213.43415, 4.2567317, 205.62760, 205.80398,
14.032320, 210.37460, 6.6278291, 205.17797, 205.36188,
14.042920, 208.73602, 4.1531996, 204.73809, 204.92924,
14.053510, 213.48068, 4.1062557, 204.30793, 204.50602,
14.064110, 213.77223, 4.3900832, 203.88619, 204.09096,
14.074700, 215.29010, 4.9655899, 203.47322, 203.68438,
14.085290, 214.86383, 5.2331743, 203.06826, 203.28551,
14.095870, 205.25308, 3.5919830, 202.67117, 202.89421,
14.106460, 213.83703, 2.9479927, 202.28082, 202.50935,
14.117040, 211.79313, 3.3463179, 201.89748, 202.13118,
14.127630, 213.28712, 3.1113054, 201.52002, 201.75855,
14.138210, 218.52698, 3.1997409, 201.14875, 201.39176,
14.148790, 219.94187, 3.3866370, 200.78289, 201.03000,
14.159370, 218.31888, 3.6232634, 200.42203, 200.67286,
14.169940, 224.08145, 3.6359990, 200.06610, 200.32024,
14.180520, 223.75945, 6.1756058, 199.71399, 199.97101,
14.182090, 230.10142, 3.2974536, 199.66208, 199.91949,
14.193560, 234.94977, 3.2402029, 199.28518, 199.54511,
14.205030, 232.33928, 3.2984201, 198.91210, 199.17399,
14.216500, 236.09357, 3.5769438, 198.54238, 198.80562,
14.227970, 241.56598, 3.5206075, 198.17549, 198.43944,
14.239430, 237.08587, 3.2771527, 197.81123, 198.07521,
14.250890, 228.63115, 3.1270657, 197.44879, 197.71210,
14.262350, 226.38540, 3.4191494, 197.08764, 197.34951,
14.273810, 223.66723, 39.214684, 196.72728, 196.98694,
14.285270, 226.53830, 3.4534835, 196.36724, 196.62387,
14.296730, 219.60337, 3.2498616, 196.00697, 196.25969,
14.308180, 210.50311, 3.0780137, 195.64631, 195.89424,
14.319630, 205.14048, 3.0631114, 195.28444, 195.52663,
14.331080, 206.92453, 3.1295697, 194.92082, 195.15629,
14.342530, 205.19482, 3.2098532, 194.55501, 194.78275,
14.353970, 204.01527, 3.0580806, 194.18681, 194.40577,
14.365410, 209.59025, 2.8302291, 193.81535, 194.02444,
14.376860, 202.96518, 3.1257718, 193.43984, 193.63792,
14.388300, 192.64550, 2.8939256, 193.06040, 193.24632,
14.399730, 193.44857, 2.8831118, 192.67654, 192.84913,
14.411170, 190.95808, 2.6931570, 192.28707, 192.44507,
14.422600, 189.73710, 2.6674368, 191.89217, 192.03435,
14.434030, 192.94395, 2.7086222, 191.49096, 191.61605,
14.445460, 190.90012, 2.7570590, 191.08290, 191.18957,
14.456890, 190.37385, 2.6789548, 190.66752, 190.75444,
14.468320, 187.43690, 2.6230172, 190.24426, 190.31006,
14.479740, 188.04790, 2.5244527, 189.81295, 189.85627,
14.491160, 190.46615, 2.6338271, 189.37269, 189.39214,
14.502580, 189.53552, 2.6866951, 188.92299, 188.91715,
14.514000, 186.77887, 2.6942828, 188.46361, 188.43112,
14.525420, 191.37615, 2.6926072, 187.99522, 187.93490,
14.536830, 189.18815, 2.8008167, 187.51901, 187.42989,
14.548240, 184.60011, 2.6011860, 187.03527, 186.91657,
14.559650, 178.84100, 3.2513550, 186.54468, 186.39582,
14.571060, 185.20218, 2.7703235, 186.04805, 185.86865,
14.582470, 182.47670, 3.3113404, 185.54606, 185.33594,
14.593870, 179.03142, 2.8814980, 185.03983, 184.79907,
14.605270, 185.01235, 2.7287917, 184.52966, 184.25850,
14.616670, 181.15605, 2.7884033, 184.01630, 183.71520,
14.628070, 184.49735, 3.1066230, 183.50038, 183.17000,
14.639470, 179.16020, 2.9767642, 182.98263, 182.62386,
14.650860, 178.74355, 2.6233700, 182.46423, 182.07819,
14.662260, 178.46048, 2.6052438, 181.94494, 181.53291,
14.673650, 177.02060, 2.6987386, 181.42640, 180.98993,
14.685040, 174.82757, 2.7027616, 180.90880, 180.44963,
14.696420, 177.66625, 2.6039225, 180.39340, 179.91349,
14.707810, 174.49918, 2.6012137, 179.87986, 179.38136,
14.719190, 172.19958, 2.6017121, 179.36991, 178.85521,
14.730570, 172.48122, 2.6423523, 178.86370, 178.33539,
14.741950, 172.63115, 2.6914464, 178.36197, 177.82285,
14.753330, 172.53770, 2.6770673, 177.86544, 177.31852,
14.764700, 177.65610, 2.7280462, 177.37525, 176.82376,
14.776080, 175.74643, 2.5797713, 176.89123, 176.33859,
14.787450, 177.45390, 2.7202535, 176.41497, 175.86481,
14.798820, 175.93532, 2.8809992, 175.94675, 175.40291,
14.810190, 175.26725, 2.8417292, 175.48724, 174.95378,
14.821550, 178.96373, 4.0381287, 175.03764, 174.51876,
14.832920, 174.81182, 4.0644465, 174.59787, 174.09804,
14.844280, 175.12683, 2.8063116, 174.16942, 173.69325,
14.855640, 173.61965, 3.2152319, 173.75265, 173.30497,
14.866990, 172.19915, 3.0222369, 173.34868, 172.93447,
14.878350, 175.99245, 3.2515184, 172.95752, 172.58201,
14.889710, 170.96105, 3.2660676, 172.58031, 172.24890,
14.901060, 172.57690, 3.1021752, 172.21815, 171.93635,
14.912410, 173.17800, 3.3050117, 171.87147, 171.64502,
14.923760, 174.05675, 3.4040221, 171.54102, 171.37583,
14.935100, 170.93955, 3.4588786, 171.22793, 171.13002,
14.946450, 169.86545, 3.4366797, 170.93238, 170.90806,
14.957790, 169.20142, 3.6288969, 170.65574, 170.71123,
14.969130, 171.34552, 3.5425457, 170.39846, 170.53895,
14.980470, 170.57050, 3.4595721, 170.16117, 170.39005,
14.991810, 173.83908, 3.5987198, 169.94456, 170.26340,
15.003140, 176.44450, 3.8406160, 169.74947, 170.15794,
15.014480, 176.24690, 4.0159881, 169.57628, 170.07237,
15.025810, 175.68265, 3.8699132, 169.42597, 170.00569,
15.037140, 173.89510, 3.7795380, 169.29912, 169.95669,
15.048460, 169.58913, 3.8480611, 169.19653, 169.92429,
15.059790, 178.78140, 3.9858417, 169.11877, 169.90730,
15.071110, 177.94135, 4.0046942, 169.06672, 169.90465,
15.082440, 175.90825, 3.5243418, 169.04108, 169.91522,
15.093750, 170.34675, 2.5701854, 169.04266, 169.93786,
15.105070, 170.22570, 2.6398516, 169.07223, 169.97151,
15.116390, 177.93285, 2.7913256, 169.13061, 170.01507,
15.127700, 181.45900, 3.0302747, 169.21855, 170.06738,
15.139020, 178.73282, 3.2518960, 169.33705, 170.12744,
15.150330, 174.68328, 3.2399527, 169.48675, 170.19406,
15.162390, 168.54305, 3.2653510, 169.68186, 170.27115,
15.174730, 167.38867, 3.4539487, 169.92052, 170.35514,
15.187070, 169.68428, 3.3051637, 170.19980, 170.44290,
15.199410, 170.97750, 3.6762982, 170.52097, 170.53304,
15.211740, 173.36738, 3.5356745, 170.88438, 170.62424,
15.224080, 171.00627, 31.729426, 171.28915, 170.71639,
15.236410, 174.78448, 3.2117161, 171.73238, 170.80932,
15.248740, 177.06310, 3.1566299, 172.21222, 170.90309,
15.261060, 180.36333, 3.8527489, 172.72607, 170.99761,
15.273390, 182.46863, 3.5103408, 173.27268, 171.09302,
15.285710, 181.80098, 3.7300598, 173.84907, 171.18915,
15.298030, 176.86025, 3.1151778, 174.45353, 171.28605,
15.310350, 172.30605, 3.2046327, 175.08407, 171.38373,
15.322660, 177.89635, 3.3781760, 175.73806, 171.48208,
15.334980, 174.81258, 3.3787128, 176.41452, 171.58125,
15.347290, 171.92875, 3.3122900, 177.11039, 171.68107,
15.359600, 180.15973, 2.9640290, 177.82420, 171.78160,
15.371900, 175.64948, 2.8787332, 178.55333, 171.88275,
15.384210, 183.28957, 2.9365356, 179.29705, 171.98468,
15.396510, 173.98490, 3.6248131, 180.05219, 172.08720,
15.408810, 182.58515, 3.1384474, 180.81731, 172.19038,
15.421110, 183.70678, 2.9421996, 181.59059, 172.29422,
15.433410, 182.22415, 2.8735259, 182.36995, 172.39869,
15.445700, 180.26668, 2.8372058, 183.15292, 172.50371,
15.457990, 183.02997, 2.9983822, 183.93817, 172.60934,
15.470280, 185.38268, 3.2322262, 184.72376, 172.71558,
15.482570, 185.10390, 3.1613620, 185.50778, 172.82242,
15.494860, 180.50087, 3.1746499, 186.28828, 172.92984,
15.507140, 181.61362, 2.9045782, 187.06275, 173.03774,
15.519420, 182.37307, 2.9516430, 187.82980, 173.14620,
15.531700, 185.80832, 3.0312317, 188.58761, 173.25522,
15.543980, 187.81690, 3.0188122, 189.33413, 173.36477,
15.556260, 189.55765, 3.0843796, 190.06752, 173.47486,
15.568530, 189.11513, 2.7101510, 190.78516, 173.58538,
15.580800, 192.75262, 2.6913240, 191.48572, 173.69640,
15.593070, 193.42640, 2.8212906, 192.16723, 173.80793,
15.605340, 191.61868, 2.8313583, 192.82776, 173.91994,
15.617600, 191.20215, 3.0350134, 193.46644, 174.03235,
15.629860, 197.48767, 2.6981680, 194.08522, 174.14522,
15.642120, 196.28157, 2.6082798, 194.68577, 174.25856,
15.654380, 195.26715, 3.1349510, 195.26956, 174.37235,
15.666640, 195.24287, 2.9924376, 195.83822, 174.48658,
15.678890, 202.18525, 3.0303768, 196.39277, 174.60116,
15.691140, 199.47223, 2.8593872, 196.93525, 174.71615,
15.703390, 196.80440, 2.7499525, 197.46715, 174.83157,
15.715640, 203.13710, 2.9989505, 197.99001, 174.94739,
15.727890, 207.56105, 3.0441205, 198.50531, 175.06361,
15.740130, 201.76793, 3.0269216, 199.01417, 175.18013,
15.752370, 204.41420, 2.9733842, 199.51845, 175.29703,
15.764610, 211.45795, 2.8491367, 200.01972, 175.41431,
15.776850, 210.75225, 2.8234410, 200.51938, 175.53194,
15.789090, 210.98930, 2.8107072, 201.01900, 175.64994,
15.801320, 213.99180, 2.9407611, 201.51960, 175.76820,
15.813550, 213.66098, 3.1922248, 202.02309, 175.88679,
15.825780, 216.52817, 2.9508077, 202.53097, 176.00572,
15.838010, 220.33603, 3.0304835, 203.04471, 176.12498,
15.850230, 221.09628, 3.0730608, 203.56540, 176.24446,
15.862450, 223.96363, 3.1269633, 204.09489, 176.36425,
15.874670, 224.03708, 3.3881094, 204.63477, 176.48434,
15.886890, 220.36028, 3.2672297, 205.18650, 176.60474,
15.899110, 226.20945, 3.6107480, 205.75155, 176.72542,
15.911320, 220.48478, 3.3630203, 206.33102, 176.84629,
15.923540, 227.77495, 3.3901014, 206.92741, 176.96753,
15.935750, 228.63923, 3.6122796, 207.54121, 177.08894,
15.947960, 223.93024, 3.7768564, 208.17450, 177.21062,
15.960160, 221.13825, 3.7604639, 208.82831, 177.33245,
15.972370, 223.50573, 3.7472203, 209.50523, 177.45463,
15.984570, 225.62243, 3.5804535, 210.20575, 177.57694,
15.996770, 227.98635, 3.6865491, 210.93210, 177.69950,
16.008961, 226.88585, 3.7051539, 211.68523, 177.82219,
16.021160, 234.09352, 3.8656442, 212.46790, 177.94519,
16.033350, 228.49561, 3.9376130, 213.28059, 178.06831,
16.045549, 215.72500, 3.7199857, 214.12624, 178.19173,
16.057739, 227.28830, 4.0655098, 215.00523, 178.31527,
16.069920, 224.37333, 3.8087209, 215.91919, 178.43890,
16.082109, 211.44617, 3.7420180, 216.87127, 178.56282,
16.094290, 210.49858, 3.6376618, 217.86175, 178.68682,
16.106470, 219.25707, 4.0398363, 218.89312, 178.81101,
16.118650, 215.42295, 3.8900746, 219.96720, 178.93536,
16.130831, 218.51458, 3.8507118, 221.08581, 179.05989,
16.143009, 215.71537, 4.0633630, 222.25064, 179.18455,
16.155180, 219.02737, 4.4957094, 223.46295, 179.30929,
16.167351, 218.02020, 4.6608160, 224.72538, 179.43418,
16.179520, 224.22555, 5.1071907, 226.03967, 179.55919,
16.191681, 219.05560, 4.2976711, 227.40712, 179.68426,
16.203850, 222.55200, 12.363952, 228.83144, 179.80954,
16.216009, 233.61198, 5.3854395, 230.31267, 179.93484,
16.228170, 235.57235, 4.9231140, 231.85392, 180.06029,
16.240330, 236.25110, 5.5506447, 233.45298, 180.18583,
16.252489, 245.57038, 5.2436281, 235.10621, 180.31148,
16.264641, 255.50188, 5.6838618, 236.80861, 180.43715,
16.276791, 263.94800, 5.6605521, 238.55706, 180.56290,
16.288950, 268.57449, 5.5161640, 240.34940, 180.68884,
16.301090, 274.43515, 5.9072601, 242.17756, 180.81467,
16.313240, 289.03059, 5.9896224, 244.04203, 180.94068,
16.325380, 302.95757, 6.0310071, 245.93612, 181.06667,
16.337530, 325.48465, 4.5431584, 247.85907, 181.19282,
16.349670, 345.69002, 3.9735911, 249.80414, 181.31894,
16.361799, 367.10877, 3.9614299, 251.76726, 181.44501,
16.373940, 415.73528, 4.4441865, 253.74846, 181.57124,
16.386070, 449.77209, 4.9653213, 255.74064, 181.69742,
16.398211, 479.04820, 5.2957797, 257.74326, 181.82375,
16.410339, 496.33566, 5.2376889, 259.74921, 181.95000,
16.422461, 509.54839, 5.4059204, 261.75546, 182.07619,
16.434589, 502.68626, 5.7809575, 263.76087, 182.20250,
16.446711, 495.52315, 5.5249383, 265.75928, 182.32875,
16.458839, 491.91933, 5.8824733, 267.74955, 182.45509,
16.470961, 465.07362, 5.7275548, 269.72553, 182.58137,
16.483070, 438.29674, 5.1942041, 271.68296, 182.70753,
16.495190, 421.77535, 7.3770249, 273.62156, 182.83380,
16.500280, 417.73097, 5.4973024, 274.42891, 182.88684,
16.513599, 394.09132, 5.6500738, 276.51914, 183.02559,
16.526911, 377.28953, 4.7934117, 278.57235, 183.16425,
16.540211, 364.91015, 4.8256939, 280.58311, 183.30278,
16.553520, 351.48023, 4.6973267, 282.54962, 183.44137,
16.566820, 335.23450, 4.5348604, 284.46407, 183.57983,
16.580120, 320.78795, 4.2611683, 286.32286, 183.71824,
16.593420, 312.02763, 3.8995885, 288.12092, 183.85661,
16.606710, 316.69138, 3.9084801, 289.85190, 183.99482,
16.620001, 301.36315, 3.7940918, 291.51198, 184.13297,
16.633301, 303.63813, 3.9454609, 293.09703, 184.27115,
16.646589, 305.97311, 4.1365074, 294.59931, 184.40914,
16.659870, 292.54660, 4.0708213, 296.01411, 184.54696,
16.673149, 297.70571, 3.8643023, 297.33674, 184.68467,
16.686440, 294.56287, 3.7409653, 298.56298, 184.82240,
16.699711, 307.44858, 4.1020791, 299.68558, 184.95983,
16.712990, 299.92802, 4.0771027, 300.71166, 185.09722,
16.726271, 305.17740, 4.3306396, 301.65039, 185.23452,
16.739540, 302.40230, 3.8501092, 302.51062, 185.37157,
16.752810, 303.68923, 3.6538122, 303.30281, 185.50848,
16.766081, 299.25213, 3.5587239, 304.03662, 185.64528,
16.779341, 303.87080, 3.6370884, 304.72091, 185.78181,
16.792601, 297.53331, 3.8275510, 305.36578, 185.91819,
16.805870, 309.06779, 3.9121251, 305.98113, 186.05450,
16.819120, 298.96192, 4.3001836, 306.57505, 186.19044,
16.832380, 302.03400, 3.6412785, 307.15825, 186.32631,
16.845631, 302.35017, 3.5115990, 307.73928, 186.46189,
16.858891, 295.59603, 3.6461491, 308.32835, 186.59738,
16.872141, 304.16740, 4.0336686, 308.93400, 186.73257,
16.885380, 293.64877, 3.8284940, 309.56548, 186.86744,
16.898630, 298.56168, 3.6819088, 310.23328, 187.00221,
16.911869, 298.58060, 3.4382440, 310.94566, 187.13664,
16.925110, 307.46157, 3.4231460, 311.71275, 187.27086,
16.938351, 312.68996, 3.5289413, 312.54394, 187.40484,
16.951580, 310.31255, 3.6573388, 313.44794, 187.53846,
16.964821, 313.23747, 3.8877818, 314.43016, 187.67194,
16.978050, 326.25410, 4.5111734, 315.47670, 187.80504,
16.991270, 334.24292, 3.8715348, 316.57265, 187.93777,
17.004499, 354.67609, 3.7507968, 317.70469, 188.07032,
17.017719, 471.92320, 4.3807955, 318.85634, 188.20249,
17.030951, 1061.0926, 9.0679818, 320.01459, 188.33448,
17.044161, 1055.2243, 7.6659388, 321.16178, 188.46596,
17.057381, 466.34967, 4.7808044, 322.28575, 188.59722,
17.070601, 341.09198, 4.0659100, 323.37082, 188.72815,
17.083811, 342.82188, 3.9997221, 324.40141, 188.85867,
17.097019, 333.08015, 4.0030832, 325.36328, 188.98883,
17.110229, 337.81738, 4.0122077, 326.24179, 189.11865,
17.123430, 324.08932, 3.9909893, 327.02128, 189.24803,
17.136641, 323.95005, 3.9266594, 327.68781, 189.37714,
17.149839, 325.07362, 3.8295564, 328.22523, 189.50576,
17.163040, 316.48273, 3.8180211, 328.61900, 189.63402,
17.176229, 318.12392, 3.8139112, 328.85358, 189.76177,
17.189430, 320.54548, 3.9910994, 328.91395, 189.88923,
17.202620, 325.60143, 4.2464259, 328.78447, 190.01617,
17.215811, 327.90737, 4.3111105, 328.44953, 190.14270,
17.229000, 319.87318, 4.1971362, 327.89340, 190.26878,
17.242180, 329.96360, 4.1983495, 327.10076, 190.39434,
17.255369, 330.47555, 4.0747536, 326.06230, 190.51953,
17.268551, 327.53965, 4.1353549, 324.79062, 190.64418,
17.281719, 323.17310, 4.1609816, 323.30091, 190.76824,
17.294901, 331.53580, 4.3256799, 321.60404, 190.89195,
17.308069, 344.12532, 4.3572793, 319.71720, 191.01503,
17.321251, 347.95786, 4.2412504, 317.65016, 191.13774,
17.334410, 360.89472, 4.3437876, 315.42226, 191.25971,
17.347580, 366.87780, 4.6761412, 313.04122, 191.38127,
17.360750, 364.39360, 4.7384610, 310.52215, 191.50230,
17.373911, 374.72505, 5.4382964, 307.88011, 191.62268,
17.387070, 366.43922, 5.3845407, 305.12675, 191.74249,
17.400230, 358.43350, 5.0167624, 302.27418, 191.86175,
17.413380, 342.59365, 4.8614393, 299.33822, 191.98032,
17.426540, 347.95365, 5.0371982, 296.32656, 192.09839,
17.439690, 333.73680, 4.9179636, 293.25712, 192.21576,
17.452841, 319.40553, 4.8822268, 290.13951, 192.33253,
17.465981, 304.32898, 5.7417395, 286.98956, 192.44856,
17.479130, 311.41834, 5.5396230, 283.81482, 192.56404,
17.492270, 291.55038, 4.7956288, 280.63246, 192.67877,
17.505409, 280.73400, 4.3911551, 277.45272, 192.79283,
17.518551, 279.71583, 4.7977923, 274.28767, 192.90623,
17.531679, 284.53886, 4.8861432, 271.15352, 193.01882,
17.544821, 267.76949, 5.0223836, 268.05645, 193.13081,
17.557949, 259.52625, 4.8073476, 265.01533, 193.24196,
17.571079, 258.45081, 4.9440016, 262.03919, 193.35240,
17.584200, 253.96883, 4.9434503, 259.14319, 193.46200,
17.597330, 259.58450, 5.4670770, 256.33585, 193.57091,
17.610451, 253.20610, 5.5950737, 253.63266, 193.67897,
17.623569, 253.40115, 5.5198886, 251.03336, 193.78621,
17.636690, 263.10273, 5.7730146, 248.53417, 193.89266,
17.649799, 256.54942, 5.2108040, 246.13455, 193.99820,
17.662910, 257.69968, 5.3997708, 243.82904, 194.10291,
17.676029, 289.41892, 6.3076828, 241.61392, 194.20682,
17.689131, 280.49920, 7.3355439, 239.49050, 194.30972,
17.702240, 271.83965, 6.7569102, 237.45198, 194.41180,
17.715349, 268.82967, 6.0997774, 235.49698, 194.51297,
17.728451, 269.16385, 7.2369316, 233.62400, 194.61316,
17.741550, 266.43353, 5.5426060, 231.82962, 194.71240,
17.754641, 270.61535, 4.4293175, 230.11234, 194.81061,
17.767740, 274.56498, 10.389285, 228.46726, 194.90792,
17.780830, 271.71846, 10.198253, 226.89444, 195.00416,
17.793921, 276.34677, 4.8085735, 225.39038, 195.09940,
17.807011, 273.13827, 4.2494081, 223.95283, 195.19362,
17.820101, 265.65272, 4.3920934, 222.57961, 195.28678,
17.833179, 261.51698, 4.1148839, 221.26971, 195.37881,
17.846270, 256.83160, 3.9680703, 220.01874, 195.46983,
17.859341, 253.55575, 3.8908548, 218.82751, 195.55961,
17.872419, 239.71982, 4.3468078, 217.69153, 195.64833,
17.885500, 241.25993, 4.5783088, 216.60939, 195.73591,
17.898569, 244.86352, 5.3713461, 215.58021, 195.82226,
17.911640, 243.80028, 5.3828199, 214.60101, 195.90743,
17.924709, 231.46355, 4.8657764, 213.67022, 195.99139,
17.937780, 228.54867, 7.2178790, 212.78578, 196.07414,
17.941250, 234.25118, 4.2408139, 212.55860, 196.09589,
17.955721, 221.33753, 3.9859614, 211.64428, 196.18567,
17.970181, 227.32190, 4.6563932, 210.78250, 196.27381,
17.984650, 219.35200, 4.1073571, 209.96970, 196.36042,
17.999109, 211.38055, 5.8209764, 209.20468, 196.44533,
18.013571, 208.95457, 4.7071082, 208.48461, 196.52860,
18.028021, 211.88980, 4.0753186, 207.80791, 196.61011,
18.042480, 211.94145, 3.8811749, 207.17149, 196.68995,
18.056931, 201.33930, 3.7431179, 206.57407, 196.76797,
18.071381, 199.00670, 3.6065751, 206.01317, 196.84420,
18.085819, 201.73090, 3.7564662, 205.48716, 196.91855,
18.100269, 207.23770, 3.9563276, 204.99323, 196.99109,
18.114710, 213.00658, 3.9787018, 204.53017, 197.06168,
18.129150, 204.12525, 4.1136424, 204.09598, 197.13034,
18.143579, 204.42230, 3.6588488, 203.68936, 197.19697,
18.158020, 198.51273, 3.6182907, 203.30807, 197.26165,
18.172449, 201.73135, 3.9916780, 202.95116, 197.32422,
18.186880, 194.42235, 3.7980050, 202.61675, 197.38471,
18.201300, 201.15175, 3.9737621, 202.30359, 197.44303,
18.215719, 197.20625, 3.5010331, 202.00993, 197.49919,
18.230150, 199.36590, 3.4380562, 201.73408, 197.55317,
18.244560, 198.84000, 3.6158790, 201.47516, 197.60483,
18.258980, 192.66273, 3.7021089, 201.23118, 197.65422,
18.273390, 200.16587, 3.8606399, 201.00101, 197.70125,
18.287800, 197.08290, 3.9912159, 200.78308, 197.74589,
18.302210, 201.86615, 4.1941989, 200.57598, 197.78811,
18.316620, 197.32718, 3.4484212, 200.37830, 197.82784,
18.331020, 200.88532, 3.4565541, 200.18878, 197.86504,
18.345421, 199.86320, 3.2784061, 200.00591, 197.89966,
18.359819, 197.32962, 3.2699808, 199.82834, 197.93166,
18.374210, 201.06128, 3.7051179, 199.65475, 197.96098,
18.388611, 198.62940, 3.6429822, 199.48359, 197.98761,
18.403000, 197.32320, 3.6952196, 199.31374, 198.01144,
18.417379, 193.92113, 3.5844923, 199.14381, 198.03244,
18.431770, 201.25523, 3.5101609, 198.97220, 198.05058,
18.446150, 187.51670, 3.3746527, 198.79781, 198.06577,
18.460529, 197.93393, 3.5681514, 198.61916, 198.07799,
18.474911, 199.04733, 3.5839099, 198.43485, 198.08717,
18.489281, 204.69185, 4.0894337, 198.24370, 198.09325,
18.503660, 197.38868, 3.4294263, 198.04405, 198.09617,
18.518030, 190.02785, 3.3289350, 197.83547, 198.09592,
18.532391, 199.68552, 3.3889473, 197.61861, 198.09251,
18.546761, 198.16962, 3.5357079, 197.39391, 198.08600,
18.561119, 194.59050, 4.2048502, 197.16248, 198.07642,
18.575480, 205.38270, 3.9289932, 196.92482, 198.06380,
18.589840, 198.67815, 3.7770270, 196.68171, 198.04817,
18.604191, 203.22015, 3.4763886, 196.43405, 198.02960,
18.618549, 206.59420, 3.5288159, 196.18226, 198.00807,
18.632900, 203.81905, 3.2489040, 195.92734, 197.98366,
18.647240, 198.42000, 3.4354459, 195.67007, 197.95639,
18.661591, 204.94977, 3.7822312, 195.41077, 197.92626,
18.675930, 200.71750, 3.7620407, 195.15055, 197.89334,
18.690269, 207.21808, 3.8075680, 194.88992, 197.85764,
18.704611, 215.27100, 4.1028281, 194.62956, 197.81917,
18.718941, 207.80505, 3.7248343, 194.37043, 197.77800,
18.733271, 201.99508, 3.5450091, 194.11302, 197.73412,
18.747601, 205.74902, 3.8243071, 193.85804, 197.68756,
18.761930, 213.48415, 4.3395184, 193.60622, 197.63834,
18.776260, 209.01667, 3.9766236, 193.35827, 197.58648,
18.790581, 206.12440, 3.8421783, 193.11507, 197.53203,
18.804899, 201.57615, 4.0322593, 192.87721, 197.47499,
18.819220, 215.73992, 3.8795066, 192.64536, 197.41536,
18.833530, 219.67514, 4.0941143, 192.42042, 197.35321,
18.847839, 213.26965, 4.1830360, 192.20301, 197.28853,
18.862150, 210.81300, 4.5878502, 191.99381, 197.22131,
18.876459, 227.85252, 4.9792290, 191.79363, 197.15159,
18.890770, 223.50587, 4.1961078, 191.60317, 197.07936,
18.905069, 226.55685, 4.5126530, 191.42338, 197.00471,
18.919371, 220.80850, 4.4197145, 191.25484, 196.92757,
18.933670, 223.92628, 4.3864273, 191.09840, 196.84798,
18.947960, 225.20612, 4.4369458, 190.95490, 196.76600,
18.962250, 221.23403, 5.0514060, 190.82505, 196.68159,
18.976540, 224.00407, 5.2195201, 190.70967, 196.59474,
18.990829, 218.15088, 5.0623293, 190.60958, 196.50548,
19.005119, 211.18873, 4.6029708, 190.52563, 196.41380,
19.019400, 207.50170, 4.4181453, 190.45871, 196.31978,
19.033680, 207.97207, 4.4377065, 190.40964, 196.22336,
19.047960, 206.84502, 4.5779518, 190.37929, 196.12454,
19.062229, 207.60460, 4.6414263, 190.36857, 196.02342,
19.076500, 212.51190, 6.1691383, 190.37838, 195.91989,
19.090771, 195.72473, 5.2296362, 190.40963, 195.81399,
19.105040, 208.30420, 5.7569338, 190.46329, 195.70571,
19.119310, 211.22818, 4.9400250, 190.54034, 195.59504,
19.133570, 199.98423, 5.2115188, 190.64167, 195.48208,
19.147829, 187.79688, 6.0683191, 190.76835, 195.36673,
19.162090, 209.95247, 31.711577, 190.92143, 195.24899,
19.176340, 203.40442, 5.3586317, 191.10180, 195.12896,
19.190599, 187.81767, 5.6538250, 191.31081, 195.00646,
19.204849, 189.31300, 5.4800128, 191.54927, 194.88165,
19.219101, 197.88958, 5.5586080, 191.81848, 194.75443,
19.233339, 193.16190, 5.4390662, 192.11928, 194.62492,
19.247580, 189.46465, 5.2267242, 192.45312, 194.49299,
19.261820, 192.11845, 5.2740320, 192.82118, 194.35865,
19.276060, 191.88372, 5.7683118, 193.22469, 194.22188,
19.290300, 196.72580, 7.4071535, 193.66493, 194.08267,
19.304529, 189.87247, 6.0395380, 194.14280, 193.94114,
19.318760, 198.36375, 5.8064010, 194.66004, 193.79714,
19.332991, 191.56630, 6.4495999, 195.21795, 193.65067,
19.347219, 183.76090, 6.5033635, 195.81785, 193.50174,
19.361441, 196.60032, 5.8234954, 196.46089, 193.35040,
19.375660, 194.37440, 7.6756801, 197.14876, 193.19659,
19.389879, 179.00817, 6.0618297, 197.88305, 193.04025,
19.404100, 191.58020, 7.0405111, 198.66542, 192.88136,
19.418310, 187.21762, 8.8974637, 199.49668, 192.72004,
19.432520, 195.52402, 6.6914839, 200.37906, 192.55616,
