# wave, flux, fluxerr, continuum, continuum_plateau
9.9725246, 120.92895, 3.5261884, 158.48625, 158.30583,
9.9806166, 123.19945, 3.5372785, 156.29835, 156.14723,
9.9887066, 120.30465, 3.3608755, 154.17256, 154.04725,
9.9967957, 125.17310, 3.0647440, 152.10781, 152.00511,
10.004880, 125.22888, 3.4076756, 150.10426, 150.02120,
10.012970, 129.31693, 3.7875499, 148.15859, 148.09245,
10.021050, 129.09362, 2.9717977, 146.27369, 146.22199,
10.029140, 128.42970, 3.4029630, 144.44442, 144.40491,
10.037220, 141.23185, 3.9566355, 142.67459, 142.64521,
10.045300, 143.57828, 3.3486811, 140.96114, 140.94004,
10.053380, 134.59603, 3.2392487, 139.30322, 139.28873,
10.061460, 137.46100, 3.5600569, 137.70057, 137.69123,
10.069540, 127.29335, 3.4553676, 136.15218, 136.14669,
10.077610, 131.36413, 3.0310961, 134.65956, 134.65677,
10.085690, 130.96218, 3.3178037, 133.21839, 133.21732,
10.093760, 133.00323, 3.5460976, 131.83149, 131.83130,
10.101830, 129.77290, 2.9271390, 130.49657, 130.49655,
10.109900, 129.19277, 2.8619075, 129.21292, 129.21251,
10.117970, 130.37225, 2.9382782, 127.98033, 127.97905,
10.126040, 126.61550, 3.0145736, 126.79811, 126.79562,
10.134100, 127.39545, 2.6478746, 125.66719, 125.66324,
10.142170, 123.88298, 2.9861208, 124.58414, 124.57858,
10.150230, 124.35040, 3.0346559, 123.55119, 123.54393,
10.158300, 124.38675, 2.8272028, 122.56541, 122.55646,
10.166360, 123.97345, 2.6053636, 121.62879, 121.61823,
10.174420, 122.11743, 2.7832486, 120.73949, 120.72744,
10.182470, 123.81607, 3.1552283, 119.89826, 119.88491,
10.190530, 121.25695, 2.9832040, 119.10258, 119.08816,
10.198590, 116.22318, 2.5666009, 118.35300, 118.33777,
10.206640, 115.15745, 3.1048516, 117.65011, 117.63437,
10.214690, 115.39130, 2.8047486, 116.99255, 116.97659,
10.222750, 122.25975, 2.6172607, 116.37924, 116.36341,
10.230800, 115.10238, 2.9810439, 115.81130, 115.79592,
10.238850, 113.83245, 2.9333125, 115.28763, 115.27303,
10.246890, 119.72070, 2.6617139, 114.80847, 114.79497,
10.254940, 116.03658, 3.0188734, 114.37236, 114.36027,
10.262990, 114.19353, 3.1288365, 113.97959, 113.96920,
10.271030, 113.03668, 3.3176680, 113.63028, 113.62184,
10.279070, 111.06221, 3.0089022, 113.32370, 113.31741,
10.287120, 112.96820, 3.0234194, 113.05921, 113.05526,
10.295150, 111.65127, 2.9719861, 112.83751, 112.83600,
10.303190, 113.90898, 3.2042261, 112.65745, 112.65845,
10.311230, 112.18550, 3.0847885, 112.51986, 112.52340,
10.319270, 113.59259, 2.9607696, 112.42618, 112.43225,
10.327300, 109.26158, 3.6568402, 112.37798, 112.38655,
10.335340, 110.01406, 3.7091680, 112.37667, 112.38770,
10.343370, 112.28745, 3.1784848, 112.42381, 112.43720,
10.351400, 108.65670, 4.3050853, 112.52092, 112.53653,
10.359430, 114.72717, 3.5641984, 112.66959, 112.68722,
10.367460, 112.80268, 3.5319022, 112.87139, 112.89079,
10.375480, 111.18845, 3.7887933, 113.12757, 113.14840,
10.383510, 118.56857, 4.6268604, 113.44040, 113.46225,
10.391530, 112.77964, 4.9369963, 113.81076, 113.83312,
10.399560, 106.57897, 2.6113935, 114.24116, 114.26344,
10.407580, 113.54306, 2.8402369, 114.73225, 114.75373,
10.415600, 106.71475, 2.8799823, 115.28612, 115.30595,
10.423620, 115.31297, 2.9105322, 115.90459, 115.92181,
10.431640, 112.37391, 2.6796557, 116.58921, 116.60273,
10.439650, 117.80425, 3.0270554, 117.34087, 117.34942,
10.447670, 117.87780, 2.8284199, 118.16319, 118.16534,
10.455680, 119.00928, 3.2088896, 119.05554, 119.04973,
10.463700, 122.76692, 3.2244554, 120.01928, 120.00400,
10.471710, 119.48110, 3.1762763, 121.04949, 121.02346,
10.479720, 118.25175, 3.7998893, 122.14497, 122.10712,
10.487730, 118.04655, 3.5246801, 123.30336, 123.25276,
10.495730, 121.71795, 3.3430924, 124.52080, 124.45675,
10.503740, 122.80840, 4.4633043, 125.79785, 125.71977,
10.511750, 121.92965, 3.8244669, 127.13076, 127.03825,
10.519750, 127.15080, 3.3738936, 128.51537, 128.40818,
10.527750, 132.58505, 3.8329606, 129.95128, 129.82928,
10.535750, 134.30635, 4.0334052, 131.43604, 131.29923,
10.543750, 128.06357, 3.8948859, 132.96720, 132.81571,
10.551750, 131.08733, 4.2267685, 134.54287, 134.37694,
10.559750, 136.87550, 3.9554780, 136.16045, 135.98041,
10.567850, 142.27660, 2.9770632, 137.83907, 137.64520,
10.576350, 143.86190, 2.9185790, 139.64192, 139.43413,
10.584840, 150.79255, 2.9605036, 141.48230, 141.26131,
10.593340, 157.14635, 2.9329322, 143.36212, 143.12872,
10.601830, 158.25915, 2.9912553, 145.27412, 145.02921,
10.610330, 159.92790, 3.7629213, 147.22042, 146.96496,
10.618820, 163.94563, 3.1636777, 149.19383, 148.92889,
10.627310, 159.58275, 7.4773687, 151.19373, 150.92042,
10.635800, 156.35323, 3.1333988, 153.21797, 152.93748,
10.644280, 163.98245, 3.1660392, 155.26123, 154.97481,
10.652770, 162.00760, 3.0616808, 157.32577, 157.03472,
10.661250, 167.25998, 3.0106204, 159.40440, 159.11009,
10.669740, 166.06707, 3.3913307, 161.49925, 161.20308,
10.678220, 167.50065, 3.5407034, 163.60306, 163.30651,
10.686700, 167.60883, 3.3117612, 165.71566, 165.42022,
10.695180, 178.12880, 3.3366934, 167.83451, 167.54174,
10.703650, 177.54730, 3.4584939, 169.95468, 169.66618,
10.712130, 180.08950, 3.3726810, 172.07820, 171.79561,
10.720600, 187.96663, 3.3746784, 174.19823, 173.92324,
10.729080, 188.49392, 3.3741651, 176.31679, 176.05114,
10.737550, 189.45943, 3.4502101, 178.42635, 178.17180,
10.746020, 190.52965, 3.2984990, 180.52725, 180.28562,
10.754490, 194.14665, 3.3671838, 182.61648, 182.38965,
10.762960, 190.60197, 3.4528061, 184.69199, 184.48189,
10.771420, 196.88322, 3.4762357, 186.74825, 186.55682,
10.779890, 196.90975, 3.4813068, 188.78826, 188.61757,
10.788350, 197.23850, 3.2545156, 190.80423, 190.65634,
10.796810, 205.10690, 3.8083955, 192.79613, 192.67320,
10.805270, 207.73127, 3.8974382, 194.76142, 194.66568,
10.813730, 198.63377, 3.4940024, 196.69754, 196.63130,
10.822190, 200.41007, 3.3460042, 198.60192, 198.56757,
10.830650, 195.17382, 4.0049432, 200.47200, 200.47200,
10.839100, 204.36055, 3.6978184, 202.30347, 202.34028,
10.847560, 203.78178, 3.7607118, 204.10097, 204.17700,
10.856010, 206.70055, 3.9120666, 205.86087, 205.97820,
10.864460, 213.54257, 4.1975436, 207.58563, 207.74619,
10.872910, 222.67105, 4.1901082, 209.27606, 209.48159,
10.881360, 231.21627, 3.9239544, 210.93293, 211.18499,
10.889800, 230.88712, 4.0889310, 212.55464, 212.85453,
10.898250, 237.04567, 4.4882793, 214.14562, 214.49458,
10.906690, 241.19480, 4.7796240, 215.70282, 216.10182,
10.915140, 248.60760, 4.3781472, 217.23049, 217.68045,
10.923580, 271.52555, 5.3506865, 218.72537, 219.22692,
10.932020, 276.58835, 5.7748253, 220.18993, 220.74361,
10.940460, 292.76707, 5.3632517, 221.62466, 222.23089,
10.948890, 292.91528, 6.0533803, 223.02837, 223.68732,
10.957330, 296.92712, 5.0782816, 224.40504, 225.11691,
10.965760, 334.76752, 4.6372270, 225.75190, 226.51662,
10.974200, 378.59342, 4.5814262, 227.07247, 227.88998,
10.982630, 429.70003, 4.4935638, 228.36412, 229.23409,
10.991060, 466.56094, 4.8767579, 229.62910, 230.55118,
10.999490, 472.13005, 4.9411084, 230.86759, 231.84129,
11.007920, 467.26720, 5.4024731, 232.08032, 233.10507,
11.016340, 458.04352, 4.9740699, 233.26612, 234.34119,
11.024770, 451.80250, 5.0396255, 234.42827, 235.55293,
11.033190, 445.28860, 5.3512017, 235.56456, 236.73788,
11.041610, 430.91060, 4.4348212, 236.67674, 237.89778,
11.050030, 420.99914, 5.4949220, 237.76521, 239.03294,
11.058450, 402.87186, 4.6960936, 238.83039, 240.14369,
11.066870, 404.84727, 5.1905680, 239.87267, 241.23035,
11.075290, 396.39432, 5.0620623, 240.89244, 242.29326,
11.083700, 399.31228, 5.0751554, 241.88898, 243.33155,
11.092120, 396.59853, 5.6056617, 242.86491, 244.34791,
11.100530, 405.56262, 6.0235775, 243.81828, 245.34022,
11.108940, 417.48891, 6.0709712, 244.75081, 246.31019,
11.117350, 427.41367, 8.9105858, 245.66262, 247.25791,
11.120570, 438.43175, 4.9115328, 246.00644, 247.61505,
11.129530, 453.52341, 4.7165083, 246.94748, 248.59193,
11.138500, 481.98442, 4.9297230, 247.86717, 249.54561,
11.147460, 526.46149, 5.2628475, 248.76374, 250.47422,
11.156430, 615.33858, 5.5684731, 249.63971, 251.38029,
11.165390, 705.58740, 5.6790034, 250.49342, 252.26205,
11.174350, 848.05771, 6.0197952, 251.32628, 253.12092,
11.183300, 1024.6704, 6.9167699, 252.13782, 253.95638,
11.192260, 1207.5468, 7.4966559, 252.93014, 254.77055,
11.201220, 1318.1008, 7.4517457, 253.70272, 255.56287,
11.210170, 1332.3743, 7.5092741, 254.45513, 256.33285,
11.219120, 1342.1385, 7.9350272, 255.18854, 257.08170,
11.228070, 1325.7957, 7.8272542, 255.90331, 257.80974,
11.237020, 1311.1740, 7.3548032, 256.59970, 258.51722,
11.245970, 1303.1922, 7.4390234, 257.27817, 259.20462,
11.254920, 1286.6358, 7.6527032, 257.93898, 259.87219,
11.263860, 1253.4073, 7.5082740, 258.58171, 260.51949,
11.272800, 1210.0267, 7.0886470, 259.20750, 261.14771,
11.281750, 1158.0865, 7.0687230, 259.81718, 261.75765,
11.290690, 1101.3612, 7.1452471, 260.40987, 262.34847,
11.299630, 1040.8187, 6.9101522, 260.98640, 262.92100,
11.308560, 981.88245, 6.5506787, 261.54653, 263.47502,
11.317500, 932.71371, 6.4549067, 262.09173, 264.01203,
11.326430, 877.95859, 6.5597293, 262.62112, 264.53118,
11.335370, 826.96014, 6.2153314, 263.13611, 265.03388,
11.344300, 776.58409, 5.9666844, 263.63585, 265.51934,
11.353230, 741.32707, 5.6945799, 264.12117, 265.98841,
11.362160, 703.48604, 5.7715801, 264.59227, 266.44133,
11.371080, 668.58009, 5.5095614, 265.04903, 266.87802,
11.380010, 644.33253, 7.1586839, 265.49256, 267.29961,
11.388930, 615.29152, 5.1573805, 265.92225, 267.70558,
11.397850, 582.91715, 5.2243435, 266.33874, 268.09657,
11.406780, 555.93470, 5.0975939, 266.74276, 268.47334,
11.415700, 541.75645, 4.7853751, 267.13360, 268.83529,
11.424610, 524.64313, 4.8383392, 267.51155, 269.18278,
11.433530, 511.80106, 5.0226438, 267.87766, 269.51681,
11.442450, 486.18250, 4.8236702, 268.23171, 269.83730,
11.451360, 463.85416, 4.5159341, 268.57357, 270.14417,
11.460270, 441.99032, 4.5647604, 268.90382, 270.43805,
11.469180, 431.65930, 4.8185660, 269.22266, 270.71921,
11.478090, 423.83202, 4.7064368, 269.53030, 270.98790,
11.487000, 412.17338, 4.5321779, 269.82692, 271.24439,
11.495910, 384.61710, 4.9065230, 270.11269, 271.48891,
11.504810, 380.36260, 4.6858458, 270.38756, 271.72153,
11.513710, 367.02553, 4.7832022, 270.65197, 271.94272,
11.522620, 362.90562, 4.4338353, 270.90643, 272.15301,
11.531520, 356.12178, 4.6555212, 271.15051, 272.35214,
11.540420, 346.76131, 4.7658647, 271.38468, 272.54064,
11.549310, 345.93782, 4.9720972, 271.60888, 272.71856,
11.558210, 343.23840, 4.8151211, 271.82379, 272.88654,
11.567100, 342.54448, 4.7919622, 272.02902, 273.04443,
11.576000, 328.40478, 4.8359188, 272.22528, 273.19287,
11.584890, 318.25088, 5.2503735, 272.41222, 273.33174,
11.593780, 315.10852, 4.7585127, 272.59023, 273.46145,
11.602670, 306.86617, 4.7210735, 272.75948, 273.58227,
11.611560, 303.12196, 5.1734137, 272.92011, 273.69442,
11.620440, 298.23962, 5.0504020, 273.07209, 273.79803,
11.629330, 290.59888, 5.1126908, 273.21590, 273.89358,
11.638210, 289.44695, 5.0986304, 273.35137, 273.98109,
11.647090, 288.82420, 5.6479668, 273.47878, 274.06088,
11.655970, 288.77398, 5.8107504, 273.59827, 274.13321,
11.664850, 273.55405, 4.2865834, 273.70998, 274.19831,
11.673730, 271.29977, 3.3566015, 273.81402, 274.25640,
11.682600, 282.22749, 3.8748688, 273.91042, 274.30766,
11.691480, 277.02257, 3.6641086, 273.99951, 274.35245,
11.700350, 272.46785, 3.9578937, 274.08121, 274.39088,
11.709220, 281.63705, 3.8523868, 274.15575, 274.42324,
11.718090, 280.46802, 4.0442590, 274.22324, 274.44975,
11.726960, 278.27538, 4.6907157, 274.28379, 274.47064,
11.735830, 279.98292, 4.5341600, 274.33750, 274.48613,
11.744690, 287.24232, 4.9427802, 274.38444, 274.49645,
11.753560, 282.22977, 4.6266168, 274.42482, 274.50183,
11.762420, 272.18148, 4.1305442, 274.45864, 274.50248,
11.771280, 269.24148, 7.3911719, 274.48605, 274.49864,
11.775020, 272.48148, 3.8471609, 274.49573, 274.49573,
11.784500, 281.43745, 3.9874365, 274.51524, 274.48497,
11.793980, 277.13675, 3.9106426, 274.52756, 274.46933,
11.803460, 275.98355, 4.6111603, 274.53268, 274.44869,
11.812940, 280.04412, 3.6645152, 274.53056, 274.42294,
11.822420, 285.08797, 3.9218087, 274.52119, 274.39197,
11.831890, 279.40518, 3.9124648, 274.50455, 274.35572,
11.841360, 288.88752, 4.3283262, 274.48062, 274.31405,
11.850840, 292.22258, 3.6205776, 274.44932, 274.26679,
11.860310, 296.30519, 3.7852973, 274.41068, 274.21393,
11.869770, 305.58120, 3.9999075, 274.36469, 274.15537,
11.879240, 306.07412, 3.6934966, 274.31120, 274.09089,
11.888710, 304.77946, 3.5904651, 274.25023, 274.02042,
11.898170, 312.37807, 3.7631473, 274.18180, 273.94392,
11.907630, 306.39165, 3.7473419, 274.10579, 273.86123,
11.917090, 307.17675, 3.8514797, 274.02216, 273.77221,
11.926550, 308.92327, 3.7171098, 273.93086, 273.67676,
11.936010, 314.23872, 3.6243493, 273.83181, 273.57475,
11.945470, 313.71560, 3.6836156, 273.72497, 273.46606,
11.954920, 318.05704, 3.6413642, 273.61039, 273.35070,
11.964370, 322.95915, 3.9282863, 273.48789, 273.22843,
11.973830, 319.81858, 3.5842870, 273.35726, 273.09899,
11.983280, 323.07000, 3.8084556, 273.21872, 272.96254,
11.992720, 324.79363, 3.6759531, 273.07220, 272.81898,
12.002170, 328.23082, 3.6566504, 272.91732, 272.66786,
12.011610, 308.72031, 3.4874541, 272.75431, 272.50938,
12.021060, 311.11266, 3.6148536, 272.58276, 272.34308,
12.030500, 308.79670, 3.5833970, 272.40292, 272.16918,
12.039940, 306.48510, 3.5377191, 272.21456, 271.98741,
12.049380, 297.42063, 3.5232712, 272.01754, 271.79758,
12.058820, 295.53123, 3.5920159, 271.81180, 271.59961,
12.068250, 298.92697, 3.7369490, 271.59745, 271.39357,
12.077690, 295.42625, 3.5334738, 271.37392, 271.17886,
12.087120, 293.43150, 3.4249408, 271.14160, 270.95585,
12.096550, 283.44940, 3.5305004, 270.90013, 270.72415,
12.105980, 285.52530, 3.7357536, 270.64940, 270.48363,
12.115410, 287.50568, 3.7372404, 270.38930, 270.23415,
12.124830, 279.10947, 3.5240164, 270.11998, 269.97583,
12.134260, 279.48450, 3.6563010, 269.84076, 269.70801,
12.143680, 279.67202, 3.7636623, 269.55211, 269.43112,
12.153100, 278.74116, 3.8292166, 269.25357, 269.14469,
12.162520, 287.17940, 4.4146106, 268.94502, 268.84860,
12.171940, 267.99874, 3.5839278, 268.62637, 268.54273,
12.181360, 266.06475, 3.7844095, 268.29739, 268.22687,
12.190770, 269.43700, 3.9110179, 267.95836, 267.90128,
12.200180, 276.42327, 3.8293037, 267.60877, 267.56545,
12.209600, 259.44593, 3.7850143, 267.24805, 267.21885,
12.219010, 261.62718, 4.0956368, 266.87685, 266.86207,
12.228420, 268.00512, 10.662745, 266.49460, 266.49460,
12.237820, 270.99650, 51.459753, 266.10166, 266.11676,
12.247230, 272.39829, 13.231152, 265.69732, 265.72782,
12.256630, 280.86852, 4.3059414, 265.28268, 265.32880,
12.266040, 335.76480, 4.7547131, 264.85712, 264.91907,
12.275440, 585.09454, 6.4586613, 264.42175, 264.49962,
12.284840, 584.64072, 6.3579722, 263.97640, 264.07028,
12.294230, 339.89640, 4.9240049, 263.52167, 263.63157,
12.303630, 290.57395, 5.8024928, 263.05695, 263.18287,
12.313030, 294.74886, 5.2439483, 262.58281, 262.72470,
12.322420, 299.62716, 6.0095107, 262.10006, 262.25779,
12.331810, 296.52866, 4.2276394, 261.60838, 261.78182,
12.341200, 295.84710, 3.2456795, 261.10797, 261.29694,
12.350590, 306.93030, 3.4330506, 260.59903, 260.80332,
12.359980, 313.11817, 3.6466390, 260.08176, 260.30113,
12.369360, 306.50179, 3.6260510, 259.55688, 259.79105,
12.378750, 313.13007, 3.8993013, 259.02353, 259.27219,
12.388130, 310.64046, 4.1773614, 258.48298, 258.74579,
12.397510, 317.80240, 3.9958777, 257.93491, 258.21151,
12.406890, 316.48978, 3.7598210, 257.37941, 257.66943,
12.416270, 317.88441, 3.9627916, 256.81671, 257.11973,
12.425640, 318.94794, 3.9053008, 256.24762, 256.56321,
12.435020, 330.12605, 3.8795605, 255.67104, 255.99877,
12.444390, 341.92380, 4.0414669, 255.08844, 255.42783,
12.453760, 335.70264, 3.9985944, 254.49933, 254.84990,
12.463130, 340.61359, 4.2283312, 253.90389, 254.26515,
12.472500, 348.58588, 4.9525535, 253.30227, 253.67371,
12.481870, 361.84772, 5.7447530, 252.69463, 253.07573,
12.489420, 366.85340, 4.5323875, 252.20073, 252.58923,
12.499490, 381.96310, 4.8395771, 251.53624, 251.93405,
12.509550, 392.17281, 4.3683377, 250.86595, 251.27244,
12.519610, 397.31433, 4.3539319, 250.18943, 250.60395,
12.529670, 405.83311, 4.2743967, 249.50694, 249.92884,
12.539730, 404.31507, 4.3588923, 248.81852, 249.24714,
12.549780, 409.23158, 4.5250441, 248.12514, 248.55982,
12.559840, 419.10098, 4.3139106, 247.42554, 247.86561,
12.569890, 421.04443, 4.1725276, 246.72135, 247.16613,
12.579940, 421.31283, 4.2815595, 246.01201, 246.46084,
12.589990, 438.73218, 4.3704933, 245.29770, 245.74991,
12.600040, 450.95352, 4.3237066, 244.57851, 245.03343,
12.610090, 456.75231, 4.2489133, 243.85475, 244.31171,
12.620130, 463.16733, 4.8866824, 243.12727, 243.58560,
12.630170, 477.26568, 4.4587184, 242.39541, 242.85446,
12.640210, 482.30932, 4.5159057, 241.65941, 242.11853,
12.650250, 488.18946, 4.3381640, 240.91941, 241.37795,
12.660290, 488.63052, 4.3492155, 240.17565, 240.63297,
12.670330, 496.57767, 4.4007549, 239.42813, 239.88360,
12.680360, 516.55314, 4.5234115, 238.67788, 239.13088,
12.690390, 539.82418, 4.8612968, 237.92426, 238.37417,
12.700420, 553.43990, 4.8227677, 237.16734, 237.61358,
12.710450, 567.02765, 4.5528695, 236.40742, 236.84939,
12.720480, 571.15738, 4.7622107, 235.64458, 236.08170,
12.730500, 570.88915, 5.6974253, 234.87968, 235.31139,
12.740530, 570.23724, 4.5283606, 234.11142, 234.53717,
12.750550, 550.20273, 4.3862865, 233.34141, 233.76066,
12.760570, 551.15784, 4.5126673, 232.56912, 232.98135,
12.770590, 548.46410, 4.5211089, 231.79455, 232.19925,
12.780610, 543.11941, 4.4390653, 231.01791, 231.41459,
12.790620, 527.92083, 4.4885293, 230.24016, 230.62835,
12.800640, 508.50113, 4.4484632, 229.45981, 229.83904,
12.810650, 510.46758, 4.3623193, 228.67862, 229.04846,
12.820660, 488.69611, 4.2859655, 227.89592, 228.25594,
12.830670, 448.70895, 3.9865274, 227.11176, 227.46156,
12.840680, 424.72502, 3.9168212, 226.32644, 226.66561,
12.850680, 395.58815, 3.9034910, 225.54076, 225.86894,
12.860690, 366.91489, 3.8207002, 224.75335, 225.07019,
12.870690, 347.96841, 3.7322216, 223.96586, 224.27101,
12.880690, 327.94580, 3.5074711, 223.17773, 223.47088,
12.890690, 306.62800, 3.4598231, 222.38895, 222.66980,
12.900680, 291.31892, 3.4796023, 221.60055, 221.86883,
12.910680, 281.74945, 3.4792952, 220.81102, 221.06645,
12.920670, 269.47907, 3.3058943, 220.02214, 220.26448,
12.930670, 262.79702, 3.2893233, 219.23237, 219.46139,
12.940660, 258.12855, 3.2171503, 218.44345, 218.65895,
12.950640, 247.49150, 3.3900277, 217.65564, 217.85745,
12.960630, 239.83577, 3.3212161, 216.86728, 217.05520,
12.970620, 235.58108, 3.3822979, 216.07946, 216.25335,
12.980600, 228.23180, 3.5229618, 215.29301, 215.45274,
12.990580, 229.63608, 3.5648290, 214.50737, 214.65282,
13.000560, 224.29360, 3.5686951, 213.72253, 213.85361,
13.010540, 219.96753, 3.6009701, 212.93869, 213.05531,
13.020520, 215.87577, 3.3287989, 212.15599, 212.25808,
13.030490, 214.60232, 3.5288293, 211.37538, 211.46291,
13.040470, 211.70708, 3.6888568, 210.59535, 210.66827,
13.050440, 208.08282, 3.5698654, 209.81768, 209.87598,
13.060410, 207.36592, 4.2861685, 209.04167, 209.08536,
13.070380, 209.65213, 3.7719875, 208.26740, 208.29649,
13.080350, 207.67815, 3.8459670, 207.49514, 207.50966,
13.090310, 207.14612, 4.0510780, 206.72569, 206.72569,
13.100280, 206.18105, 3.9549723, 205.95771, 205.94323,
13.110240, 202.97102, 6.4493953, 205.19269, 205.16384,
13.120200, 206.50945, 4.2439117, 204.42994, 204.38682,
13.130160, 204.88085, 4.2272744, 203.66948, 203.61222,
13.140110, 206.26855, 3.4891004, 202.91213, 202.84091,
13.150070, 197.58860, 2.7011816, 202.15634, 202.07131,
13.160020, 200.85757, 2.7613938, 201.40373, 201.30509,
13.169980, 193.37998, 3.0163050, 200.65273, 200.54070,
13.179930, 195.35373, 3.2295633, 199.90496, 199.77980,
13.189870, 201.19053, 3.2235713, 199.16039, 199.02236,
13.199820, 195.29373, 3.1037329, 198.41761, 198.26698,
13.209770, 195.31455, 3.1657107, 197.67730, 197.51438,
13.219710, 194.07820, 3.3415009, 196.94036, 196.76547,
13.229650, 192.99728, 3.5044742, 196.20610, 196.01958,
13.239590, 193.16135, 3.2870690, 195.47443, 195.27663,
13.249530, 190.90612, 3.5344007, 194.74545, 194.53675,
13.259470, 185.24475, 3.1439421, 194.01921, 193.79999,
13.269410, 189.84163, 3.6645828, 193.29575, 193.06641,
13.279340, 188.98790, 3.6269402, 192.57587, 192.33684,
13.289270, 190.09058, 4.1501402, 191.85879, 191.61050,
13.299200, 194.50020, 4.0304115, 191.14469, 190.88758,
13.309130, 186.80625, 4.1538995, 190.43354, 190.16807,
13.318260, 194.28112, 2.9694426, 189.78227, 189.50954,
13.328980, 191.65910, 2.8271020, 189.02091, 188.74016,
13.339690, 190.09807, 2.8663393, 188.26390, 187.97571,
13.350400, 192.03498, 3.0241746, 187.51058, 187.21553,
13.361120, 191.28603, 2.9010529, 186.76026, 186.45895,
13.371830, 190.24290, 2.7348892, 186.01450, 185.70754,
13.382530, 192.48785, 2.6704197, 185.27328, 184.96129,
13.393240, 192.07185, 2.7696752, 184.53535, 184.21896,
13.403940, 197.19607, 2.8714818, 183.80212, 183.48195,
13.414650, 200.64173, 3.1599724, 183.07234, 182.74904,
13.425350, 197.59890, 2.6754316, 182.34739, 182.02161,
13.436050, 199.89365, 2.6963339, 181.62671, 181.29909,
13.446740, 204.33113, 2.7999890, 180.91107, 180.58227,
13.457440, 210.02065, 2.9058192, 180.19916, 179.86983,
13.468130, 218.74863, 2.7851645, 179.49246, 179.16326,
13.478830, 217.08675, 2.7266985, 178.78968, 178.46125,
13.489520, 217.46188, 2.7221933, 178.09227, 177.76528,
13.500200, 224.77278, 2.8622288, 177.40026, 177.07536,
13.510890, 224.35880, 2.8820418, 176.71252, 176.39034,
13.521570, 237.31382, 2.8493543, 176.03036, 175.71155,
13.532260, 247.98110, 2.8417026, 175.35267, 175.03786,
13.542940, 245.33187, 2.8666846, 174.68076, 174.37058,
13.553620, 238.03522, 2.9337536, 174.01412, 173.70919,
13.564290, 233.55230, 2.8835986, 173.35353, 173.05443,
13.574970, 230.28563, 2.8964406, 172.69777, 172.40512,
13.585640, 228.04075, 2.7155703, 172.04827, 171.76263,
13.596320, 225.65563, 2.8122354, 171.40385, 171.12579,
13.606990, 217.69415, 2.8232139, 170.76590, 170.49597,
13.617650, 211.09565, 3.2239148, 170.13446, 169.87318,
13.628320, 209.90693, 2.7154283, 169.50855, 169.25642,
13.638980, 204.60885, 4.8064149, 168.88939, 168.64690,
13.649650, 203.82154, 2.8555677, 168.27601, 168.04363,
13.660310, 198.34283, 3.0594652, 167.66964, 167.44780,
13.670970, 190.44450, 2.9945946, 167.06986, 166.85898,
13.681630, 187.46583, 2.6523886, 166.47683, 166.27727,
13.692280, 185.30663, 3.0700779, 165.89124, 165.70335,
13.702940, 180.08340, 2.6871505, 165.31209, 165.13621,
13.713590, 179.98975, 2.7614019, 164.74068, 164.57707,
13.724240, 173.95813, 2.7086261, 164.17653, 164.02544,
13.734890, 173.02090, 2.5834984, 163.61990, 163.48154,
13.745530, 173.23133, 2.6677092, 163.07138, 162.94591,
13.756180, 167.90725, 2.6348952, 162.53015, 162.41771,
13.766820, 165.77338, 2.6646236, 161.99735, 161.89801,
13.777460, 161.07248, 2.6949467, 161.47267, 161.38645,
13.788100, 158.75280, 2.5064029, 160.95627, 160.88316,
13.798740, 158.80260, 2.5688769, 160.44834, 160.38828,
13.809380, 159.37783, 2.8854148, 159.94910, 159.90195,
13.820010, 161.35325, 2.7058102, 159.45909, 159.42467,
13.830640, 158.47278, 2.8140138, 158.97812, 158.95619,
13.841270, 159.87238, 2.8313625, 158.50631, 158.49657,
13.851900, 154.18965, 2.7732469, 158.04395, 158.04603,
13.862530, 158.25130, 3.5788989, 157.59106, 157.60456,
13.873150, 159.78155, 3.5325068, 157.14780, 157.17232,
13.883780, 158.75368, 2.8318684, 156.71310, 156.74830,
13.894400, 153.14735, 3.0510184, 156.28748, 156.33301,
13.905020, 157.38472, 2.8951931, 155.87027, 155.92582,
13.915640, 161.18857, 3.2462112, 155.46122, 155.52650,
13.926250, 159.32942, 3.5059797, 155.06042, 155.13515,
13.936870, 164.31595, 3.3568805, 154.66694, 154.75086,
13.947480, 165.93823, 3.2156848, 154.28117, 154.37403,
13.958090, 167.15390, 3.2555333, 153.90257, 154.00413,
13.968700, 175.40382, 3.5134503, 153.53083, 153.64087,
13.979310, 164.81255, 3.5693194, 153.16579, 153.28408,
13.989910, 156.29797, 34.993168, 152.80749, 152.93380,
14.000520, 165.74270, 5.2925517, 152.45505, 152.58918,
14.011120, 165.79075, 4.1986586, 152.10889, 152.25061,
14.021720, 164.14695, 3.9286824, 151.76846, 151.91756,
14.032320, 157.29343, 4.1925734, 151.43353, 151.58978,
14.042920, 158.26935, 3.8727919, 151.10389, 151.26707,
14.053510, 161.70073, 3.8589442, 150.77963, 150.94951,
14.064110, 170.43708, 4.4417388, 150.45991, 150.63624,
14.074700, 159.15475, 5.1772884, 150.14510, 150.32764,
14.085290, 150.16243, 4.4582337, 149.83475, 150.02323,
14.095870, 154.86960, 3.3643861, 149.52888, 149.72304,
14.106460, 154.24937, 2.8090725, 149.22675, 149.42630,
14.117040, 159.16055, 2.8782975, 148.92869, 149.13333,
14.127630, 159.12815, 2.9949355, 148.63393, 148.84335,
14.138210, 159.87423, 2.9832763, 148.34286, 148.55674,
14.148790, 164.43383, 3.1600422, 148.05500, 148.27297,
14.159370, 164.76460, 3.0846379, 147.77014, 147.99184,
14.169940, 175.65665, 3.2347797, 147.48836, 147.71341,
14.180520, 171.97365, 5.9551542, 147.20891, 147.43691,
14.182090, 172.81615, 2.8389293, 147.16766, 147.39606,
14.193560, 183.96675, 2.8090557, 146.86782, 147.09885,
14.205030, 183.05117, 3.0842842, 146.57052, 146.80366,
14.216500, 185.32313, 3.0987831, 146.27557, 146.51025,
14.227970, 185.69628, 3.0388211, 145.98271, 146.21834,
14.239430, 185.93660, 3.2224140, 145.69193, 145.92789,
14.250890, 175.93225, 2.7762213, 145.40279, 145.63841,
14.262350, 170.76135, 2.8677440, 145.11499, 145.34959,
14.273810, 171.54183, 3.0433496, 144.82833, 145.06119,
14.285270, 167.40045, 2.9025000, 144.54258, 144.77295,
14.296730, 166.73162, 2.7478760, 144.25747, 144.48456,
14.308180, 157.14475, 2.8391653, 143.97305, 144.19605,
14.319630, 151.52633, 2.6793737, 143.68883, 143.90687,
14.331080, 150.37852, 2.8143656, 143.40454, 143.61673,
14.342530, 151.26915, 2.8938507, 143.11999, 143.32542,
14.353970, 151.83895, 2.5253427, 142.83520, 143.03291,
14.365410, 153.53683, 2.4270570, 142.54965, 142.73864,
14.376860, 152.65905, 2.6563125, 142.26288, 142.44212,
14.388300, 143.92978, 2.4820515, 141.97514, 142.14357,
14.399730, 146.06422, 2.5237992, 141.68622, 141.84276,
14.411170, 139.32680, 2.2305356, 141.39535, 141.53885,
14.422600, 139.16327, 2.2625943, 141.10283, 141.23214,
14.434030, 138.08262, 2.1882198, 140.80816, 140.92208,
14.445460, 138.33910, 2.3108593, 140.51108, 140.60837,
14.456890, 137.84528, 2.2419137, 140.21139, 140.29080,
14.468320, 139.67488, 2.1984477, 139.90883, 139.96905,
14.479740, 141.64208, 2.4598904, 139.60341, 139.64313,
14.491160, 140.00895, 2.1627175, 139.29463, 139.31250,
14.502580, 137.63780, 2.2980575, 138.98228, 138.97691,
14.514000, 135.71115, 2.3859166, 138.66619, 138.63622,
14.525420, 140.26012, 2.3814239, 138.34651, 138.29078,
14.536830, 138.25033, 2.2206848, 138.02372, 137.94127,
14.548240, 134.37742, 2.2822228, 137.69770, 137.58772,
14.559650, 132.01008, 2.6735547, 137.36858, 137.23049,
14.571060, 128.94405, 2.5339722, 137.03658, 136.86997,
14.582470, 131.27407, 2.6669925, 136.70183, 136.50650,
14.593870, 128.36633, 2.4433990, 136.36479, 136.14074,
14.605270, 133.90880, 2.2356404, 136.02533, 135.77274,
14.616670, 128.26665, 2.3184852, 135.68364, 135.40290,
14.628070, 129.96200, 2.6524767, 135.33981, 135.03150,
14.639470, 122.92462, 2.5261595, 134.99404, 134.65893,
14.650860, 126.60717, 2.3331034, 134.64679, 134.28588,
14.662260, 123.34587, 2.1461320, 134.29759, 133.91202,
14.673650, 125.04800, 2.4108255, 133.94722, 133.53840,
14.685040, 123.26522, 2.2270850, 133.59548, 133.16499,
14.696420, 128.32258, 2.2712487, 133.24292, 132.79255,
14.707810, 126.55085, 2.4067206, 132.88898, 132.42068,
14.719190, 126.81870, 2.2594367, 132.53450, 132.05048,
14.730570, 125.77142, 2.2260295, 132.17927, 131.68190,
14.741950, 128.87640, 3.3981360, 131.82344, 131.31532,
14.753330, 124.54237, 3.3697270, 131.46718, 130.95110,
14.764700, 132.79662, 2.5858903, 131.11096, 130.58992,
14.776080, 126.43547, 2.4229999, 130.75427, 130.23147,
14.787450, 123.01980, 2.2787956, 130.39791, 129.87676,
14.798820, 122.97670, 2.4576774, 130.04170, 129.52582,
14.810190, 121.66915, 2.6211885, 129.68576, 129.17898,
14.821550, 125.17100, 2.6246263, 129.33060, 128.83693,
14.832920, 123.04395, 2.5315191, 128.97573, 128.49942,
14.844280, 127.68245, 2.7284034, 128.62189, 128.16739,
14.855640, 128.97860, 2.8767592, 128.26895, 127.84090,
14.866990, 124.22793, 2.7402372, 127.91736, 127.52061,
14.878350, 126.17452, 2.8275378, 127.56664, 127.20628,
14.889710, 124.26763, 2.7344668, 127.21724, 126.89859,
14.901060, 122.49002, 2.7840525, 126.86965, 126.59816,
14.912410, 123.12910, 2.7805040, 126.52370, 126.30508,
14.923760, 119.89313, 3.2204125, 126.17950, 126.01968,
14.935100, 123.51500, 3.4458816, 125.83758, 125.74264,
14.946450, 127.53027, 3.2489018, 125.49740, 125.47376,
14.957790, 127.44262, 3.4261228, 125.15986, 125.21391,
14.969130, 128.68427, 3.4245787, 124.82576, 124.96286,
14.980470, 118.41733, 3.4623350, 124.49667, 124.72038,
14.991810, 125.99468, 3.7448062, 124.17426, 124.48629,
15.003140, 128.85660, 3.5007509, 123.86041, 124.26058,
15.014480, 129.69188, 3.6524339, 123.55628, 124.04271,
15.025810, 128.96080, 3.5219426, 123.26395, 123.83280,
15.037140, 130.68778, 3.3222492, 122.98488, 123.63053,
15.048460, 129.40470, 3.6009820, 122.72091, 123.43584,
15.059790, 128.74843, 3.8901527, 122.47325, 123.24823,
15.071110, 131.31840, 3.7630997, 122.24400, 123.06783,
15.082440, 122.64927, 2.6684879, 122.03443, 122.89414,
15.093750, 123.54287, 2.3597504, 121.84679, 122.72745,
15.105070, 122.11687, 2.5287284, 121.68222, 122.56711,
15.116390, 125.62438, 2.3265376, 121.54263, 122.41310,
15.127700, 126.16628, 2.4483051, 121.42983, 122.26539,
15.139020, 127.43732, 2.6033431, 121.34536, 122.12351,
15.150330, 124.30267, 2.5508950, 121.29113, 121.98757,
15.162390, 121.69398, 2.9940710, 121.26851, 121.84881,
15.174730, 117.04335, 2.9748139, 121.28519, 121.71323,
15.187070, 122.24643, 2.8659722, 121.34449, 121.58393,
15.199410, 119.66463, 2.9362609, 121.44879, 121.46067,
15.211740, 123.01162, 3.2681610, 121.59967, 121.34337,
15.224080, 125.08188, 3.0042338, 121.79616, 121.23169,
15.236410, 123.68075, 2.6306359, 122.03584, 121.12575,
15.248740, 136.22555, 2.9348598, 122.31678, 121.02534,
15.261060, 138.84730, 3.2129354, 122.63665, 120.93047,
15.273390, 130.30905, 3.0880121, 122.99400, 120.84088,
15.285710, 131.46037, 3.0524424, 123.38626, 120.75664,
15.298030, 125.58532, 2.6183399, 123.81171, 120.67759,
15.310350, 124.74820, 2.7064506, 124.26846, 120.60363,
15.322660, 126.42658, 2.8558092, 124.75416, 120.53476,
15.334980, 128.49100, 2.9264354, 125.26767, 120.47076,
15.347290, 125.84835, 2.8866002, 125.80634, 120.41168,
15.359600, 128.30245, 2.6355254, 126.36869, 120.35736,
15.371900, 125.35058, 2.5312697, 126.95237, 120.30779,
15.384210, 130.92345, 2.9733632, 127.55655, 120.26279,
15.396510, 123.54920, 3.3660098, 128.17843, 120.22238,
15.408810, 133.37887, 3.0924511, 128.81662, 120.18643,
15.421110, 129.80835, 2.5507807, 129.46942, 120.15487,
15.433410, 132.40230, 2.5769229, 130.13497, 120.12765,
15.445700, 131.98153, 2.7843433, 130.81100, 120.10469,
15.457990, 133.90810, 2.8467294, 131.49627, 120.08591,
15.470280, 131.47640, 2.8130616, 132.18902, 120.07125,
15.482570, 132.23582, 2.8284631, 132.88750, 120.06063,
15.494860, 129.42935, 2.6321353, 133.58996, 120.05399,
15.507140, 129.82437, 2.6114486, 134.29411, 120.05127,
15.519420, 130.75957, 2.6551261, 134.99871, 120.05240,
15.531700, 132.25132, 2.9653840, 135.70212, 120.05731,
15.543980, 135.41898, 2.7891072, 136.40249, 120.06595,
15.556260, 136.19085, 2.5530855, 137.09819, 120.07824,
15.568530, 136.77702, 2.3093670, 137.78684, 120.09413,
15.580800, 135.02647, 2.4257973, 138.46730, 120.11356,
15.593070, 146.11015, 2.6026461, 139.13780, 120.13648,
15.605340, 141.32613, 2.4376135, 139.79663, 120.16282,
15.617600, 135.84685, 2.5650162, 140.44289, 120.19250,
15.629860, 143.14283, 2.4032133, 141.07813, 120.22550,
15.642120, 145.03325, 2.2300744, 141.70365, 120.26175,
15.654380, 141.23302, 2.5627005, 142.32053, 120.30121,
15.666640, 138.82260, 2.6198419, 142.93004, 120.34382,
15.678890, 140.29078, 2.4724632, 143.53280, 120.38950,
15.691140, 147.33177, 2.3898053, 144.13050, 120.43822,
15.703390, 143.75652, 2.2951575, 144.72428, 120.48994,
15.715640, 148.70610, 2.4669073, 145.31533, 120.54461,
15.727890, 144.08273, 2.5448729, 145.90478, 120.60217,
15.740130, 147.43447, 2.6826464, 146.49335, 120.66254,
15.752370, 147.99542, 2.5446532, 147.08259, 120.72571,
15.764610, 154.19168, 2.4449827, 147.67375, 120.79164,
15.776850, 152.81440, 2.4719273, 148.26790, 120.86028,
15.789090, 151.50563, 2.4687388, 148.86628, 120.93158,
15.801320, 151.42495, 2.7231329, 149.46950, 121.00545,
15.813550, 158.05883, 2.7932717, 150.07921, 121.08189,
15.825780, 160.31017, 3.4843094, 150.69658, 121.16087,
15.838010, 158.23015, 2.7027797, 151.32279, 121.24234,
15.850230, 157.69732, 2.7395630, 151.95851, 121.32619,
15.862450, 162.50715, 2.7858363, 152.60535, 121.41245,
15.874670, 160.76815, 2.9767530, 153.26459, 121.50108,
15.886890, 159.48945, 2.8433055, 153.93739, 121.59204,
15.899110, 162.19693, 3.0041254, 154.62488, 121.68528,
15.911320, 159.45428, 3.1639774, 155.32778, 121.78070,
15.923540, 162.49975, 2.9761139, 156.04846, 121.87842,
15.935750, 166.08790, 3.2776965, 156.78691, 121.97823,
15.947960, 165.36275, 3.5158093, 157.54499, 122.08017,
15.960160, 165.05215, 3.4472936, 158.32333, 122.18414,
15.972370, 159.95953, 3.5243500, 159.12442, 122.29026,
15.984570, 164.56875, 3.6624024, 159.94822, 122.39832,
15.996770, 168.46888, 3.3397125, 160.79676, 122.50839,
16.008961, 170.87743, 3.4211933, 161.67060, 122.62033,
16.021160, 169.90828, 3.6838819, 162.57236, 122.73428,
16.033350, 173.17550, 3.4864305, 163.50203, 122.85004,
16.045549, 163.86845, 3.2385706, 164.46243, 122.96775,
16.057739, 169.83708, 3.5917488, 165.45344, 123.08721,
16.069920, 177.34788, 3.3812703, 166.47636, 123.20837,
16.082109, 159.99727, 3.1923798, 167.53424, 123.33140,
16.094290, 162.64050, 3.3467457, 168.62683, 123.45607,
16.106470, 168.86967, 3.8672806, 169.75642, 123.58246,
16.118650, 156.64518, 3.3208664, 170.92448, 123.71052,
16.130831, 163.29545, 3.7169731, 172.13252, 123.84023,
16.143009, 166.26215, 3.5766570, 173.38187, 123.97155,
16.155180, 168.72953, 3.8177796, 174.67346, 124.10438,
16.167351, 168.53580, 3.6451368, 176.00962, 124.23878,
16.179520, 165.49520, 4.3778646, 177.39175, 124.37469,
16.191681, 167.06688, 4.0924203, 178.82078, 124.51203,
16.203850, 171.99895, 4.4550931, 180.30017, 124.65094,
16.216009, 189.96160, 5.1658933, 181.82951, 124.79120,
16.228170, 187.58710, 4.4789886, 183.41161, 124.93292,
16.240330, 185.42172, 4.5754396, 185.04374, 125.07603,
16.252489, 197.69193, 5.1322166, 186.72167, 125.22051,
16.264641, 191.74988, 5.4957595, 188.43977, 125.36627,
16.276791, 202.05750, 5.4383542, 190.19433, 125.51334,
16.288950, 211.60883, 5.1311025, 191.98258, 125.66183,
16.301090, 224.65703, 6.4768617, 193.79585, 125.81137,
16.313240, 234.60852, 5.8562082, 195.63395, 125.96230,
16.325380, 249.65148, 6.3047920, 197.48962, 126.11435,
16.337530, 266.07347, 4.3816637, 199.36138, 126.26774,
16.349670, 285.88412, 3.8971360, 201.24192, 126.42220,
16.361799, 307.47575, 3.9884570, 203.12656, 126.57769,
16.373940, 349.53380, 4.6933018, 205.01451, 126.73448,
16.386070, 384.71172, 5.0791078, 206.89814, 126.89227,
16.398211, 415.76200, 5.3290332, 208.77607, 127.05130,
16.410339, 424.53190, 4.7617862, 210.64070, 127.21127,
16.422461, 429.28853, 5.5707572, 212.48828, 127.37221,
16.434589, 427.44393, 5.7124403, 214.31677, 127.53430,
16.446711, 428.54724, 5.6925404, 216.11950, 127.69731,
16.458839, 419.18475, 5.1941891, 217.89434, 127.86144,
16.470961, 396.05042, 5.7575980, 219.63465, 128.02645,
16.483070, 375.29121, 5.0110333, 221.33554, 128.19227,
16.495190, 360.93398, 6.9027580, 222.99551, 128.35918,
16.500280, 349.50162, 5.4757007, 223.67910, 128.42957,
16.513599, 330.90465, 4.9295287, 225.42615, 128.61450,
16.526911, 312.87040, 4.1842799, 227.10752, 128.80042,
16.540211, 301.31740, 4.2546457, 228.71683, 128.98725,
16.553520, 284.26103, 4.1369133, 230.25056, 129.17526,
16.566820, 275.65850, 4.0615024, 231.70035, 129.36416,
16.580120, 256.63440, 3.8161720, 233.06115, 129.55406,
16.593420, 251.87062, 3.5063622, 234.32670, 129.74494,
16.606710, 247.63392, 3.4096096, 235.48985, 129.93663,
16.620001, 242.74898, 3.5396711, 236.54515, 130.12926,
16.633301, 250.77290, 3.4959901, 237.48676, 130.32294,
16.646589, 248.12285, 3.8288990, 238.30665, 130.51735,
16.659870, 234.68615, 3.5234143, 238.99865, 130.71251,
16.673149, 237.68845, 3.4763054, 239.55648, 130.90850,
16.686440, 239.75982, 3.3835717, 239.97369, 131.10548,
16.699711, 245.19019, 3.8205857, 240.24409, 131.30299,
16.712990, 242.05222, 4.0224767, 240.37745, 131.50140,
16.726271, 241.45750, 3.9888120, 240.39040, 131.70061,
16.739540, 241.70463, 3.6559557, 240.29986, 131.90040,
16.752810, 237.91062, 3.2463800, 240.12258, 132.10092,
16.766081, 234.98255, 3.2786147, 239.87518, 132.30218,
16.779341, 239.85147, 3.2072628, 239.57453, 132.50396,
16.792601, 233.30310, 3.3006578, 239.23696, 132.70642,
16.805870, 238.59953, 3.3236168, 238.87870, 132.90968,
16.819120, 230.76373, 3.5438199, 238.51699, 133.11328,
16.832380, 227.63115, 3.1999991, 238.16751, 133.31766,
16.845631, 230.79940, 2.9934714, 237.84721, 133.52248,
16.858891, 224.76057, 3.1524689, 237.57212, 133.72805,
16.872141, 231.00460, 3.3424941, 237.35913, 133.93403,
16.885380, 236.25537, 3.4407938, 237.22465, 134.14039,
16.898630, 232.69110, 3.2375143, 237.18503, 134.34746,
16.911869, 228.09830, 3.0131687, 237.25698, 134.55487,
16.925110, 237.02885, 3.0592543, 237.45716, 134.76281,
16.938351, 237.24225, 3.1928960, 237.80238, 134.97124,
16.951580, 236.43585, 3.1757582, 238.30906, 135.17995,
16.964821, 237.76158, 3.3069096, 238.98654, 135.38930,
16.978050, 244.62355, 3.7739164, 239.81837, 135.59891,
16.991270, 250.59560, 3.2724984, 240.78499, 135.80878,
17.004499, 261.30667, 3.2748026, 241.86858, 136.01922,
17.017719, 332.38270, 3.7190900, 243.04846, 136.22989,
17.030951, 624.80798, 5.2364943, 244.30747, 136.44112,
17.044161, 620.32893, 5.5642299, 245.62347, 136.65237,
17.057381, 326.90519, 4.0700140, 246.98051, 136.86412,
17.070601, 260.44440, 3.5322760, 248.35877, 137.07621,
17.083811, 258.15685, 3.2519782, 249.73838, 137.28845,
17.097019, 257.43272, 3.4150136, 251.10128, 137.50096,
17.110229, 256.73946, 3.4527511, 252.42904, 137.71379,
17.123430, 251.83265, 3.4473299, 253.70167, 137.92674,
17.136641, 258.19963, 3.3988497, 254.90211, 138.14009,
17.149839, 257.03075, 3.3328112, 256.00955, 138.35351,
17.163040, 247.73912, 3.5719776, 257.00619, 138.56718,
17.176229, 251.36230, 3.3228516, 257.87210, 138.78088,
17.189430, 252.44432, 3.4363136, 258.58962, 138.99496,
17.202620, 254.29535, 3.7653191, 259.13825, 139.20905,
17.215811, 258.36384, 3.9259416, 259.49937, 139.42334,
17.229000, 253.27227, 3.8236528, 259.65336, 139.63775,
17.242180, 260.53913, 3.5475332, 259.58079, 139.85215,
17.255369, 266.92015, 4.2483373, 259.27041, 140.06684,
17.268551, 259.29302, 3.7669952, 258.73243, 140.28152,
17.281719, 263.29995, 3.7772017, 257.98050, 140.49608,
17.294901, 273.63352, 4.2550211, 257.02583, 140.71095,
17.308069, 283.44295, 4.2166872, 255.88290, 140.92568,
17.321251, 289.62208, 3.9537474, 254.56182, 141.14068,
17.334410, 299.77662, 4.2677616, 253.07870, 141.35536,
17.347580, 311.88910, 4.2552084, 251.44203, 141.57026,
17.360750, 318.44567, 4.7964140, 249.66508, 141.78518,
17.373911, 320.26468, 5.1027563, 247.76122, 141.99995,
17.387070, 311.43777, 5.8225465, 245.74133, 142.21469,
17.400230, 302.32780, 4.4035671, 243.61656, 142.42943,
17.413380, 286.55353, 4.5047156, 241.40081, 142.64396,
17.426540, 296.03263, 4.8518326, 239.10183, 142.85862,
17.439690, 276.98212, 4.3481500, 236.73510, 143.07304,
17.452841, 268.62883, 4.4777274, 234.30977, 143.28741,
17.465981, 258.58320, 5.0219553, 231.83974, 143.50151,
17.479130, 252.05437, 5.2734110, 229.33246, 143.71567,
17.492270, 237.93827, 4.0116881, 226.80288, 143.92955,
17.505409, 230.29397, 3.9485418, 224.26050, 144.14331,
17.518551, 227.87065, 4.4730248, 221.71624, 144.35695,
17.531679, 226.66412, 4.4080124, 219.18434, 144.57023,
17.544821, 219.39252, 4.1993194, 216.67095, 144.78355,
17.557949, 207.69233, 4.2621168, 214.19246, 144.99647,
17.571079, 211.38455, 4.2979659, 211.75726, 145.20923,
17.584200, 206.48065, 4.3792508, 209.37878, 145.42162,
17.597330, 206.84430, 4.5982593, 207.06494, 145.63394,
17.610451, 201.72015, 4.3677799, 204.82936, 145.84587,
17.623569, 206.26917, 5.1175147, 202.67239, 146.05751,
17.636690, 212.94418, 6.0416904, 200.59132, 146.26893,
17.649799, 209.61175, 5.0662611, 198.58615, 146.47987,
17.662910, 212.30733, 5.8608904, 196.65276, 146.69056,
17.676029, 221.60760, 5.2324755, 194.78844, 146.90105,
17.689131, 220.05815, 5.6873976, 192.99477, 147.11095,
17.702240, 227.34830, 6.3357268, 191.26645, 147.32064,
17.715349, 214.87272, 6.6762448, 189.60275, 147.52997,
17.728451, 221.79692, 6.5424118, 188.00285, 147.73881,
17.741550, 222.31102, 6.5650764, 186.46430, 147.94725,
17.754641, 220.34222, 4.4824347, 184.98627, 148.15513,
17.767740, 220.28572, 4.1851749, 183.56501, 148.36276,
17.780830, 216.92662, 4.4630936, 182.20105, 148.56981,
17.793921, 220.71627, 4.2386651, 180.89180, 148.77642,
17.807011, 227.35513, 4.2387521, 179.63581, 148.98258,
17.820101, 227.15092, 3.9177680, 178.43163, 149.18826,
17.833179, 222.32318, 4.1193899, 177.27886, 149.39328,
17.846270, 215.21392, 3.7307098, 176.17413, 149.59798,
17.859341, 213.65968, 4.2156894, 175.11865, 149.80186,
17.872419, 200.11718, 4.3219233, 174.10892, 150.00532,
17.885500, 203.16290, 4.5446798, 173.14417, 150.20827,
17.898569, 203.74463, 4.5979114, 172.22414, 150.41047,
17.911640, 187.39637, 3.8792693, 171.34664, 150.61212,
17.924709, 188.19552, 4.2349561, 170.51079, 150.81315,
17.937780, 195.93830, 7.1880864, 169.71522, 151.01358,
17.941250, 191.61980, 4.3024505, 169.51070, 151.06668,
17.955721, 182.87217, 3.5766070, 168.68706, 151.28766,
17.970181, 180.27113, 3.5998400, 167.91042, 151.50766,
17.984650, 174.10127, 3.9682400, 167.17826, 151.72698,
17.999109, 173.11980, 4.7800468, 166.49019, 151.94531,
18.013571, 167.11618, 4.3473007, 165.84433, 152.16279,
18.028021, 171.01840, 3.6129716, 165.23997, 152.37920,
18.042480, 166.47895, 3.5239224, 164.67498, 152.59482,
18.056931, 164.29415, 3.2851011, 164.14891, 152.80936,
18.071381, 161.77707, 3.1808802, 163.66022, 153.02293,
18.085819, 163.48452, 3.5383774, 163.20813, 153.23533,
18.100269, 159.79250, 3.8817517, 162.79083, 153.44688,
18.114710, 163.49603, 3.8441962, 162.40772, 153.65723,
18.129150, 165.47313, 3.4134513, 162.05681, 153.86651,
18.143579, 162.14468, 3.5209946, 161.73656, 154.07452,
18.158020, 159.68103, 3.3258405, 161.44467, 154.28157,
18.172449, 163.13220, 3.6437396, 161.17987, 154.48729,
18.186880, 162.85120, 3.3932025, 160.94016, 154.69185,
18.201300, 162.63540, 3.3873799, 160.72405, 154.89504,
18.215719, 151.63763, 3.2654470, 160.52966, 155.09699,
18.230150, 151.79465, 3.3393142, 160.35522, 155.29782,
18.244560, 159.19995, 3.5863377, 160.19945, 155.49706,
18.258980, 155.09682, 3.3868897, 160.06038, 155.69510,
18.273390, 159.16153, 3.4657301, 159.93661, 155.89165,
18.287800, 162.82268, 3.4787825, 159.82643, 156.08680,
18.302210, 156.47160, 3.3026337, 159.72829, 156.28053,
18.316620, 160.34795, 3.1675331, 159.64060, 156.47281,
18.331020, 159.14513, 2.8903117, 159.56187, 156.66346,
18.345421, 162.66530, 3.1274797, 159.49049, 156.85260,
18.359819, 161.45227, 3.0997282, 159.42493, 157.04016,
18.374210, 166.11932, 3.6496293, 159.36367, 157.22603,
18.388611, 172.16903, 3.9513780, 159.30513, 157.41040,
18.403000, 154.12845, 3.6081405, 159.24785, 157.59296,
18.417379, 162.42550, 3.3608538, 159.19030, 157.77371,
18.431770, 162.84303, 3.5794850, 159.13089, 157.95288,
18.446150, 153.00930, 3.1651125, 159.06818, 158.13014,
18.460529, 153.91700, 3.2651340, 159.00059, 158.30559,
18.474911, 156.84373, 3.3142821, 158.92661, 158.47923,
18.489281, 159.01448, 4.0213364, 158.84476, 158.65085,
18.503660, 158.51643, 3.3874800, 158.75339, 158.82066,
18.518030, 157.10862, 2.9510326, 158.65192, 158.98845,
18.532391, 165.18130, 2.9084443, 158.54123, 159.15431,
18.546761, 162.58788, 3.0235868, 158.42224, 159.31856,
18.561119, 160.85755, 3.3479099, 158.29614, 159.48105,
18.575480, 167.72687, 3.8391688, 158.16386, 159.64204,
18.589840, 157.69120, 3.6685321, 158.02643, 159.80161,
18.604191, 162.86530, 3.2794734, 157.88498, 159.95974,
18.618549, 164.41155, 3.1453457, 157.74036, 160.11672,
18.632900, 163.86320, 2.9960421, 157.59372, 160.27249,
18.647240, 162.23275, 3.2400010, 157.44611, 160.42709,
18.661591, 165.58192, 3.5571408, 157.29832, 160.58087,
18.675930, 169.41370, 3.6619523, 157.15158, 160.73367,
18.690269, 166.95863, 4.3717228, 157.00678, 160.88573,
18.704611, 180.45813, 4.2009635, 156.86491, 161.03714,
18.718941, 173.85085, 3.9725706, 156.72712, 161.18787,
18.733271, 157.14598, 3.5458385, 156.59429, 161.33812,
18.747601, 169.09655, 3.5193031, 156.46745, 161.48800,
18.761930, 178.05215, 3.7035565, 156.34762, 161.63759,
18.776260, 174.62265, 3.6662805, 156.23583, 161.78698,
18.790581, 178.09100, 3.6286399, 156.13318, 161.93618,
18.804899, 180.37132, 3.6380550, 156.04064, 162.08535,
18.819220, 181.04585, 3.6882282, 155.95924, 162.23462,
18.833530, 186.61818, 3.6731262, 155.89009, 162.38397,
18.847839, 180.16367, 4.8297821, 155.83422, 162.53358,
18.862150, 191.39942, 4.5322900, 155.79268, 162.68356,
18.876459, 189.32203, 4.5453779, 155.76659, 162.83398,
18.890770, 189.75643, 4.5723916, 155.75703, 162.98497,
18.905069, 196.48862, 4.7692792, 155.76512, 163.13648,
18.919371, 188.33842, 3.9066515, 155.79199, 163.28875,
18.933670, 194.35740, 4.8599210, 155.83877, 163.44182,
18.947960, 200.15025, 4.5418450, 155.90659, 163.59571,
18.962250, 187.20063, 4.5417580, 155.99665, 163.75062,
18.976540, 195.42955, 5.3652941, 156.11015, 163.90663,
18.990829, 193.29648, 5.2554564, 156.24832, 164.06384,
19.005119, 189.36650, 4.8781076, 156.41240, 164.22235,
19.019400, 189.28912, 4.3546461, 156.60352, 164.38215,
19.033680, 180.49315, 4.1424081, 156.82307, 164.54344,
19.047960, 183.51007, 4.3003968, 157.07236, 164.70631,
19.062229, 181.26862, 4.7605980, 157.35249, 164.87072,
19.076500, 173.46040, 6.0118124, 157.66507, 165.03694,
19.090771, 168.70280, 5.2563462, 158.01143, 165.20502,
19.105040, 179.96080, 5.5436937, 158.39296, 165.37505,
19.119310, 192.05807, 16.112964, 158.81119, 165.54718,
19.133570, 177.21015, 4.8024218, 159.26720, 165.72134,
19.147829, 162.37490, 5.3357863, 159.76280, 165.89776,
19.162090, 164.67868, 5.3037267, 160.29962, 166.07658,
19.176340, 172.42710, 4.7881838, 160.87870, 166.25772,
19.190599, 160.94627, 5.5577677, 161.50249, 166.44155,
19.204849, 163.14168, 6.0208053, 162.17183, 166.62794,
19.219101, 164.92895, 5.0935998, 162.88890, 166.81712,
19.233339, 165.22465, 4.6306558, 163.65461, 167.00901,
19.247580, 162.83848, 4.3462335, 164.47151, 167.20391,
19.261820, 173.04115, 4.7377616, 165.34130, 167.40191,
19.276060, 163.73143, 6.8750058, 166.26586, 167.60310,
19.290300, 173.65355, 5.4332540, 167.24709, 167.80761,
19.304529, 164.47422, 5.8354980, 168.28610, 168.01536,
19.318760, 167.01570, 7.4588621, 169.38581, 168.22667,
19.332991, 168.98603, 7.8470008, 170.54815, 168.44163,
19.347219, 154.82573, 5.6490345, 171.77506, 168.66030,
19.361441, 153.29303, 7.0198562, 173.06815, 168.88273,
19.375660, 158.92847, 7.3573178, 174.43009, 169.10910,
19.389879, 149.59260, 6.2702632, 175.86335, 169.33957,
19.404100, 170.47824, 6.1474519, 177.37046, 169.57429,
19.418310, 164.11058, 6.5567571, 178.95234, 169.81316,
19.432520, 173.11563, 6.9881627, 180.61265, 170.05647,
