# wave, flux, fluxerr, continuum, continuum_plateau
9.9725246, 141.98675, 3.4131940, 176.32570, 176.15263,
9.9806166, 149.89105, 3.9049612, 174.33485, 174.18985,
9.9887066, 138.13007, 3.0774781, 172.40034, 172.28009,
9.9967957, 150.67293, 3.2220485, 170.52139, 170.42281,
10.004880, 142.17025, 3.2679835, 168.69828, 168.61854,
10.012970, 160.90000, 4.5238928, 166.92816, 166.86466,
10.021050, 153.27348, 4.0587236, 165.21382, 165.16417,
10.029140, 144.83767, 3.6387851, 163.55074, 163.51279,
10.037220, 150.53113, 3.4916803, 161.94255, 161.91433,
10.045300, 149.35968, 3.2508050, 160.38661, 160.36634,
10.053380, 149.03965, 3.0238175, 158.88232, 158.86841,
10.061460, 152.49508, 3.1109361, 157.42961, 157.42064,
10.069540, 154.38040, 3.3817112, 156.02772, 156.02244,
10.077610, 151.65580, 2.8732087, 154.67815, 154.67547,
10.085690, 155.50803, 4.1943739, 153.37717, 153.37615,
10.093760, 151.69230, 3.5939930, 152.12749, 152.12731,
10.101830, 148.76568, 2.9564481, 150.92718, 150.92717,
10.109900, 149.00490, 2.8715540, 149.77579, 149.77539,
10.117970, 150.34562, 2.9160168, 148.67325, 148.67202,
10.126040, 147.41530, 2.8829815, 147.61912, 147.61673,
10.134100, 146.01560, 2.8199237, 146.61437, 146.61059,
10.142170, 146.66060, 2.6525447, 145.65612, 145.65079,
10.150230, 144.01843, 2.9697795, 144.74648, 144.73954,
10.158300, 145.49707, 2.8285162, 143.88303, 143.87449,
10.166360, 144.57210, 2.5772197, 143.06767, 143.05760,
10.174420, 140.93937, 2.9321159, 142.29893, 142.28746,
10.182470, 142.70970, 2.9481501, 141.57760, 141.56491,
10.190530, 140.22202, 2.7822035, 140.90168, 140.88799,
10.198590, 139.41217, 2.6269386, 140.27178, 140.25735,
10.206640, 137.91197, 2.9122668, 139.68855, 139.67365,
10.214690, 137.31985, 2.8311179, 139.15095, 139.13589,
10.222750, 139.92603, 2.7384055, 138.65829, 138.64338,
10.230800, 136.17203, 3.1495972, 138.21160, 138.19715,
10.238850, 140.27180, 3.1248753, 137.81013, 137.79646,
10.246890, 141.06927, 2.9406811, 137.45416, 137.44158,
10.254940, 133.43967, 3.0084770, 137.14276, 137.13154,
10.262990, 134.12168, 3.8519792, 136.87628, 136.86667,
10.271030, 138.36507, 3.7748845, 136.65487, 136.64710,
10.279070, 138.30427, 3.3014333, 136.47815, 136.47240,
10.287120, 130.48000, 3.8010594, 136.34590, 136.34231,
10.295150, 138.63353, 4.0626274, 136.25849, 136.25713,
10.303190, 143.39412, 3.4121147, 136.21550, 136.21639,
10.311230, 134.07305, 3.3442192, 136.21729, 136.22041,
10.319270, 135.52312, 3.2087504, 136.26446, 136.26977,
10.327300, 144.49830, 3.7230627, 136.35746, 136.36492,
10.335340, 137.37227, 3.4914365, 136.49714, 136.50669,
10.343370, 143.71365, 3.5063760, 136.68382, 136.69537,
10.351400, 137.95600, 3.9322854, 136.91825, 136.93166,
10.359430, 142.23963, 4.0298377, 137.20111, 137.21621,
10.367460, 145.03845, 3.3604112, 137.53306, 137.54964,
10.375480, 138.22433, 3.4808315, 137.91427, 137.93204,
10.383510, 139.82708, 4.0926528, 138.34643, 138.36504,
10.391530, 140.99497, 3.7993651, 138.82919, 138.84821,
10.399560, 133.89038, 3.0252871, 139.36442, 139.38335,
10.407580, 139.03872, 2.8668595, 139.95159, 139.96981,
10.415600, 138.27425, 3.0250751, 140.59197, 140.60880,
10.423620, 137.88107, 3.0939179, 141.28650, 141.30111,
10.431640, 137.45662, 2.8198527, 142.03579, 142.04725,
10.439650, 138.68310, 2.8207148, 142.83973, 142.84697,
10.447670, 141.95310, 2.8261804, 143.70115, 143.70297,
10.455680, 150.13805, 2.8640666, 144.61847, 144.61355,
10.463700, 149.17895, 2.7278547, 145.59322, 145.58029,
10.471710, 144.52850, 2.8513311, 146.62111, 146.59909,
10.479720, 145.21893, 2.8319346, 147.70162, 147.66960,
10.487730, 150.13090, 2.8147432, 148.83304, 148.79024,
10.495730, 150.71355, 2.7977162, 150.01220, 149.95803,
10.503740, 153.70210, 3.7693052, 151.24022, 151.17419,
10.511750, 163.19250, 4.0792654, 152.51404, 152.43581,
10.519750, 160.22583, 3.3373977, 153.83023, 153.73959,
10.527750, 160.10592, 3.5384455, 155.18893, 155.08579,
10.535750, 159.12020, 3.9300235, 156.58834, 156.47270,
10.543750, 157.90208, 4.4555490, 158.02665, 157.89863,
10.551750, 163.41535, 4.3894075, 159.50259, 159.36240,
10.559750, 164.84340, 5.9842200, 161.01418, 160.86212,
10.567850, 176.24965, 9.6304802, 162.57973, 162.41606,
10.576350, 172.75373, 3.1735815, 164.25844, 164.08310,
10.584840, 189.69315, 3.2254740, 165.96994, 165.78354,
10.593340, 193.39265, 2.9398110, 167.71655, 167.51980,
10.601830, 185.54790, 2.8721109, 169.49210, 169.28578,
10.610330, 186.24897, 3.0777199, 171.29910, 171.08404,
10.618820, 188.93193, 3.0377035, 173.13144, 172.90857,
10.627310, 192.75348, 2.8461534, 174.98907, 174.75937,
10.635800, 188.63035, 2.8736037, 176.87058, 176.63507,
10.644280, 195.22478, 3.1626472, 178.77156, 178.53131,
10.652770, 193.46482, 3.1067144, 180.69467, 180.45081,
10.661250, 199.00008, 2.8804604, 182.63377, 182.38747,
10.669740, 198.38078, 3.1342896, 184.59141, 184.34389,
10.678220, 191.94850, 3.2402169, 186.56140, 186.31389,
10.686700, 200.46273, 3.2132459, 188.54412, 188.29791,
10.695180, 207.91542, 3.2639883, 190.53777, 190.29418,
10.703650, 207.06935, 3.3901915, 192.53832, 192.29868,
10.712130, 216.76245, 3.3805324, 194.54825, 194.31395,
10.720600, 219.27382, 3.1911664, 196.56172, 196.33414,
10.729080, 221.71600, 3.3295981, 198.58124, 198.36183,
10.737550, 228.24317, 3.3512212, 200.60027, 200.39047,
10.746020, 222.09478, 3.4942520, 202.61975, 202.42106,
10.754490, 227.28070, 3.2014100, 204.63747, 204.45138,
10.762960, 221.84007, 3.3360634, 206.65209, 206.48014,
10.771420, 224.67782, 3.7052441, 208.65889, 208.50263,
10.779890, 233.07902, 3.4704528, 210.66154, 210.52258,
10.788350, 222.67210, 3.2926048, 212.65306, 212.53301,
10.796810, 221.33963, 3.7836501, 214.63417, 214.53467,
10.805270, 229.61288, 3.5814605, 216.60309, 216.52583,
10.813730, 218.64605, 3.3132098, 218.55802, 218.50473,
10.822190, 223.50485, 3.3201940, 220.49718, 220.46963,
10.830650, 224.91717, 3.8137485, 222.41878, 222.41878,
10.839100, 215.89095, 4.0456406, 224.31902, 224.34835,
10.847560, 229.13488, 3.4305567, 226.20252, 226.26294,
10.856010, 227.44780, 3.4417594, 228.06510, 228.15813,
10.864460, 236.66310, 3.8334284, 229.90892, 230.03601,
10.872910, 246.15554, 4.2579193, 231.73444, 231.89691,
10.881360, 254.51033, 3.8414395, 233.54211, 233.74113,
10.889800, 258.98417, 4.0787743, 235.32973, 235.56634,
10.898250, 258.98977, 4.4579738, 237.10179, 237.37696,
10.906690, 270.57637, 5.9901385, 238.85451, 239.16903,
10.915140, 277.38078, 4.3791521, 240.59225, 240.94688,
10.923580, 300.56041, 5.0487936, 242.31093, 242.70623,
10.932020, 307.18472, 5.7060280, 244.01290, 244.44938,
10.940460, 307.61497, 5.5244419, 245.69838, 246.17643,
10.948890, 305.70918, 5.7093959, 247.36550, 247.88537,
10.957330, 317.48650, 5.1161029, 249.01860, 249.58053,
10.965760, 355.92558, 5.2285369, 250.65393, 251.25800,
10.974200, 388.79121, 4.7915096, 252.27539, 252.92166,
10.982630, 439.30360, 4.6670278, 253.87929, 254.56765,
10.991060, 477.63313, 4.6862305, 255.46803, 256.19832,
10.999490, 478.71304, 5.3959465, 257.04141, 257.81338,
11.007920, 478.36842, 5.5649274, 258.59994, 259.41330,
11.016340, 471.33878, 4.8423140, 260.14169, 260.99600,
11.024770, 463.85798, 4.3561319, 261.67049, 262.56532,
11.033190, 462.95790, 6.0897519, 263.18303, 264.11781,
11.041610, 452.00948, 4.7615304, 264.68118, 265.65531,
11.050030, 444.36110, 9.7672056, 266.16509, 267.17791,
11.058450, 426.68546, 26.462925, 267.63490, 268.68567,
11.066870, 420.21820, 4.8842130, 269.09074, 270.17866,
11.075290, 425.12622, 4.9648887, 270.53272, 271.65696,
11.083700, 422.43578, 5.2324876, 271.95938, 273.11898,
11.092120, 429.39455, 5.2291878, 273.37405, 274.56811,
11.100530, 442.42699, 5.8773190, 274.77350, 276.00095,
11.108940, 451.40644, 5.6142641, 276.15975, 277.41956,
11.117350, 458.86065, 7.2554345, 277.53261, 278.82367,
11.120570, 498.58984, 5.3661802, 278.05489, 279.35760,
11.129530, 512.35513, 5.1386057, 279.49779, 280.83206,
11.138500, 556.01413, 5.2549253, 280.92761, 282.29209,
11.147460, 613.70392, 5.6627556, 282.34110, 283.73435,
11.156430, 723.49896, 6.2404510, 283.74169, 285.16228,
11.165390, 843.40016, 6.3230586, 285.12620, 286.57260,
11.174350, 1009.3126, 6.7683744, 286.49637, 287.96705,
11.183300, 1212.9670, 7.7252175, 287.85086, 289.34422,
11.192260, 1410.6300, 8.3247921, 289.19265, 290.70711,
11.201220, 1538.5692, 8.2451328, 290.52037, 292.05429,
11.210170, 1587.8035, 8.3202353, 291.83269, 293.38440,
11.219120, 1600.4402, 8.7914531, 293.13112, 294.69894,
11.228070, 1604.1898, 8.8763003, 294.41573, 295.99794,
11.237020, 1603.0833, 8.5551014, 295.68644, 297.28132,
11.245970, 1594.9933, 8.4292530, 296.94357, 298.54939,
11.254920, 1569.9315, 8.6272458, 298.18706, 299.80205,
11.263860, 1536.9213, 8.5056013, 299.41550, 301.03791,
11.272800, 1496.8125, 8.0355562, 300.63055, 302.25859,
11.281750, 1450.4755, 8.1057640, 301.83326, 303.46516,
11.290690, 1373.7097, 8.1375499, 303.02135, 304.65532,
11.299630, 1305.2142, 7.9011786, 304.19589, 305.83015,
11.308560, 1243.8930, 7.5050915, 305.35580, 306.98858,
11.317500, 1187.5247, 7.4289719, 306.50359, 308.13309,
11.326430, 1123.6637, 7.5610328, 307.63681, 309.26128,
11.335370, 1061.4523, 7.1601842, 308.75790, 310.37557,
11.344300, 1007.5084, 6.7276373, 309.86448, 311.47361,
11.353230, 964.13383, 6.5895686, 310.95775, 312.55660,
11.362160, 925.65961, 6.7456960, 312.03759, 313.62445,
11.371080, 882.28310, 6.4320197, 313.10311, 314.67628,
11.380010, 837.45483, 6.0849657, 314.15633, 315.71413,
11.388930, 812.09641, 6.0566068, 315.19522, 316.73601,
11.397850, 773.38599, 8.6744378, 316.22067, 317.74282,
11.406780, 749.32042, 8.6137215, 317.23395, 318.73584,
11.415700, 715.34576, 9.1389005, 318.23265, 319.71274,
11.424610, 690.32953, 5.7357873, 319.21689, 320.67367,
11.433530, 679.56720, 6.0471033, 320.18873, 321.62068,
11.442450, 654.56400, 5.9154528, 321.14708, 322.55273,
11.451360, 621.07600, 5.3311282, 322.09088, 323.46886,
11.460270, 599.83024, 5.3954705, 323.02112, 324.37005,
11.469180, 580.78467, 5.5236941, 323.93774, 325.25629,
11.478090, 564.98933, 5.6055136, 324.84068, 326.12757,
11.487000, 543.55138, 5.1825800, 325.72987, 326.98388,
11.495910, 527.78925, 5.2465961, 326.60515, 327.82512,
11.504810, 512.63823, 5.3585751, 327.46572, 328.65056,
11.513710, 500.80881, 5.4482028, 328.31226, 329.46093,
11.522620, 487.90393, 5.1493045, 329.14576, 330.25721,
11.531520, 476.26882, 5.1975375, 329.96415, 331.03751,
11.540420, 470.29288, 5.4651776, 330.76834, 331.80274,
11.549310, 468.47495, 5.4656426, 331.55740, 332.55209,
11.558210, 453.99007, 5.2598307, 332.33299, 333.28721,
11.567100, 450.71910, 6.1850523, 333.09309, 334.00626,
11.576000, 442.06755, 5.5864611, 333.83956, 334.71105,
11.584890, 422.50340, 5.5518078, 334.57043, 335.39982,
11.593780, 418.31887, 5.5253714, 335.28639, 336.07329,
11.602670, 403.46640, 5.5660532, 335.98748, 336.73156,
11.611560, 396.42525, 5.8316855, 336.67347, 337.37452,
11.620440, 388.49120, 5.7795836, 337.34346, 338.00139,
11.629330, 382.49245, 5.8073198, 337.99887, 338.61361,
11.638210, 371.91218, 5.5917230, 338.63809, 339.20976,
11.647090, 362.47598, 6.1330875, 339.26161, 339.79037,
11.655970, 361.02878, 6.7301334, 339.86934, 340.35547,
11.664850, 365.15987, 5.0361264, 340.46118, 340.90506,
11.673730, 354.91300, 3.8205956, 341.03684, 341.43896,
11.682600, 361.28739, 4.2627048, 341.59561, 341.95663,
11.691480, 358.71160, 4.4860081, 342.13852, 342.45912,
11.700350, 355.53577, 4.3336640, 342.66421, 342.94528,
11.709220, 356.50433, 4.4355876, 343.17309, 343.41561,
11.718090, 357.66182, 4.7220760, 343.66497, 343.87003,
11.726960, 355.03367, 4.9750826, 344.13964, 344.30848,
11.735830, 349.63651, 4.7674962, 344.59690, 344.73088,
11.744690, 352.80678, 5.6669503, 345.03602, 345.13669,
11.753560, 353.05925, 4.7939194, 345.45782, 345.52679,
11.762420, 344.34232, 4.8262160, 345.86109, 345.90019,
11.771280, 354.66537, 7.1133507, 346.24615, 346.25732,
11.775020, 343.34190, 4.2974788, 346.40311, 346.40311,
11.784500, 343.58456, 4.4112724, 346.78629, 346.75968,
11.793980, 346.08143, 4.3724513, 347.14845, 347.09757,
11.803460, 357.60983, 4.6738977, 347.48997, 347.41703,
11.812940, 349.59827, 4.0986919, 347.81107, 347.71817,
11.822420, 353.46188, 4.2809152, 348.11211, 348.00121,
11.831890, 357.14963, 4.2682569, 348.39302, 348.26601,
11.841360, 360.91757, 5.0300408, 348.65443, 348.51304,
11.850840, 367.21547, 4.1318514, 348.89683, 348.74270,
11.860310, 378.70948, 4.3338621, 349.11998, 348.95467,
11.869770, 378.43166, 4.3241991, 349.32419, 349.14917,
11.879240, 386.28829, 4.1992444, 349.51012, 349.32672,
11.888710, 385.20742, 4.0655641, 349.67777, 349.48729,
11.898170, 387.30237, 4.2066614, 349.82724, 349.63087,
11.907630, 392.85278, 4.3546220, 349.95891, 349.75776,
11.917090, 393.94777, 4.2925201, 350.07302, 349.86814,
11.926550, 392.17013, 4.4498197, 350.16975, 349.96212,
11.936010, 396.90000, 4.1209045, 350.24932, 350.03985,
11.945470, 406.97006, 4.2586965, 350.31190, 350.10144,
11.954920, 408.58398, 4.1856482, 350.35766, 350.14701,
11.964370, 410.62020, 5.0671268, 350.38683, 350.17674,
11.973830, 409.10488, 4.0861984, 350.39960, 350.19078,
11.983280, 415.11964, 4.2210305, 350.39611, 350.18920,
11.992720, 415.96320, 4.1752329, 350.37657, 350.17218,
12.002170, 412.77225, 4.0594212, 350.34109, 350.13981,
12.011610, 405.79687, 4.0250543, 350.28990, 350.09225,
12.021060, 399.28455, 4.1519928, 350.22302, 350.02954,
12.030500, 401.34483, 4.2386389, 350.14072, 349.95191,
12.039940, 402.28650, 4.0941607, 350.04310, 349.85941,
12.049380, 390.93613, 3.9573706, 349.93025, 349.75214,
12.058820, 386.53305, 4.1003554, 349.80232, 349.63022,
12.068250, 392.15030, 4.2038869, 349.65955, 349.49390,
12.077690, 390.03820, 4.1195280, 349.50175, 349.34296,
12.087120, 382.10372, 3.9769474, 349.32936, 349.17786,
12.096550, 379.58517, 4.1158954, 349.14233, 348.99852,
12.105980, 376.81945, 4.2124139, 348.94073, 348.80504,
12.115410, 368.00187, 4.1170835, 348.72465, 348.59750,
12.124830, 365.26906, 4.0869332, 348.49440, 348.37622,
12.134260, 367.27303, 4.1336804, 348.24960, 348.14085,
12.143680, 366.09676, 4.2842305, 347.99084, 347.89197,
12.153100, 363.74620, 4.3602355, 347.71788, 347.62938,
12.162520, 374.12682, 4.6951416, 347.43080, 347.35318,
12.171940, 353.84512, 4.2240975, 347.12969, 347.06348,
12.181360, 361.58505, 4.3781390, 346.81453, 346.76030,
12.190770, 359.93360, 4.5109821, 346.48576, 346.44410,
12.200180, 347.25279, 4.2868215, 346.14308, 346.11462,
12.209600, 340.28265, 4.2466402, 345.78612, 345.77153,
12.219010, 344.23398, 4.4868356, 345.41568, 345.41568,
12.228420, 345.00785, 4.5953288, 345.03145, 345.04678,
12.237820, 350.30115, 4.5905366, 344.63411, 344.66541,
12.247230, 359.33842, 4.5991826, 344.22303, 344.27092,
12.256630, 363.28415, 4.9274307, 343.79934, 343.86432,
12.266040, 442.96593, 5.6721523, 343.36246, 343.44498,
12.275440, 884.82019, 7.8978569, 342.91350, 343.01392,
12.284840, 835.64799, 7.3530597, 342.45234, 342.57094,
12.294230, 449.90099, 5.6115775, 341.97961, 342.11660,
12.303630, 377.67013, 6.5711612, 341.49467, 341.65024,
12.313030, 386.65880, 5.7527959, 340.99815, 341.17239,
12.322420, 376.66980, 6.2264525, 340.49088, 340.68382,
12.331810, 384.26320, 4.4776840, 339.97255, 340.18418,
12.341200, 388.62235, 3.7464754, 339.44338, 339.67362,
12.350590, 393.36523, 3.8413960, 338.90358, 339.15231,
12.359980, 399.81373, 4.0820922, 338.35336, 338.62042,
12.369360, 402.45110, 4.1249852, 337.79351, 338.07866,
12.378750, 408.03408, 4.2270560, 337.22309, 337.52610,
12.388130, 406.77641, 4.2185307, 336.64345, 336.96400,
12.397510, 405.76960, 4.4040617, 336.05430, 336.39203,
12.406890, 405.54295, 4.1841521, 335.45568, 335.81023,
12.416270, 417.97044, 4.2536021, 334.84786, 335.21881,
12.425640, 415.89224, 4.1331718, 334.23172, 334.61860,
12.435020, 420.81400, 4.7320166, 333.60604, 334.00840,
12.444390, 428.68370, 4.7017018, 332.97243, 333.38972,
12.453760, 431.02417, 4.5485150, 332.33034, 332.76205,
12.463130, 432.67332, 4.9466216, 331.67996, 332.12551,
12.472500, 441.56388, 5.1508792, 331.02146, 331.48027,
12.481870, 451.82248, 6.2132161, 330.35499, 330.82645,
12.489420, 451.68527, 4.8947466, 329.81227, 330.29346,
12.499490, 465.44175, 5.5083812, 329.08070, 329.57423,
12.509550, 490.98974, 4.9107788, 328.34118, 328.84625,
12.519610, 486.54028, 4.7469449, 327.59319, 328.10903,
12.529670, 489.46815, 4.7299677, 326.83702, 327.36282,
12.539730, 497.24294, 4.9237201, 326.07269, 326.60763,
12.549780, 504.77428, 5.3468875, 325.30126, 325.84450,
12.559840, 509.58722, 4.7764838, 324.52130, 325.07201,
12.569890, 522.61030, 4.7400896, 323.73462, 324.29192,
12.579940, 521.01995, 4.8693642, 322.94057, 323.50361,
12.589990, 541.01125, 4.9684579, 322.13931, 322.70722,
12.600040, 550.83813, 4.8922097, 321.33094, 321.90285,
12.610090, 563.67822, 4.8145008, 320.51577, 321.09079,
12.620130, 578.71025, 5.5456838, 319.69474, 320.27200,
12.630170, 575.31821, 4.9859940, 318.86708, 319.44570,
12.640210, 583.61150, 5.0212852, 318.03302, 318.61212,
12.650250, 584.27699, 4.8432833, 317.19270, 317.77142,
12.660290, 584.42911, 4.7838531, 316.34636, 316.92382,
12.670330, 591.68600, 4.8707336, 315.49396, 316.06932,
12.680360, 610.92239, 5.0415273, 314.63665, 315.20904,
12.690390, 638.81500, 4.9709093, 313.77366, 314.34224,
12.700420, 650.34602, 4.9354124, 312.90505, 313.46899,
12.710450, 666.91324, 5.0213701, 312.03111, 312.58959,
12.720480, 678.82925, 5.2656935, 311.15190, 311.70411,
12.730500, 675.07159, 5.6830948, 310.26839, 310.81354,
12.740530, 680.31729, 5.0205472, 309.37902, 309.91632,
12.750550, 663.33784, 4.8617287, 308.48560, 309.01430,
12.760570, 655.48300, 5.0075218, 307.58750, 308.10686,
12.770590, 659.09067, 5.0195700, 306.68466, 307.19395,
12.780610, 658.43462, 4.9974101, 305.77730, 306.27581,
12.790620, 643.56972, 5.2449890, 304.86648, 305.35353,
12.800640, 620.34163, 4.8260708, 303.95041, 304.42533,
12.810650, 622.93132, 4.9007612, 303.03112, 303.49328,
12.820660, 603.79544, 4.8494602, 302.10775, 302.55653,
12.830670, 555.60188, 4.5190872, 301.18034, 301.61514,
12.840680, 528.11949, 4.4579013, 300.24915, 300.66942,
12.850680, 495.47559, 4.4059162, 299.31511, 299.72030,
12.860690, 468.84900, 4.5143438, 298.37653, 298.76612,
12.870690, 442.79164, 4.1943120, 297.43530, 297.80883,
12.880690, 419.06087, 4.0441545, 296.49072, 296.84772,
12.890690, 397.29808, 4.0455456, 295.54271, 295.88275,
12.900680, 372.28248, 4.0307014, 294.59245, 294.91516,
12.910680, 366.10745, 3.9793394, 293.63805, 293.94303,
12.920670, 348.58553, 3.8122225, 292.68159, 292.96853,
12.930670, 337.82983, 3.8006357, 291.72117, 291.98975,
12.940660, 334.86185, 3.9608164, 290.75879, 291.00876,
12.950640, 325.93175, 3.9395967, 289.79475, 290.02589,
12.960630, 310.33548, 3.7917796, 288.82691, 289.03900,
12.970620, 319.83352, 3.8482927, 287.85656, 288.04944,
12.980600, 310.80835, 4.0266694, 286.88463, 287.05819,
12.990580, 299.34260, 4.0860645, 285.91037, 286.06451,
13.000560, 295.87465, 3.9174681, 284.93368, 285.06834,
13.010540, 291.16612, 3.9354778, 283.95473, 284.06989,
13.020520, 291.02971, 3.9339644, 282.97360, 283.06928,
13.030490, 285.49547, 4.3095723, 281.99142, 282.06770,
13.040470, 280.59767, 4.3178263, 281.00619, 281.06314,
13.050440, 279.29703, 4.4635179, 280.02007, 280.05785,
13.060410, 279.84915, 4.5472651, 279.03209, 279.05087,
13.070380, 279.01618, 4.3310861, 278.04225, 278.04225,
13.080350, 277.25700, 4.6895797, 277.05082, 277.03229,
13.090310, 274.79188, 4.8888331, 276.05879, 276.02201,
13.100280, 279.35887, 4.6962744, 275.06442, 275.00966,
13.110240, 280.04496, 4.5295227, 274.06975, 273.99731,
13.120200, 276.12070, 4.6223948, 273.07398, 272.98417,
13.130160, 277.60402, 4.8591028, 272.07727, 271.97038,
13.140110, 276.80380, 3.9005146, 271.08080, 270.95719,
13.150070, 274.56782, 3.1229401, 270.08263, 269.94261,
13.160020, 274.77800, 3.2468396, 269.08500, 268.92895,
13.169980, 266.23679, 3.4760864, 268.08595, 267.91421,
13.179930, 267.81255, 3.5274485, 267.08774, 266.90070,
13.189870, 273.80558, 3.7139858, 266.09041, 265.88847,
13.199820, 272.09165, 3.5438260, 265.09220, 264.87575,
13.209770, 262.54642, 3.6673925, 264.09411, 263.86357,
13.219710, 260.53085, 3.3727034, 263.09744, 262.85325,
13.229650, 259.28951, 3.6358688, 262.10138, 261.84398,
13.239590, 259.35810, 3.7938758, 261.10587, 260.83572,
13.249530, 260.63453, 3.5987814, 260.11116, 259.82872,
13.259470, 254.48240, 4.2799237, 259.11741, 258.82316,
13.269410, 261.76353, 3.9151608, 258.12474, 257.81918,
13.279340, 261.37125, 4.0797707, 257.13436, 256.81801,
13.289270, 257.23410, 4.2632910, 256.14528, 255.81864,
13.299200, 262.42476, 4.1567218, 255.15781, 254.82143,
13.309130, 263.21083, 5.2623609, 254.17204, 253.82645,
13.318260, 261.98635, 3.4661922, 253.26721, 252.91365,
13.328980, 262.99752, 3.3394783, 252.20697, 251.84465,
13.339690, 252.89431, 3.4242295, 251.15024, 250.77984,
13.350400, 255.57330, 3.5097390, 250.09619, 249.71839,
13.361120, 262.32902, 3.5157432, 249.04396, 248.65946,
13.371830, 258.50510, 3.1891216, 247.99582, 247.60532,
13.382530, 257.31368, 3.1560971, 246.95186, 246.55609,
13.393240, 257.07648, 3.3435076, 245.91041, 245.51008,
13.403940, 265.30841, 3.3386801, 244.87352, 244.46938,
13.414650, 268.40915, 3.8430475, 243.83954, 243.43233,
13.425350, 262.48058, 3.1526807, 242.81053, 242.40100,
13.436050, 265.65025, 3.1707481, 241.78575, 241.37465,
13.446740, 265.87555, 3.3227870, 240.76641, 240.35451,
13.457440, 274.28748, 3.3658253, 239.75071, 239.33878,
13.468130, 279.53815, 3.2382452, 238.74087, 238.32966,
13.478830, 279.82625, 3.1822568, 237.73510, 237.32539,
13.489520, 280.77218, 3.1815591, 236.73559, 236.32814,
13.500200, 282.69157, 3.3195814, 235.74245, 235.33803,
13.510890, 281.86956, 3.2734561, 234.75413, 234.35351,
13.521570, 290.54362, 3.2732106, 233.77262, 233.37654,
13.532260, 307.62142, 3.2914825, 232.79638, 232.40560,
13.542940, 307.97928, 3.3581719, 231.82738, 231.44265,
13.553620, 300.20480, 3.4330079, 230.86498, 230.48703,
13.564290, 293.91998, 3.3776857, 229.91035, 229.53990,
13.574970, 290.10472, 3.4692811, 228.96185, 228.59961,
13.585640, 283.32702, 5.3204754, 228.02157, 227.66824,
13.596320, 291.89588, 3.3300006, 227.08792, 226.74418,
13.606990, 279.51896, 3.3380142, 226.16298, 225.82947,
13.617650, 272.60233, 4.0663583, 225.24688, 224.92424,
13.628320, 265.36942, 3.1855285, 224.33824, 224.02710,
13.638980, 270.41403, 3.2477403, 223.43895, 223.13988,
13.649650, 249.66115, 7.1063388, 222.54766, 222.26124,
13.660310, 258.72810, 4.6865796, 221.66623, 221.39297,
13.670970, 252.57710, 5.7809308, 220.79413, 220.53452,
13.681630, 249.57052, 4.5320303, 219.93163, 219.68615,
13.692280, 239.67768, 5.6756751, 219.07984, 218.84889,
13.702940, 239.18670, 3.1136547, 218.23738, 218.02136,
13.713590, 234.21217, 3.1476606, 217.40618, 217.20542,
13.724240, 228.65471, 3.0597344, 216.58564, 216.40042,
13.734890, 230.63247, 3.1328559, 215.77619, 215.60677,
13.745530, 226.27458, 2.9810564, 214.97879, 214.82533,
13.756180, 215.68353, 2.9782642, 214.19230, 214.05495,
13.766820, 217.20285, 3.0678391, 213.41846, 213.29728,
13.777460, 221.60227, 3.0575602, 212.65686, 212.55187,
13.788100, 208.62075, 2.8741614, 211.90784, 211.81898,
13.798740, 206.76952, 2.8877706, 211.17174, 211.09887,
13.809380, 209.12367, 3.1256933, 210.44894, 210.39188,
13.820010, 205.98642, 3.2006349, 209.74030, 209.69875,
13.830640, 213.01838, 3.0935220, 209.04564, 209.01924,
13.841270, 211.44510, 3.1597289, 208.36518, 208.35350,
13.851900, 205.41680, 3.2088981, 207.69943, 207.70192,
13.862530, 204.54845, 3.9396252, 207.04846, 207.06454,
13.873150, 204.03458, 3.5259114, 206.41251, 206.44162,
13.883780, 206.38392, 3.2536087, 205.79002, 205.83167,
13.894400, 209.44818, 3.2650881, 205.18170, 205.23543,
13.905020, 206.06822, 3.4188633, 204.58661, 204.65200,
13.915640, 206.89552, 3.5118342, 204.00435, 204.08102,
13.926250, 211.18238, 3.6284337, 203.43505, 203.52264,
13.936870, 210.63655, 9.5813356, 202.87736, 202.97556,
13.947480, 210.33630, 4.0303706, 202.33181, 202.44031,
13.958090, 217.08572, 3.5363411, 201.79763, 201.91616,
13.968700, 223.45332, 3.7682072, 201.27437, 201.40267,
13.979310, 214.24965, 3.7409670, 200.76176, 200.89959,
13.989910, 212.15510, 3.8992110, 200.25987, 200.40699,
14.000520, 207.71810, 3.8876757, 199.76744, 199.92364,
14.011120, 209.87513, 3.7823630, 199.28503, 199.45007,
14.021720, 210.42410, 4.5490552, 198.81186, 198.98554,
14.032320, 212.27135, 4.5683504, 198.34759, 198.52969,
14.042920, 208.92135, 4.2115539, 197.89191, 198.08222,
14.053510, 212.21407, 4.5518039, 197.44494, 197.64322,
14.064110, 211.56842, 4.4096442, 197.00547, 197.21150,
14.074700, 204.11838, 4.3760482, 196.57402, 196.78756,
14.085290, 199.98425, 4.9097668, 196.14993, 196.37073,
14.095870, 209.25973, 3.9274513, 195.73324, 195.96102,
14.106460, 210.87305, 3.1638666, 195.32287, 195.55737,
14.117040, 206.42662, 2.8787656, 194.91929, 195.16019,
14.127630, 205.38237, 3.2648142, 194.52143, 194.76842,
14.138210, 210.88607, 3.3877138, 194.12980, 194.38253,
14.148790, 212.54345, 3.2711511, 193.74370, 194.00181,
14.159370, 215.18155, 3.5326216, 193.36285, 193.62596,
14.169940, 220.47903, 3.9526517, 192.98735, 193.25502,
14.180520, 232.43607, 6.0748774, 192.61616, 192.88796,
14.182090, 228.56220, 3.3912065, 192.56147, 192.83384,
14.193560, 231.66405, 3.3193010, 192.16473, 192.44095,
14.205030, 232.77240, 3.3518115, 191.77274, 192.05222,
14.216500, 239.91410, 3.5857506, 191.38523, 191.66731,
14.227970, 238.38402, 3.4318485, 191.00182, 191.28582,
14.239430, 234.81875, 3.4263600, 190.62247, 190.90765,
14.250890, 224.88957, 3.1799065, 190.24657, 190.53215,
14.262350, 219.48535, 3.3063041, 189.87371, 190.15886,
14.273810, 218.33287, 3.4438718, 189.50358, 189.78743,
14.285270, 212.39975, 3.3166867, 189.13588, 189.41750,
14.296730, 215.13385, 3.2062229, 188.77022, 189.04863,
14.308180, 209.83027, 3.0664912, 188.40663, 188.68081,
14.319630, 202.20375, 3.0285194, 188.04444, 188.31330,
14.331080, 194.92363, 3.1869722, 187.68329, 187.94571,
14.342530, 199.37195, 3.0194452, 187.32291, 187.57770,
14.353970, 200.85535, 3.0294505, 186.96328, 187.20920,
14.365410, 199.36300, 2.8524064, 186.60371, 186.83947,
14.376860, 200.20692, 3.0761682, 186.24360, 186.46783,
14.388300, 189.12270, 2.8584311, 185.88322, 186.09453,
14.399730, 187.67993, 2.7507905, 185.52228, 185.71922,
14.411170, 183.61360, 2.5686021, 185.15978, 185.34083,
14.422600, 186.96257, 2.6128579, 184.79606, 184.95967,
14.434030, 184.28548, 2.5833099, 184.43047, 184.57501,
14.445460, 186.19630, 2.8191366, 184.06264, 184.18642,
14.456890, 180.49720, 2.6151885, 183.69229, 183.79360,
14.468320, 183.01973, 2.5747064, 183.31908, 183.39612,
14.479740, 183.39567, 2.5220761, 182.94298, 182.99393,
14.491160, 183.85355, 2.5285240, 182.56334, 182.58632,
14.502580, 181.45967, 2.6396869, 182.17986, 182.17293,
14.514000, 179.35128, 2.6675746, 181.79230, 181.75356,
14.525420, 182.90115, 3.5856472, 181.40087, 181.32866,
14.536830, 178.05917, 2.4719322, 181.00613, 180.89908,
14.548240, 176.38977, 2.6294741, 180.60794, 180.46491,
14.559650, 175.42068, 3.1924919, 180.20646, 180.02658,
14.571060, 179.02798, 2.7172521, 179.80196, 179.58463,
14.582470, 174.55162, 3.2793183, 179.39462, 179.13947,
14.593870, 175.15482, 2.9239367, 178.98496, 178.69197,
14.605270, 179.47320, 2.7923201, 178.57285, 178.24219,
14.616670, 170.71790, 2.6074476, 178.15853, 177.79065,
14.628070, 177.89722, 3.0463258, 177.74210, 177.33773,
14.639470, 174.10557, 2.9810599, 177.32381, 176.88393,
14.650860, 172.53140, 2.5188146, 176.90423, 176.43013,
14.662260, 171.75275, 2.5695773, 176.48278, 175.97594,
14.673650, 168.76620, 2.6431479, 176.06042, 175.52268,
14.685040, 168.47198, 2.5696678, 175.63692, 175.07033,
14.696420, 168.58228, 2.9653852, 175.21293, 174.61985,
14.707810, 166.80115, 2.5015322, 174.78779, 174.17080,
14.719190, 171.82370, 2.4814434, 174.36253, 173.72453,
14.730570, 165.51330, 2.5448159, 173.93688, 173.28101,
14.741950, 166.62098, 2.6133367, 173.51107, 172.84075,
14.753330, 164.31085, 2.5654154, 173.08527, 172.40421,
14.764700, 169.53088, 2.7309219, 172.66008, 171.97224,
14.776080, 164.88253, 2.5057331, 172.23488, 171.54450,
14.787450, 168.26280, 2.6799908, 171.81065, 171.12226,
14.798820, 163.09550, 2.8856894, 171.38718, 170.70557,
14.810190, 166.22830, 2.7161995, 170.96463, 170.29487,
14.821550, 169.97397, 2.7783245, 170.54361, 169.89103,
14.832920, 164.19192, 2.7610465, 170.12356, 169.49380,
14.844280, 168.97493, 2.7286507, 169.70537, 169.10431,
14.855640, 168.67870, 2.9450287, 169.28888, 168.72271,
14.866990, 165.01235, 2.9843949, 168.87467, 168.34981,
14.878350, 168.61443, 3.1287096, 168.46215, 167.98538,
14.889710, 163.91750, 3.0991078, 168.05191, 167.63025,
14.901060, 164.77628, 3.0435344, 167.64452, 167.28521,
14.912410, 163.05735, 3.1601976, 167.23978, 166.95041,
14.923760, 162.30695, 3.3584816, 166.83785, 166.62630,
14.935100, 163.61732, 3.6075601, 166.43939, 166.31370,
14.946450, 165.47100, 3.3862792, 166.04376, 166.01247,
14.957790, 167.32198, 3.3959708, 165.65205, 165.72362,
14.969130, 169.65273, 3.4031273, 165.26529, 165.44684,
14.980470, 166.27292, 3.8219150, 164.88546, 165.18170,
14.991810, 173.28570, 3.6965828, 164.51463, 164.92785,
15.003140, 173.41818, 3.8365010, 164.15515, 164.68512,
15.014480, 170.69310, 3.5017099, 163.80852, 164.45275,
15.025810, 166.92252, 3.7428147, 163.47731, 164.23071,
15.037140, 173.25627, 4.0659506, 163.16337, 164.01850,
15.048460, 172.44460, 4.1873400, 162.86896, 163.81588,
15.059790, 168.99040, 4.1859296, 162.59570, 163.62217,
15.071110, 168.23438, 3.8979512, 162.34614, 163.43732,
15.082440, 166.66992, 3.3411244, 162.12194, 163.26065,
15.093750, 162.37085, 2.6162921, 161.92583, 163.09230,
15.105070, 162.00242, 2.4807366, 161.75935, 162.93142,
15.116390, 169.87977, 2.7770709, 161.62485, 162.77783,
15.127700, 163.68155, 2.7099982, 161.52459, 162.63132,
15.139020, 167.52248, 2.8800554, 161.46056, 162.49125,
15.150330, 164.88575, 2.8694757, 161.43510, 162.35755,
15.162390, 159.76308, 3.4437142, 161.45284, 162.22146,
15.174730, 155.35360, 3.0851085, 161.52177, 162.08871,
15.187070, 163.35420, 3.2329971, 161.64496, 161.96210,
15.199410, 159.89328, 3.7103953, 161.82543, 161.84117,
15.211740, 161.19147, 3.4265865, 162.06507, 161.72565,
15.224080, 168.79707, 3.2466868, 162.36251, 161.61518,
15.236410, 167.24272, 3.1578154, 162.71428, 161.50986,
15.248740, 173.53725, 3.2614094, 163.11772, 161.40951,
15.261060, 177.10702, 3.4130577, 163.56954, 161.31415,
15.273390, 176.01253, 3.6774702, 164.06768, 161.22351,
15.285710, 172.93448, 3.9907907, 164.60853, 161.13768,
15.298030, 168.48902, 3.1630119, 165.18965, 161.05651,
15.310350, 170.41730, 3.2256586, 165.80836, 160.97991,
15.322660, 169.19547, 3.1013958, 166.46135, 160.90788,
15.334980, 169.88718, 3.1984602, 167.14696, 160.84021,
15.347290, 164.41800, 3.1031491, 167.86145, 160.77695,
15.359600, 164.89637, 2.8669410, 168.60271, 160.71797,
15.371900, 166.73360, 2.9126007, 169.36741, 160.66325,
15.384210, 177.48295, 3.0170570, 170.15426, 160.61261,
15.396510, 169.15957, 3.7274802, 170.95936, 160.56609,
15.408810, 180.37290, 3.3850571, 171.78068, 160.52357,
15.421110, 179.19608, 2.9850973, 172.61574, 160.48498,
15.433410, 175.22770, 2.8675907, 173.46187, 160.45026,
15.445700, 177.04063, 2.9681808, 174.31589, 160.41937,
15.457990, 176.51255, 3.1507121, 175.17591, 160.39222,
15.470280, 178.74520, 3.2518496, 176.03938, 160.36875,
15.482570, 171.74172, 3.2168441, 176.90375, 160.34889,
15.494860, 179.29570, 3.1059718, 177.76648, 160.33259,
15.507140, 177.02103, 2.8809646, 178.62436, 160.31980,
15.519420, 178.09440, 2.8851743, 179.47546, 160.31044,
15.531700, 177.52828, 2.9894485, 180.31736, 160.30446,
15.543980, 176.56075, 5.2517070, 181.14738, 160.30181,
15.556260, 182.58508, 4.7357405, 181.96308, 160.30242,
15.568530, 184.06560, 2.6555201, 182.76117, 160.30624,
15.580800, 181.26202, 2.6532145, 183.53976, 160.31321,
15.593070, 188.86118, 2.9286768, 184.29628, 160.32329,
15.605340, 183.37745, 2.8997902, 185.02819, 160.33642,
15.617600, 184.21145, 2.8404160, 185.73436, 160.35254,
15.629860, 188.42753, 2.6337460, 186.41708, 160.37160,
15.642120, 188.73670, 2.6662386, 187.07830, 160.39356,
15.654380, 187.72397, 3.1494478, 187.71978, 160.41836,
15.666640, 183.47908, 2.9000673, 188.34346, 160.44597,
15.678890, 187.72070, 2.9161611, 188.95059, 160.47630,
15.691140, 193.49635, 2.8568442, 189.54352, 160.50934,
15.703390, 193.38045, 2.7256905, 190.12406, 160.54503,
15.715640, 196.36455, 2.8771050, 190.69401, 160.58334,
15.727890, 200.94688, 3.0875619, 191.25515, 160.62422,
15.740130, 193.75745, 3.0053728, 191.80882, 160.66758,
15.752370, 198.07740, 2.9568587, 192.35721, 160.71342,
15.764610, 201.48660, 2.9317048, 192.90217, 160.76171,
15.776850, 207.27267, 2.8289168, 193.44538, 160.81238,
15.789090, 208.19392, 2.8461077, 193.98868, 160.86541,
15.801320, 205.22282, 2.9619859, 194.53334, 160.92071,
15.813550, 212.96685, 3.0285418, 195.08159, 160.97827,
15.825780, 211.28062, 3.0584501, 195.63518, 161.03807,
15.838010, 212.62037, 3.0315528, 196.19589, 161.10006,
15.850230, 211.30503, 3.0630812, 196.76504, 161.16416,
15.862450, 211.41065, 2.9849080, 197.34480, 161.23036,
15.874670, 216.70017, 3.3270986, 197.93703, 161.29865,
15.886890, 208.59385, 3.2681034, 198.54349, 161.36898,
15.899110, 222.81762, 3.4591636, 199.16592, 161.44132,
15.911320, 210.57545, 3.3092716, 199.80566, 161.51556,
15.923540, 213.68338, 3.5991411, 200.46559, 161.59180,
15.935750, 214.23675, 3.7937313, 201.14641, 161.66988,
15.947960, 209.98195, 3.5812509, 201.85051, 161.74983,
15.960160, 209.96045, 3.9558147, 202.57917, 161.83154,
15.972370, 222.40472, 3.7476599, 203.33540, 161.91512,
15.984570, 218.60249, 3.7422612, 204.11984, 162.00039,
15.996770, 222.79635, 4.1085617, 204.93510, 162.08740,
16.008961, 219.99710, 3.7237214, 205.78236, 162.17604,
16.021160, 223.98015, 3.8290701, 206.66483, 162.26642,
16.033350, 218.46245, 4.0232670, 207.58314, 162.35836,
16.045549, 214.30385, 3.6473174, 208.54073, 162.45199,
16.057739, 225.88248, 4.1348015, 209.53810, 162.54712,
16.069920, 218.81715, 4.0062596, 210.57719, 162.64373,
16.082109, 211.61893, 4.4215131, 211.66169, 162.74194,
16.094290, 216.92598, 4.0033353, 212.79198, 162.84156,
16.106470, 216.06192, 4.0028990, 213.97101, 162.94264,
16.118650, 208.05070, 3.9984471, 215.20093, 163.04516,
16.130831, 215.02675, 3.9723529, 216.48390, 163.14909,
16.143009, 210.28515, 4.0159411, 217.82193, 163.25438,
16.155180, 217.23573, 4.5114801, 219.21657, 163.36096,
16.167351, 213.13488, 4.5475084, 220.67091, 163.46887,
16.179520, 217.84995, 4.9691328, 222.18702, 163.57806,
16.191681, 214.61322, 4.4635047, 223.76646, 163.68846,
16.203850, 222.10595, 5.0094624, 225.41362, 163.80018,
16.216009, 222.51220, 5.2882542, 227.12857, 163.91304,
16.228170, 229.63790, 5.0897655, 228.91495, 164.02712,
16.240330, 240.71672, 6.2515976, 230.76978, 164.14235,
16.252489, 240.28005, 5.3287050, 232.68807, 164.25874,
16.264641, 240.04905, 5.2551035, 234.66331, 164.37619,
16.276791, 259.12587, 5.6047369, 236.69114, 164.49472,
16.288950, 255.31495, 5.1733540, 238.76832, 164.61442,
16.301090, 268.11640, 6.5664055, 240.88477, 164.73500,
16.313240, 293.13057, 53.731827, 243.04030, 164.85670,
16.325380, 307.32309, 6.1363332, 245.22644, 164.97933,
16.337530, 327.70487, 4.5940565, 247.44154, 165.10304,
16.349670, 341.97870, 3.9765661, 249.67706, 165.22763,
16.361799, 364.66013, 4.0071915, 251.92757, 165.35305,
16.373940, 402.03560, 4.6048528, 254.19230, 165.47951,
16.386070, 446.14983, 5.0868734, 256.46232, 165.60679,
16.398211, 481.92297, 5.4386656, 258.73618, 165.73504,
16.410339, 493.95239, 5.0672559, 261.00495, 165.86404,
16.422461, 495.96959, 6.0259291, 263.26436, 165.99381,
16.434589, 497.02885, 5.7042528, 265.51225, 166.12448,
16.446711, 484.39472, 5.7930581, 267.74078, 166.25588,
16.458839, 490.13709, 5.7809976, 269.94772, 166.38814,
16.470961, 475.40607, 6.0888746, 272.12528, 166.52109,
16.483070, 444.60890, 5.5921216, 274.26779, 166.65465,
16.495190, 429.81882, 7.5137677, 276.37391, 166.78905,
16.500280, 421.37962, 5.5377996, 277.24600, 166.84572,
16.513599, 393.40640, 5.6623588, 279.48887, 166.99456,
16.526911, 372.26395, 4.7585540, 281.66896, 167.14414,
16.540211, 362.80245, 4.7792099, 283.77891, 167.29439,
16.553520, 342.85202, 4.7376097, 285.81520, 167.44552,
16.566820, 335.41624, 4.5235975, 287.76796, 167.59730,
16.580120, 317.93063, 4.2274606, 289.63168, 167.74980,
16.593420, 312.74590, 3.8992616, 291.39929, 167.90300,
16.606710, 306.74285, 3.8787080, 293.06250, 168.05677,
16.620001, 298.93569, 3.7593713, 294.61541, 168.21120,
16.633301, 300.79180, 3.9131726, 296.05172, 168.36638,
16.646589, 300.16653, 4.0734143, 297.36181, 168.52203,
16.659870, 295.80780, 3.8611188, 298.53889, 168.67819,
16.673149, 301.18883, 3.8370178, 299.57603, 168.83489,
16.686440, 299.94420, 3.7863243, 300.46648, 168.99227,
16.699711, 305.39527, 3.9968014, 301.20207, 169.14995,
16.712990, 299.47753, 4.0852528, 301.79216, 169.30823,
16.726271, 302.55074, 4.1105066, 302.25155, 169.46701,
16.739540, 298.39516, 3.8470336, 302.59505, 169.62611,
16.752810, 299.02213, 3.6304647, 302.83818, 169.78566,
16.766081, 297.12617, 3.5191795, 302.99592, 169.94564,
16.779341, 298.00275, 3.7723551, 303.08310, 170.10589,
16.792601, 293.91885, 3.8604422, 303.11473, 170.26651,
16.805870, 299.61940, 3.8209684, 303.10555, 170.42761,
16.819120, 293.76025, 4.4475699, 303.07039, 170.58881,
16.832380, 296.58393, 3.6094154, 303.02393, 170.75044,
16.845631, 294.91703, 3.5814483, 302.98093, 170.91226,
16.858891, 288.18122, 3.6543200, 302.95605, 171.07447,
16.872141, 294.43765, 3.8934118, 302.96406, 171.23682,
16.885380, 294.64791, 3.8558492, 303.01957, 171.39926,
16.898630, 290.37135, 3.6319736, 303.13746, 171.56207,
16.911869, 294.03150, 3.4231361, 303.33230, 171.72493,
16.925110, 302.73912, 3.5268223, 303.61906, 171.88799,
16.938351, 299.97625, 3.5446480, 304.01263, 172.05121,
16.951580, 298.86778, 3.6691378, 304.52747, 172.21443,
16.964821, 310.58225, 3.8041020, 305.17181, 172.37792,
16.978050, 311.80759, 4.5767304, 305.93020, 172.54136,
16.991270, 319.77921, 4.0242173, 306.78448, 172.70476,
17.004499, 340.56767, 3.7383904, 307.71795, 172.86835,
17.017719, 437.32022, 4.4403107, 308.71143, 173.03186,
17.030951, 917.47430, 6.5241296, 309.74867, 173.19554,
17.044161, 952.96951, 6.8354097, 310.80934, 173.35897,
17.057381, 447.94504, 4.7093857, 311.87810, 173.52249,
17.070601, 333.02870, 3.8836381, 312.93646, 173.68599,
17.083811, 325.63752, 3.7710764, 313.96594, 173.84932,
17.097019, 328.39790, 3.8557300, 314.94945, 174.01255,
17.110229, 329.53645, 3.9402601, 315.86951, 174.17571,
17.123430, 318.97297, 3.9152038, 316.70758, 174.33865,
17.136641, 322.30595, 3.9144988, 317.44703, 174.50158,
17.149839, 321.22528, 3.8079270, 318.06877, 174.66422,
17.163040, 316.88628, 3.8136755, 318.55558, 174.82671,
17.176229, 312.38488, 3.7898384, 318.88904, 174.98888,
17.189430, 316.98564, 3.9655619, 319.05153, 175.15099,
17.202620, 319.77320, 4.2522099, 319.02448, 175.31273,
17.215811, 314.88519, 4.2788615, 318.78961, 175.47425,
17.229000, 312.21322, 4.2198052, 318.32842, 175.63549,
17.242180, 320.87655, 4.0717784, 317.62276, 175.79633,
17.255369, 322.47287, 4.1602688, 316.66161, 175.95698,
17.268551, 317.79247, 4.0813178, 315.45783, 176.11722,
17.281719, 315.05380, 4.0499008, 314.02727, 176.27695,
17.294901, 327.01880, 4.2771366, 312.38162, 176.43649,
17.308069, 339.90358, 4.4045567, 310.53863, 176.59548,
17.321251, 340.58822, 4.1545153, 308.50885, 176.75424,
17.334410, 354.14840, 4.2631358, 306.31217, 176.91230,
17.347580, 367.76479, 4.5655760, 303.95708, 177.07006,
17.360750, 376.09951, 4.8040351, 301.45930, 177.22735,
17.373911, 379.61605, 5.3058718, 298.83454, 177.38405,
17.387070, 367.67403, 5.3799455, 296.09512, 177.54023,
17.400230, 354.99992, 5.0210298, 293.25380, 177.69591,
17.413380, 343.40092, 4.9095699, 290.32704, 177.85091,
17.426540, 344.94023, 7.0761817, 287.32316, 178.00549,
17.439690, 330.00080, 4.7715028, 284.26075, 178.15934,
17.452841, 315.87035, 5.2461221, 281.15005, 178.31261,
17.465981, 300.31607, 5.7328754, 278.00751, 178.46512,
17.479130, 308.27755, 5.6824794, 274.84136, 178.61709,
17.492270, 286.44375, 4.5723990, 271.66937, 178.76829,
17.505409, 269.69925, 23.349582, 268.50244, 178.91879,
17.518551, 267.10497, 46.093143, 265.35330, 179.06860,
17.531679, 276.30795, 11.993658, 262.23876, 179.21752,
17.544821, 268.37259, 6.4653666, 259.16570, 179.36583,
17.557949, 249.95333, 4.7277391, 256.15359, 179.51321,
17.571079, 249.86407, 4.9051566, 253.21214, 179.65981,
17.584200, 250.30426, 4.9017324, 250.35714, 179.80547,
17.597330, 248.20787, 5.6115367, 247.59781, 179.95039,
17.610451, 238.06282, 4.8739608, 244.95015, 180.09433,
17.623569, 247.54952, 5.3610896, 242.41369, 180.23735,
17.636690, 254.86818, 6.0178176, 239.98409, 180.37948,
17.649799, 244.02575, 5.2091545, 237.66013, 180.52053,
17.662910, 242.07858, 5.6282429, 235.43588, 180.66063,
17.676029, 272.94710, 6.2735270, 233.30706, 180.79982,
17.689131, 273.63868, 5.8591623, 231.27426, 180.93781,
17.702240, 259.38430, 6.0910473, 229.33028, 181.07483,
17.715349, 252.36892, 5.7675288, 227.47314, 181.21078,
17.728451, 260.01699, 6.6284583, 225.70070, 181.34555,
17.741550, 257.37080, 5.5686075, 224.00904, 181.47918,
17.754641, 254.24213, 4.4309848, 222.39604, 181.61157,
17.767740, 261.52655, 4.1222804, 220.85641, 181.74287,
17.780830, 260.84210, 4.5796536, 219.38949, 181.87288,
17.793921, 252.19196, 4.3181111, 217.99131, 182.00166,
17.807011, 253.15325, 4.3991202, 216.65909, 182.12917,
17.820101, 262.15185, 4.6331073, 215.39008, 182.25540,
17.833179, 256.18215, 6.3500886, 214.18263, 182.38021,
17.846270, 246.70650, 3.8703210, 213.03198, 182.50378,
17.859341, 239.30030, 4.7005846, 211.93818, 182.62580,
17.872419, 228.30590, 4.2682478, 210.89635, 182.74648,
17.885500, 228.20103, 4.4400250, 209.90450, 182.86575,
17.898569, 226.50043, 5.0216792, 208.96110, 182.98346,
17.911640, 239.26848, 5.8843760, 208.06269, 183.09968,
17.924709, 217.22977, 4.5692842, 207.20714, 183.21437,
17.937780, 220.32993, 8.1987222, 206.39181, 183.32751,
17.941250, 221.29715, 4.3641569, 206.18188, 183.35728,
17.955721, 211.01905, 4.3185497, 205.33415, 183.48021,
17.970181, 207.61748, 3.8621765, 204.52973, 183.60105,
17.984650, 203.55888, 4.4350651, 203.76434, 183.71991,
17.999109, 203.36335, 5.5897838, 203.03593, 183.83660,
18.013571, 206.16718, 4.8306428, 202.34088, 183.95117,
18.028021, 209.44802, 4.2258020, 201.67680, 184.06346,
18.042480, 198.86613, 3.7876939, 201.03975, 184.17359,
18.056931, 195.91480, 3.4775988, 200.42764, 184.28136,
18.071381, 193.44163, 3.5217950, 199.83712, 184.38680,
18.085819, 197.11520, 3.6730755, 199.26575, 184.48977,
18.100269, 198.84290, 3.8805668, 198.70973, 184.59039,
18.114710, 209.54213, 4.2187844, 198.16741, 184.68846,
18.129150, 194.66138, 3.8732423, 197.63735, 184.78399,
18.143579, 196.86325, 3.6951059, 197.11927, 184.87685,
18.158020, 190.33065, 3.6858447, 196.61167, 184.96714,
18.172449, 193.06773, 3.5940015, 196.11468, 185.05466,
18.186880, 192.03790, 3.9092243, 195.62715, 185.13942,
18.201300, 195.99335, 4.2454421, 195.14887, 185.22131,
18.215719, 182.51517, 3.7531325, 194.67881, 185.30033,
18.230150, 185.78365, 3.2516489, 194.21597, 185.37648,
18.244560, 191.74730, 3.4324093, 193.76073, 185.44953,
18.258980, 182.11585, 3.6330006, 193.31150, 185.51957,
18.273390, 189.79330, 3.8914216, 192.86826, 185.58645,
18.287800, 193.55242, 3.8720118, 192.43008, 185.65016,
18.302210, 191.15200, 3.6004730, 191.99637, 185.71062,
18.316620, 192.74413, 3.6111247, 191.56650, 185.76778,
18.331020, 189.00280, 3.1540343, 191.14017, 185.82152,
18.345421, 191.38445, 3.4933539, 190.71647, 185.87183,
18.359819, 189.92710, 3.2816677, 190.29488, 185.91862,
18.374210, 190.35913, 3.4643628, 189.87496, 185.96181,
18.388611, 188.73025, 3.5824897, 189.45561, 186.00138,
18.403000, 183.90805, 3.4833892, 189.03687, 186.03719,
18.417379, 183.53450, 3.3150772, 188.61806, 186.06919,
18.431770, 187.69928, 3.4124511, 188.19801, 186.09735,
18.446150, 181.91722, 3.3380189, 187.77677, 186.12153,
18.460529, 189.70580, 3.4955424, 187.35343, 186.14170,
18.474911, 189.01395, 3.5694682, 186.92734, 186.15776,
18.489281, 184.94043, 4.1245339, 186.49828, 186.16964,
18.503660, 184.99033, 3.4524341, 186.06505, 186.17726,
18.518030, 184.55845, 3.3574082, 185.62809, 186.18058,
18.532391, 186.86728, 3.4347871, 185.18818, 186.17973,
18.546761, 190.52215, 3.4664535, 184.74561, 186.17480,
18.561119, 180.35835, 3.5721227, 184.30190, 186.16592,
18.575480, 194.91013, 3.9480042, 183.85750, 186.15317,
18.589840, 200.43348, 8.7569685, 183.41336, 186.13668,
18.604191, 198.67157, 3.5284378, 182.97062, 186.11655,
18.618549, 194.07527, 3.5033638, 182.52962, 186.09286,
18.632900, 189.05835, 3.1895251, 182.09172, 186.06574,
18.647240, 192.53852, 3.4765771, 181.65788, 186.03531,
18.661591, 192.81488, 3.6334518, 181.22829, 186.00161,
18.675930, 186.38442, 3.5989723, 180.80452, 185.96479,
18.690269, 190.72823, 3.8263498, 180.38709, 185.92493,
18.704611, 196.97143, 3.9866253, 179.97686, 185.88210,
18.718941, 203.40720, 3.8034295, 179.57508, 185.83646,
18.733271, 185.03955, 3.4894035, 179.18232, 185.78806,
18.747601, 195.82643, 3.7137152, 178.79949, 185.73698,
18.761930, 206.63792, 4.1703169, 178.42751, 185.68333,
18.776260, 196.32243, 4.0477069, 178.06730, 185.62718,
18.790581, 197.65065, 4.4562972, 177.72003, 185.56867,
18.804899, 197.63223, 3.7636926, 177.38644, 185.50786,
18.819220, 204.13460, 4.0049830, 177.06740, 185.44482,
18.833530, 206.82013, 3.9180939, 176.76412, 185.37968,
18.847839, 204.50700, 4.0769509, 176.47741, 185.31250,
18.862150, 211.76130, 4.5537879, 176.20818, 185.24335,
18.876459, 208.65375, 4.2495292, 175.95751, 185.17233,
18.890770, 212.18020, 4.4046487, 175.72637, 185.09950,
18.905069, 219.35262, 4.3165782, 175.51599, 185.02501,
18.919371, 212.37582, 4.2552449, 175.32723, 184.94889,
18.933670, 208.35635, 4.5508970, 175.16120, 184.87122,
18.947960, 218.46255, 4.5443387, 175.01907, 184.79214,
18.962250, 213.70787, 4.4096771, 174.90184, 184.71167,
18.976540, 213.09210, 4.7453295, 174.81064, 184.62989,
18.990829, 207.51015, 4.7996522, 174.74664, 184.54688,
19.005119, 209.55310, 4.6054403, 174.71102, 184.46273,
19.019400, 202.61035, 4.3783353, 174.70499, 184.37756,
19.033680, 205.77905, 4.3063981, 174.72974, 184.29139,
19.047960, 199.95130, 4.8046069, 174.78654, 184.20431,
19.062229, 199.26600, 4.5878797, 174.87660, 184.11646,
19.076500, 196.17535, 6.5835155, 175.00126, 184.02784,
19.090771, 189.63485, 5.3900506, 175.16188, 183.93854,
19.105040, 191.66935, 5.2736219, 175.35979, 183.84864,
19.119310, 205.68303, 4.6313350, 175.59646, 183.75819,
19.133570, 185.50445, 4.6501321, 175.87306, 183.66736,
19.147829, 183.59587, 6.7935886, 176.19125, 183.57615,
19.162090, 189.42973, 6.2109468, 176.55258, 183.48463,
19.176340, 189.09348, 5.7434159, 176.95822, 183.39294,
19.190599, 182.25025, 5.1797282, 177.41034, 183.30104,
19.204849, 184.92683, 5.5511552, 177.90995, 183.20912,
19.219101, 183.12822, 5.1616576, 178.45910, 183.11718,
19.233339, 183.91373, 4.9163938, 179.05882, 183.02540,
19.247580, 176.85458, 5.2365974, 179.71145, 182.93375,
19.261820, 183.19655, 5.6545667, 180.41871, 182.84231,
19.276060, 184.74088, 5.9543737, 181.18244, 182.75118,
19.290300, 189.05745, 6.7482637, 182.00452, 182.66040,
19.304529, 179.72767, 5.4806680, 182.88616, 182.57015,
19.318760, 176.99750, 6.9081324, 183.83012, 182.48040,
19.332991, 181.62350, 7.2653181, 184.83832, 182.39124,
19.347219, 181.47578, 5.5852904, 185.91271, 182.30276,
19.361441, 189.48047, 5.9036053, 187.05494, 182.21508,
19.375660, 184.71528, 6.1661058, 188.26762, 182.12822,
19.389879, 172.70190, 6.5813917, 189.55315, 182.04226,
19.404100, 199.16350, 8.2644888, 190.91406, 181.95726,
19.418310, 198.31342, 8.7530838, 192.35140, 181.87337,
19.432520, 194.25993, 8.4988142, 193.86867, 181.79060,
