# wave, flux, fluxerr, continuum, continuum_plateau
9.9725246, 124.38732, 3.1819300, 127.11022, 127.05698,
9.9806166, 118.39299, 5.4996799, 126.48972, 126.44516,
9.9887066, 118.18530, 9.3442582, 125.89344, 125.85652,
9.9967957, 121.00887, 5.9061809, 125.32067, 125.29043,
10.004880, 120.22780, 3.3615229, 124.77105, 124.74659,
10.012970, 120.61550, 3.5252985, 124.24326, 124.22379,
10.021050, 119.74143, 3.1875445, 123.73766, 123.72244,
10.029140, 126.86476, 3.2534593, 123.25247, 123.24083,
10.037220, 120.71051, 3.3408671, 122.78830, 122.77964,
10.045300, 121.90065, 3.3042657, 122.34392, 122.33769,
10.053380, 115.70505, 2.8230065, 121.91870, 121.91442,
10.061460, 111.88196, 3.4002304, 121.51216, 121.50940,
10.069540, 117.80292, 3.3335154, 121.12365, 121.12202,
10.077610, 121.91871, 3.0863907, 120.75311, 120.75228,
10.085690, 119.28612, 3.2680325, 120.39907, 120.39875,
10.093760, 125.24795, 3.2273415, 120.06180, 120.06175,
10.101830, 117.10196, 3.0156318, 119.74034, 119.74034,
10.109900, 118.59386, 2.7779465, 119.43411, 119.43398,
10.117970, 117.85896, 3.0512029, 119.14263, 119.14225,
10.126040, 115.25480, 3.0443754, 118.86534, 118.86458,
10.134100, 117.35061, 2.6442843, 118.60204, 118.60083,
10.142170, 115.69725, 2.7163464, 118.35152, 118.34980,
10.150230, 116.85133, 2.9583818, 118.11387, 118.11162,
10.158300, 117.65195, 2.7126970, 117.88802, 117.88523,
10.166360, 119.28003, 2.8376096, 117.67401, 117.67068,
10.174420, 118.45775, 3.4231260, 117.47101, 117.46717,
10.182470, 118.26117, 3.7813841, 117.27877, 117.27448,
10.190530, 115.35958, 3.0088975, 117.09631, 117.09162,
10.198590, 116.21360, 8.2263865, 116.92334, 116.91832,
10.206640, 111.62513, 8.6805982, 116.75960, 116.75433,
10.214690, 116.59879, 13.456187, 116.60434, 116.59892,
10.222750, 122.12423, 9.9761619, 116.45692, 116.45145,
10.230800, 116.73604, 7.9401321, 116.31719, 116.31177,
10.238850, 114.16990, 2.9904026, 116.18447, 116.17922,
10.246890, 116.94706, 3.4048587, 116.05843, 116.05346,
10.254940, 107.01353, 2.6307725, 115.93828, 115.93372,
10.262990, 117.82877, 3.1055745, 115.82370, 115.81967,
10.271030, 112.31086, 3.0740444, 115.71433, 115.71095,
10.279070, 118.49082, 3.4444841, 115.60956, 115.60695,
10.287120, 114.52029, 2.8412790, 115.50876, 115.50706,
10.295150, 112.54050, 3.2382437, 115.41185, 115.41118,
10.303190, 120.67931, 2.9723157, 115.31800, 115.31847,
10.311230, 113.04794, 2.8079179, 115.22799, 115.22972,
10.319270, 114.99710, 3.3985363, 115.14389, 115.14695,
10.327300, 117.68053, 3.1350225, 115.06797, 115.07241,
10.335340, 110.68294, 3.2685412, 115.00223, 115.00805,
10.343370, 120.00920, 3.7053092, 114.94899, 114.95618,
10.351400, 118.38187, 3.9993014, 114.91037, 114.91885,
10.359430, 115.91855, 3.7979622, 114.88853, 114.89822,
10.367460, 119.51270, 3.1576572, 114.88567, 114.89641,
10.375480, 116.43265, 3.7322980, 114.90395, 114.91555,
10.383510, 119.84500, 4.2066001, 114.94560, 114.95782,
10.391530, 113.03838, 4.1229746, 115.01273, 115.02528,
10.399560, 108.05032, 2.7286985, 115.10770, 115.12024,
10.407580, 114.92417, 2.6188041, 115.23252, 115.24462,
10.415600, 112.28531, 2.6961356, 115.38947, 115.40065,
10.423620, 114.94556, 2.7379667, 115.58081, 115.59053,
10.431640, 106.77587, 2.4764732, 115.80875, 115.81638,
10.439650, 115.81621, 2.7924339, 116.07521, 116.08004,
10.447670, 116.30698, 2.6084014, 116.38312, 116.38434,
10.455680, 115.61758, 2.7971460, 116.73374, 116.73046,
10.463700, 124.68775, 2.7570442, 117.12793, 117.11932,
10.471710, 115.82384, 2.8052103, 117.56345, 117.54880,
10.479720, 115.80870, 2.7928956, 118.03954, 118.01827,
10.487730, 116.05754, 2.8374911, 118.55499, 118.52661,
10.495730, 121.31734, 3.3154234, 119.10789, 119.07206,
10.503740, 119.95376, 3.9553002, 119.69838, 119.65480,
10.511750, 128.85566, 7.4013736, 120.32461, 120.27312,
10.519750, 126.38940, 4.1035120, 120.98453, 120.92504,
10.527750, 124.72243, 3.5255063, 121.67784, 121.61034,
10.535750, 120.85840, 4.4594662, 122.40332, 122.32788,
10.543750, 128.40758, 3.7198587, 123.15971, 123.07648,
10.551750, 127.73724, 4.1155554, 123.94606, 123.85524,
10.559750, 134.28411, 4.1640918, 124.76105, 124.66290,
10.567850, 126.37838, 3.0045747, 125.61447, 125.50923,
10.576350, 134.24677, 2.7008843, 126.53915, 126.42689,
10.584840, 135.96985, 2.7978240, 127.49120, 127.37240,
10.593340, 137.46923, 2.6052539, 128.47164, 128.34684,
10.601830, 137.21083, 2.5639074, 129.47675, 129.34653,
10.610330, 135.25396, 2.7328896, 130.50771, 130.37268,
10.618820, 140.41925, 2.9897320, 131.56079, 131.42162,
10.627310, 140.63615, 2.7441468, 132.63573, 132.49310,
10.635800, 139.50282, 2.7012202, 133.73149, 133.58613,
10.644280, 144.86240, 3.0633285, 134.84529, 134.69794,
10.652770, 140.40880, 2.9684794, 135.97848, 135.82991,
10.661250, 144.55550, 2.8379220, 137.12727, 136.97826,
10.669740, 143.16477, 3.1458462, 138.29298, 138.14433,
10.678220, 141.17768, 3.0269096, 139.47174, 139.32427,
10.686700, 143.49217, 3.1254444, 140.66361, 140.51814,
10.695180, 150.02422, 3.0088419, 141.86735, 141.72470,
10.703650, 148.65277, 3.3584775, 143.08035, 142.94137,
10.712130, 150.49048, 3.2664250, 144.30398, 144.16950,
10.720600, 158.47415, 3.2979947, 145.53452, 145.40538,
10.729080, 154.16550, 3.2532012, 146.77340, 146.65045,
10.737550, 162.92798, 3.3799759, 148.01645, 147.90052,
10.746020, 158.89930, 3.2508435, 149.26414, 149.15607,
10.754490, 165.09578, 3.1820602, 150.51496, 150.41559,
10.762960, 161.89462, 3.3000921, 151.76797, 151.67814,
10.771420, 162.18592, 3.4799779, 153.02013, 152.94065,
10.779890, 165.23985, 3.2254454, 154.27360, 154.20533,
10.788350, 163.95552, 3.1315548, 155.52394, 155.46767,
10.796810, 164.74787, 3.4776327, 156.77148, 156.72804,
10.805270, 162.52370, 3.3136644, 158.01500, 157.98522,
10.813730, 164.33853, 3.5617131, 159.25330, 159.23800,
10.822190, 158.01295, 3.2034235, 160.48516, 160.48516,
10.830650, 159.38160, 3.3794997, 161.70957, 161.72568,
10.839100, 158.16900, 3.7235726, 162.92490, 162.95787,
10.847560, 166.39360, 3.6670061, 164.13427, 164.18480,
10.856010, 166.41120, 3.6960168, 165.33487, 165.40360,
10.864460, 171.43272, 3.6631545, 166.52803, 166.61554,
10.872910, 177.05815, 3.9421820, 167.71397, 167.82077,
10.881360, 180.83047, 3.5708196, 168.89288, 169.01946,
10.889800, 183.68555, 3.7201884, 170.06326, 170.21000,
10.898250, 178.90530, 4.1919707, 171.22796, 171.39526,
10.906690, 183.16098, 4.1748904, 172.38442, 172.57256,
10.915140, 188.94872, 4.2771141, 173.53544, 173.74472,
10.923580, 203.78263, 4.3331918, 174.67824, 174.90885,
10.932020, 211.36300, 4.8025332, 175.81431, 176.06642,
10.940460, 205.21382, 4.6306378, 176.94371, 177.21745,
10.948890, 209.68945, 5.7267597, 178.06511, 178.36052,
10.957330, 219.55912, 4.6555164, 179.18136, 179.49851,
10.965760, 233.32142, 4.3361475, 180.28986, 180.62873,
10.974200, 247.01497, 4.0153876, 181.39317, 181.75373,
10.982630, 269.63085, 4.0274031, 182.48872, 182.87087,
10.991060, 292.04322, 4.1309494, 183.57807, 183.98168,
10.999490, 291.55725, 3.9819754, 184.66101, 185.08592,
11.007920, 286.60595, 3.7146607, 185.73783, 186.18386,
11.016340, 284.94377, 4.0069748, 186.80712, 187.27401,
11.024770, 285.92305, 3.8540702, 187.87147, 188.35898,
11.033190, 279.16520, 4.2889361, 188.92852, 189.43632,
11.041610, 272.83698, 3.9033995, 189.97949, 190.50727,
11.050030, 278.95572, 4.0064312, 191.02444, 191.57183,
11.058450, 271.90230, 4.4563424, 192.06339, 192.63001,
11.066870, 275.85980, 4.3334947, 193.09638, 193.68182,
11.075290, 260.63510, 4.6126182, 194.12343, 194.72724,
11.083700, 270.87935, 4.3623383, 195.14342, 195.76512,
11.092120, 266.40767, 4.2303286, 196.15869, 196.79781,
11.100530, 278.22660, 4.6865070, 197.16685, 197.82285,
11.108940, 291.79868, 4.9022803, 198.16930, 198.84164,
11.117350, 302.51933, 6.8944364, 199.16585, 199.85397,
11.120570, 313.57147, 4.1109317, 199.54596, 200.23997,
11.129530, 329.26616, 4.0276483, 200.59900, 201.30894,
11.138500, 349.97257, 4.0525043, 201.64673, 202.37192,
11.147460, 387.87140, 4.3682264, 202.68671, 203.42642,
11.156430, 432.63530, 4.6804658, 203.72141, 204.47492,
11.165390, 499.05154, 4.7562846, 204.74840, 205.51494,
11.174350, 571.37267, 4.9212658, 205.76893, 206.54771,
11.183300, 672.09446, 5.5712815, 206.78191, 207.57214,
11.192260, 776.19328, 6.0067757, 207.78952, 208.59040,
11.201220, 847.48082, 5.9615722, 208.79067, 209.60138,
11.210170, 888.17743, 6.0453088, 209.78432, 210.60400,
11.219120, 904.14778, 6.4560219, 210.77154, 211.59934,
11.228070, 919.56549, 6.5210339, 211.75231, 212.58738,
11.237020, 916.85939, 6.1172940, 212.72654, 213.56800,
11.245970, 933.51157, 6.3087765, 213.69443, 214.54140,
11.254920, 922.45457, 6.4564619, 214.65586, 215.50745,
11.263860, 898.22079, 7.1145207, 215.60970, 216.46502,
11.272800, 898.02394, 6.1086923, 216.55718, 217.41533,
11.281750, 863.93884, 6.0994660, 217.49908, 218.35915,
11.290690, 838.82430, 6.2395423, 218.43357, 219.29466,
11.299630, 786.86569, 6.0308004, 219.36144, 220.22264,
11.308560, 765.10661, 5.8160262, 220.28179, 221.14219,
11.317500, 732.48289, 5.7671190, 221.19657, 222.05526,
11.326430, 699.59380, 5.8698986, 222.10379, 222.95987,
11.335370, 656.02068, 5.5850340, 223.00536, 223.85793,
11.344300, 632.12514, 5.6768520, 223.89934, 224.74750,
11.353230, 608.53294, 5.2837397, 224.78664, 225.62951,
11.362160, 587.22038, 5.4964595, 225.66715, 226.50383,
11.371080, 561.81322, 5.1448851, 226.54009, 227.36971,
11.380010, 548.35558, 4.8964448, 227.40708, 228.22878,
11.388930, 531.47995, 4.8370502, 228.26644, 229.07936,
11.397850, 498.05438, 5.0024024, 229.11885, 229.92216,
11.406780, 482.67117, 4.7502435, 229.96535, 230.75820,
11.415700, 468.60352, 4.5000647, 230.80391, 231.58549,
11.424610, 469.88274, 4.6719391, 231.63458, 232.40412,
11.433530, 451.82323, 4.7481135, 232.45910, 233.21579,
11.442450, 434.32716, 4.6089174, 233.27651, 234.01959,
11.451360, 417.81564, 4.3444991, 234.08589, 234.81463,
11.460270, 414.66438, 4.4337216, 234.88806, 235.60174,
11.469180, 399.46122, 4.5348669, 235.68296, 236.38088,
11.478090, 393.53934, 4.5359837, 236.47052, 237.15199,
11.487000, 385.83682, 4.3920231, 237.25067, 237.91505,
11.495910, 374.25445, 4.3876406, 238.02326, 238.66993,
11.504810, 356.40074, 4.6534627, 238.78757, 239.41594,
11.513710, 354.10667, 4.6382549, 239.54419, 240.15370,
11.522620, 348.26364, 4.4739055, 240.29399, 240.88409,
11.531520, 344.81217, 4.6384664, 241.03515, 241.60534,
11.540420, 339.41499, 5.1398329, 241.76845, 242.31827,
11.549310, 328.96772, 4.9640109, 242.49304, 243.02209,
11.558210, 331.05277, 4.6042863, 243.21047, 243.71831,
11.567100, 330.40258, 4.5563628, 243.91887, 244.40517,
11.576000, 320.81052, 4.7832620, 244.61998, 245.08440,
11.584890, 303.15630, 5.0368456, 245.31197, 245.75425,
11.593780, 303.87931, 4.8104460, 245.99550, 246.41541,
11.602670, 299.80303, 4.7245913, 246.67061, 247.06797,
11.611560, 294.79173, 4.9443658, 247.33712, 247.71178,
11.620440, 286.82675, 5.0455373, 247.99416, 248.34606,
11.629330, 284.37143, 4.8689805, 248.64317, 248.97223,
11.638210, 274.23785, 5.4192336, 249.28257, 249.58882,
11.647090, 276.72038, 5.3176717, 249.91288, 250.19638,
11.655970, 266.38120, 5.8094200, 250.53405, 250.79492,
11.664850, 268.99577, 4.1796079, 251.14602, 251.38443,
11.673730, 262.81122, 3.2285757, 251.74853, 251.96472,
11.682600, 264.80520, 3.8152902, 252.34090, 252.53518,
11.691480, 269.25088, 3.6648919, 252.92425, 253.09695,
11.700350, 269.88495, 3.7547807, 253.49721, 253.64878,
11.709220, 269.24743, 3.9335761, 254.06027, 254.19119,
11.718090, 271.47927, 3.9856210, 254.61328, 254.72411,
11.726960, 261.89115, 4.2803301, 255.15611, 255.24747,
11.735830, 265.61432, 4.4626965, 255.68860, 255.76119,
11.744690, 263.49230, 4.5699798, 256.20999, 256.26460,
11.753560, 257.88233, 4.1389848, 256.72136, 256.75883,
11.762420, 256.41010, 4.3296929, 257.22134, 257.24262,
11.771280, 260.31692, 6.1854912, 257.71044, 257.71653,
11.775020, 258.38269, 3.6886586, 257.91353, 257.91353,
11.784500, 260.79255, 3.9152629, 258.41953, 258.40499,
11.793980, 253.66539, 3.8434889, 258.91282, 258.88495,
11.803460, 263.15585, 4.2386617, 259.39362, 259.35358,
11.812940, 257.44827, 3.5439144, 259.86195, 259.81082,
11.822420, 263.25268, 3.8670801, 260.31803, 260.25683,
11.831890, 259.79125, 3.6732677, 260.76144, 260.69112,
11.841360, 264.64425, 4.3526336, 261.19279, 261.11425,
11.850840, 265.65350, 3.5401211, 261.61259, 261.52668,
11.860310, 271.72258, 3.6999192, 262.02012, 261.92761,
11.869770, 275.70482, 3.7118030, 262.41548, 262.31712,
11.879240, 272.40905, 3.5094071, 262.79957, 262.69605,
11.888710, 279.63015, 3.5577501, 263.17207, 263.06402,
11.898170, 279.43188, 3.6518707, 263.53269, 263.42073,
11.907630, 282.12087, 3.6265955, 263.88186, 263.76654,
11.917090, 284.75710, 3.6774011, 264.21972, 264.10157,
11.926550, 284.48698, 3.7998984, 264.54626, 264.42578,
11.936010, 291.11348, 3.5208027, 264.86162, 264.73927,
11.945470, 293.54480, 3.6042214, 265.16579, 265.04200,
11.954920, 298.04593, 3.5931531, 265.45855, 265.33374,
11.964370, 304.34445, 4.2948287, 265.74028, 265.61482,
11.973830, 300.89308, 3.7799951, 266.01132, 265.88558,
11.983280, 305.02050, 3.7403520, 266.27109, 266.14542,
11.992720, 297.78637, 3.5252466, 266.51968, 266.39441,
12.002170, 297.42550, 3.4304080, 266.75766, 266.63312,
12.011610, 294.72050, 3.4150214, 266.98457, 266.86106,
12.021060, 295.29995, 3.5525902, 267.20088, 267.07870,
12.030500, 289.58432, 3.5410034, 267.40617, 267.28562,
12.039940, 288.47264, 3.4367406, 267.60066, 267.48205,
12.049380, 288.28265, 3.4937270, 267.78441, 267.66802,
12.058820, 288.03505, 3.6913463, 267.95739, 267.84351,
12.068250, 286.37500, 3.5514734, 268.11945, 268.00839,
12.077690, 284.71342, 3.6441399, 268.27095, 268.16302,
12.087120, 282.25562, 3.3725036, 268.41153, 268.30704,
12.096550, 282.66480, 3.5074802, 268.54136, 268.44066,
12.105980, 278.21820, 3.6242917, 268.66044, 268.56386,
12.115410, 274.06290, 3.7195769, 268.76874, 268.67665,
12.124830, 275.29035, 3.4593175, 268.86614, 268.77893,
12.134260, 276.64020, 3.6162053, 268.95283, 268.87090,
12.143680, 273.92030, 3.8652833, 269.02858, 268.95236,
12.153100, 270.82955, 4.2099997, 269.09347, 269.02343,
12.162520, 281.50448, 4.4994586, 269.14747, 269.08408,
12.171940, 272.44203, 3.9256048, 269.19051, 269.13431,
12.181360, 274.49817, 3.8008514, 269.22256, 269.17411,
12.190770, 276.47170, 4.0666499, 269.24356, 269.20343,
12.200180, 272.44234, 3.9848880, 269.25348, 269.22232,
12.209600, 265.49085, 3.9831554, 269.25227, 269.23076,
12.219010, 267.21566, 4.0940224, 269.23986, 269.22872,
12.228420, 275.14322, 4.3014256, 269.21619, 269.21619,
12.237820, 266.87575, 4.0472259, 269.18128, 269.19320,
12.247230, 271.35545, 4.0564131, 269.13520, 269.15981,
12.256630, 280.60283, 4.1712572, 269.07826, 269.11621,
12.266040, 356.67547, 5.0765658, 269.01052, 269.06242,
12.275440, 755.48026, 7.2383990, 268.93232, 268.99867,
12.284840, 762.36354, 56.407497, 268.84378, 268.92504,
12.294230, 377.50022, 5.0271445, 268.74516, 268.84172,
12.303630, 297.18002, 6.7323156, 268.63647, 268.74866,
12.313030, 292.51982, 5.5031895, 268.51795, 268.64603,
12.322420, 285.57922, 6.0331981, 268.38993, 268.53410,
12.331810, 284.69217, 4.1105848, 268.25244, 268.41285,
12.341200, 285.64885, 3.2567220, 268.10564, 268.28239,
12.350590, 293.98657, 3.6610387, 267.94970, 268.14283,
12.359980, 297.70538, 3.5833249, 267.78477, 267.99428,
12.369360, 296.62432, 3.6202470, 267.61117, 267.83699,
12.378750, 303.24256, 3.6908953, 267.42870, 267.67076,
12.388130, 305.00008, 3.8511972, 267.23788, 267.49601,
12.397510, 303.29353, 3.7665639, 267.03869, 267.31271,
12.406890, 302.35450, 4.0122448, 266.83122, 267.12090,
12.416270, 306.22680, 4.4145622, 266.61563, 266.92072,
12.425640, 309.50180, 4.2101324, 266.39230, 266.71248,
12.435020, 309.20697, 4.0332842, 266.16086, 266.49581,
12.444390, 310.72095, 4.0572602, 265.92195, 266.27130,
12.453760, 306.98050, 3.9784501, 265.67544, 266.03879,
12.463130, 303.43547, 4.0422608, 265.42145, 265.79838,
12.472500, 316.79300, 5.1616312, 265.16009, 265.55015,
12.481870, 325.48220, 6.1433834, 264.89149, 265.29419,
12.489420, 329.28613, 4.2636051, 264.66984, 265.08237,
12.499490, 327.45275, 4.3235398, 264.36711, 264.79221,
12.509550, 327.06817, 4.0068854, 264.05666, 264.49370,
12.519610, 338.12733, 3.9156497, 263.73834, 264.18665,
12.529670, 344.17980, 3.9855500, 263.41229, 263.87122,
12.539730, 336.75850, 4.0479723, 263.07859, 263.54742,
12.549780, 340.25062, 4.3989465, 262.73774, 263.21575,
12.559840, 338.37105, 3.8595685, 262.38913, 262.87560,
12.569890, 349.71497, 3.8504232, 262.03361, 262.52778,
12.579940, 343.83908, 23.412028, 261.67093, 262.17204,
12.589990, 356.37254, 4.3313945, 261.30119, 261.80846,
12.600040, 360.43707, 3.9145327, 260.92445, 261.43710,
12.610090, 365.86982, 3.8393687, 260.54089, 261.05812,
12.620130, 368.16245, 4.0627550, 260.15097, 260.67198,
12.630170, 380.58902, 4.0607864, 259.75435, 260.27834,
12.640210, 373.58714, 3.9708672, 259.35116, 259.87732,
12.650250, 375.92017, 3.8299081, 258.94149, 259.46900,
12.660290, 381.25903, 3.8130584, 258.52546, 259.05350,
12.670330, 382.90948, 3.8722192, 258.10307, 258.63084,
12.680360, 388.00458, 3.9383910, 257.67488, 258.20158,
12.690390, 408.47327, 3.9158160, 257.24055, 257.76536,
12.700420, 407.04735, 3.8412319, 256.80009, 257.32221,
12.710450, 416.88576, 3.8897255, 256.35366, 256.87231,
12.720480, 430.15850, 4.1089185, 255.90128, 256.41567,
12.730500, 432.38618, 4.5721023, 255.44347, 255.95283,
12.740530, 434.19140, 3.9955912, 254.97941, 255.48296,
12.750550, 423.21042, 3.8065195, 254.51004, 255.00705,
12.760570, 425.11173, 4.0184374, 254.03503, 254.52475,
12.770590, 425.44033, 3.9633009, 253.55434, 254.03605,
12.780610, 430.87651, 3.9547179, 253.06806, 253.54106,
12.790620, 419.45226, 4.1620817, 252.57678, 253.04038,
12.800640, 413.44829, 3.8402351, 252.07950, 252.53302,
12.810650, 431.09015, 4.0297897, 251.57731, 252.02011,
12.820660, 418.28487, 3.9605531, 251.06974, 251.50119,
12.830670, 379.44645, 3.6531328, 250.55677, 250.97627,
12.840680, 364.72080, 3.7004073, 250.03855, 250.44552,
12.850680, 346.23200, 3.6473559, 249.51556, 249.90944,
12.860690, 330.31150, 3.6434156, 248.98684, 249.36710,
12.870690, 315.63190, 3.4755235, 248.45343, 248.81957,
12.880690, 308.78576, 3.3985666, 247.91490, 248.26645,
12.890690, 294.51728, 3.3842629, 247.37119, 247.70770,
12.900680, 287.66710, 3.5421829, 246.82294, 247.14401,
12.910680, 279.05580, 3.5771184, 246.26903, 246.57427,
12.920670, 273.76250, 4.1111310, 245.71063, 245.99971,
12.930670, 270.71455, 3.7788834, 245.14660, 245.41919,
12.940660, 269.30946, 3.8257026, 244.57808, 244.83392,
12.950640, 264.62475, 4.0047825, 244.00521, 244.24408,
12.960630, 253.47752, 3.4675652, 243.42669, 243.64836,
12.970620, 254.12360, 3.5604694, 242.84323, 243.04755,
12.980600, 255.23458, 3.4222371, 242.25535, 242.44221,
12.990580, 250.74707, 3.5335293, 241.66257, 241.83190,
13.000560, 239.27954, 3.4493405, 241.06476, 241.21652,
13.010540, 243.52912, 3.4791290, 240.46199, 240.59620,
13.020520, 246.07382, 3.7036041, 239.85426, 239.97096,
13.030490, 238.47453, 3.5366171, 239.24221, 239.34153,
13.040470, 240.48670, 4.0638220, 238.62454, 238.70662,
13.050440, 243.72198, 3.7665987, 238.00256, 238.06761,
13.060410, 240.51285, 3.7710607, 237.37559, 237.42387,
13.070380, 237.25520, 3.8913989, 236.74358, 236.77538,
13.080350, 237.68348, 3.9162679, 236.10662, 236.12231,
13.090310, 232.14600, 4.3523216, 235.46527, 235.46527,
13.100280, 236.91653, 4.1839323, 234.81831, 234.80306,
13.110240, 233.32515, 4.3625495, 234.16715, 234.13713,
13.120200, 237.35054, 4.6734801, 233.51141, 233.46706,
13.130160, 237.85180, 4.5036814, 232.85129, 232.79305,
13.140110, 238.69057, 3.6006266, 232.18772, 232.11602,
13.150070, 238.12941, 2.8777665, 231.51950, 231.43474,
13.160020, 228.42072, 2.9904224, 230.84826, 230.75087,
13.169980, 226.49540, 3.6195197, 230.17277, 230.06316,
13.179930, 234.20955, 3.2549498, 229.49469, 229.37325,
13.189870, 235.64790, 3.3802042, 228.81415, 228.68130,
13.199820, 234.72513, 3.4268484, 228.13005, 227.98617,
13.209770, 231.11062, 3.4451647, 227.44318, 227.28867,
13.219710, 231.37107, 3.2804831, 226.75453, 226.58980,
13.229650, 228.80950, 3.4293876, 226.06366, 225.88909,
13.239590, 227.20993, 3.2469102, 225.37062, 225.18661,
13.249530, 226.82695, 3.1550805, 224.67568, 224.48261,
13.259470, 222.35233, 3.2194239, 223.97904, 223.77731,
13.269410, 229.17762, 3.3940777, 223.28089, 223.07090,
13.279340, 228.52915, 3.9603845, 222.58217, 222.36433,
13.289270, 226.75833, 3.7347691, 221.88227, 221.65697,
13.299200, 228.89032, 3.9710351, 221.18151, 220.94917,
13.309130, 222.21148, 4.4317849, 220.48003, 220.24105,
13.318260, 224.85073, 3.1576460, 219.83454, 219.58981,
13.328980, 223.75776, 2.9995597, 219.07628, 218.82525,
13.339690, 223.06890, 4.2335055, 218.31859, 218.06176,
13.350400, 220.28717, 4.6544712, 217.56098, 217.29884,
13.361120, 220.57779, 3.4425041, 216.80294, 216.53598,
13.371830, 222.54625, 2.8840924, 216.04620, 215.77493,
13.382530, 222.68415, 2.8234945, 215.29093, 215.01587,
13.393240, 223.30592, 2.9136618, 214.53603, 214.25768,
13.403940, 227.14770, 3.0119872, 213.78309, 213.50198,
13.414650, 225.81507, 3.3314914, 213.03101, 212.74765,
13.425350, 221.71962, 2.7962996, 212.28138, 211.99629,
13.436050, 222.63920, 2.7953849, 211.53376, 211.24749,
13.446740, 229.02940, 2.9574773, 210.78913, 210.50221,
13.457440, 226.47308, 3.5542300, 210.04629, 209.75925,
13.468130, 234.81165, 2.9428205, 209.30692, 209.02031,
13.478830, 229.65605, 2.7622700, 208.56984, 208.28419,
13.489520, 234.35513, 2.7957807, 207.83674, 207.55259,
13.500200, 234.63285, 2.9128560, 207.10780, 206.82569,
13.510890, 233.12365, 2.8624869, 206.38196, 206.10243,
13.521570, 241.42573, 2.8392236, 205.66078, 205.38436,
13.532260, 249.77627, 2.8275598, 204.94323, 204.67046,
13.542940, 247.85722, 2.8527955, 204.23085, 203.96225,
13.553620, 243.07810, 2.9372131, 203.52325, 203.25935,
13.564290, 241.59189, 2.8903696, 202.82139, 202.56269,
13.574970, 236.82640, 2.7966435, 202.12415, 201.87118,
13.585640, 235.99802, 2.7407396, 201.43318, 201.18641,
13.596320, 240.08158, 2.8791305, 200.74737, 200.50731,
13.606990, 229.47070, 2.8913618, 200.06837, 199.83547,
13.617650, 224.80662, 3.2223767, 199.39635, 199.17108,
13.628320, 226.30173, 2.7995695, 198.73041, 198.51321,
13.638980, 227.71270, 2.8090953, 198.07200, 197.86329,
13.649650, 219.53717, 2.8086976, 197.42025, 197.22043,
13.660310, 214.85537, 2.9581825, 196.77660, 196.58606,
13.670970, 210.21117, 3.2559533, 196.14076, 195.95985,
13.681630, 212.34795, 2.7922949, 195.51303, 195.34207,
13.692280, 211.14715, 3.1596170, 194.89431, 194.73361,
13.702940, 209.98130, 2.7934761, 194.28368, 194.13352,
13.713590, 207.30577, 2.8640019, 193.68267, 193.54326,
13.724240, 204.03175, 2.8126386, 193.09091, 192.96247,
13.734890, 201.75535, 3.2003374, 192.50884, 192.39153,
13.745530, 205.60198, 3.2471387, 191.93723, 191.83115,
13.756180, 193.76844, 2.7508385, 191.37538, 191.28063,
13.766820, 194.16393, 2.8343658, 190.82462, 190.74121,
13.777460, 195.70190, 3.0319907, 190.28479, 190.21271,
13.788100, 188.04639, 2.6781680, 189.75622, 189.69539,
13.798740, 189.83155, 2.7360274, 189.23927, 189.18955,
13.809380, 197.02718, 3.0589405, 188.73432, 188.69553,
13.820010, 186.74765, 2.8361916, 188.24208, 188.21395,
13.830640, 188.42178, 3.1232976, 187.76254, 187.74476,
13.841270, 189.59695, 2.8354139, 187.29598, 187.28815,
13.851900, 182.67702, 2.9023314, 186.84286, 186.84452,
13.862530, 186.93018, 3.8439208, 186.40332, 186.41395,
13.873150, 186.88955, 3.5388909, 185.97741, 185.99654,
13.883780, 183.09875, 3.2271166, 185.56398, 185.59121,
13.894400, 189.02953, 3.1126528, 185.16341, 185.19834,
13.905020, 184.91772, 3.1108327, 184.77495, 184.81725,
13.915640, 192.01657, 3.3303226, 184.39825, 184.44761,
13.926250, 189.85290, 3.4294566, 184.03326, 184.08941,
13.936870, 189.01265, 3.6129566, 183.67902, 183.74173,
13.947480, 184.63512, 3.1693375, 183.33576, 183.40480,
13.958090, 189.00715, 3.2149711, 183.00286, 183.07806,
13.968700, 196.99115, 3.5071551, 182.67995, 182.76113,
13.979310, 178.77423, 3.8010960, 182.36675, 182.45376,
13.989910, 178.41265, 3.4960687, 182.06317, 182.15588,
14.000520, 184.88535, 3.4099549, 181.76836, 181.86663,
14.011120, 187.41225, 3.8217144, 181.48252, 181.58624,
14.021720, 185.97275, 3.8000152, 181.20507, 181.31413,
14.032320, 182.82233, 3.9480241, 180.93572, 181.05001,
14.042920, 182.77595, 3.7756127, 180.67415, 180.79357,
14.053510, 186.24263, 3.9127147, 180.42032, 180.54476,
14.064110, 181.32980, 4.0392210, 180.17344, 180.30279,
14.074700, 184.16482, 4.4946742, 179.93366, 180.06782,
14.085290, 186.97322, 4.8809184, 179.70052, 179.83935,
14.095870, 181.47000, 4.8101330, 179.47389, 179.61727,
14.106460, 181.56280, 5.0482376, 179.25309, 179.40089,
14.117040, 185.06097, 4.7027538, 179.03825, 179.19030,
14.127630, 184.14830, 3.9357876, 178.82867, 178.98482,
14.138210, 182.14283, 3.1535389, 178.62451, 178.78457,
14.148790, 181.37943, 3.1731710, 178.42527, 178.58905,
14.159370, 186.36030, 3.7352499, 178.23071, 178.39798,
14.169940, 192.05360, 3.3579140, 178.04073, 178.21126,
14.180520, 189.20850, 5.7191129, 177.85469, 178.02823,
14.182090, 182.04802, 2.9575577, 177.82743, 178.00139,
14.193560, 192.03470, 2.9702697, 177.63072, 177.80758,
14.205030, 192.79600, 3.1244175, 177.43817, 177.61756,
14.216500, 193.44473, 3.2804923, 177.24949, 177.43102,
14.227970, 191.28760, 3.0835641, 177.06434, 177.24757,
14.239430, 192.88067, 2.9588566, 176.88255, 177.06702,
14.250890, 193.47137, 3.0236795, 176.70365, 176.88886,
14.262350, 190.03897, 3.0152330, 176.52729, 176.71271,
14.273810, 183.93312, 3.2019744, 176.35318, 176.53823,
14.285270, 187.96893, 3.1452769, 176.18100, 176.36508,
14.296730, 185.28430, 3.0359040, 176.01043, 176.19287,
14.308180, 183.35242, 2.8052147, 175.84130, 176.02142,
14.319630, 177.62212, 3.0365631, 175.67315, 175.85022,
14.331080, 177.76237, 2.9524507, 175.50566, 175.67891,
14.342530, 177.02345, 2.9586051, 175.33854, 175.50715,
14.353970, 180.58662, 2.6176770, 175.17162, 175.33474,
14.365410, 175.43797, 2.5090586, 175.00442, 175.16116,
14.376860, 173.77277, 2.8734230, 174.83650, 174.98591,
14.388300, 175.79953, 2.6459257, 174.66784, 174.80894,
14.399730, 176.51970, 2.6308013, 174.49813, 174.62991,
14.411170, 169.03802, 2.3804387, 174.32675, 174.44815,
14.422600, 171.41438, 2.4441054, 174.15371, 174.26362,
14.434030, 172.86110, 2.4950539, 173.97853, 174.07581,
14.445460, 174.24928, 2.5044375, 173.80089, 173.88435,
14.456890, 168.70195, 2.4351544, 173.62049, 173.68892,
14.468320, 171.35445, 2.3789867, 173.43701, 173.48913,
14.479740, 170.74553, 2.4091558, 173.25029, 173.28482,
14.491160, 172.52003, 2.4966089, 173.05984, 173.07544,
14.502580, 172.89558, 2.4660910, 172.86538, 172.86067,
14.514000, 174.31903, 2.6085646, 172.66671, 172.64034,
14.525420, 174.52448, 2.4476691, 172.46405, 172.41485,
14.536830, 172.49660, 2.3103816, 172.25786, 172.18484,
14.548240, 173.43758, 2.3991994, 172.04819, 171.95054,
14.559650, 169.10007, 2.9123491, 171.83528, 171.71235,
14.571060, 167.00135, 2.5205596, 171.61939, 171.47073,
14.582470, 166.98872, 2.7844098, 171.40076, 171.22610,
14.593870, 170.60968, 2.6844614, 171.17981, 170.97909,
14.605270, 170.44693, 2.5123465, 170.95660, 170.72992,
14.616670, 168.03208, 2.5513521, 170.73139, 170.47904,
14.628070, 169.89715, 2.8338952, 170.50437, 170.22682,
14.639470, 167.47052, 2.8915820, 170.27580, 169.97371,
14.650860, 166.54282, 2.4487269, 170.04613, 169.72037,
14.662260, 167.72342, 2.4474471, 169.81516, 169.46674,
14.673650, 165.18095, 2.7552542, 169.58356, 169.21373,
14.685040, 167.37292, 2.5759844, 169.35132, 168.96150,
14.696420, 164.75238, 2.6178304, 169.11893, 168.71074,
14.707810, 163.51278, 2.5467746, 168.88615, 168.46136,
14.719190, 166.78230, 2.4964017, 168.65369, 168.21430,
14.730570, 170.06758, 2.4785970, 168.42152, 167.96970,
14.741950, 166.47568, 2.8455376, 168.18989, 167.72801,
14.753330, 167.22503, 2.7714702, 167.95903, 167.48964,
14.764700, 170.00977, 2.7008103, 167.72938, 167.25524,
14.776080, 163.39020, 2.6788872, 167.50076, 167.02479,
14.787450, 166.96382, 2.6950914, 167.27382, 166.79916,
14.798820, 168.69565, 2.8391866, 167.04858, 166.57854,
14.810190, 162.17173, 2.7683538, 166.82525, 166.36334,
14.821550, 161.99910, 2.7262375, 166.60430, 166.15421,
14.832920, 164.81662, 2.7436106, 166.38556, 165.95121,
14.844280, 165.47618, 2.7665711, 166.16965, 165.75509,
14.855640, 164.67335, 2.8891326, 165.95661, 165.56612,
14.866990, 162.06358, 3.2484328, 165.74689, 165.38490,
14.878350, 164.60383, 3.1689491, 165.54033, 165.21153,
14.889710, 166.00155, 3.1028634, 165.33738, 165.04660,
14.901060, 162.79045, 3.2778314, 165.13845, 164.89071,
14.912410, 163.89115, 3.0471695, 164.94362, 164.74412,
14.923760, 161.40050, 3.2325766, 164.75310, 164.60728,
14.935100, 168.54848, 3.5981506, 164.56737, 164.48075,
14.946450, 162.57560, 3.4080624, 164.38629, 164.36472,
14.957790, 164.89020, 3.5957615, 164.21053, 164.25983,
14.969130, 164.75373, 3.4619600, 164.04081, 164.16587,
14.980470, 159.30745, 3.5202375, 163.87837, 164.08241,
14.991810, 167.93215, 3.8398919, 163.72447, 164.00905,
15.003140, 165.39165, 3.6564086, 163.58049, 163.94544,
15.014480, 168.49512, 3.4951614, 163.44746, 163.89107,
15.025810, 169.67773, 4.0536427, 163.32686, 163.84562,
15.037140, 166.98565, 3.5951083, 163.21985, 163.80866,
15.048460, 163.18050, 3.6220266, 163.12780, 163.77979,
15.059790, 165.06877, 3.7039687, 163.05183, 163.75858,
15.071110, 169.14313, 3.5390554, 162.99337, 163.74468,
15.082440, 160.67705, 3.0521707, 162.95362, 163.73766,
15.093750, 160.86045, 2.7920058, 162.93399, 163.73714,
15.105070, 163.84153, 2.4155481, 162.93571, 163.74274,
15.116390, 167.57510, 2.8311803, 162.96017, 163.75405,
15.127700, 167.66903, 2.6990668, 163.00865, 163.77069,
15.139020, 162.34010, 2.7406782, 163.08260, 163.79230,
15.150330, 160.25677, 2.7250073, 163.18327, 163.81846,
15.162390, 157.35268, 3.3138630, 163.32168, 163.85095,
15.174730, 158.36590, 3.0593252, 163.49824, 163.88863,
15.187070, 161.14103, 2.9857287, 163.71193, 163.93032,
15.199410, 162.30623, 3.2645501, 163.96468, 163.97553,
15.211740, 169.40115, 3.5908768, 164.25750, 164.02377,
15.224080, 168.35813, 3.3576807, 164.58963, 164.07501,
15.236410, 162.98462, 2.8628759, 164.95844, 164.12911,
15.248740, 173.10477, 3.0979151, 165.36219, 164.18605,
15.261060, 173.05295, 3.1546221, 165.79849, 164.24575,
15.273390, 168.00772, 3.2052166, 166.26613, 164.30826,
15.285710, 177.23400, 3.3819452, 166.76240, 164.37343,
15.298030, 166.22732, 2.9642926, 167.28568, 164.44126,
15.310350, 166.92643, 2.9139523, 167.83414, 164.51172,
15.322660, 167.67025, 3.4835593, 168.40535, 164.58469,
15.334980, 168.88695, 3.0524348, 168.99836, 164.66025,
15.347290, 165.40313, 3.0943076, 169.61040, 164.73824,
15.359600, 168.02707, 2.7401636, 170.24007, 164.81868,
15.371900, 169.75555, 2.7148877, 170.88497, 164.90146,
15.384210, 173.60590, 3.0159860, 171.54438, 164.98667,
15.396510, 166.15357, 3.7686394, 172.21542, 165.07415,
15.408810, 176.39120, 3.5347570, 172.89674, 165.16390,
15.421110, 174.06305, 2.9731911, 173.58664, 165.25591,
15.433410, 169.04272, 2.7383810, 174.28322, 165.35013,
15.445700, 172.56383, 2.8886577, 174.98420, 165.44644,
15.457990, 177.55005, 3.2143412, 175.68835, 165.54489,
15.470280, 178.08438, 3.1950488, 176.39387, 165.64544,
15.482570, 172.67275, 3.0900119, 177.09901, 165.74805,
15.494860, 173.85805, 2.9153396, 177.80197, 165.85269,
15.507140, 179.41042, 2.9066289, 178.50044, 165.95924,
15.519420, 177.10743, 5.0738098, 179.19313, 166.06775,
15.531700, 179.16430, 5.8939761, 179.87838, 166.17819,
15.543980, 179.00405, 3.0978000, 180.55428, 166.29051,
15.556260, 182.75607, 2.7677544, 181.21916, 166.40471,
15.568530, 186.42483, 2.7561169, 181.87061, 166.52064,
15.580800, 177.97402, 2.5041735, 182.50739, 166.63836,
15.593070, 184.41000, 2.7988801, 183.12771, 166.75785,
15.605340, 181.79222, 2.6744305, 183.72976, 166.87908,
15.617600, 186.86552, 2.6984928, 184.31260, 167.00192,
15.629860, 187.51903, 2.6073376, 184.87760, 167.12642,
15.642120, 189.62677, 2.4696262, 185.42592, 167.25258,
15.654380, 188.98867, 2.8700058, 185.95848, 167.38035,
15.666640, 183.55932, 2.8624859, 186.47639, 167.50972,
15.678890, 189.75995, 2.7477263, 186.98021, 167.64054,
15.691140, 190.16693, 2.6450931, 187.47137, 167.77290,
15.703390, 186.32328, 2.5179751, 187.95088, 167.90676,
15.715640, 194.55835, 2.6829142, 188.41971, 168.04210,
15.727890, 197.96350, 2.8901025, 188.87885, 168.17890,
15.740130, 198.87123, 3.0173934, 189.32892, 168.31702,
15.752370, 194.35217, 2.7768984, 189.77121, 168.45654,
15.764610, 198.47012, 2.8172310, 190.20675, 168.59744,
15.776850, 202.45190, 2.8686143, 190.63643, 168.73968,
15.789090, 203.47715, 2.7885725, 191.06127, 168.88327,
15.801320, 202.72597, 2.9408238, 191.48181, 169.02804,
15.813550, 208.72092, 3.2247629, 191.89938, 169.17409,
15.825780, 206.23690, 3.0484235, 192.31491, 169.32141,
15.838010, 206.88560, 2.8974417, 192.72934, 169.46995,
15.850230, 204.40605, 2.8061970, 193.14329, 169.61960,
15.862450, 207.93515, 2.9542569, 193.55798, 169.77042,
15.874670, 208.63530, 3.4456801, 193.97443, 169.92242,
15.886890, 207.59940, 3.3009685, 194.39353, 170.07557,
15.899110, 215.62596, 3.4512422, 194.81619, 170.22984,
15.911320, 205.07445, 3.1555874, 195.24305, 170.38509,
15.923540, 207.08390, 3.5645069, 195.67577, 170.54156,
15.935750, 208.42118, 3.6057240, 196.11453, 170.69896,
15.947960, 208.98828, 3.9444560, 196.56067, 170.85740,
15.960160, 206.35940, 3.6154431, 197.01478, 171.01675,
15.972370, 202.22330, 3.6080593, 197.47853, 171.17722,
15.984570, 206.37513, 3.4522698, 197.95211, 171.33854,
15.996770, 210.06385, 3.6923203, 198.43695, 171.50084,
16.008961, 208.69257, 3.5409924, 198.93358, 171.66396,
16.021160, 212.71055, 3.6147812, 199.44372, 171.82812,
16.033350, 213.04860, 3.5717613, 199.96761, 171.99307,
16.045549, 205.78658, 3.9255731, 200.50708, 172.15904,
16.057739, 207.46125, 4.0537590, 201.06228, 172.32575,
16.069920, 209.72872, 4.0348243, 201.63420, 172.49319,
16.082109, 199.98980, 5.0959059, 202.22476, 172.66160,
16.094290, 204.99028, 6.0586193, 202.83409, 172.83071,
16.106470, 208.13120, 4.2015068, 203.46369, 173.00062,
16.118650, 205.58542, 3.8458840, 204.11462, 173.17131,
16.130831, 197.32483, 3.4447878, 204.78796, 173.34279,
16.143009, 200.10195, 3.6610860, 205.48470, 173.51499,
16.155180, 205.97055, 4.0563302, 206.20559, 173.68783,
16.167351, 205.69113, 3.9075176, 206.95217, 173.86139,
16.179520, 210.43775, 4.5027632, 207.72546, 174.03563,
16.191681, 201.43905, 4.5022278, 208.52622, 174.21046,
16.203850, 210.45902, 4.5738938, 209.35662, 174.38608,
16.216009, 209.63842, 5.2693805, 210.21668, 174.56222,
16.228170, 217.85930, 4.9416463, 211.10822, 174.73904,
16.240330, 208.30890, 4.8949802, 212.03038, 174.91647,
16.252489, 222.29045, 4.8891883, 212.98162, 175.09452,
16.264641, 228.57578, 5.5873696, 213.95967, 175.27306,
16.276791, 228.75017, 5.5692764, 214.96332, 175.45216,
16.288950, 230.19735, 5.2225749, 215.99192, 175.63198,
16.301090, 238.65786, 5.8421469, 217.04143, 175.81208,
16.313240, 243.48980, 5.6522655, 218.11270, 175.99288,
16.325380, 242.70825, 7.0374558, 219.20247, 176.17407,
16.337530, 264.22262, 4.2472510, 220.31090, 176.35592,
16.349670, 272.43858, 4.0316032, 221.43469, 176.53814,
16.361799, 287.59397, 3.7902018, 222.57210, 176.72069,
16.373940, 312.33122, 4.9896202, 223.72374, 176.90389,
16.386070, 330.60922, 4.3657677, 224.88610, 177.08741,
16.398211, 346.85808, 4.5745901, 226.05950, 177.27154,
16.410339, 355.59212, 4.5366228, 227.24041, 177.45595,
16.422461, 355.73407, 4.5144255, 228.42768, 177.64066,
16.434589, 355.51325, 4.9030665, 229.62132, 177.82592,
16.446711, 354.81059, 5.0868740, 230.81832, 178.01146,
16.458839, 362.64506, 4.5267259, 232.01873, 178.19752,
16.470961, 341.72420, 4.9492415, 233.21953, 178.38384,
16.483070, 328.97878, 4.6455389, 234.41888, 178.57036,
16.495190, 318.96695, 6.6580262, 235.61737, 178.75739,
16.500280, 325.66200, 4.9633205, 236.11990, 178.83606,
16.513599, 311.84566, 4.7855135, 237.43114, 179.04216,
16.526911, 293.57473, 4.0229791, 238.73494, 179.24854,
16.540211, 293.38855, 4.1717536, 240.02898, 179.45513,
16.553520, 280.03180, 4.0585133, 241.31330, 179.66223,
16.566820, 275.04735, 3.9680713, 242.58410, 179.86954,
16.580120, 267.23380, 3.8050858, 243.84030, 180.07719,
16.593420, 257.59352, 3.6737284, 245.07990, 180.28517,
16.606710, 263.08730, 3.4834991, 246.30001, 180.49330,
16.620001, 257.78475, 3.5554894, 247.49950, 180.70173,
16.633301, 252.68628, 3.5204799, 248.67717, 180.91059,
16.646589, 252.30965, 3.7790570, 249.82911, 181.11954,
16.659870, 251.12267, 3.5401544, 250.95362, 181.32862,
16.673149, 249.32270, 3.5124580, 252.04912, 181.53790,
16.686440, 254.99348, 3.5888200, 253.11458, 181.74760,
16.699711, 254.51820, 3.6000358, 254.14565, 181.95720,
16.712990, 255.67802, 3.8675328, 255.14458, 182.16711,
16.726271, 257.48740, 3.7493518, 256.11212, 182.37724,
16.739540, 256.97225, 3.6393657, 257.04853, 182.58736,
16.752810, 254.05672, 3.3582011, 257.95585, 182.79763,
16.766081, 260.39595, 3.3371103, 258.83536, 183.00807,
16.779341, 259.94000, 3.2194558, 259.68734, 183.21846,
16.792601, 253.22535, 3.3672197, 260.51368, 183.42896,
16.805870, 263.87325, 3.4068782, 261.31604, 183.63972,
16.819120, 255.15588, 3.8179122, 262.09379, 183.85025,
16.832380, 256.54725, 3.2320162, 262.84970, 184.06102,
16.845631, 256.53990, 3.0936629, 263.58372, 184.27169,
16.858891, 257.61005, 3.3071792, 264.29794, 184.48256,
16.872141, 262.34198, 3.5695180, 264.99233, 184.69331,
16.885380, 260.68380, 3.4812688, 265.66785, 184.90390,
16.898630, 254.90802, 3.3414981, 266.32663, 185.11467,
16.911869, 260.52518, 3.1568902, 266.96852, 185.32526,
16.925110, 267.72421, 3.3213836, 267.59511, 185.53586,
16.938351, 270.09740, 3.3113866, 268.20728, 185.74643,
16.951580, 265.64970, 3.3985852, 268.80543, 185.95677,
16.964821, 266.91413, 3.4756768, 269.39046, 186.16722,
16.978050, 275.06053, 4.3117069, 269.95821, 186.37743,
16.991270, 284.22298, 3.7787541, 270.50516, 186.58740,
17.004499, 292.49865, 3.5325685, 271.02840, 186.79742,
17.017719, 369.44040, 3.8744333, 271.52349, 187.00717,
17.030951, 753.93599, 5.7368929, 271.98750, 187.21698,
17.044161, 879.32350, 6.9758497, 272.41557, 187.42632,
17.057381, 401.09891, 4.5382005, 272.80500, 187.63565,
17.070601, 283.33700, 3.7447479, 273.15167, 187.84482,
17.083811, 285.33917, 3.6402579, 273.45155, 188.05366,
17.097019, 283.23902, 3.4983408, 273.70103, 188.26227,
17.110229, 281.09465, 3.6323586, 273.89630, 188.47071,
17.123430, 276.58863, 3.6195243, 274.03331, 188.67878,
17.136641, 275.42313, 3.4795771, 274.10830, 188.88676,
17.149839, 270.07598, 3.3316943, 274.11714, 189.09431,
17.163040, 267.23785, 3.5203891, 274.05586, 189.30163,
17.176229, 271.34592, 3.3996865, 273.92051, 189.50850,
17.189430, 273.80136, 3.5238745, 273.70667, 189.71526,
17.202620, 272.55660, 3.7039948, 273.41051, 189.92153,
17.215811, 269.43807, 3.7341729, 273.02755, 190.12752,
17.229000, 270.45839, 3.7251399, 272.55355, 190.33314,
17.242180, 274.12297, 3.6865063, 271.98452, 190.53827,
17.255369, 274.12605, 3.8728034, 271.31786, 190.74319,
17.268551, 272.25895, 3.7782461, 270.55915, 190.94761,
17.281719, 270.40697, 3.7796866, 269.71461, 191.15144,
17.294901, 274.39110, 4.0248290, 268.78813, 191.35507,
17.308069, 276.46080, 4.1559308, 267.78712, 191.55807,
17.321251, 277.84137, 3.8258134, 266.71504, 191.76085,
17.334410, 293.85987, 4.2756700, 265.58032, 191.96283,
17.347580, 287.13373, 5.6525933, 264.38548, 192.16451,
17.360750, 293.07055, 4.7415431, 263.13679, 192.36572,
17.373911, 299.81669, 4.7901355, 261.84051, 192.56629,
17.387070, 288.90773, 4.8084037, 260.50120, 192.76632,
17.400230, 276.13643, 4.1974367, 259.12367, 192.96586,
17.413380, 275.68974, 4.3976873, 257.71456, 193.16468,
17.426540, 282.45477, 4.5896938, 256.27656, 193.36311,
17.439690, 270.23423, 4.3113008, 254.81731, 193.56081,
17.452841, 275.52497, 4.9574507, 253.34045, 193.75794,
17.465981, 262.91712, 5.4447707, 251.85262, 193.95429,
17.479130, 249.85220, 5.5188733, 250.35650, 194.15016,
17.492270, 254.69850, 4.1679657, 248.85936, 194.34526,
17.505409, 250.53945, 3.9901572, 247.36518, 194.53969,
17.518551, 243.55412, 4.2273189, 245.87882, 194.73349,
17.531679, 248.71793, 4.4334608, 244.40707, 194.92639,
17.544821, 241.87023, 4.3600843, 242.95202, 195.11879,
17.557949, 230.81385, 4.2321155, 241.52172, 195.31027,
17.571079, 238.24860, 4.4413924, 240.11959, 195.50103,
17.584200, 239.49995, 4.7494249, 238.75194, 195.69089,
17.597330, 229.97275, 4.9186553, 237.42195, 195.88011,
17.610451, 239.77850, 4.6275206, 236.13616, 196.06840,
17.623569, 236.05877, 5.0189599, 234.89438, 196.25584,
17.636690, 249.36588, 6.8040282, 233.69501, 196.44247,
17.649799, 241.60427, 6.1210186, 232.53803, 196.62809,
17.662910, 238.56583, 5.3155723, 231.42105, 196.81287,
17.676029, 257.60987, 5.4876118, 230.34249, 196.99685,
17.689131, 252.73760, 5.9318642, 229.30324, 197.17969,
17.702240, 246.22505, 6.4778067, 228.30020, 197.36170,
17.715349, 243.52613, 7.1574218, 227.33295, 197.54275,
17.728451, 235.54165, 6.1830882, 226.40099, 197.72273,
17.741550, 236.96777, 5.2141068, 225.50287, 197.90169,
17.754641, 244.26494, 4.5977873, 224.63811, 198.07950,
17.767740, 246.00684, 4.0891258, 223.80448, 198.25640,
17.780830, 248.67860, 4.8644965, 223.00227, 198.43212,
17.793921, 245.91935, 4.1642057, 222.22998, 198.60676,
17.807011, 252.07018, 4.2482740, 221.48670, 198.78029,
17.820101, 253.01292, 4.2635126, 220.77160, 198.95270,
17.833179, 241.19385, 3.8045816, 220.08440, 199.12381,
17.846270, 233.21130, 3.6798198, 219.42311, 199.29390,
17.859341, 231.71943, 3.5612295, 218.78842, 199.46254,
17.872419, 228.03288, 4.4309052, 218.17824, 199.63007,
17.885500, 223.29825, 4.5240102, 217.59211, 199.79638,
17.898569, 225.40560, 4.3914110, 217.02984, 199.96127,
17.911640, 227.58120, 4.4169499, 216.49011, 200.12490,
17.924709, 221.98160, 4.2514294, 215.97237, 200.28718,
17.937780, 231.46863, 7.4957626, 215.47579, 200.44815,
17.941250, 231.92604, 4.2299707, 215.34746, 200.49065,
17.955721, 220.55659, 3.8362867, 214.82753, 200.66685,
17.970181, 221.19750, 3.9053910, 214.33206, 200.84118,
17.984650, 218.23660, 4.0153881, 213.85946, 201.01387,
17.999109, 210.29605, 4.7320072, 213.40950, 201.18465,
18.013571, 225.31047, 4.5525825, 212.98098, 201.35362,
18.028021, 214.73030, 4.0881296, 212.57347, 201.52058,
18.042480, 211.52658, 3.6244981, 212.18558, 201.68574,
18.056931, 210.93490, 3.4938464, 211.81705, 201.84884,
18.071381, 207.76982, 3.7465638, 211.46686, 202.00994,
18.085819, 210.67865, 3.7143292, 211.13453, 202.16889,
18.100269, 205.33235, 3.7413216, 210.81882, 202.32588,
18.114710, 216.60548, 4.4308956, 210.51945, 202.48065,
18.129150, 213.82928, 3.7967913, 210.23536, 202.63327,
18.143579, 213.54838, 4.0133107, 209.96591, 202.78356,
18.158020, 208.06465, 3.6286226, 209.70982, 202.93171,
18.172449, 212.00787, 3.6544571, 209.46668, 203.07746,
18.186880, 209.60912, 3.7036423, 209.23542, 203.22089,
18.201300, 210.34022, 3.6517145, 209.01545, 203.36181,
18.215719, 211.14592, 3.5522250, 208.80578, 203.50031,
18.230150, 207.20540, 3.3150222, 208.60546, 203.63642,
18.244560, 202.72735, 3.2372312, 208.41416, 203.76981,
18.258980, 202.13873, 3.3270616, 208.23070, 203.90071,
18.273390, 209.60817, 3.5986847, 208.05455, 204.02888,
18.287800, 207.90727, 3.8355678, 207.88484, 204.15437,
18.302210, 215.21580, 3.7342212, 207.72082, 204.27712,
18.316620, 209.65325, 3.5519941, 207.56174, 204.39708,
18.331020, 212.43727, 3.3316450, 207.40696, 204.51411,
18.345421, 212.94908, 3.3304836, 207.25564, 204.62824,
18.359819, 212.31912, 3.6124631, 207.10707, 204.73939,
18.374210, 217.93473, 4.1304823, 206.96057, 204.84748,
18.388611, 200.95915, 3.7740715, 206.81525, 204.95255,
18.403000, 198.91967, 3.5335190, 206.67059, 205.05441,
18.417379, 205.24532, 3.7954274, 206.52585, 205.15300,
18.431770, 205.55690, 3.7546973, 206.38009, 205.24842,
18.446150, 198.47260, 3.4569038, 206.23281, 205.34044,
18.460529, 204.45783, 3.3467310, 206.08319, 205.42908,
18.474911, 209.05962, 3.6100977, 205.93046, 205.51428,
18.489281, 202.86258, 4.1987664, 205.77404, 205.59590,
18.503660, 202.31320, 3.3772920, 205.61299, 205.67398,
18.518030, 203.31733, 3.1731000, 205.44719, 205.74841,
18.532391, 212.54938, 3.3522120, 205.27715, 205.81926,
18.546761, 210.29247, 3.3466998, 205.10321, 205.88668,
18.561119, 198.12057, 3.5015528, 204.92621, 205.95064,
18.575480, 222.74110, 3.8288676, 204.74656, 206.01130,
18.589840, 213.91530, 3.7741760, 204.56484, 206.06869,
18.604191, 205.65857, 3.4589870, 204.38174, 206.12285,
18.618549, 214.76945, 3.7324061, 204.19761, 206.17391,
18.632900, 214.20980, 3.5475230, 204.01320, 206.22189,
18.647240, 205.07440, 3.5431526, 203.82913, 206.26684,
18.661591, 204.15730, 3.9291355, 203.64566, 206.30888,
18.675930, 205.18198, 4.0967839, 203.46365, 206.34803,
18.690269, 212.91975, 4.1895664, 203.28352, 206.38436,
18.704611, 221.03370, 4.5593671, 203.10580, 206.41795,
18.718941, 222.05508, 4.2891004, 202.93122, 206.44882,
18.733271, 213.38686, 4.0143588, 202.76021, 206.47706,
18.747601, 212.49273, 3.9021567, 202.59335, 206.50272,
18.761930, 222.45775, 4.1458478, 202.43119, 206.52586,
18.776260, 211.58077, 4.0097872, 202.27433, 206.54653,
18.790581, 205.21952, 3.6702776, 202.12345, 206.56478,
18.804899, 205.29358, 3.5967714, 201.97904, 206.58066,
18.819220, 217.21411, 3.6034326, 201.84166, 206.59424,
18.833530, 217.04147, 3.7744096, 201.71201, 206.60556,
18.847839, 210.31510, 3.9408265, 201.59062, 206.61467,
18.862150, 215.19438, 4.8329613, 201.47807, 206.62163,
18.876459, 214.62223, 4.7939091, 201.37500, 206.62648,
18.890770, 220.26382, 4.4574379, 201.28202, 206.62927,
18.905069, 222.99145, 4.4895367, 201.19984, 206.63005,
18.919371, 218.17048, 4.1370098, 201.12902, 206.62887,
18.933670, 222.21662, 4.4683927, 201.07023, 206.62577,
18.947960, 224.94247, 4.7248621, 201.02415, 206.62080,
18.962250, 219.01988, 4.7650578, 200.99141, 206.61400,
18.976540, 216.18155, 4.9889965, 200.97270, 206.60542,
18.990829, 217.08325, 5.4562909, 200.96872, 206.59510,
19.005119, 224.26745, 5.2672365, 200.98018, 206.58308,
19.019400, 214.59000, 4.5196514, 201.00778, 206.56941,
19.033680, 210.66920, 4.7724184, 201.05225, 206.55413,
19.047960, 215.41185, 4.4006931, 201.11436, 206.53727,
19.062229, 216.48367, 4.5680845, 201.19479, 206.51889,
19.076500, 219.28162, 6.3674869, 201.29439, 206.49902,
19.090771, 207.50815, 5.0119857, 201.41395, 206.47769,
19.105040, 206.02343, 4.9355326, 201.55425, 206.45495,
19.119310, 215.60238, 4.7403358, 201.71617, 206.43083,
19.133570, 209.81618, 4.6095846, 201.90039, 206.40538,
19.147829, 201.98697, 6.1664220, 202.10791, 206.37863,
19.162090, 209.89460, 6.4800864, 202.33963, 206.35061,
19.176340, 222.97943, 5.5235841, 202.59624, 206.32139,
19.190599, 206.75575, 6.1229443, 202.87903, 206.29094,
19.204849, 207.66612, 5.9792804, 203.18859, 206.25936,
19.219101, 200.87357, 5.2289420, 203.52611, 206.22664,
19.233339, 202.51567, 5.1787950, 203.89220, 206.19287,
19.247580, 200.82853, 4.8414108, 204.28825, 206.15803,
19.261820, 194.88510, 5.2227272, 204.71526, 206.12217,
19.276060, 202.63765, 6.0633298, 205.17429, 206.08532,
19.290300, 207.55688, 6.1656220, 205.66647, 206.04751,
19.304529, 201.30160, 5.9854445, 206.19247, 206.00881,
19.318760, 213.27457, 8.0309352, 206.75393, 205.96920,
19.332991, 208.24745, 6.1648826, 207.35197, 205.92874,
19.347219, 199.58145, 5.2963902, 207.98771, 205.88745,
19.361441, 201.57713, 6.6301908, 208.66212, 205.84538,
19.375660, 207.48577, 9.0418147, 209.37673, 205.80254,
19.389879, 210.54045, 7.1651695, 210.13293, 205.75897,
19.404100, 216.33265, 6.6128212, 210.93219, 205.71469,
19.418310, 214.15380, 7.3515785, 211.77511, 205.66976,
19.432520, 207.54935, 7.7527150, 212.66375, 205.62419,
