# wave, flux, fluxerr, continuum, continuum_plateau
9.9725246, 104.33693, 2.9066551, 127.38347, 127.27650,
9.9806166, 98.088129, 2.9875062, 125.94197, 125.85247,
9.9887066, 104.49636, 3.0320676, 124.54954, 124.47541,
9.9967957, 110.81630, 2.8415722, 123.20477, 123.14407,
10.004880, 107.67985, 2.9676823, 121.90703, 121.85797,
10.012970, 108.94292, 3.2170885, 120.65341, 120.61437,
10.021050, 105.28422, 2.5101781, 119.44506, 119.41456,
10.029140, 110.69190, 2.9023448, 118.27795, 118.25464,
10.037220, 110.46698, 3.0319461, 117.15378, 117.13644,
10.045300, 110.71798, 2.7227796, 116.06985, 116.05739,
10.053380, 115.33828, 2.7377733, 115.02489, 115.01634,
10.061460, 116.37222, 3.0250852, 114.01802, 114.01250,
10.069540, 122.33220, 3.3955800, 113.04788, 113.04463,
10.077610, 114.79268, 2.8417631, 112.11465, 112.11299,
10.085690, 111.10958, 2.5873745, 111.21490, 111.21427,
10.093760, 105.76132, 3.1466597, 110.34968, 110.34957,
10.101830, 108.00630, 2.4876991, 109.51682, 109.51681,
10.109900, 115.52700, 2.3936674, 108.71515, 108.71490,
10.117970, 106.95988, 2.7690227, 107.94378, 107.94301,
10.126040, 113.10760, 2.6933621, 107.20158, 107.20008,
10.134100, 109.09515, 2.3095722, 106.48840, 106.48601,
10.142170, 104.40185, 2.4130403, 105.80135, 105.79796,
10.150230, 102.77175, 2.7929094, 105.14110, 105.13665,
10.158300, 105.36638, 2.5632508, 104.50507, 104.49955,
10.166360, 100.13003, 2.6698391, 103.89381, 103.88725,
10.174420, 101.46580, 2.5120604, 103.30541, 103.29787,
10.182470, 99.688065, 2.6008452, 102.73967, 102.73123,
10.190530, 102.99067, 2.8772476, 102.19416, 102.18495,
10.198590, 102.05493, 2.3206921, 101.66853, 101.65869,
10.206640, 95.380365, 2.4476276, 101.16250, 101.15220,
10.214690, 98.858459, 2.5028389, 100.67441, 100.66383,
10.222750, 95.398502, 2.4834906, 100.20273, 100.19206,
10.230800, 97.015409, 2.6309967, 99.747601, 99.737065,
10.238850, 104.22537, 3.0977140, 99.307508, 99.297320,
10.246890, 103.74117, 2.4831321, 98.881983, 98.872370,
10.254940, 96.525068, 2.5045447, 98.469066, 98.460259,
10.262990, 92.646715, 3.1274287, 98.068317, 98.060551,
10.271030, 86.988152, 2.8623853, 97.679247, 97.672753,
10.279070, 96.390839, 3.3145422, 97.300475, 97.295488,
10.287120, 97.490963, 2.6595401, 96.930543, 96.927294,
10.295150, 97.420757, 2.8305385, 96.569902, 96.568612,
10.303190, 99.390385, 2.8292497, 96.216289, 96.217180,
10.311230, 95.679571, 2.2894270, 95.871494, 95.874757,
10.319270, 87.479498, 3.1130774, 95.539528, 95.545301,
10.327300, 94.623564, 3.3019917, 95.225117, 95.233476,
10.335340, 98.028606, 2.7865213, 94.931761, 94.942727,
10.343370, 93.625679, 2.7253186, 94.664412, 94.677934,
10.351400, 96.015779, 3.6058989, 94.427059, 94.443022,
10.359430, 97.372034, 3.1632082, 94.223966, 94.242179,
10.367460, 104.05355, 2.7693753, 94.059438, 94.079634,
10.375480, 89.609005, 2.8967559, 93.937923, 93.959743,
10.383510, 103.54224, 3.7391186, 93.863424, 93.886424,
10.391530, 87.105227, 3.8037805, 93.840467, 93.864097,
10.399560, 88.931648, 2.9251473, 93.873347, 93.896951,
10.407580, 92.282501, 2.3136499, 93.966347, 93.989149,
10.415600, 96.218771, 2.6096553, 94.123821, 94.144917,
10.423620, 100.57443, 2.7219482, 94.350194, 94.368543,
10.431640, 91.915352, 2.3821694, 94.649821, 94.664230,
10.439650, 95.741022, 2.3312102, 95.026653, 95.035775,
10.447670, 100.39552, 2.2696249, 95.486094, 95.488390,
10.455680, 90.805628, 2.5218838, 96.030953, 96.024743,
10.463700, 98.488770, 2.5325102, 96.662235, 96.645913,
10.471710, 94.577040, 2.4163094, 97.375321, 97.347546,
10.479720, 92.883879, 2.3599796, 98.168008, 98.127656,
10.487730, 101.83137, 2.4195456, 99.037346, 98.983504,
10.495730, 99.996346, 2.5392921, 99.979239, 99.911215,
10.503740, 103.43900, 3.1656377, 100.99302, 100.91028,
10.511750, 99.396704, 2.5444733, 102.07474, 101.97693,
10.519750, 106.29073, 2.8467841, 103.21995, 103.10693,
10.527750, 106.67698, 3.9641776, 104.42736, 104.29910,
10.535750, 107.43785, 4.0142908, 105.69399, 105.55061,
10.543750, 100.10741, 3.6839505, 107.01688, 106.85864,
10.551750, 114.92025, 3.8899018, 108.39354, 108.22083,
10.559750, 119.09645, 4.4669270, 109.82087, 109.63419,
10.567850, 115.38037, 2.5856308, 111.31521, 111.11499,
10.576350, 117.16240, 2.5391578, 112.93312, 112.71950,
10.584840, 125.07358, 2.4606179, 114.59678, 114.37070,
10.593340, 123.90097, 2.4769407, 116.30704, 116.06948,
10.601830, 127.10913, 2.3516308, 118.05642, 117.80852,
10.610330, 125.55062, 2.4919256, 119.84599, 119.58894,
10.618820, 125.47795, 2.4249223, 121.66834, 121.40342,
10.627310, 127.98490, 2.3327789, 123.52201, 123.25058,
10.635800, 131.39885, 2.3762854, 125.40422, 125.12771,
10.644280, 133.56192, 2.5535850, 127.30920, 127.02911,
10.652770, 138.84195, 2.6707795, 129.23827, 128.95612,
10.661250, 140.04880, 2.4243897, 131.18392, 130.90132,
10.669740, 136.14515, 2.7787549, 133.14735, 132.86595,
10.678220, 141.20153, 2.7215936, 135.12100, 134.84249,
10.686700, 141.24470, 2.5544058, 137.10390, 136.83003,
10.695180, 152.23635, 2.6864723, 139.09290, 138.82546,
10.703650, 149.75325, 2.9348854, 141.08263, 140.82344,
10.712130, 152.00135, 2.9834338, 143.07418, 142.82513,
10.720600, 153.59595, 2.7439962, 145.06039, 144.82339,
10.729080, 153.38722, 2.7228561, 147.04235, 146.81939,
10.737550, 158.78438, 2.8054798, 149.01225, 148.80531,
10.746020, 160.27557, 2.7497867, 150.96962, 150.78077,
10.754490, 162.44307, 2.7236612, 152.91087, 152.74221,
10.762960, 161.33378, 2.7208567, 154.83329, 154.68699,
10.771420, 160.91055, 2.8472507, 156.73095, 156.60920,
10.779890, 167.96397, 3.0163292, 158.60582, 158.51093,
10.788350, 165.14613, 2.7243651, 160.44987, 160.38417,
10.796810, 157.73945, 3.2492997, 162.26229, 162.22819,
10.805270, 168.62340, 3.4185687, 164.03988, 164.03988,
10.813730, 162.26275, 2.8177948, 165.78011, 165.81674,
10.822190, 166.42768, 2.9267506, 167.48299, 167.55862,
10.830650, 168.80648, 3.1937077, 169.14919, 169.26597,
10.839100, 176.15880, 3.3258697, 170.77735, 170.93718,
10.847560, 174.76517, 3.0475756, 172.37216, 172.57684,
10.856010, 172.13252, 3.0650683, 173.93044, 174.18149,
10.864460, 184.54880, 3.4900747, 175.45447, 175.75324,
10.872910, 183.42780, 3.8440483, 176.94503, 177.29272,
10.881360, 193.22612, 3.3635012, 178.40285, 178.80050,
10.889800, 205.23077, 3.6748383, 179.82662, 180.27502,
10.898250, 205.55392, 3.9245097, 181.22029, 181.72019,
10.906690, 204.83355, 3.9734882, 182.58126, 183.13315,
10.915140, 216.75583, 4.5056905, 183.91331, 184.51766,
10.923580, 231.60052, 4.2494326, 185.21368, 185.87069,
10.932020, 236.76223, 4.6871303, 186.48458, 187.19436,
10.940460, 241.63787, 4.6815981, 187.72653, 188.48908,
10.948890, 249.82562, 4.9348311, 188.93855, 189.75366,
10.957330, 242.89668, 4.9204656, 190.12416, 190.99165,
10.965760, 285.61143, 4.1732566, 191.28104, 192.20049,
10.974200, 319.99032, 4.1021772, 192.41230, 193.38329,
10.982630, 358.58581, 4.9324473, 193.51573, 194.53761,
10.991060, 396.70501, 4.6352707, 194.59336, 195.66546,
10.999490, 406.24369, 4.5290153, 195.64539, 196.76693,
11.007920, 399.59353, 4.4550206, 196.67254, 197.84265,
11.016340, 386.49973, 4.3380202, 197.67388, 198.89155,
11.024770, 382.67185, 4.4170504, 198.65224, 199.91651,
11.033190, 382.62908, 3.8543090, 199.60585, 200.91554,
11.041610, 364.75406, 3.8537194, 200.53625, 201.89018,
11.050030, 356.40665, 3.8813239, 201.44386, 202.84077,
11.058450, 348.93445, 4.0342679, 202.32908, 203.76767,
11.066870, 333.54156, 4.0766853, 203.19232, 204.67121,
11.075290, 340.47917, 4.0998898, 204.03399, 205.55173,
11.083700, 340.93265, 3.9952610, 204.85354, 206.40861,
11.092120, 333.41878, 4.1722059, 205.65322, 207.24414,
11.100530, 340.34415, 4.5711977, 206.43152, 208.05665,
11.108940, 352.40158, 5.0732601, 207.18990, 208.84761,
11.117350, 348.62498, 6.2301775, 207.92854, 209.61718,
11.120570, 374.30669, 4.4228017, 208.20629, 209.90633,
11.129530, 370.00847, 4.1571452, 208.96430, 210.69471,
11.138500, 391.97445, 4.2505785, 209.70184, 211.46068,
11.147460, 435.47580, 4.5589495, 210.41760, 212.20283,
11.156430, 485.88020, 4.8232373, 211.11368, 212.92327,
11.165390, 566.10782, 4.9299327, 211.78885, 213.62071,
11.174350, 674.47865, 5.2762264, 212.44433, 214.29637,
11.183300, 819.56795, 6.0586697, 213.07985, 214.94994,
11.192260, 960.55571, 6.5533940, 213.69713, 215.58316,
11.201220, 1042.1040, 6.4954642, 214.29586, 216.19572,
11.210170, 1037.5865, 6.4301278, 214.87581, 216.78733,
11.219120, 1033.2962, 6.7918822, 215.43799, 217.35903,
11.228070, 1028.5110, 7.4182672, 215.98275, 217.91118,
11.237020, 1037.6720, 6.4084868, 216.51038, 218.44406,
11.245970, 1027.1585, 6.4513479, 217.02134, 218.95814,
11.254920, 1021.1765, 6.6805512, 217.51592, 219.45371,
11.263860, 985.25497, 6.5309190, 217.99389, 219.93057,
11.272800, 949.12074, 6.1758027, 218.45622, 220.38970,
11.281750, 901.57906, 6.1148534, 218.90359, 220.83179,
11.290690, 861.43909, 6.2281243, 219.33547, 221.25635,
11.299630, 824.08673, 6.0815190, 219.75256, 221.66409,
11.308560, 778.18297, 5.7206027, 220.15479, 222.05498,
11.317500, 721.61586, 5.5662319, 220.54331, 222.43019,
11.326430, 677.86508, 5.6116714, 220.91760, 222.78924,
11.335370, 640.72508, 5.3647040, 221.27874, 223.13323,
11.344300, 601.60732, 4.9935947, 221.62625, 223.46174,
11.353230, 573.18736, 4.8985382, 221.96080, 223.77547,
11.362160, 549.55240, 4.9945929, 222.28263, 224.07470,
11.371080, 520.66206, 4.7748439, 222.59176, 224.35952,
11.380010, 499.07024, 4.5203999, 222.88906, 224.63080,
11.388930, 481.50469, 4.4756469, 223.17421, 224.88831,
11.397850, 449.42803, 4.5157668, 223.44774, 225.13261,
11.406780, 438.72920, 4.4238586, 223.71023, 225.36431,
11.415700, 416.79333, 4.1284151, 223.96132, 225.58316,
11.424610, 403.80933, 4.3793631, 224.20132, 225.78954,
11.433530, 399.10865, 4.3243040, 224.43098, 225.98418,
11.442450, 375.58952, 4.1806128, 224.65029, 226.16716,
11.451360, 354.71133, 3.8742597, 224.85925, 226.33861,
11.460270, 343.86388, 3.9317114, 225.05835, 226.49902,
11.469180, 331.56537, 4.0129255, 225.24782, 226.64868,
11.478090, 328.90907, 4.0157287, 225.42787, 226.78790,
11.487000, 315.11660, 3.7914104, 225.59873, 226.91695,
11.495910, 301.07365, 3.8321918, 225.76060, 227.03614,
11.504810, 288.74319, 4.0127613, 225.91357, 227.14564,
11.513710, 288.98158, 3.9493251, 226.05801, 227.24587,
11.522620, 275.79100, 3.7795866, 226.19429, 227.33722,
11.531520, 278.55747, 3.8710286, 226.32230, 227.41976,
11.540420, 274.93990, 4.1417079, 226.44242, 227.49390,
11.549310, 274.17216, 4.1890598, 226.55471, 227.55984,
11.558210, 267.15590, 5.1620137, 226.65964, 227.61801,
11.567100, 266.64537, 4.3377387, 226.75714, 227.66855,
11.576000, 263.51960, 4.2493427, 226.84766, 227.71188,
11.584890, 241.11488, 4.1057136, 226.93117, 227.74816,
11.593780, 260.47153, 4.2584787, 227.00795, 227.77772,
11.602670, 238.50263, 4.3527733, 227.07820, 227.80084,
11.611560, 245.39900, 4.4302985, 227.14212, 227.81780,
11.620440, 239.99198, 4.7162227, 227.19980, 227.82885,
11.629330, 234.85667, 4.4301908, 227.25157, 227.83430,
11.638210, 235.52657, 4.8035276, 227.29749, 227.83441,
11.647090, 234.17907, 4.9379387, 227.33778, 227.82946,
11.655970, 227.63792, 5.1926901, 227.37263, 227.81971,
11.664850, 228.15173, 3.9016375, 227.40221, 227.80544,
11.673730, 222.67530, 2.9405191, 227.42668, 227.78692,
11.682600, 226.14520, 3.6007667, 227.44620, 227.76444,
11.691480, 225.47272, 3.3490587, 227.46098, 227.73822,
11.700350, 225.24928, 3.5018376, 227.47113, 227.70858,
11.709220, 226.82145, 3.8427616, 227.47686, 227.67577,
11.718090, 228.94933, 3.7571648, 227.47832, 227.64004,
11.726960, 222.71663, 4.0992449, 227.47566, 227.60167,
11.735830, 235.40875, 4.1622625, 227.46905, 227.56091,
11.744690, 232.64030, 4.3517853, 227.45866, 227.51809,
11.753560, 230.97458, 3.8649804, 227.44462, 227.47337,
11.762420, 230.45365, 4.2189875, 227.42712, 227.42712,
11.771280, 220.89307, 5.0980312, 227.40624, 227.37946,
11.775020, 222.17398, 3.3607543, 227.39642, 227.35892,
11.784500, 233.76190, 3.7493840, 227.36874, 227.30559,
11.793980, 232.05137, 14.234028, 227.33701, 227.25031,
11.803460, 241.80673, 4.1194658, 227.30112, 227.19290,
11.812940, 226.78112, 3.2274322, 227.26097, 227.13318,
11.822420, 235.07407, 3.4073405, 227.21643, 227.07096,
11.831890, 234.74442, 3.4739495, 227.16746, 227.00612,
11.841360, 239.26297, 3.6827884, 227.11390, 226.93842,
11.850840, 241.95175, 3.2393157, 227.05556, 226.86758,
11.860310, 245.90292, 3.3592035, 226.99245, 226.79358,
11.869770, 252.27788, 3.4200171, 226.92447, 226.71623,
11.879240, 254.05404, 3.2785532, 226.85135, 226.63519,
11.888710, 253.89805, 3.1879264, 226.77305, 226.55034,
11.898170, 251.80672, 3.2372919, 226.68951, 226.46159,
11.907630, 252.31963, 3.3018587, 226.60055, 226.36868,
11.917090, 256.26279, 3.3420548, 226.50603, 226.27139,
11.926550, 250.67912, 3.7369442, 226.40582, 226.16956,
11.936010, 257.61030, 3.2024064, 226.29978, 226.06298,
11.945470, 257.86940, 3.2598719, 226.18779, 225.95146,
11.954920, 260.12330, 3.2058317, 226.06983, 225.83494,
11.964370, 261.37720, 3.5763829, 225.94565, 225.71311,
11.973830, 254.86480, 3.0617451, 225.81495, 225.58563,
11.983280, 259.26460, 3.1949142, 225.67789, 225.45258,
11.992720, 262.58217, 3.1863173, 225.53434, 225.31380,
12.002170, 266.20525, 3.1744088, 225.38383, 225.16878,
12.011610, 251.73348, 3.0453598, 225.22652, 225.01763,
12.021060, 253.32867, 3.2170529, 225.06196, 224.85984,
12.030500, 251.44287, 3.1485223, 224.89030, 224.69554,
12.039940, 248.05803, 3.0674671, 224.71125, 224.52438,
12.049380, 247.60055, 3.0296796, 224.52461, 224.34613,
12.058820, 249.30835, 3.1417804, 224.33025, 224.16064,
12.068250, 247.80045, 3.2060701, 224.12819, 223.96786,
12.077690, 242.92570, 3.0901494, 223.91784, 223.76720,
12.087120, 241.66973, 3.0403093, 223.69948, 223.55890,
12.096550, 230.36075, 3.0611715, 223.47272, 223.34252,
12.105980, 230.65637, 3.2473265, 223.23736, 223.11786,
12.115410, 237.84748, 3.2694688, 222.99324, 222.88472,
12.124830, 236.05842, 3.2687683, 222.74041, 222.64313,
12.134260, 227.84480, 3.1376394, 222.47819, 222.39239,
12.143680, 229.66283, 3.2507535, 222.20693, 222.13283,
12.153100, 226.66680, 3.2499669, 221.92613, 221.86394,
12.162520, 239.88260, 3.9251101, 221.63561, 221.58552,
12.171940, 222.68740, 3.1915044, 221.33520, 221.29739,
12.181360, 220.48427, 3.3182236, 221.02463, 220.99927,
12.190770, 227.54343, 3.5968528, 220.70409, 220.69133,
12.200180, 227.71027, 3.3541903, 220.37301, 220.37301,
12.209600, 213.70533, 3.2534301, 220.03088, 220.04380,
12.219010, 212.42175, 3.4335665, 219.67863, 219.70457,
12.228420, 234.43880, 3.6300962, 219.31615, 219.35517,
12.237820, 227.96405, 3.6212060, 218.94410, 218.99620,
12.247230, 219.03375, 3.5331091, 218.56190, 218.62709,
12.256630, 231.78467, 3.6405699, 218.17062, 218.24882,
12.266040, 272.95940, 4.3825708, 217.76968, 217.86081,
12.275440, 490.00110, 5.4921177, 217.36015, 217.46407,
12.284840, 500.84546, 5.5224356, 216.94189, 217.05844,
12.294230, 292.41840, 4.5314162, 216.51548, 216.64447,
12.303630, 234.91222, 4.5870257, 216.08038, 216.22159,
12.313030, 246.68795, 4.3418946, 215.63714, 215.79034,
12.322420, 247.19520, 4.9640728, 215.18654, 215.35144,
12.331810, 244.81565, 3.4147100, 214.72830, 214.90461,
12.341200, 237.49112, 3.0299166, 214.26263, 214.45005,
12.350590, 248.58768, 3.2809084, 213.78975, 213.98795,
12.359980, 258.46450, 3.2105452, 213.30986, 213.51849,
12.369360, 255.86436, 3.4793216, 212.82366, 213.04235,
12.378750, 257.48432, 3.2528357, 212.33038, 212.55875,
12.388130, 255.30226, 3.2615251, 211.83120, 212.06887,
12.397510, 262.67692, 3.3659854, 211.32587, 211.57244,
12.406890, 266.74585, 3.2824635, 210.81451, 211.06955,
12.416270, 265.87590, 3.3599331, 210.29733, 210.56043,
12.425640, 263.27103, 3.7009618, 209.77513, 210.04585,
12.435020, 276.86250, 3.5991226, 209.24691, 209.52484,
12.444390, 281.00970, 3.4206749, 208.71406, 208.99874,
12.453760, 285.43285, 4.0476015, 208.17616, 208.46714,
12.463130, 280.88747, 3.7928413, 207.63339, 207.93023,
12.472500, 287.05172, 3.9163111, 207.08593, 207.38819,
12.481870, 299.25475, 4.9184455, 206.53397, 206.84119,
12.489420, 296.76113, 3.9178867, 206.08604, 206.39693,
12.499490, 315.24178, 4.1627205, 205.48440, 205.79973,
12.509550, 318.92902, 3.8544919, 204.87872, 205.19797,
12.519610, 331.74903, 3.7759285, 204.26863, 204.59128,
12.529670, 335.55938, 3.8496244, 203.65440, 203.97995,
12.539730, 337.35380, 3.9408145, 203.03613, 203.36407,
12.549780, 335.97940, 4.6170715, 202.41473, 202.74456,
12.559840, 340.39795, 3.7836548, 201.78911, 202.12033,
12.569890, 349.33315, 3.7460891, 201.16077, 201.49291,
12.579940, 343.34933, 3.8184659, 200.52928, 200.86185,
12.589990, 363.68715, 3.9174735, 199.89482, 200.22735,
12.600040, 368.51465, 3.8443299, 199.25753, 199.58958,
12.610090, 383.00233, 3.8461281, 198.61775, 198.94886,
12.620130, 392.60590, 4.0927049, 197.97626, 198.30600,
12.630170, 400.84721, 4.0043672, 197.33255, 197.66049,
12.640210, 407.77140, 4.0233992, 196.68686, 197.01259,
12.650250, 393.59703, 3.7817833, 196.03939, 196.36252,
12.660290, 399.28629, 3.8040396, 195.39039, 195.71053,
12.670330, 407.33885, 3.8779901, 194.73994, 195.05670,
12.680360, 425.76501, 4.0114328, 194.08896, 194.40200,
12.690390, 442.93603, 4.0258799, 193.43696, 193.74594,
12.700420, 457.00125, 3.9775843, 192.78409, 193.08866,
12.710450, 466.76070, 4.0035135, 192.13064, 192.43049,
12.720480, 470.03741, 4.1674561, 191.47674, 191.77157,
12.730500, 465.99720, 4.5679088, 190.82322, 191.11273,
12.740530, 468.43148, 3.9801371, 190.16900, 190.45293,
12.750550, 447.99168, 3.8227250, 189.51553, 189.79361,
12.760570, 450.01102, 3.9422974, 188.86242, 189.13442,
12.770590, 444.98142, 3.9738212, 188.20976, 188.47542,
12.780610, 442.04473, 3.8802779, 187.55778, 187.81690,
12.790620, 435.08940, 4.4780960, 186.90736, 187.15973,
12.800640, 424.32832, 3.8087511, 186.25732, 186.50275,
12.810650, 422.36430, 3.8621425, 185.60921, 185.84753,
12.820660, 404.06722, 3.7656644, 184.96255, 185.19358,
12.830670, 367.83065, 3.5427859, 184.31745, 184.54105,
12.840680, 341.61005, 3.3991629, 183.67424, 183.89026,
12.850680, 329.21855, 3.4280271, 183.03366, 183.24197,
12.860690, 300.21795, 3.3470358, 182.39467, 182.59515,
12.870690, 284.55772, 3.1991961, 181.75869, 181.95123,
12.880690, 264.29257, 3.0547640, 181.12536, 181.30986,
12.890690, 253.60045, 3.0358882, 180.49475, 180.67113,
12.900680, 240.04222, 3.0904231, 179.86778, 180.03595,
12.910680, 231.22322, 3.0241434, 179.24333, 179.40321,
12.920670, 222.21820, 2.8903027, 178.62291, 178.77444,
12.930670, 214.23537, 2.8644587, 178.00541, 178.14851,
12.940660, 218.07790, 2.9040001, 177.39228, 177.52690,
12.950640, 205.91752, 2.9915053, 176.78382, 176.90991,
12.960630, 197.12610, 2.8835865, 176.17884, 176.29634,
12.970620, 197.11290, 2.8609058, 175.57831, 175.68716,
12.980600, 192.99148, 2.8856034, 174.98294, 175.08310,
12.990580, 192.37037, 3.0179148, 174.39241, 174.48383,
13.000560, 187.60850, 3.0011390, 173.80684, 173.88946,
13.010540, 180.76353, 3.0810924, 173.22649, 173.30026,
13.020520, 183.58275, 2.9456312, 172.65158, 172.71642,
13.030490, 180.17665, 3.1885799, 172.08292, 172.13878,
13.040470, 182.27112, 3.1782242, 171.51953, 171.56633,
13.050440, 175.83303, 3.1343896, 170.96282, 171.00048,
13.060410, 172.81635, 3.0943574, 170.41242, 170.44084,
13.070380, 173.41768, 3.2694677, 169.86852, 169.88759,
13.080350, 166.42793, 3.4164940, 169.33143, 169.34103,
13.090310, 169.08080, 3.5176716, 168.80185, 168.80185,
13.100280, 167.68837, 3.3648551, 168.27893, 168.26918,
13.110240, 167.39447, 3.3828114, 167.76358, 167.74397,
13.120200, 167.89790, 3.6900884, 167.25515, 167.22560,
13.130160, 167.75937, 3.9281489, 166.75348, 166.71395,
13.140110, 172.76775, 3.1885174, 166.25893, 166.20943,
13.150070, 168.50115, 2.3619699, 165.77033, 165.71088,
13.160020, 166.57825, 2.3480395, 165.28855, 165.21921,
13.169980, 163.42628, 2.8171254, 164.81245, 164.73330,
13.179930, 168.67618, 2.7846083, 164.34287, 164.25405,
13.189870, 171.15640, 2.7866023, 163.87964, 163.78128,
13.199820, 165.09472, 2.7119534, 163.42172, 163.31400,
13.209770, 162.25737, 2.9802775, 162.96939, 162.85249,
13.219710, 167.92043, 2.8453051, 162.52303, 162.39718,
13.229650, 162.80410, 2.6651057, 162.08208, 161.94752,
13.239590, 157.68535, 2.8200575, 161.64634, 161.50331,
13.249530, 167.72640, 3.1172811, 161.21572, 161.06450,
13.259470, 150.19598, 2.9188011, 160.79011, 160.63099,
13.269410, 155.24882, 2.6909729, 160.36939, 160.20268,
13.279340, 164.98728, 3.5338849, 159.95387, 159.77990,
13.289270, 155.78217, 3.6061718, 159.54298, 159.36208,
13.299200, 163.94895, 3.6298013, 159.13666, 158.94918,
13.309130, 155.80752, 3.4132958, 158.73478, 158.54107,
13.318260, 157.15192, 2.5416734, 158.36907, 158.16996,
13.328980, 158.87945, 2.5229240, 157.94424, 157.73920,
13.339690, 160.61398, 2.5051161, 157.52462, 157.31410,
13.350400, 159.96625, 2.5612676, 157.10967, 156.89413,
13.361120, 162.09820, 2.5385564, 156.69886, 156.47876,
13.371830, 158.45900, 2.3786813, 156.29288, 156.06870,
13.382530, 165.27425, 2.4098032, 155.89156, 155.66377,
13.393240, 161.99410, 2.4461024, 155.49406, 155.26314,
13.403940, 169.05360, 2.5334347, 155.10097, 154.86741,
13.414650, 169.32185, 2.7805498, 154.71149, 154.47577,
13.425350, 172.23650, 2.4352033, 154.32619, 154.08880,
13.436050, 170.22778, 2.4020848, 153.94461, 153.70603,
13.446740, 174.16898, 2.6121262, 153.56702, 153.32774,
13.457440, 183.61445, 2.6227066, 153.19257, 152.95307,
13.468130, 189.24734, 2.5226298, 152.82189, 152.58265,
13.478830, 186.80280, 2.5390463, 152.45414, 152.21564,
13.489520, 183.26240, 2.4510165, 152.08996, 151.85265,
13.500200, 191.31057, 2.6003969, 151.72919, 151.49355,
13.510890, 196.35427, 2.6551147, 151.37110, 151.13757,
13.521570, 202.24163, 2.5938658, 151.01622, 150.78527,
13.532260, 212.83088, 2.6039652, 150.66384, 150.43589,
13.542940, 215.22977, 2.6709442, 150.31448, 150.08998,
13.553620, 205.55917, 2.7201045, 149.96774, 149.74710,
13.564290, 206.54380, 2.6975013, 149.62386, 149.40749,
13.574970, 192.62278, 2.5571878, 149.28208, 149.07038,
13.585640, 192.36895, 2.5948210, 148.94299, 148.73635,
13.596320, 198.79243, 2.6891134, 148.60582, 148.40462,
13.606990, 187.92763, 2.6871809, 148.27115, 148.07575,
13.617650, 175.41650, 2.8564851, 147.93887, 147.74961,
13.628320, 177.40210, 2.5093116, 147.60830, 147.42552,
13.638980, 178.83382, 2.6562099, 147.27993, 147.10396,
13.649650, 174.55172, 2.5724950, 146.95311, 146.78426,
13.660310, 171.65898, 2.7098182, 146.62834, 146.46689,
13.670970, 168.80112, 3.3482752, 146.30525, 146.15147,
13.681630, 168.49453, 2.4985981, 145.98375, 145.83791,
13.692280, 167.79260, 2.8839652, 145.66408, 145.52641,
13.702940, 158.02305, 2.5941707, 145.34554, 145.21628,
13.713590, 158.74645, 2.5850764, 145.02867, 144.90801,
13.724240, 157.66213, 2.4912254, 144.71306, 144.60120,
13.734890, 153.63055, 2.4298891, 144.39868, 144.29580,
13.745530, 148.01532, 2.4058528, 144.08572, 143.99196,
13.756180, 147.60292, 2.5943227, 143.77354, 143.68904,
13.766820, 149.00320, 2.5723955, 143.46262, 143.38750,
13.777460, 146.60725, 2.4901232, 143.15262, 143.08697,
13.788100, 139.59372, 2.4014327, 142.84345, 142.78735,
13.798740, 138.54417, 2.4179785, 142.53506, 142.48856,
13.809380, 140.62445, 2.5042467, 142.22738, 142.19054,
13.820010, 135.70498, 2.6470729, 141.92058, 141.89339,
13.830640, 140.40963, 2.7085661, 141.61435, 141.59683,
13.841270, 144.91367, 2.5094891, 141.30858, 141.30069,
13.851900, 137.88690, 2.4588453, 141.00325, 141.00496,
13.862530, 139.80685, 2.9137899, 140.69828, 140.70953,
13.873150, 143.23627, 2.8910348, 140.39395, 140.41466,
13.883780, 136.61512, 2.6330916, 140.08974, 140.11984,
13.894400, 136.18275, 2.5501965, 139.78620, 139.82560,
13.905020, 138.33622, 2.7008501, 139.48308, 139.53168,
13.915640, 143.31165, 2.8629164, 139.18040, 139.23809,
13.926250, 140.25510, 2.8110450, 138.87844, 138.94509,
13.936870, 137.49508, 2.8300899, 138.57670, 138.65220,
13.947480, 141.42535, 2.9768502, 138.27570, 138.35989,
13.958090, 151.12215, 3.0123625, 137.97522, 138.06796,
13.968700, 155.11263, 3.1690735, 137.67524, 137.77636,
13.979310, 147.17225, 3.2563923, 137.37582, 137.48516,
13.989910, 151.83788, 3.1591680, 137.07723, 137.19459,
14.000520, 144.15925, 3.3564905, 136.77894, 136.90414,
14.011120, 148.85512, 3.2967406, 136.48151, 136.61434,
14.021720, 139.98033, 3.8752695, 136.18469, 136.32494,
14.032320, 140.65155, 3.4298444, 135.88850, 136.03594,
14.042920, 145.25378, 3.5591309, 135.59297, 135.74734,
14.053510, 142.22310, 3.7676804, 135.29839, 135.45945,
14.064110, 142.89267, 3.4686720, 135.00421, 135.17169,
14.074700, 136.66043, 3.6348437, 134.71100, 134.88463,
14.085290, 150.78197, 3.8866508, 134.41855, 134.59803,
14.095870, 145.13325, 2.7813973, 134.12711, 134.31213,
14.106460, 138.53620, 2.3454531, 133.83618, 134.02642,
14.117040, 145.26112, 2.4968582, 133.54630, 133.74144,
14.127630, 141.90410, 2.5276034, 133.25695, 133.45664,
14.138210, 145.64175, 2.7148534, 132.96872, 133.17260,
14.148790, 150.82885, 2.9335352, 132.68135, 132.88905,
14.159370, 149.30285, 3.0838784, 132.39487, 132.60599,
14.169940, 155.64657, 3.4125061, 132.10957, 132.32371,
14.180520, 155.58635, 5.5220410, 131.82492, 132.04165,
14.182090, 154.44703, 2.8328002, 131.78277, 131.99985,
14.193560, 165.24120, 2.6831178, 131.47542, 131.69475,
14.205030, 161.45680, 2.7479515, 131.16920, 131.39024,
14.216500, 165.32835, 2.8877762, 130.86419, 131.08639,
14.227970, 165.07983, 2.8084255, 130.56041, 130.78318,
14.239430, 166.33932, 2.7646846, 130.25814, 130.48088,
14.250890, 150.89793, 2.4895490, 129.95719, 130.17927,
14.262350, 147.19913, 2.7315514, 129.65754, 129.87832,
14.273810, 145.83145, 6.3506833, 129.35925, 129.57805,
14.285270, 150.79652, 2.7161524, 129.06238, 129.27850,
14.296730, 145.05157, 2.4780939, 128.76693, 128.97965,
14.308180, 142.68832, 2.4245971, 128.47322, 128.68179,
14.319630, 138.55655, 2.4074436, 128.18102, 128.38466,
14.331080, 135.44195, 2.4305235, 127.89035, 128.08826,
14.342530, 132.08520, 2.3771866, 127.60130, 127.79265,
14.353970, 132.54743, 2.2082718, 127.31415, 127.49808,
14.365410, 130.93338, 2.2639602, 127.02864, 127.20427,
14.376860, 134.75360, 2.5353577, 126.74462, 126.91102,
14.388300, 131.89990, 2.4466476, 126.46260, 126.61882,
14.399730, 127.19827, 2.1884164, 126.18264, 126.32772,
14.411170, 126.38720, 2.0468610, 125.90428, 126.03719,
14.422600, 122.98487, 2.0067574, 125.62807, 125.74778,
14.434030, 117.74980, 2.1233936, 125.35381, 125.45923,
14.445460, 123.59723, 2.1018528, 125.08153, 125.17154,
14.456890, 123.36815, 2.0553841, 124.81131, 124.88477,
14.468320, 120.76522, 2.0052336, 124.54319, 124.59891,
14.479740, 125.59623, 1.9750877, 124.27745, 124.31421,
14.491160, 124.33375, 1.9955420, 124.01391, 124.03045,
14.502580, 128.02260, 2.3052383, 123.75265, 123.74767,
14.514000, 119.71680, 2.1490564, 123.49362, 123.46584,
14.525420, 121.34598, 2.1719005, 123.23675, 123.18507,
14.536830, 122.34038, 1.9869121, 122.98214, 122.90567,
14.548240, 125.07490, 2.0820569, 122.72944, 122.62746,
14.559650, 120.67153, 2.7656459, 122.47851, 122.35047,
14.571060, 120.57445, 2.3254710, 122.22928, 122.07483,
14.582470, 119.89945, 2.6965668, 121.98161, 121.80058,
14.593870, 116.79790, 2.2515825, 121.73559, 121.52802,
14.605270, 121.80997, 2.2445310, 121.49089, 121.25699,
14.616670, 117.60580, 2.1816881, 121.24744, 120.98759,
14.628070, 118.48668, 2.4092953, 121.00506, 120.71983,
14.639470, 110.91360, 2.3894270, 120.76367, 120.45381,
14.650860, 113.95050, 2.2242312, 120.52339, 120.18985,
14.662260, 111.74140, 2.0602011, 120.28365, 119.92752,
14.673650, 111.98428, 2.1500641, 120.04479, 119.66740,
14.685040, 115.94900, 2.1145914, 119.80646, 119.40928,
14.696420, 115.28062, 2.2086641, 119.56881, 119.15351,
14.707810, 113.72108, 2.0390499, 119.33124, 118.89965,
14.719190, 116.23468, 2.0265937, 119.09414, 118.64830,
14.730570, 115.48693, 2.2543510, 118.85712, 118.39924,
14.741950, 114.77612, 2.3730297, 118.62011, 118.15257,
14.753330, 112.33365, 2.2268539, 118.38300, 117.90836,
14.764700, 116.90987, 2.2337211, 118.14589, 117.66692,
14.776080, 108.57718, 2.0338843, 117.90823, 117.42788,
14.787450, 111.75020, 2.1763043, 117.67037, 117.19174,
14.798820, 114.58357, 2.1764692, 117.43197, 116.95838,
14.810190, 114.80665, 2.1757633, 117.19289, 116.72784,
14.821550, 110.93895, 2.2840766, 116.95329, 116.50043,
14.832920, 111.52220, 2.1251955, 116.71261, 116.27583,
14.844280, 115.57637, 2.1944068, 116.47116, 116.05450,
14.855640, 112.30688, 2.2786247, 116.22862, 115.83633,
14.866990, 108.98955, 2.6727463, 115.98511, 115.62159,
14.878350, 110.64835, 2.5004331, 115.74007, 115.40997,
14.889710, 106.39855, 2.2447256, 115.49360, 115.20176,
14.901060, 111.80533, 2.4378011, 115.24583, 114.99722,
14.912410, 111.54680, 2.6014607, 114.99641, 114.79624,
14.923760, 115.65873, 2.6703347, 114.74521, 114.59889,
14.935100, 110.97923, 2.7818488, 114.49238, 114.40547,
14.946450, 109.75155, 2.5882680, 114.23731, 114.21567,
14.957790, 109.25610, 2.5277303, 113.98046, 114.02995,
14.969130, 123.34462, 3.0645162, 113.72268, 113.84819,
14.980470, 115.51745, 2.7934013, 113.46562, 113.67040,
14.991810, 104.09967, 3.0487125, 113.21103, 113.49664,
15.003140, 119.18063, 3.0123120, 112.96082, 113.32708,
15.014480, 118.74833, 3.0202095, 112.71632, 113.16150,
15.025810, 119.31097, 3.3406215, 112.47961, 113.00017,
15.037140, 113.39013, 3.1227372, 112.25225, 112.84304,
15.048460, 113.09447, 3.0189980, 112.03611, 112.69025,
15.059790, 114.08315, 3.2691790, 111.83257, 112.54159,
15.071110, 118.34887, 3.0140810, 111.64371, 112.39735,
15.082440, 105.19227, 2.6341502, 111.47093, 112.25732,
15.093750, 109.58840, 2.0441320, 111.31645, 112.12194,
15.105070, 111.39860, 2.2307676, 111.18157, 111.99085,
15.116390, 113.68883, 2.3383701, 111.06822, 111.86425,
15.127700, 117.67195, 2.2738215, 110.97826, 111.74229,
15.139020, 120.32237, 2.3623243, 110.91330, 111.62478,
15.150330, 105.52927, 2.2253164, 110.87529, 111.51201,
15.162390, 106.94757, 2.8595877, 110.86640, 111.39690,
15.174730, 113.77368, 2.6790395, 110.89340, 111.28467,
15.187070, 110.79410, 2.7448502, 110.95929, 111.17815,
15.199410, 106.36972, 2.9844457, 111.06652, 111.07738,
15.211740, 113.86010, 2.7976395, 111.21671, 110.98251,
15.224080, 110.65875, 2.8159868, 111.40886, 110.89330,
15.236410, 111.37250, 2.6466679, 111.64052, 110.80982,
15.248740, 119.61535, 2.7865537, 111.90970, 110.73190,
15.261060, 123.05417, 2.9293359, 112.21405, 110.65951,
15.273390, 120.87297, 2.8054190, 112.55202, 110.59244,
15.285710, 129.61660, 3.4762578, 112.92103, 110.53071,
15.298030, 114.97010, 2.6592887, 113.31928, 110.47419,
15.310350, 116.50300, 2.7413149, 113.74484, 110.42278,
15.322660, 111.14017, 2.7129515, 114.19530, 110.37645,
15.334980, 116.25275, 2.8087190, 114.66942, 110.33504,
15.347290, 107.78953, 2.6452010, 115.16453, 110.29853,
15.359600, 108.57358, 2.4035552, 115.67906, 110.26681,
15.371900, 116.14530, 2.4698764, 116.21062, 110.23983,
15.384210, 113.50910, 2.4214688, 116.75823, 110.21747,
15.396510, 105.68426, 3.1834580, 117.31909, 110.19968,
15.408810, 120.58808, 2.7899840, 117.89170, 110.18637,
15.421110, 118.92290, 2.4988938, 118.47427, 110.17748,
15.433410, 117.25293, 2.4346115, 119.06484, 110.17294,
15.445700, 118.87992, 2.2724309, 119.66113, 110.17266,
15.457990, 117.64548, 2.3133620, 120.26175, 110.17658,
15.470280, 118.35888, 2.4621937, 120.86482, 110.18463,
15.482570, 116.66078, 2.6797697, 121.46852, 110.19675,
15.494860, 118.98290, 2.3847094, 122.07098, 110.21287,
15.507140, 123.05482, 2.4752373, 122.66989, 110.23290,
15.519420, 117.74225, 2.3580779, 123.26382, 110.25679,
15.531700, 122.73877, 2.5713270, 123.85103, 110.28450,
15.543980, 120.31710, 2.3717529, 124.42954, 110.31594,
15.556260, 121.30768, 2.4863356, 124.99761, 110.35107,
15.568530, 122.54493, 2.0607217, 125.55284, 110.38979,
15.580800, 125.53320, 2.1219486, 126.09384, 110.43206,
15.593070, 129.81045, 2.2723427, 126.61875, 110.47784,
15.605340, 124.28317, 2.2258530, 127.12572, 110.52707,
15.617600, 129.50293, 2.2368076, 127.61398, 110.57965,
15.629860, 126.88070, 2.0486516, 128.08528, 110.63555,
15.642120, 127.81370, 2.0077704, 128.54112, 110.69473,
15.654380, 128.08297, 2.3727557, 128.98288, 110.75714,
15.666640, 126.03110, 2.3595054, 129.41204, 110.82272,
15.678890, 129.11098, 2.5485006, 129.82965, 110.89137,
15.691140, 127.98157, 2.2267055, 130.23748, 110.96308,
15.703390, 127.82515, 2.1690696, 130.63695, 111.03782,
15.715640, 134.46202, 2.3130612, 131.02943, 111.11552,
15.727890, 132.54495, 2.4506888, 131.41634, 111.19614,
15.740130, 128.02762, 2.4230848, 131.79876, 111.27958,
15.752370, 132.38437, 2.4869657, 132.17835, 111.36583,
15.764610, 134.69571, 2.2905301, 132.55656, 111.45487,
15.776850, 138.07512, 2.3218789, 132.93470, 111.54663,
15.789090, 138.40330, 2.5352554, 133.31421, 111.64109,
15.801320, 144.66425, 3.7144685, 133.69612, 111.73811,
15.813550, 142.68903, 2.9273136, 134.08213, 111.83774,
15.825780, 137.20670, 4.2567643, 134.47363, 111.93992,
15.838010, 130.24183, 5.4425634, 134.87201, 112.04462,
15.850230, 141.45392, 2.4589951, 135.27832, 112.15171,
15.862450, 144.22847, 2.4878358, 135.69424, 112.26122,
15.874670, 146.08838, 2.5608899, 136.12124, 112.37314,
15.886890, 149.28920, 2.7679513, 136.56069, 112.48740,
15.899110, 146.65363, 2.6716377, 137.01397, 112.60398,
15.911320, 142.31932, 2.6044645, 137.48215, 112.72274,
15.923540, 149.76707, 2.7317722, 137.96745, 112.84385,
15.935750, 144.47300, 3.2768570, 138.47046, 112.96705,
15.947960, 141.83248, 2.9105558, 138.99305, 113.09242,
15.960160, 143.35612, 2.8887108, 139.53626, 113.21982,
15.972370, 140.08883, 3.0409350, 140.10240, 113.34942,
15.984570, 147.41160, 2.9995091, 140.69203, 113.48097,
15.996770, 151.71218, 2.7920037, 141.30718, 113.61455,
16.008961, 152.43173, 2.8426696, 141.94881, 113.75002,
16.021160, 153.19185, 2.9457410, 142.61941, 113.88754,
16.033350, 154.70863, 3.1915915, 143.31952, 114.02688,
16.045549, 149.77818, 2.7776930, 144.05182, 114.16823,
16.057739, 151.57800, 3.4318813, 144.81676, 114.31133,
16.069920, 158.01967, 3.0673781, 145.61585, 114.45615,
16.082109, 146.11373, 3.0277151, 146.45199, 114.60288,
16.094290, 136.14342, 3.1593032, 147.32552, 114.75128,
16.106470, 155.48538, 3.5474629, 148.23875, 114.90141,
16.118650, 148.57400, 3.0883853, 149.19339, 115.05326,
16.130831, 145.88585, 3.2506106, 150.19116, 115.20679,
16.143009, 144.55315, 3.1942879, 151.23366, 115.36195,
16.155180, 143.93348, 3.6507262, 152.32210, 115.51865,
16.167351, 159.62345, 4.0211683, 153.45896, 115.67694,
16.179520, 155.77475, 4.1972015, 154.64586, 115.83679,
16.191681, 142.48407, 3.4592766, 155.88407, 115.99808,
16.203850, 147.90912, 4.1641570, 157.17704, 116.16100,
16.216009, 151.92223, 4.9694020, 158.52486, 116.32528,
16.228170, 164.34406, 4.9006332, 159.93037, 116.49106,
16.240330, 176.28860, 5.1885643, 161.39079, 116.65826,
16.252489, 181.49120, 4.6263213, 162.90151, 116.82688,
16.264641, 179.95430, 4.9782218, 164.45668, 116.99679,
16.276791, 180.53015, 4.5306237, 166.05218, 117.16805,
16.288950, 194.71037, 4.9174995, 167.68476, 117.34079,
16.301090, 202.39145, 5.1126689, 169.34578, 117.51459,
16.313240, 212.26468, 5.2521834, 171.03440, 117.68983,
16.325380, 224.33290, 5.0005080, 172.74323, 117.86622,
16.337530, 223.07053, 3.8168942, 174.47026, 118.04400,
16.349670, 248.16820, 3.5703346, 176.20809, 118.22288,
16.361799, 279.92989, 3.4029216, 177.95175, 118.40281,
16.373940, 315.64336, 4.2666004, 179.69985, 118.58410,
16.386070, 331.23273, 3.7886342, 181.44470, 118.76643,
16.398211, 353.75335, 4.0794883, 183.18439, 118.95006,
16.410339, 369.27196, 4.1193687, 184.91124, 119.13465,
16.422461, 376.73570, 4.4482517, 186.62115, 119.32023,
16.434589, 369.99888, 4.6951895, 188.31159, 119.50703,
16.446711, 366.30410, 4.6039562, 189.97575, 119.69479,
16.458839, 360.52972, 4.6808433, 191.61101, 119.88373,
16.470961, 347.44480, 5.3064446, 193.21061, 120.07358,
16.483070, 334.90462, 4.5446511, 194.76937, 120.26428,
16.495190, 324.47502, 6.3841096, 196.28525, 120.45612,
16.500280, 294.88779, 4.5671777, 196.90769, 120.53700,
16.513599, 289.32825, 4.9920126, 198.49276, 120.74943,
16.526911, 268.78580, 3.8674902, 200.00904, 120.96289,
16.540211, 259.17173, 4.2680364, 201.44978, 121.17730,
16.553520, 247.60115, 3.9489734, 202.81077, 121.39298,
16.566820, 240.58650, 3.9828140, 204.08348, 121.60959,
16.580120, 224.58952, 3.5426957, 205.26230, 121.82727,
16.593420, 222.80772, 3.2940525, 206.34052, 122.04600,
16.606710, 213.91305, 3.1687256, 207.31071, 122.26559,
16.620001, 206.56808, 3.3224738, 208.16684, 122.48619,
16.633301, 211.21165, 3.3616354, 208.90248, 122.70794,
16.646589, 209.86250, 3.2939466, 209.50945, 122.93046,
16.659870, 205.77452, 3.1600489, 209.98112, 123.15380,
16.673149, 212.91150, 3.1511658, 210.31061, 123.37803,
16.686440, 206.55017, 3.0608497, 210.49081, 123.60336,
16.699711, 212.66677, 3.2027996, 210.51572, 123.82925,
16.712990, 213.02392, 3.3246635, 210.39575, 124.05614,
16.726271, 210.50650, 3.6015185, 210.14948, 124.28392,
16.739540, 209.18240, 3.0842546, 209.79594, 124.51234,
16.752810, 210.71793, 2.9222341, 209.35355, 124.74157,
16.766081, 209.90905, 2.7935666, 208.84070, 124.97163,
16.779341, 211.02425, 2.8573984, 208.27641, 125.20227,
16.792601, 204.94228, 2.9648965, 207.67861, 125.43367,
16.805870, 209.42978, 3.0381361, 207.06521, 125.66599,
16.819120, 206.84687, 3.1732823, 206.45585, 125.89871,
16.832380, 204.35445, 2.8369289, 205.86752, 126.13231,
16.845631, 196.57475, 2.7340000, 205.31939, 126.36643,
16.858891, 195.74965, 2.8689767, 204.82902, 126.60141,
16.872141, 201.37965, 3.1545982, 204.41551, 126.83689,
16.885380, 209.97127, 3.2965650, 204.09714, 127.07281,
16.898630, 204.63797, 3.2790116, 203.89185, 127.30957,
16.911869, 200.87635, 2.9905622, 203.81855, 127.54675,
16.925110, 208.88590, 2.8207445, 203.89567, 127.78457,
16.938351, 200.31950, 2.7813621, 204.14199, 128.02298,
16.951580, 202.88120, 2.8690204, 204.57592, 128.26176,
16.964821, 199.29180, 2.9099632, 205.20791, 128.50131,
16.978050, 212.33715, 3.2693724, 206.02069, 128.74120,
16.991270, 215.05175, 2.9012019, 206.99335, 128.98146,
17.004499, 227.14940, 2.9402422, 208.10686, 129.22241,
17.017719, 279.44688, 3.2984108, 209.33928, 129.46369,
17.030951, 509.58804, 4.6063294, 210.67231, 129.70568,
17.044161, 531.34053, 4.9902694, 212.08245, 129.94776,
17.057381, 281.75915, 3.5417563, 213.55276, 130.19049,
17.070601, 216.72038, 3.0750665, 215.06218, 130.43367,
17.083811, 221.35307, 2.9580995, 216.58960, 130.67712,
17.097019, 224.66945, 2.9354536, 218.11591, 130.92097,
17.110229, 222.54048, 3.0046392, 219.62158, 131.16526,
17.123430, 219.27905, 3.0584215, 221.08537, 131.40979,
17.136641, 225.10055, 3.0562580, 222.48939, 131.65488,
17.149839, 224.53555, 2.9830728, 223.81142, 131.90015,
17.163040, 218.72925, 3.1040785, 225.03278, 132.14582,
17.176229, 219.07198, 2.9757841, 226.13225, 132.39163,
17.189430, 223.92510, 3.1754321, 227.09151, 132.63800,
17.202620, 221.66368, 3.3187807, 227.88859, 132.88449,
17.215811, 228.37292, 3.4676696, 228.50404, 133.13134,
17.229000, 225.32315, 3.4270819, 228.91714, 133.37846,
17.242180, 230.40800, 3.5690056, 229.10727, 133.62570,
17.255369, 232.12510, 3.4621662, 229.06286, 133.87342,
17.268551, 230.29672, 3.3774540, 228.79392, 134.12126,
17.281719, 233.53470, 3.4232377, 228.31425, 134.36912,
17.294901, 244.06345, 3.6061037, 227.63590, 134.61749,
17.308069, 250.85045, 3.6361232, 226.77307, 134.86585,
17.321251, 255.34737, 3.4888202, 225.73674, 135.11469,
17.334410, 268.75768, 3.6081945, 224.54249, 135.36333,
17.347580, 275.90305, 3.7706422, 223.19987, 135.61239,
17.360750, 286.76362, 3.9162232, 221.72220, 135.86166,
17.373911, 288.78297, 4.4390901, 220.12291, 136.11093,
17.387070, 277.80544, 5.3105162, 218.41337, 136.36036,
17.400230, 263.88508, 4.1846334, 216.60512, 136.60998,
17.413380, 251.28235, 3.8266029, 214.71205, 136.85956,
17.426540, 265.95693, 4.1411772, 212.74278, 137.10950,
17.439690, 257.81359, 3.9185001, 210.71254, 137.35936,
17.452841, 245.28572, 3.9030165, 208.63114, 137.60938,
17.465981, 233.52695, 4.2304587, 206.51247, 137.85931,
17.479130, 231.32127, 4.4729989, 204.36485, 138.10954,
17.492270, 217.05460, 3.6446261, 202.20306, 138.35968,
17.505409, 206.16142, 3.6507906, 200.03722, 138.60990,
17.518551, 210.85647, 3.7796330, 197.87865, 138.86025,
17.531679, 207.56638, 4.0956876, 195.74150, 139.11041,
17.544821, 206.33648, 3.9686867, 193.63307, 139.36089,
17.557949, 200.59120, 3.9142408, 191.56933, 139.61116,
17.571079, 200.43848, 4.0945344, 189.55951, 139.86151,
17.584200, 182.53920, 4.0429862, 187.61705, 140.11170,
17.597330, 177.90628, 4.7355333, 185.75090, 140.36210,
17.610451, 177.33902, 4.2387626, 183.97432, 140.61233,
17.623569, 189.83338, 5.0579888, 182.28739, 140.86253,
17.636690, 195.52793, 4.7326296, 180.68659, 141.11275,
17.649799, 180.54300, 4.7078579, 179.17052, 141.36274,
17.662910, 185.27633, 4.2032147, 177.73465, 141.61273,
17.676029, 205.00183, 5.0784139, 176.37560, 141.86283,
17.689131, 209.87345, 5.1102508, 175.09308, 142.11256,
17.702240, 200.93865, 6.1522514, 173.88187, 142.36238,
17.715349, 190.43735, 5.5060153, 172.74006, 142.61213,
17.728451, 202.71430, 5.7257576, 171.66566, 142.86166,
17.741550, 196.09815, 5.3104723, 170.65555, 143.11107,
17.754641, 200.39382, 3.5711701, 169.70773, 143.36019,
17.767740, 203.23490, 3.5707258, 168.81835, 143.60940,
17.780830, 200.51042, 3.7168103, 167.98628, 143.85831,
17.793921, 203.30938, 3.6601089, 167.20848, 144.10709,
17.807011, 207.63657, 3.3400558, 166.48260, 144.35574,
17.820101, 208.26392, 3.6994850, 165.80634, 144.60424,
17.833179, 207.39427, 3.4550149, 165.17797, 144.85237,
17.846270, 193.11045, 3.4524837, 164.59417, 145.10055,
17.859341, 197.87000, 3.4771939, 164.05405, 145.34820,
17.872419, 193.75638, 4.0232841, 163.55430, 145.59580,
17.885500, 184.11390, 3.9085083, 163.09305, 145.84324,
17.898569, 188.94237, 3.7792539, 162.66864, 146.09027,
17.911640, 181.81990, 4.3000113, 162.27851, 146.33711,
17.924709, 180.97885, 4.1766804, 161.92073, 146.58369,
17.937780, 192.82878, 6.1159286, 161.59317, 146.83007,
17.941250, 173.63848, 3.5589052, 161.51106, 146.89543,
17.955721, 170.06937, 3.3807218, 161.18922, 147.16784,
17.970181, 163.59845, 3.4971131, 160.89893, 147.43971,
17.984650, 169.70000, 3.4034290, 160.63712, 147.71143,
17.999109, 166.59130, 4.4765985, 160.40149, 147.98262,
18.013571, 152.89250, 5.3666998, 160.18926, 148.25348,
18.028021, 164.48990, 4.1686065, 159.99802, 148.52375,
18.042480, 155.61765, 3.3345875, 159.82492, 148.79380,
18.056931, 156.13710, 3.1641651, 159.66766, 149.06327,
18.071381, 156.27777, 3.0566547, 159.52361, 149.33232,
18.085819, 154.73083, 3.4004312, 159.39034, 149.60071,
18.100269, 158.66955, 3.5456006, 159.26515, 149.86887,
18.114710, 165.00405, 3.4098210, 159.14611, 150.13638,
18.129150, 161.70443, 3.2987076, 159.03249, 150.40340,
18.143579, 157.83110, 3.5199391, 158.92404, 150.66971,
18.158020, 156.68670, 3.3254581, 158.82029, 150.93572,
18.172449, 159.81320, 3.3800629, 158.72110, 151.20099,
18.186880, 149.85515, 3.3782019, 158.62607, 151.46574,
18.201300, 155.84532, 3.1125918, 158.53500, 151.72972,
18.215719, 154.67705, 2.9729762, 158.44750, 151.99311,
18.230150, 151.04601, 2.8726369, 158.36323, 152.25612,
18.244560, 151.89053, 3.1449692, 158.28209, 152.51813,
18.258980, 152.48577, 2.9801806, 158.20361, 152.77968,
18.273390, 155.87997, 3.2399210, 158.12763, 153.04041,
18.287800, 161.38213, 3.3478722, 158.05380, 153.30046,
18.302210, 149.10625, 3.1366870, 157.98186, 153.55984,
18.316620, 157.99995, 3.0056116, 157.91152, 153.81851,
18.331020, 156.38332, 2.9016829, 157.84257, 154.07629,
18.345421, 148.89418, 3.0475008, 157.77467, 154.33332,
18.359819, 151.28782, 2.9461050, 157.70758, 154.58956,
18.374210, 159.28210, 3.5009337, 157.64104, 154.84489,
18.388611, 157.01122, 3.1394412, 157.57470, 155.09959,
18.403000, 149.50372, 3.3740154, 157.50841, 155.35327,
18.417379, 149.44310, 3.0268389, 157.44187, 155.60595,
18.431770, 154.70748, 2.9575162, 157.37472, 155.85797,
18.446150, 154.80762, 2.8466633, 157.30679, 156.10891,
18.460529, 155.50568, 3.0874970, 157.23778, 156.35895,
18.474911, 162.18262, 3.4750092, 157.16739, 156.60811,
18.489281, 159.80782, 3.4427603, 157.09542, 156.85613,
18.503660, 154.75248, 3.0925331, 157.02150, 157.10335,
18.518030, 149.39665, 2.7410284, 156.94576, 157.34945,
18.532391, 159.48497, 2.9875809, 156.86884, 157.59454,
18.546761, 152.93760, 3.2761180, 156.79134, 157.83901,
18.561119, 154.63865, 3.1876735, 156.71406, 158.08262,
18.575480, 164.65982, 3.5228741, 156.63764, 158.32567,
18.589840, 159.48000, 3.3821309, 156.56278, 158.56822,
18.604191, 162.00685, 3.2547472, 156.49023, 158.81021,
18.618549, 167.06010, 2.9856487, 156.42060, 159.05202,
18.632900, 159.97322, 3.0574560, 156.35468, 159.29348,
18.647240, 163.15438, 3.1408200, 156.29317, 159.53461,
18.661591, 161.11347, 3.8787717, 156.23669, 159.77590,
18.675930, 162.86403, 3.4150412, 156.18605, 160.01704,
18.690269, 165.26757, 3.4825024, 156.14191, 160.25833,
18.704611, 171.88270, 3.3927580, 156.10499, 160.49987,
18.718941, 168.50658, 3.1337595, 156.07605, 160.74155,
18.733271, 167.39075, 3.1512531, 156.05580, 160.98364,
18.747601, 166.08488, 3.1315611, 156.04497, 161.22622,
18.761930, 181.52170, 3.4152271, 156.04432, 161.46941,
18.776260, 171.07798, 3.3285570, 156.05461, 161.71327,
18.790581, 167.85665, 3.6886388, 156.07659, 161.95775,
18.804899, 173.60035, 3.3427300, 156.11104, 162.20305,
18.819220, 181.95480, 3.2972402, 156.15875, 162.44935,
18.833530, 180.28945, 3.8906502, 156.22048, 162.69653,
18.847839, 188.01457, 3.6841795, 156.29705, 162.94482,
18.862150, 192.90687, 4.4726878, 156.38931, 163.19437,
18.876459, 213.20943, 5.3195306, 156.49808, 163.44521,
18.890770, 202.72500, 4.5551430, 156.62423, 163.69750,
18.905069, 202.78418, 3.9840401, 156.76850, 163.95110,
18.919371, 198.46348, 3.6934274, 156.93188, 164.20634,
18.933670, 201.40870, 4.1314437, 157.11524, 164.46324,
18.947960, 193.19207, 3.8180377, 157.31936, 164.72176,
18.962250, 186.36115, 4.5185363, 157.54530, 164.98217,
18.976540, 203.35662, 4.2243965, 157.79400, 165.24456,
18.990829, 194.92235, 4.1396267, 158.06643, 165.50904,
19.005119, 187.96498, 4.0423706, 158.36359, 165.77569,
19.019400, 189.14338, 3.8463456, 158.68627, 166.04443,
19.033680, 185.20962, 4.2906176, 159.03569, 166.31555,
19.047960, 184.16678, 4.1023432, 159.41291, 166.58914,
19.062229, 180.58562, 4.0571317, 159.81867, 166.86509,
19.076500, 190.27483, 5.4102822, 160.25442, 167.14374,
19.090771, 173.25978, 4.9305447, 160.72126, 167.42516,
19.105040, 172.41372, 4.9540439, 161.22025, 167.70943,
19.119310, 185.65150, 4.8022426, 161.75273, 167.99671,
19.133570, 176.90427, 4.1386808, 162.31936, 168.28685,
19.147829, 168.54055, 5.5979403, 162.92182, 168.58018,
19.162090, 182.10300, 5.0905025, 163.56145, 168.87684,
19.176340, 177.44455, 5.2353139, 164.23893, 169.17666,
19.190599, 156.46715, 5.2707342, 164.95658, 169.48020,
19.204849, 161.33912, 5.2284910, 165.71481, 169.78716,
19.219101, 169.25295, 4.5671308, 166.51560, 170.09789,
19.233339, 163.52415, 4.1651474, 167.35949, 170.41217,
19.247580, 170.64490, 5.2347614, 168.24880, 170.73045,
19.261820, 178.13367, 5.6090907, 169.18494, 171.05279,
19.276060, 164.47110, 5.1099811, 170.16947, 171.37933,
19.290300, 184.05510, 7.1386293, 171.20398, 171.71017,
19.304529, 170.33567, 5.5775672, 172.28922, 172.04516,
19.318760, 168.59340, 5.1448762, 173.42785, 172.38474,
19.332991, 172.07530, 5.5624649, 174.62144, 172.72899,
19.347219, 174.00117, 5.0667291, 175.87161, 173.07797,
19.361441, 168.22858, 4.8146522, 177.17961, 173.43168,
19.375660, 177.96910, 6.6968437, 178.54780, 173.79037,
19.389879, 147.02445, 5.4306952, 179.97825, 174.15423,
19.404100, 176.13060, 6.3032285, 181.47315, 174.52343,
19.418310, 166.65780, 6.5687127, 183.03308, 174.89776,
19.432520, 169.37320, 6.8527304, 184.66127, 175.27764,
