# wave, flux, fluxerr, continuum, continuum_plateau
9.9725246, 515.91708, 5.5787373, 558.21299, 558.11098,
9.9806166, 530.75679, 5.8857913, 556.94173, 556.85631,
9.9887066, 527.10213, 5.3629062, 555.71487, 555.64405,
9.9967957, 519.21048, 5.1371012, 554.53114, 554.47309,
10.004880, 514.03446, 5.4482344, 553.38996, 553.34299,
10.012970, 537.33749, 5.7226789, 552.28879, 552.25137,
10.021050, 548.08794, 5.1509193, 551.22860, 551.19933,
10.029140, 549.01564, 5.4158945, 550.20584, 550.18345,
10.037220, 553.51735, 5.6724408, 549.22200, 549.20532,
10.045300, 550.05360, 5.3189553, 548.27469, 548.26270,
10.053380, 520.03539, 5.0585970, 547.36279, 547.35454,
10.061460, 534.93392, 5.5091884, 546.48551, 546.48018,
10.069540, 548.94118, 5.4762003, 545.64163, 545.63849,
10.077610, 548.56580, 5.0803883, 544.83131, 544.82971,
10.085690, 531.72638, 5.1713650, 544.05155, 544.05093,
10.093760, 565.71170, 5.7860813, 543.30321, 543.30310,
10.101830, 542.08908, 5.1029929, 542.58441, 542.58440,
10.109900, 529.77084, 4.8399245, 541.89410, 541.89386,
10.117970, 548.40394, 4.9341615, 541.23150, 541.23076,
10.126040, 563.91915, 5.4340542, 540.59560, 540.59414,
10.134100, 550.27694, 5.2343761, 539.98624, 539.98391,
10.142170, 525.56636, 4.5838945, 539.40092, 539.39760,
10.150230, 542.73274, 5.3242899, 538.84017, 538.83581,
10.158300, 552.13400, 4.9897368, 538.30177, 538.29635,
10.166360, 536.02927, 4.7934453, 537.78614, 537.77969,
10.174420, 521.67733, 5.0581216, 537.29162, 537.28419,
10.182470, 543.04562, 5.1780514, 536.81799, 536.80966,
10.190530, 532.31296, 5.2546518, 536.36319, 536.35408,
10.198590, 505.43851, 4.7521339, 535.92686, 535.91712,
10.206640, 536.10814, 5.2792556, 535.50872, 535.49850,
10.214690, 546.94506, 5.2225648, 535.10733, 535.09681,
10.222750, 531.28266, 5.0013976, 534.72138, 534.71076,
10.230800, 509.94960, 5.1981381, 534.35093, 534.34042,
10.238850, 536.22447, 5.4885110, 533.99467, 533.98449,
10.246890, 552.61917, 5.3503238, 533.65214, 533.64252,
10.254940, 514.00258, 5.1410395, 533.32170, 533.31287,
10.262990, 524.69779, 6.0486294, 533.00292, 532.99511,
10.271030, 558.78783, 6.3407786, 532.69533, 532.68878,
10.279070, 540.90683, 5.4919263, 532.39773, 532.39269,
10.287120, 514.12088, 5.7194638, 532.10891, 532.10562,
10.295150, 528.97770, 5.7523743, 531.82911, 531.82780,
10.303190, 557.79933, 5.6326188, 531.55648, 531.55739,
10.311230, 544.28878, 5.3015771, 531.29255, 531.29588,
10.319270, 503.46947, 5.3704265, 531.04088, 531.04677,
10.327300, 550.30874, 5.8023415, 530.80558, 530.81412,
10.335340, 557.28888, 5.4905161, 530.58985, 530.60105,
10.343370, 516.56092, 5.1587240, 530.39796, 530.41178,
10.351400, 558.42976, 6.2286540, 530.23348, 530.24979,
10.359430, 550.43972, 5.7167048, 530.10019, 530.11879,
10.367460, 545.56152, 5.6210979, 530.00189, 530.02250,
10.375480, 523.91603, 6.5731240, 529.94245, 529.96470,
10.383510, 552.87256, 6.4871007, 529.92553, 529.94896,
10.391530, 562.45046, 6.6725710, 529.95502, 529.97905,
10.399560, 499.53178, 4.8491417, 530.03482, 530.05880,
10.407580, 515.93988, 4.5415804, 530.16860, 530.19173,
10.415600, 517.11777, 4.7181737, 530.36027, 530.38164,
10.423620, 522.64951, 4.7831136, 530.61376, 530.63231,
10.431640, 525.84538, 4.5774923, 530.93289, 530.94744,
10.439650, 515.37778, 4.4933669, 531.32111, 531.33030,
10.447670, 530.21329, 4.5534100, 531.78333, 531.78564,
10.455680, 547.77652, 4.5001773, 532.32190, 532.31566,
10.463700, 538.75731, 4.2837342, 532.93794, 532.92156,
10.471710, 530.41680, 4.6705335, 533.62736, 533.59948,
10.479720, 525.74422, 4.4932781, 534.38841, 534.34789,
10.487730, 545.68790, 4.5750702, 535.21863, 535.16451,
10.495730, 544.55709, 4.6379866, 536.11444, 536.04598,
10.503740, 538.23627, 5.3484450, 537.07556, 536.99216,
10.511750, 524.90089, 5.9744554, 538.09853, 537.99977,
10.519750, 538.68938, 4.8648351, 539.17951, 539.06513,
10.527750, 542.07045, 5.4219308, 540.31754, 540.18744,
10.535750, 544.65036, 5.6988884, 541.51014, 541.36434,
10.543750, 537.33235, 5.9920783, 542.75482, 542.59347,
10.551750, 549.11864, 6.0845302, 544.04954, 543.87290,
10.559750, 555.89113, 6.2455985, 545.39167, 545.20012,
10.567850, 509.96844, 5.2463043, 546.79688, 546.59072,
10.576350, 550.29670, 4.8836418, 548.31869, 548.09785,
10.584840, 581.74316, 4.9979353, 549.88430, 549.64953,
10.593340, 575.88580, 4.7300756, 551.49483, 551.24699,
10.601830, 568.62206, 4.6414835, 553.14362, 552.88367,
10.610330, 580.43880, 4.9372420, 554.83205, 554.56099,
10.618820, 593.48605, 4.9032040, 556.55346, 556.27242,
10.627310, 597.93633, 4.6670570, 558.30687, 558.01702,
10.635800, 569.23350, 4.6600845, 560.09002, 559.79258,
10.644280, 594.59429, 5.0440047, 561.89781, 561.59409,
10.652770, 597.35831, 4.9897466, 563.73188, 563.42321,
10.661250, 587.92550, 5.0151583, 565.58547, 565.27326,
10.669740, 584.11221, 4.9736922, 567.46015, 567.14582,
10.678220, 586.96169, 5.1966443, 569.34908, 569.03411,
10.686700, 575.94856, 4.8974938, 571.25176, 570.93768,
10.695180, 592.87213, 4.9393082, 573.16559, 572.85394,
10.703650, 590.80005, 5.2196177, 575.08581, 574.77818,
10.712130, 615.52016, 5.3148660, 577.01394, 576.71195,
10.720600, 613.90147, 4.9994821, 578.94348, 578.64878,
10.729080, 600.02925, 4.9788336, 580.87599, 580.59025,
10.737550, 610.90854, 5.2758404, 582.80430, 582.52925,
10.746020, 620.73971, 5.0936007, 584.72846, 584.46582,
10.754490, 609.60043, 4.9214272, 586.64543, 586.39700,
10.762960, 581.94035, 5.0110040, 588.55308, 588.32066,
10.771420, 610.95987, 5.2702994, 590.44604, 590.23145,
10.779890, 612.68475, 5.1669819, 592.32684, 592.13201,
10.788350, 621.50823, 5.0437944, 594.18803, 594.01485,
10.796810, 600.26885, 5.3043609, 596.02935, 595.87980,
10.805270, 625.73611, 5.5711572, 597.84821, 597.72430,
10.813730, 621.94618, 5.3083033, 599.64200, 599.54581,
10.822190, 600.96148, 5.2065660, 601.40810, 601.34177,
10.830650, 608.14400, 5.6588456, 603.14390, 603.10962,
10.839100, 613.80124, 5.9356106, 604.84468, 604.84468,
10.847560, 612.66255, 5.1738055, 606.51256, 606.54917,
10.856010, 588.65411, 7.5451106, 608.14366, 608.21898,
10.864460, 618.19022, 6.3979778, 609.74031, 609.85626,
10.872910, 638.47952, 5.9341306, 611.30328, 611.46161,
10.881360, 632.54285, 5.7786897, 612.83331, 613.03558,
10.889800, 612.66486, 7.1679055, 614.32897, 614.57651,
10.898250, 617.19096, 6.4605848, 615.79437, 616.08842,
10.906690, 640.53841, 7.3765698, 617.22674, 617.56829,
10.915140, 627.13068, 6.4374800, 618.63002, 619.02001,
10.923580, 670.91781, 7.3895718, 620.00125, 620.44035,
10.932020, 660.11661, 8.1609462, 621.34272, 621.83149,
10.940460, 673.86803, 7.9482883, 622.65494, 623.19381,
10.948890, 657.93401, 8.1385121, 623.93683, 624.52603,
10.957330, 692.25252, 7.7126250, 625.19207, 625.83182,
10.965760, 687.09966, 6.1496543, 626.41817, 627.10844,
10.974200, 704.81739, 6.0725240, 627.61838, 628.35912,
10.982630, 732.17987, 6.2130587, 628.79031, 629.58127,
10.991060, 740.26530, 5.9690120, 629.93606, 630.77691,
10.999490, 754.31328, 6.6656037, 631.05583, 631.94614,
11.007920, 740.62415, 6.6394172, 632.15030, 633.08955,
11.016340, 740.18807, 6.2018773, 633.21848, 634.20596,
11.024770, 726.76884, 5.8631184, 634.26333, 635.29838,
11.033190, 740.82983, 6.8427454, 635.28290, 636.36465,
11.041610, 739.35409, 5.3975071, 636.27880, 637.40636,
11.050030, 738.23860, 5.5334366, 637.25145, 638.42383,
11.058450, 730.18522, 5.6641494, 638.20122, 639.41737,
11.066870, 733.10110, 5.9386789, 639.12852, 640.38731,
11.075290, 731.59580, 5.8810701, 640.03372, 641.33395,
11.083700, 734.76796, 5.7504570, 640.91622, 642.25658,
11.092120, 740.99569, 5.9880995, 641.77838, 643.15760,
11.100530, 748.62634, 6.5709679, 642.61852, 644.03517,
11.108940, 764.87912, 6.4525995, 643.43817, 644.89083,
11.117350, 763.16988, 10.202982, 644.23750, 645.72468,
11.120570, 803.79552, 6.5096943, 644.53833, 646.03833,
11.129530, 811.54462, 6.1123663, 645.36008, 646.89455,
11.138500, 838.51996, 6.1070131, 646.16073, 647.72789,
11.147460, 853.17303, 6.3278908, 646.93881, 648.53678,
11.156430, 950.70863, 6.7385586, 647.69653, 649.32346,
11.165390, 1009.7821, 6.5497168, 648.43250, 650.08642,
11.174350, 1078.1618, 6.7065905, 649.14800, 650.82694,
11.183300, 1178.8063, 7.3088045, 649.84266, 651.54461,
11.192260, 1307.5844, 7.6201122, 650.51833, 652.24130,
11.201220, 1397.8120, 7.5206186, 651.17461, 652.91656,
11.210170, 1414.3403, 7.5079389, 651.81118, 653.57003,
11.219120, 1445.5466, 7.9205284, 652.42908, 654.20278,
11.228070, 1467.6635, 7.9906563, 653.02866, 654.81512,
11.237020, 1464.3300, 7.5147354, 653.61019, 655.40731,
11.245970, 1454.9580, 7.6287212, 654.17410, 655.97980,
11.254920, 1456.1181, 7.9408384, 654.72064, 656.53283,
11.263860, 1450.0489, 7.8833630, 655.24953, 657.06611,
11.272800, 1436.9520, 7.5418770, 655.76176, 657.58066,
11.281750, 1392.3620, 7.5500990, 656.25805, 658.07718,
11.290690, 1354.5667, 7.7035175, 656.73773, 658.55505,
11.299630, 1315.4891, 7.5928340, 657.20153, 659.01498,
11.308560, 1299.2809, 8.7610918, 657.64930, 659.45687,
11.317500, 1263.6875, 7.4282976, 658.08229, 659.88196,
11.326430, 1234.0452, 7.4876763, 658.49983, 660.28964,
11.335370, 1185.6299, 7.2405463, 658.90308, 660.68106,
11.344300, 1173.0655, 6.9056571, 659.29144, 661.05568,
11.353230, 1126.6932, 6.8267061, 659.66561, 661.41422,
11.362160, 1118.1493, 7.1462804, 660.02580, 661.75692,
11.371080, 1080.8829, 6.8662121, 660.37196, 662.08379,
11.380010, 1068.1887, 6.5733361, 660.70500, 662.39575,
11.388930, 1037.1577, 6.3530894, 661.02452, 662.69247,
11.397850, 1044.4789, 6.7972858, 661.33103, 662.97450,
11.406780, 997.37282, 6.6397414, 661.62515, 663.24245,
11.415700, 974.99953, 6.1781457, 661.90639, 663.49597,
11.424610, 944.83090, 6.1678933, 662.17506, 663.73540,
11.433530, 949.77490, 6.5904680, 662.43193, 663.96152,
11.442450, 941.41077, 6.5215622, 662.67693, 664.17433,
11.451360, 908.82964, 6.1343630, 662.91001, 664.37388,
11.460270, 893.04788, 6.2684597, 663.13164, 664.56067,
11.469180, 877.81461, 6.4762037, 663.34202, 664.73497,
11.478090, 890.65686, 6.5236548, 663.54134, 664.89702,
11.487000, 853.09680, 6.2159996, 663.72980, 665.04708,
11.495910, 824.18521, 6.4516082, 663.90755, 665.18540,
11.504810, 796.98196, 6.4589780, 664.07464, 665.31212,
11.513710, 822.72914, 6.3636710, 664.23142, 665.42763,
11.522620, 799.00640, 6.3014253, 664.37824, 665.53229,
11.531520, 806.90646, 6.4808281, 664.51492, 665.62612,
11.540420, 792.73148, 7.2594917, 664.64181, 665.70949,
11.549310, 784.40106, 7.2322247, 664.75897, 665.78256,
11.558210, 786.84611, 6.6676500, 664.86679, 665.84575,
11.567100, 789.02914, 6.9606855, 664.96519, 665.89914,
11.576000, 763.49706, 7.3684370, 665.05457, 665.94310,
11.584890, 767.05603, 7.4509442, 665.13486, 665.97778,
11.593780, 758.61708, 7.0759943, 665.20630, 666.00345,
11.602670, 728.83496, 6.9401829, 665.26907, 666.02036,
11.611560, 726.31573, 7.3778122, 665.32329, 666.02874,
11.620440, 728.00686, 7.4569547, 665.36904, 666.02883,
11.629330, 726.90031, 7.5327628, 665.40659, 666.02086,
11.638210, 669.69334, 7.2711383, 665.43597, 666.00508,
11.647090, 659.23499, 7.4107395, 665.45736, 665.98171,
11.655970, 689.40135, 8.1791318, 665.47088, 665.95099,
11.664850, 700.17481, 6.3970164, 665.47667, 665.91313,
11.673730, 690.16021, 4.9543086, 665.47484, 665.86837,
11.682600, 692.85950, 5.6558459, 665.46553, 665.81699,
11.691480, 686.06115, 5.7422582, 665.44883, 665.75911,
11.700350, 680.48907, 14.971108, 665.42490, 665.69506,
11.709220, 694.88520, 5.9733227, 665.39383, 665.62502,
11.718090, 692.52178, 5.9292138, 665.35574, 665.54921,
11.726960, 671.44218, 6.1844690, 665.31073, 665.46784,
11.735830, 689.87987, 6.2884497, 665.25889, 665.38113,
11.744690, 683.07924, 6.7597661, 665.20042, 665.28942,
11.753560, 674.34254, 6.1395745, 665.13528, 665.19271,
11.762420, 661.88251, 6.0992212, 665.06370, 665.09144,
11.771280, 643.51457, 8.2960034, 664.98571, 664.98571,
11.775020, 673.32992, 5.7195779, 664.95090, 664.93980,
11.784500, 671.85902, 5.8776313, 664.85757, 664.81996,
11.793980, 685.48217, 5.8080959, 664.75695, 664.69507,
11.803460, 663.24709, 6.2010983, 664.64895, 664.56496,
11.812940, 671.61820, 5.4333683, 664.53353, 664.42950,
11.822420, 673.48911, 5.6696590, 664.41061, 664.28852,
11.831890, 668.47929, 5.5692021, 664.28026, 664.14204,
11.841360, 699.34116, 5.9272092, 664.14230, 663.98975,
11.850840, 675.98816, 5.2947631, 663.99648, 663.83134,
11.860310, 685.39562, 5.4915881, 663.84304, 663.66697,
11.869770, 688.28584, 5.4766103, 663.68190, 663.49650,
11.879240, 691.65718, 5.3664015, 663.51267, 663.31944,
11.888710, 694.97321, 5.1797228, 663.33542, 663.13579,
11.898170, 697.66445, 5.3068697, 663.15023, 662.94560,
11.907630, 702.41167, 5.4612892, 662.95688, 662.74854,
11.917090, 705.97213, 5.5788813, 662.75522, 662.54441,
11.926550, 675.69342, 6.0089324, 662.54519, 662.33309,
11.936010, 705.67480, 5.2601994, 662.32665, 662.11438,
11.945470, 705.52858, 5.3071851, 662.09954, 661.88815,
11.954920, 713.96387, 5.1696992, 661.86397, 661.65447,
11.964370, 749.79010, 5.7536217, 661.61961, 661.41293,
11.973830, 704.79389, 5.0597942, 661.36604, 661.16310,
11.983280, 721.16420, 5.2751737, 661.10373, 660.90536,
11.992720, 726.83569, 5.2008607, 660.83257, 660.63957,
12.002170, 726.16258, 5.1351052, 660.55183, 660.36496,
12.011610, 702.18677, 5.0226891, 660.26199, 660.08195,
12.021060, 701.14474, 5.2161057, 659.96232, 659.78979,
12.030500, 694.66908, 5.1555450, 659.65330, 659.48890,
12.039940, 707.76659, 5.0757884, 659.33451, 659.17884,
12.049380, 688.50018, 4.9708919, 659.00575, 658.85938,
12.058820, 696.56110, 5.1796998, 658.66695, 658.53039,
12.068250, 695.87797, 5.2849290, 658.31827, 658.19203,
12.077690, 697.18481, 5.1647008, 657.95882, 657.84339,
12.087120, 679.96412, 5.0071535, 657.58924, 657.48505,
12.096550, 682.10999, 5.1921803, 657.20897, 657.11646,
12.105980, 673.25795, 5.3059198, 656.81785, 656.73743,
12.115410, 682.09009, 5.3168019, 656.41571, 656.34777,
12.124830, 663.37187, 6.1447123, 656.00279, 655.94771,
12.134260, 662.62185, 5.1640633, 655.57809, 655.53625,
12.143680, 657.75461, 5.3829660, 655.14232, 655.11407,
12.153100, 665.69029, 5.5484520, 654.69479, 654.68049,
12.162520, 629.59563, 6.1587242, 654.23534, 654.23534,
12.171940, 665.16644, 5.6139441, 653.76391, 653.77856,
12.181360, 652.96973, 5.5548498, 653.28060, 653.31018,
12.190770, 664.10336, 5.7080091, 652.78626, 652.83100,
12.200180, 664.89089, 5.6119214, 652.28064, 652.34071,
12.209600, 657.24594, 5.5516881, 651.76339, 651.83894,
12.219010, 641.25629, 5.7535218, 651.23593, 651.32701,
12.228420, 664.41552, 6.0298492, 650.69793, 650.80457,
12.237820, 670.58865, 5.9284162, 650.15025, 650.27240,
12.247230, 677.10975, 6.0434049, 649.59190, 649.72953,
12.256630, 654.52016, 6.0686855, 649.02431, 649.17729,
12.266040, 729.80019, 6.6618657, 648.44656, 648.61475,
12.275440, 1100.3853, 8.1494702, 647.86004, 648.04325,
12.284840, 1204.9871, 8.6940524, 647.26445, 647.46247,
12.294230, 716.49977, 6.5095875, 646.66052, 646.87308,
12.303630, 696.72048, 7.4342256, 646.04735, 646.27418,
12.313030, 661.43780, 6.9707632, 645.42564, 645.66644,
12.322420, 650.53471, 8.2537732, 644.79637, 645.05079,
12.331810, 662.86678, 5.4266408, 644.15906, 644.42674,
12.341200, 674.20699, 4.7027153, 643.51392, 643.79446,
12.350590, 681.48527, 4.8097340, 642.86113, 643.15414,
12.359980, 693.60283, 4.9948141, 642.20090, 642.50596,
12.369360, 690.78557, 5.0443858, 641.53411, 641.85075,
12.378750, 694.66460, 5.0956765, 640.85958, 641.18736,
12.388130, 684.48122, 5.1579512, 640.17889, 640.51732,
12.397510, 690.15090, 5.1713350, 639.49159, 639.84019,
12.406890, 685.81419, 4.9809772, 638.79774, 639.15601,
12.416270, 689.17551, 5.2717471, 638.09759, 638.46501,
12.425640, 690.96033, 5.0495228, 637.39211, 637.76815,
12.435020, 694.08601, 5.4378200, 636.67989, 637.06404,
12.444390, 710.19359, 5.3677399, 635.96271, 636.35441,
12.453760, 700.13565, 5.2131925, 635.23993, 635.63865,
12.463130, 703.09361, 5.4379907, 634.51173, 634.91693,
12.472500, 713.59178, 6.1586602, 633.77828, 634.18940,
12.481870, 717.04579, 9.3427603, 633.03974, 633.45624,
12.489420, 709.66249, 5.7699733, 632.44103, 632.86146,
12.499490, 761.49669, 6.3541707, 631.63770, 632.06280,
12.509550, 740.21709, 5.8023340, 630.82979, 631.25894,
12.519610, 750.26308, 5.6160276, 630.01675, 630.44930,
12.529670, 731.23908, 5.5311643, 629.19884, 629.63417,
12.539730, 749.40236, 5.8587208, 628.37610, 628.81359,
12.549780, 719.48894, 6.6955273, 627.54967, 627.98869,
12.559840, 763.09517, 5.6771946, 626.71801, 627.15794,
12.569890, 753.87507, 5.4595943, 625.88303, 626.32327,
12.579940, 745.18438, 5.5844048, 625.04406, 625.48401,
12.589990, 761.45238, 5.6143227, 624.20126, 624.64034,
12.600040, 775.76094, 5.5316463, 623.35476, 623.79238,
12.610090, 768.37056, 5.3789353, 622.50487, 622.94048,
12.620130, 799.41748, 5.7463618, 621.65260, 622.08564,
12.630170, 782.35936, 5.5176796, 620.79714, 621.22708,
12.640210, 785.05991, 5.5611463, 619.93876, 620.36507,
12.650250, 782.87621, 5.2764123, 619.07763, 619.49979,
12.660290, 786.50126, 5.4265745, 618.21399, 618.63151,
12.670330, 776.74514, 5.3256241, 617.34785, 617.76025,
12.680360, 787.26517, 5.4065618, 616.48038, 616.88720,
12.690390, 808.51986, 5.3188614, 615.61083, 616.01163,
12.700420, 817.70556, 5.2595852, 614.73930, 615.13363,
12.710450, 806.95796, 5.2301356, 613.86610, 614.25356,
12.720480, 828.07197, 5.4826380, 612.99133, 613.37151,
12.730500, 807.81234, 6.0102470, 612.11598, 612.48852,
12.740530, 838.32292, 5.2930071, 611.23855, 611.60308,
12.750550, 813.32500, 5.1135796, 610.36086, 610.71705,
12.760570, 810.65965, 5.2643719, 609.48234, 609.82986,
12.770590, 819.33332, 5.3863659, 608.60297, 608.94152,
12.780610, 824.97956, 5.2728508, 607.72301, 608.05230,
12.790620, 785.49335, 6.0509715, 606.84352, 607.16330,
12.800640, 798.90061, 5.1636210, 605.96284, 606.27285,
12.810650, 821.05788, 5.3469016, 605.08296, 605.38299,
12.820660, 806.23727, 5.2794796, 604.20313, 604.49297,
12.830670, 774.11822, 5.0335892, 603.32342, 603.60287,
12.840680, 739.45906, 4.9478712, 602.44415, 602.71306,
12.850680, 722.12289, 5.0176231, 601.56624, 601.82446,
12.860690, 707.92314, 5.0652432, 600.68819, 600.93557,
12.870690, 700.41317, 4.9492221, 599.81181, 600.04826,
12.880690, 678.25921, 4.8392505, 598.93652, 599.16194,
12.890690, 661.82330, 4.8295144, 598.06232, 598.27663,
12.900680, 648.64788, 4.8993871, 597.19035, 597.39352,
12.910680, 653.48134, 4.9929194, 596.31897, 596.51092,
12.920670, 637.47285, 4.8193435, 595.45014, 595.63088,
12.930670, 629.27758, 4.8154737, 594.58222, 594.75172,
12.940660, 622.54533, 4.8745030, 593.71711, 593.87538,
12.950640, 625.59283, 5.0702545, 592.85513, 593.00221,
12.960630, 614.15334, 4.9831471, 591.99446, 592.13038,
12.970620, 618.12260, 5.0142747, 591.13635, 591.26117,
12.980600, 601.65449, 4.9682309, 590.28170, 590.39548,
12.990580, 604.67529, 5.2586138, 589.42994, 589.53277,
13.000560, 600.66641, 5.2066721, 588.58107, 588.67303,
13.010540, 602.50745, 5.2410161, 587.73534, 587.81655,
13.020520, 600.35368, 5.1711609, 586.89294, 586.96350,
13.030490, 592.93201, 5.4018217, 586.05490, 586.11495,
13.040470, 590.36422, 5.5086156, 585.21965, 585.26931,
13.050440, 593.18240, 5.5656212, 584.38911, 584.42853,
13.060410, 589.48815, 5.4820650, 583.56259, 583.59191,
13.070380, 580.08120, 5.4895467, 582.74018, 582.75956,
13.080350, 579.12679, 5.7263594, 581.92222, 581.93182,
13.090310, 575.19775, 5.8582271, 581.10959, 581.10959,
13.100280, 588.07082, 5.9655898, 580.30087, 580.29142,
13.110240, 583.07140, 5.8888646, 579.49753, 579.47882,
13.120200, 577.62581, 11.183169, 578.69865, 578.67088,
13.130160, 576.01420, 7.5016844, 577.90411, 577.86749,
13.140110, 588.89642, 4.8404960, 577.11460, 577.06937,
13.150070, 584.10603, 4.1196193, 576.32835, 576.27473,
13.160020, 572.39530, 4.1885920, 575.54687, 575.48511,
13.169980, 565.05864, 4.3966913, 574.76840, 574.69876,
13.179930, 565.96205, 4.4896375, 573.99446, 573.91720,
13.189870, 572.35337, 4.6115299, 573.22484, 573.14024,
13.199820, 566.06004, 4.6108101, 572.45795, 572.36629,
13.209770, 578.02332, 4.4322105, 571.69433, 571.59590,
13.219710, 571.38000, 5.0492925, 570.93475, 570.82985,
13.229650, 578.97363, 7.8775553, 570.17837, 570.06728,
13.239590, 564.80043, 4.6705694, 569.42491, 569.30794,
13.249530, 562.71262, 4.6278546, 568.67435, 568.55180,
13.259470, 556.59991, 4.6202288, 567.92657, 567.79875,
13.269410, 557.39210, 4.7332703, 567.18147, 567.04869,
13.279340, 550.53405, 5.1212410, 566.43971, 566.30229,
13.289270, 554.54958, 5.2650168, 565.70035, 565.55859,
13.299200, 565.28488, 5.4482852, 564.96341, 564.81762,
13.309130, 560.70777, 5.5994366, 564.22872, 564.07921,
13.318260, 563.18864, 4.7047391, 563.55505, 563.40240,
13.328980, 561.92156, 4.5836253, 562.76630, 562.61028,
13.339690, 542.45903, 4.4743551, 561.98058, 561.82156,
13.350400, 550.82359, 4.6303747, 561.19699, 561.03532,
13.361120, 555.44039, 4.6100938, 560.41465, 560.25068,
13.371830, 559.93568, 4.4012151, 559.63497, 559.46903,
13.382530, 542.97055, 4.2415833, 558.85773, 558.69019,
13.393240, 550.47018, 4.4689687, 558.08145, 557.91262,
13.403940, 545.45222, 4.4289261, 557.30737, 557.13760,
13.414650, 584.53462, 4.8865467, 556.53400, 556.36360,
13.425350, 550.28886, 4.2566013, 555.76260, 555.59190,
13.436050, 552.03230, 4.2355925, 554.99236, 554.82166,
13.446740, 546.41409, 4.3002521, 554.22391, 554.05353,
13.457440, 557.57317, 4.5072299, 553.45563, 553.28586,
13.468130, 559.47857, 4.2751774, 552.68891, 552.52004,
13.478830, 563.54226, 4.2236136, 551.92213, 551.75444,
13.489520, 554.86906, 4.1909904, 551.15666, 550.99044,
13.500200, 551.02055, 4.3374314, 550.39234, 550.22784,
13.510890, 556.35377, 4.3710878, 549.62767, 549.46517,
13.521570, 569.61995, 4.3015567, 548.86391, 548.70365,
13.532260, 572.84235, 4.2299739, 548.09957, 547.94181,
13.542940, 562.47407, 4.3638858, 547.33591, 547.18087,
13.553620, 569.13709, 4.4581809, 546.57213, 546.42005,
13.564290, 560.33555, 4.4204951, 545.80886, 545.65996,
13.574970, 573.93214, 4.3611965, 545.04449, 544.89899,
13.585640, 558.93980, 4.2153310, 544.28041, 544.13851,
13.596320, 559.35363, 4.4300386, 543.51499, 543.37689,
13.606990, 558.24258, 4.4955805, 542.74962, 542.61552,
13.617650, 559.02752, 5.3038464, 541.98413, 541.85421,
13.628320, 558.04504, 4.3466432, 541.21702, 541.09147,
13.638980, 546.98759, 4.3490640, 540.44955, 540.32854,
13.649650, 541.92536, 4.4092952, 539.68023, 539.56394,
13.660310, 542.58894, 4.5625177, 538.91032, 538.79890,
13.670970, 534.78369, 5.4090525, 538.13901, 538.03263,
13.681630, 542.46211, 4.3798919, 537.36619, 537.26499,
13.692280, 556.45964, 5.1608269, 536.59249, 536.49663,
13.702940, 534.14828, 4.5237676, 535.81628, 535.72590,
13.713590, 538.46600, 4.6148742, 535.03896, 534.95421,
13.724240, 532.59004, 4.6056725, 534.25957, 534.18059,
13.734890, 528.73193, 4.4596627, 533.47813, 533.40506,
13.745530, 528.08529, 4.4063213, 532.69515, 532.62813,
13.756180, 511.53096, 4.3592713, 531.90911, 531.84827,
13.766820, 531.48946, 4.6560667, 531.12128, 531.06676,
13.777460, 525.95612, 4.6365425, 530.33083, 530.28278,
13.788100, 515.24729, 4.4869656, 529.53765, 529.49620,
13.798740, 507.79881, 4.4390848, 528.74159, 528.70689,
13.809380, 514.92320, 4.6073985, 527.94260, 527.91480,
13.820010, 497.84868, 4.5361513, 527.14112, 527.12037,
13.830640, 520.98504, 4.5895301, 526.33645, 526.32290,
13.841270, 521.65047, 4.5691128, 525.52831, 525.52213,
13.851900, 507.13587, 4.3697492, 524.71671, 524.71807,
13.862530, 531.58360, 5.4704133, 523.90160, 523.91067,
13.873150, 549.13454, 5.2678747, 523.08411, 523.10105,
13.883780, 510.54398, 4.9613346, 522.26322, 522.28820,
13.894400, 509.29853, 4.7504143, 521.44086, 521.47401,
13.905020, 502.37691, 4.7630226, 520.61673, 520.65819,
13.915640, 513.29213, 4.9811496, 519.79129, 519.84117,
13.926250, 510.03960, 5.0444945, 518.96573, 519.02414,
13.936870, 522.98100, 5.0658902, 518.13907, 518.20614,
13.947480, 505.84231, 4.8936126, 517.31310, 517.38891,
13.958090, 508.80855, 5.1208487, 516.48766, 516.57232,
13.968700, 514.95596, 5.2859761, 515.66307, 515.75664,
13.979310, 510.34606, 5.4288593, 514.83990, 514.94247,
13.989910, 514.73881, 5.3633221, 514.01927, 514.13090,
14.000520, 503.37446, 5.3618066, 513.20014, 513.32089,
14.011120, 501.31375, 5.4931490, 512.38444, 512.51435,
14.021720, 500.41491, 5.6467117, 511.57187, 511.71099,
14.032320, 507.79424, 5.9302610, 510.76288, 510.91123,
14.042920, 509.76765, 5.8300743, 509.95794, 510.11552,
14.053510, 506.32920, 5.9280676, 509.15826, 509.32508,
14.064110, 510.80640, 6.6712292, 508.36274, 508.53877,
14.074700, 472.26761, 6.2041970, 507.57331, 507.75854,
14.085290, 513.62424, 6.7293571, 506.78981, 506.98417,
14.095870, 499.41975, 4.8514750, 506.01331, 506.21672,
14.106460, 500.85648, 3.9577261, 505.24288, 505.45527,
14.117040, 500.95093, 13.902404, 504.48037, 504.70161,
14.127630, 495.80974, 4.4198534, 503.72481, 503.95477,
14.138210, 504.98447, 4.5308747, 502.97817, 503.21667,
14.148790, 503.72354, 4.5996531, 502.24017, 502.48703,
14.159370, 508.68596, 6.7117876, 501.51130, 501.76628,
14.169940, 498.60277, 4.8066622, 500.79275, 501.05557,
14.180520, 503.25464, 7.9853033, 500.08359, 500.35396,
14.182090, 517.29582, 4.8866670, 499.97926, 500.25072,
14.193560, 514.08935, 4.6535016, 499.22419, 499.50340,
14.205030, 506.27290, 4.7436699, 498.48224, 498.76872,
14.216500, 526.34953, 5.2302773, 497.75418, 498.04739,
14.227970, 526.95139, 10.731689, 497.04060, 497.33995,
14.239430, 533.75454, 12.501075, 496.34273, 496.64756,
14.250890, 509.30051, 4.5030024, 495.66070, 495.97025,
14.262350, 507.56912, 4.6794408, 494.99507, 495.30853,
14.273810, 509.88203, 4.8088135, 494.34659, 494.66304,
14.285270, 517.17780, 4.8780687, 493.71600, 494.03444,
14.296730, 523.18418, 4.6232630, 493.10392, 493.42323,
14.308180, 511.79511, 4.4584632, 492.51162, 492.83061,
14.319630, 514.52438, 4.7192128, 491.93929, 492.25662,
14.331080, 500.24878, 4.6086501, 491.38760, 491.70184,
14.342530, 515.99675, 4.7196097, 490.85740, 491.16697,
14.353970, 509.64416, 4.2794207, 490.34986, 490.65306,
14.365410, 505.47619, 4.1024564, 489.86520, 490.16020,
14.376860, 469.26579, 4.6823795, 489.40389, 489.68869,
14.388300, 490.60216, 4.3718861, 488.96749, 489.23993,
14.399730, 509.06350, 4.2426999, 488.55678, 488.81456,
14.411170, 488.61877, 3.9483367, 488.17182, 488.41244,
14.422600, 492.57391, 3.8703838, 487.81417, 488.03497,
14.434030, 479.33004, 3.8468545, 487.48431, 487.68241,
14.445460, 483.04077, 4.0471717, 487.18308, 487.35541,
14.456890, 484.05726, 4.0059200, 486.91142, 487.05468,
14.468320, 487.17207, 3.9667760, 486.67020, 486.78088,
14.479740, 484.86025, 5.7666918, 486.46049, 486.53488,
14.491160, 474.48200, 8.1115562, 486.28302, 486.31712,
14.502580, 485.02350, 4.0676152, 486.13874, 486.12830,
14.514000, 491.92834, 4.1250796, 486.02751, 485.96825,
14.525420, 496.06177, 4.0827604, 485.94700, 485.83515,
14.536830, 486.97618, 3.8668079, 485.89467, 485.72704,
14.548240, 477.49482, 3.9318285, 485.86784, 485.64173,
14.559650, 484.89772, 4.7495858, 485.86396, 485.57719,
14.571060, 474.38347, 4.1926712, 485.88048, 485.53140,
14.582470, 496.82472, 4.8865347, 485.91487, 485.50231,
14.593870, 480.75898, 4.2457898, 485.96455, 485.48792,
14.605270, 487.33790, 4.2184519, 486.02704, 485.48617,
14.616670, 487.48051, 4.2438790, 486.09983, 485.49506,
14.628070, 470.86213, 4.5096653, 486.18044, 485.51257,
14.639470, 482.16177, 4.5754774, 486.26635, 485.53669,
14.650860, 478.55665, 4.1016214, 486.35501, 485.56540,
14.662260, 487.32968, 4.1536861, 486.44409, 485.59673,
14.673650, 499.95166, 4.4092788, 486.53095, 485.62863,
14.685040, 477.38517, 4.3304208, 486.61318, 485.65913,
14.696420, 492.96072, 4.2250408, 486.68822, 485.68620,
14.707810, 482.09175, 4.0188832, 486.75375, 485.70789,
14.719190, 484.82570, 4.0436641, 486.80713, 485.72217,
14.730570, 475.90340, 4.0032719, 486.84595, 485.72706,
14.741950, 477.92712, 4.2244830, 486.86770, 485.72055,
14.753330, 488.04348, 4.2415117, 486.86986, 485.70065,
14.764700, 484.13337, 4.2133597, 486.84995, 485.66539,
14.776080, 487.66318, 4.1371615, 486.80540, 485.61269,
14.787450, 475.77388, 4.1249369, 486.73373, 485.54064,
14.798820, 483.18885, 4.3571020, 486.63237, 485.44719,
14.810190, 478.01471, 4.3091424, 486.49874, 485.33032,
14.821550, 480.56086, 4.2818523, 486.33041, 485.18814,
14.832920, 485.78178, 4.3007660, 486.12449, 485.01839,
14.844280, 470.83848, 4.2854801, 485.87869, 484.81933,
14.855640, 477.02048, 4.5059445, 485.59022, 484.58877,
14.866990, 476.57413, 4.5933729, 485.25674, 484.32495,
14.878350, 474.75123, 4.6776550, 484.87493, 484.02533,
14.889710, 486.46016, 4.6192429, 484.44237, 483.68807,
14.901060, 474.36300, 4.5719088, 483.95677, 483.31149,
14.912410, 478.64746, 4.8024733, 483.41500, 482.89321,
14.923760, 478.28087, 4.9836494, 482.81419, 482.43112,
14.935100, 482.97709, 5.3147178, 482.15225, 481.92370,
14.946450, 488.76674, 5.1411428, 481.42499, 481.36784,
14.957790, 476.72631, 5.0454990, 480.63150, 480.76277,
14.969130, 479.59366, 5.2244578, 479.77524, 480.10939,
14.980470, 474.73259, 5.2312211, 478.86400, 479.41079,
14.991810, 474.83867, 5.3754213, 477.90578, 478.67024,
15.003140, 490.97898, 5.5134528, 476.90934, 477.89165,
15.014480, 480.37405, 5.2786665, 475.88099, 477.07697,
15.025810, 478.70710, 5.3545792, 474.83015, 476.23065,
15.037140, 475.47218, 5.4455175, 473.76398, 475.35533,
15.048460, 481.77423, 6.0013565, 472.69112, 474.45489,
15.059790, 485.11074, 6.0737245, 471.61760, 473.53100,
15.071110, 481.05540, 5.7852159, 470.55304, 472.58836,
15.082440, 472.00782, 4.2852495, 469.50338, 471.62849,
15.093750, 469.38237, 3.8150654, 468.47933, 470.65721,
15.105070, 470.92838, 3.7550010, 467.48585, 469.67498,
15.116390, 472.63639, 3.9114788, 466.53173, 468.68587,
15.127700, 467.52008, 3.9376558, 465.62569, 467.69392,
15.139020, 464.17056, 4.1093372, 464.77392, 466.70046,
15.150330, 463.83932, 4.0925901, 463.98592, 465.71045,
15.162390, 466.89259, 4.9902204, 463.22393, 464.66108,
15.174730, 470.19204, 4.9931553, 462.53777, 463.59796,
15.187070, 458.04440, 4.8622772, 461.95663, 462.54975,
15.199410, 456.67275, 5.0359240, 461.49092, 461.52037,
15.211740, 460.68571, 4.9962758, 461.14913, 460.51427,
15.224080, 462.08012, 4.9124619, 460.92785, 459.53007,
15.236410, 463.27794, 4.6790841, 460.82163, 458.56915,
15.248740, 460.43277, 4.8653790, 460.82444, 457.63031,
15.261060, 479.69507, 5.2794656, 460.93044, 456.71396,
15.273390, 468.90063, 5.2001945, 461.13416, 455.81819,
15.285710, 492.42332, 5.4854277, 461.42970, 454.94411,
15.298030, 476.41777, 4.9470199, 461.81164, 454.09075,
15.310350, 461.41047, 4.8614234, 462.27459, 453.25765,
15.322660, 487.34498, 5.3411009, 462.81261, 452.44522,
15.334980, 464.99852, 4.9675805, 463.42122, 451.65183,
15.347290, 470.36330, 4.9836990, 464.09419, 450.87837,
15.359600, 480.29322, 4.6228620, 464.82670, 450.12393,
15.371900, 467.74245, 4.4328477, 465.61284, 449.38880,
15.384210, 474.03104, 4.5622842, 466.44878, 448.67145,
15.396510, 486.37751, 5.1680613, 467.32802, 447.97273,
15.408810, 472.03569, 4.8678513, 468.24601, 447.29184,
15.421110, 481.40998, 4.6140218, 469.19780, 446.62840,
15.433410, 477.82290, 4.5217575, 470.17818, 445.98222,
15.445700, 482.43119, 4.4111132, 471.18141, 445.35346,
15.457990, 471.10413, 4.5411050, 472.20321, 444.74133,
15.470280, 484.84130, 4.8946996, 473.23857, 444.14556,
15.482570, 488.44116, 4.6950768, 474.28251, 443.56589,
15.494860, 481.41126, 4.4681453, 475.33004, 443.00206,
15.507140, 488.62580, 4.4335947, 476.37534, 442.45423,
15.519420, 474.51540, 4.4023516, 477.41419, 441.92174,
15.531700, 478.05132, 4.5203956, 478.44176, 441.40427,
15.543980, 489.42105, 4.4779403, 479.45291, 440.90166,
15.556260, 488.85720, 4.3487891, 480.44278, 440.41357,
15.568530, 487.56573, 4.0152087, 481.40549, 439.94022,
15.580800, 468.34121, 3.8942901, 482.33686, 439.48095,
15.593070, 487.55338, 4.1845359, 483.23187, 439.03553,
15.605340, 484.87403, 4.1771570, 484.08555, 438.60373,
15.617600, 487.89199, 4.1298154, 484.89526, 438.18566,
15.629860, 492.11103, 3.9672908, 485.66313, 437.78078,
15.642120, 474.62044, 3.7889893, 486.39093, 437.38882,
15.654380, 491.43883, 4.3414707, 487.08021, 437.00962,
15.666640, 449.83870, 4.2905203, 487.73267, 436.64293,
15.678890, 482.73872, 4.3658409, 488.34935, 436.28886,
15.691140, 495.45419, 4.2892370, 488.93238, 435.94690,
15.703390, 482.99468, 4.0904998, 489.48330, 435.61684,
15.715640, 490.07872, 4.3014877, 490.00365, 435.29849,
15.727890, 495.43733, 4.5044653, 490.49493, 434.99166,
15.740130, 490.00703, 4.5500842, 490.95827, 434.69639,
15.752370, 499.27193, 4.5022137, 491.39549, 434.41226,
15.764610, 497.75182, 6.2444061, 491.80812, 434.13906,
15.776850, 494.03941, 20.413717, 492.19751, 433.87664,
15.789090, 494.29502, 4.2476781, 492.56516, 433.62479,
15.801320, 490.55435, 4.3208226, 492.91213, 433.38355,
15.813550, 507.76558, 4.5449865, 493.24015, 433.15253,
15.825780, 503.58407, 4.3664090, 493.55059, 432.93157,
15.838010, 501.34967, 4.3185542, 493.84481, 432.72049,
15.850230, 501.97423, 4.3197945, 494.12394, 432.51929,
15.862450, 497.54353, 4.4001462, 494.38956, 432.32766,
15.874670, 502.52978, 4.6309423, 494.64303, 432.14540,
15.886890, 505.32281, 4.6753971, 494.88565, 431.97237,
15.899110, 510.97425, 4.7545409, 495.11872, 431.80843,
15.911320, 508.23698, 4.6521251, 495.34341, 431.65353,
15.923540, 504.84658, 4.7339178, 495.56138, 431.50728,
15.935750, 504.18359, 4.9601647, 495.77355, 431.36977,
15.947960, 504.03432, 5.1185847, 495.98142, 431.24074,
15.960160, 506.10779, 5.1874365, 496.18612, 431.12012,
15.972370, 507.40487, 5.1324480, 496.38926, 431.00760,
15.984570, 510.06415, 4.9483061, 496.59178, 430.90322,
15.996770, 505.39265, 4.9671078, 496.79517, 430.80673,
16.008961, 509.11806, 5.0274031, 497.00053, 430.71808,
16.021160, 509.62137, 5.1676458, 497.20946, 430.63699,
16.033350, 506.16196, 5.1104630, 497.42293, 430.56347,
16.045549, 498.13198, 4.9640325, 497.64257, 430.49727,
16.057739, 464.10925, 5.4299974, 497.86933, 430.43837,
16.069920, 491.21965, 5.1627056, 498.10448, 430.38662,
16.082109, 485.16180, 5.0041218, 498.34971, 430.34182,
16.094290, 483.21367, 5.0945406, 498.60592, 430.30393,
16.106470, 462.07619, 5.4997388, 498.87464, 430.27278,
16.118650, 481.04639, 5.2281596, 499.15716, 430.24826,
16.130831, 487.22409, 5.3735945, 499.45483, 430.23025,
16.143009, 481.58947, 5.5071593, 499.76894, 430.21865,
16.155180, 483.99813, 5.7653018, 500.10066, 430.21334,
16.167351, 499.94431, 6.0676768, 500.45155, 430.21420,
16.179520, 496.52401, 6.5115283, 500.82291, 430.22112,
16.191681, 484.49530, 6.1543519, 501.21593, 430.23398,
16.203850, 499.92843, 6.6245533, 501.63250, 430.25269,
16.216009, 536.49043, 7.7012813, 502.07343, 430.27713,
16.228170, 500.68412, 6.9465422, 502.54041, 430.30720,
16.240330, 485.71464, 8.2291208, 503.03300, 430.34281,
16.252489, 506.10714, 6.7591968, 503.55003, 430.38385,
16.264641, 525.68965, 7.0515243, 504.08988, 430.43019,
16.276791, 525.90553, 7.1933161, 504.65154, 430.48175,
16.288950, 495.69059, 6.5310003, 505.23432, 430.53850,
16.301090, 501.36294, 7.2452507, 505.83562, 430.60020,
16.313240, 522.38267, 7.7281363, 506.45563, 430.66689,
16.325380, 512.74992, 7.2312117, 507.09217, 430.73838,
16.337530, 537.10160, 5.2943593, 507.74508, 430.81469,
16.349670, 547.71809, 4.6717561, 508.41215, 430.89562,
16.361799, 561.71494, 4.6031444, 509.09208, 430.98105,
16.373940, 585.47209, 5.1303528, 509.78501, 431.07106,
16.386070, 606.81810, 5.5319581, 510.48860, 431.16541,
16.398211, 624.16971, 5.4076301, 511.20282, 431.26415,
16.410339, 622.49262, 5.3706955, 511.92530, 431.36705,
16.422461, 624.23835, 5.6492198, 512.65513, 431.47403,
16.434589, 625.97823, 6.1360857, 513.39211, 431.58515,
16.446711, 623.16945, 5.8163109, 514.13421, 431.70020,
16.458839, 629.49118, 6.0198473, 514.88125, 431.81924,
16.470961, 603.01913, 6.3689249, 515.63118, 431.94204,
16.483070, 592.28777, 5.7783399, 516.38266, 432.06847,
16.495190, 580.05120, 10.717238, 517.13590, 432.19869,
16.500280, 563.90480, 6.3072607, 517.45238, 432.25447,
16.513599, 558.16496, 6.8882137, 518.27985, 432.40338,
16.526911, 560.98537, 5.5769804, 519.10491, 432.55642,
16.540211, 556.51669, 5.7087878, 519.92587, 432.71344,
16.553520, 553.71563, 5.8180953, 520.74255, 432.87461,
16.566820, 556.38756, 43.170073, 521.55234, 433.03958,
16.580120, 527.05904, 50.508349, 522.35435, 433.20839,
16.593420, 522.56108, 5.0068206, 523.14711, 433.38095,
16.606710, 520.78664, 4.9074091, 523.92859, 433.55703,
16.620001, 523.61726, 4.9101299, 524.69787, 433.73668,
16.633301, 529.65100, 5.1410618, 525.45399, 433.91993,
16.646589, 530.68280, 5.2412318, 526.19427, 434.10641,
16.659870, 522.36567, 5.0581731, 526.91744, 434.29609,
16.673149, 526.54652, 4.9475148, 527.62230, 434.48895,
16.686440, 526.91330, 4.8629606, 528.30800, 434.68511,
16.699711, 530.57448, 5.0044040, 528.97162, 434.88403,
16.712990, 532.91603, 5.1660260, 529.61491, 435.08604,
16.726271, 535.81305, 5.1897280, 530.23889, 435.29096,
16.739540, 531.50255, 4.8793360, 530.84426, 435.49850,
16.752810, 529.83054, 4.6179442, 531.43286, 435.70877,
16.766081, 530.05960, 4.4334656, 532.00606, 435.92172,
16.779341, 520.63162, 4.4840478, 532.56458, 436.13705,
16.792601, 518.98815, 4.6572814, 533.11016, 436.35487,
16.805870, 532.77655, 4.8995260, 533.64445, 436.57527,
16.819120, 542.23622, 5.1460876, 534.16754, 436.79768,
16.832380, 533.86672, 4.6570599, 534.68181, 437.02253,
16.845631, 524.09599, 4.4618378, 535.18773, 437.24940,
16.858891, 514.47876, 4.6497346, 535.68726, 437.47855,
16.872141, 531.99748, 5.0214219, 536.18090, 437.70959,
16.885380, 533.64741, 5.1025696, 536.66979, 437.94240,
16.898630, 533.57682, 4.8761703, 537.15598, 438.17731,
16.911869, 524.84995, 4.5429764, 537.63983, 438.41386,
16.925110, 532.08778, 4.4812984, 538.12303, 438.65220,
16.938351, 531.88638, 4.5336373, 538.60671, 438.89224,
16.951580, 527.09505, 4.6308179, 539.09165, 439.13369,
16.964821, 536.67520, 4.8011968, 539.57796, 439.37691,
16.978050, 572.59035, 5.3537724, 540.05872, 439.62141,
16.991270, 555.10303, 4.6311228, 540.52702, 439.86715,
17.004499, 566.05422, 4.6446978, 540.97649, 440.11443,
17.017719, 677.07177, 5.0450365, 541.39947, 440.36282,
17.030951, 1178.9126, 7.0458763, 541.78956, 440.61265,
17.044161, 1360.6662, 7.8254135, 542.13878, 440.86324,
17.057381, 745.36116, 5.6868442, 542.44090, 441.11510,
17.070601, 567.41895, 4.7395345, 542.68851, 441.36800,
17.083811, 554.07127, 4.5842679, 542.87432, 441.62167,
17.097019, 550.81955, 4.5323558, 542.99133, 441.87622,
17.110229, 555.52534, 4.7620321, 543.03230, 442.13163,
17.123430, 549.37808, 5.0014633, 542.98997, 442.38764,
17.136641, 544.24639, 4.7021863, 542.85691, 442.64454,
17.149839, 543.12242, 4.6495528, 542.62592, 442.90187,
17.163040, 509.92283, 4.7966354, 542.28937, 443.15983,
17.176229, 516.98366, 6.4230492, 541.84015, 443.41808,
17.189430, 529.26305, 9.8795698, 541.26983, 443.67703,
17.202620, 543.08377, 5.1879424, 540.57166, 443.93614,
17.215811, 545.39578, 5.3111614, 539.73724, 444.19564,
17.229000, 537.62885, 5.2517650, 538.75888, 444.45538,
17.242180, 549.07910, 5.1976459, 537.62933, 444.71514,
17.255369, 529.96593, 5.1345941, 536.34387, 444.97525,
17.268551, 523.60973, 5.1142762, 534.91333, 445.23530,
17.281719, 531.24074, 5.1370547, 533.34959, 445.49512,
17.294901, 538.58735, 5.2976050, 531.66032, 445.75518,
17.308069, 550.21974, 5.3119884, 529.85968, 446.01489,
17.321251, 551.29240, 5.0882279, 527.95466, 446.27471,
17.334410, 561.91370, 5.1950074, 525.96117, 446.53387,
17.347580, 569.31043, 5.4023982, 523.88463, 446.79298,
17.360750, 560.20624, 5.4101663, 521.73716, 447.05176,
17.373911, 574.13305, 5.8951358, 519.53077, 447.30997,
17.387070, 564.12585, 5.8765201, 517.27457, 447.56768,
17.400230, 552.49436, 5.9008259, 514.97818, 447.82491,
17.413380, 539.06662, 5.6290188, 512.65421, 448.08134,
17.426540, 553.94100, 5.7517720, 510.30884, 448.33736,
17.439690, 547.97727, 5.7068333, 507.95634, 448.59246,
17.452841, 526.96890, 5.6395011, 505.60452, 448.84683,
17.465981, 541.49627, 6.2607359, 503.26593, 449.10017,
17.479130, 524.35131, 6.6302734, 500.94703, 449.35280,
17.492270, 517.71861, 5.5310691, 498.66135, 449.60430,
17.505409, 503.74347, 5.4249112, 496.41742, 449.85479,
17.518551, 501.66232, 5.7435206, 494.22516, 450.10425,
17.531679, 518.72325, 6.4073758, 492.09731, 450.35232,
17.544821, 499.97597, 6.1614126, 490.03986, 450.59944,
17.557949, 485.76163, 6.1267635, 488.06734, 450.84506,
17.571079, 483.89656, 6.2084071, 486.18777, 451.08938,
17.584200, 477.86640, 6.3648202, 484.41317, 451.33214,
17.597330, 496.30034, 6.5619829, 482.75151, 451.57362,
17.610451, 487.66686, 6.8855365, 481.21449, 451.81341,
17.623569, 466.33289, 6.5155835, 479.80035, 452.05158,
17.636690, 494.65443, 7.6913753, 478.50351, 452.28814,
17.649799, 479.33855, 6.7814463, 477.32008, 452.52278,
17.662910, 479.38176, 6.6123755, 476.24371, 452.75567,
17.676029, 513.21250, 7.3494656, 475.26912, 452.98684,
17.689131, 503.59103, 7.1846676, 474.39318, 453.21580,
17.702240, 458.57703, 7.6257093, 473.60936, 453.44291,
17.715349, 477.16452, 7.7321387, 472.91348, 453.66796,
17.728451, 509.18848, 7.6930464, 472.30122, 453.89077,
17.741550, 490.91644, 6.5754975, 471.76765, 454.11135,
17.754641, 492.22379, 5.1282960, 471.30845, 454.32951,
17.767740, 494.39874, 5.4590789, 470.91849, 454.54549,
17.780830, 487.55457, 5.6576882, 470.59394, 454.75892,
17.793921, 486.74213, 5.0728104, 470.33013, 454.96987,
17.807011, 478.18642, 4.8937554, 470.12274, 455.17828,
17.820101, 487.08485, 4.8525223, 469.96750, 455.38406,
17.833179, 490.80766, 4.7949423, 469.86026, 455.58697,
17.846270, 489.64774, 4.8578868, 469.79661, 455.78728,
17.859341, 484.00541, 4.9742551, 469.77253, 455.98446,
17.872419, 474.72774, 5.1753366, 469.78379, 456.17884,
17.885500, 477.07300, 5.3803878, 469.82631, 456.37024,
17.898569, 483.22672, 5.5620464, 469.89594, 456.55840,
17.911640, 474.33212, 5.3902087, 469.98868, 456.74343,
17.924709, 470.08760, 5.4502711, 470.10046, 456.92520,
17.937780, 452.82938, 8.3359598, 470.22729, 457.10367,
17.941250, 487.90982, 5.7631600, 470.26297, 457.15048,
17.955721, 467.55241, 5.4031010, 470.41851, 457.34309,
17.970181, 468.43140, 5.4757229, 470.58071, 457.53124,
17.984650, 475.48192, 5.7668455, 470.74438, 457.71510,
17.999109, 461.32618, 6.7484135, 470.90390, 457.89430,
18.013571, 467.17928, 6.3748058, 471.05397, 458.06888,
18.028021, 474.57966, 5.9359518, 471.18906, 458.23855,
18.042480, 469.05663, 5.5071508, 471.30393, 458.40344,
18.056931, 470.81860, 5.2791977, 471.39299, 458.56321,
18.071381, 459.09269, 5.2154484, 471.45086, 458.71785,
18.085819, 459.41633, 5.4322877, 471.47204, 458.86711,
18.100269, 473.96033, 5.7057673, 471.45105, 459.01110,
18.114710, 484.48730, 5.8854842, 471.38378, 459.14948,
18.129150, 480.45542, 5.7118168, 471.27149, 459.28222,
18.143579, 470.04237, 5.4117610, 471.11680, 459.40908,
18.158020, 474.73244, 5.2463760, 470.92193, 459.53012,
18.172449, 470.31223, 5.3593866, 470.68959, 459.64503,
18.186880, 461.83385, 5.2473361, 470.42198, 459.75377,
18.201300, 468.86462, 5.2861532, 470.12173, 459.85610,
18.215719, 452.95021, 5.0243438, 469.79095, 459.95196,
18.230150, 457.39090, 4.9710276, 469.43163, 460.04129,
18.244560, 458.28202, 4.8848125, 469.04687, 460.12374,
18.258980, 455.38551, 5.0171569, 468.63812, 460.19933,
18.273390, 462.45536, 5.3471159, 468.20813, 460.26782,
18.287800, 467.56610, 5.9015339, 467.75884, 460.32909,
18.302210, 468.85355, 5.8151772, 467.29241, 460.38300,
18.316620, 466.63154, 5.1530584, 466.81100, 460.42939,
18.331020, 460.40687, 4.8552061, 466.31711, 460.46805,
18.345421, 459.39239, 4.9219442, 465.81253, 460.49887,
18.359819, 458.07475, 4.8907291, 465.29947, 460.52167,
18.374210, 460.76914, 5.1443929, 464.78025, 460.53627,
18.388611, 461.41963, 5.2847106, 464.25635, 460.54253,
18.403000, 470.22281, 5.2894679, 463.73065, 460.54025,
18.417379, 466.57039, 5.2698152, 463.20516, 460.52927,
18.431770, 465.08638, 4.9681822, 462.68122, 460.50940,
18.446150, 457.73371, 4.8626953, 462.16177, 460.48047,
18.460529, 462.10612, 5.1902319, 461.64848, 460.44229,
18.474911, 465.73524, 5.1663387, 461.14339, 460.39465,
18.489281, 467.05804, 5.8732964, 460.64907, 460.33742,
18.503660, 458.20015, 4.8876115, 460.16691, 460.27032,
18.518030, 453.81116, 4.7617973, 459.69891, 460.19342,
18.532391, 455.51319, 4.7710597, 459.24496, 460.10714,
18.546761, 464.59900, 5.1513961, 458.80420, 460.01175,
18.561119, 455.77179, 5.3193468, 458.37706, 459.90782,
18.575480, 472.07076, 5.6685676, 457.96290, 459.79565,
18.589840, 463.80715, 5.4977682, 457.56157, 459.67568,
18.604191, 469.64962, 5.1969164, 457.17314, 459.54837,
18.618549, 467.26295, 4.9426559, 456.79696, 459.41399,
18.632900, 456.75195, 4.7800615, 456.43324, 459.27306,
18.647240, 460.34837, 5.2010128, 456.08191, 459.12603,
18.661591, 464.61955, 6.1163104, 455.74224, 458.97306,
18.675930, 449.65030, 5.3456547, 455.41465, 458.81477,
18.690269, 465.89088, 5.5908226, 455.09872, 458.65143,
18.704611, 486.53752, 5.6637613, 454.79430, 458.48341,
18.718941, 481.87782, 5.3166742, 454.50155, 458.31123,
18.733271, 460.92301, 5.1298818, 454.22012, 458.13516,
18.747601, 471.27615, 5.2088689, 453.94992, 457.95556,
18.761930, 482.54205, 5.4904425, 453.69088, 457.77282,
18.776260, 475.06678, 5.6704557, 453.44292, 457.58731,
18.790581, 466.47424, 5.5994611, 453.20613, 457.39953,
18.804899, 473.89453, 5.1984811, 452.98034, 457.20976,
18.819220, 488.05363, 5.3879761, 452.76543, 457.01831,
18.833530, 495.02059, 5.9285887, 452.56154, 456.82572,
18.847839, 474.40925, 5.7296845, 452.36853, 456.63225,
18.862150, 504.58279, 6.6785234, 452.18633, 456.43822,
18.876459, 511.43369, 6.8390855, 452.01499, 456.24406,
18.890770, 494.19860, 6.1328920, 451.85447, 456.05008,
18.905069, 489.66556, 5.9022290, 451.70492, 455.85683,
18.919371, 486.81274, 5.7264245, 451.56622, 455.66450,
18.933670, 504.55061, 5.7376759, 451.43845, 455.47351,
18.947960, 482.54749, 5.8819950, 451.32169, 455.28434,
18.962250, 475.75751, 6.1447237, 451.21593, 455.09721,
18.976540, 488.42071, 6.4689264, 451.12121, 454.91252,
18.990829, 496.30962, 6.5275801, 451.03762, 454.73062,
19.005119, 483.54787, 6.1528933, 450.96524, 454.55188,
19.019400, 479.85528, 6.0198484, 450.90419, 454.37681,
19.033680, 462.84027, 5.6796498, 450.85453, 454.20565,
19.047960, 462.95277, 5.9741453, 450.81637, 454.03877,
19.062229, 476.43235, 6.3278189, 450.78985, 453.87669,
19.076500, 467.47010, 7.6419296, 450.77506, 453.71962,
19.090771, 434.51989, 6.9909093, 450.77216, 453.56797,
19.105040, 466.60197, 6.7638577, 450.78129, 453.42214,
19.119310, 484.37213, 6.8910453, 450.80261, 453.28246,
19.133570, 464.31413, 6.7437865, 450.83627, 453.14945,
19.147829, 440.55863, 8.2571977, 450.88247, 453.02339,
19.162090, 471.12574, 7.5207661, 450.94141, 452.90464,
19.176340, 465.23946, 7.5138139, 451.01322, 452.79371,
19.190599, 448.91349, 7.4210701, 451.09823, 452.69081,
19.204849, 455.50732, 7.5132666, 451.19655, 452.59650,
19.219101, 456.45887, 7.1262462, 451.30849, 452.51107,
19.233339, 441.00489, 6.6354978, 451.43416, 452.43502,
19.247580, 451.08103, 7.5270779, 451.57395, 452.36866,
19.261820, 448.34013, 7.2751577, 451.72812, 452.31240,
19.276060, 451.64384, 7.5932023, 451.89694, 452.26666,
19.290300, 460.69015, 9.0543474, 452.08073, 452.23186,
19.304529, 448.03102, 8.3208661, 452.27963, 452.20843,
19.318760, 445.78474, 7.5013898, 452.49413, 452.19675,
19.332991, 460.72940, 7.8075722, 452.72456, 452.19726,
19.347219, 463.87900, 8.2737003, 452.97122, 452.21038,
19.361441, 440.37307, 7.3576472, 453.23437, 452.23654,
19.375660, 458.44025, 7.9844193, 453.51448, 452.27616,
19.389879, 424.95647, 7.8403848, 453.81198, 452.32969,
19.404100, 436.92413, 9.2967488, 454.12732, 452.39760,
19.418310, 454.75013, 10.278281, 454.46062, 452.48025,
19.432520, 476.20229, 10.236979, 454.81256, 452.57815,
