# wave, flux, fluxerr, continuum, continuum_plateau
9.9725246, 106.26010, 2.8171714, 139.71463, 139.55988,
9.9806166, 108.40843, 3.3277521, 137.83695, 137.70739,
9.9887066, 115.53323, 3.0804059, 136.01587, 135.90849,
9.9967957, 111.50865, 2.7575537, 134.25032, 134.16234,
10.004880, 117.17257, 3.0233421, 132.54023, 132.46911,
10.012970, 110.53790, 2.9845429, 130.88260, 130.82600,
10.021050, 118.12230, 2.8625219, 129.27972, 129.23549,
10.029140, 120.97453, 2.9848919, 127.72703, 127.69324,
10.037220, 120.04600, 3.3753119, 126.22760, 126.20248,
10.045300, 127.61360, 2.9161486, 124.77864, 124.76060,
10.053380, 116.92488, 2.8272334, 123.37925, 123.36687,
10.061460, 118.70398, 3.1912335, 122.02905, 122.02107,
10.069540, 118.17822, 3.1258993, 120.72701, 120.72232,
10.077610, 120.30247, 2.6954952, 119.47420, 119.47182,
10.085690, 116.87865, 2.9673735, 118.26682, 118.26591,
10.093760, 122.44463, 2.8993574, 117.10707, 117.10690,
10.101830, 112.73810, 2.8471936, 115.99283, 115.99282,
10.109900, 116.20250, 2.5825526, 114.92335, 114.92299,
10.117970, 110.89358, 2.7049031, 113.89825, 113.89716,
10.126040, 110.50548, 2.9651238, 112.91680, 112.91467,
10.134100, 108.67242, 2.6743910, 111.97958, 111.97621,
10.142170, 112.31885, 2.5751027, 111.08356, 111.07881,
10.150230, 107.34918, 2.7211225, 110.23041, 110.22422,
10.158300, 112.20868, 2.7902803, 109.41754, 109.40990,
10.166360, 111.01905, 2.3423872, 108.64640, 108.63739,
10.174420, 110.53425, 2.8794790, 107.91529, 107.90501,
10.182470, 108.06923, 3.0063051, 107.22465, 107.21325,
10.190530, 104.58826, 2.6914438, 106.57223, 106.55991,
10.198590, 101.05550, 2.5287806, 105.95830, 105.94527,
10.206640, 117.46797, 2.6573805, 105.38316, 105.36968,
10.214690, 106.28499, 2.5926397, 104.84551, 104.83184,
10.222750, 109.13118, 2.6656687, 104.34430, 104.33072,
10.230800, 99.893782, 2.7565830, 103.88025, 103.86704,
10.238850, 100.53509, 2.9725414, 103.45230, 103.43974,
10.246890, 101.60153, 2.5195374, 103.06044, 103.04881,
10.254940, 102.51117, 3.1542199, 102.70331, 102.69287,
10.262990, 102.65805, 3.1037848, 102.38097, 102.37198,
10.271030, 104.92960, 2.8149594, 102.09333, 102.08600,
10.279070, 105.00377, 2.8548079, 101.83961, 101.83413,
10.287120, 96.539738, 2.6548733, 101.61911, 101.61566,
10.295150, 97.523018, 3.1407445, 101.43223, 101.43091,
10.303190, 106.16278, 3.0279297, 101.27785, 101.27873,
10.311230, 105.92375, 2.7356144, 101.15688, 101.16001,
10.319270, 97.832067, 2.8557384, 101.07127, 101.07666,
10.327300, 98.023182, 2.9677706, 101.02311, 101.03075,
10.335340, 102.84740, 2.8284939, 101.01434, 101.02419,
10.343370, 103.54248, 2.8286486, 101.04705, 101.05904,
10.351400, 97.575096, 4.1181754, 101.12328, 101.13729,
10.359430, 102.56037, 3.3050033, 101.24511, 101.26098,
10.367460, 105.34945, 3.0095664, 101.41466, 101.43214,
10.375480, 93.273848, 3.2900176, 101.63371, 101.65251,
10.383510, 96.447418, 3.6920121, 101.90497, 101.92472,
10.391530, 102.76984, 4.0067310, 102.22990, 102.25014,
10.399560, 99.357981, 2.4259383, 102.61143, 102.63161,
10.407580, 103.31616, 2.5847742, 103.05082, 103.07030,
10.415600, 97.558701, 2.4105641, 103.55061, 103.56863,
10.423620, 103.43168, 2.6812395, 104.11312, 104.12879,
10.431640, 103.84989, 2.5826761, 104.74043, 104.75273,
10.439650, 107.91328, 2.7997423, 105.43396, 105.44175,
10.447670, 106.69145, 2.6065439, 106.19771, 106.19968,
10.455680, 106.28720, 2.4284745, 107.03166, 107.02635,
10.463700, 106.61872, 2.4316346, 107.93710, 107.92313,
10.471710, 106.20518, 2.6878361, 108.90910, 108.88532,
10.479720, 106.42420, 2.6293360, 109.94627, 109.91170,
10.487730, 108.54688, 2.6195267, 111.04608, 110.99991,
10.495730, 111.49353, 2.5570556, 112.20461, 112.14624,
10.503740, 102.77497, 3.4876116, 113.42214, 113.35106,
10.511750, 113.12890, 3.2144730, 114.69484, 114.61075,
10.519750, 118.17152, 3.0896728, 116.01848, 115.92121,
10.527750, 111.18225, 2.9481586, 117.39243, 117.28192,
10.535750, 122.16565, 3.9398004, 118.81411, 118.69044,
10.543750, 116.36013, 3.1950818, 120.28093, 120.14430,
10.551750, 114.40015, 4.0440619, 121.79084, 121.64154,
10.559750, 121.49420, 3.9310573, 123.34111, 123.17953,
10.567850, 133.74549, 2.9369576, 124.94983, 124.77632,
10.576350, 137.57515, 2.9006432, 126.67729, 126.49192,
10.584840, 139.26060, 2.7506681, 128.44010, 128.24363,
10.593340, 140.70255, 2.6022127, 130.23981, 130.03307,
10.601830, 144.90080, 2.5160982, 132.06918, 131.85312,
10.610330, 143.24028, 11.792348, 133.92995, 133.70557,
10.618820, 158.96425, 8.9152716, 135.81496, 135.58335,
10.627310, 151.17373, 2.6436028, 137.72330, 137.48562,
10.635800, 142.12155, 2.6014996, 139.65264, 139.41011,
10.644280, 148.33388, 2.7847628, 141.59761, 141.35151,
10.652770, 151.78822, 2.7643623, 143.56004, 143.31171,
10.661250, 151.33560, 2.5434639, 145.53281, 145.28363,
10.669740, 154.32108, 2.8460237, 147.51761, 147.26903,
10.678220, 148.88300, 2.8991258, 149.50725, 149.26078,
10.686700, 155.86395, 2.7466838, 151.50124, 151.25841,
10.695180, 159.69525, 2.9031084, 153.49686, 153.25928,
10.703650, 157.38543, 3.0053794, 155.48915, 155.25844,
10.712130, 166.58387, 2.9797577, 157.47964, 157.25752,
10.720600, 171.70547, 2.7958631, 159.46161, 159.24980,
10.729080, 166.81170, 2.9547690, 161.43655, 161.23688,
10.737550, 184.03933, 3.1323999, 163.39710, 163.21139,
10.746020, 176.96535, 2.9911358, 165.34321, 165.17337,
10.754490, 181.97222, 3.1224999, 167.27169, 167.11969,
10.762960, 175.47310, 2.8609988, 169.18027, 169.04814,
10.771420, 176.87902, 3.2052479, 171.06346, 170.95326,
10.779890, 181.36693, 2.9860472, 172.92360, 172.83753,
10.788350, 179.51080, 2.9880820, 174.75314, 174.69341,
10.796810, 175.68750, 2.9765841, 176.55164, 176.52057,
10.805270, 181.77357, 3.4401706, 178.31635, 178.31635,
10.813730, 174.77375, 3.9715244, 180.04506, 180.07858,
10.822190, 179.83612, 3.3941713, 181.73786, 181.80719,
10.830650, 180.97123, 3.6483305, 183.39536, 183.50259,
10.839100, 176.87805, 3.6902696, 185.01621, 185.16318,
10.847560, 186.49115, 3.3107482, 186.60504, 186.79350,
10.856010, 186.41440, 3.3172336, 188.15868, 188.39011,
10.864460, 198.77880, 3.5923651, 189.67937, 189.95509,
10.872910, 203.12285, 3.7498978, 191.16786, 191.48904,
10.881360, 208.49788, 3.5327301, 192.62487, 192.99253,
10.889800, 209.07883, 3.6719121, 194.04906, 194.46397,
10.898250, 212.53487, 4.2321119, 195.44435, 195.90727,
10.906690, 220.37100, 4.1342247, 196.80814, 197.31955,
10.915140, 232.10445, 4.0345667, 198.14419, 198.70455,
10.923580, 252.68050, 4.5242991, 199.44969, 200.05923,
10.932020, 261.62468, 4.9135504, 200.72685, 201.38569,
10.940460, 260.16470, 4.9785641, 201.97617, 202.68432,
10.948890, 270.21040, 5.1185246, 203.19663, 203.95393,
10.957330, 274.69135, 5.0319674, 204.39177, 205.19805,
10.965760, 316.62350, 4.4463748, 205.55922, 206.41409,
10.974200, 345.27744, 4.2931627, 206.70208, 207.60518,
10.982630, 404.36802, 4.3168292, 207.81813, 208.76884,
10.991060, 439.27520, 4.7050123, 208.90936, 209.90706,
10.999490, 438.87792, 4.7937365, 209.97598, 211.01994,
11.007920, 440.36505, 4.7985993, 211.01867, 212.10808,
11.016340, 435.77290, 4.6512503, 212.03648, 213.17040,
11.024770, 422.50950, 3.9410850, 213.03226, 214.20977,
11.033190, 413.47020, 4.0701770, 214.00417, 215.22418,
11.041610, 402.00480, 4.0628921, 214.95377, 216.21515,
11.050030, 388.08165, 4.1792232, 215.88146, 217.18304,
11.058450, 386.58647, 4.2660368, 216.78763, 218.12816,
11.066870, 375.39629, 4.5128477, 217.67266, 219.05085,
11.075290, 366.24580, 4.5718040, 218.53695, 219.95143,
11.083700, 365.27544, 4.6187706, 219.37992, 220.82926,
11.092120, 373.21340, 4.4001323, 220.20386, 221.68664,
11.100530, 373.60300, 5.1006837, 221.00717, 222.52185,
11.108940, 377.45803, 4.7405116, 221.79133, 223.33638,
11.117350, 386.19375, 6.8799606, 222.55653, 224.13037,
11.120570, 410.64093, 4.7038506, 222.84465, 224.42909,
11.129530, 420.93362, 4.4859701, 223.63206, 225.24475,
11.138500, 440.21205, 4.5114433, 224.39988, 226.03896,
11.147460, 480.98988, 4.8434238, 225.14671, 226.81025,
11.156430, 573.10278, 5.2892694, 225.87469, 227.56078,
11.165390, 670.25897, 5.4106014, 226.58250, 228.28915,
11.174350, 790.76062, 5.7576968, 227.27139, 228.99663,
11.183300, 965.90097, 6.7215384, 227.94104, 229.68285,
11.192260, 1129.1960, 7.1475927, 228.59323, 230.34962,
11.201220, 1242.0725, 7.1272167, 229.22761, 230.99656,
11.210170, 1256.6028, 7.2133925, 229.84387, 231.62335,
11.219120, 1235.2112, 7.4050715, 230.44307, 232.23105,
11.228070, 1235.6592, 7.5380024, 231.02553, 232.81998,
11.237020, 1230.8727, 7.0128439, 231.59154, 233.39044,
11.245970, 1209.1003, 7.0405876, 232.14155, 233.94289,
11.254920, 1184.0580, 7.2364333, 232.67581, 234.47759,
11.263860, 1157.7073, 7.1947639, 233.19407, 234.99428,
11.272800, 1129.9585, 6.7638399, 233.69731, 235.49399,
11.281750, 1063.6598, 6.7818072, 234.18625, 235.97743,
11.290690, 1012.1132, 6.9206916, 234.66026, 236.44401,
11.299630, 965.69788, 6.6299686, 235.12006, 236.89447,
11.308560, 912.77954, 6.2429558, 235.56554, 237.32874,
11.317500, 852.64197, 6.0606677, 235.99793, 237.74804,
11.326430, 802.04773, 6.0947275, 236.41660, 238.15181,
11.335370, 765.93971, 6.0404187, 236.82271, 238.54123,
11.344300, 704.16966, 6.3325226, 237.21569, 238.91576,
11.353230, 682.39505, 5.9298525, 237.59623, 239.27615,
11.362160, 651.90625, 5.4636270, 237.96457, 239.62266,
11.371080, 604.81958, 5.3189065, 238.32067, 239.95533,
11.380010, 579.56056, 4.8880966, 238.66548, 240.27509,
11.388930, 555.68874, 4.8218274, 238.99859, 240.58164,
11.397850, 528.59184, 4.9023569, 239.32055, 240.87556,
11.406780, 508.60656, 4.8312804, 239.63200, 241.15750,
11.415700, 494.34561, 4.5085673, 239.93245, 241.42709,
11.424610, 470.55645, 4.4974240, 240.22221, 241.68470,
11.433530, 451.72830, 4.6129524, 240.50214, 241.93117,
11.442450, 446.60023, 4.5407994, 240.77215, 242.16651,
11.451360, 420.26210, 4.2309678, 241.03219, 242.39077,
11.460270, 400.05993, 4.2589213, 241.28279, 242.60450,
11.469180, 391.61922, 4.4159491, 241.52416, 242.80798,
11.478090, 379.91216, 4.3382156, 241.75653, 243.00151,
11.487000, 365.85652, 4.1013710, 241.98010, 243.18535,
11.495910, 348.58008, 4.1661442, 242.19507, 243.35977,
11.504810, 336.08420, 4.2816168, 242.40147, 243.52493,
11.513710, 323.52803, 4.2113045, 242.59971, 243.68124,
11.522620, 325.12013, 4.0885967, 242.79022, 243.82918,
11.531520, 316.62463, 4.1809029, 242.97276, 243.96868,
11.540420, 316.71780, 4.3664561, 243.14775, 244.10019,
11.549310, 312.94155, 4.4148010, 243.31521, 244.22384,
11.558210, 303.40705, 4.2496625, 243.47572, 244.34020,
11.567100, 307.75778, 4.3210178, 243.62907, 244.44924,
11.576000, 299.82518, 4.5384749, 243.77583, 244.55153,
11.584890, 288.66007, 4.5372480, 243.91583, 244.64706,
11.593780, 286.43251, 4.5439268, 244.04942, 244.73623,
11.602670, 279.30891, 4.4323571, 244.17680, 244.81933,
11.611560, 263.59762, 4.6141488, 244.29815, 244.89660,
11.620440, 259.56640, 4.7267342, 244.41349, 244.96823,
11.629330, 258.33609, 4.6805324, 244.52329, 245.03466,
11.638210, 258.13514, 5.0318581, 244.62745, 245.09599,
11.647090, 252.43920, 4.9806343, 244.72627, 245.15257,
11.655970, 252.43985, 5.4975660, 244.81992, 245.20465,
11.664850, 251.10262, 4.2747957, 244.90858, 245.25250,
11.673730, 254.49195, 3.3806233, 244.99239, 245.29637,
11.682600, 251.47262, 3.6378530, 245.07145, 245.33649,
11.691480, 248.29905, 3.5238858, 245.14608, 245.37320,
11.700350, 245.76813, 3.6478109, 245.21628, 245.40668,
11.709220, 249.95450, 3.7100217, 245.28230, 245.43723,
11.718090, 258.12545, 4.3915992, 245.34429, 245.46511,
11.726960, 252.67987, 4.4361276, 245.40241, 245.49057,
11.735830, 242.15593, 4.1594474, 245.45680, 245.51387,
11.744690, 250.41949, 4.6005620, 245.50757, 245.53524,
11.753560, 245.11818, 4.4963851, 245.55499, 245.55499,
11.762420, 248.59348, 4.6026303, 245.59905, 245.57325,
11.771280, 241.48788, 6.9980258, 245.63973, 245.58995,
11.775020, 252.39487, 3.6248348, 245.65586, 245.59648,
11.784500, 251.44820, 3.7404377, 245.69389, 245.61154,
11.793980, 253.70781, 3.8018467, 245.72771, 245.62430,
11.803460, 260.31093, 3.9317452, 245.75717, 245.63451,
11.812940, 257.16210, 3.4761820, 245.78212, 245.64198,
11.822420, 261.96222, 3.6595237, 245.80240, 245.64646,
11.831890, 254.25478, 3.5892268, 245.81784, 245.64774,
11.841360, 256.82872, 3.9485593, 245.82830, 245.64560,
11.850840, 266.85565, 3.4266592, 245.83365, 245.63980,
11.860310, 273.12817, 3.5780886, 245.83369, 245.63015,
11.869770, 287.34612, 4.3568899, 245.82829, 245.61642,
11.879240, 282.61008, 3.5117090, 245.81726, 245.59836,
11.888710, 276.13660, 3.3483049, 245.80045, 245.57577,
11.898170, 283.22547, 3.4705063, 245.77771, 245.54843,
11.907630, 284.13760, 3.5367700, 245.74886, 245.51611,
11.917090, 280.09532, 3.5366870, 245.71371, 245.47857,
11.926550, 282.35870, 3.9996632, 245.67211, 245.43560,
11.936010, 283.75671, 3.3910656, 245.62385, 245.38695,
11.945470, 291.68190, 3.5029103, 245.56878, 245.33241,
11.954920, 296.58273, 3.4324620, 245.50677, 245.27180,
11.964370, 290.67902, 3.9941012, 245.43758, 245.20484,
11.973830, 291.56499, 3.3244101, 245.36094, 245.13122,
11.983280, 297.90098, 3.4537372, 245.27682, 245.05087,
11.992720, 295.64368, 3.4111280, 245.18505, 244.96356,
12.002170, 296.88770, 3.3307147, 245.08524, 244.86888,
12.011610, 284.87270, 3.2630928, 244.97739, 244.76680,
12.021060, 284.24508, 3.3775432, 244.86108, 244.65685,
12.030500, 281.38710, 3.4142893, 244.73635, 244.53904,
12.039940, 287.36515, 3.3319354, 244.60288, 244.41302,
12.049380, 271.89147, 3.2614580, 244.46043, 244.27854,
12.058820, 272.85194, 3.3786987, 244.30882, 244.13537,
12.068250, 274.96235, 3.3994935, 244.14799, 243.98342,
12.077690, 269.17458, 3.2869973, 243.97736, 243.82213,
12.087120, 264.41665, 3.2042902, 243.79709, 243.65160,
12.096550, 256.37062, 3.2766847, 243.60677, 243.47141,
12.105980, 263.85762, 3.4928023, 243.40616, 243.28132,
12.115410, 257.39080, 3.3160693, 243.19502, 243.08108,
12.124830, 254.12130, 3.2450206, 242.97335, 242.87066,
12.134260, 248.94358, 3.3143089, 242.74046, 242.64937,
12.143680, 247.82542, 3.4187610, 242.49658, 242.41745,
12.153100, 256.18113, 3.6773888, 242.24119, 242.17435,
12.162520, 258.76987, 4.1825664, 241.97405, 241.91987,
12.171940, 245.22548, 3.4023730, 241.69493, 241.65375,
12.181360, 235.29015, 3.4279558, 241.40351, 241.37569,
12.190770, 240.35990, 3.7144768, 241.09989, 241.08579,
12.200180, 253.44430, 3.6324339, 240.78348, 240.78348,
12.209600, 236.27075, 3.5570857, 240.45371, 240.46821,
12.219010, 238.55227, 3.5921147, 240.11154, 240.14085,
12.228420, 245.06738, 4.0395406, 239.75688, 239.80127,
12.237820, 240.67762, 3.7526854, 239.39045, 239.45011,
12.247230, 254.18725, 3.8498396, 239.01171, 239.08680,
12.256630, 252.74612, 4.0657445, 238.62174, 238.71235,
12.266040, 302.14405, 4.5033026, 238.22003, 238.32622,
12.275440, 539.93872, 6.1139044, 237.80765, 237.92941,
12.284840, 551.39880, 6.2081158, 237.38453, 237.52179,
12.294230, 316.16352, 4.5472920, 236.95127, 237.10394,
12.303630, 253.37505, 4.8085384, 236.50734, 236.67530,
12.313030, 259.22210, 4.4816365, 236.05335, 236.23642,
12.322420, 274.13548, 5.2680596, 235.59010, 235.78807,
12.331810, 272.88177, 3.7347179, 235.11735, 235.32997,
12.341200, 272.20610, 3.0706016, 234.63534, 234.86233,
12.350590, 282.01581, 3.2320396, 234.14430, 234.38535,
12.359980, 286.10348, 3.5790920, 233.64446, 233.89925,
12.369360, 289.55238, 3.3985679, 233.13659, 233.40474,
12.378750, 286.66533, 3.5507589, 232.61987, 232.90101,
12.388130, 292.10204, 3.6198137, 232.09559, 232.38930,
12.397510, 293.42432, 3.5448162, 231.56349, 231.86934,
12.406890, 284.20200, 3.5050914, 231.02369, 231.34123,
12.416270, 294.99590, 3.7106962, 230.47645, 230.80522,
12.425640, 291.05152, 3.5663807, 229.92262, 230.26213,
12.435020, 298.52207, 3.7210766, 229.36116, 229.71093,
12.444390, 310.60485, 3.8351210, 228.79353, 229.15305,
12.453760, 304.82360, 3.9193923, 228.21932, 228.58806,
12.463130, 303.56708, 3.7682540, 227.63873, 228.01617,
12.472500, 317.44083, 4.5271867, 227.05196, 227.43756,
12.481870, 330.97153, 5.3053622, 226.45920, 226.85242,
12.489420, 344.26318, 4.1380211, 225.97733, 226.37630,
12.499490, 355.09655, 4.4125736, 225.32898, 225.73505,
12.509550, 362.44232, 4.1544317, 224.67498, 225.08751,
12.519610, 372.43040, 4.0361286, 224.01496, 224.43329,
12.529670, 364.80835, 3.9902733, 223.34921, 223.77270,
12.539730, 373.71795, 4.2178253, 222.67782, 223.10584,
12.549780, 372.26905, 4.9243303, 222.00181, 222.43370,
12.559840, 384.82788, 4.0697660, 221.31998, 221.75510,
12.569890, 391.05405, 3.9964689, 220.63397, 221.07168,
12.579940, 383.97757, 4.0852556, 219.94330, 220.38296,
12.589990, 413.48407, 4.2212492, 219.24818, 219.68918,
12.600040, 417.81815, 4.1868193, 218.54875, 218.99047,
12.610090, 427.18372, 4.0697549, 217.84538, 218.28719,
12.620130, 434.97933, 4.3126142, 217.13894, 217.58025,
12.630170, 440.54458, 4.2497916, 216.42884, 216.86905,
12.640210, 455.95527, 4.2915168, 215.71535, 216.15389,
12.650250, 451.94332, 4.0856155, 214.99868, 215.43498,
12.660290, 463.79948, 4.1290098, 214.27912, 214.71260,
12.670330, 458.59877, 4.1495053, 213.55671, 213.98685,
12.680360, 483.62070, 4.3148773, 212.83249, 213.25875,
12.690390, 503.26440, 4.2658930, 212.10591, 212.52778,
12.700420, 521.84767, 4.2679979, 211.37711, 211.79407,
12.710450, 525.24448, 4.2805336, 210.64640, 211.05798,
12.720480, 536.45001, 4.4902652, 209.91393, 210.31965,
12.730500, 540.45586, 4.9402884, 209.18060, 209.58000,
12.740530, 535.97270, 4.2851218, 208.44519, 208.83783,
12.750550, 511.11467, 4.1178673, 207.70931, 208.09477,
12.760570, 510.71825, 4.2376339, 206.97252, 207.35039,
12.770590, 515.46239, 4.2893105, 206.23487, 206.60477,
12.780610, 506.99858, 4.4183637, 205.49663, 205.85818,
12.790620, 498.38173, 4.8556268, 204.75877, 205.11162,
12.800640, 467.63135, 4.0487958, 204.01994, 204.36373,
12.810650, 476.73552, 4.1364293, 203.28186, 203.61629,
12.820660, 449.78593, 4.0104579, 202.54397, 202.86872,
12.830670, 418.25635, 3.7660832, 201.80638, 202.12117,
12.840680, 386.21462, 3.6427658, 201.06944, 201.37399,
12.850680, 360.22408, 3.6723203, 200.33395, 200.62802,
12.860690, 338.74443, 3.5877372, 199.59872, 199.88205,
12.870690, 315.85844, 3.4005825, 198.86534, 199.13772,
12.880690, 297.88550, 3.3149428, 198.13337, 198.39459,
12.890690, 285.61715, 3.2613243, 197.40287, 197.65273,
12.900680, 266.11217, 3.2466240, 196.67486, 196.91320,
12.910680, 257.52103, 3.2279535, 195.94802, 196.17465,
12.920670, 245.70477, 3.0779447, 195.22405, 195.43884,
12.930670, 237.99857, 3.1168777, 194.50165, 194.70444,
12.940660, 234.76000, 3.5742446, 193.78246, 193.97314,
12.950640, 229.25983, 3.3468495, 193.06679, 193.24526,
12.960630, 213.12245, 9.4128873, 192.35322, 192.51936,
12.970620, 216.46193, 3.1198340, 191.64284, 191.79655,
12.980600, 214.11080, 3.1014305, 190.93644, 191.07766,
12.990580, 201.84848, 3.1622890, 190.23363, 190.36228,
13.000560, 202.54500, 3.1617326, 189.53448, 189.65049,
13.010540, 196.43647, 3.1709385, 188.83925, 188.94256,
13.020520, 197.73073, 3.1180645, 188.14816, 188.23871,
13.030490, 198.32105, 3.2392747, 187.46214, 187.53989,
13.040470, 195.78572, 3.4882298, 186.77995, 186.84484,
13.050440, 192.24945, 3.3696240, 186.10324, 186.15524,
13.060410, 193.73305, 3.3081955, 185.43151, 185.47058,
13.070380, 188.69095, 3.2953062, 184.76491, 184.79100,
13.080350, 184.23428, 3.4367630, 184.10380, 184.11686,
13.090310, 181.57580, 3.6096442, 183.44894, 183.44894,
13.100280, 183.38947, 3.5714119, 182.79926, 182.78614,
13.110240, 179.35420, 3.4782318, 182.15595, 182.12971,
13.120200, 183.77538, 3.7218515, 181.51829, 181.47894,
13.130160, 184.17815, 3.9028734, 180.88619, 180.83377,
13.140110, 175.72148, 3.3680448, 180.26019, 180.19482,
13.150070, 175.80923, 2.9731631, 179.63889, 179.56067,
13.160020, 175.94355, 3.0521085, 179.02351, 178.93259,
13.169980, 186.41175, 2.8868889, 178.41267, 178.30920,
13.179930, 179.12487, 2.7652675, 177.80755, 177.69176,
13.189870, 184.77943, 3.0268495, 177.20802, 177.08014,
13.199820, 174.44115, 2.9475563, 176.61282, 176.47309,
13.209770, 173.12812, 2.8309483, 176.02242, 175.87111,
13.219710, 174.53490, 2.7494151, 175.43739, 175.27481,
13.229650, 171.69185, 2.8293639, 174.85710, 174.68356,
13.239590, 172.33242, 3.1960569, 174.28136, 174.09720,
13.249530, 173.39923, 2.9562744, 173.71015, 173.51572,
13.259470, 167.21372, 3.3101526, 173.14342, 172.93909,
13.269410, 180.10870, 3.0952702, 172.58108, 172.36724,
13.279340, 172.29827, 3.1316939, 172.02366, 171.80072,
13.289270, 173.55632, 3.3943563, 171.47044, 171.23883,
13.299200, 176.72923, 3.5507177, 170.92148, 170.68162,
13.309130, 181.54220, 3.9769615, 170.37666, 170.12899,
13.318260, 175.74068, 2.7457233, 169.87929, 169.62484,
13.328980, 177.04215, 2.6492264, 169.29966, 169.03775,
13.339690, 179.77973, 2.8376967, 168.72522, 168.45640,
13.350400, 166.21350, 2.8931821, 168.15532, 167.88016,
13.361120, 175.83792, 2.8037616, 167.58936, 167.30843,
13.371830, 172.96542, 2.5339505, 167.02838, 166.74225,
13.382530, 178.98825, 2.5396120, 166.47225, 166.18153,
13.393240, 175.95075, 2.5867348, 165.91994, 165.62519,
13.403940, 179.53825, 2.6673593, 165.37235, 165.07419,
13.414650, 183.14823, 3.1596675, 164.82847, 164.52749,
13.425350, 180.04585, 2.5761052, 164.28921, 163.98602,
13.436050, 181.11382, 2.5238280, 163.75404, 163.44924,
13.446740, 184.55850, 2.5951990, 163.22342, 162.91761,
13.457440, 191.10192, 2.7359990, 162.69628, 162.39006,
13.468130, 199.67650, 2.6359114, 162.17359, 161.86756,
13.478830, 202.59420, 2.6432020, 161.65429, 161.34906,
13.489520, 197.80570, 2.5711136, 161.13937, 160.83551,
13.500200, 201.17090, 2.7406468, 160.62872, 160.32683,
13.510890, 206.61045, 2.7106897, 160.12140, 159.82206,
13.521570, 215.16655, 2.7122417, 159.61827, 159.32206,
13.532260, 225.66548, 2.7321610, 159.11842, 158.82590,
13.542940, 220.46220, 2.7421807, 158.62269, 158.33441,
13.553620, 215.48195, 2.8367134, 158.13062, 157.84713,
13.564290, 213.44680, 2.7782124, 157.64265, 157.36449,
13.574970, 208.98617, 2.6828474, 157.15780, 156.88549,
13.585640, 207.03245, 2.6225400, 156.67700, 156.41104,
13.596320, 201.50355, 2.6997714, 156.19927, 155.94018,
13.606990, 198.20347, 2.7490333, 155.72555, 155.47380,
13.617650, 193.31580, 3.0835594, 155.25576, 155.01181,
13.628320, 187.24875, 2.5804184, 154.78904, 154.55334,
13.638980, 182.05488, 2.5761802, 154.32621, 154.09920,
13.649650, 177.55510, 2.6310276, 153.86644, 153.64852,
13.660310, 178.79733, 2.7155550, 153.41052, 153.20210,
13.670970, 174.08918, 3.2342798, 152.95804, 152.75948,
13.681630, 167.76920, 2.5142099, 152.50900, 152.32066,
13.692280, 176.03335, 3.0415839, 152.06381, 151.88601,
13.702940, 161.51202, 2.5327971, 151.62161, 151.45467,
13.713590, 163.61945, 2.6503316, 151.18325, 151.02745,
13.724240, 156.16043, 2.5093431, 150.74826, 150.60386,
13.734890, 152.81232, 2.5643043, 150.31672, 150.18395,
13.745530, 155.75050, 2.5399885, 149.88898, 149.76803,
13.756180, 154.61375, 2.5300804, 149.46426, 149.35533,
13.766820, 147.46360, 2.6571537, 149.04334, 148.94656,
13.777460, 152.09700, 2.5319246, 148.62584, 148.54134,
13.788100, 141.75475, 2.4382274, 148.21177, 148.13964,
13.798740, 146.07323, 2.4295041, 147.80113, 147.74144,
13.809380, 140.76055, 2.7454509, 147.39399, 147.34676,
13.820010, 144.45338, 2.8706752, 146.99063, 146.95584,
13.830640, 147.84485, 2.5658091, 146.59078, 146.56840,
13.841270, 146.30825, 2.6733031, 146.19438, 146.18434,
13.851900, 142.07655, 2.5783812, 145.80153, 145.80370,
13.862530, 145.99935, 3.2987356, 145.41218, 145.42643,
13.873150, 146.35273, 2.8600819, 145.02659, 145.05277,
13.883780, 135.99833, 4.6435913, 144.64399, 144.68197,
13.894400, 140.27457, 2.7560739, 144.26497, 144.31460,
13.905020, 139.71728, 2.8634222, 143.88913, 143.95023,
13.915640, 137.51958, 2.9208203, 143.51636, 143.58880,
13.926250, 147.00618, 2.8987767, 143.14692, 143.23052,
13.936870, 148.08855, 2.8561001, 142.78011, 142.87471,
13.947480, 145.53685, 2.7470660, 142.41644, 142.52185,
13.958090, 149.21325, 3.0810574, 142.05556, 142.17161,
13.968700, 160.66850, 3.1370646, 141.69735, 141.82383,
13.979310, 160.69558, 3.4031875, 141.34179, 141.47851,
13.989910, 150.50965, 3.7431126, 140.98910, 141.13582,
14.000520, 154.93930, 3.1297637, 140.63856, 140.79508,
14.011120, 151.87080, 3.5812827, 140.29075, 140.45681,
14.021720, 149.54312, 4.1320684, 139.94528, 140.12063,
14.032320, 145.97828, 3.8924417, 139.60208, 139.78646,
14.042920, 141.93490, 3.5547233, 139.26109, 139.45421,
14.053510, 157.35915, 3.7062661, 138.92257, 139.12414,
14.064110, 146.38588, 3.5482220, 138.58580, 138.79551,
14.074700, 141.92480, 3.9468197, 138.25134, 138.46886,
14.085290, 141.93310, 4.5575334, 137.91887, 138.14385,
14.095870, 142.12057, 3.1100226, 137.58859, 137.82067,
14.106460, 140.84860, 2.6778825, 137.25984, 137.49864,
14.117040, 144.64402, 2.5463431, 136.93316, 137.17828,
14.127630, 142.29602, 2.7567364, 136.60788, 136.85889,
14.138210, 155.82338, 3.1625483, 136.28457, 136.54105,
14.148790, 146.66485, 2.8607559, 135.96287, 136.22434,
14.159370, 159.33325, 3.4234709, 135.64272, 135.90871,
14.169940, 166.52840, 3.0634429, 135.32437, 135.59438,
14.180520, 159.82758, 5.9421005, 135.00715, 135.28065,
14.182090, 164.83953, 3.1660200, 134.96021, 135.23417,
14.193560, 171.04130, 2.7774393, 134.61809, 134.89513,
14.205030, 172.20165, 3.0732812, 134.27750, 134.55694,
14.216500, 177.29000, 3.0026838, 133.93843, 134.21956,
14.227970, 177.37645, 2.9564497, 133.60079, 133.88287,
14.239430, 179.18415, 3.0176702, 133.26478, 133.54705,
14.250890, 160.15255, 2.6138222, 132.93010, 133.21175,
14.262350, 158.63655, 2.7698008, 132.59662, 132.87682,
14.273810, 160.01210, 2.8247846, 132.26432, 132.54220,
14.285270, 158.85765, 2.9108660, 131.93316, 132.20781,
14.296730, 154.70582, 2.6945766, 131.60302, 131.87351,
14.308180, 150.21227, 3.6126043, 131.27418, 131.53954,
14.319630, 144.19905, 2.5240141, 130.94627, 131.20549,
14.331080, 140.02475, 2.5488378, 130.61920, 130.87125,
14.342530, 144.48660, 2.5449314, 130.29298, 130.53677,
14.353970, 140.93192, 2.3287294, 129.96782, 130.20224,
14.365410, 139.85420, 2.3697542, 129.64333, 129.86723,
14.376860, 139.38445, 2.6833436, 129.31921, 129.53139,
14.388300, 131.25677, 2.3836605, 128.99595, 129.19519,
14.399730, 133.23623, 2.3029214, 128.67352, 128.85857,
14.411170, 127.57292, 2.1015491, 128.35127, 128.52080,
14.422600, 127.28025, 2.0776151, 128.02974, 128.18242,
14.434030, 128.94902, 2.0944447, 127.70857, 127.84302,
14.445460, 128.72442, 2.1994731, 127.38769, 127.50247,
14.456890, 129.30230, 2.2411337, 127.06710, 127.16074,
14.468320, 128.19812, 2.0959498, 126.74670, 126.81771,
14.479740, 129.69697, 2.0386507, 126.42673, 126.47356,
14.491160, 125.47913, 2.1945257, 126.10685, 126.12791,
14.502580, 122.05167, 2.1319847, 125.78703, 125.78070,
14.514000, 124.33115, 2.2133331, 125.46718, 125.43185,
14.525420, 127.38072, 2.3307327, 125.14725, 125.08154,
14.536830, 125.16097, 2.1626455, 124.82747, 124.73026,
14.548240, 123.10992, 2.3303514, 124.50749, 124.37786,
14.559650, 120.85545, 2.5784625, 124.18721, 124.02447,
14.571060, 123.50595, 2.5187889, 123.86664, 123.67034,
14.582470, 119.06130, 2.5637939, 123.54567, 123.31558,
14.593870, 119.48728, 2.3103791, 123.22452, 122.96067,
14.605270, 125.38260, 2.2658999, 122.90284, 122.60549,
14.616670, 117.12853, 2.2332780, 122.58061, 122.25021,
14.628070, 126.48667, 2.6924226, 122.25771, 121.89496,
14.639470, 111.92255, 2.4753095, 121.93410, 121.53993,
14.650860, 118.40883, 2.1244713, 121.61001, 121.18561,
14.662260, 116.81627, 2.0941555, 121.28478, 120.83152,
14.673650, 112.66388, 2.1578320, 120.95894, 120.47848,
14.685040, 114.00960, 2.1358894, 120.63210, 120.12629,
14.696420, 109.68527, 2.3549815, 120.30456, 119.77551,
14.707810, 113.74167, 2.2686843, 119.97558, 119.42560,
14.719190, 115.17632, 2.0694930, 119.64576, 119.07743,
14.730570, 110.70668, 2.3361497, 119.31467, 118.73078,
14.741950, 112.45500, 2.1491074, 118.98227, 118.38586,
14.753330, 116.75165, 2.2512853, 118.64849, 118.04283,
14.764700, 122.01018, 2.1907635, 118.31358, 117.70216,
14.776080, 118.31740, 2.1168841, 117.97683, 117.36342,
14.787450, 117.44440, 2.1630025, 117.63881, 117.02738,
14.798820, 110.18220, 2.5803053, 117.29912, 116.69390,
14.810190, 113.03837, 2.4604505, 116.95766, 116.36313,
14.821550, 112.10298, 2.2681953, 116.61471, 116.03557,
14.832920, 113.11080, 2.2834198, 116.26959, 115.71080,
14.844280, 113.54868, 2.2142114, 115.92280, 115.38956,
14.855640, 115.98512, 2.6094532, 115.57397, 115.07172,
14.866990, 113.83255, 2.3871668, 115.22334, 114.75777,
14.878350, 114.86082, 2.6817048, 114.87020, 114.44729,
14.889710, 111.56470, 2.4225383, 114.51478, 114.14074,
14.901060, 111.81375, 2.4424013, 114.15733, 113.83859,
14.912410, 110.55020, 2.6517844, 113.79744, 113.54071,
14.923760, 110.05618, 2.9513493, 113.43499, 113.24728,
14.935100, 109.65633, 2.8652820, 113.07031, 112.95876,
14.946450, 117.92320, 2.9205915, 112.70256, 112.67478,
14.957790, 113.08223, 2.8799353, 112.33249, 112.39603,
14.969130, 111.32068, 2.7891477, 111.96117, 112.12240,
14.980470, 114.23160, 3.0150931, 111.59077, 111.85388,
14.991810, 117.41665, 2.9690265, 111.22352, 111.59056,
15.003140, 125.47730, 3.4848620, 110.86195, 111.33272,
15.014480, 117.29180, 3.2849120, 110.50770, 111.08000,
15.025810, 123.57570, 3.2040814, 110.16355, 110.83285,
15.037140, 114.76150, 2.9629397, 109.83147, 110.59116,
15.048460, 106.54702, 3.6258613, 109.51393, 110.35517,
15.059790, 112.55215, 3.2581752, 109.21264, 110.12454,
15.071110, 110.49210, 3.1814640, 108.93036, 109.89974,
15.082440, 118.45540, 2.5452890, 108.66884, 109.68043,
15.093750, 113.72272, 2.2279725, 108.43106, 109.46729,
15.105070, 112.31440, 2.2664805, 108.21860, 109.25979,
15.116390, 115.15743, 2.3442042, 108.03398, 109.05819,
15.127700, 113.11567, 2.5635949, 107.87965, 108.86275,
15.139020, 117.19248, 2.4798597, 107.75764, 108.67318,
15.150330, 114.81660, 2.6611230, 107.67052, 108.48990,
15.162390, 107.53518, 2.9679360, 107.61858, 108.30130,
15.174730, 102.47863, 2.8137905, 107.61213, 108.11570,
15.187070, 105.20338, 2.5382445, 107.65601, 107.93769,
15.199410, 104.30947, 3.1129296, 107.75338, 107.76736,
15.211740, 113.88078, 2.7005599, 107.90641, 107.60494,
15.224080, 112.35075, 2.6668074, 108.11386, 107.45004,
15.236410, 119.39390, 2.8477340, 108.37274, 107.30282,
15.248740, 120.24282, 3.0049834, 108.68063, 107.16302,
15.261060, 120.49777, 3.4114927, 109.03467, 107.03062,
15.273390, 122.73505, 2.9841703, 109.43292, 106.90530,
15.285710, 120.82190, 3.1925938, 109.87227, 106.78713,
15.298030, 120.46833, 2.7098287, 110.35050, 106.67591,
15.310350, 116.32248, 2.6401768, 110.86526, 106.57151,
15.322660, 116.31615, 2.8211541, 111.41363, 106.47391,
15.334980, 117.23850, 2.8590259, 111.99409, 106.38283,
15.347290, 119.36932, 2.7551597, 112.60339, 106.29832,
15.359600, 119.78838, 2.4862763, 113.23963, 106.22020,
15.371900, 119.62457, 2.4488159, 113.89991, 106.14842,
15.384210, 126.11830, 2.5194389, 114.58304, 106.08275,
15.396510, 120.74495, 3.0669291, 115.28562, 106.02321,
15.408810, 120.22612, 2.8188385, 116.00585, 105.96964,
15.421110, 122.42095, 2.6201849, 116.74156, 105.92194,
15.433410, 120.87150, 2.4916128, 117.49040, 105.88003,
15.445700, 120.80893, 2.3934661, 118.24957, 105.84382,
15.457990, 124.05978, 2.4381537, 119.01742, 105.81320,
15.470280, 122.16847, 2.9459091, 119.79172, 105.78807,
15.482570, 122.24063, 2.5309597, 120.57025, 105.76834,
15.494860, 124.43345, 2.4444117, 121.35078, 105.75393,
15.507140, 121.43007, 2.4605527, 122.13049, 105.74475,
15.519420, 122.89180, 2.5149042, 122.90771, 105.74071,
15.531700, 126.51465, 2.4755729, 123.68034, 105.74171,
15.543980, 124.65897, 2.5954630, 124.44604, 105.74768,
15.556260, 129.37715, 2.4928050, 125.20271, 105.75854,
15.568530, 125.09712, 2.2299277, 125.94742, 105.77419,
15.580800, 125.86780, 2.1367824, 126.67860, 105.79455,
15.593070, 133.49813, 2.2978168, 127.39400, 105.81956,
15.605340, 127.89480, 2.3006347, 128.09143, 105.84914,
15.617600, 124.76113, 2.2650495, 128.76978, 105.88318,
15.629860, 131.07790, 2.1708945, 129.43088, 105.92162,
15.642120, 135.81853, 2.1090880, 130.07627, 105.96441,
15.654380, 125.14142, 2.3583682, 130.70726, 106.01146,
15.666640, 123.62300, 2.5571075, 131.32537, 106.06270,
15.678890, 130.11135, 2.5850473, 131.93143, 106.11803,
15.691140, 133.12127, 2.2974514, 132.52738, 106.17740,
15.703390, 130.96198, 2.2519758, 133.11459, 106.24076,
15.715640, 134.93050, 2.6671930, 133.69446, 106.30804,
15.727890, 133.70490, 2.4694387, 134.26835, 106.37917,
15.740130, 132.68580, 2.4892323, 134.83719, 106.45402,
15.752370, 136.94812, 2.5989776, 135.40277, 106.53259,
15.764610, 139.24657, 2.3795592, 135.96652, 106.61483,
15.776850, 138.70305, 2.5292365, 136.52973, 106.70065,
15.789090, 137.99845, 2.3227803, 137.09384, 106.79002,
15.801320, 142.15488, 2.4324449, 137.65969, 106.88278,
15.813550, 146.53800, 2.5585436, 138.22911, 106.97896,
15.825780, 144.55448, 2.4003393, 138.80348, 107.07849,
15.838010, 145.59293, 2.4127538, 139.38417, 107.18132,
15.850230, 145.27165, 2.4663823, 139.97207, 107.28731,
15.862450, 142.53455, 2.5101833, 140.56896, 107.39648,
15.874670, 148.89066, 2.6948086, 141.17632, 107.50878,
15.886890, 150.30100, 2.8279843, 141.79548, 107.62416,
15.899110, 146.29818, 2.8006646, 142.42779, 107.74256,
15.911320, 149.24328, 2.8298270, 143.07417, 107.86383,
15.923540, 146.26602, 2.7299068, 143.73711, 107.98812,
15.935750, 154.03572, 2.8952763, 144.41689, 108.11518,
15.947960, 140.85403, 3.0194963, 145.11548, 108.24506,
15.960160, 149.99035, 3.2463345, 145.83377, 108.37760,
15.972370, 150.44100, 3.0085960, 146.57431, 108.51296,
15.984570, 158.46507, 3.1552143, 147.33737, 108.65088,
15.996770, 155.13408, 3.0898418, 148.12511, 108.79143,
16.008961, 162.00920, 3.1965281, 148.93831, 108.93445,
16.021160, 156.11515, 3.0092926, 149.77969, 109.08010,
16.033350, 153.87720, 2.9713202, 150.64952, 109.22812,
16.045549, 153.79295, 2.8758654, 151.55070, 109.37870,
16.057739, 162.02970, 3.3911505, 152.48339, 109.53156,
16.069920, 165.71748, 3.1543847, 153.44910, 109.68666,
16.082109, 152.15088, 3.0305477, 154.45092, 109.84419,
16.094290, 150.08257, 3.0358141, 155.48893, 110.00386,
16.106470, 146.39338, 3.5186666, 156.56553, 110.16577,
16.118650, 150.94735, 3.4405825, 157.68240, 110.32986,
16.130831, 152.11792, 3.3116363, 158.84122, 110.49610,
16.143009, 150.78787, 3.8717761, 160.04353, 110.66443,
16.155180, 155.40725, 3.5732945, 161.29046, 110.83472,
16.167351, 150.41728, 3.5493788, 162.58452, 111.00703,
16.179520, 159.22525, 4.1944679, 163.92730, 111.18132,
16.191681, 156.75790, 3.8966441, 165.31993, 111.35745,
16.203850, 163.49973, 4.0751293, 166.76605, 111.53561,
16.216009, 165.62840, 5.2859423, 168.26547, 111.71551,
16.228170, 179.93988, 4.7736052, 169.82116, 111.89729,
16.240330, 172.20960, 5.0562158, 171.43036, 112.08085,
16.252489, 178.45060, 4.3747715, 173.08861, 112.26619,
16.264641, 189.62562, 5.2951299, 174.79010, 112.45315,
16.276791, 195.65275, 4.8347446, 176.53090, 112.64179,
16.288950, 202.10003, 4.4841996, 178.30804, 112.83225,
16.301090, 205.17603, 5.4923815, 180.11267, 113.02406,
16.313240, 231.40430, 5.5417027, 181.94440, 113.21762,
16.325380, 223.61730, 5.4320495, 183.79576, 113.41262,
16.337530, 258.40882, 4.1498516, 185.66508, 113.60930,
16.349670, 268.06757, 3.7156198, 187.54487, 113.80735,
16.361799, 287.79823, 3.5329667, 189.43026, 114.00670,
16.373940, 335.83054, 4.0841274, 191.32025, 114.20768,
16.386070, 366.04278, 4.4861340, 193.20705, 114.40993,
16.398211, 393.28403, 4.6162621, 195.08908, 114.61373,
16.410339, 403.15962, 4.3668113, 196.95855, 114.81871,
16.422461, 413.70984, 4.9196796, 198.81152, 115.02489,
16.434589, 399.29851, 4.9782716, 200.64579, 115.23250,
16.446711, 400.12696, 4.8489248, 202.45447, 115.44126,
16.458839, 402.62100, 5.2306934, 204.23527, 115.65140,
16.470961, 371.08517, 4.8016741, 205.98136, 115.86263,
16.483070, 346.16656, 4.6909140, 207.68765, 116.07485,
16.495190, 334.66002, 6.7829714, 209.35249, 116.28841,
16.500280, 317.06345, 4.8081340, 210.03791, 116.37846,
16.513599, 304.60702, 5.1590393, 211.78905, 116.61500,
16.526911, 289.23907, 4.0332732, 213.47327, 116.85273,
16.540211, 276.55585, 4.1454072, 215.08397, 117.09155,
16.553520, 262.55937, 4.0183002, 216.61736, 117.33180,
16.566820, 254.23130, 4.0171300, 218.06485, 117.57311,
16.580120, 242.49102, 3.7517712, 219.42113, 117.81561,
16.593420, 236.51650, 3.5975447, 220.67968, 118.05928,
16.606710, 238.64435, 3.3627933, 221.83313, 118.30390,
16.620001, 231.38937, 3.3775479, 222.87575, 118.54962,
16.633301, 232.99582, 3.7211705, 223.80144, 118.79658,
16.646589, 224.36082, 3.5494940, 224.60192, 119.04436,
16.659870, 224.88260, 3.4280115, 225.27078, 119.29301,
16.673149, 233.60155, 3.3488031, 225.80145, 119.54259,
16.686440, 220.91675, 3.1907543, 226.18721, 119.79334,
16.699711, 226.88335, 3.3587612, 226.42169, 120.04463,
16.712990, 223.22118, 3.4715527, 226.51492, 120.29696,
16.726271, 230.63461, 3.6184076, 226.48411, 120.55018,
16.739540, 225.86740, 3.2847674, 226.34681, 120.80400,
16.752810, 224.74800, 3.0638928, 226.12031, 121.05862,
16.766081, 220.46257, 2.9661189, 225.82177, 121.31404,
16.779341, 227.51740, 3.0368201, 225.46870, 121.56999,
16.792601, 218.37135, 3.3049773, 225.07796, 121.82664,
16.805870, 219.25265, 3.1334847, 224.66629, 122.08417,
16.819120, 218.56010, 3.3796328, 224.25162, 122.34198,
16.832380, 215.60590, 3.0408913, 223.85008, 122.60060,
16.845631, 214.41950, 2.8905801, 223.47927, 122.85964,
16.858891, 203.25740, 2.9847785, 223.15570, 123.11945,
16.872141, 219.41297, 3.2898665, 222.89691, 123.37961,
16.885380, 219.23775, 3.4655307, 222.71987, 123.64007,
16.898630, 216.39532, 3.2048120, 222.64144, 123.90125,
16.911869, 211.88103, 3.1534713, 222.67897, 124.16268,
16.925110, 224.14265, 3.7698899, 222.84965, 124.42458,
16.938351, 219.06203, 3.0997141, 223.17090, 124.68691,
16.951580, 218.30690, 3.1848431, 223.65970, 124.94940,
16.964821, 224.75225, 3.3373264, 224.32578, 125.21248,
16.978050, 233.86935, 3.5812722, 225.15252, 125.47567,
16.991270, 235.42887, 3.0767100, 226.12008, 125.73899,
17.004499, 243.02628, 3.0351064, 227.21038, 126.00279,
17.017719, 310.49832, 3.4558918, 228.40247, 126.26666,
17.030951, 602.38235, 4.9922304, 229.67895, 126.53100,
17.044161, 580.47472, 5.1550576, 231.01740, 126.79514,
17.057381, 303.66875, 3.7601668, 232.40165, 127.05966,
17.070601, 236.89720, 3.1870332, 233.81164, 127.32434,
17.083811, 235.06705, 3.0774289, 235.22721, 127.58897,
17.097019, 238.56153, 3.0138214, 236.63010, 127.85368,
17.110229, 243.37815, 3.1933605, 238.00164, 128.11852,
17.123430, 242.84912, 3.2724362, 239.32158, 128.38323,
17.136641, 236.55705, 3.2005660, 240.57271, 128.64818,
17.149839, 240.28045, 3.1349501, 241.73390, 128.91292,
17.163040, 231.48480, 3.2236536, 242.78718, 129.17768,
17.176229, 235.04960, 3.1187356, 243.71235, 129.44219,
17.189430, 237.59233, 3.3210048, 244.49162, 129.70687,
17.202620, 233.76715, 3.4447039, 245.10419, 129.97124,
17.215811, 240.82002, 3.6479051, 245.53126, 130.23555,
17.229000, 243.08125, 3.5511942, 245.75299, 130.49968,
17.242180, 249.13083, 3.5622052, 245.74971, 130.76348,
17.255369, 249.81498, 3.4974878, 245.51010, 131.02729,
17.268551, 248.04535, 3.5323833, 245.04431, 131.29074,
17.281719, 248.91710, 3.5371776, 244.36598, 131.55370,
17.294901, 254.48550, 3.6706465, 243.48649, 131.81667,
17.308069, 274.26542, 3.9896298, 242.42023, 132.07911,
17.321251, 277.37110, 3.6185187, 241.17749, 132.34150,
17.334410, 291.18911, 3.7571691, 239.77420, 132.60312,
17.347580, 292.60841, 4.0815055, 238.21909, 132.86462,
17.360750, 303.91848, 4.1231650, 236.52541, 133.12574,
17.373911, 306.70953, 4.3341391, 234.70651, 133.38627,
17.387070, 294.88335, 4.2944453, 232.77336, 133.64634,
17.400230, 286.99843, 4.2580392, 230.73717, 133.90599,
17.413380, 281.35502, 4.2153350, 228.61182, 134.16495,
17.426540, 278.54311, 4.1931962, 226.40522, 134.42363,
17.439690, 263.77641, 4.0537581, 224.13279, 134.68155,
17.452841, 252.22993, 4.0641411, 221.80378, 134.93897,
17.465981, 248.38892, 4.6056819, 219.43207, 135.19558,
17.479130, 251.81670, 4.7146896, 217.02530, 135.45177,
17.492270, 234.55022, 3.8144133, 214.59834, 135.70715,
17.505409, 213.75583, 3.6393920, 212.16082, 135.96187,
17.518551, 210.29118, 3.9812396, 209.72373, 136.21595,
17.531679, 218.92440, 4.3122429, 207.30124, 136.46906,
17.544821, 206.27040, 4.1293934, 204.89977, 136.72168,
17.557949, 197.70623, 4.4688554, 202.53558, 136.97329,
17.571079, 199.14647, 4.1548759, 200.21723, 137.22415,
17.584200, 198.32580, 4.1849349, 197.95811, 137.47400,
17.597330, 191.29187, 4.4877065, 195.76638, 137.72320,
17.610451, 189.47407, 4.2954092, 193.65555, 137.97133,
17.623569, 197.49183, 4.7326524, 191.62584, 138.21853,
17.636690, 203.50612, 5.7195056, 189.67433, 138.46484,
17.649799, 197.11187, 4.4177293, 187.80059, 138.70997,
17.662910, 190.34505, 5.0224514, 186.00040, 138.95415,
17.676029, 214.34803, 4.7963927, 184.27084, 139.19746,
17.689131, 213.16220, 4.8921656, 182.61297, 139.43941,
17.702240, 212.07170, 5.7616676, 181.02147, 139.68041,
17.715349, 209.92260, 5.1759865, 179.49529, 139.92032,
17.728451, 209.14325, 5.4478005, 178.03327, 140.15895,
17.741550, 203.12240, 5.0296499, 176.63276, 140.39637,
17.754641, 212.14470, 3.9198714, 175.29259, 140.63243,
17.767740, 206.73122, 3.5736795, 174.00895, 140.86743,
17.780830, 215.95960, 4.2470776, 172.78191, 141.10100,
17.793921, 205.51982, 3.6619681, 171.60873, 141.33329,
17.807011, 211.73080, 3.8292150, 170.48769, 141.56424,
17.820101, 210.59025, 3.5130729, 169.41709, 141.79384,
17.833179, 212.24118, 3.4635844, 168.39616, 142.02185,
17.846270, 200.39153, 3.4637067, 167.42148, 142.24864,
17.859341, 194.32558, 3.3642977, 166.49371, 142.47364,
17.872419, 190.61258, 3.6449364, 165.60934, 142.69728,
17.885500, 190.15630, 3.7696295, 164.76729, 142.91943,
17.898569, 180.38388, 4.1387006, 163.96690, 143.13983,
17.911640, 180.29528, 3.6772521, 163.20585, 143.35866,
17.924709, 171.70287, 3.9988504, 162.48293, 143.57583,
17.937780, 180.36457, 6.4360115, 161.79655, 143.79137,
17.941250, 184.24908, 3.8995028, 161.62034, 143.84829,
17.955721, 172.95330, 3.7313406, 160.91161, 144.08441,
17.970181, 173.30663, 3.4508106, 160.24437, 144.31819,
17.984650, 162.93648, 3.7448398, 159.61587, 144.54993,
17.999109, 165.06400, 4.8087460, 159.02520, 144.77925,
18.013571, 163.65107, 4.1137108, 158.47015, 145.00629,
18.028021, 159.44275, 3.6709818, 157.94954, 145.23080,
18.042480, 164.68435, 3.6834527, 157.46097, 145.45303,
18.056931, 155.82663, 3.3380346, 157.00346, 145.67264,
18.071381, 156.75117, 3.1417978, 156.57511, 145.88973,
18.085819, 149.38910, 3.3020085, 156.17466, 146.10406,
18.100269, 156.70478, 3.7214244, 155.79995, 146.31591,
18.114710, 161.06378, 3.6272042, 155.45005, 146.52493,
18.129150, 155.10948, 3.4160561, 155.12336, 146.73118,
18.143579, 154.67517, 3.3200484, 154.81882, 146.93444,
18.158020, 147.26833, 3.0717329, 154.53466, 147.13498,
18.172449, 156.22255, 3.5040002, 154.27009, 147.33242,
18.186880, 158.17892, 3.2304591, 154.02360, 147.52687,
18.201300, 152.26035, 3.2021273, 153.79417, 147.71810,
18.215719, 149.42970, 3.0377392, 153.58040, 147.90619,
18.230150, 145.58252, 2.9318885, 153.38095, 148.09122,
18.244560, 150.41417, 2.9083456, 153.19506, 148.27270,
18.258980, 142.74165, 3.1901468, 153.02116, 148.45097,
18.273390, 152.83075, 3.3378328, 152.85833, 148.62570,
18.287800, 156.24373, 3.4626839, 152.70530, 148.79696,
18.302210, 147.77450, 3.2782350, 152.56095, 148.96465,
18.316620, 150.06110, 2.9903399, 152.42413, 149.12872,
18.331020, 144.06582, 3.1273623, 152.29381, 149.28897,
18.345421, 151.99297, 3.1971895, 152.16879, 149.44545,
18.359819, 155.31922, 3.1119583, 152.04798, 149.59805,
18.374210, 156.99703, 3.5010324, 151.93031, 149.74663,
18.388611, 151.36930, 3.1760758, 151.81453, 149.89130,
18.403000, 144.37587, 3.2686302, 151.69974, 150.03175,
18.417379, 144.29628, 2.9265591, 151.58479, 150.16794,
18.431770, 150.00682, 3.0132997, 151.46845, 150.29997,
18.446150, 148.70400, 3.0577652, 151.34978, 150.42756,
18.460529, 149.14745, 3.3311011, 151.22760, 150.55071,
18.474911, 155.38545, 3.6223319, 151.10080, 150.66935,
18.489281, 152.07680, 3.3197641, 150.96838, 150.78329,
18.503660, 145.61123, 2.8813381, 150.82906, 150.89260,
18.518030, 143.25527, 2.9831375, 150.68250, 150.99713,
18.532391, 160.54713, 2.9331513, 150.52936, 151.09701,
18.546761, 152.99400, 3.0428679, 150.37017, 151.19252,
18.561119, 149.70207, 3.2243086, 150.20593, 151.28368,
18.575480, 148.97242, 3.7591085, 150.03722, 151.37072,
18.589840, 149.38797, 3.3151876, 149.86482, 151.45378,
18.604191, 156.39895, 3.1525309, 149.68957, 151.53295,
18.618549, 162.84225, 2.9458487, 149.51199, 151.60845,
18.632900, 155.75215, 3.1657967, 149.33301, 151.68036,
18.647240, 156.95840, 3.2786115, 149.15341, 151.74880,
18.661591, 159.26252, 3.4612220, 148.97362, 151.81402,
18.675930, 165.03555, 3.4620368, 148.79466, 151.87605,
18.690269, 157.51468, 3.7925399, 148.61712, 151.93508,
18.704611, 163.68300, 3.3354295, 148.44169, 151.99125,
18.718941, 167.08847, 3.3344376, 148.26927, 152.04465,
18.733271, 151.38510, 3.0152177, 148.10045, 152.09545,
18.747601, 158.26855, 3.3297755, 147.93596, 152.14378,
18.761930, 164.84502, 3.3180057, 147.77655, 152.18978,
18.776260, 161.61352, 3.3561091, 147.62294, 152.23357,
18.790581, 156.93230, 3.2683373, 147.47600, 152.27526,
18.804899, 167.36290, 3.1454211, 147.33638, 152.31500,
18.819220, 161.49797, 3.4746455, 147.20480, 152.35292,
18.833530, 170.98740, 3.4634444, 147.08213, 152.38913,
18.847839, 172.49725, 3.6556280, 146.96906, 152.42377,
18.862150, 178.59837, 4.6057524, 146.86634, 152.45698,
18.876459, 175.17550, 4.2084584, 146.77479, 152.48886,
18.890770, 181.44157, 4.0424961, 146.69518, 152.51956,
18.905069, 181.74358, 4.0872236, 146.62839, 152.54918,
18.919371, 173.80507, 3.8214360, 146.57515, 152.57785,
18.933670, 179.55908, 3.8425781, 146.53632, 152.60570,
18.947960, 178.05090, 3.9325690, 146.51272, 152.63284,
18.962250, 180.96680, 4.2118663, 146.50520, 152.65940,
18.976540, 174.58772, 4.3731709, 146.51462, 152.68551,
18.990829, 177.00483, 4.2125975, 146.54186, 152.71129,
19.005119, 174.54265, 4.5170776, 146.58781, 152.73687,
19.019400, 169.43603, 3.7825430, 146.65335, 152.76233,
19.033680, 171.39745, 3.7988579, 146.73943, 152.78784,
19.047960, 169.65232, 3.7695188, 146.84699, 152.81350,
19.062229, 165.30602, 3.9777791, 146.97689, 152.83941,
19.076500, 160.36788, 6.2774759, 147.13022, 152.86573,
19.090771, 164.23525, 4.6333529, 147.30795, 152.89257,
19.105040, 159.89107, 4.4508253, 147.51110, 152.92004,
19.119310, 172.60113, 4.9774188, 147.74075, 152.94828,
19.133570, 160.57630, 4.4129822, 147.99774, 152.97738,
19.147829, 160.92562, 5.8661998, 148.28334, 153.00748,
19.162090, 157.38528, 5.2480323, 148.59870, 153.03872,
19.176340, 155.20502, 4.5143954, 148.94464, 153.07118,
19.190599, 160.32173, 5.6995942, 149.32283, 153.10503,
19.204849, 156.64268, 4.8072473, 149.73396, 153.14035,
19.219101, 161.69418, 4.5018341, 150.17957, 153.17730,
19.233339, 149.43287, 4.4899522, 150.66038, 153.21595,
19.247580, 161.45690, 5.4945534, 151.17814, 153.25648,
19.261820, 156.45795, 4.9314683, 151.73412, 153.29899,
19.276060, 144.05665, 5.3131955, 152.32965, 153.34362,
19.290300, 150.90965, 6.7429155, 152.96612, 153.39049,
19.304529, 151.87075, 5.3047475, 153.64438, 153.43970,
19.318760, 161.33260, 5.4568150, 154.36647, 153.49140,
19.332991, 161.24863, 5.8993692, 155.13379, 153.54573,
19.347219, 150.12970, 6.0974736, 155.94777, 153.60281,
19.361441, 144.61948, 4.8313344, 156.80958, 153.66274,
19.375660, 163.41630, 6.2609846, 157.72113, 153.72568,
19.389879, 154.75832, 5.6889850, 158.68419, 153.79176,
19.404100, 167.69897, 5.5237150, 159.70059, 153.86113,
19.418310, 160.67230, 7.2897938, 160.77105, 153.93385,
19.432520, 147.85342, 7.0013421, 161.89815, 154.01012,
