# wave, flux, fluxerr, continuum, continuum_plateau
9.9725246, 98.579996, 2.8426540, 123.61809, 123.54087,
9.9806166, 105.33408, 3.1984442, 122.50968, 122.44512,
9.9887066, 107.02555, 2.8622269, 121.44132, 121.38789,
9.9967957, 103.91883, 2.9953273, 120.41168, 120.36796,
10.004880, 106.55595, 3.0867898, 119.42006, 119.38474,
10.012970, 113.85040, 3.6185753, 118.46402, 118.43593,
10.021050, 107.09040, 2.8448178, 117.54419, 117.52225,
10.029140, 115.33307, 3.5363893, 116.65729, 116.64052,
10.037220, 116.19928, 3.1717476, 115.80436, 115.79189,
10.045300, 112.92502, 2.8970029, 114.98313, 114.97418,
10.053380, 117.18778, 3.3302199, 114.19242, 114.18627,
10.061460, 111.10570, 2.9101611, 113.43130, 113.42733,
10.069540, 119.72652, 3.4764139, 112.69853, 112.69619,
10.077610, 115.64700, 2.6759495, 111.99400, 111.99281,
10.085690, 116.66782, 3.2632367, 111.31491, 111.31445,
10.093760, 110.61065, 3.3480028, 110.66178, 110.66170,
10.101830, 107.20493, 2.6719300, 110.03277, 110.03276,
10.109900, 107.82598, 2.5744773, 109.42674, 109.42656,
10.117970, 106.88330, 2.7423636, 108.84282, 108.84226,
10.126040, 111.46770, 2.7102490, 108.27988, 108.27879,
10.134100, 113.60337, 2.4630603, 107.73761, 107.73587,
10.142170, 108.56528, 2.5127052, 107.21356, 107.21109,
10.150230, 103.23936, 2.7761841, 106.70803, 106.70479,
10.158300, 105.03525, 3.2388602, 106.21882, 106.21479,
10.166360, 105.89845, 2.5240500, 105.74613, 105.74132,
10.174420, 104.11412, 2.8657965, 105.28827, 105.28272,
10.182470, 105.68010, 2.5862732, 104.84487, 104.83864,
10.190530, 100.30424, 2.4595838, 104.41383, 104.40700,
10.198590, 103.98357, 2.4761943, 103.99465, 103.98733,
10.206640, 105.04447, 2.7769338, 103.58693, 103.57923,
10.214690, 105.53360, 2.7712853, 103.18915, 103.18119,
10.222750, 98.279825, 2.3491182, 102.79986, 102.79179,
10.230800, 102.63578, 3.0336016, 102.41902, 102.41100,
10.238850, 97.770607, 2.7435648, 102.04519, 102.03739,
10.246890, 101.58807, 2.5306118, 101.67785, 101.67044,
10.254940, 94.338356, 2.5628621, 101.31516, 101.30831,
10.262990, 87.546188, 3.1723923, 100.95659, 100.95050,
10.271030, 94.932707, 2.8092878, 100.60159, 100.59646,
10.279070, 98.457659, 2.5421784, 100.24884, 100.24485,
10.287120, 98.784508, 2.7707735, 99.896862, 99.894238,
10.295150, 97.990351, 4.5450797, 99.546041, 99.544988,
10.303190, 105.68358, 3.5050680, 99.194141, 99.194877,
10.311230, 97.212286, 2.5307157, 98.842930, 98.845652,
10.319270, 97.580290, 2.9210595, 98.496438, 98.501290,
10.327300, 105.24152, 2.9268120, 98.159446, 98.166513,
10.335340, 96.779791, 2.6999850, 97.835417, 97.844731,
10.343370, 106.35350, 3.0177429, 97.529385, 97.540913,
10.351400, 88.860098, 3.2315573, 97.245331, 97.258981,
10.359430, 104.23295, 3.1232564, 96.987527, 97.003138,
10.367460, 90.138151, 3.7362523, 96.760285, 96.777629,
10.375480, 94.745836, 3.8915138, 96.568157, 96.586926,
10.383510, 103.25573, 3.6448921, 96.414968, 96.434777,
10.391530, 99.082407, 15.280975, 96.305439, 96.325812,
10.399560, 85.553867, 2.6525303, 96.243660, 96.264029,
10.407580, 94.802652, 2.3960820, 96.234137, 96.253829,
10.415600, 94.670742, 2.3697043, 96.281124, 96.299356,
10.423620, 104.64123, 3.0606908, 96.389015, 96.404883,
10.431640, 91.913939, 2.6514635, 96.562184, 96.574652,
10.439650, 86.117203, 3.0283207, 96.804723, 96.812620,
10.447670, 95.541653, 2.7606221, 97.121683, 97.123672,
10.455680, 103.20827, 2.7770703, 97.516254, 97.510873,
10.463700, 107.95672, 2.5587282, 97.989244, 97.975099,
10.471710, 99.256153, 3.6333264, 98.536759, 98.512690,
10.479720, 96.970999, 2.7402421, 99.156704, 99.121743,
10.487730, 100.12796, 2.9750539, 99.846435, 99.799803,
10.495730, 107.22583, 2.6303979, 100.60239, 100.54350,
10.503740, 106.87568, 3.5085577, 101.42376, 101.35217,
10.511750, 110.56415, 3.2853573, 102.30710, 102.22253,
10.519750, 104.14164, 2.9249625, 103.24858, 103.15090,
10.527750, 100.51327, 3.1434694, 104.24687, 104.13610,
10.535750, 103.50730, 3.9122689, 105.29934, 105.17560,
10.543750, 101.92886, 3.8255289, 106.40334, 106.26689,
10.551750, 107.47835, 3.6417890, 107.55664, 107.40783,
10.559750, 110.95585, 4.7429617, 108.75646, 108.59575,
10.567850, 114.19095, 2.9956938, 110.01647, 109.84427,
10.576350, 114.60818, 2.7096876, 111.38456, 111.20101,
10.584840, 117.76010, 2.5587454, 112.79502, 112.60095,
10.593340, 123.49332, 2.5560057, 114.24842, 114.04471,
10.601830, 128.74520, 2.6864108, 115.73825, 115.52590,
10.610330, 116.20787, 2.5319425, 117.26530, 117.04535,
10.618820, 118.72035, 2.6056794, 118.82310, 118.59668,
10.627310, 129.31815, 2.4972241, 120.41028, 120.17857,
10.635800, 126.53505, 2.8484467, 122.02435, 121.78857,
10.644280, 127.95655, 2.8096366, 123.66023, 123.42167,
10.652770, 134.93592, 2.8214238, 125.31894, 125.07893,
10.661250, 127.20295, 2.6798777, 126.99392, 126.75382,
10.669740, 130.85700, 2.9391402, 128.68610, 128.44733,
10.678220, 133.16270, 3.1075417, 130.38887, 130.15285,
10.686700, 141.68538, 2.9444016, 132.10130, 131.86951,
10.695180, 144.21173, 3.0117211, 133.82057, 133.59452,
10.703650, 145.44287, 3.0052971, 135.54194, 135.32316,
10.712130, 147.21180, 3.3531195, 137.26627, 137.05634,
10.720600, 144.51778, 3.2084229, 138.98729, 138.78778,
10.729080, 152.03170, 3.2494526, 140.70586, 140.51841,
10.737550, 153.47338, 3.2094035, 142.41512, 142.24138,
10.746020, 151.59697, 3.2942720, 144.11458, 143.95624,
10.754490, 153.33890, 3.0832861, 145.80107, 145.65985,
10.762960, 149.06450, 2.9835228, 147.47214, 147.34981,
10.771420, 154.86735, 3.5255174, 149.12257, 149.02091,
10.779890, 161.93955, 2.9584984, 150.75402, 150.67490,
10.788350, 154.76608, 3.4079538, 152.35942, 152.30471,
10.796810, 157.14635, 3.0179902, 153.93800, 153.90964,
10.805270, 157.55867, 3.6311386, 155.48691, 155.48691,
10.813730, 154.78995, 3.6663437, 157.00390, 157.03428,
10.822190, 153.17352, 3.2907708, 158.48896, 158.55161,
10.830650, 160.46395, 3.2025719, 159.94266, 160.03930,
10.839100, 167.89352, 3.2993675, 161.36381, 161.49593,
10.847560, 169.27423, 3.1522611, 162.75649, 162.92550,
10.856010, 164.01367, 3.2693347, 164.11794, 164.32502,
10.864460, 178.76655, 3.5719163, 165.45012, 165.69633,
10.872910, 182.28658, 3.5505678, 166.75371, 167.03995,
10.881360, 189.13440, 3.5331334, 168.02936, 168.35641,
10.889800, 185.99743, 3.6084816, 169.27588, 169.64434,
10.898250, 189.43288, 3.9973319, 170.49675, 170.90715,
10.906690, 190.79053, 4.2124176, 171.68967, 172.14236,
10.915140, 207.16668, 4.2002627, 172.85797, 173.35324,
10.923580, 224.58680, 4.4748792, 173.99919, 174.53714,
10.932020, 221.51717, 5.3381157, 175.11528, 175.69593,
10.940460, 212.85153, 5.7082047, 176.20668, 176.82995,
10.948890, 225.88928, 4.6605968, 177.27253, 177.93818,
10.957330, 247.29408, 5.0701992, 178.31591, 179.02372,
10.965760, 261.55260, 4.0933872, 179.33478, 180.08433,
10.974200, 284.25838, 3.8340629, 180.33186, 181.12273,
10.982630, 316.34680, 3.7221161, 181.30521, 182.13680,
10.991060, 347.58588, 4.1138549, 182.25659, 183.12827,
10.999490, 346.53058, 5.2986502, 183.18619, 184.09725,
11.007920, 350.01335, 3.5047260, 184.09461, 185.04429,
11.016340, 351.22305, 3.4425695, 184.98105, 185.96844,
11.024770, 348.31182, 4.3012458, 185.84799, 186.87222,
11.033190, 344.98354, 4.8116092, 186.69386, 187.75391,
11.041610, 338.14890, 4.1762677, 187.52000, 188.61484,
11.050030, 329.55318, 4.2187649, 188.32679, 189.45533,
11.058450, 318.49155, 5.1454870, 189.11458, 190.27568,
11.066870, 310.93130, 4.6796748, 189.88371, 191.07619,
11.075290, 308.02160, 5.6420911, 190.63454, 191.85716,
11.083700, 310.91100, 4.3982131, 191.36659, 192.61803,
11.092120, 290.22660, 5.0141083, 192.08184, 193.36083,
11.100530, 307.36770, 4.2270283, 192.77893, 194.08409,
11.108940, 318.77269, 5.1141836, 193.45915, 194.78910,
11.117350, 305.13478, 6.9394503, 194.12268, 195.47601,
11.120570, 327.41888, 4.1842703, 194.37245, 195.73435,
11.129530, 334.81232, 4.2197969, 195.05489, 196.43953,
11.138500, 346.92600, 4.0338403, 195.72009, 197.12582,
11.147460, 374.03615, 4.2383693, 196.36685, 197.79195,
11.156430, 424.29820, 4.5431014, 196.99704, 198.43982,
11.165390, 478.21095, 4.5743323, 197.60955, 199.06825,
11.174350, 564.52031, 4.8241151, 198.20547, 199.67835,
11.183300, 659.31171, 5.4579964, 198.78452, 200.26981,
11.192260, 763.30556, 5.8484304, 199.34828, 200.84422,
11.201220, 822.89647, 5.8051064, 199.89644, 201.40126,
11.210170, 844.04514, 5.8305069, 200.42877, 201.94070,
11.219120, 832.54523, 6.0831270, 200.94618, 202.46345,
11.228070, 837.97696, 6.1281769, 201.44898, 202.96983,
11.237020, 828.68393, 5.7377962, 201.93743, 203.46009,
11.245970, 832.94208, 5.8928004, 202.41192, 203.93466,
11.254920, 817.48036, 5.9986557, 202.87272, 204.39379,
11.263860, 793.49312, 5.8809899, 203.31958, 204.83727,
11.272800, 772.83545, 5.5884298, 203.75340, 205.26600,
11.281750, 735.70471, 5.5624358, 204.17480, 205.68063,
11.290690, 697.06175, 5.6096582, 204.58326, 206.08065,
11.299630, 663.59073, 5.4800873, 204.97941, 206.46674,
11.308560, 640.18156, 5.2285128, 205.36316, 206.83883,
11.317500, 596.83832, 5.0968675, 205.73561, 207.19803,
11.326430, 563.74066, 5.1558262, 206.09622, 207.54384,
11.335370, 536.27521, 4.9229416, 206.44601, 207.87731,
11.344300, 508.09986, 4.6432012, 206.78449, 208.19800,
11.353230, 487.45966, 4.5676585, 207.11229, 208.50657,
11.362160, 472.33965, 4.6886962, 207.42962, 208.80328,
11.371080, 442.95478, 4.4452147, 207.73648, 209.08816,
11.380010, 422.84776, 4.1787592, 208.03367, 209.36204,
11.388930, 416.71758, 4.2111328, 208.32088, 209.62468,
11.397850, 393.73989, 4.5254120, 208.59860, 209.87661,
11.406780, 373.66452, 4.1109632, 208.86738, 210.11839,
11.415700, 364.24065, 3.9507261, 209.12683, 210.34974,
11.424610, 356.91348, 4.0892519, 209.37723, 210.57099,
11.433530, 348.31998, 4.1202823, 209.61932, 210.78288,
11.442450, 329.56658, 3.9553534, 209.85306, 210.98545,
11.451360, 321.37910, 3.7564401, 210.07841, 211.17875,
11.460270, 310.18870, 3.7888816, 210.29585, 211.36328,
11.469180, 306.34915, 3.9080622, 210.50558, 211.53931,
11.478090, 299.42671, 4.3670715, 210.70780, 211.70709,
11.487000, 291.14100, 3.7738071, 210.90271, 211.86689,
11.495910, 272.07818, 3.7210437, 211.09049, 212.01896,
11.504810, 271.92520, 3.8810656, 211.27120, 212.16344,
11.513710, 262.45045, 4.3313009, 211.44519, 212.30073,
11.522620, 263.50146, 3.8040542, 211.61286, 212.43125,
11.531520, 256.47918, 3.8700370, 211.77401, 212.55494,
11.540420, 249.23415, 4.0507806, 211.92903, 212.67224,
11.549310, 250.87830, 4.0143627, 212.07794, 212.78327,
11.558210, 242.28870, 3.8296715, 212.22127, 212.88853,
11.567100, 248.64067, 4.0553083, 212.35884, 212.98803,
11.576000, 243.42112, 4.1544228, 212.49119, 213.08228,
11.584890, 236.93970, 4.2223334, 212.61816, 213.17128,
11.593780, 232.07700, 4.0839751, 212.74007, 213.25541,
11.602670, 236.16020, 4.6381017, 212.85714, 213.33492,
11.611560, 223.20635, 4.3606553, 212.96950, 213.41006,
11.620440, 226.38837, 4.3267191, 213.07722, 213.48100,
11.629330, 226.76882, 4.3944055, 213.18071, 213.54815,
11.638210, 221.60757, 4.6071651, 213.27990, 213.61160,
11.647090, 207.77120, 5.0934623, 213.37507, 213.67168,
11.655970, 208.34922, 4.7268137, 213.46638, 213.72864,
11.664850, 205.94130, 3.8935644, 213.55401, 213.78272,
11.673730, 213.16993, 3.0379726, 213.63811, 213.83417,
11.682600, 214.70893, 3.4275060, 213.71875, 213.88318,
11.691480, 208.41172, 3.2848881, 213.79628, 213.93009,
11.700350, 211.78830, 3.5869283, 213.87067, 213.97507,
11.709220, 225.28040, 3.6294150, 213.94217, 214.01839,
11.718090, 209.82700, 3.7694339, 214.01094, 214.06031,
11.726960, 211.73388, 3.6379928, 214.07713, 214.10106,
11.735830, 225.20920, 3.9156004, 214.14089, 214.14089,
11.744690, 216.06417, 4.3223748, 214.20227, 214.17994,
11.753560, 207.87022, 4.0204636, 214.26135, 214.21820,
11.762420, 218.15415, 4.6265424, 214.31789, 214.25544,
11.771280, 230.29125, 6.8339570, 214.37187, 214.29155,
11.775020, 213.26890, 3.5087048, 214.39385, 214.30641,
11.784500, 219.66490, 6.3175134, 214.44741, 214.34300,
11.793980, 213.25670, 3.7385875, 214.49772, 214.37785,
11.803460, 218.03275, 3.7253369, 214.54468, 214.41079,
11.812940, 219.25707, 3.1964918, 214.58815, 214.44162,
11.822420, 219.77988, 3.3010338, 214.62800, 214.47017,
11.831890, 219.70600, 3.3457839, 214.66406, 214.49622,
11.841360, 220.70075, 3.8805000, 214.69624, 214.51961,
11.850840, 226.31365, 3.4680811, 214.72444, 214.54017,
11.860310, 227.81808, 3.2522674, 214.74846, 214.55768,
11.869770, 231.41675, 3.2738190, 214.76818, 214.57194,
11.879240, 226.03267, 3.3521977, 214.78350, 214.58282,
11.888710, 231.56777, 3.0583868, 214.79426, 214.59009,
11.898170, 235.95202, 3.3094686, 214.80031, 214.59357,
11.907630, 236.35950, 3.2941292, 214.80152, 214.59308,
11.917090, 237.06485, 3.2464984, 214.79775, 214.58842,
11.926550, 234.33813, 3.3704997, 214.78884, 214.57940,
11.936010, 230.97347, 37.197980, 214.77466, 214.56584,
11.945470, 238.65265, 3.2705249, 214.75504, 214.54754,
11.954920, 236.65768, 3.1062820, 214.72986, 214.52433,
11.964370, 237.98265, 3.6286602, 214.69896, 214.49600,
11.973830, 243.46325, 3.0411165, 214.66212, 214.46232,
11.983280, 238.79802, 3.1324932, 214.61928, 214.42317,
11.992720, 243.47215, 3.0972777, 214.57028, 214.37837,
12.002170, 237.23993, 2.9753712, 214.51487, 214.32762,
12.011610, 234.44265, 3.0049351, 214.45298, 214.27083,
12.021060, 231.07373, 3.1125154, 214.38432, 214.20770,
12.030500, 225.22657, 3.0476979, 214.30886, 214.13814,
12.039940, 236.89900, 3.0477158, 214.22638, 214.06190,
12.049380, 231.95040, 2.9718962, 214.13666, 213.97878,
12.058820, 227.87572, 3.0497547, 214.03957, 213.88858,
12.068250, 227.75173, 3.0943011, 213.93501, 213.79119,
12.077690, 224.28443, 3.0031820, 213.82257, 213.68621,
12.087120, 224.29030, 2.9562854, 213.70233, 213.57366,
12.096550, 220.46342, 3.1493048, 213.57396, 213.45322,
12.105980, 219.82580, 3.1645400, 213.43728, 213.32468,
12.115410, 224.72053, 3.1869939, 213.29208, 213.18785,
12.124830, 216.19613, 3.2616770, 213.13834, 213.04265,
12.134260, 214.78098, 3.1200293, 212.97552, 212.88859,
12.143680, 207.34148, 3.1222222, 212.80379, 212.72577,
12.153100, 213.15832, 3.1983102, 212.62273, 212.55382,
12.162520, 222.06438, 3.5532735, 212.43214, 212.37251,
12.171940, 212.10650, 3.2172327, 212.23184, 212.18167,
12.181360, 220.23885, 3.5049130, 212.02155, 211.98103,
12.190770, 211.29852, 3.7618387, 211.80133, 211.77064,
12.200180, 217.50965, 3.2981580, 211.57073, 211.55005,
12.209600, 210.52090, 3.2706997, 211.32923, 211.31879,
12.219010, 209.02637, 3.4159158, 211.07714, 211.07714,
12.228420, 208.77488, 3.9695325, 210.81404, 210.82470,
12.237820, 209.55390, 3.5613380, 210.54043, 210.56193,
12.247230, 217.54733, 3.7240646, 210.25597, 210.28845,
12.256630, 225.81535, 3.8228240, 209.96152, 210.00505,
12.266040, 262.80373, 4.5744060, 209.65673, 209.71139,
12.275440, 503.16806, 6.0836737, 209.34249, 209.40827,
12.284840, 508.67746, 6.3103535, 209.01876, 209.09563,
12.294230, 280.60665, 4.4161418, 208.68608, 208.77397,
12.303630, 243.11300, 5.6834539, 208.34408, 208.44290,
12.313030, 232.69115, 4.9174832, 207.99326, 208.10289,
12.322420, 229.42732, 5.0341254, 207.63429, 207.75456,
12.331810, 232.73280, 3.3816393, 207.26703, 207.39776,
12.341200, 229.14105, 2.8527559, 206.89170, 207.03267,
12.350590, 236.72000, 3.0101834, 206.50852, 206.65951,
12.359980, 245.52857, 3.0782313, 206.11773, 206.27848,
12.369360, 248.16140, 3.1576523, 205.71995, 205.89017,
12.378750, 243.94737, 3.3833282, 205.31458, 205.49400,
12.388130, 248.63325, 3.5977947, 204.90267, 205.09096,
12.397510, 250.99297, 3.5448492, 204.48405, 204.68090,
12.406890, 247.62765, 3.3900572, 204.05887, 204.26393,
12.416270, 253.01897, 3.6379725, 203.62735, 203.84027,
12.425640, 253.73070, 3.9544226, 203.19021, 203.41062,
12.435020, 261.29963, 4.5567582, 202.74665, 202.97420,
12.444390, 261.16156, 3.6463382, 202.29788, 202.53217,
12.453760, 256.60218, 3.3675479, 201.84360, 202.08425,
12.463130, 261.03617, 3.7320309, 201.38400, 201.63061,
12.472500, 263.94585, 3.8266449, 200.91928, 201.17145,
12.481870, 280.25729, 4.9953458, 200.44962, 200.70696,
12.489420, 277.25517, 3.6736897, 200.06770, 200.32892,
12.499490, 289.23110, 4.0068784, 199.55371, 199.81968,
12.509550, 304.21925, 3.7701792, 199.03514, 199.30538,
12.519610, 299.85070, 3.7284994, 198.51173, 198.78578,
12.529670, 292.39520, 3.7573371, 197.98376, 198.26115,
12.539730, 297.08350, 3.7715123, 197.45134, 197.73161,
12.549780, 306.24880, 4.1036112, 196.91532, 197.19800,
12.559840, 309.03613, 3.5864502, 196.37479, 196.65944,
12.569890, 308.54948, 3.7256553, 195.83110, 196.11725,
12.579940, 317.75590, 3.7139664, 195.28390, 195.57112,
12.589990, 318.69040, 3.6449367, 194.73341, 195.02126,
12.600040, 329.02448, 3.6498809, 194.17979, 194.46783,
12.610090, 334.71216, 3.6168168, 193.62335, 193.91117,
12.620130, 341.95741, 3.8334959, 193.06483, 193.35202,
12.630170, 361.59368, 3.7800566, 192.50382, 192.78998,
12.640210, 356.17323, 3.7791202, 191.94057, 192.22531,
12.650250, 351.62569, 3.6101534, 191.37530, 191.65823,
12.660290, 352.82478, 3.5892882, 190.80825, 191.08901,
12.670330, 358.93405, 3.6698397, 190.23952, 190.51776,
12.680360, 373.19410, 3.7861320, 189.66998, 189.94535,
12.690390, 388.91492, 3.7328541, 189.09923, 189.37140,
12.700420, 393.36443, 3.6960622, 188.52742, 188.79607,
12.710450, 406.79233, 3.7726670, 187.95485, 188.21968,
12.720480, 414.04227, 3.9608356, 187.38168, 187.64240,
12.730500, 413.82290, 4.3913723, 186.80866, 187.06499,
12.740530, 412.74477, 3.7924911, 186.23489, 186.48656,
12.750550, 393.26608, 3.6056005, 185.66166, 185.90843,
12.760570, 390.94055, 3.7022795, 185.08869, 185.33032,
12.770590, 386.37348, 3.7237451, 184.51607, 184.75232,
12.780610, 382.20615, 3.6522006, 183.94405, 184.17472,
12.790620, 376.04293, 3.8649305, 183.37343, 183.59832,
12.800640, 368.38850, 3.7686222, 182.80322, 183.02214,
12.810650, 373.06190, 3.8687661, 182.23481, 182.44758,
12.820660, 353.36150, 3.5614925, 181.66780, 181.87427,
12.830670, 318.32828, 3.2873701, 181.10235, 181.30236,
12.840680, 308.97895, 3.2535757, 180.53877, 180.73218,
12.850680, 290.89785, 3.2891863, 179.97773, 180.16442,
12.860690, 274.25570, 3.2416705, 179.41838, 179.59821,
12.870690, 257.98018, 3.0860280, 178.86198, 179.03486,
12.880690, 247.51450, 3.0042544, 178.30826, 178.47409,
12.890690, 234.37812, 2.9497818, 177.75732, 177.91599,
12.900680, 228.73943, 3.0327235, 177.21000, 177.36144,
12.910680, 224.48315, 3.2028696, 176.66535, 176.80947,
12.920670, 213.69427, 2.8795951, 176.12473, 176.26147,
12.930670, 206.03812, 2.8394680, 175.58722, 175.71649,
12.940660, 204.99377, 2.8237263, 175.05410, 175.17584,
12.950640, 196.88948, 2.9930700, 174.52569, 174.63985,
12.960630, 194.41970, 3.1633258, 174.00098, 174.10748,
12.970620, 199.53805, 2.9419232, 173.48085, 173.57964,
12.980600, 194.47498, 3.0592184, 172.96596, 173.05699,
12.990580, 194.55870, 3.1067381, 172.45609, 172.53928,
13.000560, 186.16053, 3.0186943, 171.95136, 172.02665,
13.010540, 180.72738, 3.1158887, 171.45205, 171.51936,
13.020520, 184.45798, 3.4012619, 170.95837, 171.01764,
13.030490, 174.46160, 3.0368323, 170.47109, 170.52223,
13.040470, 173.60890, 3.1749954, 169.98940, 170.03231,
13.050440, 179.49232, 3.2170037, 169.51454, 169.54913,
13.060410, 177.57747, 3.3523862, 169.04626, 169.07241,
13.070380, 170.59545, 3.2152122, 168.58474, 168.60233,
13.080350, 164.09705, 3.6821197, 168.13033, 168.13919,
13.090310, 167.56317, 3.5909483, 167.68363, 167.68363,
13.100280, 167.63050, 3.6950149, 167.24399, 167.23495,
13.110240, 168.53200, 3.6051669, 166.81214, 166.79392,
13.120200, 184.26883, 3.8260141, 166.38750, 166.36000,
13.130160, 172.62550, 3.9495629, 165.96990, 165.93306,
13.140110, 174.56800, 3.5312915, 165.55962, 165.51342,
13.150070, 169.00222, 2.8240305, 165.15563, 165.10007,
13.160020, 170.10980, 2.5259945, 164.75865, 164.69377,
13.169980, 166.87932, 2.7222581, 164.36767, 164.29355,
13.179930, 169.87085, 3.0571647, 163.98338, 163.90012,
13.189870, 166.06472, 2.7370831, 163.60558, 163.51331,
13.199820, 163.27462, 2.7485295, 163.23341, 163.13227,
13.209770, 158.55010, 2.6286256, 162.86706, 162.75723,
13.219710, 164.62000, 2.6919847, 162.50680, 162.38849,
13.229650, 157.62210, 2.6829090, 162.15214, 162.02557,
13.239590, 160.81803, 3.2543904, 161.80290, 161.66830,
13.249530, 159.01412, 2.9070424, 161.45896, 161.31661,
13.259470, 159.49690, 2.7929416, 161.12022, 160.97038,
13.269410, 166.84510, 3.0119103, 160.78655, 160.62951,
13.279340, 167.16305, 3.4265266, 160.45816, 160.29424,
13.289270, 160.16120, 3.4804719, 160.13455, 159.96407,
13.299200, 165.82285, 3.9005068, 159.81567, 159.63897,
13.309130, 163.98298, 3.4820491, 159.50138, 159.31879,
13.318260, 167.99678, 2.9201477, 159.21632, 159.02863,
13.328980, 159.87445, 2.4814474, 158.88634, 158.69306,
13.339690, 165.20585, 2.7156239, 158.56163, 158.36319,
13.350400, 163.16568, 2.6990519, 158.24173, 158.03857,
13.361120, 158.16680, 2.5191556, 157.92619, 157.71876,
13.371830, 158.68790, 2.4053324, 157.61551, 157.40426,
13.382530, 158.06128, 2.4225669, 157.30951, 157.09492,
13.393240, 165.99028, 2.5563263, 157.00753, 156.79005,
13.403940, 170.53992, 2.5789791, 156.70998, 156.49007,
13.414650, 171.43320, 2.8482117, 156.41621, 156.19434,
13.425350, 171.02987, 2.4126695, 156.12662, 155.90326,
13.436050, 174.76555, 2.4614109, 155.84083, 155.61645,
13.446740, 170.53507, 2.4522525, 155.55900, 155.33406,
13.457440, 182.31878, 2.6649583, 155.28046, 155.05542,
13.468130, 184.62690, 2.4981530, 155.00565, 154.78097,
13.478830, 186.56190, 2.4634743, 154.73392, 154.51005,
13.489520, 188.01130, 2.4777837, 154.46568, 154.24308,
13.500200, 192.88823, 2.5934930, 154.20081, 153.97990,
13.510890, 192.30315, 2.5625736, 153.93873, 153.71995,
13.521570, 203.55040, 2.5857299, 153.67978, 153.46356,
13.532260, 205.17720, 2.5324617, 153.42342, 153.21018,
13.542940, 209.80645, 2.6044417, 153.17000, 152.96014,
13.553620, 205.80060, 2.6900562, 152.91919, 152.71311,
13.564290, 200.08487, 2.6147213, 152.67113, 152.46921,
13.574970, 196.35360, 2.5370062, 152.42524, 152.22785,
13.585640, 192.92952, 2.4723196, 152.18191, 151.98941,
13.596320, 197.10088, 2.5950532, 151.94055, 151.75331,
13.606990, 187.13210, 2.6100762, 151.70157, 151.51990,
13.617650, 185.30675, 2.9139149, 151.46482, 151.28905,
13.628320, 176.55318, 2.4383493, 151.22980, 151.06024,
13.638980, 178.40070, 2.4940162, 150.99685, 150.83378,
13.649650, 173.84780, 2.4903032, 150.76544, 150.60915,
13.660310, 172.96488, 2.5881162, 150.53591, 150.38665,
13.670970, 170.28748, 2.7804144, 150.30796, 150.16598,
13.681630, 168.10853, 2.4434735, 150.08151, 149.94703,
13.692280, 161.48180, 2.7575422, 149.85669, 149.72992,
13.702940, 158.86080, 2.4354030, 149.63297, 149.51411,
13.713590, 160.55617, 2.5357051, 149.41071, 149.29992,
13.724240, 153.92155, 2.4797116, 149.18958, 149.08703,
13.734890, 155.02945, 2.3913500, 148.96953, 148.87536,
13.745530, 153.18863, 2.3873409, 148.75067, 148.66498,
13.756180, 152.11423, 2.4429066, 148.53252, 148.45543,
13.766820, 158.24385, 2.8656615, 148.31538, 148.24696,
13.777460, 161.00725, 3.0796788, 148.09898, 148.03929,
13.788100, 147.53777, 2.3645796, 147.88324, 147.83233,
13.798740, 141.34645, 2.3706069, 147.66808, 147.62597,
13.809380, 140.86063, 2.4358168, 147.45343, 147.42012,
13.820010, 145.80243, 2.5295988, 147.23937, 147.21485,
13.830640, 143.35920, 2.5253648, 147.02566, 147.00989,
13.841270, 145.33180, 2.8102367, 146.81219, 146.80511,
13.851900, 146.77680, 2.5914057, 146.59892, 146.60045,
13.862530, 150.94250, 3.9285489, 146.38574, 146.39579,
13.873150, 146.32145, 3.4214968, 146.17278, 146.19124,
13.883780, 141.51340, 2.6261802, 145.95957, 145.98632,
13.894400, 147.41982, 2.6751034, 145.74642, 145.78133,
13.905020, 140.47930, 2.8314077, 145.53307, 145.57599,
13.915640, 149.78502, 3.0913461, 145.31943, 145.37020,
13.926250, 148.40038, 3.3724604, 145.10563, 145.16408,
13.936870, 149.12378, 3.0196930, 144.89122, 144.95717,
13.947480, 143.84195, 2.7684176, 144.67647, 144.74973,
13.958090, 144.41962, 3.1177146, 144.46116, 144.54152,
13.968700, 156.05840, 3.1027633, 144.24516, 144.33240,
13.979310, 144.00820, 3.3398341, 144.02844, 144.12234,
13.989910, 144.05160, 3.1638050, 143.81110, 143.91140,
14.000520, 140.07070, 3.1732066, 143.59266, 143.69913,
14.011120, 145.50660, 3.5782124, 143.37345, 143.48582,
14.021720, 145.63113, 4.0522047, 143.15319, 143.27118,
14.032320, 144.82727, 3.8221853, 142.93179, 143.05513,
14.042920, 144.24718, 3.5773800, 142.70919, 142.83757,
14.053510, 145.22350, 4.1586126, 142.48552, 142.61864,
14.064110, 136.85905, 4.1680953, 142.26025, 142.39780,
14.074700, 133.79535, 3.9492360, 142.03374, 142.17540,
14.085290, 126.70157, 4.1316664, 141.80571, 141.95114,
14.095870, 142.71145, 2.9430562, 141.57628, 141.72514,
14.106460, 146.47428, 2.4372423, 141.34494, 141.49689,
14.117040, 142.08330, 2.4269143, 141.11203, 141.26671,
14.127630, 139.79115, 2.6993920, 140.87702, 141.03407,
14.138210, 150.15432, 3.0207990, 140.64030, 140.79935,
14.148790, 142.46978, 2.8609473, 140.40154, 140.56221,
14.159370, 146.96880, 3.6836626, 140.16065, 140.32256,
14.169940, 148.20578, 3.1445994, 139.91779, 140.08055,
14.180520, 150.80990, 5.4720122, 139.67239, 139.83561,
14.182090, 146.13173, 2.7672561, 139.63578, 139.79904,
14.193560, 152.87650, 2.5245768, 139.36663, 139.52989,
14.205030, 163.63235, 2.8194961, 139.09452, 139.25729,
14.216500, 156.15320, 2.9971296, 138.81937, 138.98119,
14.227970, 153.66780, 5.0358743, 138.54103, 138.70141,
14.239430, 156.47297, 4.7837878, 138.25961, 138.41809,
14.250890, 150.58440, 2.6672537, 137.97479, 138.13089,
14.262350, 149.95632, 2.6073100, 137.68639, 137.83962,
14.273810, 147.31807, 2.7555802, 137.39431, 137.54420,
14.285270, 140.86300, 2.7620046, 137.09844, 137.24452,
14.296730, 146.35677, 2.5090147, 136.79859, 136.94040,
14.308180, 141.27285, 2.4995035, 136.49495, 136.63202,
14.319630, 136.49512, 2.3936306, 136.18710, 136.31898,
14.331080, 140.34113, 2.5719980, 135.87488, 136.00111,
14.342530, 143.54503, 2.7118697, 135.55819, 135.67833,
14.353970, 139.57808, 2.5532794, 135.23717, 135.35080,
14.365410, 136.36578, 2.2722425, 134.91134, 135.01805,
14.376860, 140.41278, 2.4288413, 134.58033, 134.67969,
14.388300, 134.39628, 2.2696212, 134.24451, 134.33615,
14.399730, 137.57505, 2.2987651, 133.90378, 133.98734,
14.411170, 132.45967, 2.1183708, 133.55736, 133.63247,
14.422600, 128.50067, 2.0904149, 133.20572, 133.27206,
14.434030, 128.94740, 2.1112016, 132.84839, 132.90563,
14.445460, 130.38300, 2.1636441, 132.48516, 132.53303,
14.456890, 131.89665, 2.1397447, 132.11593, 132.15416,
14.468320, 134.62240, 2.0885314, 131.74050, 131.76886,
14.479740, 130.14638, 2.0186215, 131.35902, 131.37730,
14.491160, 128.28428, 2.1285307, 130.97098, 130.97901,
14.502580, 127.31160, 2.2141351, 130.57625, 130.57389,
14.514000, 133.91620, 2.2099361, 130.17486, 130.16201,
14.525420, 133.28525, 2.1362870, 129.76759, 129.74419,
14.536830, 130.85375, 2.0099221, 129.35559, 129.32164,
14.548240, 132.02325, 2.0735972, 128.93928, 128.89483,
14.559650, 129.47853, 2.4281937, 128.51942, 128.46457,
14.571060, 131.37997, 2.3756385, 128.09687, 128.03177,
14.582470, 124.78378, 2.6236863, 127.67236, 127.59722,
14.593870, 126.55450, 2.3019827, 127.24704, 127.16213,
14.605270, 129.77047, 2.3678216, 126.82134, 126.72697,
14.616670, 119.44642, 2.1968347, 126.39607, 126.29262,
14.628070, 123.08135, 2.6465170, 125.97193, 125.85983,
14.639470, 118.31465, 2.3523735, 125.54975, 125.42948,
14.650860, 126.77227, 2.2104552, 125.13068, 125.00280,
14.662260, 120.75513, 2.2936110, 124.71475, 124.57983,
14.673650, 121.21797, 2.6121346, 124.30349, 124.16220,
14.685040, 117.79023, 2.2098396, 123.89728, 123.75031,
14.696420, 119.84248, 2.1796610, 123.49733, 123.34544,
14.707810, 118.36737, 2.0893310, 123.10364, 122.94762,
14.719190, 119.17342, 2.0032259, 122.71778, 122.55848,
14.730570, 119.09413, 2.1397811, 122.34012, 122.17843,
14.741950, 120.06685, 2.3187306, 121.97150, 121.80835,
14.753330, 123.37117, 2.4814984, 121.61272, 121.44908,
14.764700, 125.37540, 2.3580462, 121.26492, 121.10178,
14.776080, 121.97447, 2.2107732, 120.92826, 120.76666,
14.787450, 120.77245, 2.3276893, 120.60418, 120.44520,
14.798820, 118.80433, 2.5201503, 120.29321, 120.13793,
14.810190, 117.62970, 2.6456439, 119.99615, 119.84568,
14.821550, 121.95710, 2.3341233, 119.71413, 119.56958,
14.832920, 114.32117, 2.2329805, 119.44750, 119.31002,
14.844280, 123.00610, 2.3750388, 119.19756, 119.06829,
14.855640, 115.95680, 2.5704101, 118.96495, 118.84503,
14.866990, 109.76357, 2.6095317, 118.75074, 118.64130,
14.878350, 114.37193, 2.6200816, 118.55542, 118.45760,
14.889710, 113.54445, 2.6522349, 118.38008, 118.29500,
14.901060, 118.36283, 2.5122501, 118.22578, 118.15452,
14.912410, 116.49525, 2.7597903, 118.09326, 118.03688,
14.923760, 117.71847, 3.1495988, 117.98343, 117.94296,
14.935100, 127.33993, 3.2568257, 117.89733, 117.87374,
14.946450, 113.13895, 2.8265772, 117.83573, 117.82997,
14.957790, 112.82586, 3.2948563, 117.79963, 117.81255,
14.969130, 117.68885, 3.4547650, 117.78872, 117.82095,
14.980470, 117.51793, 3.4466024, 117.80211, 117.85399,
14.991810, 124.35113, 3.2514483, 117.83890, 117.91044,
15.003140, 116.25320, 3.4509546, 117.89817, 117.98902,
15.014480, 121.06682, 3.3679208, 117.97914, 118.08866,
15.025810, 122.18550, 3.2223457, 118.08083, 118.20800,
15.037140, 123.57047, 3.6100044, 118.20244, 118.34592,
15.048460, 121.94620, 3.1868488, 118.34304, 118.50109,
15.059790, 119.48200, 3.3056478, 118.50203, 118.67260,
15.071110, 123.73580, 3.6019388, 118.67835, 118.85898,
15.082440, 116.89103, 2.7982978, 118.87151, 119.05939,
15.093750, 121.89960, 2.1898547, 119.08016, 119.27208,
15.105070, 118.73530, 2.1885112, 119.30408, 119.49646,
15.116390, 124.49883, 2.6433935, 119.54232, 119.73117,
15.127700, 126.33873, 5.8697170, 119.79387, 119.97483,
15.139020, 128.90545, 19.691975, 120.05845, 120.22671,
15.150330, 120.22437, 2.2565933, 120.33481, 120.48522,
15.162390, 122.14042, 2.8250201, 120.64193, 120.76711,
15.174730, 128.20312, 3.0619207, 120.96855, 121.06079,
15.187070, 118.93240, 2.6915385, 121.30671, 121.35826,
15.199410, 124.52255, 3.2690937, 121.65552, 121.65808,
15.211740, 120.68687, 2.8505390, 122.01374, 121.95864,
15.224080, 116.41273, 2.7038202, 122.38142, 122.26023,
15.236410, 121.41313, 2.5025292, 122.75739, 122.56229,
15.248740, 120.41877, 2.7132019, 123.14142, 122.86506,
15.261060, 125.39853, 2.9261695, 123.53265, 123.16827,
15.273390, 127.03152, 2.8058299, 123.93124, 123.47244,
15.285710, 126.61462, 2.8049110, 124.33603, 123.77704,
15.298030, 124.92160, 2.6419865, 124.74678, 124.08230,
15.310350, 126.23293, 3.3247827, 125.16306, 124.38823,
15.322660, 117.80848, 3.1333166, 125.58397, 124.69455,
15.334980, 116.32905, 2.5420427, 126.00971, 125.00174,
15.347290, 119.15338, 2.7198632, 126.43911, 125.30932,
15.359600, 125.46820, 2.7688471, 126.87203, 125.61752,
15.371900, 122.72633, 2.6055150, 127.30760, 125.92605,
15.384210, 127.22613, 2.5340864, 127.74608, 126.23544,
15.396510, 121.75435, 3.1060358, 128.18628, 126.54518,
15.408810, 135.60067, 2.9758461, 128.62801, 126.85547,
15.421110, 128.83335, 2.5388558, 129.07087, 127.16635,
15.433410, 128.18745, 2.5979436, 129.51431, 127.47776,
15.445700, 122.69185, 2.4212091, 129.95754, 127.78947,
15.457990, 126.60825, 2.6861532, 130.40043, 128.10172,
15.470280, 127.85633, 2.8324623, 130.84250, 128.41450,
15.482570, 129.25175, 2.5036509, 131.28328, 128.72780,
15.494860, 128.52050, 2.4763228, 131.72227, 129.04161,
15.507140, 130.65635, 2.4539000, 132.15867, 129.35568,
15.519420, 130.18973, 2.4546124, 132.59231, 129.67022,
15.531700, 131.78250, 2.5490758, 133.02276, 129.98527,
15.543980, 136.61423, 2.5016901, 133.44948, 130.30077,
15.556260, 130.40075, 2.3965029, 133.87204, 130.61677,
15.568530, 129.92915, 2.2764860, 134.28958, 130.93295,
15.580800, 130.88115, 2.2848733, 134.70195, 131.24959,
15.593070, 140.90415, 2.4654827, 135.10868, 131.56668,
15.605340, 133.35205, 2.2658358, 135.50927, 131.88421,
15.617600, 137.48178, 2.2708151, 135.90351, 132.20192,
15.629860, 138.05792, 6.7720682, 136.29243, 132.52003,
15.642120, 141.86037, 19.188462, 136.67690, 132.83858,
15.654380, 134.79075, 2.8648333, 137.05763, 133.15751,
15.666640, 136.89668, 2.4725435, 137.43548, 133.47688,
15.678890, 139.43295, 2.3505214, 137.81087, 133.79636,
15.691140, 143.23663, 2.2862703, 138.18492, 134.11624,
15.703390, 140.24117, 2.1907725, 138.55840, 134.43650,
15.715640, 142.32415, 2.3666087, 138.93209, 134.75713,
15.727890, 143.29835, 3.0522201, 139.30677, 135.07814,
15.740130, 141.91625, 4.4006572, 139.68292, 135.39925,
15.752370, 144.85913, 3.6080901, 140.06160, 135.72070,
15.764610, 145.21475, 2.7499119, 140.44363, 136.04253,
15.776850, 152.43822, 2.4412066, 140.82975, 136.36467,
15.789090, 148.92920, 2.4464071, 141.22079, 136.68718,
15.801320, 142.11227, 2.6592566, 141.61719, 137.00975,
15.813550, 148.54644, 2.6139895, 142.02005, 137.33264,
15.825780, 150.95533, 2.4460081, 142.43017, 137.65586,
15.838010, 153.10695, 2.7072454, 142.84835, 137.97939,
15.850230, 151.88468, 2.6559936, 143.27507, 138.30298,
15.862450, 152.95742, 2.6403191, 143.71142, 138.62685,
15.874670, 145.40073, 2.9767061, 144.15827, 138.95105,
15.886890, 151.74548, 2.9417454, 144.61643, 139.27554,
15.899110, 151.04778, 3.1233294, 145.08667, 139.60029,
15.911320, 149.72470, 2.7182009, 145.56949, 139.92508,
15.923540, 150.99960, 2.8764342, 146.06653, 140.25042,
15.935750, 158.09930, 3.0828991, 146.57778, 140.57576,
15.947960, 152.61405, 3.1779991, 147.10452, 140.90137,
15.960160, 155.79730, 3.5635534, 147.64720, 141.22699,
15.972370, 153.07095, 3.0395615, 148.20754, 141.55312,
15.984570, 156.35357, 3.0921592, 148.78551, 141.87923,
15.996770, 159.08753, 3.4478958, 149.38254, 142.20562,
16.008961, 168.60342, 3.4290696, 149.99899, 142.53200,
16.021160, 165.99415, 3.1354163, 150.63672, 142.85884,
16.033350, 162.61655, 3.3183485, 151.29570, 143.18567,
16.045549, 158.58113, 3.2833530, 151.97793, 143.51299,
16.057739, 158.43505, 3.2257175, 152.68329, 143.84029,
16.069920, 156.30363, 3.0564763, 153.41272, 144.16755,
16.082109, 151.11150, 3.0274827, 154.16834, 144.49528,
16.094290, 157.59430, 3.2256537, 154.94999, 144.82298,
16.106470, 160.13287, 3.5704905, 155.75928, 145.15089,
16.118650, 142.41665, 3.0110266, 156.59724, 145.47901,
16.130831, 148.28560, 3.2149273, 157.46494, 145.80733,
16.143009, 149.98950, 3.3988609, 158.36331, 146.13581,
16.155180, 159.44007, 3.6337146, 159.29300, 146.46427,
16.167351, 158.47200, 3.4912824, 160.25568, 146.79293,
16.179520, 166.99248, 4.0639530, 161.25232, 147.12172,
16.191681, 159.46853, 3.6585526, 162.28358, 147.45050,
16.203850, 160.74012, 4.3374969, 163.35192, 147.77966,
16.216009, 169.71482, 4.8386570, 164.45705, 148.10875,
16.228170, 165.70728, 4.1922976, 165.60096, 148.43806,
16.240330, 164.97640, 4.9576361, 166.78191, 148.76749,
16.252489, 176.50615, 5.1690640, 167.99712, 149.09709,
16.264641, 183.62710, 5.1797541, 169.24288, 149.42665,
16.276791, 194.11468, 5.2715997, 170.51681, 149.75631,
16.288950, 199.60967, 5.9369400, 171.81726, 150.08640,
16.301090, 192.51170, 6.1383620, 173.13824, 150.41612,
16.313240, 209.22735, 5.1958078, 174.47999, 150.74625,
16.325380, 206.62727, 5.5464574, 175.83755, 151.07628,
16.337530, 216.72115, 4.1809373, 177.21022, 151.40671,
16.349670, 239.53990, 3.9895224, 178.59301, 151.73702,
16.361799, 261.38268, 4.1751842, 179.98287, 152.06716,
16.373940, 286.94421, 4.0271098, 181.37961, 152.39774,
16.386070, 295.93426, 4.0568322, 182.77801, 152.72821,
16.398211, 317.68317, 4.1452396, 184.17747, 153.05906,
16.410339, 327.46653, 3.8590974, 185.57276, 153.38973,
16.422461, 331.04057, 4.6511949, 186.96153, 153.72031,
16.434589, 327.24003, 4.8598823, 188.34273, 154.05123,
16.446711, 323.73465, 4.9890253, 189.71181, 154.38206,
16.458839, 324.76605, 5.1076458, 191.06768, 154.71321,
16.470961, 316.89717, 5.6142093, 192.40581, 155.04427,
16.483070, 295.76727, 4.7288661, 193.72300, 155.37513,
16.495190, 280.08669, 7.1598964, 195.01868, 155.70635,
16.500280, 282.90717, 4.6945673, 195.55552, 155.84551,
16.513599, 269.51250, 4.3910052, 196.93734, 156.20970,
16.526911, 256.09402, 3.7849257, 198.28243, 156.57380,
16.540211, 250.61890, 3.8721443, 199.58666, 156.93771,
16.553520, 232.58197, 3.8725525, 200.84822, 157.30199,
16.566820, 237.03838, 3.9369368, 202.06140, 157.66613,
16.580120, 223.47842, 3.6602531, 203.22320, 158.03038,
16.593420, 215.10625, 3.2694998, 204.32964, 158.39473,
16.606710, 223.70782, 3.2443352, 205.37598, 158.75893,
16.620001, 217.29323, 3.1762921, 206.35898, 159.12322,
16.633301, 215.59523, 3.3292021, 207.27517, 159.48788,
16.646589, 212.74058, 3.6464128, 208.11899, 159.85231,
16.659870, 204.37900, 3.1984009, 208.88662, 160.21663,
16.673149, 212.13008, 3.1372395, 209.57424, 160.58098,
16.686440, 211.27175, 3.1045564, 210.17813, 160.94573,
16.699711, 213.60987, 3.4430119, 210.69363, 161.31005,
16.712990, 207.78828, 3.9085638, 211.12799, 161.67464,
16.726271, 218.13135, 3.3976577, 211.49214, 162.03937,
16.739540, 217.04917, 3.3009477, 211.79696, 162.40386,
16.752810, 205.46703, 2.9134376, 212.05391, 162.76841,
16.766081, 213.90512, 2.9324600, 212.27411, 163.13309,
16.779341, 216.27232, 3.2018997, 212.46843, 163.49752,
16.792601, 211.72458, 3.2020914, 212.64809, 163.86201,
16.805870, 214.47203, 3.0483933, 212.82422, 164.22682,
16.819120, 212.53455, 5.4055364, 213.00743, 164.59116,
16.832380, 216.54105, 6.7266412, 213.20912, 164.95581,
16.845631, 211.94745, 2.8115292, 213.44001, 165.32026,
16.858891, 207.04805, 2.9385647, 213.71146, 165.68501,
16.872141, 211.38532, 3.2027516, 214.03414, 166.04955,
16.885380, 204.57163, 3.2249243, 214.41895, 166.41382,
16.898630, 210.79887, 3.1249225, 214.87770, 166.77844,
16.911869, 209.62523, 2.8651380, 215.42074, 167.14279,
16.925110, 214.47910, 2.9286285, 216.05978, 167.50722,
16.938351, 214.30607, 3.0695885, 216.80604, 167.87168,
16.951580, 218.07695, 3.0920816, 217.67009, 168.23586,
16.964821, 215.78308, 3.2127762, 218.65888, 168.60038,
16.978050, 227.60655, 4.2789721, 219.75943, 168.96460,
16.991270, 233.28945, 3.2648479, 220.95751, 169.32859,
17.004499, 236.53253, 3.2176489, 222.24082, 169.69286,
17.017719, 310.73975, 3.7130038, 223.59356, 170.05688,
17.030951, 570.21361, 4.9708120, 225.00396, 170.42123,
17.044161, 580.43076, 5.3248787, 226.45465, 170.78502,
17.057381, 291.89865, 3.9264985, 227.93512, 171.14908,
17.070601, 241.47890, 3.6011710, 229.43052, 171.51314,
17.083811, 233.31235, 3.3186009, 230.92599, 171.87694,
17.097019, 228.74172, 3.1370968, 232.40862, 172.24070,
17.110229, 234.13610, 3.2004126, 233.86509, 172.60450,
17.123430, 223.35278, 3.2731525, 235.28036, 172.96804,
17.136641, 226.01665, 3.8136636, 236.64269, 173.33183,
17.149839, 234.46070, 4.2868893, 237.93608, 173.69530,
17.163040, 235.22065, 3.3660968, 239.14804, 174.05881,
17.176229, 225.80992, 3.0814421, 240.26350, 174.42199,
17.189430, 232.80117, 3.2911841, 241.27040, 174.78547,
17.202620, 237.90805, 3.5176639, 242.15293, 175.14861,
17.215811, 238.53705, 3.5573096, 242.89795, 175.51179,
17.229000, 238.31758, 3.6785105, 243.49101, 175.87489,
17.242180, 246.98438, 3.5585126, 243.91762, 176.23770,
17.255369, 253.17197, 3.8380053, 244.17015, 176.60074,
17.268551, 242.85985, 3.5586363, 244.25513, 176.96354,
17.281719, 246.70750, 3.6592766, 244.18194, 177.32594,
17.294901, 252.85810, 4.0723012, 243.95938, 177.68867,
17.308069, 263.33356, 4.2952617, 243.59670, 178.05099,
17.321251, 267.82944, 3.7041699, 243.10189, 178.41363,
17.334410, 282.62697, 3.9026311, 242.48505, 178.77561,
17.347580, 289.23835, 4.1946890, 241.75323, 179.13784,
17.360750, 292.73685, 4.3344368, 240.91536, 179.50003,
17.373911, 297.87436, 4.8504697, 239.98049, 179.86191,
17.387070, 284.82963, 4.8892526, 238.95646, 180.22367,
17.400230, 284.33107, 4.3628800, 237.85117, 180.58543,
17.413380, 278.35340, 4.8926313, 236.67396, 180.94682,
17.426540, 276.65868, 5.5845539, 235.43084, 181.30845,
17.439690, 268.42945, 4.4803493, 234.13201, 181.66971,
17.452841, 251.17580, 4.2156235, 232.78416, 182.03095,
17.465981, 248.05547, 4.8636529, 231.39666, 182.39180,
17.479130, 237.98472, 5.0238011, 229.97518, 182.75284,
17.492270, 237.23190, 4.2606349, 228.52967, 183.11354,
17.505409, 232.89765, 3.8709206, 227.06693, 183.47416,
17.518551, 237.98695, 4.4218205, 225.59460, 183.83475,
17.531679, 237.58560, 4.4096385, 224.12221, 184.19488,
17.544821, 235.54977, 4.3353442, 222.65457, 184.55530,
17.557949, 222.53670, 4.2707720, 221.20248, 184.91525,
17.571079, 222.83605, 4.3057884, 219.77207, 185.27517,
17.584200, 215.95212, 4.2970306, 218.37237, 185.63472,
17.597330, 213.87798, 4.3820367, 217.00922, 185.99444,
17.610451, 210.05310, 4.4559106, 215.69174, 186.35379,
17.623569, 219.36500, 5.7146182, 214.42080, 186.71298,
17.636690, 232.23865, 6.2095725, 213.19529, 187.07212,
17.649799, 217.80298, 5.1575116, 212.01570, 187.43083,
17.662910, 210.93370, 4.7375019, 210.88009, 187.78947,
17.676029, 230.83438, 5.1493466, 209.78737, 188.14821,
17.689131, 231.25873, 5.7616229, 208.73892, 188.50635,
17.702240, 222.21157, 5.8631042, 207.73215, 188.86458,
17.715349, 222.87693, 6.4266519, 206.76710, 189.22268,
17.728451, 220.78467, 6.6011261, 205.84379, 189.58043,
17.741550, 229.69345, 5.2400890, 204.96126, 189.93800,
17.754641, 232.56900, 3.9624788, 204.11952, 190.29518,
17.767740, 225.89013, 3.8361965, 203.31691, 190.65246,
17.780830, 224.51945, 3.9207470, 202.55418, 191.00935,
17.793921, 226.98960, 3.8439663, 201.83036, 191.36608,
17.807011, 225.70315, 3.9012107, 201.14511, 191.72267,
17.820101, 233.92270, 3.9170040, 200.49810, 192.07909,
17.833179, 232.60508, 4.0046263, 199.88957, 192.43505,
17.846270, 223.73423, 3.5669491, 199.31817, 192.79115,
17.859341, 226.09440, 3.7159928, 198.78497, 193.14657,
17.872419, 213.70433, 3.8851865, 198.28863, 193.50202,
17.885500, 211.49075, 4.2210583, 197.82922, 193.85735,
17.898569, 211.57362, 4.1831694, 197.40701, 194.21220,
17.911640, 216.20985, 4.0015759, 197.02141, 194.56691,
17.924709, 208.40440, 4.3391318, 196.67243, 194.92138,
17.937780, 229.70065, 7.7422578, 196.35989, 195.27572,
17.941250, 209.71403, 4.0032482, 196.28306, 195.36974,
17.955721, 207.60928, 3.7185578, 195.99026, 195.76174,
17.970181, 213.65625, 3.7407743, 195.74230, 196.15319,
17.984650, 208.38033, 3.7634503, 195.53881, 196.54464,
17.999109, 196.39045, 4.1983602, 195.38013, 196.93558,
18.013571, 198.38697, 4.1406348, 195.26620, 197.32631,
18.028021, 209.62437, 3.9608363, 195.19723, 197.71646,
18.042480, 205.07820, 3.6335053, 195.17329, 198.10660,
18.056931, 195.60592, 3.4124220, 195.19463, 198.49620,
18.071381, 196.92675, 3.4910394, 195.26149, 198.88551,
18.085819, 194.35903, 3.7796486, 195.37406, 199.27422,
18.100269, 191.84068, 3.9012047, 195.53285, 199.66294,
18.114710, 201.14275, 3.6983770, 195.73754, 200.05110,
18.129150, 193.36545, 3.6577823, 195.98618, 200.43894,
18.143579, 197.87320, 3.6607147, 196.27609, 200.82616,
18.158020, 195.56105, 3.5909723, 196.60535, 201.21336,
18.172449, 200.83820, 3.6357592, 196.97107, 201.59992,
18.186880, 196.06097, 3.5703963, 197.37122, 201.98619,
18.201300, 199.80428, 3.5637529, 197.80312, 202.37181,
18.215719, 191.76945, 3.4881468, 198.26480, 202.75708,
18.230150, 193.47825, 4.0627468, 198.75443, 203.14229,
18.244560, 204.13993, 3.2869228, 199.26868, 203.52657,
18.258980, 186.66155, 3.3225013, 199.80641, 203.91072,
18.273390, 200.09477, 3.5558618, 200.36474, 204.29424,
18.287800, 204.53252, 3.7560774, 200.94190, 204.67737,
18.302210, 204.57595, 3.7274546, 201.53573, 205.06010,
18.316620, 205.29475, 3.6050364, 202.14415, 205.44242,
18.331020, 202.38398, 3.1836557, 202.76462, 205.82407,
18.345421, 202.67138, 3.3176096, 203.39546, 206.20529,
18.359819, 198.57652, 3.5820336, 204.03452, 206.58603,
18.374210, 208.37285, 3.6289197, 204.67946, 206.96613,
18.388611, 209.07885, 3.8192099, 205.32899, 207.34603,
18.403000, 206.66615, 3.9621846, 205.98012, 207.72516,
18.417379, 203.34010, 3.6429355, 206.63086, 208.10358,
18.431770, 201.34440, 3.8088056, 207.28013, 208.48181,
18.446150, 199.11160, 3.4886917, 207.92484, 208.85926,
18.460529, 203.27658, 3.7261268, 208.56345, 209.23621,
18.474911, 214.12757, 3.7547898, 209.19398, 209.61271,
18.489281, 212.51738, 4.0763343, 209.81380, 209.98838,
18.503660, 207.37543, 3.3578090, 210.42175, 210.36378,
18.518030, 204.32750, 3.2096852, 211.01573, 210.73840,
18.532391, 215.59023, 3.2921286, 211.59600, 211.11225,
18.546761, 213.10850, 3.3904927, 212.16373, 211.48586,
18.561119, 204.10370, 3.6317907, 212.71847, 211.85868,
18.575480, 209.50058, 3.8028018, 213.26112, 212.23107,
18.589840, 211.58750, 3.7310172, 213.79195, 212.60301,
18.604191, 213.57422, 3.6841194, 214.31097, 212.97427,
18.618549, 215.13220, 3.5962751, 214.81914, 213.34529,
18.632900, 212.03527, 3.5411313, 215.31626, 213.71570,
18.647240, 212.95018, 3.8163323, 215.80252, 214.08541,
18.661591, 212.98317, 4.1589233, 216.27901, 214.45504,
18.675930, 216.51125, 4.0272172, 216.74526, 214.82400,
18.690269, 216.02500, 4.0148699, 217.20195, 215.19260,
18.704611, 234.73140, 4.1896980, 217.64942, 215.56090,
18.718941, 231.21592, 3.9159542, 218.08754, 215.92857,
18.733271, 218.60229, 3.8594447, 218.51693, 216.29593,
18.747601, 235.20085, 4.2073395, 218.93784, 216.66298,
18.761930, 238.89925, 4.0402601, 219.35053, 217.02974,
18.776260, 232.40175, 4.0069247, 219.75523, 217.39622,
18.790581, 234.46002, 3.9136376, 220.15193, 217.76218,
18.804899, 244.75335, 3.9393923, 220.54107, 218.12785,
18.819220, 247.56530, 4.0531505, 220.92297, 218.49331,
18.833530, 254.58812, 4.0752677, 221.29755, 218.85831,
18.847839, 254.88618, 4.3951977, 221.66523, 219.22303,
18.862150, 270.27997, 5.6141829, 222.02630, 219.58760,
18.876459, 276.67670, 5.4016230, 222.38088, 219.95193,
18.890770, 278.61626, 5.0559827, 222.72923, 220.31612,
18.905069, 281.29870, 5.3482424, 223.07123, 220.67986,
18.919371, 278.37292, 5.3792737, 223.40739, 221.04348,
18.933670, 290.09887, 5.5179423, 223.73778, 221.40691,
18.947960, 295.77354, 4.9763329, 224.06242, 221.76996,
18.962250, 283.41734, 5.1865950, 224.38168, 222.13288,
18.976540, 282.16810, 5.7287822, 224.69572, 222.49570,
18.990829, 282.15273, 6.0726911, 225.00470, 222.85842,
19.005119, 267.83825, 5.2601577, 225.30878, 223.22104,
19.019400, 264.59795, 5.1178539, 225.60789, 223.58335,
19.033680, 257.49540, 5.0042119, 225.90239, 223.94560,
19.047960, 256.97746, 5.0305889, 226.19242, 224.30779,
19.062229, 250.92840, 5.3088044, 226.47787, 224.66965,
19.076500, 246.61047, 6.7829897, 226.75916, 225.03152,
19.090771, 226.23384, 5.9234563, 227.03637, 225.39338,
19.105040, 238.13973, 5.2050961, 227.30958, 225.75517,
19.119310, 240.04287, 5.2074839, 227.57899, 226.11702,
19.133570, 238.01425, 5.3288368, 227.84447, 226.47860,
19.147829, 236.80905, 7.0922790, 228.10635, 226.84020,
19.162090, 240.64225, 5.6396300, 228.36477, 227.20188,
19.176340, 235.93867, 5.4996901, 228.61960, 227.56332,
19.190599, 228.46268, 6.4398557, 228.87131, 227.92506,
19.204849, 229.56683, 5.8829010, 229.11968, 228.28664,
19.219101, 232.87270, 5.3493583, 229.36500, 228.64834,
19.233339, 234.64340, 5.3991344, 229.60711, 229.00980,
19.247580, 223.90678, 5.5019951, 229.84636, 229.37141,
19.261820, 233.82130, 5.9434774, 230.08282, 229.73313,
19.276060, 231.25370, 6.1573491, 230.31656, 230.09499,
19.290300, 223.64778, 6.5514107, 230.54767, 230.45698,
19.304529, 224.10230, 6.4935685, 230.77606, 230.81883,
19.318760, 234.15510, 6.9595426, 231.00201, 231.18090,
19.332991, 238.92625, 6.2679231, 231.22559, 231.54314,
19.347219, 207.47650, 6.1214779, 231.44682, 231.90551,
19.361441, 211.90445, 7.1482236, 231.66572, 232.26789,
19.375660, 215.26257, 8.7268962, 231.88242, 232.63043,
19.389879, 228.43990, 7.9508197, 232.09704, 232.99318,
19.404100, 238.82055, 7.2253804, 232.30967, 233.35622,
19.418310, 244.07338, 7.9966351, 232.52018, 233.71922,
19.432520, 235.62300, 7.8875476, 232.72881, 234.08247,
