# wave, flux, fluxerr, continuum, continuum_plateau
9.9725246, 176.98655, 3.7063720, 204.50823, 204.40231,
9.9806166, 183.51428, 3.7935768, 203.11568, 203.02710,
9.9887066, 177.36310, 3.3436194, 201.77646, 201.70313,
9.9967957, 184.97677, 3.2724056, 200.48887, 200.42884,
10.004880, 179.18293, 3.5274667, 199.25194, 199.20343,
10.012970, 182.59725, 3.4756005, 198.06257, 198.02398,
10.021050, 186.46405, 3.1868185, 196.92148, 196.89132,
10.029140, 184.54812, 3.5253619, 195.82450, 195.80145,
10.037220, 185.01240, 3.6904838, 194.77287, 194.75573,
10.045300, 181.64165, 3.3888154, 193.76370, 193.75138,
10.053380, 182.49482, 3.2919362, 192.79544, 192.78698,
10.061460, 182.69055, 3.6453676, 191.86689, 191.86143,
10.069540, 189.09335, 3.4523606, 190.97642, 190.97320,
10.077610, 185.45650, 4.8672924, 190.12383, 190.12219,
10.085690, 188.04398, 3.1440166, 189.30559, 189.30496,
10.093760, 189.56438, 3.5760170, 188.52226, 188.52215,
10.101830, 184.72760, 3.1010434, 187.77150, 187.77149,
10.109900, 191.22112, 3.0552297, 187.05184, 187.05160,
10.117970, 185.82328, 3.0468128, 186.36213, 186.36136,
10.126040, 184.03638, 3.2481997, 185.70091, 185.69941,
10.134100, 186.12715, 2.9782499, 185.06767, 185.06528,
10.142170, 180.37192, 2.8918868, 184.45944, 184.45604,
10.150230, 178.75078, 3.0442913, 183.87641, 183.87194,
10.158300, 180.16690, 3.0838164, 183.31589, 183.31032,
10.166360, 175.94748, 2.9119626, 182.77796, 182.77132,
10.174420, 180.57315, 3.1623196, 182.26052, 182.25287,
10.182470, 182.58615, 3.2375307, 181.76299, 181.75440,
10.190530, 178.78535, 3.3963443, 181.28285, 181.27344,
10.198590, 177.38640, 3.0484275, 180.81935, 180.80925,
10.206640, 175.00750, 3.2436505, 180.37186, 180.36124,
10.214690, 171.04292, 2.9428741, 179.93849, 179.92753,
10.222750, 177.19417, 3.0762064, 179.51750, 179.50639,
10.230800, 171.99710, 3.3031847, 179.10861, 179.09758,
10.238850, 172.12640, 3.3656937, 178.71008, 178.69934,
10.246890, 175.35220, 3.1564921, 178.32109, 178.31089,
10.254940, 172.06180, 3.1181079, 177.93949, 177.93008,
10.262990, 174.62788, 3.7628716, 177.56449, 177.55612,
10.271030, 174.74282, 3.9434676, 177.19527, 177.18822,
10.279070, 169.96952, 3.9107175, 176.83020, 176.82474,
10.287120, 180.92973, 3.8567897, 176.46752, 176.46393,
10.295150, 179.59460, 3.7129059, 176.10737, 176.10593,
10.303190, 178.10250, 3.8629347, 175.74720, 175.74821,
10.311230, 174.26062, 3.3382301, 175.38918, 175.39289,
10.319270, 164.65620, 3.5815426, 175.03855, 175.04517,
10.327300, 178.57918, 3.6737609, 174.70137, 174.71101,
10.335340, 170.63480, 3.4444965, 174.38239, 174.39508,
10.343370, 180.28345, 3.5072801, 174.08789, 174.10360,
10.351400, 172.78760, 4.1628513, 173.82315, 173.84174,
10.359430, 180.09177, 3.7361302, 173.59370, 173.61495,
10.367460, 176.32162, 3.5627596, 173.40515, 173.42875,
10.375480, 161.07205, 3.9080845, 173.26326, 173.28879,
10.383510, 169.06872, 5.5744178, 173.17327, 173.20020,
10.391530, 168.68758, 4.1992214, 173.14103, 173.16872,
10.399560, 155.89870, 2.7802283, 173.17212, 173.19978,
10.407580, 170.76235, 2.8635933, 173.27210, 173.29884,
10.415600, 166.70403, 2.9681591, 173.44663, 173.47137,
10.423620, 171.67187, 3.2226954, 173.70142, 173.72295,
10.431640, 172.71910, 3.0443885, 174.04214, 174.05904,
10.439650, 174.57248, 3.1957869, 174.47395, 174.48465,
10.447670, 168.30103, 3.1777624, 175.00372, 175.00641,
10.455680, 174.40120, 3.0705762, 175.63527, 175.62799,
10.463700, 185.21955, 2.8765738, 176.37008, 176.35094,
10.471710, 170.19485, 3.4107186, 177.20293, 177.17036,
10.479720, 173.61683, 3.2503384, 178.13141, 178.08411,
10.487730, 181.52545, 3.3425547, 179.15224, 179.08917,
10.495730, 187.72310, 3.1405311, 180.26082, 180.18119,
10.503740, 185.40065, 3.5003853, 181.45655, 181.35975,
10.511750, 196.07773, 3.8743638, 182.73496, 182.62064,
10.519750, 188.52332, 3.6377283, 184.09106, 183.95906,
10.527750, 192.98362, 4.0660615, 185.52349, 185.37382,
10.535750, 188.62220, 4.4839976, 187.02896, 186.86182,
10.543750, 190.79393, 5.0745740, 188.60419, 188.41992,
10.551750, 202.30577, 4.3828721, 190.24647, 190.04556,
10.559750, 203.69978, 5.7962724, 191.95232, 191.73541,
10.567850, 213.93108, 3.2897219, 193.74161, 193.50928,
10.576350, 210.26845, 3.6184271, 195.68267, 195.43513,
10.584840, 214.17540, 3.4269804, 197.68270, 197.42109,
10.593340, 221.28233, 3.1279586, 199.74306, 199.46860,
10.601830, 219.82842, 3.1884649, 201.85508, 201.56914,
10.610330, 222.52375, 3.4311287, 204.02042, 203.72443,
10.618820, 224.40540, 3.1993976, 206.23045, 205.92595,
10.627310, 223.30128, 3.1385752, 208.48379, 208.17239,
10.635800, 221.67160, 3.0720080, 210.77743, 210.46083,
10.644280, 223.66855, 3.4435830, 213.10474, 212.78467,
10.652770, 222.74533, 3.2175167, 215.46771, 215.14599,
10.661250, 226.34330, 3.0352305, 217.85758, 217.53606,
10.669740, 226.07835, 3.3585419, 220.27625, 219.95683,
10.678220, 231.37765, 3.3764278, 222.71485, 222.39947,
10.686700, 236.30778, 3.2373913, 225.17263, 224.86328,
10.695180, 242.10967, 3.2161068, 227.64616, 227.34486,
10.703650, 239.67875, 3.4145123, 230.12922, 229.83800,
10.712130, 249.58225, 3.4748265, 232.62369, 232.34464,
10.720600, 250.72910, 3.3732214, 235.12111, 234.85633,
10.729080, 254.26539, 3.3509700, 237.62341, 237.37504,
10.737550, 261.11077, 3.7263192, 240.12127, 239.89145,
10.746020, 261.56779, 3.4253715, 242.61465, 242.40557,
10.754490, 256.64358, 4.3457176, 245.09958, 244.91346,
10.762960, 254.97742, 3.3951271, 247.57321, 247.41231,
10.771420, 259.01872, 3.8222325, 250.02854, 249.89509,
10.779890, 266.43200, 3.5100708, 252.46879, 252.36515,
10.788350, 258.67075, 3.3083794, 254.88423, 254.81272,
10.796810, 259.90730, 3.5822988, 257.27446, 257.23748,
10.805270, 263.30880, 3.9436151, 259.63606, 259.63606,
10.813730, 255.12716, 3.7159137, 261.96626, 262.00569,
10.822190, 261.16629, 3.4933704, 264.26490, 264.34608,
10.830650, 260.61035, 3.7519832, 266.53251, 266.65753,
10.839100, 268.96777, 3.8602139, 268.76683, 268.93755,
10.847560, 270.77058, 3.8230934, 270.97389, 271.19209,
10.856010, 266.95180, 4.1499116, 273.14894, 273.41612,
10.864460, 279.92960, 4.2490614, 275.29472, 275.61224,
10.872910, 286.20192, 4.2342987, 277.41193, 277.78101,
10.881360, 292.40982, 4.1397763, 279.50128, 279.92295,
10.889800, 298.03393, 4.2504395, 281.56040, 282.03549,
10.898250, 292.76223, 4.5576967, 283.59464, 284.12394,
10.906690, 308.76907, 4.8484535, 285.59983, 286.18386,
10.915140, 317.59485, 4.6650996, 287.58113, 288.22041,
10.923580, 346.41628, 5.2236668, 289.53404, 290.22882,
10.932020, 352.96483, 5.6747955, 291.46145, 292.21189,
10.940460, 348.40505, 5.6896484, 293.36373, 294.16989,
10.948890, 355.09423, 6.6286118, 295.23897, 296.10070,
10.957330, 359.22108, 5.6020484, 297.09220, 298.00938,
10.965760, 386.29868, 5.1454760, 298.91940, 299.89167,
10.974200, 426.92711, 4.9853545, 300.72506, 301.75207,
10.982630, 477.32385, 5.2668704, 302.50526, 303.58643,
10.991060, 512.55882, 5.4123560, 304.26281, 305.39752,
10.999490, 512.36331, 5.2910150, 305.99765, 307.18519,
11.007920, 502.56487, 5.0598393, 307.71051, 308.95007,
11.016340, 491.26550, 5.0126544, 309.39942, 310.69006,
11.024770, 488.43481, 5.1442704, 311.06874, 312.40953,
11.033190, 491.39341, 5.3179903, 312.71499, 314.10483,
11.041610, 472.54680, 4.9315825, 314.34039, 315.77814,
11.050030, 468.40930, 4.7523309, 315.94524, 317.42969,
11.058450, 461.51038, 4.9364070, 317.52984, 319.05972,
11.066870, 444.44295, 5.4595415, 319.09446, 320.66844,
11.075290, 445.80820, 4.9581054, 320.63941, 322.25607,
11.083700, 458.12280, 5.3172323, 322.16323, 323.82108,
11.092120, 468.18663, 5.5591712, 323.66965, 325.36722,
11.100530, 476.11780, 6.3681364, 325.15536, 326.89103,
11.108940, 487.76735, 5.9177822, 326.62268, 328.39484,
11.117350, 513.58888, 7.8606106, 328.07152, 329.87851,
11.120570, 522.16635, 5.4943304, 328.62157, 330.44146,
11.129530, 546.91926, 5.2737290, 330.13805, 331.99246,
11.138500, 581.62688, 5.3739397, 331.63616, 333.52314,
11.147460, 632.58417, 5.7207559, 333.11268, 335.03016,
11.156430, 714.39940, 6.1291770, 334.57135, 336.51729,
11.165390, 815.07352, 6.1694147, 336.00902, 337.98127,
11.174350, 966.19196, 6.5668062, 337.42769, 339.42410,
11.183300, 1131.4686, 7.6366464, 338.82612, 340.84450,
11.192260, 1328.3500, 8.0517981, 340.20754, 342.24574,
11.201220, 1456.5290, 8.0221978, 341.57070, 343.62649,
11.210170, 1486.1570, 8.0387177, 342.91442, 344.98556,
11.219120, 1508.9195, 8.5114144, 344.24038, 346.32463,
11.228070, 1515.7015, 8.6360758, 345.54881, 347.64393,
11.237020, 1509.4230, 8.0528565, 346.83980, 348.94352,
11.245970, 1526.8988, 8.2368943, 348.11383, 350.22390,
11.254920, 1506.3945, 8.4832823, 349.37097, 351.48512,
11.263860, 1472.1727, 8.5387609, 350.60998, 352.72596,
11.272800, 1438.2752, 7.9004175, 351.83267, 353.94823,
11.281750, 1386.6412, 7.8891510, 353.04023, 355.15314,
11.290690, 1322.9057, 7.9685123, 354.23055, 356.33857,
11.299630, 1259.8698, 7.7507033, 355.40484, 357.50577,
11.308560, 1214.1690, 7.4133290, 356.56217, 358.65383,
11.317500, 1163.3517, 7.2989150, 357.70519, 359.78539,
11.326430, 1106.4280, 7.3972584, 358.83161, 360.89823,
11.335370, 1046.5239, 7.0406354, 359.94400, 361.99490,
11.344300, 992.69373, 6.6558532, 361.04014, 363.07325,
11.353230, 958.99995, 6.5335181, 362.12137, 364.13463,
11.362160, 921.00296, 6.6601254, 363.18771, 365.17911,
11.371080, 872.34473, 6.3410870, 364.23842, 366.20600,
11.380010, 849.71292, 6.0628665, 365.27565, 367.21744,
11.388930, 820.00768, 6.0115992, 366.29752, 368.21166,
11.397850, 792.82672, 6.1814437, 367.30507, 369.18970,
11.406780, 754.46916, 5.9484796, 368.29967, 370.15296,
11.415700, 731.34799, 5.6341784, 369.27910, 371.09934,
11.424610, 720.03983, 5.7049983, 370.24362, 372.02914,
11.433530, 701.89389, 5.9058484, 371.19539, 372.94452,
11.442450, 673.63414, 5.7299993, 372.13347, 373.84463,
11.451360, 648.08084, 5.4031435, 373.05698, 374.72869,
11.460270, 637.25146, 5.5041581, 373.96700, 375.59781,
11.469180, 617.49741, 5.6250823, 374.86363, 376.45215,
11.478090, 604.30515, 5.5915747, 375.74695, 377.29185,
11.487000, 589.37297, 5.3236605, 376.61702, 378.11706,
11.495910, 571.16242, 5.4010931, 377.47382, 378.92784,
11.504810, 553.26327, 5.5017113, 378.31672, 379.72366,
11.513710, 544.29301, 5.5676094, 379.14650, 380.50536,
11.522620, 538.59017, 5.3989884, 379.96428, 381.27405,
11.531520, 525.81625, 5.3954572, 380.76818, 382.02808,
11.540420, 516.79118, 5.5930804, 381.55922, 382.76847,
11.549310, 510.52859, 5.6912210, 382.33661, 383.49460,
11.558210, 507.02283, 5.4943091, 383.10215, 384.20822,
11.567100, 494.42541, 6.9035626, 383.85397, 384.90771,
11.576000, 496.99091, 5.9491614, 384.59406, 385.59499,
11.584890, 473.74001, 5.9707402, 385.32060, 386.26850,
11.593780, 475.01150, 5.7628894, 386.03442, 386.92910,
11.602670, 456.23360, 5.7199310, 386.73570, 387.57705,
11.611560, 452.72517, 6.0628669, 387.42436, 388.21240,
11.620440, 451.27489, 6.1524904, 388.09963, 388.83455,
11.629330, 433.70990, 6.0181678, 388.76311, 389.44507,
11.638210, 430.26698, 5.9411740, 389.41330, 390.04270,
11.647090, 422.83829, 6.4690134, 390.05085, 390.62816,
11.655970, 416.34383, 6.6119289, 390.67581, 391.20161,
11.664850, 410.41399, 5.4309754, 391.28825, 391.76323,
11.673730, 412.06393, 4.0082417, 391.88801, 392.31301,
11.682600, 411.49217, 4.5510259, 392.47451, 392.85053,
11.691480, 408.26487, 4.3346918, 393.04900, 393.37706,
11.700350, 407.72654, 4.4948118, 393.61020, 393.89156,
11.709220, 414.37965, 4.7966712, 394.15872, 394.39472,
11.718090, 414.71790, 4.9157215, 394.69450, 394.88663,
11.726960, 398.62643, 5.0984540, 395.21751, 395.36738,
11.735830, 402.71275, 5.0790730, 395.72770, 395.83707,
11.744690, 405.15725, 5.7661618, 396.22444, 396.29527,
11.753560, 398.44092, 5.2027239, 396.70885, 396.74314,
11.762420, 392.28607, 5.0193978, 397.17972, 397.17972,
11.771280, 395.51291, 8.1893627, 397.63766, 397.60567,
11.775020, 394.50147, 4.5349304, 397.82703, 397.78223,
11.784500, 406.53767, 4.7544900, 398.29686, 398.22132,
11.793980, 397.62162, 4.6416686, 398.75196, 398.64811,
11.803460, 398.83868, 4.9044126, 399.19252, 399.06267,
11.812940, 404.97500, 4.3834756, 399.61852, 399.46489,
11.822420, 409.31787, 4.5752653, 400.03012, 399.85483,
11.831890, 403.72780, 4.5056329, 400.42693, 400.23201,
11.841360, 415.98698, 5.2790257, 400.80947, 400.59683,
11.850840, 419.35435, 4.3678104, 401.17816, 400.94962,
11.860310, 421.04408, 4.4754730, 401.53231, 401.28963,
11.869770, 435.82687, 4.5589818, 401.87202, 401.61686,
11.879240, 428.91485, 4.4709241, 402.19801, 401.93194,
11.888710, 433.90820, 4.2749688, 402.50997, 402.23449,
11.898170, 441.30260, 4.4040395, 402.80764, 402.52419,
11.907630, 446.56177, 4.8597207, 403.09134, 402.80128,
11.917090, 435.74107, 5.3500090, 403.36115, 403.06576,
11.926550, 448.16357, 5.5481453, 403.61703, 403.31755,
11.936010, 452.33188, 4.3519839, 403.85903, 403.55664,
11.945470, 455.82063, 4.4906607, 404.08713, 403.78294,
11.954920, 451.92956, 4.3797038, 404.30113, 403.99621,
11.964370, 457.98952, 5.2363920, 404.50126, 404.19662,
11.973830, 458.42213, 4.2621866, 404.68772, 404.38433,
11.983280, 457.16943, 4.4093593, 404.86008, 404.55887,
11.992720, 457.88503, 4.3345468, 405.01835, 404.72021,
12.002170, 458.13196, 4.2199040, 405.16287, 404.86865,
12.011610, 449.22895, 4.2216949, 405.29330, 405.00381,
12.021060, 444.54580, 4.3083915, 405.40986, 405.12591,
12.030500, 441.59380, 4.2839608, 405.51227, 405.23462,
12.039940, 446.44870, 4.2747262, 405.60061, 405.33000,
12.049380, 438.05524, 4.1278845, 405.67483, 405.41200,
12.058820, 442.64593, 4.4208930, 405.73487, 405.48052,
12.068250, 441.00768, 4.4245304, 405.78063, 405.53545,
12.077690, 429.59473, 4.2385811, 405.81214, 405.57684,
12.087120, 434.23074, 4.1911773, 405.82925, 405.60450,
12.096550, 426.03077, 4.2863616, 405.83193, 405.61841,
12.105980, 429.45525, 4.4314033, 405.82008, 405.61848,
12.115410, 422.22797, 4.3298026, 405.79363, 405.60464,
12.124830, 417.81973, 4.2383088, 405.75252, 405.57682,
12.134260, 417.74832, 4.3200186, 405.69656, 405.53489,
12.143680, 413.80850, 4.4628967, 405.62578, 405.47884,
12.153100, 416.03418, 4.5344953, 405.54000, 405.40853,
12.162520, 426.80482, 4.9269099, 405.43909, 405.32387,
12.171940, 413.40235, 4.4764078, 405.32296, 405.22478,
12.181360, 417.04575, 4.6219666, 405.19145, 405.11113,
12.190770, 415.20630, 4.7421627, 405.04460, 404.98298,
12.200180, 410.71520, 4.6501541, 404.88214, 404.84010,
12.209600, 402.04115, 4.5646145, 404.70372, 404.68222,
12.219010, 402.42228, 4.7166929, 404.50957, 404.50957,
12.228420, 400.48510, 4.9538821, 404.29942, 404.32191,
12.237820, 406.88410, 4.8392807, 404.07374, 404.11962,
12.247230, 411.94037, 4.8600832, 403.83231, 403.90240,
12.256630, 421.39850, 5.0713623, 403.57590, 403.67089,
12.266040, 552.18217, 6.1058082, 403.30426, 403.42477,
12.275440, 1133.2128, 8.6929891, 403.01819, 403.16471,
12.284840, 1146.0443, 8.6073935, 402.71772, 402.89067,
12.294230, 556.10601, 6.0294394, 402.40336, 402.60303,
12.303630, 437.71928, 7.1217677, 402.07476, 402.30143,
12.313030, 443.47015, 6.0467083, 401.73242, 401.98625,
12.322420, 440.88675, 6.9153413, 401.37701, 401.65804,
12.331810, 433.40601, 4.6203435, 401.00836, 401.31662,
12.341200, 438.99132, 3.9424018, 400.62671, 400.96212,
12.350590, 445.73282, 4.0562349, 400.23228, 400.59470,
12.359980, 451.37489, 4.2367105, 399.82526, 400.21449,
12.369360, 457.67001, 4.5049070, 399.40630, 399.82205,
12.378750, 462.13507, 4.4816831, 398.97475, 399.41671,
12.388130, 461.69048, 4.6285759, 398.53168, 398.99944,
12.397510, 458.93867, 4.5260900, 398.07690, 398.57001,
12.406890, 463.66900, 4.3542217, 397.61051, 398.12848,
12.416270, 472.20375, 4.5939431, 397.13272, 397.67501,
12.425640, 466.37653, 4.3888667, 396.64428, 397.21026,
12.435020, 475.49728, 4.6101155, 396.14426, 396.73332,
12.444390, 481.31290, 4.9099298, 395.63396, 396.24538,
12.453760, 479.87533, 4.8235195, 395.11298, 395.74605,
12.463130, 472.97845, 4.7288597, 394.58149, 395.23544,
12.472500, 489.45447, 5.3685271, 394.03964, 394.71367,
12.481870, 502.01856, 6.1739105, 393.48759, 394.18087,
12.489420, 497.91960, 5.0233626, 393.03543, 393.74360,
12.499490, 506.52783, 5.6405505, 392.42235, 393.14947,
12.509550, 519.96292, 4.9925537, 391.79858, 392.54356,
12.519610, 530.53353, 4.8843915, 391.16371, 391.92547,
12.529670, 528.04964, 4.8263747, 390.51796, 391.29538,
12.539730, 530.80532, 5.0287579, 389.86139, 390.65331,
12.549780, 541.36395, 5.5108675, 389.19490, 390.00014,
12.559840, 543.79926, 4.8879629, 388.51726, 389.33465,
12.569890, 555.88905, 4.8450428, 387.83004, 388.65835,
12.579940, 549.08687, 4.9514328, 387.13268, 387.97067,
12.589990, 566.58044, 5.0284351, 386.42531, 387.27175,
12.600040, 572.05695, 4.9116357, 385.70801, 386.56165,
12.610090, 584.29378, 4.8743718, 384.98104, 385.84061,
12.620130, 585.11922, 5.4901825, 384.24523, 385.10946,
12.630170, 598.08588, 5.0548331, 383.49989, 384.36750,
12.640210, 606.96803, 5.0703172, 382.74520, 383.61492,
12.650250, 601.85678, 4.8464200, 381.98127, 382.85183,
12.660290, 605.70676, 4.8498931, 381.20829, 382.07842,
12.670330, 616.75615, 4.9396049, 380.42622, 381.29464,
12.680360, 635.04210, 5.0697560, 379.63607, 380.50153,
12.690390, 666.31364, 5.0498006, 378.83712, 379.69836,
12.700420, 678.54881, 5.0120053, 378.02940, 378.88517,
12.710450, 685.15520, 5.0615815, 377.21313, 378.06221,
12.720480, 698.41380, 5.3188126, 376.38835, 377.22951,
12.730500, 693.62456, 6.0281946, 375.55592, 376.38798,
12.740530, 691.47719, 5.4865261, 374.71434, 375.53611,
12.750550, 673.52501, 5.2968591, 373.86529, 374.67562,
12.760570, 680.41982, 5.2685506, 373.00813, 373.80588,
12.770590, 684.18069, 5.0966123, 372.14276, 372.92682,
12.780610, 680.97282, 5.0311437, 371.26933, 372.03861,
12.790620, 671.00282, 5.3218809, 370.38884, 371.14229,
12.800640, 651.50250, 4.9513633, 369.49949, 370.23606,
12.810650, 640.86972, 5.3271214, 368.60320, 369.32192,
12.820660, 623.86165, 4.9696747, 367.69909, 368.39899,
12.830670, 589.59668, 4.7454719, 366.78713, 367.46728,
12.840680, 560.76521, 4.5576207, 365.86754, 366.52705,
12.850680, 531.59577, 4.5504096, 364.94116, 365.57920,
12.860690, 499.62157, 4.5124216, 364.00627, 364.62199,
12.870690, 482.14217, 4.3489691, 363.06467, 363.65733,
12.880690, 462.73487, 4.2249379, 362.11560, 362.68448,
12.890690, 444.52072, 4.2034033, 361.15892, 361.70334,
12.900680, 426.16012, 4.2210581, 360.19575, 360.71510,
12.910680, 413.55000, 4.1996495, 359.22410, 359.71776,
12.920670, 402.30215, 4.0685882, 358.24602, 358.71349,
12.930670, 391.56231, 4.0151110, 357.25947, 357.70025,
12.940660, 388.69135, 4.0470417, 356.26644, 356.68014,
12.950640, 384.01345, 4.2358288, 355.26716, 355.65343,
12.960630, 368.97616, 4.0942740, 354.25933, 354.61784,
12.970620, 372.10873, 4.1154863, 353.24421, 353.57471,
12.980600, 364.77357, 4.2878294, 352.22267, 352.52500,
12.990580, 359.44563, 4.3872696, 351.19385, 351.46790,
13.000560, 356.45330, 4.2603906, 350.15754, 350.40324,
13.010540, 350.18002, 4.2328195, 349.11384, 349.33120,
13.020520, 350.15652, 4.3759714, 348.06272, 348.25183,
13.030490, 347.81036, 4.3541154, 347.00530, 347.16634,
13.040470, 345.51820, 4.4849208, 345.93932, 346.07248,
13.050440, 351.82543, 4.6332058, 344.86702, 344.97263,
13.060410, 345.35713, 4.4881668, 343.78723, 343.86567,
13.070380, 341.56536, 4.7079496, 342.69985, 342.75157,
13.080350, 339.43515, 4.9101304, 341.60503, 341.63057,
13.090310, 337.93105, 5.1738876, 340.50370, 340.50370,
13.100280, 342.66640, 4.9994371, 339.39379, 339.36891,
13.110240, 340.92057, 4.8675867, 338.27769, 338.22865,
13.120200, 339.32232, 5.1049953, 337.15471, 337.08218,
13.130160, 340.14565, 5.2305844, 336.02517, 335.92982,
13.140110, 345.41653, 4.4648705, 334.89064, 334.77313,
13.150070, 338.55605, 3.4583621, 333.74904, 333.61000,
13.160020, 336.70885, 3.4260392, 332.60313, 332.44322,
13.169980, 332.94823, 3.7156972, 331.45082, 331.27066,
13.179930, 334.10080, 3.8111590, 330.29487, 330.09510,
13.189870, 334.98293, 3.8625963, 329.13551, 328.91679,
13.199820, 333.01995, 3.9644161, 327.97085, 327.73378,
13.209770, 327.53380, 3.6974745, 326.80221, 326.54741,
13.219710, 329.18243, 3.8984127, 325.63126, 325.35939,
13.229650, 324.46159, 3.8908067, 324.45721, 324.16889,
13.239590, 322.04698, 3.8271271, 323.28015, 322.97602,
13.249530, 322.38968, 4.0673273, 322.10051, 321.78121,
13.259470, 315.21808, 3.8523793, 320.91862, 320.58479,
13.269410, 325.38472, 4.1252929, 319.73478, 319.38708,
13.279340, 317.47518, 4.2010979, 318.55058, 318.18966,
13.289270, 317.23299, 4.2521842, 317.36495, 316.99148,
13.299200, 324.68625, 4.7562264, 316.17844, 315.79309,
13.309130, 316.56892, 4.9545193, 314.99125, 314.59470,
13.318260, 319.93433, 3.7563751, 313.89928, 313.49303,
13.328980, 326.23138, 5.6915053, 312.61711, 312.20023,
13.339690, 316.19048, 30.429040, 311.33650, 310.90981,
13.350400, 321.73723, 3.7231425, 310.05658, 309.62091,
13.361120, 321.37872, 3.7130739, 308.77651, 308.33267,
13.371830, 314.79105, 3.4980537, 307.49916, 307.04803,
13.382530, 317.51492, 3.4313583, 306.22483, 305.76726,
13.393240, 316.16003, 3.5245825, 304.95164, 304.48848,
13.403940, 315.28335, 3.5529411, 303.68224, 303.21439,
13.414650, 317.70901, 4.0276987, 302.41478, 301.94311,
13.425350, 318.24123, 3.3974207, 301.15191, 300.67731,
13.436050, 323.22345, 3.4234990, 299.89290, 299.41627,
13.446740, 327.26884, 3.5140498, 298.63938, 298.16162,
13.457440, 332.60706, 3.6430113, 297.38929, 296.91132,
13.468130, 345.04510, 3.5399478, 296.14549, 295.66821,
13.478830, 340.37395, 3.4433683, 294.90595, 294.43028,
13.489520, 337.52295, 3.4381615, 293.67351, 293.20036,
13.500200, 341.02238, 3.5725879, 292.44846, 291.97873,
13.510890, 340.35963, 3.5288672, 291.22901, 290.76362,
13.521570, 352.49362, 3.5364570, 290.01777, 289.55763,
13.532260, 363.49026, 3.5207742, 288.81300, 288.35900,
13.542940, 364.65464, 3.5744631, 287.61727, 287.17031,
13.553620, 358.95857, 3.6871141, 286.42994, 285.99088,
13.564290, 349.53439, 3.6003833, 285.25258, 284.82230,
13.574970, 344.51726, 3.4916028, 284.08332, 283.66268,
13.585640, 339.91573, 3.4183890, 282.92491, 282.51472,
13.596320, 342.03335, 3.5535336, 281.77550, 281.37660,
13.606990, 337.34625, 3.5965433, 280.63781, 280.25098,
13.617650, 323.51823, 4.3167846, 279.51217, 279.13816,
13.628320, 323.03213, 3.4526934, 278.39701, 278.03657,
13.638980, 321.98490, 3.4911349, 277.29479, 276.94862,
13.649650, 309.70480, 3.4359086, 276.20403, 275.87280,
13.660310, 306.07466, 3.5814387, 275.12714, 274.81147,
13.670970, 305.70690, 3.8416460, 274.06362, 273.76411,
13.681630, 297.89017, 3.3863494, 273.01398, 272.73115,
13.692280, 296.99817, 4.1422189, 271.97970, 271.71405,
13.702940, 288.09505, 3.4101380, 270.95927, 270.71124,
13.713590, 289.71990, 3.4634291, 269.95520, 269.72515,
13.724240, 280.53018, 3.3116859, 268.96691, 268.75515,
13.734890, 277.57975, 3.2478512, 267.99509, 267.80188,
13.745530, 278.80186, 3.2750039, 267.04105, 266.86653,
13.756180, 271.12067, 3.3320498, 266.10360, 265.94790,
13.766820, 270.21185, 3.3655247, 265.18497, 265.04810,
13.777460, 270.82391, 3.3188297, 264.28488, 264.16676,
13.788100, 259.72833, 3.1813023, 263.40389, 263.30436,
13.798740, 258.12665, 3.1674322, 262.54257, 262.46138,
13.809380, 261.57997, 3.3491031, 261.70159, 261.63836,
13.820010, 263.34930, 3.4204884, 260.88210, 260.83635,
13.830640, 259.79102, 3.3518723, 260.08410, 260.05525,
13.841270, 263.17817, 3.4432161, 259.30806, 259.29539,
13.851900, 259.74065, 3.3539380, 258.55473, 258.55741,
13.862530, 253.69507, 4.2649883, 257.82432, 257.84144,
13.873150, 256.04548, 3.9151684, 257.11689, 257.14759,
13.883780, 256.21983, 3.5144846, 256.43047, 256.47400,
13.894400, 259.18305, 3.5747691, 255.76563, 255.82130,
13.905020, 258.01142, 3.5520376, 255.12108, 255.18828,
13.915640, 258.49134, 3.7034997, 254.49618, 254.57435,
13.926250, 259.71210, 3.7160333, 253.89081, 253.97945,
13.936870, 261.95472, 3.7719697, 253.30330, 253.40197,
13.947480, 262.13467, 3.7189710, 252.73399, 252.84229,
13.958090, 268.03537, 3.9806336, 252.18182, 252.29939,
13.968700, 270.96915, 3.9767357, 251.64610, 251.77262,
13.979310, 263.17745, 4.0731683, 251.12631, 251.26150,
13.989910, 267.51786, 4.2557767, 250.62228, 250.76585,
14.000520, 258.98785, 4.1775203, 250.13250, 250.28423,
14.011120, 256.70563, 4.3837237, 249.65729, 249.81694,
14.021720, 261.53035, 4.4273438, 249.19562, 249.36299,
14.032320, 258.87376, 4.4630252, 248.74695, 248.92183,
14.042920, 251.45620, 4.4797252, 248.31071, 248.49292,
14.053510, 257.27660, 4.4769499, 247.88678, 248.07610,
14.064110, 262.88365, 5.2058963, 247.47376, 247.67002,
14.074700, 249.81832, 4.7323318, 247.07191, 247.27489,
14.085290, 252.90628, 5.0674046, 246.68035, 246.88986,
14.095870, 250.24163, 3.5806860, 246.29886, 246.51467,
14.106460, 252.91970, 2.9925510, 245.92624, 246.14811,
14.117040, 253.49968, 3.3795120, 245.56263, 245.79032,
14.127630, 254.69185, 3.5385502, 245.20683, 245.44009,
14.138210, 264.41171, 4.1680328, 244.85905, 245.09757,
14.148790, 258.58413, 3.5425407, 244.51843, 244.76191,
14.159370, 260.53440, 3.6709616, 244.18446, 244.43256,
14.169940, 264.10417, 3.6499768, 243.85697, 244.10932,
14.180520, 261.68227, 5.9439321, 243.53482, 243.79103,
14.182090, 263.18110, 3.4549989, 243.48747, 243.74422,
14.193560, 269.98895, 3.4047042, 243.14484, 243.40523,
14.205030, 275.08205, 3.5758910, 242.80754, 243.07103,
14.216500, 275.12750, 3.6930303, 242.47503, 242.74102,
14.227970, 277.73054, 3.6803449, 242.14666, 242.41451,
14.239430, 278.20535, 3.5193026, 241.82207, 242.09111,
14.250890, 272.25843, 3.3557046, 241.50042, 241.76990,
14.262350, 267.90794, 3.4918766, 241.18104, 241.45019,
14.273810, 264.18722, 3.6290846, 240.86334, 241.13134,
14.285270, 266.91333, 3.5854584, 240.54675, 240.81271,
14.296730, 262.80487, 3.3749822, 240.23061, 240.49359,
14.308180, 251.44893, 3.2843297, 239.91463, 240.17366,
14.319630, 249.33047, 3.3431467, 239.59792, 239.85195,
14.331080, 251.96900, 3.4585915, 239.27983, 239.52778,
14.342530, 254.07422, 3.4120894, 238.95983, 239.20056,
14.353970, 244.30915, 3.1233130, 238.63757, 238.86989,
14.365410, 246.25942, 3.0285531, 238.31213, 238.53481,
14.376860, 244.36932, 3.2835756, 237.98265, 238.19438,
14.388300, 242.47178, 3.1741108, 237.64907, 237.84852,
14.399730, 237.86303, 3.0553367, 237.31081, 237.49661,
14.411170, 231.57167, 2.8652973, 236.96664, 237.13734,
14.422600, 233.88095, 2.8591424, 236.61658, 236.77071,
14.434030, 235.18373, 2.8516101, 236.25969, 236.39573,
14.445460, 233.06698, 2.9546515, 235.89531, 236.01170,
14.456890, 232.68060, 2.9228041, 235.52287, 235.61802,
14.468320, 233.87890, 2.8630672, 235.14172, 235.21399,
14.479740, 234.07893, 2.7782623, 234.75155, 234.79928,
14.491160, 233.74085, 2.8047609, 234.35139, 234.37289,
14.502580, 231.39233, 2.9191554, 233.94065, 233.93418,
14.514000, 236.86717, 3.0136483, 233.51900, 233.48289,
14.525420, 233.98243, 3.3817443, 233.08708, 233.01985,
14.536830, 235.59257, 2.7755353, 232.64597, 232.54642,
14.548240, 234.98173, 3.0099395, 232.19598, 232.06310,
14.559650, 224.25880, 3.6882608, 231.73775, 231.57075,
14.571060, 229.48518, 3.7289368, 231.27202, 231.07037,
14.582470, 223.53615, 3.5743834, 230.79942, 230.56283,
14.593870, 223.47300, 3.2058249, 230.32103, 230.04946,
14.605270, 231.15070, 3.0066878, 229.83711, 229.53075,
14.616670, 221.94000, 2.9347067, 229.34837, 229.00765,
14.628070, 224.23948, 3.3480064, 228.85537, 228.48096,
14.639470, 221.24167, 3.3094161, 228.35881, 227.95164,
14.650860, 226.61282, 2.8875667, 227.85980, 227.42106,
14.662260, 224.77285, 2.9281033, 227.35807, 226.88916,
14.673650, 221.70972, 2.9683630, 226.85519, 226.35781,
14.685040, 217.73857, 2.8966096, 226.35130, 225.82737,
14.696420, 224.26385, 2.8734783, 225.84760, 225.29932,
14.707810, 220.80510, 2.8181346, 225.34371, 224.77349,
14.719190, 218.80875, 2.8640792, 224.84130, 224.25183,
14.730570, 221.92285, 2.9140432, 224.34045, 223.73466,
14.741950, 221.58578, 3.0641890, 223.84186, 223.22293,
14.753330, 217.32628, 2.8826557, 223.34617, 222.71754,
14.764700, 222.55338, 2.9079649, 222.85447, 222.21985,
14.776080, 212.74670, 2.7818962, 222.36652, 221.72982,
14.787450, 222.06200, 2.8979972, 221.88386, 221.24928,
14.798820, 220.57530, 3.1869078, 221.40669, 220.77867,
14.810190, 217.83002, 3.0781972, 220.93562, 220.31885,
14.821550, 222.21655, 3.0703819, 220.47179, 219.87119,
14.832920, 217.23145, 2.9955253, 220.01504, 219.43579,
14.844280, 221.76257, 3.1306095, 219.56679, 219.01431,
14.855640, 217.61858, 3.5559880, 219.12733, 218.60728,
14.866990, 218.41975, 3.4031748, 218.69773, 218.21598,
14.878350, 221.04605, 3.3639911, 218.27787, 217.84060,
14.889710, 211.64692, 3.3556339, 217.86884, 217.48244,
14.901060, 216.46390, 3.3238407, 217.47169, 217.14273,
14.912410, 217.05862, 3.4959203, 217.08673, 216.82206,
14.923760, 212.86085, 3.6782434, 216.71465, 216.52133,
14.935100, 218.62462, 4.0350089, 216.35652, 216.24179,
14.946450, 213.66872, 3.7834419, 216.01235, 215.98382,
14.957790, 216.54918, 3.6795013, 215.68355, 215.74875,
14.969130, 216.43597, 4.0125804, 215.37084, 215.53606,
14.980470, 218.45120, 3.9334413, 215.07535, 215.34475,
14.991810, 224.96312, 4.0425965, 214.79828, 215.17385,
15.003140, 231.92700, 5.0664506, 214.54107, 215.02252,
15.014480, 222.74982, 3.9501515, 214.30450, 214.88953,
15.025810, 219.75082, 4.0785120, 214.09016, 214.77412,
15.037140, 222.06602, 4.0818642, 213.89912, 214.67524,
15.048460, 224.16888, 4.2535955, 213.73272, 214.59198,
15.059790, 225.83482, 4.7188024, 213.59195, 214.52324,
15.071110, 219.82262, 4.4866032, 213.47832, 214.46820,
15.082440, 215.52540, 3.2074334, 213.39292, 214.42581,
15.093750, 214.00717, 2.7563931, 213.33724, 214.39523,
15.105070, 215.41383, 3.0396422, 213.31242, 214.37543,
15.116390, 217.20820, 3.0098572, 213.31985, 214.36549,
15.127700, 218.04455, 2.9813966, 213.36082, 214.36449,
15.139020, 217.68042, 3.3946328, 213.43679, 214.37148,
15.150330, 213.63340, 3.1422095, 213.54900, 214.38553,
15.162390, 210.63735, 3.5161368, 213.71023, 214.40725,
15.174730, 214.03077, 3.5207561, 213.92139, 214.43552,
15.187070, 215.23833, 3.6998311, 214.18111, 214.46871,
15.199410, 206.99780, 3.6624308, 214.49135, 214.50563,
15.211740, 212.50945, 3.5345951, 214.85302, 214.54520,
15.224080, 223.42070, 3.5213711, 215.26510, 214.58724,
15.236410, 215.18237, 3.5471784, 215.72433, 214.63164,
15.248740, 224.58815, 3.4904025, 216.22855, 214.67838,
15.261060, 228.40948, 3.7874681, 216.77478, 214.72738,
15.273390, 221.24032, 3.7001953, 217.36153, 214.77870,
15.285710, 228.36705, 3.7748668, 217.98543, 214.83221,
15.298030, 221.73120, 3.4284546, 218.64449, 214.88790,
15.310350, 224.42818, 3.6331527, 219.33643, 214.94575,
15.322660, 221.52272, 3.5068297, 220.05824, 215.00567,
15.334980, 217.93768, 3.3988025, 220.80876, 215.06772,
15.347290, 214.33667, 3.3260988, 221.58454, 215.13176,
15.359600, 222.88925, 3.3392956, 222.38385, 215.19782,
15.371900, 224.03017, 3.1214370, 223.20373, 215.26579,
15.384210, 229.71238, 3.3618847, 224.04332, 215.33576,
15.396510, 229.23567, 3.8768574, 224.89902, 215.40758,
15.408810, 235.76369, 3.4548236, 225.76918, 215.48127,
15.421110, 236.44328, 3.2991982, 226.65172, 215.55681,
15.433410, 224.36455, 3.0682729, 227.54429, 215.63416,
15.445700, 228.48112, 3.1985096, 228.44405, 215.71322,
15.457990, 230.40160, 3.3923525, 229.34951, 215.79403,
15.470280, 232.66397, 3.5516098, 230.25848, 215.87656,
15.482570, 230.89832, 3.3244629, 231.16878, 215.96077,
15.494860, 230.08312, 3.2360016, 232.07820, 216.04665,
15.507140, 229.77037, 3.2614746, 232.98388, 216.13408,
15.519420, 228.81693, 3.2935229, 233.88427, 216.22311,
15.531700, 230.38720, 3.3282785, 234.77732, 216.31372,
15.543980, 232.51405, 3.3899044, 235.66070, 216.40586,
15.556260, 239.78363, 3.3409001, 236.53235, 216.49953,
15.568530, 238.05342, 2.9676932, 237.38928, 216.59460,
15.580800, 234.29400, 2.9363179, 238.23002, 216.69114,
15.593070, 240.46988, 3.1219179, 239.05237, 216.78912,
15.605340, 236.42905, 3.0739489, 239.85413, 216.88850,
15.617600, 244.36455, 3.1017462, 240.63414, 216.98920,
15.629860, 245.54823, 2.9883327, 241.39425, 217.09124,
15.642120, 242.53187, 2.8592700, 242.13599, 217.19463,
15.654380, 245.26815, 3.4438136, 242.86062, 217.29932,
15.666640, 242.08965, 3.1185875, 243.56964, 217.40531,
15.678890, 241.00493, 3.1874856, 244.26376, 217.51247,
15.691140, 246.99763, 3.1167156, 244.94494, 217.62087,
15.703390, 246.07110, 3.0126347, 245.61454, 217.73049,
15.715640, 254.46962, 3.2146148, 246.27388, 217.84130,
15.727890, 251.74517, 3.2777183, 246.92430, 217.95329,
15.740130, 249.99490, 3.3292638, 247.56663, 218.06634,
15.752370, 251.67690, 3.3176816, 248.20263, 218.18050,
15.764610, 262.30077, 3.1469235, 248.83373, 218.29579,
15.776850, 268.15667, 3.2553741, 249.46112, 218.41215,
15.789090, 257.77353, 3.1744194, 250.08622, 218.52959,
15.801320, 258.37162, 3.2392440, 250.70975, 218.64797,
15.813550, 268.52080, 3.3736277, 251.33354, 218.76738,
15.825780, 270.13905, 3.5175610, 251.95890, 218.88779,
15.838010, 266.91988, 3.2182167, 252.58713, 219.00919,
15.850230, 263.38110, 3.3089088, 253.21903, 219.13146,
15.862450, 267.96355, 3.3143671, 253.85635, 219.25466,
15.874670, 268.30939, 3.5280235, 254.50050, 219.37880,
15.886890, 267.49038, 6.8158725, 255.15273, 219.50386,
15.899110, 272.75132, 17.577942, 255.81432, 219.62979,
15.911320, 265.48067, 22.920135, 256.48611, 219.75650,
15.923540, 271.38597, 8.8840833, 257.17052, 219.88418,
15.935750, 273.57212, 3.8743974, 257.86772, 220.01258,
15.947960, 266.31314, 3.9255550, 258.57963, 220.14180,
15.960160, 262.94332, 4.1283699, 259.30703, 220.27173,
15.972370, 268.63335, 4.0600486, 260.05241, 220.40254,
15.984570, 275.84450, 4.1451259, 260.81593, 220.53401,
15.996770, 272.61678, 3.9633475, 261.59965, 220.66625,
16.008961, 274.23248, 4.0455470, 262.40428, 220.79911,
16.021160, 276.43410, 4.1916580, 263.23242, 220.93279,
16.033350, 269.78067, 4.3902412, 264.08425, 221.06707,
16.045549, 269.82585, 3.9503280, 264.96253, 221.20215,
16.057739, 272.13447, 4.1471733, 265.86736, 221.33779,
16.069920, 273.23545, 4.0825686, 266.80014, 221.47398,
16.082109, 259.01669, 3.9009381, 267.76380, 221.61092,
16.094290, 263.72265, 4.2072387, 268.75835, 221.74838,
16.106470, 263.96290, 4.5874547, 269.78604, 221.88646,
16.118650, 261.22425, 4.0693859, 270.84842, 222.02513,
16.130831, 258.76476, 4.1537612, 271.94706, 222.16439,
16.143009, 258.80585, 4.5089248, 273.08336, 222.30419,
16.155180, 260.82585, 4.5494525, 274.25835, 222.44447,
16.167351, 268.42482, 4.8097979, 275.47436, 222.58528,
16.179520, 263.39458, 5.8153569, 276.73286, 222.72659,
16.191681, 264.52087, 4.6837294, 278.03488, 222.86834,
16.203850, 272.82537, 5.3477320, 279.38376, 223.01067,
16.216009, 279.21382, 6.9744077, 280.77935, 223.15337,
16.228170, 282.67870, 6.5223458, 282.22439, 223.29657,
16.240330, 295.45845, 6.0766024, 283.71689, 223.44021,
16.252489, 295.59196, 5.5203787, 285.25358, 223.58429,
16.264641, 289.53473, 6.4176914, 286.82998, 223.72872,
16.276791, 303.32825, 6.0771210, 288.44332, 223.87354,
16.288950, 303.83782, 5.6287219, 290.09173, 224.01889,
16.301090, 325.06768, 6.3941916, 291.76788, 224.16440,
16.313240, 340.82718, 6.6825077, 293.47230, 224.31041,
16.325380, 347.13000, 6.9298131, 295.19894, 224.45667,
16.337530, 360.71840, 4.5618212, 296.94717, 224.60341,
16.349670, 383.84220, 4.2797934, 298.71090, 224.75038,
16.361799, 410.06084, 4.1524615, 300.48649, 224.89755,
16.373940, 459.11815, 4.9969092, 302.27397, 225.04517,
16.386070, 494.46500, 5.0965748, 304.06696, 225.19299,
16.398211, 519.27435, 5.8366293, 305.86496, 225.34122,
16.410339, 526.10162, 5.3300031, 307.66157, 225.48960,
16.422461, 529.41723, 5.9647392, 309.45406, 225.63816,
16.434589, 519.51745, 5.7731685, 311.24139, 225.78708,
16.446711, 520.73977, 5.7225347, 313.01802, 225.93616,
16.458839, 526.22719, 5.9446690, 314.78289, 226.08556,
16.470961, 494.21285, 5.7932582, 316.53045, 226.23511,
16.483070, 472.47091, 5.6251762, 318.25688, 226.38473,
16.495190, 459.19717, 7.6786068, 319.96186, 226.53467,
16.500280, 463.17103, 5.6907499, 320.67042, 226.59771,
16.513599, 435.27177, 5.7635550, 322.50061, 226.76281,
16.526911, 409.13666, 4.8660477, 324.29200, 226.92803,
16.540211, 402.92790, 5.0338373, 326.03968, 227.09330,
16.553520, 380.82018, 4.8202906, 327.74188, 227.25888,
16.566820, 379.09730, 4.7604873, 329.39163, 227.42452,
16.580120, 358.14993, 4.4918329, 330.98557, 227.59031,
16.593420, 341.52297, 4.0533295, 332.51907, 227.75624,
16.606710, 354.67173, 4.2610305, 333.98643, 227.92218,
16.620001, 347.40905, 3.9745766, 335.38406, 228.08824,
16.633301, 341.37297, 4.1528325, 336.70812, 228.25451,
16.646589, 347.64205, 4.3946291, 337.95171, 228.42073,
16.659870, 338.27270, 4.0492419, 339.11047, 228.58692,
16.673149, 335.30206, 4.0303526, 340.18008, 228.75315,
16.686440, 340.54958, 3.9588889, 341.15649, 228.91956,
16.699711, 349.53617, 4.2605024, 342.03342, 229.08576,
16.712990, 342.69795, 4.3894192, 342.81722, 229.25207,
16.726271, 344.46990, 4.2969044, 343.51656, 229.41841,
16.739540, 336.98566, 4.0527155, 344.13987, 229.58459,
16.752810, 336.11807, 3.8237428, 344.69682, 229.75075,
16.766081, 343.21352, 3.7420795, 345.19641, 229.91689,
16.779341, 340.02242, 3.8074123, 345.64710, 230.08283,
16.792601, 334.25072, 3.9216398, 346.05820, 230.24870,
16.805870, 345.69006, 4.0195394, 346.43880, 230.41460,
16.819120, 328.86468, 4.3350830, 346.79690, 230.58018,
16.832380, 332.48323, 3.7134147, 347.14209, 230.74576,
16.845631, 335.57320, 3.6245666, 347.48263, 230.91109,
16.858891, 330.54665, 3.8203520, 347.82777, 231.07641,
16.872141, 341.44137, 4.1053531, 348.18578, 231.24145,
16.885380, 340.51838, 4.0962555, 348.56533, 231.40618,
16.898630, 335.68570, 3.8516134, 348.97584, 231.57088,
16.911869, 334.69928, 3.6091216, 349.42541, 231.73523,
16.925110, 345.46270, 3.6626310, 349.92325, 231.89940,
16.938351, 347.31822, 3.6585581, 350.47816, 232.06335,
16.951580, 349.79964, 3.8756942, 351.09845, 232.22691,
16.964821, 353.18629, 3.8858973, 351.78913, 232.39036,
16.978050, 362.81190, 4.4998069, 352.53897, 232.55341,
16.991270, 376.55325, 3.8886416, 353.33551, 232.71605,
17.004499, 394.47073, 4.0132465, 354.16754, 232.87852,
17.017719, 510.52501, 4.4766387, 355.02150, 233.04055,
17.030951, 1001.6938, 7.0476810, 355.88641, 233.20240,
17.044161, 1054.0183, 8.8583214, 356.74783, 233.36365,
17.057381, 497.59583, 4.9071792, 357.59545, 233.52467,
17.070601, 380.25230, 4.1271170, 358.41632, 233.68531,
17.083811, 369.85885, 3.9587221, 359.19755, 233.84544,
17.097019, 369.40247, 3.9896516, 359.92729, 234.00516,
17.110229, 370.85548, 4.1457724, 360.59336, 234.16448,
17.123430, 363.32545, 4.1402644, 361.18284, 234.32325,
17.136641, 364.53194, 4.0653983, 361.68408, 234.48169,
17.149839, 360.99760, 3.9715227, 362.08379, 234.63952,
17.163040, 353.26142, 3.9445496, 362.36986, 234.79690,
17.176229, 357.33186, 3.9470489, 362.52947, 234.95365,
17.189430, 358.68658, 4.1724809, 362.55012, 235.11002,
17.202620, 362.07695, 4.4667502, 362.41891, 235.26573,
17.215811, 363.27477, 4.4542283, 362.12290, 235.42092,
17.229000, 359.43116, 4.4040098, 361.64910, 235.57552,
17.242180, 362.10449, 4.2477435, 360.98481, 235.72944,
17.255369, 361.54562, 4.3305902, 360.12217, 235.88287,
17.268551, 358.37715, 4.2589282, 359.07100, 236.03560,
17.281719, 359.02220, 4.2543438, 357.84314, 236.18755,
17.294901, 359.97830, 4.5248430, 356.44695, 236.33901,
17.308069, 379.64045, 4.6071358, 354.89593, 236.48965,
17.321251, 381.28482, 4.3736533, 353.19754, 236.63976,
17.334410, 392.44128, 4.4685140, 351.36704, 236.78891,
17.347580, 404.37713, 4.8627759, 349.41021, 236.93747,
17.360750, 409.12412, 4.9351101, 347.33885, 237.08530,
17.373911, 412.86510, 5.2416989, 345.16475, 237.23227,
17.387070, 395.95598, 5.3362654, 342.89687, 237.37845,
17.400230, 383.40723, 5.1195906, 340.54458, 237.52385,
17.413380, 379.38431, 5.0116407, 338.12028, 237.66832,
17.426540, 381.03385, 5.1013185, 335.62966, 237.81208,
17.439690, 362.83514, 4.9686593, 333.08687, 237.95487,
17.452841, 357.69960, 5.0714052, 330.49920, 238.09682,
17.465981, 341.60161, 6.3307115, 327.87905, 238.23775,
17.479130, 338.77410, 5.7526043, 325.23197, 238.37787,
17.492270, 331.43508, 4.7385126, 322.57150, 238.51696,
17.505409, 320.89370, 4.6345117, 319.90541, 238.65510,
17.518551, 320.34305, 4.9579083, 317.24297, 238.79229,
17.531679, 322.23835, 5.0427052, 314.59694, 238.92835,
17.544821, 316.76030, 5.9163638, 311.97163, 239.06353,
17.557949, 302.26948, 5.0674545, 309.38204, 239.19754,
17.571079, 299.51628, 5.5377849, 306.83484, 239.33051,
17.584200, 299.70155, 5.1896285, 304.34193, 239.46230,
17.597330, 309.10515, 5.7077975, 301.90947, 239.59309,
17.610451, 291.16737, 5.6559436, 299.54981, 239.72265,
17.623569, 304.97282, 5.8539624, 297.26298, 239.85105,
17.636690, 308.17747, 6.3311567, 295.04656, 239.97829,
17.649799, 283.62075, 5.5336162, 292.90100, 240.10422,
17.662910, 299.12421, 5.4302563, 290.82234, 240.22895,
17.676029, 320.36134, 6.9758138, 288.80812, 240.35250,
17.689131, 333.73610, 7.6374673, 286.86050, 240.47463,
17.702240, 311.58125, 8.4140169, 284.97417, 240.59552,
17.715349, 304.07652, 6.7986533, 283.14881, 240.71510,
17.728451, 314.92213, 7.1241496, 281.38398, 240.83325,
17.741550, 314.16866, 5.8161451, 279.67744, 240.95002,
17.754641, 306.63117, 4.3948678, 278.02875, 241.06530,
17.767740, 312.45781, 4.6339668, 276.43420, 241.17923,
17.780830, 305.65472, 4.3524932, 274.89484, 241.29162,
17.793921, 318.58545, 4.5143248, 273.40825, 241.40253,
17.807011, 313.99647, 4.3811655, 271.97323, 241.51193,
17.820101, 311.42540, 4.8305659, 270.58864, 241.61979,
17.833179, 304.00665, 4.1149669, 269.25449, 241.72598,
17.846270, 290.43125, 3.9664082, 267.96738, 241.83066,
17.859341, 287.54990, 4.1737501, 266.72921, 241.93356,
17.872419, 279.46043, 4.4705319, 265.53638, 242.03486,
17.885500, 281.68768, 4.7613403, 264.38848, 242.13448,
17.898569, 290.07751, 4.9210062, 263.28570, 242.23229,
17.911640, 280.40920, 5.1205976, 262.22595, 242.32836,
17.924709, 270.76144, 4.8653549, 261.20865, 242.42263,
17.937780, 281.24042, 8.0264983, 260.23267, 242.51509,
17.941250, 272.96333, 4.4262882, 259.98047, 242.53932,
17.955721, 265.47510, 4.2654885, 258.95912, 242.63897,
17.970181, 266.67394, 4.3080264, 257.98701, 242.73620,
17.984650, 263.69690, 4.3184853, 257.06173, 242.83112,
17.999109, 247.77390, 5.3299745, 256.18351, 242.92355,
18.013571, 263.44578, 5.1975747, 255.35070, 243.01352,
18.028021, 262.90278, 4.7379165, 254.56313, 243.10089,
18.042480, 254.37910, 4.3044567, 253.81880, 243.18574,
18.056931, 250.25410, 3.8903870, 253.11790, 243.26791,
18.071381, 243.90928, 3.9263372, 252.45914, 243.34739,
18.085819, 249.07244, 4.1814992, 251.84226, 243.42408,
18.100269, 252.95383, 4.1155818, 251.26559, 243.49805,
18.114710, 261.82765, 4.6748776, 250.72906, 243.56912,
18.129150, 248.65110, 4.3923359, 250.23037, 243.63730,
18.143579, 250.83202, 4.1807249, 249.76776, 243.70247,
18.158020, 248.20770, 3.8953741, 249.33843, 243.76467,
18.172449, 249.97245, 4.0996558, 248.94103, 243.82376,
18.186880, 248.49428, 4.2179513, 248.57314, 243.87972,
18.201300, 249.91254, 4.2050680, 248.23309, 243.93244,
18.215719, 243.09513, 3.8693415, 247.91861, 243.98191,
18.230150, 244.49423, 3.6831231, 247.62757, 244.02810,
18.244560, 248.94933, 3.6526364, 247.35866, 244.07084,
18.258980, 241.65795, 3.8063569, 247.10942, 244.11016,
18.273390, 242.06580, 4.0653999, 246.87829, 244.14594,
18.287800, 239.11525, 4.0744139, 246.66324, 244.17814,
18.302210, 244.09822, 4.3058957, 246.46244, 244.20669,
18.316620, 245.82605, 3.8661242, 246.27405, 244.23151,
18.331020, 244.20034, 3.7910505, 246.09638, 244.25252,
18.345421, 245.05752, 3.7620056, 245.92749, 244.26967,
18.359819, 244.39395, 3.7283408, 245.76559, 244.28287,
18.374210, 247.79547, 4.1523784, 245.60897, 244.29205,
18.388611, 241.23573, 3.8942529, 245.45565, 244.29715,
18.403000, 239.14531, 3.8111563, 245.30407, 244.29807,
18.417379, 242.79163, 3.7243192, 245.15244, 244.29474,
18.431770, 248.40595, 3.8150377, 244.99874, 244.28708,
18.446150, 238.27822, 3.7188813, 244.84146, 244.27501,
18.460529, 243.70749, 3.9033119, 244.67869, 244.25844,
18.474911, 242.17207, 3.8866394, 244.50862, 244.23729,
18.489281, 247.64662, 4.8402449, 244.32962, 244.21148,
18.503660, 244.88138, 4.0150159, 244.13966, 244.18090,
18.518030, 241.96085, 3.8170861, 243.93801, 244.14554,
18.532391, 245.19022, 3.5544688, 243.72533, 244.10548,
18.546761, 248.57761, 3.7749317, 243.50211, 244.06074,
18.561119, 239.99421, 4.0795524, 243.26946, 244.01145,
18.575480, 255.59758, 4.5073967, 243.02797, 243.95765,
18.589840, 251.42977, 4.0436220, 242.77841, 243.89940,
18.604191, 252.25172, 3.8066892, 242.52173, 243.83681,
18.618549, 248.74198, 3.5833044, 242.25836, 243.76988,
18.632900, 246.36435, 3.6541602, 241.98933, 243.69875,
18.647240, 245.96975, 3.9388756, 241.71547, 243.62349,
18.661591, 241.35942, 4.2711386, 241.43707, 243.54405,
18.675930, 247.85362, 4.1151686, 241.15530, 243.46062,
18.690269, 246.10342, 4.4609899, 240.87067, 243.37318,
18.704611, 260.62896, 4.4968707, 240.58387, 243.28179,
18.718941, 254.74732, 3.9912617, 240.29589, 243.18659,
18.733271, 247.15752, 3.9286507, 240.00721, 243.08755,
18.747601, 252.70610, 4.0930523, 239.71856, 242.98473,
18.761930, 259.59547, 4.3542941, 239.43065, 242.87819,
18.776260, 261.35838, 4.7463299, 239.14421, 242.76796,
18.790581, 258.91695, 4.5415268, 238.86014, 242.65417,
18.804899, 257.32974, 4.0508033, 238.57901, 242.53682,
18.819220, 257.21870, 4.2758170, 238.30147, 242.41591,
18.833530, 263.79087, 4.4216958, 238.02847, 242.29160,
18.847839, 263.95510, 4.6651461, 237.76057, 242.16385,
18.862150, 268.51273, 5.0802883, 237.49845, 242.03269,
18.876459, 267.35682, 4.8543016, 237.24291, 241.89817,
18.890770, 268.29360, 4.6638202, 236.99463, 241.76031,
18.905069, 271.58218, 4.4059001, 236.75459, 241.61928,
18.919371, 267.29710, 4.4422169, 236.52330, 241.47498,
18.933670, 270.87577, 4.5325852, 236.30159, 241.32748,
18.947960, 280.22653, 5.0914589, 236.09034, 241.17691,
18.962250, 278.64790, 21.287203, 235.89018, 241.02320,
18.976540, 274.03153, 25.061288, 235.70189, 240.86638,
18.990829, 275.69183, 5.7795497, 235.52629, 240.70649,
19.005119, 252.57575, 5.1179189, 235.36417, 240.54354,
19.019400, 249.52702, 5.0196571, 235.21645, 240.37769,
19.033680, 258.54737, 4.6665846, 235.08386, 240.20886,
19.047960, 257.33620, 5.0107360, 234.96723, 240.03706,
19.062229, 255.99697, 5.0516856, 234.86751, 239.86247,
19.076500, 261.86195, 7.6926962, 234.78545, 239.68495,
19.090771, 253.56842, 5.5951603, 234.72196, 239.50455,
19.105040, 251.78060, 5.5174561, 234.67795, 239.32131,
19.119310, 258.01868, 4.9994474, 234.65432, 239.13521,
19.133570, 250.32785, 5.3819777, 234.65202, 238.94644,
19.147829, 234.38485, 7.3339884, 234.67197, 238.75488,
19.162090, 249.51650, 5.9246003, 234.71515, 238.56051,
19.176340, 248.68243, 6.2567828, 234.78250, 238.36355,
19.190599, 243.79030, 5.6528871, 234.87513, 238.16372,
19.204849, 243.53040, 5.4140530, 234.99394, 237.96130,
19.219101, 234.20707, 5.0194353, 235.14007, 237.75614,
19.233339, 240.91837, 5.5243877, 235.31441, 237.54848,
19.247580, 240.34362, 5.7220192, 235.51822, 237.33812,
19.261820, 231.98893, 5.4777808, 235.75261, 237.12510,
19.276060, 232.40347, 6.1226762, 236.01873, 236.90942,
19.290300, 250.21330, 7.1215548, 236.31776, 236.69110,
19.304529, 218.95763, 7.1264997, 236.65064, 236.47032,
19.318760, 238.32008, 6.4057973, 237.01888, 236.24689,
19.332991, 248.86313, 7.4720073, 237.42371, 236.02084,
19.347219, 242.01410, 6.3579407, 237.86638, 235.79222,
19.361441, 234.72372, 6.4316090, 238.34798, 235.56112,
19.375660, 235.74028, 6.9133582, 238.87006, 235.32745,
19.389879, 221.02870, 6.6250649, 239.43405, 235.09119,
19.404100, 228.33850, 6.9305555, 240.04150, 234.85232,
19.418310, 231.35806, 9.1246223, 240.69325, 234.61105,
19.432520, 241.08331, 7.2675781, 241.39128, 234.36720,
