# wave, flux, fluxerr, continuum, continuum_plateau
9.9725246, 124.56412, 3.4424659, 150.02878, 149.88735,
9.9806166, 121.75363, 3.4574298, 148.29966, 148.18122,
9.9887066, 123.58085, 2.9762042, 146.62451, 146.52632,
9.9967957, 122.58627, 3.4679568, 145.00213, 144.92166,
10.004880, 124.14593, 3.3233347, 143.43228, 143.36720,
10.012970, 130.73740, 3.4061807, 141.91200, 141.86018,
10.021050, 132.14753, 2.9342588, 140.44320, 140.40268,
10.029140, 137.55898, 3.4024820, 139.02149, 138.99053,
10.037220, 122.72517, 3.7583798, 137.64951, 137.62647,
10.045300, 129.87183, 3.0902938, 136.32450, 136.30794,
10.053380, 130.66720, 2.9428519, 135.04543, 135.03406,
10.061460, 125.08300, 3.1257321, 133.81177, 133.80443,
10.069540, 128.67325, 3.3872689, 132.62237, 132.61805,
10.077610, 130.46057, 3.1051725, 131.47802, 131.47582,
10.085690, 127.77838, 2.9095588, 130.37505, 130.37421,
10.093760, 133.12245, 3.4609079, 129.31527, 129.31512,
10.101830, 127.94557, 3.3954337, 128.29656, 128.29654,
10.109900, 126.61845, 2.7499499, 127.31802, 127.31769,
10.117970, 126.75810, 2.8960958, 126.37913, 126.37811,
10.126040, 127.72503, 3.2533516, 125.47900, 125.47702,
10.134100, 124.01108, 2.9430493, 124.61799, 124.61485,
10.142170, 123.98973, 2.7732404, 123.79313, 123.78869,
10.150230, 120.75255, 3.0844397, 123.00573, 122.99993,
10.158300, 116.42118, 2.7687842, 122.25324, 122.24607,
10.166360, 121.74517, 2.5905184, 121.53680, 121.52831,
10.174420, 130.97822, 2.9678741, 120.85464, 120.84492,
10.182470, 127.02718, 3.0295101, 120.20700, 120.19618,
10.190530, 121.86140, 3.2745630, 119.59157, 119.57983,
10.198590, 120.62835, 3.3163953, 119.00842, 118.99596,
10.206640, 121.14060, 3.1479958, 118.45766, 118.44471,
10.214690, 120.45522, 3.4229603, 117.93788, 117.92467,
10.222750, 118.70860, 3.2204621, 117.44786, 117.43467,
10.230800, 113.66713, 3.0644816, 116.98815, 116.97524,
10.238850, 113.50655, 3.0651031, 116.55753, 116.54517,
10.246890, 118.73413, 2.8853582, 116.15585, 116.14431,
10.254940, 114.88862, 2.6503807, 115.78154, 115.77111,
10.262990, 113.06025, 3.4712995, 115.43452, 115.42544,
10.271030, 116.78135, 4.4850969, 115.11455, 115.10708,
10.279070, 118.67527, 4.1389513, 114.82067, 114.81502,
10.287120, 113.19495, 2.8286032, 114.55193, 114.54831,
10.295150, 115.09090, 3.0294144, 114.30873, 114.30733,
10.303190, 114.32503, 2.9803882, 114.08960, 114.09055,
10.311230, 116.80663, 2.9858970, 113.89573, 113.89915,
10.319270, 107.94240, 3.0712808, 113.72973, 113.73570,
10.327300, 115.69980, 3.8086197, 113.59456, 113.60309,
10.335340, 106.50939, 3.7175896, 113.49265, 113.50374,
10.343370, 117.20075, 2.7924790, 113.42703, 113.44060,
10.351400, 108.79313, 3.3471651, 113.40037, 113.41630,
10.359430, 120.46882, 3.4819239, 113.41546, 113.43354,
10.367460, 110.82893, 3.1761554, 113.47512, 113.49509,
10.375480, 105.21071, 3.4746198, 113.58201, 113.60351,
10.383510, 126.43558, 5.0656553, 113.73924, 113.76185,
10.391530, 120.03770, 4.4410130, 113.94928, 113.97245,
10.399560, 106.29590, 3.1402566, 114.21549, 114.23860,
10.407580, 117.16265, 2.4169410, 114.54013, 114.56242,
10.415600, 107.55005, 3.1411775, 114.92631, 114.94690,
10.423620, 111.41948, 2.5906820, 115.37704, 115.39493,
10.431640, 107.04755, 2.7083250, 115.89513, 115.90916,
10.439650, 112.15545, 2.6635367, 116.48283, 116.49171,
10.447670, 115.91265, 2.7143931, 117.14459, 117.14682,
10.455680, 115.95735, 2.5155593, 117.88133, 117.87529,
10.463700, 131.04075, 2.7214203, 118.69435, 118.67850,
10.471710, 120.09472, 2.8455896, 119.57905, 119.55207,
10.479720, 118.00130, 3.1716484, 120.53397, 120.49473,
10.487730, 110.61492, 3.8173893, 121.55664, 121.50424,
10.495730, 125.00537, 3.4246340, 122.64329, 122.57699,
10.503740, 132.88865, 4.7466676, 123.79408, 123.71332,
10.511750, 122.41650, 4.5908322, 125.00535, 124.90972,
10.519750, 129.62365, 3.9105924, 126.27301, 126.16229,
10.527750, 129.48810, 4.3970096, 127.59640, 127.47049,
10.535750, 132.16108, 4.4680244, 128.97302, 128.83194,
10.543750, 138.03382, 3.8101374, 130.40035, 130.24428,
10.551750, 141.24912, 4.1880303, 131.87642, 131.70563,
10.559750, 139.76480, 4.4587016, 133.39857, 133.21345,
10.567850, 139.79638, 3.1273033, 134.98473, 134.78559,
10.576350, 148.75552, 2.9947112, 136.69500, 136.48179,
10.584840, 156.13925, 2.9481041, 138.44736, 138.22087,
10.593340, 159.24893, 2.8887648, 140.24343, 140.00451,
10.601830, 156.03272, 2.9732260, 142.07608, 141.82569,
10.610330, 157.83180, 3.3096249, 143.94717, 143.68632,
10.618820, 155.88755, 3.2746931, 145.84961, 145.57943,
10.627310, 163.22522, 3.0782082, 147.78261, 147.50427,
10.635800, 160.19728, 3.2921995, 149.74395, 149.45869,
10.644280, 156.17292, 3.0906895, 151.72831, 151.43744,
10.652770, 161.82970, 3.0297657, 153.73774, 153.44260,
10.661250, 159.51265, 2.8519362, 155.76511, 155.46710,
10.669740, 166.28753, 3.2932122, 157.81236, 157.51294,
10.678220, 166.54932, 3.2386096, 159.87228, 159.57294,
10.686700, 171.18130, 3.1097178, 161.94457, 161.64684,
10.695180, 176.70730, 3.1652556, 164.02663, 163.73208,
10.703650, 174.51465, 3.3963886, 166.11352, 165.82375,
10.712130, 180.33473, 3.4282675, 168.20711, 167.92376,
10.720600, 187.37112, 3.2741357, 170.30058, 170.02532,
10.729080, 192.10152, 3.5936493, 172.39582, 172.13038,
10.737550, 203.01180, 3.5620788, 174.48530, 174.23141,
10.746020, 195.31935, 3.6898545, 176.56927, 176.32872,
10.754490, 199.01823, 3.5707255, 178.64468, 178.41928,
10.762960, 191.67860, 3.3842850, 180.70941, 180.50102,
10.771420, 202.00255, 3.4924980, 182.75787, 182.56837,
10.779890, 209.40388, 3.6446554, 184.79303, 184.62438,
10.788350, 197.98565, 3.5179546, 186.80701, 186.66118,
10.796810, 196.12960, 3.7247843, 188.79975, 188.67877,
10.805270, 204.20975, 3.7350314, 190.76865, 190.67463,
10.813730, 194.97618, 3.6337375, 192.71111, 192.64619,
10.822190, 195.91592, 3.4849022, 194.62451, 194.59091,
10.830650, 191.90845, 3.6093751, 196.50623, 196.50623,
10.839100, 197.79268, 3.5872243, 198.35189, 198.38777,
10.847560, 201.93790, 3.8683183, 200.16613, 200.24010,
10.856010, 211.08073, 3.8433279, 201.94524, 202.05921,
10.864460, 210.70225, 3.8774332, 203.69164, 203.84738,
10.872910, 218.40478, 3.9391661, 205.40608, 205.60520,
10.881360, 231.52532, 3.9265970, 207.08932, 207.33323,
10.889800, 236.60235, 4.0729251, 208.73966, 209.02954,
10.898250, 228.75298, 4.3228586, 210.36154, 210.69854,
10.906690, 243.45258, 4.4114333, 211.95182, 212.33680,
10.915140, 249.36558, 4.4611044, 213.51478, 213.94858,
10.923580, 269.95562, 4.6799395, 215.04704, 215.53021,
10.932020, 284.83540, 5.5457996, 216.55105, 217.08408,
10.940460, 283.14880, 5.0354312, 218.02729, 218.61051,
10.948890, 288.51240, 5.2957582, 219.47444, 220.10802,
10.957330, 305.08056, 5.6634744, 220.89658, 221.58065,
10.965760, 330.32945, 4.5265979, 222.29078, 223.02526,
10.974200, 378.80705, 4.7697539, 223.66064, 224.44543,
10.982630, 424.07388, 4.3787816, 225.00335, 225.83813,
10.991060, 463.96233, 3.9907595, 226.32122, 227.20562,
10.999490, 459.23094, 4.7150181, 227.61437, 228.54791,
11.007920, 455.04881, 3.9758348, 228.88351, 229.86563,
11.016340, 448.61044, 5.8700429, 230.12737, 231.15733,
11.024770, 457.33331, 5.0550805, 231.34930, 232.42642,
11.033190, 436.38410, 4.1338012, 232.54694, 233.67033,
11.041610, 426.03888, 4.7405371, 233.72207, 234.89080,
11.050030, 422.96575, 5.6131550, 234.87508, 236.08815,
11.058450, 400.08115, 4.3139347, 236.00632, 237.26268,
11.066870, 396.43260, 5.0581780, 237.11618, 238.41468,
11.075290, 388.20992, 4.4748804, 238.20500, 239.54445,
11.083700, 400.13462, 4.4854687, 239.27195, 240.65103,
11.092120, 389.79604, 4.6637678, 240.31979, 241.73722,
11.100530, 413.97657, 6.1861681, 241.34638, 242.80074,
11.108940, 412.78223, 5.2564236, 242.35347, 243.84334,
11.117350, 426.17577, 8.1776470, 243.34117, 244.86508,
11.120570, 448.61640, 4.8945662, 243.71439, 245.25094,
11.129530, 470.63390, 4.7458465, 244.73823, 246.30874,
11.138500, 495.31451, 4.7772220, 245.74224, 247.34495,
11.147460, 547.03926, 5.1486505, 246.72444, 248.35749,
11.156430, 632.52982, 5.5951548, 247.68749, 249.34904,
11.165390, 751.76598, 5.7712122, 248.62950, 250.31760,
11.174350, 896.26578, 6.1552200, 249.55197, 251.26468,
11.183300, 1080.5417, 7.0411174, 250.45428, 252.18962,
11.192260, 1259.8477, 7.6319980, 251.33870, 253.09469,
11.201220, 1390.6453, 7.6487468, 252.20459, 253.97922,
11.210170, 1402.3858, 7.6289524, 253.05138, 254.84260,
11.219120, 1416.8018, 8.0534201, 253.88032, 255.68608,
11.228070, 1407.1223, 8.0547827, 254.69172, 256.50998,
11.237020, 1378.8725, 7.5256846, 255.48581, 257.31450,
11.245970, 1372.9787, 9.1122065, 256.26306, 258.10012,
11.254920, 1361.1367, 15.278236, 257.02367, 258.86704,
11.263860, 1325.0300, 7.7195182, 257.76708, 259.61468,
11.272800, 1268.1600, 7.2379137, 258.49453, 260.34432,
11.281750, 1214.0812, 7.3031887, 259.20692, 261.05684,
11.290690, 1159.1833, 7.3214565, 259.90313, 261.75115,
11.299630, 1094.5710, 7.1264292, 260.58406, 262.42817,
11.308560, 1044.2735, 6.7730826, 261.24935, 263.08753,
11.317500, 978.47604, 6.6558823, 261.90065, 263.73094,
11.326430, 927.89908, 6.7431810, 262.53685, 264.35729,
11.335370, 872.70952, 6.4448451, 263.15954, 264.96818,
11.344300, 827.95068, 6.0271778, 263.76764, 265.56259,
11.353230, 774.82698, 5.8651181, 264.36205, 266.14144,
11.362160, 743.75838, 5.9975665, 264.94294, 266.70493,
11.371080, 710.64919, 5.7278587, 265.51007, 267.25287,
11.380010, 681.44821, 5.4849257, 266.06475, 267.78658,
11.388930, 656.47130, 5.4534479, 266.60612, 268.30528,
11.397850, 624.05865, 5.4468746, 267.13489, 268.80970,
11.406780, 600.38773, 5.2906227, 267.65193, 269.30071,
11.415700, 571.96719, 4.9722315, 268.15621, 269.77741,
11.424610, 551.35059, 4.9908153, 268.64805, 270.24016,
11.433530, 535.90956, 5.1688990, 269.12867, 270.69018,
11.442450, 518.56964, 5.0128266, 269.59776, 271.12722,
11.451360, 494.66867, 4.6981724, 270.05500, 271.55109,
11.460270, 476.11350, 4.8574105, 270.50110, 271.96248,
11.469180, 460.29572, 4.8248592, 270.93622, 272.36165,
11.478090, 453.65715, 4.9489999, 271.36055, 272.74883,
11.487000, 435.39212, 4.6310863, 271.77427, 273.12426,
11.495910, 420.98803, 4.9794642, 272.17749, 273.48813,
11.504810, 396.08489, 4.6784073, 272.57005, 273.84039,
11.513710, 391.41195, 5.1747492, 272.95247, 274.18159,
11.522620, 381.23655, 4.8426489, 273.32538, 274.51237,
11.531520, 378.24937, 4.6246403, 273.68806, 274.83219,
11.540420, 365.38313, 4.8026012, 274.04110, 275.14168,
11.549310, 359.07512, 4.8144768, 274.38430, 275.44073,
11.558210, 352.32651, 4.6383754, 274.71856, 275.73024,
11.567100, 348.90893, 5.1319002, 275.04320, 276.00974,
11.576000, 346.21348, 4.9154021, 275.35920, 276.28015,
11.584890, 335.22885, 5.0022858, 275.66592, 276.54102,
11.593780, 334.55655, 4.9079109, 275.96383, 276.79289,
11.602670, 331.59852, 4.8528171, 276.25313, 277.03600,
11.611560, 315.85883, 5.0069195, 276.53390, 277.27057,
11.620440, 314.84802, 5.0890712, 276.80596, 277.49653,
11.629330, 304.71668, 5.1325749, 277.07007, 277.71463,
11.638210, 295.67284, 5.2351542, 277.32575, 277.92459,
11.647090, 310.72115, 5.8639053, 277.57338, 278.12685,
11.655970, 297.01876, 5.9245807, 277.81310, 278.32163,
11.664850, 287.69205, 4.5447550, 278.04504, 278.50916,
11.673730, 284.11953, 3.2179333, 278.26925, 278.68961,
11.682600, 287.34128, 3.9300708, 278.48564, 278.86302,
11.691480, 285.99543, 3.8128246, 278.69478, 279.02997,
11.700350, 281.20683, 3.6776006, 278.89631, 279.19032,
11.709220, 285.15428, 4.0999050, 279.09056, 279.34443,
11.718090, 281.29170, 3.9489351, 279.27762, 279.49252,
11.726960, 273.91478, 4.4716715, 279.45758, 279.63479,
11.735830, 283.10950, 4.3438265, 279.63054, 279.77144,
11.744690, 286.59432, 4.8241509, 279.79639, 279.90251,
11.753560, 286.37168, 4.6113510, 279.95560, 280.02853,
11.762420, 276.36898, 4.4375250, 280.10788, 280.14937,
11.771280, 283.76225, 7.1181873, 280.25352, 280.26542,
11.775020, 279.21553, 3.7931701, 280.31300, 280.31300,
11.784500, 281.65535, 3.9417431, 280.45856, 280.42996,
11.793980, 280.56288, 3.8775039, 280.59650, 280.54154,
11.803460, 291.37654, 4.2871770, 280.72676, 280.64755,
11.812940, 290.61815, 3.7157251, 280.84921, 280.74779,
11.822420, 285.45213, 3.9051795, 280.96376, 280.84208,
11.831890, 291.08285, 3.8179168, 281.07017, 280.93013,
11.841360, 294.80698, 4.5565475, 281.16847, 281.01185,
11.850840, 295.98804, 3.6524256, 281.25863, 281.08712,
11.860310, 305.96986, 3.8678531, 281.34034, 281.15559,
11.869770, 309.84383, 3.8676991, 281.41350, 281.21708,
11.879240, 309.98782, 3.7437502, 281.47815, 281.27153,
11.888710, 316.67532, 3.6618406, 281.53407, 281.31867,
11.898170, 313.83138, 3.7269360, 281.58109, 281.35825,
11.907630, 314.12027, 3.7789351, 281.61914, 281.39014,
11.917090, 315.24407, 3.8471132, 281.64807, 281.41414,
11.926550, 320.78765, 3.9915497, 281.66774, 281.43003,
11.936010, 324.76816, 3.7006596, 281.67802, 281.43761,
11.945470, 331.45892, 3.8038359, 281.67874, 281.43669,
11.954920, 330.25586, 3.7360057, 281.66978, 281.42707,
11.964370, 331.88043, 4.3721178, 281.65098, 281.40854,
11.973830, 338.05287, 3.7256274, 281.62215, 281.38087,
11.983280, 333.77723, 3.7713622, 281.58318, 281.34389,
11.992720, 335.07508, 3.8664109, 281.53394, 281.29744,
12.002170, 337.43095, 3.8100911, 281.47416, 281.24120,
12.011610, 325.38873, 3.5729373, 281.40378, 281.17507,
12.021060, 324.74260, 3.6996368, 281.32248, 281.09869,
12.030500, 322.37837, 3.7087585, 281.23024, 281.01202,
12.039940, 323.74500, 3.6257683, 281.12681, 280.91477,
12.049380, 322.22380, 3.5575142, 281.01198, 280.80670,
12.058820, 315.84285, 3.6809685, 280.88557, 280.68760,
12.068250, 311.74693, 3.7220029, 280.74752, 280.55739,
12.077690, 309.30906, 3.5928263, 280.59733, 280.41557,
12.087120, 310.28277, 3.7985273, 280.43513, 280.26221,
12.096550, 300.42354, 3.6078740, 280.26054, 280.09695,
12.105980, 302.51260, 3.7381153, 280.07334, 279.91955,
12.115410, 288.52676, 3.6312765, 279.87332, 279.72978,
12.124830, 287.59544, 3.5213516, 279.66046, 279.52762,
12.134260, 290.59673, 3.6601168, 279.43411, 279.31242,
12.143680, 284.10417, 3.7246286, 279.19450, 279.08442,
12.153100, 285.83745, 3.7722784, 278.94113, 278.84310,
12.162520, 295.69452, 4.1579237, 278.67378, 278.58826,
12.171940, 284.36211, 3.8358610, 278.39222, 278.31969,
12.181360, 283.00821, 4.2353709, 278.09613, 278.03707,
12.190770, 278.43600, 3.9921726, 277.78564, 277.74053,
12.200180, 278.24923, 4.0251108, 277.46015, 277.42952,
12.209600, 274.54008, 3.9162931, 277.11901, 277.10342,
12.219010, 273.63408, 3.9626754, 276.76269, 276.76269,
12.228420, 284.20348, 4.2122183, 276.39065, 276.40682,
12.237820, 273.18660, 4.2387677, 276.00357, 276.03641,
12.247230, 281.33910, 4.4873859, 275.60093, 275.65090,
12.256630, 286.79105, 4.6844800, 275.18392, 275.25137,
12.266040, 349.37335, 5.1672671, 274.75204, 274.83726,
12.275440, 616.38074, 6.7071730, 274.30648, 274.40969,
12.284840, 621.05428, 6.3977348, 273.84719, 273.96853,
12.294230, 355.02095, 4.9555366, 273.37488, 273.51443,
12.303630, 305.52737, 7.1356851, 272.88900, 273.04679,
12.313030, 316.29382, 10.037323, 272.39022, 272.56624,
12.322420, 310.51978, 11.123534, 271.87948, 272.07363,
12.331810, 300.97547, 7.5055819, 271.35652, 271.56866,
12.341200, 303.85080, 5.7269283, 270.82165, 271.05160,
12.350590, 313.36862, 6.0688091, 270.27513, 270.52267,
12.359980, 314.12605, 5.5607845, 269.71726, 269.98212,
12.369360, 323.95149, 5.5606266, 269.14891, 269.43075,
12.378750, 331.18752, 3.7786859, 268.56918, 268.86768,
12.388130, 335.99433, 3.8951860, 267.97953, 268.29429,
12.397510, 331.41325, 3.8497646, 267.37971, 267.71030,
12.406890, 337.26930, 4.0348046, 266.76984, 267.11584,
12.416270, 334.70390, 3.8304201, 266.15026, 266.51117,
12.425640, 338.22707, 3.8730810, 265.52192, 265.89723,
12.435020, 345.33540, 4.1253070, 264.88367, 265.27288,
12.444390, 352.91922, 4.0809103, 264.23719, 264.63972,
12.453760, 349.21082, 4.0052153, 263.58201, 263.99729,
12.463130, 349.69952, 4.0401311, 262.91836, 263.34581,
12.472500, 362.91635, 4.5475017, 262.24650, 262.68550,
12.481870, 373.65343, 5.2967862, 261.56664, 262.01659,
12.489420, 375.37213, 4.3277493, 261.01316, 261.47146,
12.499490, 381.61810, 4.6028349, 260.26735, 260.73613,
12.509550, 403.38900, 4.4209691, 259.51378, 259.99229,
12.519610, 408.08488, 4.2608978, 258.75204, 259.23952,
12.529670, 409.31595, 4.2521309, 257.98248, 258.47813,
12.539730, 412.86451, 4.4408638, 257.20521, 257.70826,
12.549780, 426.48228, 4.9136285, 256.42140, 256.93105,
12.559840, 425.80283, 4.2989185, 255.62966, 256.14515,
12.569890, 436.39190, 4.2641412, 254.83193, 255.35243,
12.579940, 438.72302, 4.3843774, 254.02761, 254.55235,
12.589990, 456.43060, 4.4884451, 253.21698, 253.74516,
12.600040, 463.76456, 4.4366239, 252.40020, 252.93104,
12.610090, 474.81722, 4.4428554, 251.57767, 252.11038,
12.620130, 477.48753, 4.6191933, 250.75043, 251.28424,
12.630170, 499.05815, 4.5425412, 249.91779, 250.45193,
12.640210, 494.81005, 4.5646643, 249.08007, 249.61378,
12.650250, 497.93973, 4.3972282, 248.23750, 248.77003,
12.660290, 500.04285, 4.3528877, 247.39040, 247.92100,
12.670330, 509.83697, 4.4693602, 246.53884, 247.06679,
12.680360, 531.65262, 4.6099172, 245.68402, 246.20862,
12.690390, 549.97646, 4.5296467, 244.82531, 245.34584,
12.700420, 571.11061, 4.5355844, 243.96282, 244.47861,
12.710450, 579.99654, 4.6526724, 243.09697, 243.60734,
12.720480, 585.06769, 4.7692799, 242.22788, 242.73218,
12.730500, 577.88144, 5.3369871, 241.35662, 241.85422,
12.740530, 572.32967, 4.5312156, 240.48174, 240.97201,
12.750550, 561.50867, 4.3809331, 239.60514, 240.08749,
12.760570, 564.24060, 4.5469602, 238.72627, 239.20012,
12.770590, 569.82149, 4.5883304, 237.84520, 238.30998,
12.780610, 565.07091, 4.5142558, 236.96222, 237.41739,
12.790620, 547.35791, 4.7516269, 236.07848, 236.52353,
12.800640, 528.73848, 4.3263694, 235.19234, 235.62675,
12.810650, 527.41878, 4.4124161, 234.30586, 234.72917,
12.820660, 507.48859, 4.3313936, 233.41834, 233.83008,
12.830670, 464.06117, 4.0315517, 232.52991, 232.92964,
12.840680, 442.23808, 3.9580488, 231.64094, 232.02824,
12.850680, 409.17757, 3.9104865, 230.75241, 231.12690,
12.860690, 382.64390, 3.9051539, 229.86285, 230.22413,
12.870690, 361.85898, 3.7232353, 228.97414, 229.32189,
12.880690, 338.13726, 3.5928481, 228.08576, 228.41962,
12.890690, 315.54353, 3.5149186, 227.19773, 227.51740,
12.900680, 301.85735, 3.5506986, 226.31128, 226.61649,
12.910680, 293.28773, 3.5198781, 225.42477, 225.71523,
12.920670, 281.10435, 3.3508117, 224.54026, 224.81574,
12.930670, 270.93075, 3.3799198, 223.65612, 223.91636,
12.940660, 262.48515, 3.4676452, 222.77432, 223.01913,
12.950640, 257.53293, 3.6841736, 221.89524, 222.12445,
12.960630, 239.92807, 3.5223690, 221.01708, 221.23050,
12.970620, 236.03162, 3.5433998, 220.14116, 220.33862,
12.980600, 237.54155, 3.3002454, 219.26842, 219.44982,
12.990580, 235.96037, 3.5054578, 218.39834, 218.56355,
13.000560, 229.81385, 3.5650214, 217.53097, 217.67988,
13.010540, 233.65187, 3.4335335, 216.66660, 216.79914,
13.020520, 224.90605, 3.5361333, 215.80546, 215.92154,
13.030490, 222.30670, 3.5148579, 214.94867, 215.04826,
13.040470, 215.92102, 3.5319470, 214.09465, 214.17768,
13.050440, 219.72530, 3.5954820, 213.24542, 213.31186,
13.060410, 212.98655, 3.4938995, 212.40030, 212.45014,
13.070380, 216.46883, 3.7875740, 211.55944, 211.59267,
13.080350, 203.13768, 4.1596265, 210.72324, 210.73984,
13.090310, 206.72385, 3.7500456, 209.89262, 209.89262,
13.100280, 213.93697, 3.8708036, 209.06619, 209.04959,
13.110240, 209.19577, 4.2972528, 208.24554, 208.21239,
13.120200, 220.82608, 7.9373698, 207.42981, 207.38021,
13.130160, 213.97175, 4.9450695, 206.61897, 206.55303,
13.140110, 214.30165, 3.4274281, 205.81383, 205.73171,
13.150070, 216.79625, 2.8670737, 205.01264, 204.91452,
13.160020, 203.79233, 3.2264775, 204.21706, 204.10317,
13.169980, 205.56023, 3.0773976, 203.42537, 203.29595,
13.179930, 204.39575, 2.9058891, 202.63922, 202.49454,
13.189870, 209.51335, 3.2326441, 201.85848, 201.69887,
13.199820, 204.05787, 3.2189574, 201.08162, 200.90739,
13.209770, 203.76202, 3.2341148, 200.30930, 200.12081,
13.219710, 201.55053, 3.0344862, 199.54236, 199.34001,
13.229650, 201.04925, 2.9794598, 198.78005, 198.56423,
13.239590, 205.46555, 3.9520454, 198.02220, 197.79334,
13.249530, 196.88147, 3.2902676, 197.26886, 197.02741,
13.259470, 189.22640, 2.9562027, 196.52002, 196.26644,
13.269410, 196.43725, 3.4383718, 195.77566, 195.51043,
13.279340, 191.51942, 3.4135521, 195.03654, 194.76018,
13.289270, 197.03025, 3.5690739, 194.30179, 194.01483,
13.299200, 191.11225, 3.5789974, 193.57156, 193.27452,
13.309130, 198.13875, 3.9264470, 192.84575, 192.53918,
13.318260, 198.54150, 3.0108494, 192.18226, 191.86743,
13.328980, 196.63700, 2.7911824, 191.40801, 191.08411,
13.339690, 205.01274, 3.0573358, 190.63967, 190.30738,
13.350400, 197.50345, 2.8819920, 189.87646, 189.53649,
13.361120, 197.54130, 3.1454109, 189.11765, 188.77070,
13.371830, 197.51522, 2.7237180, 188.36473, 188.01152,
13.382530, 195.66665, 2.6413634, 187.61763, 187.25890,
13.393240, 196.91198, 2.8618116, 186.87502, 186.51151,
13.403940, 206.52983, 3.0391761, 186.13824, 185.77069,
13.414650, 203.53760, 3.1627994, 185.40599, 185.03515,
13.425350, 203.07365, 2.6625521, 184.67960, 184.30621,
13.436050, 204.63543, 2.6735037, 183.95842, 183.58325,
13.446740, 210.00338, 2.7493150, 183.24318, 182.86699,
13.457440, 216.18555, 2.8908915, 182.53251, 182.15604,
13.468130, 225.43727, 2.7971131, 181.82781, 181.45183,
13.478830, 225.31230, 2.7441777, 181.12775, 180.75299,
13.489520, 221.39705, 2.7174304, 180.43372, 180.06094,
13.500200, 228.37440, 2.8448789, 179.74568, 179.37561,
13.510890, 232.52948, 2.8464757, 179.06245, 178.69582,
13.521570, 246.43322, 2.8796418, 178.38527, 178.02281,
13.532260, 247.41562, 2.8202539, 177.71300, 177.35542,
13.542940, 250.20692, 2.9056712, 177.04686, 176.69486,
13.553620, 239.76135, 2.9153936, 176.38631, 176.04057,
13.564290, 230.43242, 2.8686906, 175.73205, 175.39323,
13.574970, 229.94138, 2.7851911, 175.08283, 174.75159,
13.585640, 227.08973, 2.6888060, 174.43998, 174.11696,
13.596320, 231.80110, 2.8390223, 173.80232, 173.48814,
13.606990, 221.19915, 2.8599181, 173.17114, 172.86639,
13.617650, 212.45955, 3.1150805, 172.54644, 172.25168,
13.628320, 214.15553, 2.7280255, 171.92717, 171.64296,
13.638980, 212.68178, 2.7768799, 171.31452, 171.04137,
13.649650, 207.96550, 2.8099944, 170.70745, 170.44587,
13.660310, 201.62973, 2.8324927, 170.10713, 169.85758,
13.670970, 198.51635, 3.0477352, 169.51309, 169.27600,
13.681630, 193.93945, 2.6360140, 168.92541, 168.70119,
13.692280, 188.56665, 3.1036354, 168.34476, 168.13376,
13.702940, 189.96485, 2.6840909, 167.77007, 167.57264,
13.713590, 181.92458, 2.7399818, 167.20257, 167.01898,
13.724240, 178.39748, 2.6087885, 166.64173, 166.47225,
13.734890, 174.03800, 2.5548044, 166.08776, 165.93259,
13.745530, 172.52100, 2.7899484, 165.54118, 165.40049,
13.756180, 169.29905, 2.6254843, 165.00113, 164.87505,
13.766820, 175.43547, 2.9085198, 164.46868, 164.35728,
13.777460, 175.46780, 2.7531011, 163.94345, 163.84676,
13.788100, 160.84303, 2.6081321, 163.42557, 163.34355,
13.798740, 164.03970, 2.6028419, 162.91514, 162.84772,
13.809380, 163.20413, 2.7749405, 162.41234, 162.35939,
13.820010, 163.09315, 3.0529131, 161.91763, 161.87895,
13.830640, 160.29125, 2.6815136, 161.43079, 161.40612,
13.841270, 161.57015, 2.6777825, 160.95186, 160.94089,
13.851900, 156.15200, 2.6799844, 160.48106, 160.48341,
13.862530, 159.90588, 3.4502150, 160.01839, 160.03364,
13.873150, 165.24642, 3.9306605, 159.56402, 159.59175,
13.883780, 159.60550, 3.2665225, 159.11688, 159.15673,
13.894400, 158.98125, 2.8127488, 158.67754, 158.72912,
13.905020, 156.61352, 2.8161255, 158.24535, 158.30832,
13.915640, 160.54928, 3.1838852, 157.82005, 157.89408,
13.926250, 159.06152, 3.2505376, 157.40180, 157.48655,
13.936870, 172.90710, 3.5456108, 156.98964, 157.08480,
13.947480, 165.91955, 3.3303131, 156.58400, 156.68927,
13.958090, 161.61523, 3.3013128, 156.18436, 156.29945,
13.968700, 176.64283, 3.3454178, 155.79042, 155.91503,
13.979310, 171.75750, 3.3805599, 155.40203, 155.53588,
13.989910, 169.91497, 3.4774952, 155.01928, 155.16207,
14.000520, 172.91975, 3.3841630, 154.64127, 154.79271,
14.011120, 160.44978, 3.3835445, 154.26845, 154.42826,
14.021720, 166.89687, 4.1067729, 153.90028, 154.06816,
14.032320, 173.86405, 3.9204392, 153.53654, 153.71221,
14.042920, 167.19310, 3.9182359, 153.17703, 153.36018,
14.053510, 159.24557, 4.0268228, 152.82190, 153.01221,
14.064110, 161.08612, 3.8709194, 152.47023, 152.66740,
14.074700, 153.95112, 4.0618211, 152.12249, 152.32619,
14.085290, 163.76925, 4.8366975, 151.77821, 151.98809,
14.095870, 166.37705, 3.4613981, 151.43744, 151.65316,
14.106460, 157.64425, 2.5144878, 151.09939, 151.32058,
14.117040, 156.22965, 2.4719385, 150.76446, 150.99076,
14.127630, 163.12708, 3.1150065, 150.43184, 150.66286,
14.138210, 167.14703, 2.9954069, 150.10199, 150.33732,
14.148790, 169.52073, 2.8970766, 149.77438, 150.01361,
14.159370, 167.58145, 3.4482975, 149.44884, 149.69152,
14.169940, 175.49308, 3.0080042, 149.12549, 149.37117,
14.180520, 176.02132, 5.5129006, 148.80350, 149.05172,
14.182090, 182.38725, 3.0326275, 148.75586, 149.00442,
14.193560, 185.28675, 2.8256633, 148.40871, 148.65938,
14.205030, 187.06253, 2.9313203, 148.06301, 148.31520,
14.216500, 185.69427, 3.2953249, 147.71861, 147.97168,
14.227970, 186.93975, 3.1121679, 147.37523, 147.62853,
14.239430, 186.29235, 2.9111076, 147.03292, 147.28577,
14.250890, 185.33348, 2.8043754, 146.69120, 146.94290,
14.262350, 180.54512, 3.0695239, 146.34978, 146.59959,
14.273810, 171.47685, 2.9147361, 146.00844, 146.25560,
14.285270, 166.19907, 2.9578014, 145.66699, 145.91072,
14.296730, 168.75658, 2.9225374, 145.32514, 145.56463,
14.308180, 163.22545, 2.8463408, 144.98299, 145.21740,
14.319630, 152.97525, 2.6351368, 144.64001, 144.86846,
14.331080, 157.35890, 2.7083872, 144.29592, 144.51754,
14.342530, 165.97452, 3.0409978, 143.95056, 144.16441,
14.353970, 153.62760, 2.4667719, 143.60398, 143.80912,
14.365410, 159.21570, 2.4713182, 143.25560, 143.45106,
14.376860, 158.73162, 2.7089260, 142.90492, 143.08969,
14.388300, 151.24235, 2.7080184, 142.55228, 142.72535,
14.399730, 143.92663, 2.3875792, 142.19750, 142.35782,
14.411170, 143.68777, 2.2789865, 141.83967, 141.98616,
14.422600, 140.55670, 2.1844135, 141.47921, 141.61078,
14.434030, 142.89465, 2.2716972, 141.11555, 141.23109,
14.445460, 143.23838, 2.2862460, 140.74842, 140.84678,
14.456890, 142.43662, 2.2313983, 140.37764, 140.45765,
14.468320, 142.81472, 2.1789328, 140.00292, 140.06340,
14.479740, 139.66915, 2.1125026, 139.62434, 139.66411,
14.491160, 136.75668, 2.2561179, 139.24133, 139.25916,
14.502580, 138.35395, 2.2232681, 138.85367, 138.84833,
14.514000, 137.71598, 2.2280836, 138.46124, 138.43153,
14.525420, 141.71545, 2.2245766, 138.06441, 138.00931,
14.536830, 134.49788, 2.0627706, 137.66394, 137.58262,
14.548240, 136.29912, 2.1300925, 137.25985, 137.15165,
14.559650, 137.95537, 2.5902082, 136.85250, 136.71692,
14.571060, 140.23868, 2.4097333, 136.44232, 136.27909,
14.582470, 132.50810, 2.5062431, 136.02967, 135.83867,
14.593870, 136.05120, 2.4165051, 135.61527, 135.39660,
14.605270, 138.33300, 2.2656621, 135.19916, 134.95308,
14.616670, 131.55883, 2.3106786, 134.78174, 134.50871,
14.628070, 132.46888, 2.5233059, 134.36332, 134.06397,
14.639470, 129.26185, 2.4835142, 133.94431, 133.61946,
14.650860, 126.94690, 2.1161351, 133.52548, 133.17616,
14.662260, 128.59850, 2.2303314, 133.10641, 132.73381,
14.673650, 134.19900, 2.5742454, 132.68826, 132.29378,
14.685040, 126.47892, 2.2851645, 132.27098, 131.85619,
14.696420, 129.02935, 2.6912415, 131.85540, 131.42208,
14.707810, 133.55125, 2.3446694, 131.44104, 130.99114,
14.719190, 130.31790, 2.5314776, 131.02913, 130.56479,
14.730570, 126.80918, 2.3164466, 130.61958, 130.14313,
14.741950, 130.15798, 2.4692405, 130.21281, 129.72675,
14.753330, 127.99250, 2.4424089, 129.80919, 129.31623,
14.764700, 129.44700, 2.2777625, 129.40947, 128.91249,
14.776080, 129.01398, 2.3214548, 129.01329, 128.51537,
14.787450, 127.44300, 2.4066886, 128.62178, 128.12615,
14.798820, 122.09800, 2.7882397, 128.23494, 127.74505,
14.810190, 126.48110, 2.3924472, 127.85314, 127.37260,
14.821550, 123.49788, 2.8261512, 127.47714, 127.00974,
14.832920, 123.74765, 2.9036893, 127.10667, 126.65640,
14.844280, 126.16908, 2.2327095, 126.74275, 126.31375,
14.855640, 124.18993, 3.1470471, 126.38546, 125.98207,
14.866990, 122.36335, 2.6256620, 126.03554, 125.66223,
14.878350, 131.15417, 2.7841188, 125.69273, 125.35423,
14.889710, 122.91748, 2.8966993, 125.35778, 125.05894,
14.901060, 130.92375, 2.9174606, 125.03141, 124.77722,
14.912410, 134.29454, 3.3497451, 124.71370, 124.50937,
14.923760, 122.71522, 3.2221569, 124.40508, 124.25596,
14.935100, 128.88040, 3.5351362, 124.10628, 124.01785,
14.946450, 123.56750, 3.4052302, 123.81713, 123.79516,
14.957790, 117.58263, 2.9513070, 123.53868, 123.58885,
14.969130, 125.52427, 3.1508627, 123.27146, 123.39853,
14.980470, 125.63593, 3.5497178, 123.01643, 123.22352,
14.991810, 128.58475, 3.8860245, 122.77465, 123.06321,
15.003140, 130.68692, 3.4575646, 122.54730, 122.91706,
15.014480, 131.82212, 3.1487813, 122.33507, 122.78420,
15.025810, 134.70620, 3.7708467, 122.13930, 122.66421,
15.037140, 123.83310, 3.1362614, 121.96089, 122.55635,
15.048460, 125.46580, 3.5409943, 121.80101, 122.46007,
15.059790, 121.71615, 3.6525376, 121.66044, 122.37458,
15.071110, 133.03950, 3.2800310, 121.54050, 122.29939,
15.082440, 126.65590, 2.5050249, 121.44206, 122.23377,
15.093750, 122.91365, 2.1576562, 121.36646, 122.17726,
15.105070, 116.31333, 2.1162017, 121.31458, 122.12908,
15.116390, 128.29217, 2.5020775, 121.28760, 122.08867,
15.127700, 128.28910, 2.6228791, 121.28665, 122.05545,
15.139020, 134.95113, 2.6470078, 121.31288, 122.02875,
15.150330, 128.91540, 2.3975990, 121.36740, 122.00801,
15.162390, 121.50385, 2.9173555, 121.45804, 121.99175,
15.174730, 122.37563, 2.8788472, 121.58700, 121.98063,
15.187070, 119.70282, 2.9121907, 121.75413, 121.97430,
15.199410, 115.88660, 2.9915807, 121.96106, 121.97198,
15.211740, 125.32668, 2.7267262, 122.20863, 121.97301,
15.224080, 126.29088, 2.6668478, 122.49611, 121.97718,
15.236410, 128.93495, 2.6729942, 122.82115, 121.98444,
15.248740, 131.47360, 2.7784569, 123.18216, 121.99474,
15.261060, 134.76405, 2.9422748, 123.57700, 122.00802,
15.273390, 135.63930, 2.8229498, 124.00456, 122.02425,
15.285710, 135.81742, 2.8970399, 124.46241, 122.04336,
15.298030, 128.89307, 2.6533505, 124.94909, 122.06531,
15.310350, 126.13608, 2.7944999, 125.46297, 122.09006,
15.322660, 127.13087, 3.1701569, 126.00186, 122.11754,
15.334980, 127.81765, 2.6219995, 126.56494, 122.14774,
15.347290, 128.63230, 2.7938404, 127.14971, 122.18057,
15.359600, 127.53848, 2.5895437, 127.75493, 122.21603,
15.371900, 132.10065, 2.5810830, 128.37844, 122.25401,
15.384210, 134.03432, 2.4074588, 129.01969, 122.29456,
15.396510, 134.16955, 3.2401784, 129.67604, 122.33756,
15.408810, 132.41675, 2.9868724, 130.34633, 122.38300,
15.421110, 125.28323, 2.9523305, 131.02908, 122.43085,
15.433410, 137.46205, 2.5245667, 131.72262, 122.48105,
15.445700, 129.41805, 2.5533731, 132.42487, 122.53354,
15.457990, 133.69400, 2.6009512, 133.13483, 122.58831,
15.470280, 126.01525, 2.6519064, 133.85093, 122.64532,
15.482570, 130.71865, 2.6769025, 134.57163, 122.70454,
15.494860, 138.82313, 2.7067796, 135.29538, 122.76593,
15.507140, 138.71295, 2.5944392, 136.02007, 122.82940,
15.519420, 134.01432, 2.6914441, 136.74468, 122.89497,
15.531700, 133.81153, 2.7042218, 137.46776, 122.96260,
15.543980, 142.72993, 2.6654832, 138.18768, 123.03226,
15.556260, 146.13868, 2.5770336, 138.90300, 123.10391,
15.568530, 144.57272, 2.4071014, 139.61152, 123.17746,
15.580800, 137.95270, 2.4866847, 140.31230, 123.25293,
15.593070, 148.66830, 2.5929010, 141.00380, 123.33030,
15.605340, 141.83213, 2.4304252, 141.68450, 123.40952,
15.617600, 136.00275, 2.5335183, 142.35350, 123.49052,
15.629860, 143.44677, 2.2516313, 143.01228, 123.57330,
15.642120, 141.93375, 2.1559553, 143.66201, 123.65785,
15.654380, 138.64050, 2.4559292, 144.30362, 123.74413,
15.666640, 142.25760, 2.5708945, 144.93827, 123.83213,
15.678890, 141.25065, 2.4416066, 145.56642, 123.92173,
15.691140, 149.91700, 2.3642251, 146.18966, 124.01297,
15.703390, 147.34763, 2.2933580, 146.80900, 124.10584,
15.715640, 150.39175, 2.4307982, 147.42550, 124.20029,
15.727890, 152.40828, 2.4761178, 148.04017, 124.29631,
15.740130, 150.06438, 2.5880524, 148.65357, 124.39379,
15.752370, 150.23990, 2.6159716, 149.26715, 124.49277,
15.764610, 157.28465, 2.4991236, 149.88205, 124.59324,
15.776850, 155.50428, 2.6966746, 150.49918, 124.69516,
15.789090, 156.88235, 2.5092173, 151.11967, 124.79853,
15.801320, 157.08693, 2.7459893, 151.74397, 124.90321,
15.813550, 160.19922, 2.7083558, 152.37363, 125.00927,
15.825780, 161.38105, 2.5765854, 153.00970, 125.11668,
15.838010, 159.61925, 2.7281486, 153.65320, 125.22544,
15.850230, 161.37330, 2.7449772, 154.30468, 125.33541,
15.862450, 167.17725, 2.7728617, 154.96562, 125.44666,
15.874670, 164.81505, 3.0645219, 155.63717, 125.55919,
15.886890, 166.07380, 3.2836125, 156.32035, 125.67295,
15.899110, 166.99222, 2.9283429, 157.01617, 125.78793,
15.911320, 159.34175, 2.8312498, 157.72519, 125.90401,
15.923540, 166.74017, 3.4270552, 158.44966, 126.02136,
15.935750, 167.23373, 3.2423435, 159.18942, 126.13977,
15.947960, 158.65152, 3.3704930, 159.94620, 126.25931,
15.960160, 166.39780, 3.5553478, 160.72048, 126.37987,
15.972370, 162.93235, 3.5363285, 161.51461, 126.50161,
15.984570, 173.73550, 3.8055777, 162.32840, 126.62432,
15.996770, 174.83572, 3.5342621, 163.16374, 126.74809,
16.008961, 167.94760, 3.4952768, 164.02105, 126.87279,
16.021160, 177.70755, 3.2915556, 164.90277, 126.99859,
16.033350, 174.94438, 3.3092138, 165.80877, 127.12529,
16.045549, 176.19225, 3.2789224, 166.74168, 127.25305,
16.057739, 180.09972, 3.4589818, 167.70125, 127.38168,
16.069920, 178.69682, 3.3785646, 168.68864, 127.51114,
16.082109, 159.34450, 3.3471127, 169.70667, 127.64162,
16.094290, 162.60525, 3.2409414, 170.75500, 127.77291,
16.106470, 177.34098, 3.7528954, 171.83570, 127.90507,
16.118650, 166.04597, 3.3425115, 172.95009, 128.03810,
16.130831, 168.83852, 3.6941857, 174.09950, 128.17199,
16.143009, 172.86348, 3.5499626, 175.28508, 128.30668,
16.155180, 168.48228, 3.6489439, 176.50762, 128.44211,
16.167351, 179.16370, 4.0121899, 177.76923, 128.57833,
16.179520, 178.50660, 4.3532428, 179.07113, 128.71532,
16.191681, 175.79655, 3.7845515, 180.41411, 128.85299,
16.203850, 175.01237, 4.1616498, 181.80132, 128.99150,
16.216009, 184.22290, 4.8650368, 183.23228, 129.13064,
16.228170, 188.09287, 5.0529929, 184.70958, 129.27052,
16.240330, 189.97433, 7.5407417, 186.23101, 129.41108,
16.252489, 195.67965, 4.5959047, 187.79319, 129.55234,
16.264641, 202.81513, 5.0993071, 189.39148, 129.69418,
16.276791, 206.64050, 5.3152574, 191.02301, 129.83667,
16.288950, 208.92628, 5.1476192, 192.68578, 129.97991,
16.301090, 222.75342, 5.0649673, 194.37229, 130.12356,
16.313240, 246.56457, 5.6290796, 196.08295, 130.26794,
16.325380, 258.89295, 5.9686427, 197.81157, 130.41282,
16.337530, 277.40060, 4.5942166, 199.55736, 130.55840,
16.349670, 302.86043, 3.9654956, 201.31410, 130.70444,
16.361799, 329.40035, 3.9453747, 203.07801, 130.85091,
16.373940, 374.51377, 4.8894706, 204.84893, 130.99807,
16.386070, 406.70230, 5.0782051, 206.62035, 131.14566,
16.398211, 431.27095, 4.9688397, 208.39160, 131.29388,
16.410339, 441.74785, 4.6937719, 210.15613, 131.44248,
16.422461, 447.61958, 4.9830635, 211.91107, 131.59148,
16.434589, 445.24322, 5.4174274, 213.65516, 131.74107,
16.446711, 443.68246, 5.3886850, 215.38273, 131.89103,
16.458839, 443.45103, 5.0684406, 217.09247, 132.04156,
16.470961, 410.28598, 6.2722656, 218.77873, 132.19244,
16.483070, 380.72570, 5.0213377, 220.43755, 132.34361,
16.495190, 358.20924, 7.1544407, 222.06829, 132.49533,
16.500280, 357.81913, 5.2397702, 222.74366, 132.55919,
16.513599, 333.78130, 4.9317550, 224.48125, 132.72659,
16.526911, 316.38967, 4.2238639, 226.17157, 132.89438,
16.540211, 309.84635, 4.2917705, 227.80946, 133.06249,
16.553520, 286.42067, 4.1165322, 229.39274, 133.23117,
16.566820, 281.16365, 4.1998011, 230.91429, 133.40016,
16.580120, 270.30573, 3.8607306, 232.37039, 133.56957,
16.593420, 260.96626, 3.6584913, 233.75612, 133.73939,
16.606710, 254.80025, 3.5917754, 235.06558, 133.90947,
16.620001, 247.97018, 3.6021677, 236.29478, 134.07993,
16.633301, 241.12657, 3.4010594, 237.43940, 134.25087,
16.646589, 244.34367, 3.7327758, 238.49252, 134.42202,
16.659870, 241.80412, 3.4678390, 239.44941, 134.59340,
16.673149, 243.90445, 3.4213419, 240.30531, 134.76507,
16.686440, 240.73227, 3.4008257, 241.05561, 134.93720,
16.699711, 245.40248, 3.5224651, 241.69441, 135.10937,
16.712990, 238.13357, 3.6653764, 242.22947, 135.28192,
16.726271, 228.24497, 4.1100307, 242.67252, 135.45475,
16.739540, 240.46210, 3.6161150, 243.03524, 135.62769,
16.752810, 236.04730, 3.4037030, 243.33003, 135.80087,
16.766081, 245.92553, 3.3472651, 243.56882, 135.97430,
16.779341, 239.50798, 3.0990422, 243.76330, 136.14779,
16.792601, 241.39442, 3.2429267, 243.92551, 136.32147,
16.805870, 240.95177, 3.2566265, 244.06733, 136.49547,
16.819120, 238.05407, 3.7901827, 244.20025, 136.66939,
16.832380, 236.31625, 3.1068183, 244.33633, 136.84359,
16.845631, 239.21008, 3.0295338, 244.48712, 137.01782,
16.858891, 234.13557, 3.1590386, 244.66462, 137.19230,
16.872141, 241.20428, 3.4817408, 244.88036, 137.36678,
16.885380, 236.77860, 3.4569165, 245.14599, 137.54121,
16.898630, 236.30955, 3.2428603, 245.47382, 137.71589,
16.911869, 236.52208, 3.0298498, 245.87513, 137.89051,
16.925110, 244.14850, 3.0892341, 246.36219, 138.06522,
16.938351, 233.53135, 3.0376012, 246.94692, 138.23998,
16.951580, 247.89300, 3.2370426, 247.64070, 138.41464,
16.964821, 253.92507, 4.5686728, 248.45020, 138.58949,
16.978050, 260.38585, 4.0548005, 249.36083, 138.76420,
16.991270, 258.77783, 3.6565713, 250.35614, 138.93879,
17.004499, 275.88037, 3.3794760, 251.42128, 139.11351,
17.017719, 352.79362, 3.7647276, 252.53852, 139.28808,
17.030951, 726.94063, 5.9665995, 253.69344, 139.46278,
17.044161, 725.05316, 6.1122545, 254.86705, 139.63715,
17.057381, 354.35220, 4.2907881, 256.04591, 139.81160,
17.070601, 263.71955, 3.5276553, 257.21307, 139.98598,
17.083811, 264.19788, 3.2307179, 258.35160, 140.16015,
17.097019, 265.85468, 3.3918013, 259.44607, 140.33421,
17.110229, 273.12062, 3.5114081, 260.48066, 140.50818,
17.123430, 259.88606, 3.4671137, 261.43836, 140.68192,
17.136641, 262.78972, 3.4464240, 262.30432, 140.85565,
17.149839, 265.51174, 3.3081820, 263.06089, 141.02908,
17.163040, 253.11110, 3.4583513, 263.69261, 141.20239,
17.176229, 258.83397, 3.2660358, 264.18253, 141.37538,
17.189430, 266.09038, 3.5110009, 264.51497, 141.54834,
17.202620, 263.06597, 3.6678249, 264.67270, 141.72096,
17.215811, 264.26250, 3.7659427, 264.63931, 141.89340,
17.229000, 260.62901, 3.6428320, 264.39789, 142.06559,
17.242180, 266.65563, 3.6947303, 263.93184, 142.23743,
17.255369, 260.76423, 4.0485442, 263.23129, 142.40915,
17.268551, 269.00620, 3.7031055, 262.30734, 142.58051,
17.281719, 271.14201, 3.7029787, 261.17395, 142.75143,
17.294901, 281.39886, 4.0093088, 259.84169, 142.92224,
17.308069, 287.90210, 4.2018401, 258.32597, 143.09258,
17.321251, 290.36835, 3.8559843, 256.63630, 143.26278,
17.334410, 309.59070, 4.1036613, 254.78995, 143.43237,
17.347580, 319.48310, 4.8350713, 252.79461, 143.60177,
17.360750, 321.44103, 4.5298714, 250.66405, 143.77081,
17.373911, 329.29218, 4.9946496, 248.41204, 143.93937,
17.387070, 325.65505, 5.8215799, 246.04945, 144.10753,
17.400230, 307.93581, 4.5217623, 243.58748, 144.27532,
17.413380, 296.74063, 4.5200236, 241.04057, 144.44257,
17.426540, 298.82247, 4.5076824, 238.41606, 144.60953,
17.439690, 277.78450, 4.3023310, 235.73019, 144.77592,
17.452841, 265.40435, 4.8552913, 232.99198, 144.94189,
17.465981, 266.86629, 5.7277522, 230.21583, 145.10725,
17.479130, 259.45055, 5.5766037, 227.40890, 145.27226,
17.492270, 238.84787, 3.9185576, 224.58679, 145.43665,
17.505409, 238.52270, 3.9054756, 221.75899, 145.60054,
17.518551, 230.93923, 4.0628812, 218.93660, 145.76394,
17.531679, 224.11158, 4.3454335, 216.13439, 145.92663,
17.544821, 210.10835, 4.5791048, 213.35818, 146.08894,
17.557949, 215.53145, 4.3186460, 210.62515, 146.25051,
17.571079, 204.98532, 4.3234874, 207.94362, 146.41153,
17.584200, 206.30033, 4.3021852, 205.32745, 146.57184,
17.597330, 203.60005, 4.4324253, 202.78448, 146.73165,
17.610451, 195.32045, 4.4516192, 200.32889, 146.89072,
17.623569, 201.09260, 5.1544354, 197.96085, 147.04911,
17.636690, 211.32920, 7.1685776, 195.67743, 147.20687,
17.649799, 205.80153, 4.9825974, 193.47867, 147.36382,
17.662910, 209.55183, 4.9205997, 191.36012, 147.52010,
17.676029, 227.17477, 6.4045977, 189.31887, 147.67575,
17.689131, 225.75570, 5.4730760, 187.35667, 147.83047,
17.702240, 221.04708, 7.0582395, 185.46778, 147.98454,
17.715349, 223.00980, 6.7407473, 183.65147, 148.13785,
17.728451, 233.56030, 7.5795474, 181.90687, 148.29029,
17.741550, 219.60852, 5.5088567, 180.23136, 148.44190,
17.754641, 217.50680, 4.5439898, 178.62409, 148.59259,
17.767740, 213.70853, 3.8881193, 177.08102, 148.74256,
17.780830, 215.91480, 4.0034080, 175.60276, 148.89156,
17.793921, 220.88510, 3.9870323, 174.18657, 149.03970,
17.807011, 224.30615, 4.0047329, 172.83089, 149.18694,
17.820101, 216.86785, 3.7338231, 171.53423, 149.33327,
17.833179, 212.89240, 3.6239655, 170.29618, 149.47855,
17.846270, 210.90380, 3.5197510, 169.11316, 149.62300,
17.859341, 202.51395, 3.6979753, 167.98650, 149.76628,
17.872419, 194.47590, 3.7302896, 166.91249, 149.90865,
17.885500, 193.32278, 4.0402035, 165.89037, 150.05002,
17.898569, 193.15528, 3.9087451, 164.91986, 150.19025,
17.911640, 174.03102, 4.2716909, 163.99871, 150.32945,
17.924709, 176.83045, 4.3062612, 163.12599, 150.46755,
17.937780, 186.90185, 7.0352658, 162.30030, 150.60457,
17.941250, 177.32705, 3.7150853, 162.08892, 150.64076,
17.955721, 171.17688, 3.7894467, 161.24178, 150.79082,
17.970181, 171.31295, 3.9406915, 160.44989, 150.93936,
17.984650, 171.95200, 3.7388382, 159.71068, 151.08656,
17.999109, 154.13578, 4.5521172, 159.02378, 151.23219,
18.013571, 162.72198, 4.1598002, 158.38730, 151.37634,
18.028021, 155.41482, 4.1808724, 157.80052, 151.51885,
18.042480, 164.48350, 3.5971612, 157.26136, 151.65988,
18.056931, 150.66088, 3.4785580, 156.76936, 151.79921,
18.071381, 153.97027, 3.2220125, 156.32302, 151.93691,
18.085819, 148.97182, 3.0845456, 155.92155, 152.07284,
18.100269, 158.04580, 3.6492948, 155.56327, 152.20716,
18.114710, 163.95640, 3.8787499, 155.24747, 152.33966,
18.129150, 152.92482, 3.1689896, 154.97184, 152.47039,
18.143579, 153.24998, 3.4776720, 154.73432, 152.59919,
18.158020, 146.44175, 3.0392452, 154.53233, 152.72625,
18.172449, 140.79823, 3.7422797, 154.36404, 152.85132,
18.186880, 159.38503, 3.3306376, 154.22712, 152.97448,
18.201300, 155.71480, 3.3471256, 154.11957, 153.09558,
18.215719, 147.54639, 3.2033156, 154.03919, 153.21467,
18.230150, 152.11425, 3.1186201, 153.98391, 153.33181,
18.244560, 151.80367, 3.1489781, 153.95179, 153.44669,
18.258980, 150.18330, 3.0330257, 153.94074, 153.55951,
18.273390, 151.76188, 3.3765278, 153.94878, 153.67009,
18.287800, 154.62420, 3.5390464, 153.97394, 153.77845,
18.302210, 148.58720, 3.3372108, 154.01426, 153.88455,
18.316620, 153.04468, 3.2514714, 154.06780, 153.98834,
18.331020, 154.76192, 2.8993841, 154.13260, 154.08971,
18.345421, 150.10767, 2.9565696, 154.20677, 154.18869,
18.359819, 151.17335, 2.9076158, 154.28840, 154.28520,
18.374210, 153.18792, 3.2412668, 154.37555, 154.37917,
18.388611, 148.89545, 3.7229134, 154.46643, 154.47066,
18.403000, 146.94020, 3.6801316, 154.55904, 154.55948,
18.417379, 147.17562, 3.3325523, 154.65148, 154.64561,
18.431770, 155.53673, 2.9764537, 154.74203, 154.72910,
18.446150, 156.95070, 3.5103458, 154.82864, 154.80978,
18.460529, 154.10535, 3.1365609, 154.90951, 154.88766,
18.474911, 166.12405, 3.5733376, 154.98275, 154.96270,
18.489281, 159.20148, 4.3000496, 155.04642, 155.03476,
18.503660, 148.92660, 3.1547045, 155.09871, 155.10390,
18.518030, 145.22522, 3.0886018, 155.13848, 155.17001,
18.532391, 156.19667, 2.8217554, 155.16626, 155.23316,
18.546761, 155.14150, 3.1390985, 155.18276, 155.29351,
18.561119, 148.95915, 3.2967924, 155.18863, 155.35102,
18.575480, 168.30043, 3.9893005, 155.18455, 155.40583,
18.589840, 159.11927, 3.5017022, 155.17117, 155.45799,
18.604191, 158.07843, 3.0736806, 155.14913, 155.50754,
18.618549, 167.08553, 3.3387388, 155.11906, 155.55461,
18.632900, 155.84845, 2.8867324, 155.08160, 155.59919,
18.647240, 156.98208, 3.0560363, 155.03741, 155.64136,
18.661591, 158.08693, 3.4023568, 154.98702, 155.68124,
18.675930, 160.24770, 3.6616356, 154.93111, 155.71882,
18.690269, 162.61603, 3.6448816, 154.87026, 155.75421,
18.704611, 162.82630, 4.2555870, 154.80505, 155.78745,
18.718941, 167.25610, 3.6856041, 154.73614, 155.81859,
18.733271, 162.10183, 3.2606310, 154.66406, 155.84771,
18.747601, 173.43615, 3.3750154, 154.58940, 155.87486,
18.761930, 171.82875, 3.9764826, 154.51275, 155.90011,
18.776260, 161.93580, 4.0861429, 154.43468, 155.92350,
18.790581, 157.51273, 4.1146900, 154.35583, 155.94508,
18.804899, 153.33380, 3.6260184, 154.27674, 155.96492,
18.819220, 164.57420, 3.3383566, 154.19797, 155.98307,
18.833530, 184.06762, 3.6705886, 154.12014, 155.99957,
18.847839, 171.08070, 3.5329964, 154.04381, 156.01449,
18.862150, 180.43972, 4.6917304, 153.96953, 156.02789,
18.876459, 184.98282, 4.6069187, 153.89789, 156.03981,
18.890770, 180.45450, 4.1631385, 153.82947, 156.05030,
18.905069, 182.77440, 4.0637867, 153.76492, 156.05941,
18.919371, 179.28970, 4.4998069, 153.70474, 156.06720,
18.933670, 188.39278, 5.0141546, 153.64956, 156.07371,
18.947960, 187.97800, 4.1756640, 153.60000, 156.07899,
18.962250, 174.33105, 4.2291359, 153.55660, 156.08310,
18.976540, 177.67005, 4.8428095, 153.51999, 156.08608,
18.990829, 177.11580, 4.7126235, 153.49077, 156.08797,
19.005119, 173.67125, 4.8288544, 153.46956, 156.08884,
19.019400, 167.83828, 4.0102730, 153.45698, 156.08871,
19.033680, 174.33878, 4.3198646, 153.45366, 156.08765,
19.047960, 176.21653, 4.0696821, 153.46024, 156.08569,
19.062229, 168.66588, 4.1087746, 153.47734, 156.08289,
19.076500, 174.78072, 5.5024059, 153.50562, 156.07928,
19.090771, 156.32262, 4.8386359, 153.54574, 156.07492,
19.105040, 170.22278, 4.3474932, 153.59839, 156.06985,
19.119310, 165.25328, 4.9414117, 153.66425, 156.06410,
19.133570, 163.19390, 4.4336168, 153.74394, 156.05775,
19.147829, 146.89793, 5.5522145, 153.83823, 156.05081,
19.162090, 156.82748, 4.8717384, 153.94786, 156.04334,
19.176340, 159.93803, 4.8228973, 154.07342, 156.03538,
19.190599, 160.00108, 5.7001366, 154.21586, 156.02697,
19.204849, 158.78497, 6.4753909, 154.37575, 156.01816,
19.219101, 151.78300, 4.4823524, 154.55398, 156.00899,
19.233339, 148.13518, 4.2732485, 154.75112, 155.99951,
19.247580, 144.00357, 4.5424114, 154.96818, 155.98975,
19.261820, 147.56208, 4.6706658, 155.20594, 155.97976,
19.276060, 153.62680, 5.2063747, 155.46526, 155.96958,
19.290300, 164.20608, 6.1235435, 155.74699, 155.95926,
19.304529, 154.41310, 5.0322697, 156.05177, 155.94883,
19.318760, 145.76442, 5.5089513, 156.38074, 155.93835,
19.332991, 168.70892, 6.0171517, 156.73480, 155.92784,
19.347219, 159.80785, 5.2364194, 157.11482, 155.91735,
19.361441, 152.40262, 5.6391124, 157.52160, 155.90694,
19.375660, 155.70095, 5.7871301, 157.95626, 155.89663,
19.389879, 151.76695, 4.9982586, 158.41985, 155.88647,
19.404100, 183.79950, 6.6613553, 158.91347, 155.87650,
19.418310, 153.94222, 6.9321751, 159.43771, 155.86677,
19.432520, 156.03445, 7.4178811, 159.99401, 155.85731,
