# wave, flux, fluxerr, continuum, continuum_plateau
9.9725246, 91.243895, 2.5744847, 105.58374, 105.50090,
9.9806166, 90.528309, 2.8633073, 104.56696, 104.49761,
9.9887066, 87.490767, 2.8717982, 103.58340, 103.52592,
9.9967957, 82.963419, 2.6403213, 102.63226, 102.58517,
10.004880, 88.863300, 2.6314716, 101.71332, 101.67524,
10.012970, 80.575270, 2.7534386, 100.82473, 100.79442,
10.021050, 90.780323, 2.3969122, 99.967530, 99.943836,
10.029140, 92.451685, 2.6932571, 99.139058, 99.120950,
10.037220, 92.557270, 2.7061406, 98.340749, 98.327279,
10.045300, 94.402256, 2.4092785, 97.570903, 97.561224,
10.053380, 89.169754, 2.2804705, 96.828834, 96.822189,
10.061460, 91.154518, 2.6114918, 96.114127, 96.109840,
10.069540, 89.443197, 2.6569907, 95.426029, 95.423505,
10.077610, 85.830750, 2.5419622, 94.764892, 94.763609,
10.085690, 95.197910, 2.3892472, 94.128503, 94.128010,
10.093760, 93.510860, 2.5756355, 93.517804, 93.517716,
10.101830, 92.712408, 2.2764061, 92.931475, 92.931468,
10.109900, 93.736406, 2.2891135, 92.368906, 92.368713,
10.117970, 91.028093, 2.5259212, 91.829690, 91.829097,
10.126040, 94.225399, 2.7987808, 91.313226, 91.312069,
10.134100, 85.808193, 2.1919209, 90.819616, 90.817777,
10.142170, 87.377167, 2.4885649, 90.347055, 90.344454,
10.150230, 85.924723, 2.3276900, 89.896206, 89.892805,
10.158300, 88.732515, 2.2397240, 89.465495, 89.461288,
10.166360, 87.542360, 2.3959409, 89.055484, 89.050498,
10.174420, 88.887468, 2.5496796, 88.665061, 88.659348,
10.182470, 88.038191, 2.5340071, 88.294257, 88.287895,
10.190530, 86.214384, 2.3743555, 87.941660, 87.934747,
10.198590, 78.998487, 2.1533181, 87.607204, 87.599856,
10.206640, 82.208300, 2.2666410, 87.290858, 87.283207,
10.214690, 83.765499, 2.3989652, 86.991707, 86.983896,
10.222750, 87.388918, 2.3205954, 86.708964, 86.701144,
10.230800, 86.938457, 2.4690220, 86.442837, 86.435169,
10.238850, 83.229921, 2.3917570, 86.192531, 86.185174,
10.246890, 87.807444, 2.9476378, 85.957863, 85.950981,
10.254940, 80.689604, 2.6029844, 85.737832, 85.731588,
10.262990, 94.828369, 3.4749933, 85.532285, 85.526836,
10.271030, 77.455221, 2.9714321, 85.341004, 85.336500,
10.279070, 86.178423, 3.3529884, 85.163324, 85.159908,
10.287120, 87.483658, 2.9354936, 84.998588, 84.996393,
10.295150, 87.045864, 2.9300388, 84.846974, 84.846115,
10.303190, 80.302279, 3.1229651, 84.707487, 84.708070,
10.311230, 82.743137, 2.3438831, 84.580963, 84.583071,
10.319270, 85.610048, 2.7048262, 84.469310, 84.473000,
10.327300, 89.661432, 2.5027004, 84.374689, 84.379985,
10.335340, 84.661077, 2.4911458, 84.298893, 84.305794,
10.343370, 90.873669, 2.6889264, 84.244135, 84.252597,
10.351400, 79.526218, 2.8229108, 84.212363, 84.222310,
10.359430, 91.665459, 3.5762391, 84.205619, 84.216928,
10.367460, 86.328888, 2.5920609, 84.225953, 84.238457,
10.375480, 83.210644, 2.9225459, 84.275341, 84.288822,
10.383510, 90.613386, 3.0845581, 84.355980, 84.370165,
10.391530, 86.981689, 3.3411807, 84.469745, 84.484297,
10.399560, 81.385887, 2.3172003, 84.618991, 84.633510,
10.407580, 79.436460, 2.9104854, 84.805453, 84.819465,
10.415600, 79.528313, 2.6368069, 85.031357, 85.044311,
10.423620, 77.494833, 2.3850988, 85.298865, 85.310124,
10.431640, 79.297569, 2.2838137, 85.610035, 85.618871,
10.439650, 86.029495, 2.1974144, 85.966574, 85.972165,
10.447670, 82.218555, 2.0965173, 86.371526, 86.372933,
10.455680, 88.235674, 2.2206179, 86.825757, 86.821955,
10.463700, 92.325760, 2.2146799, 87.330129, 87.320135,
10.471710, 91.197178, 2.6638575, 87.881701, 87.864694,
10.479720, 86.807720, 2.2582119, 88.479480, 88.454766,
10.487730, 85.959042, 2.3185807, 89.121859, 89.088872,
10.495730, 83.817579, 2.4614704, 89.806399, 89.764706,
10.503740, 85.996487, 2.6243213, 90.533151, 90.482411,
10.511750, 86.868097, 3.4050424, 91.299750, 91.239740,
10.519750, 90.493578, 2.4151162, 92.103556, 92.034165,
10.527750, 98.219193, 2.5791299, 92.944103, 92.865302,
10.535750, 86.572214, 4.0856641, 93.819763, 93.731610,
10.543750, 89.120132, 3.5386165, 94.728898, 94.631536,
10.551750, 89.770473, 3.6964581, 95.670208, 95.563853,
10.559750, 101.46449, 3.9435020, 96.641960, 96.526903,
10.567850, 106.69170, 3.0073855, 97.655592, 97.532085,
10.576350, 105.01745, 2.4831636, 98.749565, 98.617653,
10.584840, 119.08870, 2.5673603, 99.871452, 99.731684,
10.593340, 117.24937, 2.4329694, 101.02226, 100.87522,
10.601830, 114.87267, 2.5191905, 102.19738, 102.04375,
10.610330, 106.31149, 2.3687070, 103.39797, 103.23846,
10.618820, 116.88470, 2.5365342, 104.61946, 104.45483,
10.627310, 114.71988, 2.2722355, 105.86131, 105.69237,
10.635800, 108.87805, 2.2460127, 107.12207, 106.94966,
10.644280, 115.91285, 2.4273125, 108.39830, 108.22330,
10.652770, 112.47830, 2.3749080, 109.69128, 109.51462,
10.661250, 117.47117, 2.2766563, 110.99640, 110.81903,
10.669740, 114.31602, 2.5864455, 112.31490, 112.13779,
10.678220, 117.53028, 2.8873579, 113.64210, 113.46627,
10.686700, 122.63860, 2.6231628, 114.97780, 114.80427,
10.695180, 125.54715, 2.5514553, 116.32029, 116.15012,
10.703650, 122.91473, 2.7467473, 117.66637, 117.50062,
10.712130, 131.11320, 2.6378109, 119.01722, 118.85702,
10.720600, 133.00070, 2.5092014, 120.36844, 120.21489,
10.729080, 136.25668, 2.6449991, 121.72122, 121.57547,
10.737550, 137.78742, 2.8248851, 123.07069, 122.93389,
10.746020, 136.67475, 2.6893801, 124.41699, 124.29033,
10.754490, 140.81968, 2.5387497, 125.75814, 125.64282,
10.762960, 137.82647, 2.8562087, 127.09274, 126.99000,
10.771420, 137.60978, 2.8772486, 128.41718, 128.32826,
10.779890, 141.19050, 2.8883094, 129.73336, 129.65955,
10.788350, 135.07795, 2.5133316, 131.03617, 130.97877,
10.796810, 134.84425, 2.9006476, 132.32556, 132.28591,
10.805270, 139.64187, 2.8579264, 133.59984, 133.57931,
10.813730, 133.44238, 2.7696997, 134.85731, 134.85731,
10.822190, 131.60450, 2.7327346, 136.09660, 136.11855,
10.830650, 134.75355, 3.2558898, 137.31767, 137.36292,
10.839100, 138.62900, 3.0927880, 138.51934, 138.58907,
10.847560, 137.40413, 2.7614512, 139.70488, 139.80023,
10.856010, 137.91510, 3.0122318, 140.87177, 140.99371,
10.864460, 150.81513, 3.6927262, 142.02150, 142.17092,
10.872910, 149.36387, 3.2456377, 143.15447, 143.33218,
10.881360, 153.26065, 3.2916308, 144.27107, 144.47778,
10.889800, 155.11467, 3.9050878, 145.37009, 145.60636,
10.898250, 155.82050, 4.0882733, 146.45439, 146.72078,
10.906690, 163.15507, 3.8949964, 147.52177, 147.81868,
10.915140, 174.83340, 4.2024748, 148.57502, 148.90282,
10.923580, 182.15820, 4.1496823, 149.61175, 149.97068,
10.932020, 191.66057, 5.0241756, 150.63353, 151.02378,
10.940460, 192.12855, 4.2317772, 151.64059, 152.06226,
10.948890, 194.41818, 5.8347226, 152.63192, 153.08501,
10.957330, 209.29342, 4.7967744, 153.61022, 154.09475,
10.965760, 231.30348, 4.0548886, 154.57339, 155.08921,
10.974200, 248.66390, 3.8981263, 155.52382, 156.07081,
10.982630, 282.71453, 3.8650232, 156.45947, 157.03735,
10.991060, 303.51560, 3.4803093, 157.38183, 157.99033,
10.999490, 308.05705, 3.3634819, 158.29090, 158.92967,
11.007920, 308.85742, 4.1553595, 159.18709, 159.85573,
11.016340, 309.39809, 3.2106451, 160.06939, 160.76741,
11.024770, 299.74152, 4.2050541, 160.94009, 161.66702,
11.033190, 296.80303, 4.6818570, 161.79742, 162.55268,
11.041610, 284.22800, 3.6511415, 162.64254, 163.42552,
11.050030, 278.36717, 3.4519311, 163.47563, 164.28570,
11.058450, 274.27280, 5.6768806, 164.29686, 165.13335,
11.066870, 257.55343, 3.8420857, 165.10642, 165.96859,
11.075290, 261.29810, 3.9210870, 165.90446, 166.79155,
11.083700, 261.23812, 3.8543082, 166.69026, 167.60146,
11.092120, 263.41632, 3.9197174, 167.46578, 168.40028,
11.100530, 268.82099, 4.1690243, 168.22931, 169.18623,
11.108940, 287.20660, 4.3506822, 168.98208, 169.96052,
11.117350, 293.43590, 5.7760209, 169.72406, 170.72311,
11.120570, 306.87613, 4.0055897, 170.00541, 171.01211,
11.129530, 315.88023, 3.8358928, 170.78007, 171.80729,
11.138500, 334.92422, 3.8825073, 171.54387, 172.59053,
11.147460, 372.01030, 4.2017630, 172.29519, 173.36013,
11.156430, 423.54270, 4.4956607, 173.03596, 174.11804,
11.165390, 506.42589, 4.7071893, 173.76460, 174.86262,
11.174350, 599.31790, 4.9553260, 174.48215, 175.59490,
11.183300, 724.66281, 5.6906327, 175.18800, 176.31426,
11.192260, 844.78085, 6.1172218, 175.88382, 177.02237,
11.201220, 931.60672, 6.1130918, 176.56899, 177.71857,
11.210170, 953.89728, 6.1359493, 177.24294, 178.40229,
11.219120, 948.20699, 6.4184255, 177.90654, 179.07440,
11.228070, 944.90335, 6.4234215, 178.55993, 179.73501,
11.237020, 944.08937, 6.0713608, 179.20317, 180.38420,
11.245970, 938.66783, 6.1260225, 179.83651, 181.02222,
11.254920, 924.14282, 6.3149708, 180.46003, 181.64912,
11.263860, 895.12447, 6.2028624, 181.07312, 182.26431,
11.272800, 869.62840, 5.8526033, 181.67670, 182.86872,
11.281750, 828.80798, 5.8307571, 182.27138, 183.46295,
11.290690, 794.00218, 5.9457389, 182.85614, 184.04598,
11.299630, 754.32748, 5.7848173, 183.43159, 184.61845,
11.308560, 712.16270, 5.4586752, 183.99730, 185.17993,
11.317500, 681.47084, 5.3874752, 184.55458, 185.73173,
11.326430, 638.62082, 5.4303542, 185.10235, 186.27280,
11.335370, 600.81451, 5.2301484, 185.64185, 186.80438,
11.344300, 571.62790, 4.8434249, 186.17204, 187.32545,
11.353230, 544.15866, 4.7415288, 186.69358, 187.83670,
11.362160, 511.32050, 4.8108919, 187.20650, 188.33817,
11.371080, 487.91611, 4.6130077, 187.71047, 188.82955,
11.380010, 469.53308, 4.3748881, 188.20652, 189.31190,
11.388930, 452.84392, 4.3231700, 188.69379, 189.78437,
11.397850, 430.60687, 4.3974467, 189.17277, 190.24749,
11.406780, 410.01984, 4.2422891, 189.64414, 190.70194,
11.415700, 389.77975, 3.9712988, 190.10686, 191.14675,
11.424610, 378.01255, 4.0031066, 190.56107, 191.58208,
11.433530, 376.66848, 4.1954319, 191.00781, 192.00897,
11.442450, 357.47167, 4.0333880, 191.44664, 192.42703,
11.451360, 337.17635, 3.7366461, 191.87716, 192.83592,
11.460270, 326.69946, 3.8381562, 192.29991, 193.23619,
11.469180, 321.36961, 3.9853648, 192.71494, 193.62793,
11.478090, 309.83405, 3.8780171, 193.12229, 194.01121,
11.487000, 296.50314, 3.7049036, 193.52201, 194.38613,
11.495910, 289.53310, 3.7502954, 193.91410, 194.75274,
11.504810, 284.50990, 4.0082330, 194.29828, 195.11081,
11.513710, 275.75380, 3.9135230, 194.67494, 195.46075,
11.522620, 270.95992, 3.7347159, 195.04457, 195.80308,
11.531520, 269.95232, 3.7808196, 195.40634, 196.13708,
11.540420, 267.32263, 3.9675913, 195.76073, 196.46322,
11.549310, 260.32955, 3.9474332, 196.10739, 196.78126,
11.558210, 255.40705, 3.8496688, 196.44712, 197.09198,
11.567100, 250.98135, 3.8581951, 196.77913, 197.39469,
11.576000, 251.36755, 5.9197608, 197.10428, 197.69026,
11.584890, 237.50133, 4.3397309, 197.42178, 197.97801,
11.593780, 243.72257, 4.7011995, 197.73202, 198.25837,
11.602670, 234.51080, 4.2987911, 198.03507, 198.53144,
11.611560, 231.43345, 4.2870043, 198.33090, 198.79728,
11.620440, 226.32280, 4.5937681, 198.61919, 199.05564,
11.629330, 216.86432, 4.2681139, 198.90063, 199.30723,
11.638210, 210.68033, 4.4083817, 199.17459, 199.55152,
11.647090, 210.07948, 4.7583585, 199.44134, 199.78884,
11.655970, 199.60885, 4.7594928, 199.70091, 200.01928,
11.664850, 205.42788, 3.6805720, 199.95334, 200.24293,
11.673730, 199.93073, 2.7387763, 200.19855, 200.45981,
11.682600, 205.07273, 3.1686408, 200.43632, 200.66978,
11.691480, 205.45213, 3.1414357, 200.66714, 200.87335,
11.700350, 201.48980, 3.4802372, 200.89051, 201.07015,
11.709220, 209.58002, 3.8336509, 201.10667, 201.26046,
11.718090, 208.64843, 3.9740358, 201.31559, 201.44434,
11.726960, 203.78688, 4.0360623, 201.51726, 201.62185,
11.735830, 215.71545, 4.2965856, 201.71165, 201.79305,
11.744690, 209.89378, 4.5397017, 201.89852, 201.95780,
11.753560, 196.93283, 3.9133436, 202.07829, 202.11656,
11.762420, 199.49123, 3.7178062, 202.25050, 202.26899,
11.771280, 205.25010, 5.5969145, 202.41536, 202.41536,
11.775020, 205.23973, 3.2994915, 202.48271, 202.47532,
11.784500, 205.16290, 3.2842011, 202.64755, 202.62250,
11.793980, 204.84843, 3.3511270, 202.80391, 202.76268,
11.803460, 208.39743, 3.4504931, 202.95182, 202.89583,
11.812940, 207.15073, 3.1282081, 203.09124, 203.02185,
11.822420, 207.96775, 3.3049138, 203.22221, 203.14069,
11.831890, 207.21178, 3.1485645, 203.34457, 203.25216,
11.841360, 206.29485, 3.3807880, 203.45846, 203.35632,
11.850840, 215.76418, 3.0453385, 203.56398, 203.45319,
11.860310, 217.21738, 3.1251269, 203.66088, 203.54250,
11.869770, 224.52755, 3.2017334, 203.74919, 203.62422,
11.879240, 222.75737, 3.0627847, 203.82905, 203.69841,
11.888710, 225.09423, 2.9908734, 203.90035, 203.76493,
11.898170, 232.11652, 3.1914901, 203.96300, 203.82364,
11.907630, 228.65505, 3.1234483, 204.01704, 203.87453,
11.917090, 227.81958, 3.1368132, 204.06244, 203.91754,
11.926550, 230.00303, 3.5653212, 204.09916, 203.95256,
11.936010, 232.62077, 3.0840593, 204.12716, 203.97953,
11.945470, 238.83552, 3.1268890, 204.14639, 203.99836,
11.954920, 236.71840, 3.1194985, 204.15680, 204.00896,
11.964370, 230.78488, 3.3401525, 204.15837, 204.01127,
11.973830, 238.62527, 2.9982621, 204.15101, 204.00519,
11.983280, 239.64990, 3.0664540, 204.13470, 203.99066,
11.992720, 245.10228, 3.0551217, 204.10940, 203.96760,
12.002170, 248.99965, 3.0218108, 204.07499, 203.93587,
12.011610, 236.58135, 2.9469650, 204.03146, 203.89546,
12.021060, 232.24260, 3.0266784, 203.97867, 203.84619,
12.030500, 227.74517, 3.0060181, 203.91664, 203.78806,
12.039940, 225.82383, 3.4489381, 203.84525, 203.72094,
12.049380, 228.13538, 2.9104993, 203.76440, 203.64472,
12.058820, 225.62443, 2.9811951, 203.67403, 203.55931,
12.068250, 226.49010, 3.1738288, 203.57414, 203.46472,
12.077690, 219.11168, 2.9398382, 203.46443, 203.36064,
12.087120, 217.44527, 2.8745543, 203.34504, 203.24720,
12.096550, 216.69812, 3.1236652, 203.21575, 203.12418,
12.105980, 209.20802, 3.0003124, 203.07647, 202.99148,
12.115410, 211.45590, 2.9776583, 202.92708, 202.84900,
12.124830, 207.30540, 2.8762385, 202.76763, 202.69678,
12.134260, 208.61730, 3.0801464, 202.59770, 202.53441,
12.143680, 202.48407, 3.0354805, 202.41751, 202.36213,
12.153100, 207.88990, 3.1120350, 202.22675, 202.17962,
12.162520, 219.75580, 3.6623800, 202.02531, 201.98680,
12.171940, 202.22775, 3.0373975, 201.81307, 201.78357,
12.181360, 206.19895, 3.2055741, 201.58986, 201.56977,
12.190770, 198.65413, 3.3454125, 201.35583, 201.34555,
12.200180, 202.38955, 3.1304171, 201.11058, 201.11058,
12.209600, 198.01268, 3.0998609, 200.85375, 200.86450,
12.219010, 200.29760, 3.5248867, 200.58611, 200.60800,
12.228420, 207.98873, 3.4259415, 200.30760, 200.34100,
12.237820, 199.69842, 3.2913492, 200.01883, 200.06401,
12.247230, 205.60742, 3.3694133, 199.71937, 199.77661,
12.256630, 198.54055, 3.4053167, 199.41010, 199.47958,
12.266040, 241.60530, 4.0554129, 199.09064, 199.17252,
12.275440, 448.19435, 5.3046118, 198.76186, 198.85624,
12.284840, 474.47995, 5.3325145, 198.42370, 198.53063,
12.294230, 279.72612, 4.1558935, 198.07667, 198.19617,
12.303630, 213.59718, 4.5313325, 197.72036, 197.85241,
12.313030, 226.75880, 4.4495204, 197.35526, 197.49981,
12.322420, 219.36610, 4.9871964, 196.98205, 197.13899,
12.331810, 216.16740, 3.3644109, 196.60052, 196.76973,
12.341200, 215.18787, 2.8007217, 196.21088, 196.39221,
12.350590, 224.34855, 2.8846603, 195.81334, 196.00660,
12.359980, 233.27105, 3.0355753, 195.40810, 195.61307,
12.369360, 235.35382, 3.2014637, 194.99577, 195.21220,
12.378750, 224.83057, 3.0378284, 194.57572, 194.80336,
12.388130, 229.51085, 3.3975460, 194.14898, 194.38753,
12.397510, 224.02533, 3.1861057, 193.71536, 193.96453,
12.406890, 230.77053, 3.0640149, 193.27497, 193.53442,
12.416270, 235.22293, 3.1047529, 192.82804, 193.09741,
12.425640, 234.12312, 3.1873846, 192.37524, 192.65418,
12.435020, 237.30920, 3.4698579, 191.91575, 192.20388,
12.444390, 242.44337, 3.7300056, 191.45076, 191.74769,
12.453760, 247.55737, 3.6471967, 190.97995, 191.28527,
12.463130, 242.14758, 3.7303688, 190.50348, 190.81678,
12.472500, 249.71152, 4.0398868, 190.02152, 190.34238,
12.481870, 256.85395, 4.7290674, 189.53424, 189.86222,
12.489420, 264.46398, 3.6172006, 189.13783, 189.47122,
12.499490, 267.56497, 3.7938829, 188.60407, 188.94423,
12.509550, 280.98499, 3.7189255, 188.06522, 188.41162,
12.519610, 284.53497, 3.4919583, 187.52097, 187.87308,
12.529670, 286.94635, 3.5022379, 186.97157, 187.32886,
12.539730, 291.69170, 3.6501923, 186.41711, 186.77904,
12.549780, 293.08785, 4.3168983, 185.85841, 186.22445,
12.559840, 300.35965, 3.6190000, 185.29450, 185.66411,
12.569890, 308.73930, 4.2118399, 184.72675, 185.09937,
12.579940, 294.51055, 3.6540349, 184.15474, 184.52985,
12.589990, 318.65097, 3.6729605, 183.57866, 183.95572,
12.600040, 319.43987, 3.5713624, 182.99864, 183.37711,
12.610090, 333.93710, 3.5667670, 182.41497, 182.79432,
12.620130, 334.06075, 3.7365535, 181.82837, 182.20809,
12.630170, 345.71912, 3.7132475, 181.23837, 181.61793,
12.640210, 349.25385, 3.7085001, 180.64519, 181.02409,
12.650250, 345.17732, 3.9566492, 180.04900, 180.42673,
12.660290, 353.67447, 3.9999204, 179.45003, 179.82610,
12.670330, 354.55655, 4.1899904, 178.84834, 179.22227,
12.680360, 373.98293, 3.7679999, 178.24479, 178.61609,
12.690390, 384.65996, 3.6680007, 177.63891, 178.00712,
12.700420, 388.00763, 3.6734551, 177.03082, 177.39548,
12.710450, 397.93132, 3.6766345, 176.42079, 176.78145,
12.720480, 403.66441, 3.8288691, 175.80892, 176.16516,
12.730500, 407.80215, 4.1698749, 175.19598, 175.54737,
12.740530, 411.49136, 3.7040538, 174.58095, 174.92707,
12.750550, 391.44520, 3.5460512, 173.96517, 174.30563,
12.760570, 390.45975, 3.6434344, 173.34826, 173.68268,
12.770590, 399.48727, 3.7176365, 172.73028, 173.05828,
12.780610, 388.22961, 3.6132876, 172.11144, 172.43266,
12.790620, 398.60600, 4.2267424, 171.49255, 171.80665,
12.800640, 386.75410, 5.3867493, 170.87247, 171.17911,
12.810650, 373.39282, 5.5507360, 170.25266, 170.55153,
12.820660, 364.04017, 4.2644921, 169.63263, 169.92342,
12.830670, 329.67080, 3.2798319, 169.01248, 169.29489,
12.840680, 317.64595, 3.2350438, 168.39249, 168.66624,
12.850680, 288.70982, 3.1835898, 167.77333, 168.03817,
12.860690, 268.00578, 3.1232674, 167.15401, 167.40966,
12.870690, 261.53307, 3.0416085, 166.53584, 166.78208,
12.880690, 242.69455, 2.9414560, 165.91846, 166.15505,
12.890690, 227.12305, 2.8523895, 165.30190, 165.52864,
12.900680, 224.29612, 2.9240981, 164.68704, 164.90373,
12.910680, 203.88045, 2.8045910, 164.07274, 164.27917,
12.920670, 197.00230, 2.7102655, 163.46044, 163.65645,
12.930670, 191.50668, 2.7149245, 162.84903, 163.03443,
12.940660, 189.14975, 2.6130731, 162.23989, 162.41453,
12.950640, 183.17233, 2.8456260, 161.63329, 161.79704,
12.960630, 178.13723, 2.7270713, 161.02800, 161.18071,
12.970620, 180.72145, 2.7334776, 160.42494, 160.56647,
12.980600, 172.92393, 2.7061718, 159.82478, 159.95504,
12.990580, 172.30815, 2.9353628, 159.22718, 159.34604,
13.000560, 165.33038, 2.8123714, 158.63219, 158.73954,
13.010540, 168.74967, 2.8234429, 158.04002, 158.13577,
13.020520, 167.32863, 2.8046320, 157.45084, 157.53491,
13.030490, 161.21098, 2.9744891, 156.86545, 156.93774,
13.040470, 155.75220, 2.9493719, 156.28277, 156.34320,
13.050440, 158.93847, 2.9731689, 155.70421, 155.75271,
13.060410, 155.21972, 2.9105491, 155.12933, 155.16581,
13.070380, 157.92220, 2.9744698, 154.55823, 154.58262,
13.080350, 154.92842, 3.3326226, 153.99122, 154.00345,
13.090310, 155.68797, 3.1731429, 153.42894, 153.42894,
13.100280, 153.10558, 3.5331993, 152.87047, 152.85816,
13.110240, 145.50053, 3.4609357, 152.31686, 152.29221,
13.120200, 150.76482, 3.6938903, 151.76755, 151.73054,
13.130160, 154.34182, 3.3944021, 151.22249, 151.17314,
13.140110, 156.75805, 2.8370765, 150.68221, 150.62060,
13.150070, 151.74887, 2.3649639, 150.14554, 150.07173,
13.160020, 151.95063, 2.9086348, 149.61358, 149.52769,
13.169980, 157.90615, 2.9130553, 149.08518, 148.98733,
13.179930, 150.75912, 2.4282591, 148.56141, 148.45178,
13.189870, 149.74477, 2.9545324, 148.04219, 147.92099,
13.199820, 145.31837, 2.8857700, 147.52650, 147.39392,
13.209770, 150.25522, 2.5873882, 147.01476, 146.87104,
13.219710, 150.46680, 2.4560082, 146.50754, 146.35295,
13.229650, 153.29280, 2.8813002, 146.00431, 145.83913,
13.239590, 146.90548, 3.0626795, 145.50497, 145.32950,
13.249530, 142.68220, 3.1301978, 145.00954, 144.82410,
13.259470, 145.76468, 2.7282299, 144.51801, 144.32295,
13.269410, 152.37870, 3.0863951, 144.03036, 143.82603,
13.279340, 147.49653, 3.2413955, 143.54710, 143.33388,
13.289270, 151.45565, 3.1717767, 143.06764, 142.84592,
13.299200, 151.86697, 3.2842859, 142.59207, 142.36225,
13.309130, 147.08315, 3.1796380, 142.12034, 141.88284,
13.318260, 149.49183, 2.4767701, 141.68996, 141.44578,
13.328980, 146.39445, 2.3773684, 141.18876, 140.93722,
13.339690, 142.52720, 2.3410554, 140.69251, 140.43413,
13.350400, 149.11730, 2.4599990, 140.20070, 139.93603,
13.361120, 145.73228, 2.4221667, 139.71287, 139.44245,
13.371830, 145.96710, 2.2692697, 139.22996, 138.95438,
13.382530, 147.46142, 2.2581348, 138.75193, 138.47175,
13.393240, 150.98127, 2.3629063, 138.27794, 137.99374,
13.403940, 152.90470, 2.5607828, 137.80883, 137.52120,
13.414650, 153.98125, 2.8004507, 137.34379, 137.05332,
13.425350, 150.75880, 2.5839416, 136.88365, 136.59095,
13.436050, 152.05845, 2.4030297, 136.42802, 136.13368,
13.446740, 152.65840, 2.6436036, 135.97735, 135.68198,
13.457440, 157.34543, 2.4222648, 135.53078, 135.23498,
13.468130, 164.16402, 2.3683743, 135.08921, 134.79358,
13.478830, 160.22240, 2.2701758, 134.65179, 134.35694,
13.489520, 165.93940, 2.3261035, 134.21941, 133.92594,
13.500200, 167.49022, 2.4113595, 133.79205, 133.50055,
13.510890, 167.83902, 2.3811588, 133.36898, 133.08004,
13.521570, 176.00758, 2.4500472, 132.95098, 132.66519,
13.532260, 178.37455, 2.3799502, 132.53735, 132.25527,
13.542940, 179.78195, 2.4199686, 132.12886, 131.85106,
13.553620, 177.89850, 2.8565108, 131.72518, 131.45222,
13.564290, 173.22285, 2.6515916, 131.32674, 131.05916,
13.574970, 169.14043, 2.3802286, 130.93281, 130.67114,
13.585640, 167.11053, 2.3047022, 130.54420, 130.28895,
13.596320, 169.76292, 2.4101621, 130.16020, 129.91189,
13.606990, 162.06885, 2.4557758, 129.78163, 129.54072,
13.617650, 153.75140, 2.7262932, 129.40848, 129.17544,
13.628320, 151.14878, 2.2779925, 129.04014, 128.81542,
13.638980, 153.86407, 2.3297620, 128.67734, 128.46136,
13.649650, 147.12587, 2.3657874, 128.31948, 128.11265,
13.660310, 149.60320, 2.4394321, 127.96728, 127.76996,
13.670970, 148.98233, 2.8823776, 127.62047, 127.43302,
13.681630, 144.77393, 2.3291151, 127.27913, 127.10188,
13.692280, 140.94765, 3.0195501, 126.94365, 126.77689,
13.702940, 135.51820, 2.3939676, 126.61346, 126.45746,
13.713590, 139.68760, 2.5928754, 126.28927, 126.14426,
13.724240, 132.03297, 2.3145223, 125.97082, 125.83700,
13.734890, 135.12205, 2.2453771, 125.65824, 125.53578,
13.745530, 135.03022, 2.2931392, 125.35186, 125.24088,
13.756180, 131.11685, 2.3498497, 125.05123, 124.95183,
13.766820, 132.38795, 5.8723963, 124.75697, 124.66920,
13.777460, 137.34382, 5.6085214, 124.46890, 124.39278,
13.788100, 127.00670, 2.2141049, 124.18713, 124.12261,
13.798740, 122.93910, 2.1668120, 123.91175, 123.85877,
13.809380, 125.75635, 2.3738002, 123.64289, 123.60132,
13.820010, 127.42990, 2.4631398, 123.38084, 123.35051,
13.830640, 123.91992, 2.2413166, 123.12551, 123.10620,
13.841270, 123.76372, 2.2626974, 122.87698, 122.86841,
13.851900, 120.58558, 2.3170619, 122.63540, 122.63724,
13.862530, 120.82330, 2.7609864, 122.40077, 122.41265,
13.873150, 123.58512, 2.5761088, 122.17306, 122.19463,
13.883780, 119.88165, 2.6563294, 121.95161, 121.98254,
13.894400, 125.77398, 2.4008960, 121.73656, 121.77652,
13.905020, 130.37358, 2.4919304, 121.52746, 121.57616,
13.915640, 123.80220, 2.5686401, 121.32407, 121.38121,
13.926250, 126.38910, 2.7282908, 121.12632, 121.19160,
13.936870, 122.92388, 2.5894674, 120.93362, 121.00679,
13.947480, 128.43725, 2.6602980, 120.74606, 120.82684,
13.958090, 126.68005, 2.8054282, 120.56325, 120.65138,
13.968700, 133.04678, 3.0636603, 120.38493, 120.48016,
13.979310, 126.04548, 3.0898326, 120.21089, 120.31297,
13.989910, 130.32610, 2.8331073, 120.04106, 120.14972,
14.000520, 130.09870, 2.8425571, 119.87488, 119.98988,
14.011120, 120.70665, 3.0948923, 119.71244, 119.83352,
14.021720, 122.96670, 3.2828807, 119.55336, 119.68027,
14.032320, 125.75970, 3.1440492, 119.39742, 119.52991,
14.042920, 123.65960, 3.0069476, 119.24440, 119.38221,
14.053510, 130.27975, 3.2218075, 119.09423, 119.23708,
14.064110, 132.29605, 3.8281489, 118.94640, 119.09403,
14.074700, 125.28200, 3.6753560, 118.80096, 118.95309,
14.085290, 127.55683, 3.7796884, 118.65759, 118.81393,
14.095870, 119.23753, 2.7937235, 118.51619, 118.67645,
14.106460, 125.35125, 2.3300196, 118.37628, 118.54016,
14.117040, 123.27132, 2.4493365, 118.23791, 118.40510,
14.127630, 121.13787, 2.5593438, 118.10060, 118.27079,
14.138210, 134.74142, 2.7341664, 117.96442, 118.13728,
14.148790, 130.20060, 3.1155351, 117.82902, 118.00421,
14.159370, 133.53245, 3.2827199, 117.69419, 117.87137,
14.169940, 146.92960, 3.1364900, 117.55986, 117.73867,
14.180520, 147.14668, 4.8957079, 117.42556, 117.60562,
14.182090, 132.91935, 2.9573301, 117.40563, 117.58584,
14.193560, 145.95060, 2.6138598, 117.25993, 117.44102,
14.205030, 145.79737, 2.5880119, 117.11386, 117.29536,
14.216500, 143.27100, 2.8706686, 116.96716, 117.14860,
14.227970, 146.63538, 2.6775751, 116.81957, 117.00046,
14.239430, 150.84430, 2.6805753, 116.67094, 116.85078,
14.250890, 141.79502, 2.4851721, 116.52090, 116.69917,
14.262350, 139.40810, 2.6282182, 116.36915, 116.54532,
14.273810, 139.59042, 2.6461137, 116.21544, 116.38897,
14.285270, 124.60580, 2.8279566, 116.05950, 116.22985,
14.296730, 128.73255, 2.6112787, 115.90105, 116.06765,
14.308180, 129.39808, 2.3799979, 115.73997, 115.90225,
14.319630, 123.29947, 2.2844767, 115.57585, 115.73322,
14.331080, 124.23205, 2.4216246, 115.40839, 115.56028,
14.342530, 124.90585, 2.2974009, 115.23736, 115.38315,
14.353970, 123.76363, 2.1386991, 115.06261, 115.20171,
14.365410, 122.31530, 2.0506755, 114.88370, 115.01550,
14.376860, 121.27187, 2.3955428, 114.70021, 114.82408,
14.388300, 116.17328, 2.3472919, 114.51215, 114.62749,
14.399730, 118.03530, 2.2648230, 114.31927, 114.42546,
14.411170, 116.27085, 1.9611214, 114.12093, 114.21734,
14.422600, 114.60012, 2.0101075, 113.91719, 114.00322,
14.434030, 110.83870, 1.8616286, 113.70758, 113.78262,
14.445460, 108.19795, 2.0933246, 113.49178, 113.55522,
14.456890, 109.80523, 2.0133540, 113.26953, 113.32077,
14.468320, 111.24515, 1.8966847, 113.04050, 113.07895,
14.479740, 111.87275, 1.8365953, 112.80459, 112.82967,
14.491160, 114.05898, 1.8938894, 112.56128, 112.57244,
14.502580, 110.80918, 1.9583142, 112.31030, 112.30698,
14.514000, 111.43978, 2.1478845, 112.05155, 112.03325,
14.525420, 114.40735, 2.0424887, 111.78559, 111.75187,
14.536830, 113.29105, 1.9409379, 111.51325, 111.46379,
14.548240, 108.93765, 1.8935385, 111.23489, 111.16945,
14.559650, 103.33183, 2.4048446, 110.95108, 110.86949,
14.571060, 109.11143, 2.0689946, 110.66243, 110.56465,
14.582470, 108.84118, 2.4732179, 110.36952, 110.25558,
14.593870, 106.94057, 2.1206805, 110.07316, 109.94322,
14.605270, 109.86193, 2.0720528, 109.77368, 109.62798,
14.616670, 108.47345, 2.0391858, 109.47170, 109.31057,
14.628070, 108.63805, 2.2845502, 109.16771, 108.99160,
14.639470, 101.47645, 2.3147863, 108.86233, 108.67178,
14.650860, 104.85513, 1.9491656, 108.55641, 108.35206,
14.662260, 106.35005, 1.9247445, 108.24994, 108.03255,
14.673650, 105.57208, 2.0234424, 107.94406, 107.71448,
14.685040, 106.16397, 2.0429306, 107.63903, 107.39822,
14.696420, 104.75107, 2.0811006, 107.33575, 107.08477,
14.707810, 108.70788, 1.9545682, 107.03417, 106.77418,
14.719190, 106.04367, 1.9005247, 106.73548, 106.46774,
14.730570, 104.57924, 2.0100275, 106.43990, 106.16579,
14.741950, 103.13591, 2.0033056, 106.14805, 105.86902,
14.753330, 101.74465, 2.1212418, 105.86049, 105.57810,
14.764700, 107.61811, 2.2009494, 105.57806, 105.29398,
14.776080, 103.80109, 1.9214686, 105.30081, 105.01680,
14.787450, 102.53139, 2.1113268, 105.02983, 104.74775,
14.798820, 101.84831, 2.2060362, 104.76546, 104.48725,
14.810190, 103.57215, 2.0960341, 104.50825, 104.23596,
14.821550, 103.62258, 2.3673398, 104.25906, 103.99480,
14.832920, 103.69461, 2.1792649, 104.01802, 103.76403,
14.844280, 103.98640, 2.1694069, 103.78615, 103.54472,
14.855640, 109.72785, 2.4269938, 103.56384, 103.33736,
14.866990, 107.06833, 2.3146526, 103.35189, 103.14281,
14.878350, 105.56742, 2.3996158, 103.15053, 102.96141,
14.889710, 110.84960, 2.5474291, 102.96057, 102.79404,
14.901060, 105.23625, 2.2760309, 102.78280, 102.64153,
14.912410, 109.47190, 2.4247776, 102.61768, 102.50441,
14.923760, 104.73558, 2.8100260, 102.46582, 102.38339,
14.935100, 105.40832, 2.8615040, 102.32802, 102.27928,
14.946450, 99.955339, 2.4730784, 102.20465, 102.19257,
14.957790, 101.70564, 2.6674893, 102.09658, 102.12407,
14.969130, 100.81350, 2.7998709, 102.00393, 102.07340,
14.980470, 100.69042, 2.5186610, 101.92669, 102.03967,
14.991810, 103.44875, 2.7485195, 101.86487, 102.02204,
15.003140, 108.45675, 2.7639742, 101.81851, 102.01965,
15.014480, 109.68075, 2.6367762, 101.78758, 102.03161,
15.025810, 102.82462, 2.8678461, 101.77214, 102.05707,
15.037140, 110.21030, 2.8885091, 101.77222, 102.09518,
15.048460, 106.71473, 2.8583144, 101.78783, 102.14504,
15.059790, 105.91181, 3.3877488, 101.81906, 102.20590,
15.071110, 112.84065, 3.0563749, 101.86592, 102.27681,
15.082440, 111.89710, 2.5159880, 101.92859, 102.35705,
15.093750, 107.10265, 1.9931874, 102.00693, 102.44557,
15.105070, 103.17933, 2.0316742, 102.10125, 102.54175,
15.116390, 111.04960, 2.1393466, 102.21157, 102.64470,
15.127700, 107.46823, 2.1288566, 102.33789, 102.75347,
15.139020, 106.04830, 2.1067800, 102.48055, 102.86745,
15.150330, 107.54377, 2.1315947, 102.63941, 102.98558,
15.162390, 101.69429, 2.6305325, 102.82697, 103.11533,
15.174730, 99.144007, 2.5661035, 103.03846, 103.25110,
15.187070, 106.77427, 2.6162172, 103.26992, 103.38884,
15.199410, 97.768543, 2.6838653, 103.52161, 103.52751,
15.211740, 103.30709, 2.6485836, 103.79327, 103.66604,
15.224080, 110.20560, 2.8303233, 104.08455, 103.80450,
15.236410, 108.94572, 2.4159014, 104.39382, 103.94264,
15.248740, 122.21687, 2.7312723, 104.72023, 104.08058,
15.261060, 116.31445, 2.8111362, 105.06238, 104.21821,
15.273390, 113.30717, 2.9681367, 105.41978, 104.35576,
15.285710, 109.26560, 2.8746301, 105.79079, 104.49301,
15.298030, 110.30255, 2.6166887, 106.17460, 104.63007,
15.310350, 110.81470, 2.6633208, 106.57021, 104.76695,
15.322660, 108.02700, 2.6373509, 106.97620, 104.90353,
15.334980, 108.86030, 2.8327847, 107.39220, 105.04004,
15.347290, 110.88832, 2.5748115, 107.81655, 105.17626,
15.359600, 111.02635, 2.4709222, 108.24854, 105.31231,
15.371900, 107.45773, 2.4774369, 108.68677, 105.44807,
15.384210, 112.48648, 2.2819109, 109.13100, 105.58377,
15.396510, 109.36580, 2.5514796, 109.57949, 105.71920,
15.408810, 113.80370, 2.7723183, 110.03156, 105.85446,
15.421110, 113.35505, 2.2710481, 110.48626, 105.98956,
15.433410, 113.70747, 2.3893264, 110.94254, 106.12449,
15.445700, 110.66183, 2.3745339, 111.39908, 106.25915,
15.457990, 106.72038, 2.5432354, 111.85524, 106.39366,
15.470280, 106.84343, 2.5393928, 112.31003, 106.52801,
15.482570, 109.46622, 2.3747794, 112.76245, 106.66221,
15.494860, 110.75790, 2.3283523, 113.21151, 106.79625,
15.507140, 108.57325, 2.2490422, 113.65587, 106.93005,
15.519420, 113.83707, 2.2687534, 114.09485, 107.06368,
15.531700, 108.49851, 2.6516454, 114.52751, 107.19718,
15.543980, 115.41615, 2.4153136, 114.95278, 107.33052,
15.556260, 116.90667, 2.1420164, 115.36972, 107.46373,
15.568530, 115.28510, 2.0936391, 115.77693, 107.59668,
15.580800, 115.94173, 1.9669557, 116.17376, 107.72950,
15.593070, 120.34867, 2.1211370, 116.55917, 107.86218,
15.605340, 116.70830, 2.1094481, 116.93217, 107.99472,
15.617600, 114.81478, 2.0998689, 117.29247, 108.12702,
15.629860, 117.76278, 1.9820139, 117.64145, 108.25918,
15.642120, 120.10858, 1.9457790, 117.98037, 108.39122,
15.654380, 115.33578, 2.1693397, 118.31036, 108.52312,
15.666640, 114.68205, 2.2058236, 118.63266, 108.65490,
15.678890, 122.14440, 2.3710519, 118.94815, 108.78644,
15.691140, 120.02980, 2.1378706, 119.25828, 108.91785,
15.703390, 117.93897, 2.1126776, 119.56422, 109.04914,
15.715640, 122.70573, 2.1898844, 119.86712, 109.18030,
15.727890, 119.49710, 2.3739551, 120.16816, 109.31135,
15.740130, 123.51193, 2.3665664, 120.46826, 109.44216,
15.752370, 125.26952, 2.5334067, 120.76878, 109.57285,
15.764610, 126.48755, 2.2453930, 121.07094, 109.70343,
15.776850, 127.95938, 2.2028762, 121.37584, 109.83389,
15.789090, 124.40492, 2.1841623, 121.68469, 109.96423,
15.801320, 127.36325, 2.3637344, 121.99837, 110.09435,
15.813550, 127.76417, 2.3673835, 122.31829, 110.22435,
15.825780, 131.97152, 2.2504273, 122.64562, 110.35424,
15.838010, 137.78565, 2.5363880, 122.98154, 110.48402,
15.850230, 134.60398, 2.3198114, 123.32695, 110.61358,
15.862450, 132.93845, 2.3454962, 123.68327, 110.74303,
15.874670, 130.77265, 2.5068760, 124.05172, 110.87237,
15.886890, 135.89755, 2.6945524, 124.43349, 111.00160,
15.899110, 134.28110, 2.6226690, 124.82975, 111.13072,
15.911320, 134.23193, 2.6103019, 125.24141, 111.25963,
15.923540, 134.87405, 2.6642635, 125.67037, 111.38854,
15.935750, 140.84810, 2.9171799, 126.11712, 111.51723,
15.947960, 130.85785, 2.7812951, 126.58328, 111.64582,
15.960160, 140.24023, 3.1187741, 127.06970, 111.77420,
15.972370, 135.59715, 2.7832794, 127.57841, 111.90258,
15.984570, 135.97372, 2.6425038, 128.10986, 112.03075,
15.996770, 139.20260, 2.9037445, 128.66581, 112.15882,
16.008961, 137.55722, 3.1234582, 129.24707, 112.28669,
16.021160, 148.18000, 3.1738378, 129.85582, 112.41455,
16.033350, 136.56810, 2.7818840, 130.49249, 112.54221,
16.045549, 140.29903, 2.9961775, 131.15944, 112.66987,
16.057739, 141.74845, 3.1632965, 131.85701, 112.79732,
16.069920, 145.55867, 3.0388587, 132.58651, 112.92458,
16.082109, 131.71555, 2.7456958, 133.35051, 113.05184,
16.094290, 140.96850, 2.8934550, 134.14924, 113.17890,
16.106470, 129.56672, 3.2652111, 134.98475, 113.30586,
16.118650, 135.05843, 2.8658797, 135.85851, 113.43272,
16.130831, 139.14732, 3.0409407, 136.77203, 113.55948,
16.143009, 133.31990, 3.3200938, 137.72669, 113.68613,
16.155180, 130.75402, 3.2510554, 138.72354, 113.81260,
16.167351, 136.74987, 3.3498943, 139.76475, 113.93897,
16.179520, 142.09605, 4.2697074, 140.85176, 114.06522,
16.191681, 135.31750, 3.5739330, 141.98562, 114.19130,
16.203850, 144.90975, 4.1351645, 143.16943, 114.31736,
16.216009, 135.34097, 4.5305991, 144.40320, 114.44322,
16.228170, 157.32372, 4.1636326, 145.68945, 114.56901,
16.240330, 145.95225, 4.4436710, 147.02568, 114.69468,
16.252489, 153.46065, 4.1584271, 148.40774, 114.82026,
16.264641, 151.31675, 4.2123567, 149.83038, 114.94566,
16.276791, 157.49370, 4.0457231, 151.28990, 115.07094,
16.288950, 168.74453, 4.4875560, 152.78341, 115.19623,
16.301090, 187.15090, 5.2036736, 154.30311, 115.32122,
16.313240, 188.97058, 4.7431622, 155.84829, 115.44622,
16.325380, 199.85458, 5.0928064, 157.41229, 115.57102,
16.337530, 211.63275, 3.5528642, 158.99336, 115.69582,
16.349670, 222.14448, 3.5797023, 160.58481, 115.82043,
16.361799, 237.23392, 3.2135534, 162.18217, 115.94482,
16.373940, 263.46852, 3.6749433, 163.78426, 116.06923,
16.386070, 283.98300, 4.0966635, 165.38414, 116.19345,
16.398211, 305.36827, 4.0770158, 166.98014, 116.31767,
16.410339, 317.65947, 3.8571683, 168.56532, 116.44167,
16.422461, 323.69570, 4.0191334, 170.13601, 116.56550,
16.434589, 317.48855, 4.4244308, 171.69000, 116.68931,
16.446711, 312.01436, 4.5522970, 173.22114, 116.81293,
16.458839, 315.40567, 4.3238207, 174.72713, 116.93654,
16.470961, 297.16785, 4.5823504, 176.20185, 117.05997,
16.483070, 290.76622, 4.1281695, 177.64067, 117.18319,
16.495190, 279.85798, 6.1315483, 179.04183, 117.30640,
16.500280, 262.50650, 4.2511203, 179.61778, 117.35813,
16.513599, 248.31882, 4.7604738, 181.08635, 117.49337,
16.526911, 247.14295, 4.0067985, 182.49414, 117.62842,
16.540211, 232.77690, 3.7262820, 183.83509, 117.76322,
16.553520, 217.53727, 3.6197688, 185.10551, 117.89800,
16.566820, 214.08030, 3.5369711, 186.29770, 118.03256,
16.580120, 203.71350, 3.3007021, 187.40667, 118.16699,
16.593420, 198.31875, 3.2618107, 188.42641, 118.30130,
16.606710, 200.53470, 3.2684090, 189.35025, 118.43538,
16.620001, 195.87217, 3.0607518, 190.17282, 118.56933,
16.633301, 190.89605, 2.9816613, 190.88841, 118.70325,
16.646589, 193.75590, 3.5659457, 191.48962, 118.83693,
16.659870, 185.56210, 3.0804069, 191.97051, 118.97040,
16.673149, 194.54450, 3.1050691, 192.32500, 119.10371,
16.686440, 195.20573, 3.0567847, 192.54674, 119.23701,
16.699711, 193.81960, 3.0768496, 192.63021, 119.36999,
16.712990, 191.96857, 3.1669297, 192.58417, 119.50290,
16.726271, 193.23040, 3.1718419, 192.42428, 119.63570,
16.739540, 189.52785, 2.9240170, 192.16654, 119.76824,
16.752810, 193.59307, 2.7831451, 191.82653, 119.90064,
16.766081, 192.46970, 2.6794416, 191.41974, 120.03293,
16.779341, 192.22118, 2.7127619, 190.96219, 120.16495,
16.792601, 188.42385, 2.8601538, 190.46899, 120.29684,
16.805870, 194.20127, 2.8657643, 189.95522, 120.42867,
16.819120, 190.73908, 3.2386623, 189.43741, 120.56017,
16.832380, 187.14013, 2.7544480, 188.92986, 120.69161,
16.845631, 186.83715, 2.6125793, 188.44869, 120.82281,
16.858891, 180.08967, 3.0125881, 188.00865, 120.95395,
16.872141, 183.73172, 3.2267795, 187.62581, 121.08485,
16.885380, 185.75790, 3.0898652, 187.31556, 121.21548,
16.898630, 184.88247, 2.9997866, 187.09290, 121.34606,
16.911869, 178.41255, 2.7827671, 186.97376, 121.47638,
16.925110, 184.28902, 2.8050490, 186.97358, 121.60655,
16.938351, 187.63253, 2.6979355, 187.10811, 121.73656,
16.951580, 187.35225, 2.7771706, 187.39286, 121.86630,
16.964821, 185.53680, 2.8784123, 187.83658, 121.99598,
16.978050, 194.13118, 3.1876566, 188.42540, 122.12538,
16.991270, 201.40077, 2.8329333, 189.14232, 122.25452,
17.004499, 207.98655, 2.8099448, 189.97174, 122.38358,
17.017719, 263.60678, 3.1670411, 190.89593, 122.51237,
17.030951, 486.49155, 4.5041160, 191.89990, 122.64110,
17.044161, 542.93457, 5.0611314, 192.96471, 122.76944,
17.057381, 276.48455, 3.5424432, 194.07639, 122.89770,
17.070601, 209.16320, 2.9115262, 195.21789, 123.02577,
17.083811, 212.74230, 2.8365143, 196.37207, 123.15357,
17.097019, 204.66925, 2.7338239, 197.52334, 123.28115,
17.110229, 211.64172, 2.8985864, 198.65579, 123.40857,
17.123430, 205.38767, 2.9502535, 199.75220, 123.53570,
17.136641, 199.34040, 2.8543884, 200.79788, 123.66272,
17.149839, 201.56422, 2.7992821, 201.77489, 123.78944,
17.163040, 196.16172, 2.8852385, 202.66793, 123.91597,
17.176229, 204.98642, 2.8690970, 203.45982, 124.04219,
17.189430, 203.16782, 2.9829075, 204.13547, 124.16831,
17.202620, 202.15052, 3.1409356, 204.67716, 124.29411,
17.215811, 205.38270, 3.2737583, 205.06896, 124.41971,
17.229000, 203.17925, 3.3108701, 205.29402, 124.54508,
17.242180, 204.77480, 3.1033282, 205.33560, 124.67015,
17.255369, 209.38880, 3.3276948, 205.18408, 124.79507,
17.268551, 204.09230, 3.1481679, 204.84766, 124.91970,
17.281719, 207.54468, 3.1825681, 204.33752, 125.04398,
17.294901, 211.02662, 3.2699132, 203.66308, 125.16814,
17.308069, 216.44093, 3.4433826, 202.83604, 125.29195,
17.321251, 222.72870, 3.2622293, 201.86495, 125.41564,
17.334410, 235.59197, 3.5629541, 200.76275, 125.53888,
17.347580, 235.07065, 3.5042273, 199.53672, 125.66197,
17.360750, 243.95082, 3.6499743, 198.19769, 125.78481,
17.373911, 244.58425, 4.0082668, 196.75658, 125.90731,
17.387070, 236.30420, 3.8282406, 195.22241, 126.02953,
17.400230, 230.81235, 3.8017427, 193.60441, 126.15151,
17.413380, 225.39410, 3.6634297, 191.91390, 126.27312,
17.426540, 227.51437, 3.6324116, 190.15748, 126.39456,
17.439690, 219.21980, 3.9145765, 188.34770, 126.51562,
17.452841, 206.28945, 3.6623362, 186.49221, 126.63642,
17.465981, 200.10767, 3.9531836, 184.60235, 126.75684,
17.479130, 194.52290, 4.0688962, 182.68448, 126.87705,
17.492270, 194.12165, 3.8011783, 180.75072, 126.99688,
17.505409, 182.97517, 3.3139183, 178.80902, 127.11642,
17.518551, 182.88955, 3.5600343, 176.86841, 127.23567,
17.531679, 179.86045, 3.7860451, 174.94045, 127.35450,
17.544821, 172.91742, 3.8741604, 173.03055, 127.47314,
17.557949, 162.25018, 3.6176785, 171.15192, 127.59134,
17.571079, 161.75407, 3.7334161, 169.31167, 127.70924,
17.584200, 168.93847, 3.9540974, 167.52075, 127.82672,
17.597330, 168.38343, 3.8641624, 165.78593, 127.94396,
17.610451, 160.14835, 3.9166643, 164.11823, 128.06078,
17.623569, 167.01738, 4.4842741, 162.51786, 128.17724,
17.636690, 164.77633, 4.8184484, 160.98241, 128.29337,
17.649799, 170.05777, 4.8979872, 159.51149, 128.40905,
17.662910, 161.28352, 4.6373508, 158.10164, 128.52439,
17.676029, 182.52583, 4.7524639, 156.75053, 128.63943,
17.689131, 174.39305, 4.3341428, 155.45885, 128.75395,
17.702240, 171.41423, 5.1584288, 154.22239, 128.86816,
17.715349, 170.30008, 4.7518121, 153.04023, 128.98199,
17.728451, 166.63907, 5.0338085, 151.91135, 129.09536,
17.741550, 175.12677, 4.1817464, 150.83361, 129.20832,
17.754641, 172.85092, 3.3201774, 149.80600, 129.32081,
17.767740, 166.31582, 3.1348219, 148.82550, 129.43296,
17.780830, 171.00087, 3.3947475, 147.89204, 129.54462,
17.793921, 174.21485, 3.5329048, 147.00343, 129.65587,
17.807011, 178.72130, 3.2768895, 146.15824, 129.76668,
17.820101, 175.31535, 3.4394424, 145.35509, 129.87706,
17.833179, 178.09705, 3.4511969, 144.59325, 129.98690,
17.846270, 164.56787, 3.1862037, 143.87007, 130.09639,
17.859341, 161.54520, 3.3751938, 143.18589, 130.20527,
17.872419, 156.17662, 3.1447288, 142.53799, 130.31374,
17.885500, 158.81340, 3.6198826, 141.92546, 130.42177,
17.898569, 171.73117, 3.5927454, 141.34765, 130.52921,
17.911640, 152.22980, 3.8478781, 140.80274, 130.63619,
17.924709, 151.33652, 3.7809866, 140.28973, 130.74266,
17.937780, 153.71983, 5.2294043, 139.80732, 130.84864,
17.941250, 151.92470, 3.5023135, 139.68428, 130.87669,
17.955721, 138.49295, 3.3070552, 139.19309, 130.99327,
17.970181, 139.77975, 3.0822212, 138.73661, 131.10912,
17.984650, 136.14435, 3.5201211, 138.31274, 131.22440,
17.999109, 133.78715, 3.8241028, 137.92059, 131.33893,
18.013571, 136.02555, 3.7160241, 137.55844, 131.45281,
18.028021, 139.98433, 3.6751547, 137.22524, 131.56590,
18.042480, 134.28250, 3.4988420, 136.91914, 131.67837,
18.056931, 130.86110, 2.9314106, 136.63923, 131.79006,
18.071381, 125.05237, 2.9840681, 136.38400, 131.90101,
18.085819, 137.54255, 3.2463356, 136.15238, 132.01114,
18.100269, 139.79905, 3.4140338, 135.94272, 132.12060,
18.114710, 137.10955, 3.4173449, 135.75414, 132.22922,
18.129150, 140.43500, 3.3968542, 135.58535, 132.33705,
18.143579, 134.89350, 2.9541645, 135.43536, 132.44401,
18.158020, 140.07452, 2.8674416, 135.30285, 132.55024,
18.172449, 135.39250, 3.1709061, 135.18696, 132.65556,
18.186880, 133.79865, 2.8798484, 135.08651, 132.76005,
18.201300, 140.84195, 3.2032673, 135.00055, 132.86360,
18.215719, 134.34825, 2.7861017, 134.92796, 132.96629,
18.230150, 128.72640, 2.7520467, 134.86769, 133.06816,
18.244560, 135.09807, 2.7223861, 134.81886, 133.16898,
18.258980, 134.23142, 3.1696287, 134.78036, 133.26895,
18.273390, 133.96473, 3.1122240, 134.75127, 133.36791,
18.287800, 128.50235, 3.3396229, 134.73058, 133.46592,
18.302210, 129.34080, 3.2426780, 134.71733, 133.56295,
18.316620, 133.00640, 2.9584063, 134.71056, 133.65900,
18.331020, 133.52715, 2.8079497, 134.70931, 133.75397,
18.345421, 132.27093, 2.7730985, 134.71264, 133.84791,
18.359819, 128.83508, 2.8096513, 134.71961, 133.94079,
18.374210, 127.23128, 2.9966515, 134.72927, 134.03256,
18.388611, 127.18223, 2.9272484, 134.74069, 134.12330,
18.403000, 136.02152, 3.2412988, 134.75294, 134.21287,
18.417379, 134.98328, 3.1397672, 134.76507, 134.30124,
18.431770, 131.53538, 2.8090472, 134.77617, 134.38855,
18.446150, 128.36153, 2.6972567, 134.78531, 134.47461,
18.460529, 134.36043, 2.9490434, 134.79154, 134.55949,
18.474911, 136.47618, 2.9528580, 134.79395, 134.64316,
18.489281, 132.15517, 3.0708930, 134.79159, 134.72553,
18.503660, 129.60117, 2.7037656, 134.78352, 134.80671,
18.518030, 135.49290, 2.7500063, 134.76927, 134.88655,
18.532391, 141.44838, 2.8462753, 134.74921, 134.96508,
18.546761, 134.57063, 2.8176844, 134.72378, 135.04241,
18.561119, 123.62765, 2.9977331, 134.69347, 135.11842,
18.575480, 137.60563, 3.3590206, 134.65871, 135.19320,
18.589840, 138.56625, 3.1269502, 134.61995, 135.26674,
18.604191, 142.97305, 3.1814827, 134.57767, 135.33900,
18.618549, 142.73078, 2.8001896, 134.53225, 135.41007,
18.632900, 141.82808, 2.6666357, 134.48419, 135.47987,
18.647240, 137.30465, 2.8609117, 134.43393, 135.54841,
18.661591, 144.03850, 3.5521408, 134.38182, 135.61578,
18.675930, 142.48745, 3.3921806, 134.32838, 135.68188,
18.690269, 136.81495, 3.3296176, 134.27401, 135.74678,
18.704611, 144.02017, 3.1751319, 134.21911, 135.81047,
18.718941, 146.74642, 3.3251543, 134.16416, 135.87291,
18.733271, 137.45605, 3.1802211, 134.10956, 135.93415,
18.747601, 143.58653, 2.9427549, 134.05573, 135.99419,
18.761930, 143.52070, 3.0347078, 134.00309, 136.05302,
18.776260, 149.67202, 3.3329391, 133.95208, 136.11065,
18.790581, 144.64038, 3.3338849, 133.90316, 136.16704,
18.804899, 150.07207, 3.1841780, 133.85672, 136.22222,
18.819220, 151.69960, 3.0544365, 133.81320, 136.27620,
18.833530, 154.65225, 3.1778203, 133.77305, 136.32894,
18.847839, 148.42357, 3.4153631, 133.73669, 136.38048,
18.862150, 149.98339, 3.7541812, 133.70456, 136.43080,
18.876459, 153.99220, 3.7476342, 133.67711, 136.47991,
18.890770, 158.76358, 3.7905723, 133.65477, 136.52782,
18.905069, 160.00127, 3.3608295, 133.63802, 136.57446,
18.919371, 149.15028, 3.9002215, 133.62729, 136.61989,
18.933670, 150.01260, 3.4666752, 133.62305, 136.66409,
18.947960, 163.48582, 3.7247222, 133.62576, 136.70702,
18.962250, 158.47432, 4.0754088, 133.63589, 136.74872,
18.976540, 151.92620, 4.1499760, 133.65392, 136.78918,
18.990829, 152.99305, 3.8093802, 133.68034, 136.82840,
19.005119, 148.74142, 3.7050394, 133.71563, 136.86635,
19.019400, 148.53512, 3.5190748, 133.76027, 136.90302,
19.033680, 154.34780, 4.1944436, 133.81479, 136.93842,
19.047960, 145.41847, 3.4001071, 133.87971, 136.97255,
19.062229, 144.94878, 3.9075008, 133.95548, 137.00536,
19.076500, 148.24332, 4.6519511, 134.04271, 137.03689,
19.090771, 152.60877, 4.7249413, 134.14192, 137.06711,
19.105040, 147.68440, 4.5066868, 134.25366, 137.09602,
19.119310, 160.89482, 4.3580327, 134.37852, 137.12361,
19.133570, 148.15810, 4.1004016, 134.51695, 137.14984,
19.147829, 146.30010, 5.2230667, 134.66964, 137.17474,
19.162090, 149.92442, 4.7822126, 134.83720, 137.19828,
19.176340, 149.99758, 4.2767576, 135.02007, 137.22044,
19.190599, 141.86595, 5.0966155, 135.21916, 137.24123,
19.204849, 144.59038, 5.1219172, 135.43483, 137.26062,
19.219101, 150.61720, 5.1474877, 135.66790, 137.27860,
19.233339, 148.04628, 4.6200545, 135.91876, 137.29516,
19.247580, 136.78753, 4.3705603, 136.18835, 137.31028,
19.261820, 127.87820, 4.5615540, 136.47733, 137.32396,
19.276060, 141.78115, 4.5542989, 136.78642, 137.33617,
19.290300, 145.93030, 6.0893816, 137.11635, 137.34691,
19.304529, 131.38800, 4.6138098, 137.46758, 137.35615,
19.318760, 135.67510, 4.7707396, 137.84119, 137.36388,
19.332991, 134.14495, 4.9992647, 138.23792, 137.37008,
19.347219, 145.37277, 5.3480780, 138.65852, 137.37474,
19.361441, 143.01108, 4.8279760, 139.10362, 137.37783,
19.375660, 144.85420, 5.0432358, 139.57424, 137.37934,
19.389879, 136.87712, 5.4974571, 140.07128, 137.37925,
19.404100, 142.03788, 5.8249590, 140.59573, 137.37753,
19.418310, 141.37632, 6.7294873, 141.14798, 137.37418,
19.432520, 128.94573, 6.8788860, 141.72937, 137.36917,
