# wave, flux, fluxerr, continuum, continuum_plateau
9.9725246, 59.390679, 4.6468186, 42.377881, 42.396792,
9.9806166, 56.601939, 3.7236113, 42.586000, 42.601845,
9.9887066, 48.382032, 2.7747069, 42.795396, 42.808526,
9.9967957, 42.548337, 2.4639044, 43.005596, 43.016342,
10.004880, 32.774556, 3.8453838, 43.216009, 43.224678,
10.012970, 51.398490, 4.2007752, 43.426411, 43.433288,
10.021050, 41.566134, 2.6912300, 43.635913, 43.641264,
10.029140, 37.891727, 2.8797214, 43.844515, 43.848580,
10.037220, 47.734900, 2.9186866, 44.051206, 44.054208,
10.045300, 37.895592, 3.2542204, 44.255765, 44.257903,
10.053380, 37.023747, 2.8622568, 44.457721, 44.459173,
10.061460, 48.950117, 2.9636742, 44.656531, 44.657455,
10.069540, 50.807127, 3.2126819, 44.851745, 44.852281,
10.077610, 42.075720, 2.4761900, 45.042598, 45.042866,
10.085690, 46.506824, 2.6210671, 45.229067, 45.229168,
10.093760, 45.147144, 2.5434177, 45.410213, 45.410231,
10.101830, 45.707580, 3.4362652, 45.585760, 45.585761,
10.109900, 42.701310, 3.0659968, 45.755227, 45.755264,
10.117970, 49.442397, 2.6022806, 45.918072, 45.918180,
10.126040, 46.451977, 2.5713234, 46.073811, 46.074014,
10.134100, 43.146973, 2.2724166, 46.221750, 46.222059,
10.142170, 46.718457, 2.8815655, 46.361768, 46.362182,
10.150230, 45.783570, 2.9453909, 46.493005, 46.493514,
10.158300, 40.443565, 2.7974460, 46.615261, 46.615847,
10.166360, 45.363465, 2.4409847, 46.727719, 46.728356,
10.174420, 44.386258, 2.6283145, 46.830040, 46.830698,
10.182470, 35.793299, 2.2080966, 46.921578, 46.922224,
10.190530, 44.953652, 2.9344476, 47.002043, 47.002641,
10.198590, 41.532124, 2.2016580, 47.070801, 47.071316,
10.206640, 35.838751, 2.2668674, 47.127250, 47.127648,
10.214690, 39.865257, 2.8021977, 47.170955, 47.171208,
10.222750, 48.397060, 2.6862950, 47.201413, 47.201497,
10.230800, 41.153723, 2.5094445, 47.218013, 47.217915,
10.238850, 46.358672, 2.6895453, 47.220259, 47.219975,
10.246890, 43.004491, 2.2695457, 47.207631, 47.207170,
10.254940, 47.180895, 2.4126653, 47.179549, 47.178937,
10.262990, 33.640379, 2.7685327, 47.135468, 47.134748,
10.271030, 38.754498, 3.0252746, 47.074912, 47.074147,
10.279070, 39.735292, 2.7724033, 46.997287, 46.996566,
10.287120, 46.495988, 3.8576576, 46.901888, 46.901324,
10.295150, 55.424500, 4.9202254, 46.788539, 46.788275,
10.303190, 43.413162, 2.7675615, 46.656297, 46.656508,
10.311230, 38.594598, 3.7619875, 46.505997, 46.506857,
10.319270, 54.532073, 3.1399903, 46.339884, 46.341525,
10.327300, 35.988450, 3.4938188, 46.160604, 46.163115,
10.335340, 47.308067, 2.9510660, 45.970090, 45.973522,
10.343370, 46.987405, 3.0574331, 45.771145, 45.775506,
10.351400, 47.642658, 3.0768623, 45.565963, 45.571226,
10.359430, 48.692730, 3.7675429, 45.356888, 45.362991,
10.367460, 52.154130, 3.0772930, 45.146284, 45.153129,
10.375480, 47.644632, 3.5154252, 44.936789, 44.944241,
10.383510, 43.267200, 4.1433210, 44.730216, 44.738109,
10.391530, 51.601032, 4.3427282, 44.529443, 44.537572,
10.399560, 36.769782, 2.0583023, 44.336355, 44.344479,
10.407580, 41.534787, 2.8567919, 44.153775, 44.161616,
10.415600, 47.037515, 2.7265145, 43.983853, 43.991091,
10.423620, 44.890587, 3.1100161, 43.828913, 43.835190,
10.431640, 35.866271, 2.4845990, 43.691366, 43.696276,
10.439650, 31.375072, 2.6903697, 43.573693, 43.576788,
10.447670, 49.758506, 2.9997299, 43.477983, 43.478759,
10.455680, 43.572667, 3.0291087, 43.406687, 43.404599,
10.463700, 53.118307, 2.6635107, 43.360014, 43.354541,
10.471710, 48.195700, 3.0665141, 43.337447, 43.328151,
10.479720, 40.874303, 3.8512021, 43.338262, 43.324772,
10.487730, 50.681930, 4.7090172, 43.361822, 43.343830,
10.495730, 49.580705, 3.8514860, 43.407425, 43.384694,
10.503740, 50.611652, 4.5329506, 43.474555, 43.446894,
10.511750, 50.907571, 4.3303094, 43.562549, 43.529828,
10.519750, 51.896048, 5.5122756, 43.670638, 43.632785,
10.527750, 46.020368, 5.1605550, 43.798332, 43.755318,
10.535750, 42.268575, 3.7196160, 43.945018, 43.896858,
10.543750, 45.054384, 3.9646519, 44.110078, 44.056829,
10.551750, 53.952828, 3.8292589, 44.292960, 44.234718,
10.559750, 51.434387, 5.8851643, 44.493033, 44.429930,
10.567850, 44.696763, 2.3792262, 44.712578, 44.644721,
10.576350, 53.614392, 2.4940959, 44.960633, 44.888005,
10.584840, 58.516783, 2.6160890, 45.225780, 45.148639,
10.593340, 47.749037, 2.2966187, 45.507991, 45.426617,
10.601830, 59.922253, 2.4590566, 45.805895, 45.720604,
10.610330, 56.000083, 2.4872182, 46.119558, 46.030680,
10.618820, 51.645377, 2.8409594, 46.447577, 46.355472,
10.627310, 56.789835, 2.5384348, 46.789596, 46.694638,
10.635800, 49.948028, 2.2920294, 47.145036, 47.047616,
10.644280, 53.067563, 2.5562416, 47.512744, 47.413268,
10.652770, 51.251390, 2.7669118, 47.892940, 47.791819,
10.661250, 50.600520, 2.9408888, 48.284127, 48.181787,
10.669740, 50.961869, 2.4559387, 48.686544, 48.583415,
10.678220, 46.878640, 2.5365833, 49.098652, 48.995169,
10.686700, 57.967500, 3.0644505, 49.520265, 49.416867,
10.695180, 57.919935, 2.6732537, 49.950754, 49.847879,
10.703650, 54.606869, 3.3996107, 50.388994, 50.287081,
10.712130, 61.026921, 2.8596566, 50.835298, 50.734786,
10.720600, 61.304857, 3.1596945, 51.288143, 51.189465,
10.729080, 61.098651, 3.1662020, 51.747880, 51.651468,
10.737550, 60.581278, 3.2835727, 52.212805, 52.119082,
10.746020, 55.354198, 2.5944786, 52.682925, 52.592309,
10.754490, 58.560448, 2.5185740, 53.157520, 53.070422,
10.762960, 56.043153, 2.8436423, 53.636088, 53.552912,
10.771420, 58.686578, 3.0038871, 54.117312, 54.038447,
10.779890, 55.741634, 2.7648299, 54.601887, 54.527723,
10.788350, 61.415748, 2.9705724, 55.087953, 55.018860,
10.796810, 59.768712, 2.8163662, 55.575503, 55.511847,
10.805270, 54.153032, 3.5256914, 56.063933, 56.006068,
10.813730, 64.815852, 3.3829286, 56.552639, 56.500911,
10.822190, 63.592219, 57.449495, 57.041017, 56.995760,
10.830650, 60.626270, 3.2558367, 57.528464, 57.490001,
10.839100, 71.617207, 3.4491607, 58.013773, 57.982410,
10.847560, 70.490108, 3.3335072, 58.497545, 58.473596,
10.856010, 52.581180, 3.7729745, 58.978032, 58.961783,
10.864460, 58.596373, 4.4256275, 59.455121, 59.446857,
10.872910, 57.067164, 3.2108488, 59.928262, 59.928262,
10.881360, 67.431041, 3.1899465, 60.397013, 60.405545,
10.889800, 63.965550, 3.2861532, 60.860703, 60.877997,
10.898250, 76.313427, 15.582104, 61.320495, 61.346777,
10.906690, 63.320366, 26.778964, 61.775418, 61.810863,
10.915140, 70.707304, 3.7859386, 62.226610, 62.271392,
10.923580, 69.858963, 3.9956903, 62.673014, 62.727256,
10.932020, 70.373859, 4.5611487, 63.115250, 63.179065,
10.940460, 70.640700, 4.6179587, 63.553379, 63.626852,
10.948890, 94.301506, 6.0479492, 63.986919, 64.070104,
10.957330, 76.371094, 3.4936038, 64.417006, 64.509956,
10.965760, 73.646461, 4.1457808, 64.842673, 64.945397,
10.974200, 89.857182, 4.2982402, 65.264936, 65.377446,
10.982630, 96.815157, 3.7624932, 65.682845, 65.805109,
10.991060, 97.631886, 4.1593310, 66.097027, 66.229006,
10.999490, 79.805212, 4.4115661, 66.507437, 66.649072,
11.007920, 93.742268, 4.6978498, 66.914215, 67.065432,
11.016340, 95.350611, 2.6797920, 67.316865, 67.477558,
11.024770, 95.572729, 4.6457587, 67.716390, 67.886460,
11.033190, 95.978086, 5.6644170, 68.111932, 68.291243,
11.041610, 91.269007, 2.9750189, 68.503988, 68.692399,
11.050030, 86.569677, 3.0365096, 68.892602, 69.089958,
11.058450, 93.524593, 3.4567630, 69.277817, 69.483947,
11.066870, 96.245813, 3.0496609, 69.659671, 69.874394,
11.075290, 90.865564, 3.2438662, 70.038207, 70.261325,
11.083700, 96.629580, 3.3617801, 70.413039, 70.644336,
11.092120, 96.503557, 3.1932116, 70.785056, 71.024320,
11.100530, 107.55059, 4.0231133, 71.153409, 71.400401,
11.108940, 107.43007, 4.1183910, 71.518643, 71.773121,
11.117350, 106.45421, 5.6674541, 71.880708, 72.142421,
11.120570, 103.77793, 3.5290296, 72.018546, 72.282961,
11.129530, 107.48077, 3.4241944, 72.399648, 72.671375,
11.138500, 109.51121, 3.3306553, 72.777734, 73.056471,
11.147460, 126.04555, 3.8891856, 73.151958, 73.437375,
11.156430, 134.01542, 3.8480014, 73.523233, 73.815007,
11.165390, 154.25625, 3.9066825, 73.890726, 74.188512,
11.174350, 177.26363, 4.0913096, 74.254909, 74.558361,
11.183300, 200.22413, 4.5065737, 74.615433, 74.924191,
11.192260, 223.70692, 4.7913933, 74.973099, 75.286809,
11.201220, 246.34107, 4.8016075, 75.327553, 75.645848,
11.210170, 255.94698, 4.8306538, 75.678452, 76.000956,
11.219120, 257.99118, 5.0943737, 76.026205, 76.352542,
11.228070, 268.76959, 5.2692377, 76.370840, 76.700629,
11.237020, 260.73133, 4.9079103, 76.712348, 77.045205,
11.245970, 261.15000, 4.9641160, 77.050827, 77.386366,
11.254920, 265.47610, 5.2233223, 77.386266, 77.724097,
11.263860, 250.18175, 5.0812529, 77.718301, 78.058031,
11.272800, 244.38190, 4.8290020, 78.047385, 78.388621,
11.281750, 242.55405, 4.9105019, 78.373816, 78.716166,
11.290690, 234.78693, 5.0447136, 78.696987, 79.040058,
11.299630, 230.45112, 5.1713919, 79.017201, 79.360598,
11.308560, 224.31678, 4.8300124, 79.334172, 79.677505,
11.317500, 207.25197, 4.6526634, 79.648595, 79.991473,
11.326430, 207.80725, 4.8778192, 79.959818, 80.301853,
11.335370, 193.51870, 4.6464689, 80.268519, 80.609325,
11.344300, 189.54568, 4.3940305, 80.574056, 80.913251,
11.353230, 186.70343, 4.3364186, 80.876772, 81.213978,
11.362160, 181.84610, 4.4958305, 81.176650, 81.511491,
11.371080, 175.52925, 4.3412567, 81.473449, 81.805557,
11.380010, 167.54075, 4.0947198, 81.767751, 82.096760,
11.388930, 163.81650, 4.0056206, 82.059001, 82.384553,
11.397850, 165.89460, 4.1715863, 82.347460, 82.669205,
11.406780, 153.81190, 4.0254052, 82.633504, 82.951088,
11.415700, 155.34873, 3.8181478, 82.916466, 83.229557,
11.424610, 151.95960, 3.8283654, 83.196393, 83.504664,
11.433530, 139.90255, 3.8489374, 83.473890, 83.777012,
11.442450, 144.23940, 3.8723916, 83.748659, 84.046317,
11.451360, 136.62075, 3.5578083, 84.020414, 84.312311,
11.460270, 139.39515, 3.6574468, 84.289454, 84.575293,
11.469180, 134.56275, 3.7968005, 84.555781, 84.835277,
11.478090, 132.73620, 4.7932448, 84.819393, 85.092272,
11.487000, 131.71243, 3.8582358, 85.080293, 85.346292,
11.495910, 125.44593, 4.5571402, 85.338450, 85.597318,
11.504810, 129.82230, 4.0398382, 85.593647, 85.845151,
11.513710, 119.16680, 3.6331454, 85.846102, 86.090019,
11.522620, 113.64880, 3.5130929, 86.096134, 86.332240,
11.531520, 116.70058, 3.5060934, 86.343147, 86.571253,
11.540420, 114.46713, 4.1615280, 86.587433, 86.807354,
11.549310, 115.26892, 3.7411422, 86.828727, 87.040302,
11.558210, 119.10888, 3.8358672, 87.067565, 87.270630,
11.567100, 124.57575, 3.7471074, 87.303350, 87.497778,
11.576000, 119.23425, 4.4141148, 87.536680, 87.722337,
11.584890, 110.67662, 4.6407259, 87.766970, 87.943760,
11.593780, 106.92857, 3.7196563, 87.994459, 88.162297,
11.602670, 110.00155, 4.5614286, 88.219186, 88.378000,
11.611560, 107.01593, 4.0876056, 88.441112, 88.590851,
11.620440, 110.03882, 4.2606925, 88.659966, 88.800609,
11.629330, 107.53313, 4.7976714, 88.876250, 89.007774,
11.638210, 99.132984, 4.3408707, 89.089462, 89.211884,
11.647090, 103.32691, 4.1941702, 89.299794, 89.413144,
11.655970, 96.428833, 5.0104317, 89.507252, 89.611581,
11.664850, 96.477694, 3.2849395, 89.711840, 89.807217,
11.673730, 92.611650, 2.8459237, 89.913493, 90.000014,
11.682600, 108.29120, 3.7768219, 90.112002, 90.189793,
11.691480, 94.375776, 3.0201876, 90.307770, 90.376964,
11.700350, 102.92484, 3.7299860, 90.500355, 90.561127,
11.709220, 100.06089, 3.2711128, 90.689946, 90.742484,
11.718090, 96.263695, 3.4025842, 90.876517, 90.921038,
11.726960, 91.046953, 4.4809871, 91.060043, 91.096788,
11.735830, 90.310068, 3.3181609, 91.240497, 91.269734,
11.744690, 94.854050, 3.5624633, 91.417644, 91.439678,
11.753560, 100.94767, 3.7442827, 91.591874, 91.607020,
11.762420, 85.877394, 3.1209023, 91.762745, 91.771364,
11.771280, 90.528814, 4.5681556, 91.930453, 91.932925,
11.775020, 97.762333, 3.5057654, 92.000266, 92.000266,
11.784500, 96.041182, 3.6081259, 92.174699, 92.168764,
11.793980, 89.791609, 4.1034594, 92.345464, 92.334058,
11.803460, 99.789898, 5.4537918, 92.512639, 92.496200,
11.812940, 97.410517, 3.6783053, 92.676232, 92.655179,
11.822420, 109.21975, 3.6517822, 92.836317, 92.811045,
11.831890, 87.754328, 3.3050202, 92.992744, 92.963634,
11.841360, 91.395535, 3.1902398, 93.145731, 93.113139,
11.850840, 98.996151, 3.2688383, 93.295462, 93.259724,
11.860310, 97.330059, 3.3197359, 93.441672, 93.403111,
11.869770, 98.839682, 3.9650792, 93.584403, 93.543327,
11.879240, 103.03138, 3.3335819, 93.723977, 93.680671,
11.888710, 103.18207, 3.2103286, 93.860279, 93.815016,
11.898170, 100.82953, 3.2957585, 93.993207, 93.946246,
11.907630, 99.256025, 3.3133493, 94.122915, 94.074502,
11.917090, 95.178778, 3.4041670, 94.249456, 94.199824,
11.926550, 101.90730, 3.1403599, 94.372832, 94.322200,
11.936010, 99.409786, 3.1659313, 94.493091, 94.441670,
11.945470, 100.71849, 3.2383995, 94.610235, 94.558222,
11.954920, 108.31638, 3.2748037, 94.724183, 94.671768,
11.964370, 99.918486, 3.7413573, 94.835078, 94.782441,
11.973830, 108.25438, 3.3296731, 94.943057, 94.890369,
11.983280, 104.55050, 3.2429152, 95.047899, 94.995326,
11.992720, 104.72348, 3.1821261, 95.149634, 95.097332,
12.002170, 112.78821, 3.2476660, 95.248503, 95.196624,
12.011610, 101.66882, 3.0200875, 95.344312, 95.293002,
12.021060, 103.37560, 3.1690613, 95.437270, 95.386670,
12.030500, 106.53363, 3.2091638, 95.527201, 95.477449,
12.039940, 101.03058, 3.5288528, 95.614205, 95.565434,
12.049380, 103.74829, 3.0324832, 95.698310, 95.650653,
12.058820, 100.09826, 3.6075829, 95.779510, 95.733096,
12.068250, 100.04195, 3.2526163, 95.857744, 95.812701,
12.077690, 106.69373, 3.1706944, 95.933185, 95.889643,
12.087120, 103.17938, 3.0401948, 96.005674, 95.963758,
12.096550, 104.98039, 3.3066888, 96.075300, 96.035139,
12.105980, 100.42515, 3.6209711, 96.142068, 96.103794,
12.115410, 100.41483, 3.5453020, 96.205981, 96.169727,
12.124830, 102.33706, 3.0998873, 96.266982, 96.232881,
12.134260, 103.38974, 3.2010141, 96.325196, 96.293389,
12.143680, 93.899054, 3.6199957, 96.380499, 96.351126,
12.153100, 108.94147, 3.4489673, 96.432961, 96.406172,
12.162520, 116.17205, 4.6650690, 96.482576, 96.458524,
12.171940, 100.14033, 3.7422148, 96.529335, 96.508180,
12.181360, 101.29263, 3.4044422, 96.573244, 96.555152,
12.190770, 104.19480, 3.4743508, 96.614248, 96.599391,
12.200180, 115.32376, 4.1350003, 96.652392, 96.640951,
12.209600, 91.739086, 3.2806582, 96.687706, 96.679877,
12.219010, 91.779133, 3.3259560, 96.720103, 96.716083,
12.228420, 98.340456, 3.7165211, 96.749614, 96.749614,
12.237820, 99.391798, 3.5844519, 96.776209, 96.780440,
12.247230, 102.49760, 3.5726355, 96.799978, 96.808645,
12.256630, 103.19217, 3.6908926, 96.820909, 96.834183,
12.266040, 138.99530, 4.3052612, 96.839080, 96.857123,
12.275440, 321.04181, 6.3303064, 96.854491, 96.877434,
12.284840, 349.30588, 6.2649972, 96.867194, 96.895153,
12.294230, 139.96658, 4.3237919, 96.877219, 96.910284,
12.303630, 112.20753, 4.9276860, 96.884616, 96.922870,
12.313030, 102.39345, 4.0376406, 96.889406, 96.932910,
12.322420, 115.20375, 5.5308024, 96.891619, 96.940410,
12.331810, 112.33568, 3.3113018, 96.891291, 96.945394,
12.341200, 112.22610, 2.8895869, 96.888451, 96.947876,
12.350590, 122.58257, 3.5954226, 96.883128, 96.947869,
12.359980, 108.75541, 3.4640798, 96.875347, 96.945382,
12.369360, 118.14713, 3.4692458, 96.865146, 96.940436,
12.378750, 110.80225, 3.3281494, 96.852531, 96.933030,
12.388130, 115.64085, 3.5826029, 96.837550, 96.923192,
12.397510, 111.33397, 3.6460422, 96.820218, 96.910925,
12.406890, 112.13164, 3.6921280, 96.800552, 96.896238,
12.416270, 119.25533, 3.5068079, 96.778577, 96.879141,
12.425640, 118.68105, 3.7296380, 96.754341, 96.859668,
12.435020, 109.47577, 3.5820505, 96.727809, 96.837783,
12.444390, 116.25970, 3.6480691, 96.699061, 96.813543,
12.453760, 108.17142, 3.5761291, 96.668084, 96.786935,
12.463130, 110.09445, 3.3657513, 96.634898, 96.757966,
12.472500, 117.41607, 4.5831364, 96.599518, 96.726643,
12.481870, 134.25450, 5.3608486, 96.561959, 96.692973,
12.489420, 118.82097, 4.3916469, 96.530119, 96.664140,
12.499490, 127.31618, 3.6786083, 96.485479, 96.623326,
12.509550, 127.02817, 3.8922157, 96.438416, 96.579866,
12.519610, 119.05035, 3.6321260, 96.388903, 96.533730,
12.529670, 125.39475, 3.7931875, 96.336960, 96.484929,
12.539730, 112.59328, 3.6668620, 96.282589, 96.433460,
12.549780, 123.55352, 3.7600164, 96.225869, 96.379392,
12.559840, 119.00200, 3.9201306, 96.166692, 96.322616,
12.569890, 125.59313, 3.6022884, 96.105190, 96.263257,
12.579940, 126.10295, 3.6884383, 96.041314, 96.201260,
12.589990, 128.04502, 3.7363911, 95.975071, 96.136630,
12.600040, 123.48618, 3.6153566, 95.906461, 96.069363,
12.610090, 129.55350, 3.5614760, 95.835504, 95.999476,
12.620130, 129.63392, 5.0447494, 95.762274, 95.927042,
12.630170, 131.13688, 3.6415186, 95.686698, 95.851984,
12.640210, 130.82337, 3.6535869, 95.608783, 95.774311,
12.650250, 127.32943, 3.6261230, 95.528532, 95.694024,
12.660290, 137.67995, 3.4961319, 95.445954, 95.611131,
12.670330, 133.22270, 3.5488682, 95.361033, 95.525618,
12.680360, 134.70440, 3.6837026, 95.273867, 95.437586,
12.690390, 138.56325, 3.4768088, 95.184369, 95.346945,
12.700420, 133.86922, 3.3672976, 95.092524, 95.253686,
12.710450, 138.55280, 3.3957759, 94.998348, 95.157826,
12.720480, 140.24868, 3.7253040, 94.901825, 95.059353,
12.730500, 142.91505, 4.1718024, 94.803046, 94.958363,
12.740530, 162.12785, 3.6703301, 94.701814, 94.854661,
12.750550, 136.13597, 3.2646517, 94.598315, 94.748440,
12.760570, 134.29055, 3.3553772, 94.492454, 94.639611,
12.770590, 140.20750, 3.4419163, 94.384201, 94.528148,
12.780610, 138.37580, 3.4001764, 94.273554, 94.414057,
12.790620, 136.16178, 3.2545335, 94.160621, 94.297456,
12.800640, 131.48295, 3.2655262, 94.045153, 94.178097,
12.810650, 141.48725, 3.4629593, 93.927377, 94.056222,
12.820660, 139.72078, 3.3995240, 93.807157, 93.931702,
12.830670, 118.67407, 3.0696014, 93.684466, 93.804518,
12.840680, 119.41215, 3.0810071, 93.559309, 93.674687,
12.850680, 118.78288, 3.1890596, 93.431781, 93.542317,
12.860690, 118.98745, 3.2516040, 93.301617, 93.407147,
12.870690, 113.55273, 3.1176087, 93.169046, 93.269426,
12.880690, 109.63065, 3.0326337, 93.033935, 93.129031,
12.890690, 107.75718, 3.0199041, 92.896238, 92.985926,
12.900680, 103.48420, 3.0822780, 92.756090, 92.840268,
12.910680, 99.722834, 3.0784790, 92.613174, 92.691742,
12.920670, 91.275272, 3.2040525, 92.467762, 92.540647,
12.930670, 99.720539, 2.9942415, 92.319523, 92.386656,
12.940660, 98.183353, 3.5109720, 92.168724, 92.230065,
12.950640, 97.971155, 3.6969469, 92.015375, 92.070899,
12.960630, 92.464859, 3.0201347, 91.859091, 91.908782,
12.970620, 98.646029, 3.4050699, 91.700033, 91.743896,
12.980600, 89.135015, 3.2861561, 91.538307, 91.576375,
12.990580, 104.32670, 3.4060701, 91.373745, 91.406064,
13.000560, 89.302290, 3.7267656, 91.206281, 91.232917,
13.010540, 97.874758, 3.2791131, 91.035894, 91.056934,
13.020520, 92.956039, 3.1699368, 90.862546, 90.878100,
13.030490, 92.004166, 3.6146159, 90.686385, 90.696592,
13.040470, 96.757868, 3.5439381, 90.507001, 90.512011,
13.050440, 85.311001, 3.7689294, 90.324728, 90.324728,
13.060410, 90.873262, 3.3797881, 90.139364, 90.134553,
13.070380, 86.677345, 3.3609638, 89.950970, 89.941542,
13.080350, 105.28960, 4.9903518, 89.759688, 89.745827,
13.090310, 86.331650, 4.1368228, 89.565791, 89.547676,
13.100280, 89.268433, 4.1173043, 89.369009, 89.346801,
13.110240, 96.462156, 3.7571774, 89.169821, 89.143681,
13.120200, 84.526327, 3.7629606, 88.968140, 88.938217,
13.130160, 93.296431, 4.0288949, 88.764064, 88.730501,
13.140110, 95.664141, 3.3701035, 88.557910, 88.520847,
13.150070, 94.183628, 2.7120888, 88.349341, 88.308904,
13.160020, 90.032124, 2.6921925, 88.138891, 88.095210,
13.169980, 91.716915, 3.2831117, 87.926212, 87.879404,
13.179930, 96.859032, 3.0966887, 87.711846, 87.662031,
13.189870, 95.017698, 3.1829711, 87.495871, 87.443167,
13.199820, 101.06263, 3.2635785, 87.277965, 87.222479,
13.209770, 94.403563, 3.0550232, 87.058405, 87.000245,
13.219710, 94.003656, 3.2656142, 86.837538, 86.776813,
13.229650, 90.465672, 3.0513699, 86.615243, 86.552057,
13.239590, 97.866146, 3.1659217, 86.391568, 86.326024,
13.249530, 100.16158, 4.0346636, 86.166623, 86.098823,
13.259470, 90.685846, 3.0477309, 85.940496, 85.870543,
13.269410, 91.857210, 3.4088043, 85.713275, 85.641269,
13.279340, 91.652599, 3.6393401, 85.485290, 85.411334,
13.289270, 94.747971, 3.6271893, 85.256365, 85.180561,
13.299200, 103.85924, 4.2821855, 85.026631, 84.949082,
13.309130, 96.143681, 3.9017874, 84.796152, 84.716960,
13.318260, 91.743799, 2.8909784, 84.583639, 84.503028,
13.328980, 94.064075, 2.8220866, 84.333502, 84.251338,
13.339690, 81.920616, 2.6437346, 84.083041, 83.999450,
13.350400, 92.074797, 2.8158250, 83.832118, 83.747226,
13.361120, 87.608728, 2.6999378, 83.580593, 83.494526,
13.371830, 85.747644, 2.5208656, 83.329065, 83.241955,
13.382530, 94.006912, 2.7453511, 83.077617, 82.989597,
13.393240, 87.864176, 2.5553312, 82.825909, 82.737112,
13.403940, 88.319639, 2.5428820, 82.574494, 82.485057,
13.414650, 89.194738, 2.6272267, 82.323029, 82.233091,
13.425350, 94.315041, 2.5323922, 82.072068, 81.981772,
13.436050, 89.723488, 2.4715834, 81.821494, 81.730983,
13.446740, 87.783785, 2.5197733, 81.571658, 81.481077,
13.457440, 91.268026, 2.6857405, 81.322175, 81.231673,
13.468130, 89.378042, 2.3446630, 81.073641, 80.983367,
13.478830, 87.621767, 2.2385969, 80.825675, 80.735782,
13.489520, 88.383270, 2.2944635, 80.578871, 80.489511,
13.500200, 93.197865, 2.3320485, 80.333311, 80.244638,
13.510890, 88.038885, 2.2822691, 80.088666, 80.000835,
13.521570, 88.572319, 2.2596776, 79.845479, 79.758646,
13.532260, 84.833391, 2.2022733, 79.603426, 79.517748,
13.542940, 92.697727, 2.1868716, 79.363049, 79.278681,
13.553620, 86.786644, 2.2619009, 79.124240, 79.041339,
13.564290, 84.522751, 2.2382903, 78.887344, 78.806063,
13.574970, 84.344557, 2.2116974, 78.652006, 78.572501,
13.585640, 89.301512, 2.0994644, 78.418801, 78.341222,
13.596320, 93.745020, 2.4290110, 78.187385, 78.111882,
13.606990, 81.266502, 2.5483217, 77.958325, 77.885045,
13.617650, 84.775650, 2.6653400, 77.731711, 77.660795,
13.628320, 84.849993, 2.1379856, 77.507254, 77.438843,
13.638980, 87.907509, 2.4434659, 77.285472, 77.219698,
13.649650, 83.036278, 2.1871833, 77.066088, 77.003083,
13.660310, 79.932495, 2.3172776, 76.849612, 76.789497,
13.670970, 83.425991, 3.3647500, 76.635970, 76.578861,
13.681630, 85.792467, 2.1887118, 76.425284, 76.371288,
13.692280, 91.347525, 3.1936539, 76.217879, 76.167095,
13.702940, 80.138695, 2.2527511, 76.013473, 75.965993,
13.713590, 84.516302, 2.3860450, 75.812595, 75.768497,
13.724240, 81.841690, 2.2815552, 75.615153, 75.574505,
13.734890, 76.617802, 2.4431720, 75.421311, 75.384170,
13.745530, 79.663031, 2.2673937, 75.231353, 75.197759,
13.756180, 77.097389, 2.2383876, 75.045070, 75.015055,
13.766820, 77.413445, 2.3522616, 74.862931, 74.836506,
13.777460, 81.923838, 2.7631500, 74.684905, 74.662067,
13.788100, 72.811941, 2.2518743, 74.511130, 74.491858,
13.798740, 74.051613, 2.4249679, 74.341748, 74.326002,
13.809380, 76.779814, 2.7551467, 74.176915, 74.164635,
13.820010, 81.391497, 2.5126949, 74.016888, 74.007990,
13.830640, 73.703934, 33.067428, 73.861694, 73.856073,
13.841270, 65.912300, 40.648362, 73.711454, 73.708982,
13.851900, 74.453922, 2.7407194, 73.566346, 73.566868,
13.862530, 69.904736, 3.7124969, 73.426427, 73.429776,
13.873150, 85.136784, 2.9713095, 73.291696, 73.297714,
13.883780, 79.483519, 2.6889080, 73.161763, 73.170318,
13.894400, 69.586294, 2.7219748, 73.036717, 73.047686,
13.905020, 72.578747, 3.2620000, 72.916297, 72.929575,
13.915640, 79.162733, 2.8262239, 72.800363, 72.815859,
13.926250, 75.286005, 3.1230916, 72.688875, 72.706508,
13.936870, 80.723001, 3.2091859, 72.581507, 72.601211,
13.947480, 85.008614, 3.5390789, 72.478299, 72.500014,
13.958090, 74.400471, 3.6536118, 72.379040, 72.402716,
13.968700, 81.818346, 3.0928199, 72.283583, 72.309177,
13.979310, 80.525322, 3.1909697, 72.191818, 72.219293,
13.989910, 81.882767, 3.5173873, 72.103687, 72.133011,
14.000520, 69.902922, 3.0875808, 72.018908, 72.050055,
14.011120, 72.276360, 3.4207663, 71.937511, 71.970455,
14.021720, 80.936262, 3.7738798, 71.859297, 71.894018,
14.032320, 78.816177, 3.6035512, 71.784149, 71.820624,
14.042920, 77.889385, 4.0986472, 71.711948, 71.750158,
14.053510, 80.156820, 4.0814604, 71.642645, 71.682567,
14.064110, 80.600756, 4.0469033, 71.575989, 71.617603,
14.074700, 75.415319, 3.7735740, 71.511993, 71.555272,
14.085290, 80.850344, 5.0797931, 71.450488, 71.495406,
14.095870, 79.877520, 3.7521263, 71.391411, 71.437935,
14.106460, 72.667559, 2.9624948, 71.334545, 71.382642,
14.117040, 72.165789, 2.4637295, 71.279884, 71.329513,
14.127630, 76.588963, 3.7891177, 71.227219, 71.278335,
14.138210, 79.086416, 3.1501907, 71.176547, 71.229098,
14.148790, 68.000763, 3.2457861, 71.127710, 71.181636,
14.159370, 76.819635, 2.8726847, 71.080602, 71.135840,
14.169940, 77.514875, 2.8913452, 71.035166, 71.091640,
14.180520, 88.368778, 6.0895155, 70.991208, 71.048838,
14.182090, 82.326424, 2.8821292, 70.984810, 71.042603,
14.193560, 83.812140, 3.0619192, 70.938977, 70.997906,
14.205030, 80.223993, 3.3119172, 70.894665, 70.954610,
14.216500, 73.592556, 3.5519065, 70.851753, 70.912582,
14.227970, 84.087521, 3.0943631, 70.810110, 70.871679,
14.239430, 88.343607, 3.6408502, 70.769642, 70.831794,
14.250890, 75.029562, 2.9270944, 70.730192, 70.792755,
14.262350, 78.109041, 3.4636453, 70.691629, 70.754418,
14.273810, 80.770689, 3.3697884, 70.653830, 70.716647,
14.285270, 74.520823, 3.0654753, 70.616676, 70.679305,
14.296730, 76.942917, 2.9395240, 70.580035, 70.642249,
14.308180, 68.921391, 3.0252294, 70.543820, 70.605375,
14.319630, 76.884422, 3.1187651, 70.507875, 70.568513,
14.331080, 70.019929, 2.8831600, 70.472073, 70.531520,
14.342530, 73.645912, 2.7489792, 70.436299, 70.494264,
14.353970, 76.933537, 2.6012927, 70.400458, 70.456639,
14.365410, 74.842543, 2.4670203, 70.364394, 70.418470,
14.376860, 71.654673, 2.3922904, 70.327955, 70.379588,
14.388300, 70.376419, 2.4375274, 70.291080, 70.339920,
14.399730, 81.621000, 2.9435073, 70.253649, 70.299333,
14.411170, 69.553860, 2.3217325, 70.215471, 70.257614,
14.422600, 69.424908, 2.2129463, 70.176493, 70.214701,
14.434030, 68.804632, 2.1863357, 70.136555, 70.170417,
14.445460, 74.708712, 2.2796025, 70.095531, 70.124618,
14.456890, 65.282793, 2.3384285, 70.053300, 70.077174,
14.468320, 74.467548, 2.1335669, 70.009735, 70.027940,
14.479740, 65.773797, 2.2822182, 69.964747, 69.976819,
14.491160, 62.931309, 2.2396044, 69.918174, 69.923632,
14.502580, 71.321491, 2.2557914, 69.869891, 69.868242,
14.514000, 70.783001, 2.0410107, 69.819834, 69.810592,
14.525420, 79.760981, 2.3846290, 69.768093, 69.750833,
14.536830, 73.151945, 1.8962601, 69.714823, 69.689189,
14.548240, 70.938839, 1.9714906, 69.660081, 69.625775,
14.559650, 62.666720, 2.9740296, 69.603965, 69.560753,
14.571060, 66.792867, 2.1344147, 69.546585, 69.494301,
14.582470, 68.818287, 2.7773267, 69.488040, 69.426579,
14.593870, 73.365204, 2.1287032, 69.428479, 69.357812,
14.605270, 69.282694, 2.4015755, 69.367954, 69.288110,
14.616670, 68.691563, 2.2873132, 69.306570, 69.217644,
14.628070, 71.707203, 2.5809355, 69.244415, 69.146568,
14.639470, 70.611759, 2.3665118, 69.181592, 69.075052,
14.650860, 72.656178, 2.2479436, 69.118258, 69.003328,
14.662260, 75.566219, 2.5973943, 69.054394, 68.931428,
14.673650, 64.560117, 2.6550031, 68.990215, 68.859650,
14.685040, 68.763269, 2.4985615, 68.925753, 68.788087,
14.696420, 71.234444, 2.1760727, 68.861177, 68.716978,
14.707810, 73.242666, 2.2323058, 68.796451, 68.646348,
14.719190, 70.908777, 2.1350189, 68.731804, 68.576501,
14.730570, 69.156934, 2.3052472, 68.667261, 68.507526,
14.741950, 69.931004, 2.3487464, 68.602924, 68.439593,
14.753330, 68.034824, 2.2818357, 68.538889, 68.372867,
14.764700, 72.583549, 2.6382051, 68.475313, 68.307572,
14.776080, 73.791800, 2.4457785, 68.412173, 68.243755,
14.787450, 70.554688, 2.4971763, 68.349684, 68.181697,
14.798820, 65.859793, 2.5101101, 68.287885, 68.121505,
14.810190, 70.629784, 2.6809690, 68.226868, 68.063341,
14.821550, 73.118710, 2.5960694, 68.166791, 68.007427,
14.832920, 66.259109, 2.4582145, 68.107648, 67.953831,
14.844280, 64.977032, 2.4569845, 68.049636, 67.902811,
14.855640, 69.064444, 2.8336959, 67.992805, 67.854488,
14.866990, 69.474240, 3.4440613, 67.937305, 67.809071,
14.878350, 68.609240, 2.9844854, 67.883135, 67.766645,
14.889710, 65.333639, 2.7873837, 67.830448, 67.727423,
14.901060, 74.883137, 3.3693012, 67.779394, 67.691607,
14.912410, 58.932555, 3.3723893, 67.730025, 67.659330,
14.923760, 69.445813, 3.1544972, 67.682441, 67.630762,
14.935100, 70.065805, 4.2338829, 67.636798, 67.606099,
14.946450, 69.072342, 3.7769530, 67.593109, 67.585466,
14.957790, 55.282972, 4.0380300, 67.551583, 67.569059,
14.969130, 73.990265, 3.6298645, 67.512511, 67.556835,
14.980470, 61.414826, 3.0891686, 67.476336, 67.548657,
14.991810, 64.454823, 3.2589428, 67.443518, 67.544392,
15.003140, 64.749254, 3.3475916, 67.414536, 67.543903,
15.014480, 59.382774, 3.8332507, 67.389801, 67.547057,
15.025810, 70.599159, 3.3437411, 67.369810, 67.553718,
15.037140, 63.693610, 3.9859304, 67.355008, 67.563752,
15.048460, 66.466413, 3.3676166, 67.345862, 67.577019,
15.059790, 66.333303, 3.5931046, 67.342826, 67.593410,
15.071110, 61.804968, 3.1989315, 67.346374, 67.612769,
15.082440, 70.289963, 2.6740267, 67.356990, 67.635002,
15.093750, 64.838480, 2.5444134, 67.375112, 67.659916,
15.105070, 65.314169, 2.4971210, 67.401261, 67.687449,
15.116390, 69.060789, 2.7147689, 67.435910, 67.717453,
15.127700, 70.109995, 2.5602675, 67.479506, 67.749772,
15.139020, 63.427318, 2.9523935, 67.532626, 67.784340,
15.150330, 66.451529, 2.9887621, 67.595671, 67.820968,
15.162390, 70.085592, 2.9283345, 67.674454, 67.862191,
15.174730, 68.841927, 2.8881802, 67.768045, 67.906532,
15.187070, 67.255014, 2.9172031, 67.875421, 67.952894,
15.199410, 60.846241, 3.1687647, 67.997279, 68.001125,
15.211740, 66.615032, 2.6689083, 68.133954, 68.051035,
15.224080, 76.233887, 3.6337212, 68.285187, 68.102663,
15.236410, 72.423420, 2.8179431, 68.449921, 68.155890,
15.248740, 75.445923, 2.7945739, 68.627499, 68.210734,
15.261060, 68.985784, 2.8098220, 68.816984, 68.267120,
15.273390, 73.046824, 2.6337801, 69.017934, 68.325118,
15.285710, 66.769450, 2.6259082, 69.229269, 68.384608,
15.298030, 72.287254, 3.2045735, 69.450375, 68.445606,
15.310350, 60.880342, 2.6646986, 69.680545, 68.508097,
15.322660, 51.509114, 3.5403943, 69.918819, 68.571995,
15.334980, 65.597932, 2.4738886, 70.164855, 68.637383,
15.347290, 66.650157, 2.7903182, 70.417548, 68.704134,
15.359600, 71.340370, 2.5387419, 70.676365, 68.772277,
15.371900, 69.419143, 2.4233461, 70.940366, 68.841729,
15.384210, 72.244985, 2.8584535, 71.209288, 68.912587,
15.396510, 63.462785, 2.7203895, 71.481987, 68.984712,
15.408810, 74.481220, 2.8147431, 71.757944, 69.058134,
15.421110, 71.313633, 2.7605064, 72.036500, 69.132841,
15.433410, 75.482964, 2.6239809, 72.316910, 69.208802,
15.445700, 69.800490, 2.6233732, 72.598278, 69.285941,
15.457990, 84.105446, 11.013456, 72.880124, 69.364297,
15.470280, 71.525225, 3.3517970, 73.161752, 69.443850,
15.482570, 70.317780, 3.7330092, 73.442464, 69.524580,
15.494860, 73.500486, 3.0580911, 73.721564, 69.606469,
15.507140, 69.207444, 2.7170880, 73.998138, 69.689433,
15.519420, 68.888714, 2.6284373, 74.271686, 69.773509,
15.531700, 76.081049, 3.5192363, 74.541549, 69.858693,
15.543980, 84.225292, 3.2533333, 74.806983, 69.944953,
15.556260, 75.362278, 2.6839492, 75.067324, 70.032286,
15.568530, 73.764721, 2.3597976, 75.321628, 70.120590,
15.580800, 72.281765, 2.2819641, 75.569408, 70.209923,
15.593070, 79.376894, 2.4797463, 75.809950, 70.300269,
15.605340, 77.808922, 2.5321542, 76.042550, 70.391610,
15.617600, 77.855154, 2.4598850, 76.266815, 70.483859,
15.629860, 71.821043, 2.4511158, 76.483263, 70.577062,
15.642120, 78.420839, 2.1689673, 76.692308, 70.671218,
15.654380, 79.062822, 2.1476080, 76.894291, 70.766298,
15.666640, 75.890354, 2.4512264, 77.089613, 70.862300,
15.678890, 74.903738, 2.3755430, 77.278465, 70.959119,
15.691140, 76.734671, 2.5394656, 77.461377, 71.056821,
15.703390, 77.729744, 2.1026088, 77.638707, 71.155393,
15.715640, 83.016033, 2.4631039, 77.810807, 71.254820,
15.727890, 81.275621, 2.8242267, 77.978028, 71.355088,
15.740130, 77.422424, 2.8631391, 78.140592, 71.456103,
15.752370, 80.448183, 2.3371732, 78.298960, 71.557923,
15.764610, 78.512079, 2.5511776, 78.453499, 71.660548,
15.776850, 83.517733, 2.5334851, 78.604522, 71.763951,
15.789090, 80.183949, 2.3643103, 78.752389, 71.868134,
15.801320, 79.257206, 2.6997486, 78.897298, 71.972986,
15.813550, 79.385487, 2.6093930, 79.039707, 72.078583,
15.825780, 80.821878, 2.4609247, 79.179948, 72.184913,
15.838010, 80.704908, 2.4592634, 79.318347, 72.291963,
15.850230, 72.620906, 2.8330442, 79.455126, 72.399638,
15.862450, 88.800686, 3.0314400, 79.590707, 72.507999,
15.874670, 88.319363, 3.0592005, 79.725437, 72.617053,
15.886890, 78.967514, 2.9478387, 79.859628, 72.726779,
15.899110, 89.299799, 3.8826455, 79.993593, 72.837158,
15.911320, 79.634590, 3.2942045, 80.127562, 72.948099,
15.923540, 76.491652, 2.9444810, 80.262077, 73.059774,
15.935750, 81.480669, 3.8190698, 80.397231, 73.171980,
15.947960, 78.797798, 3.2901449, 80.533462, 73.284803,
15.960160, 87.653893, 3.5815604, 80.670986, 73.398142,
15.972370, 79.611582, 3.3279982, 80.810343, 73.512164,
15.984570, 82.993464, 3.1648423, 80.951630, 73.626674,
15.996770, 80.669737, 3.0623882, 81.095303, 73.741766,
16.008961, 84.387659, 3.2001704, 81.241564, 73.857331,
16.021160, 83.670124, 3.2584180, 81.390959, 73.973532,
16.033350, 78.698982, 3.4229803, 81.543598, 74.090187,
16.045549, 75.537693, 3.0697555, 81.700053, 74.207468,
16.057739, 82.503502, 2.9133096, 81.860414, 74.325182,
16.069920, 80.321806, 3.1134564, 82.025010, 74.443320,
16.082109, 80.500751, 2.9820470, 82.194440, 74.562057,
16.094290, 67.190537, 3.6140856, 82.368780, 74.681199,
16.106470, 85.470482, 3.2892829, 82.548508, 74.800829,
16.118650, 90.376665, 3.1119008, 82.733972, 74.920939,
16.130831, 71.981397, 3.6846166, 82.925528, 75.041520,
16.143009, 80.340387, 3.3792378, 83.123498, 75.162545,
16.155180, 95.024145, 4.8612284, 83.328144, 75.283949,
16.167351, 91.977551, 3.7256722, 83.539952, 75.405797,
16.179520, 84.245171, 12.438264, 83.759256, 75.528065,
16.191681, 76.871288, 4.2611211, 83.986317, 75.650685,
16.203850, 95.696648, 5.6194758, 84.221798, 75.773803,
16.216009, 76.512699, 3.9805453, 84.465748, 75.897239,
16.228170, 89.026405, 4.4567403, 84.718734, 76.021100,
16.240330, 82.361143, 6.4103970, 84.980530, 76.145340,
16.252489, 83.547480, 5.6399036, 85.250718, 76.269970,
16.264641, 92.904566, 4.4995320, 85.528663, 76.394906,
16.276791, 94.612755, 4.5663290, 85.814038, 76.520198,
16.288950, 81.878895, 4.2218488, 86.106671, 76.645958,
16.301090, 90.274191, 5.6149945, 86.405424, 76.771881,
16.313240, 99.056782, 5.7537325, 86.710556, 76.898259,
16.325380, 106.96335, 5.6421533, 87.021156, 77.024884,
16.337530, 93.975952, 4.0991670, 87.337280, 77.151951,
16.349670, 99.717936, 3.2121016, 87.658009, 77.279252,
16.361799, 102.74891, 4.2932657, 87.982855, 77.406760,
16.373940, 116.54869, 4.5530400, 88.312014, 77.534709,
16.386070, 116.94147, 5.0983403, 88.644500, 77.662873,
16.398211, 118.58068, 4.4420118, 88.980422, 77.791445,
16.410339, 124.10097, 4.2231997, 89.318786, 77.920198,
16.422461, 112.85195, 4.8966822, 89.659283, 78.049165,
16.434589, 119.23535, 4.5550487, 90.001931, 78.178503,
16.446711, 116.86183, 5.6084541, 90.345894, 78.308043,
16.458839, 112.76231, 3.8835762, 90.691199, 78.437941,
16.470961, 100.32944, 6.5194359, 91.037005, 78.568030,
16.483070, 110.28638, 8.5696967, 91.382798, 78.698261,
16.495190, 96.121674, 8.0346151, 91.728773, 78.828854,
16.500280, 112.09725, 4.0717662, 91.873976, 78.883786,
16.513599, 123.12435, 5.9500764, 92.253245, 79.027715,
16.526911, 109.32687, 3.4615392, 92.630959, 79.171859,
16.540211, 107.26511, 3.3755256, 93.006475, 79.316167,
16.553520, 111.03403, 3.2243022, 93.379848, 79.460861,
16.566820, 103.80632, 3.7158892, 93.750004, 79.605726,
16.580120, 104.80858, 3.4084350, 94.116670, 79.750859,
16.593420, 95.137444, 2.8852440, 94.479301, 79.896252,
16.606710, 100.27354, 3.0746081, 94.837095, 80.041795,
16.620001, 98.964367, 3.0397547, 95.189765, 80.187584,
16.633301, 100.17861, 3.3405796, 95.537004, 80.333718,
16.646589, 95.186975, 3.3816995, 95.877708, 80.479961,
16.659870, 97.278706, 3.6290192, 96.211427, 80.626346,
16.673149, 100.03580, 3.8797559, 96.537745, 80.772930,
16.686440, 92.503294, 3.2402383, 96.856411, 80.919855,
16.699711, 100.12855, 4.0107838, 97.166254, 81.066776,
16.712990, 93.623770, 3.7468288, 97.468680, 81.213983,
16.726271, 102.41564, 3.5661362, 97.764980, 81.361407,
16.739540, 100.41105, 4.1308346, 98.056292, 81.508892,
16.752810, 101.54934, 3.0506313, 98.344297, 81.656560,
16.766081, 101.19749, 2.8798010, 98.630459, 81.804426,
16.779341, 108.61183, 2.9244291, 98.915910, 81.952335,
16.792601, 94.472586, 3.2415488, 99.202314, 82.100409,
16.805870, 113.14340, 3.2134642, 99.491299, 82.248748,
16.819120, 102.58062, 2.7970973, 99.783657, 82.397027,
16.832380, 99.915604, 2.5712813, 100.08144, 82.545560,
16.845631, 103.12334, 2.4532936, 100.38563, 82.694128,
16.858891, 98.382183, 2.6437871, 100.69811, 82.842939,
16.872141, 102.27988, 2.8803826, 101.01987, 82.991773,
16.885380, 86.384874, 3.1169881, 101.35226, 83.140603,
16.898630, 105.89059, 2.7624795, 101.69732, 83.289680,
16.911869, 102.88516, 3.1720003, 102.05590, 83.438743,
16.925110, 103.82920, 2.7704223, 102.42982, 83.587935,
16.938351, 99.855707, 2.7550755, 102.82051, 83.737229,
16.951580, 101.73134, 2.8968113, 103.22908, 83.886492,
16.964821, 104.47404, 3.0523435, 103.65650, 84.035976,
16.978050, 106.74787, 3.3941181, 104.09881, 84.185417,
16.991270, 113.71957, 3.1145833, 104.55219, 84.334832,
17.004499, 121.22365, 3.7126938, 105.01348, 84.484431,
17.017719, 142.65490, 3.6354407, 105.47822, 84.633992,
17.030951, 326.04037, 5.7174197, 105.94333, 84.783748,
17.044161, 374.48688, 6.9289711, 106.40386, 84.933328,
17.057381, 163.30797, 4.2511527, 106.85709, 85.083070,
17.070601, 113.94520, 3.3312688, 107.29887, 85.232862,
17.083811, 116.27255, 3.3149156, 107.72507, 85.382591,
17.097019, 106.68642, 2.9398174, 108.13213, 85.532338,
17.110229, 114.84455, 3.1415722, 108.51634, 85.682141,
17.123430, 114.68350, 3.1698222, 108.87354, 85.831866,
17.136641, 117.98442, 3.4343040, 109.20036, 85.981723,
17.149839, 107.09554, 2.8159802, 109.49240, 86.131470,
17.163040, 104.13527, 2.8258497, 109.74609, 86.281253,
17.176229, 109.23492, 3.0359192, 109.95726, 86.430915,
17.189430, 107.88902, 2.7816409, 110.12232, 86.580712,
17.202620, 107.65149, 3.1458030, 110.23697, 86.730377,
17.215811, 107.95959, 3.0820618, 110.29735, 86.880059,
17.229000, 105.59003, 2.9156337, 110.29937, 87.029708,
17.242180, 111.49179, 3.2671972, 110.23898, 87.179233,
17.255369, 118.00342, 3.2826575, 110.11409, 87.328845,
17.268551, 107.92816, 2.9912857, 109.92804, 87.478344,
17.281719, 106.94718, 3.1844735, 109.68501, 87.627662,
17.294901, 103.06093, 5.2936433, 109.38840, 87.777095,
17.308069, 110.14309, 3.4362264, 109.04267, 87.926335,
17.321251, 118.09622, 3.4309738, 108.65095, 88.075681,
17.334410, 125.52135, 3.6204000, 108.21814, 88.224716,
17.347580, 104.02684, 3.9797457, 107.74693, 88.373824,
17.360750, 111.23838, 4.0094332, 107.24139, 88.522871,
17.373911, 112.24759, 4.8792190, 106.70563, 88.671744,
17.387070, 104.05248, 4.9649546, 106.14305, 88.820524,
17.400230, 111.90663, 4.3855211, 105.55714, 88.969249,
17.413380, 98.934330, 3.8079063, 104.95214, 89.117763,
17.426540, 99.744007, 4.3943229, 104.33061, 89.266319,
17.439690, 113.05391, 4.0515649, 103.69724, 89.414653,
17.452841, 105.35747, 4.9126930, 103.05499, 89.562912,
17.465981, 114.02289, 3.9991112, 102.40810, 89.710940,
17.479130, 106.49060, 4.6367467, 101.75911, 89.858967,
17.492270, 107.35092, 3.9174587, 101.11253, 90.006773,
17.505409, 100.43727, 4.2989400, 100.47147, 90.154461,
17.518551, 99.246624, 3.9862946, 99.839404, 90.302047,
17.531679, 100.52749, 5.1749577, 99.220639, 90.449354,
17.544821, 99.356812, 4.2302682, 98.617501, 90.596675,
17.557949, 94.085886, 3.8794398, 98.034814, 90.743708,
17.571079, 101.14790, 4.4398733, 97.475484, 90.890616,
17.584200, 107.19384, 3.7760391, 96.943600, 91.037266,
17.597330, 99.855635, 4.2668168, 96.442033, 91.183867,
17.610451, 83.849354, 3.8024167, 95.974767, 91.330199,
17.623569, 90.632710, 4.1591549, 95.541708, 91.476341,
17.636690, 95.887823, 5.8855560, 95.141592, 91.622332,
17.649799, 107.03126, 5.3145891, 94.773673, 91.768016,
17.662910, 91.384937, 5.8277911, 94.436448, 91.913536,
17.676029, 97.110134, 7.3634777, 94.128730, 92.058950,
17.689131, 116.39727, 6.2492568, 93.850020, 92.203978,
17.702240, 113.97813, 6.6292987, 93.598731, 92.348887,
17.715349, 94.458441, 5.7927235, 93.374027, 92.493587,
17.728451, 93.955187, 5.1667951, 93.175027, 92.637988,
17.741550, 88.008095, 5.6505689, 93.000649, 92.782148,
17.754641, 88.872190, 4.3678817, 92.850013, 92.925976,
17.767740, 98.260662, 3.5403456, 92.721969, 93.069675,
17.780830, 98.848091, 4.0625936, 92.615788, 93.213031,
17.793921, 104.45855, 3.8625314, 92.530472, 93.356140,
17.807011, 113.71588, 4.2182874, 92.465138, 93.498998,
17.820101, 108.60797, 4.2297106, 92.418919, 93.641597,
17.833179, 98.443115, 3.5628439, 92.390976, 93.783806,
17.846270, 104.07352, 4.2074698, 92.380422, 93.925867,
17.859341, 107.61709, 3.6729942, 92.386440, 94.067443,
17.872419, 92.927250, 3.7715526, 92.408208, 94.208817,
17.885500, 95.942028, 3.9693543, 92.444930, 94.349918,
17.898569, 97.550465, 5.0660084, 92.495764, 94.490598,
17.911640, 95.768452, 4.2098220, 92.559965, 94.630991,
17.924709, 90.752748, 3.9380302, 92.636746, 94.771051,
17.937780, 117.48030, 8.7323542, 92.725368, 94.910811,
17.941250, 93.200516, 4.4334890, 92.750783, 94.947853,
17.955721, 96.213512, 3.8738467, 92.864895, 95.102102,
17.970181, 93.825485, 3.8787491, 92.991233, 95.255814,
17.984650, 98.535282, 3.5955792, 93.128984, 95.409203,
17.999109, 98.248131, 4.2178337, 93.276983, 95.562056,
18.013571, 88.370201, 3.8963073, 93.434365, 95.714484,
18.028021, 102.20706, 3.4732491, 93.600013, 95.866336,
18.042480, 103.85732, 3.8652567, 93.773206, 96.017821,
18.056931, 107.11726, 3.7015511, 93.952769, 96.168728,
18.071381, 97.744345, 3.3111070, 94.137868, 96.319147,
18.085819, 89.382339, 4.1454507, 94.327414, 96.468947,
18.100269, 91.154675, 4.0621255, 94.520774, 96.618354,
18.114710, 95.838673, 4.7995127, 94.716876, 96.767140,
18.129150, 98.353752, 4.1681847, 94.915581, 96.915390,
18.143579, 99.883392, 4.0192750, 95.116586, 97.062977,
18.158020, 108.84613, 4.8136625, 95.320073, 97.210122,
18.172449, 103.35824, 4.0513496, 95.525582, 97.356579,
18.186880, 104.87387, 4.1811276, 95.733168, 97.502472,
18.201300, 101.73399, 3.6265455, 95.942503, 97.647654,
18.215719, 97.803461, 3.5476162, 96.153621, 97.792226,
18.230150, 96.911457, 3.6650600, 96.366563, 97.936290,
18.244560, 89.102554, 2.9675737, 96.580721, 98.079510,
18.258980, 97.815165, 3.1148605, 96.796422, 98.222175,
18.273390, 93.774902, 2.9943823, 97.013254, 98.364083,
18.287800, 98.253601, 3.4164698, 97.231237, 98.505315,
18.302210, 92.375898, 3.8269259, 97.450248, 98.645855,
18.316620, 98.319206, 3.5928818, 97.670165, 98.785690,
18.331020, 99.168234, 3.5454738, 97.890723, 98.924712,
18.345421, 96.875509, 3.1196406, 98.111945, 99.062999,
18.359819, 104.26058, 3.8542003, 98.333684, 99.200517,
18.374210, 101.69774, 3.7177262, 98.555733, 99.337198,
18.388611, 93.178873, 4.0400083, 98.778237, 99.473187,
18.403000, 106.99252, 4.7602658, 99.000755, 99.608271,
18.417379, 104.85385, 3.8836998, 99.223199, 99.742453,
18.431770, 95.551783, 4.0634810, 99.445775, 99.875912,
18.446150, 96.391304, 4.1302835, 99.668012, 100.00842,
18.460529, 105.72382, 4.4651899, 99.889970, 100.14006,
18.474911, 109.10670, 4.3292887, 100.11156, 100.27084,
18.489281, 101.84335, 4.5670577, 100.33246, 100.40062,
18.503660, 98.623520, 3.1659187, 100.55287, 100.52957,
18.518030, 95.322733, 2.9467496, 100.77238, 100.65751,
18.532391, 95.003374, 3.1908154, 100.99086, 100.78448,
18.546761, 103.98733, 2.9258162, 101.20847, 100.91068,
18.561119, 96.283192, 3.0254939, 101.42475, 101.03595,
18.575480, 104.39588, 3.3765628, 101.63979, 101.16044,
18.589840, 102.27209, 3.7083874, 101.85340, 101.28417,
18.604191, 99.158567, 3.1967676, 102.06533, 101.40709,
18.618549, 104.58583, 3.5294090, 102.27569, 101.52937,
18.632900, 105.51173, 3.2656152, 102.48410, 101.65092,
18.647240, 102.95410, 3.4715941, 102.69040, 101.77172,
18.661591, 101.94985, 3.7470878, 102.89475, 101.89201,
18.675930, 98.969526, 4.3072753, 103.09669, 102.01163,
18.690269, 106.34710, 5.1260797, 103.29624, 102.13069,
18.704611, 108.86154, 4.4444920, 103.49329, 102.24924,
18.718941, 114.18320, 4.0954614, 103.68749, 102.36720,
18.733271, 104.52546, 3.8575999, 103.87886, 102.48470,
18.747601, 105.28638, 3.7281541, 104.06725, 102.60175,
18.761930, 113.40328, 3.8957877, 104.25249, 102.71840,
18.776260, 108.30768, 3.9392959, 104.43443, 102.83467,
18.790581, 110.25491, 3.6338732, 104.61278, 102.95051,
18.804899, 112.10605, 3.6489080, 104.78749, 103.06600,
18.819220, 108.07493, 3.2747606, 104.95843, 103.18121,
18.833530, 107.85938, 3.4606785, 105.12530, 103.29608,
18.847839, 116.74127, 3.7008923, 105.28801, 103.41068,
18.862150, 113.66080, 4.3178332, 105.44644, 103.52509,
18.876459, 128.40067, 4.6073442, 105.60035, 103.63929,
18.890770, 112.40623, 4.0391315, 105.74960, 103.75334,
18.905069, 115.27827, 3.9161412, 105.89388, 103.86717,
18.919371, 104.45459, 4.0384152, 106.03312, 103.98091,
18.933670, 124.99575, 4.1328842, 106.16708, 104.09455,
18.947960, 111.13970, 4.8297434, 106.29551, 104.20806,
18.962250, 122.74007, 5.6160471, 106.41829, 104.32154,
18.976540, 113.06864, 5.1246401, 106.53520, 104.43502,
18.990829, 122.38790, 5.5496839, 106.64603, 104.54853,
19.005119, 121.93095, 5.1439561, 106.75056, 104.66210,
19.019400, 112.54319, 5.0937600, 106.84849, 104.77566,
19.033680, 113.96025, 5.0064280, 106.93967, 104.88934,
19.047960, 107.52798, 4.3355406, 107.02385, 105.00314,
19.062229, 112.31095, 4.7750404, 107.10073, 105.11702,
19.076500, 120.04588, 5.1503736, 107.17015, 105.23110,
19.090771, 112.55287, 4.3712090, 107.23182, 105.34539,
19.105040, 109.22692, 4.8759240, 107.28549, 105.45990,
19.119310, 118.45540, 5.2633692, 107.33089, 105.57470,
19.133570, 109.17398, 4.7045324, 107.36772, 105.68971,
19.147829, 118.21655, 6.2208090, 107.39573, 105.80503,
19.162090, 93.002844, 6.6198196, 107.41462, 105.92072,
19.176340, 105.37390, 5.3064311, 107.42410, 106.03669,
19.190599, 117.13168, 5.5153455, 107.42386, 106.15314,
19.204849, 124.97315, 5.7127425, 107.41360, 106.26995,
19.219101, 110.83516, 6.2728710, 107.39298, 106.38723,
19.233339, 131.20053, 6.7571210, 107.36171, 106.50489,
19.247580, 123.20522, 6.7260023, 107.31942, 106.62307,
19.261820, 124.88883, 7.2821894, 107.26577, 106.74180,
19.276060, 100.44598, 6.0844851, 107.20039, 106.86110,
19.290300, 90.611691, 8.1026315, 107.12291, 106.98100,
19.304529, 122.08743, 8.5628449, 107.03304, 107.10144,
19.318760, 108.55154, 7.9571631, 106.93029, 107.22254,
19.332991, 111.74140, 6.2186423, 106.81428, 107.34433,
19.347219, 119.58562, 6.5631387, 106.68462, 107.46682,
19.361441, 122.21553, 6.3230843, 106.54095, 107.58998,
19.375660, 110.58350, 6.6492200, 106.38277, 107.71391,
19.389879, 102.63716, 11.814549, 106.20963, 107.83864,
19.404100, 139.11985, 18.933903, 106.02103, 107.96421,
19.418310, 142.69870, 22.789142, 105.81669, 108.09055,
19.432520, 103.34252, 7.5266681, 105.59597, 108.21779,
