# wave, flux, fluxerr, continuum, continuum_plateau
9.9725246, 119.91590, 5.2108510, 141.28197, 141.15666,
9.9806166, 102.50163, 4.0713029, 139.61287, 139.50797,
9.9887066, 107.15362, 4.2803749, 137.99478, 137.90785,
9.9967957, 108.11653, 4.1831551, 136.42644, 136.35522,
10.004880, 104.77028, 5.1061332, 134.90751, 134.84993,
10.012970, 112.20693, 4.0159706, 133.43502, 133.38918,
10.021050, 110.14498, 4.2934610, 132.01069, 131.97487,
10.029140, 121.76565, 19.590306, 130.63019, 130.60281,
10.037220, 127.73058, 4.5200334, 129.29595, 129.27559,
10.045300, 124.50908, 4.4357704, 128.00519, 127.99055,
10.053380, 116.18115, 3.5279589, 126.75681, 126.74676,
10.061460, 118.60740, 3.8033704, 125.55017, 125.54369,
10.069540, 118.93410, 4.6120009, 124.38406, 124.38024,
10.077610, 119.48468, 3.8175704, 123.25915, 123.25721,
10.085690, 119.20983, 3.8397316, 122.17173, 122.17099,
10.093760, 126.32080, 4.4034062, 121.12349, 121.12335,
10.101830, 115.95225, 4.1365765, 120.11223, 120.11222,
10.109900, 124.33837, 4.1175817, 119.13698, 119.13669,
10.117970, 113.89358, 4.6074513, 118.19711, 118.19621,
10.126040, 106.77938, 4.2291512, 117.29165, 117.28990,
10.134100, 103.90383, 3.8117704, 116.42088, 116.41809,
10.142170, 113.64792, 3.4760803, 115.58169, 115.57775,
10.150230, 108.42733, 4.4126648, 114.77536, 114.77022,
10.158300, 125.31483, 3.8973634, 113.99918, 113.99281,
10.166360, 107.78015, 3.3318549, 113.25425, 113.24670,
10.174420, 104.06773, 4.3618690, 112.53868, 112.53002,
10.182470, 119.49902, 4.2307970, 111.85265, 111.84300,
10.190530, 101.91536, 4.0309883, 111.19366, 111.18318,
10.198590, 103.40415, 4.0828659, 110.56172, 110.55057,
10.206640, 121.13313, 4.1248581, 109.95691, 109.94530,
10.214690, 99.421009, 3.6267646, 109.37763, 109.36577,
10.222750, 107.29337, 3.8114332, 108.82251, 108.81063,
10.230800, 102.56047, 5.0303646, 108.29212, 108.28046,
10.238850, 101.86274, 4.0011979, 107.78506, 107.77387,
10.246890, 103.84212, 3.7878384, 107.30117, 107.29069,
10.254940, 98.304369, 3.7849840, 106.83857, 106.82905,
10.262990, 89.747435, 4.9804700, 106.39716, 106.38884,
10.271030, 104.73135, 4.8230845, 105.97670, 105.96982,
10.279070, 104.44453, 4.0677705, 105.57602, 105.57079,
10.287120, 107.48088, 4.7209184, 105.19388, 105.19052,
10.295150, 101.62806, 4.9299885, 104.83102, 104.82970,
10.303190, 113.46247, 4.6921231, 104.48538, 104.48628,
10.311230, 100.98438, 4.5209462, 104.15847, 104.16172,
10.319270, 96.274200, 4.9060569, 103.85333, 103.85902,
10.327300, 98.964100, 4.2057533, 103.57362, 103.58179,
10.335340, 104.09470, 4.0209850, 103.32189, 103.33254,
10.343370, 109.14057, 3.8779182, 103.10199, 103.11506,
10.351400, 96.123068, 4.7491985, 102.91694, 102.93231,
10.359430, 106.34409, 4.5631751, 102.76998, 102.78747,
10.367460, 101.20932, 3.7115744, 102.66442, 102.68376,
10.375480, 102.45273, 4.3610953, 102.60362, 102.62447,
10.383510, 96.643600, 4.2156804, 102.59072, 102.61267,
10.391530, 98.700840, 4.7662587, 102.62909, 102.65162,
10.399560, 97.215275, 3.8646863, 102.72217, 102.74465,
10.407580, 97.725882, 3.1719805, 102.87310, 102.89479,
10.415600, 102.02894, 3.3917744, 103.08527, 103.10533,
10.423620, 103.28757, 4.6134852, 103.36214, 103.37957,
10.431640, 108.31967, 3.7292005, 103.70702, 103.72071,
10.439650, 105.73450, 3.9348619, 104.12283, 104.13149,
10.447670, 111.94760, 4.0385592, 104.61406, 104.61623,
10.455680, 100.32088, 4.0035920, 105.18249, 105.17660,
10.463700, 100.68720, 3.3715165, 105.82903, 105.81355,
10.471710, 95.414745, 3.4926472, 106.54930, 106.52295,
10.479720, 99.441919, 3.0570404, 107.34138, 107.30309,
10.487730, 107.09680, 3.5291024, 108.20260, 108.15149,
10.495730, 95.777596, 3.5036999, 109.12916, 109.06456,
10.503740, 98.874004, 3.3622339, 110.12063, 110.04202,
10.511750, 100.75690, 4.9930065, 111.17332, 111.08035,
10.519750, 113.18395, 4.2222979, 112.28314, 112.17563,
10.527750, 127.20727, 5.8411897, 113.44897, 113.32689,
10.535750, 107.26730, 4.2189563, 114.66813, 114.53158,
10.543750, 107.76950, 4.4234535, 115.93792, 115.78711,
10.551750, 109.13173, 4.2701236, 117.25609, 117.09137,
10.559750, 112.43000, 6.6988666, 118.61981, 118.44163,
10.567850, 110.92370, 6.7355699, 120.04477, 119.85354,
10.576350, 114.95655, 3.5353117, 121.58481, 121.38060,
10.584840, 129.87505, 3.8932092, 123.16579, 122.94948,
10.593340, 136.53320, 4.1504749, 124.78866, 124.56117,
10.601830, 135.55045, 3.8098659, 126.44646, 126.20886,
10.610330, 133.42717, 3.5609861, 128.14035, 127.89374,
10.618820, 138.50380, 3.4610122, 129.86339, 129.60902,
10.627310, 134.37365, 3.2746465, 131.61438, 131.35351,
10.635800, 137.35062, 4.0033052, 133.39077, 133.12477,
10.644280, 141.98615, 4.1243024, 135.18725, 134.91753,
10.652770, 131.24350, 3.3614494, 137.00517, 136.73321,
10.661250, 136.70733, 3.5286487, 138.83755, 138.56489,
10.669740, 136.27303, 3.3969277, 140.68565, 140.41388,
10.678220, 139.24275, 3.4863751, 142.54243, 142.27319,
10.686700, 146.73380, 3.6348652, 144.40710, 144.14209,
10.695180, 153.95062, 4.0767968, 146.27679, 146.01775,
10.703650, 153.14035, 4.2705533, 148.14655, 147.89526,
10.712130, 149.92467, 3.6448421, 150.01751, 149.77581,
10.720600, 152.36073, 3.5805532, 151.88303, 151.65280,
10.729080, 154.79848, 3.6205662, 153.74424, 153.52743,
10.737550, 157.38615, 3.9401385, 155.59389, 155.39247,
10.746020, 164.04705, 3.7612473, 157.43164, 157.24765,
10.754490, 163.98508, 3.7729941, 159.25421, 159.08974,
10.762960, 155.77177, 3.7619977, 161.05915, 160.91635,
10.771420, 157.50692, 4.3915294, 162.84098, 162.72205,
10.779890, 163.80222, 3.8678922, 164.60166, 164.50889,
10.788350, 160.35955, 4.2307731, 166.33375, 166.26945,
10.796810, 170.37077, 4.1194652, 168.03655, 168.00315,
10.805270, 174.27510, 4.3623768, 169.70717, 169.70717,
10.813730, 171.86925, 4.4783145, 171.34331, 171.37925,
10.822190, 171.66120, 4.2081292, 172.94498, 173.01924,
10.830650, 160.69798, 4.3773408, 174.51278, 174.62753,
10.839100, 175.71303, 5.4754934, 176.04541, 176.20258,
10.847560, 183.46012, 4.9883291, 177.54724, 177.74867,
10.856010, 181.03470, 4.6361194, 179.01529, 179.26253,
10.864460, 189.26853, 5.0837699, 180.45166, 180.74613,
10.872910, 183.70105, 4.9836917, 181.85705, 182.20001,
10.881360, 200.45495, 5.0420599, 183.23215, 183.62469,
10.889800, 201.21785, 5.2717442, 184.57568, 185.01867,
10.898250, 182.16780, 5.6772505, 185.89135, 186.38561,
10.906690, 198.68510, 4.9729227, 187.17668, 187.72279,
10.915140, 214.75732, 5.6665576, 188.43523, 189.03373,
10.923580, 224.60133, 7.8769357, 189.66436, 190.31552,
10.932020, 226.91595, 6.7160710, 190.86612, 191.57016,
10.940460, 220.26930, 6.5600209, 192.04098, 192.79799,
10.948890, 226.33952, 6.6365497, 193.18800, 193.99787,
10.957330, 244.63325, 7.2527273, 194.31049, 195.17313,
10.965760, 260.93855, 5.8636091, 195.40622, 196.32130,
10.974200, 290.09125, 5.7295977, 196.47811, 197.44531,
10.982630, 331.14338, 5.6797906, 197.52405, 198.54283,
10.991060, 353.54988, 5.7893262, 198.54593, 199.61571,
10.999490, 366.66420, 6.1972498, 199.54393, 200.66403,
11.007920, 359.70165, 5.8743594, 200.51868, 201.68835,
11.016340, 359.63845, 5.7353027, 201.46930, 202.68762,
11.024770, 363.54350, 5.9946517, 202.39844, 203.66455,
11.033190, 341.83751, 6.7894376, 203.30440, 204.61722,
11.041610, 339.51775, 5.9880787, 204.18861, 205.54706,
11.050030, 336.92944, 6.0247581, 205.05145, 206.45438,
11.058450, 335.46845, 6.4469993, 205.89328, 207.33947,
11.066870, 317.71105, 6.7645258, 206.71445, 208.20263,
11.075290, 314.94675, 6.3413251, 207.51533, 209.04415,
11.083700, 312.12871, 6.0176244, 208.29539, 209.86340,
11.092120, 311.37443, 6.3269458, 209.05674, 210.66254,
11.100530, 326.05402, 7.2662960, 209.79790, 211.43995,
11.108940, 341.62197, 9.2234946, 210.52024, 212.19701,
11.117350, 329.67435, 9.9963250, 211.22392, 212.93383,
11.120570, 339.25512, 6.2746209, 211.48856, 213.21073,
11.129530, 345.04018, 5.7451448, 212.21084, 213.96586,
11.138500, 358.29357, 5.7523071, 212.91372, 214.69972,
11.147460, 382.19265, 6.0674166, 213.59592, 215.41093,
11.156430, 417.25097, 6.2638420, 214.25939, 216.10148,
11.165390, 477.88630, 6.3201503, 214.90294, 216.77007,
11.174350, 542.83565, 6.6138539, 215.52770, 217.41784,
11.183300, 651.67046, 8.7474978, 216.13337, 218.04446,
11.192260, 754.20929, 8.1616062, 216.72158, 218.65158,
11.201220, 820.69778, 7.1960685, 217.29200, 219.23882,
11.210170, 833.25200, 7.8574922, 217.84438, 219.80590,
11.219120, 844.46040, 8.2455453, 218.37964, 220.35377,
11.228070, 847.69112, 8.1675003, 218.89809, 220.88272,
11.237020, 848.86366, 7.7211848, 219.39999, 221.39301,
11.245970, 857.29440, 7.9048978, 219.88573, 221.88504,
11.254920, 865.22308, 8.1846490, 220.35556, 222.35904,
11.263860, 836.77312, 7.9243153, 220.80924, 222.81479,
11.272800, 818.08949, 7.4971395, 221.24766, 223.25319,
11.281750, 783.08531, 7.4702954, 221.67143, 223.67487,
11.290690, 750.57535, 7.5109087, 222.08002, 224.07931,
11.299630, 694.64482, 7.1258788, 222.47407, 224.46716,
11.308560, 670.64354, 6.8261846, 222.85347, 224.83836,
11.317500, 646.43909, 6.8838433, 223.21930, 225.19397,
11.326430, 597.86580, 6.8562535, 223.57103, 225.53352,
11.335370, 570.12213, 6.6321256, 223.90964, 225.85801,
11.344300, 533.26408, 6.2298648, 224.23467, 226.16700,
11.353230, 517.41336, 6.2156641, 224.54670, 226.46113,
11.362160, 492.88742, 6.3419493, 224.84595, 226.74063,
11.371080, 463.77946, 6.0375670, 225.13241, 227.00555,
11.380010, 449.86447, 5.8127560, 225.40684, 227.25666,
11.388930, 427.20630, 5.7945994, 225.66893, 227.49374,
11.397850, 418.20306, 5.9786231, 225.91916, 227.71727,
11.406780, 396.48925, 5.7824474, 226.15801, 227.92778,
11.415700, 380.27422, 5.6294947, 226.38515, 228.12501,
11.424610, 374.25447, 5.7454812, 226.60084, 228.30930,
11.433530, 374.95888, 5.9376951, 226.80573, 228.48128,
11.442450, 352.16679, 5.7481719, 226.99978, 228.64101,
11.451360, 340.27505, 5.4362747, 227.18299, 228.78856,
11.460270, 328.71552, 5.6122990, 227.35577, 228.92438,
11.469180, 325.64011, 6.5700543, 227.51828, 229.04869,
11.478090, 305.45128, 5.7056984, 227.67072, 229.16175,
11.487000, 308.42488, 5.5762596, 227.81326, 229.26379,
11.495910, 290.74525, 5.6706007, 227.94606, 229.35504,
11.504810, 282.43328, 6.1171873, 228.06919, 229.43568,
11.513710, 282.53992, 5.9076403, 228.18293, 229.50604,
11.522620, 278.19288, 5.7668811, 228.28758, 229.56640,
11.531520, 269.32377, 5.8293251, 228.38305, 229.61688,
11.540420, 269.61948, 6.1355383, 228.46963, 229.65777,
11.549310, 265.05745, 6.2115180, 228.54738, 229.68928,
11.558210, 264.61492, 6.0906263, 228.61664, 229.71170,
11.567100, 262.18473, 6.2569470, 228.67738, 229.72521,
11.576000, 243.94005, 7.8064701, 228.72991, 229.73007,
11.584890, 243.32042, 6.5782746, 228.77422, 229.72648,
11.593780, 248.77108, 6.7506054, 228.81053, 229.71469,
11.602670, 246.43850, 6.6656820, 228.83898, 229.69492,
11.611560, 225.69265, 6.8715230, 228.85969, 229.66738,
11.620440, 243.49080, 7.0952949, 228.87278, 229.63234,
11.629330, 230.72977, 7.0582268, 228.87842, 229.58993,
11.638210, 215.72195, 8.3718687, 228.87672, 229.54047,
11.647090, 230.74842, 8.5400253, 228.86780, 229.48414,
11.655970, 205.91000, 8.2385677, 228.85179, 229.42116,
11.664850, 220.95448, 6.5480688, 228.82881, 229.35171,
11.673730, 216.88090, 4.6316797, 228.79896, 229.27604,
11.682600, 224.53450, 4.9587363, 228.76242, 229.19444,
11.691480, 233.34153, 6.1580454, 228.71920, 229.10694,
11.700350, 221.23627, 5.3099683, 228.66952, 229.01395,
11.709220, 240.50750, 6.2516288, 228.61342, 228.91558,
11.718090, 244.01220, 6.4475716, 228.55102, 228.81205,
11.726960, 217.63120, 5.8929945, 228.48243, 228.70355,
11.735830, 213.51220, 7.1566571, 228.40772, 228.59030,
11.744690, 261.54400, 9.2478738, 228.32712, 228.47264,
11.753560, 235.47677, 6.6430375, 228.24051, 228.35051,
11.762420, 231.52193, 8.9377017, 228.14819, 228.22440,
11.771280, 224.89012, 4.4504762, 228.05016, 228.09435,
11.775020, 230.74410, 4.8413835, 228.00709, 228.03833,
11.784500, 228.71518, 4.5342161, 227.89346, 227.89346,
11.793980, 224.20663, 4.3785097, 227.77357, 227.74467,
11.803460, 230.91130, 4.2166835, 227.64755, 227.59205,
11.812940, 228.15960, 4.1470898, 227.51559, 227.43570,
11.822420, 230.15147, 4.3362794, 227.37783, 227.27570,
11.831890, 239.89252, 5.1770518, 227.23463, 227.11231,
11.841360, 237.75873, 4.9461637, 227.08597, 226.94546,
11.850840, 243.89475, 4.1977589, 226.93188, 226.77506,
11.860310, 244.12425, 4.2687801, 226.77281, 226.60152,
11.869770, 242.94285, 4.2419612, 226.60895, 226.42495,
11.879240, 248.51529, 4.1608355, 226.44010, 226.24508,
11.888710, 253.18103, 4.4871470, 226.26659, 226.06216,
11.898170, 247.76980, 4.1796406, 226.08875, 225.87646,
11.907630, 250.31428, 4.2384629, 225.90656, 225.68790,
11.917090, 244.71302, 4.4028557, 225.72016, 225.49653,
11.926550, 237.63408, 6.1693016, 225.52970, 225.30246,
11.936010, 251.07872, 4.1926145, 225.33531, 225.10574,
11.945470, 254.76547, 4.2350287, 225.13715, 224.90649,
11.954920, 247.82988, 4.0439207, 224.93556, 224.70496,
11.964370, 256.91810, 4.7589621, 224.73048, 224.50105,
11.973830, 247.87805, 4.0560425, 224.52181, 224.29460,
11.983280, 256.11818, 4.2356274, 224.31015, 224.08613,
11.992720, 266.89565, 4.2763621, 224.09564, 223.87575,
12.002170, 261.63307, 4.2688166, 223.87794, 223.66306,
12.011610, 251.24280, 4.2693713, 223.65765, 223.44859,
12.021060, 243.65337, 4.1971785, 223.43445, 223.23198,
12.030500, 239.54095, 4.2306087, 223.20892, 223.01374,
12.039940, 254.54728, 9.5988999, 222.98098, 222.79376,
12.049380, 250.99503, 4.1622447, 222.75073, 222.57207,
12.058820, 248.11348, 4.2624150, 222.51834, 222.34879,
12.068250, 233.73447, 4.2572353, 222.28413, 222.12419,
12.077690, 239.05452, 4.1838886, 222.04775, 221.89788,
12.087120, 234.99640, 4.1328643, 221.80985, 221.67044,
12.096550, 238.74430, 4.3631148, 221.57028, 221.44169,
12.105980, 233.58745, 4.4183424, 221.32916, 221.21170,
12.115410, 228.13070, 4.2838786, 221.08663, 220.98054,
12.124830, 224.47323, 4.2037395, 220.84304, 220.74854,
12.134260, 231.94165, 4.4403993, 220.59804, 220.51529,
12.143680, 222.69668, 4.4848634, 220.35225, 220.28135,
12.153100, 225.11665, 4.5721840, 220.10550, 220.04653,
12.162520, 245.60976, 4.6970348, 219.85794, 219.81091,
12.171940, 224.45202, 4.5481472, 219.60971, 219.57460,
12.181360, 217.45200, 4.6357458, 219.36089, 219.33762,
12.190770, 214.50070, 4.6926607, 219.11188, 219.10033,
12.200180, 220.05937, 4.6915394, 218.86254, 218.86254,
12.209600, 218.94633, 4.8533670, 218.61268, 218.62404,
12.219010, 223.35430, 5.8668965, 218.36285, 218.38535,
12.228420, 223.92755, 5.1650389, 218.11276, 218.14618,
12.237820, 233.52175, 5.7076944, 217.86266, 217.90676,
12.247230, 217.38420, 6.0265524, 217.61196, 217.66653,
12.256630, 232.41887, 5.5279705, 217.36118, 217.42597,
12.266040, 288.41087, 6.2972490, 217.10977, 217.18457,
12.275440, 583.72948, 8.8517197, 216.85823, 216.94279,
12.284840, 576.63907, 8.7948871, 216.60631, 216.70038,
12.294230, 302.07158, 6.4092445, 216.35417, 216.45750,
12.303630, 244.49130, 7.1088190, 216.10134, 216.21369,
12.313030, 254.04955, 6.6995806, 215.84799, 215.96910,
12.322420, 250.94590, 6.4725848, 215.59441, 215.72402,
12.331810, 238.75500, 5.0203395, 215.34028, 215.47814,
12.341200, 243.12798, 4.3689095, 215.08559, 215.23142,
12.350590, 244.55735, 4.4102281, 214.83031, 214.98385,
12.359980, 261.38955, 4.9059307, 214.57440, 214.73538,
12.369360, 247.91747, 4.9007688, 214.31811, 214.48625,
12.378750, 244.83313, 4.8630763, 214.06089, 214.23591,
12.388130, 244.37237, 4.8725401, 213.80322, 213.98485,
12.397510, 245.62576, 5.5756070, 213.54485, 213.73280,
12.406890, 239.07240, 4.5077090, 213.28571, 213.47969,
12.416270, 256.22613, 5.6602919, 213.02577, 213.22550,
12.425640, 257.37318, 4.9523073, 212.76532, 212.97050,
12.435020, 253.50560, 5.8052582, 212.50374, 212.71409,
12.444390, 265.52490, 6.6224043, 212.24158, 212.45680,
12.453760, 277.34025, 5.6181092, 211.97853, 212.19831,
12.463130, 263.97464, 5.6059111, 211.71455, 211.93861,
12.472500, 276.44946, 6.8181512, 211.44961, 211.67764,
12.481870, 294.90022, 9.0792959, 211.18369, 211.41539,
12.489420, 281.02823, 4.8880387, 210.96867, 211.20312,
12.499490, 294.80378, 5.0712673, 210.68085, 210.91863,
12.509550, 295.80843, 4.9269007, 210.39205, 210.63283,
12.519610, 314.41164, 4.8621894, 210.10198, 210.34540,
12.529670, 310.65793, 4.8254241, 209.81062, 210.05632,
12.539730, 304.17085, 4.8818620, 209.51787, 209.76550,
12.549780, 301.84615, 7.2150124, 209.22402, 209.47324,
12.559840, 303.16527, 4.6742210, 208.92844, 209.17888,
12.569890, 308.53888, 4.6053971, 208.63167, 208.88299,
12.579940, 290.76820, 4.5745911, 208.33339, 208.58522,
12.589990, 325.29373, 4.9415271, 208.03354, 208.28554,
12.600040, 339.69923, 4.7527364, 207.73205, 207.98387,
12.610090, 336.96407, 4.6036643, 207.42893, 207.68023,
12.620130, 335.75998, 4.6652029, 207.12444, 207.37486,
12.630170, 360.29900, 4.9106638, 206.81817, 207.06738,
12.640210, 371.06400, 5.0013266, 206.51011, 206.75777,
12.650250, 350.12880, 4.6242721, 206.20021, 206.44599,
12.660290, 356.59782, 4.6969752, 205.88846, 206.13201,
12.670330, 356.95958, 4.7525453, 205.57474, 205.81575,
12.680360, 372.08275, 4.8637433, 205.25937, 205.49751,
12.690390, 387.54762, 5.2925790, 204.94197, 205.17692,
12.700420, 404.04688, 4.8867248, 204.62245, 204.85391,
12.710450, 403.73573, 4.9324808, 204.30083, 204.52848,
12.720480, 403.53915, 5.0982456, 203.97702, 204.20057,
12.730500, 412.89941, 5.0747999, 203.65128, 203.87044,
12.740530, 413.07703, 4.9553079, 203.32293, 203.53741,
12.750550, 400.29147, 4.8406411, 202.99254, 203.20207,
12.760570, 411.23920, 5.0709143, 202.65978, 202.86408,
12.770590, 397.04561, 4.9726756, 202.32452, 202.52334,
12.780610, 393.98878, 4.8766372, 201.98673, 202.17983,
12.790620, 387.37473, 7.7536285, 201.64672, 201.83386,
12.800640, 385.81730, 4.9749473, 201.30371, 201.48466,
12.810650, 383.61970, 4.9385999, 200.95835, 201.13290,
12.820660, 374.43795, 4.8949915, 200.61023, 200.77817,
12.830670, 345.53623, 4.5869264, 200.25924, 200.42038,
12.840680, 326.09715, 4.5177299, 199.90539, 200.05956,
12.850680, 308.12918, 4.4738671, 199.54891, 199.69596,
12.860690, 287.84910, 4.4163188, 199.18907, 199.32884,
12.870690, 271.36857, 4.2527356, 198.82647, 198.95884,
12.880690, 262.85147, 4.1432280, 198.46074, 198.58559,
12.890690, 254.68678, 4.1573575, 198.09173, 198.20897,
12.900680, 247.77037, 4.2529840, 197.71981, 197.82936,
12.910680, 232.49960, 4.5168725, 197.34411, 197.44591,
12.920670, 226.15905, 4.0177224, 196.96534, 197.05936,
12.930670, 213.90195, 4.2436389, 196.58264, 196.66885,
12.940660, 218.96045, 4.0968778, 196.19669, 196.27510,
12.950640, 216.07737, 4.2108030, 195.80750, 195.87813,
12.960630, 217.21980, 4.3210123, 195.41408, 195.47699,
12.970620, 209.39430, 4.1091340, 195.01684, 195.07210,
12.980600, 207.50432, 4.1572454, 194.61604, 194.66375,
12.990580, 207.28215, 4.9584783, 194.21126, 194.25155,
13.000560, 198.85090, 4.3382703, 193.80232, 193.83534,
13.010540, 196.62697, 4.5210857, 193.38918, 193.41511,
13.020520, 196.50058, 4.2345691, 192.97175, 192.99080,
13.030490, 188.13517, 4.9071495, 192.55037, 192.56279,
13.040470, 191.25395, 4.5434489, 192.12407, 192.13012,
13.050440, 196.45905, 4.6090314, 191.69364, 191.69364,
13.060410, 192.29755, 5.0786865, 191.25857, 191.25285,
13.070380, 190.32245, 4.5572976, 190.81893, 190.80780,
13.080350, 189.80238, 4.8238967, 190.37493, 190.35870,
13.090310, 192.63045, 4.9712420, 189.92709, 189.90603,
13.100280, 199.86927, 6.3950705, 189.47469, 189.44906,
13.110240, 189.28603, 4.9107411, 189.01871, 188.98877,
13.120200, 177.41420, 5.4574367, 188.55886, 188.52484,
13.130160, 196.20918, 6.4736146, 188.09527, 188.05737,
13.140110, 183.80190, 5.0060784, 187.62854, 187.58697,
13.150070, 175.85380, 3.1619635, 187.15782, 187.11276,
13.160020, 173.81600, 3.7037658, 186.68421, 186.63586,
13.169980, 173.90455, 3.4391905, 186.20685, 186.15535,
13.179930, 163.62870, 3.4770056, 185.72685, 185.67236,
13.189870, 176.51155, 4.0825361, 185.24429, 185.18697,
13.199820, 160.55798, 3.7805054, 184.75837, 184.69834,
13.209770, 165.69715, 3.7867060, 184.26960, 184.20701,
13.219710, 169.05303, 4.2094045, 183.77867, 183.71363,
13.229650, 155.43030, 3.5874916, 183.28522, 183.21786,
13.239590, 164.62753, 4.5175377, 182.78928, 182.71970,
13.249530, 167.91390, 5.9954131, 182.29099, 182.21930,
13.259470, 182.18775, 4.5897949, 181.79046, 181.71676,
13.269410, 174.68550, 3.9975324, 181.28779, 181.21220,
13.279340, 171.90725, 4.2515635, 180.78364, 180.70624,
13.289270, 163.16030, 4.1912052, 180.27753, 180.19841,
13.299200, 171.53490, 4.6280143, 179.76965, 179.68891,
13.309130, 184.74802, 5.8522377, 179.26007, 179.17779,
13.318260, 173.32987, 3.8106531, 178.79008, 178.70647,
13.328980, 172.28033, 3.6863101, 178.23664, 178.15156,
13.339690, 173.09755, 3.8234862, 177.68210, 177.59566,
13.350400, 176.93808, 3.9227812, 177.12607, 177.03836,
13.361120, 173.61235, 4.0627512, 176.56810, 176.47924,
13.371830, 158.66880, 4.0662330, 176.00943, 175.91951,
13.382530, 167.39453, 3.7817084, 175.45014, 175.35927,
13.393240, 163.47142, 3.8863875, 174.88934, 174.79762,
13.403940, 178.06575, 4.0656091, 174.32816, 174.23571,
13.414650, 176.37033, 4.4099543, 173.76572, 173.67265,
13.425350, 178.98367, 3.8809046, 173.20315, 173.10958,
13.436050, 183.03935, 3.9197982, 172.64006, 172.54610,
13.446740, 191.06693, 4.1418537, 172.07714, 171.98292,
13.457440, 187.35733, 4.5199205, 171.51340, 171.41903,
13.468130, 205.58750, 4.2681796, 170.95006, 170.85567,
13.478830, 201.90837, 4.1746781, 170.38615, 170.29187,
13.489520, 201.13525, 4.2001087, 169.82288, 169.72884,
13.500200, 206.91580, 4.4830073, 169.26033, 169.16667,
13.510890, 205.12985, 4.4091633, 168.69762, 168.60447,
13.521570, 215.93417, 4.5050731, 168.13586, 168.04337,
13.532260, 219.32207, 4.4627201, 167.57418, 167.48250,
13.542940, 221.65163, 4.6335279, 167.01371, 166.92298,
13.553620, 229.94400, 4.9056398, 166.45405, 166.36443,
13.564290, 209.76880, 4.6499551, 165.89589, 165.80753,
13.574970, 207.77153, 4.5382383, 165.33824, 165.25130,
13.585640, 205.43003, 4.4596735, 164.78234, 164.69696,
13.596320, 207.75680, 4.6557504, 164.22719, 164.14355,
13.606990, 196.16962, 4.5856460, 163.67403, 163.59228,
13.617650, 192.33448, 4.5684024, 163.12292, 163.04322,
13.628320, 197.73943, 4.4596477, 162.57301, 162.49552,
13.638980, 188.49040, 4.4437811, 162.02539, 161.95028,
13.649650, 183.00030, 4.4954296, 161.47922, 161.40665,
13.660310, 180.26160, 4.5858406, 160.93560, 160.86573,
13.670970, 179.36773, 4.5021633, 160.39418, 160.32716,
13.681630, 182.46270, 4.4357815, 159.85507, 159.79107,
13.692280, 174.43652, 4.4453384, 159.31895, 159.25812,
13.702940, 180.36438, 4.4997933, 158.78488, 158.72737,
13.713590, 171.33062, 4.5028225, 158.25405, 158.20000,
13.724240, 166.77467, 4.2875659, 157.72602, 157.67558,
13.734890, 161.97310, 4.1803922, 157.20102, 157.15432,
13.745530, 168.65730, 4.2668610, 156.67961, 156.63678,
13.756180, 162.81112, 4.3212820, 156.16099, 156.12215,
13.766820, 159.66623, 4.3202243, 155.64622, 155.61148,
13.777460, 155.34394, 4.1283246, 155.13499, 155.10446,
13.788100, 147.70000, 4.0106783, 154.62744, 154.60121,
13.798740, 152.91645, 4.0693645, 154.12370, 154.10186,
13.809380, 154.16240, 4.2985749, 153.62399, 153.60660,
13.820010, 151.17583, 4.2161547, 153.12879, 153.11590,
13.830640, 147.42777, 4.1535272, 152.63789, 152.62955,
13.841270, 153.53978, 4.2577388, 152.15136, 152.14760,
13.851900, 154.71342, 4.2347558, 151.66944, 151.67026,
13.862530, 149.16350, 4.5806352, 151.19221, 151.19761,
13.873150, 154.74322, 4.4362928, 150.72014, 150.73013,
13.883780, 147.97892, 4.2852548, 150.25240, 150.26701,
13.894400, 147.46923, 4.2260579, 149.78987, 149.80914,
13.905020, 144.40903, 5.2544663, 149.33218, 149.35615,
13.915640, 139.91995, 4.8009124, 148.87935, 148.90809,
13.926250, 151.94317, 4.7579553, 148.43184, 148.46540,
13.936870, 151.91805, 5.0015719, 147.98891, 148.02739,
13.947480, 147.04393, 4.3034528, 147.55134, 147.59481,
13.958090, 166.26025, 4.8359284, 147.11885, 147.16740,
13.968700, 164.75340, 4.9168055, 146.69141, 146.74513,
13.979310, 159.48842, 6.1432828, 146.26916, 146.32815,
13.989910, 149.55002, 4.7293933, 145.85249, 145.91682,
14.000520, 152.37320, 5.7050031, 145.44070, 145.51048,
14.011120, 142.69035, 4.6443596, 145.03460, 145.10991,
14.021720, 142.50755, 6.0182511, 144.63388, 144.71480,
14.032320, 154.43412, 5.8467549, 144.23860, 144.32522,
14.042920, 150.69503, 5.1361680, 143.84884, 143.94122,
14.053510, 149.36000, 5.2761180, 143.46505, 143.56324,
14.064110, 153.81050, 5.7248152, 143.08653, 143.19060,
14.074700, 147.97260, 5.0551253, 142.71408, 142.82406,
14.085290, 164.17332, 6.9884198, 142.34747, 142.46339,
14.095870, 146.98035, 4.8182270, 141.98708, 142.10893,
14.106460, 151.75618, 3.7984760, 141.63233, 141.76012,
14.117040, 144.10645, 4.3029325, 141.28395, 141.41764,
14.127630, 144.10345, 4.4539684, 140.94138, 141.08094,
14.138210, 143.07993, 4.8949806, 140.60539, 140.75073,
14.148790, 149.67625, 5.2995817, 140.27573, 140.42677,
14.159370, 145.38380, 4.9091324, 139.95251, 140.10912,
14.169940, 151.34705, 4.4641652, 139.63613, 139.79816,
14.180520, 149.04695, 7.8979122, 139.32607, 139.49335,
14.182090, 150.31443, 3.9332654, 139.28064, 139.44868,
14.193560, 162.26932, 4.6057563, 138.95323, 139.12670,
14.205030, 167.04080, 4.9642065, 138.63390, 138.81249,
14.216500, 163.13580, 4.4835282, 138.32284, 138.50621,
14.227970, 157.34725, 3.9183838, 138.02017, 138.20794,
14.239430, 149.16882, 3.5299790, 137.72630, 137.91802,
14.250890, 172.99735, 4.5629501, 137.44116, 137.63633,
14.262350, 152.80945, 4.1997454, 137.16487, 137.36294,
14.273810, 146.40738, 4.0481745, 136.89762, 137.09797,
14.285270, 149.34840, 3.5194272, 136.63961, 136.84157,
14.296730, 141.39935, 3.2062193, 136.39098, 136.59381,
14.308180, 148.93080, 3.6774021, 136.15215, 136.35503,
14.319630, 142.95175, 3.9545770, 135.92309, 136.12512,
14.331080, 140.00993, 3.6418085, 135.70398, 135.90420,
14.342530, 130.66900, 3.5043413, 135.49504, 135.69241,
14.353970, 131.11843, 3.0387231, 135.29666, 135.49005,
14.365410, 142.68190, 3.3370769, 135.10884, 135.29702,
14.376860, 126.62880, 5.3720615, 134.93167, 135.11333,
14.388300, 141.26595, 3.9426409, 134.76566, 134.93940,
14.399730, 127.95973, 3.1624239, 134.61105, 134.77537,
14.411170, 131.08180, 3.2028525, 134.46777, 134.62106,
14.422600, 127.51275, 3.0163831, 134.33635, 134.47689,
14.434030, 132.82888, 3.7149864, 134.21689, 134.34287,
14.445460, 134.26582, 3.4803379, 134.10964, 134.21911,
14.456890, 132.41940, 3.3427481, 134.01489, 134.10578,
14.468320, 134.80180, 3.3556601, 133.93290, 134.00302,
14.479740, 134.11428, 3.9554089, 133.86399, 133.91104,
14.491160, 139.53043, 4.0851032, 133.80839, 133.82992,
14.502580, 125.38275, 3.5239307, 133.76638, 133.75979,
14.514000, 133.05518, 4.1884430, 133.73781, 133.70052,
14.525420, 137.64553, 3.6754249, 133.72169, 133.65139,
14.536830, 136.79825, 3.5557017, 133.71687, 133.61163,
14.548240, 129.94995, 3.6024213, 133.72222, 133.58040,
14.559650, 125.27110, 3.6712774, 133.73664, 133.55689,
14.571060, 129.17978, 3.8444524, 133.75901, 133.54033,
14.582470, 123.50648, 4.0833134, 133.78824, 133.52992,
14.593870, 128.26413, 4.0242010, 133.82320, 133.52487,
14.605270, 141.05895, 4.0582103, 133.86282, 133.52440,
14.616670, 127.68370, 3.8124246, 133.90600, 133.52770,
14.628070, 124.58300, 3.8770666, 133.95167, 133.53401,
14.639470, 121.03068, 3.8976639, 133.99874, 133.54254,
14.650860, 124.76715, 3.6416543, 134.04607, 133.55250,
14.662260, 126.12395, 3.5934566, 134.09269, 133.56312,
14.673650, 125.78590, 3.5473235, 134.13740, 133.57360,
14.685040, 120.80752, 3.6011869, 134.17919, 133.58318,
14.696420, 134.24280, 3.7012988, 134.21692, 133.59107,
14.707810, 121.93057, 3.5177830, 134.24959, 133.59650,
14.719190, 121.68025, 3.8148995, 134.27605, 133.59869,
14.730570, 127.58070, 3.4571279, 134.29523, 133.59686,
14.741950, 127.09602, 4.3555165, 134.30605, 133.59023,
14.753330, 123.70330, 3.6884873, 134.30740, 133.57802,
14.764700, 130.33077, 4.0578769, 134.29820, 133.55946,
14.776080, 123.27233, 3.6816000, 134.27731, 133.53375,
14.787450, 128.61063, 3.9877275, 134.24367, 133.50013,
14.798820, 130.39260, 6.2513762, 134.19614, 133.45782,
14.810190, 112.50362, 10.865632, 134.13359, 133.40601,
14.821550, 134.64792, 11.841434, 134.05496, 133.34398,
14.832920, 131.10005, 8.8163171, 133.95897, 133.27083,
14.844280, 123.04935, 7.5214256, 133.84464, 133.18590,
14.855640, 126.10150, 4.5069829, 133.71072, 133.08833,
14.866990, 127.57865, 3.5127228, 133.55620, 132.97743,
14.878350, 133.33922, 3.6437006, 133.37960, 132.85221,
14.889710, 127.03145, 3.8053207, 133.17987, 132.71194,
14.901060, 122.67397, 3.6856133, 132.95602, 132.55598,
14.912410, 122.80915, 3.7890551, 132.70665, 132.38340,
14.923760, 119.03013, 3.5878203, 132.43050, 132.19337,
14.935100, 124.16875, 5.0942568, 132.12668, 131.98530,
14.946450, 135.10097, 3.7575202, 131.79329, 131.75797,
14.957790, 149.14265, 7.2651682, 131.43002, 131.51109,
14.969130, 131.17735, 4.4863410, 131.03888, 131.24511,
14.980470, 119.42575, 5.2571812, 130.62407, 130.96136,
14.991810, 133.77823, 5.4244541, 130.18991, 130.66128,
15.003140, 135.31535, 4.1124986, 129.74105, 130.34655,
15.014480, 132.63425, 4.1574167, 129.28103, 130.01805,
15.025810, 127.19070, 4.6617965, 128.81481, 129.67767,
15.037140, 126.69343, 4.1720656, 128.34631, 129.32659,
15.048460, 124.67140, 4.7404161, 127.88014, 128.96649,
15.059790, 109.25585, 5.1726629, 127.41974, 128.59812,
15.071110, 132.65653, 4.5366627, 126.97013, 128.22350,
15.082440, 116.16707, 3.7058060, 126.53476, 127.84333,
15.093750, 117.82022, 3.7912353, 126.11907, 127.46007,
15.105070, 118.23747, 3.7059842, 125.72613, 127.07401,
15.116390, 126.81112, 3.2766592, 125.36060, 126.68690,
15.127700, 126.92130, 3.6507338, 125.02706, 126.30046,
15.139020, 119.59458, 4.0966660, 124.72920, 125.91535,
15.150330, 121.06585, 3.3689093, 124.47189, 125.53366,
15.162390, 117.54625, 4.8046698, 124.24672, 125.13156,
15.174730, 128.12383, 4.4493426, 124.07431, 124.72706,
15.187070, 127.52382, 5.1224159, 123.96621, 124.33140,
15.199410, 124.72980, 4.5276260, 123.92816, 123.94630,
15.211740, 115.75517, 4.7051479, 123.96451, 123.57363,
15.224080, 123.59925, 4.2772563, 124.07344, 123.21290,
15.236410, 123.74435, 4.6337344, 124.25108, 122.86454,
15.248740, 145.71103, 5.6126948, 124.49387, 122.52804,
15.261060, 123.83318, 5.1105288, 124.79794, 122.20350,
15.273390, 138.14652, 6.0227144, 125.16027, 121.89015,
15.285710, 130.27290, 4.9019934, 125.57678, 121.58835,
15.298030, 117.92072, 4.2560692, 126.04423, 121.29766,
15.310350, 122.34540, 4.4421939, 126.55925, 121.01788,
15.322660, 149.08903, 6.2796199, 127.11791, 120.74907,
15.334980, 121.03662, 4.4081824, 127.71777, 120.49062,
15.347290, 122.93815, 4.4597309, 128.35454, 120.24276,
15.359600, 123.61372, 4.3542833, 129.02536, 120.00512,
15.371900, 127.04710, 4.2855691, 129.72635, 119.77772,
15.384210, 132.65620, 4.7900177, 130.45541, 119.56002,
15.396510, 116.37242, 5.4156998, 131.20813, 119.35221,
15.408810, 115.78597, 3.6935231, 131.98177, 119.15397,
15.421110, 131.72150, 4.6088113, 132.77323, 118.96512,
15.433410, 127.07325, 3.4519751, 133.57919, 118.78554,
15.445700, 128.75245, 4.0852770, 134.39588, 118.61519,
15.457990, 131.03662, 3.5652647, 135.22073, 118.45378,
15.470280, 130.91085, 3.6967885, 136.05058, 118.30117,
15.482570, 118.24202, 3.8666318, 136.88225, 118.15722,
15.494860, 125.48758, 3.2049823, 137.71258, 118.02178,
15.507140, 130.27980, 3.1231022, 138.53776, 117.89481,
15.519420, 132.69600, 3.5400136, 139.35519, 117.77608,
15.531700, 135.63900, 3.4036615, 140.16185, 117.66543,
15.543980, 137.05370, 3.4582644, 140.95442, 117.56276,
15.556260, 141.27425, 3.4080051, 141.72984, 117.46791,
15.568530, 137.02558, 3.1808099, 142.48422, 117.38084,
15.580800, 140.17590, 3.4444074, 143.21503, 117.30134,
15.593070, 155.38110, 5.6746545, 143.91905, 117.22929,
15.605340, 134.59825, 8.0848342, 144.59310, 117.16456,
15.617600, 147.21740, 8.4773530, 145.23559, 117.10708,
15.629860, 148.90490, 6.1783155, 145.84832, 117.05669,
15.642120, 141.64860, 4.4326888, 146.43284, 117.01325,
15.654380, 146.26082, 4.1843323, 146.99049, 116.97666,
15.666640, 136.23868, 6.3211705, 147.52275, 116.94680,
15.678890, 143.82190, 7.5813544, 148.03055, 116.92359,
15.691140, 141.51160, 9.8936439, 148.51573, 116.90689,
15.703390, 129.19995, 5.1179566, 148.97966, 116.89659,
15.715640, 138.18090, 8.4195786, 149.42366, 116.89259,
15.727890, 145.87585, 5.3971112, 149.84909, 116.89478,
15.740130, 150.45812, 4.4576895, 150.25695, 116.90305,
15.752370, 147.09840, 4.2298677, 150.64885, 116.91731,
15.764610, 144.47575, 3.9358288, 151.02615, 116.93745,
15.776850, 157.93110, 4.1138456, 151.39008, 116.96338,
15.789090, 148.14103, 4.6293575, 151.74198, 116.99500,
15.801320, 150.78933, 5.1157374, 152.08280, 117.03219,
15.813550, 158.38673, 4.2581454, 152.41411, 117.07487,
15.825780, 152.65685, 3.8638739, 152.73716, 117.12296,
15.838010, 154.91113, 3.8854885, 153.05320, 117.17637,
15.850230, 154.74137, 4.2353937, 153.36324, 117.23496,
15.862450, 159.41470, 4.0225405, 153.66874, 117.29868,
15.874670, 149.50552, 4.0134658, 153.97099, 117.36745,
15.886890, 148.46735, 4.2381658, 154.27120, 117.44118,
15.899110, 166.76640, 4.1661627, 154.57056, 117.51980,
15.911320, 152.82445, 4.5880184, 154.87012, 117.60315,
15.923540, 170.01130, 4.8672941, 155.17158, 117.69128,
15.935750, 153.67860, 5.0138734, 155.47566, 117.78398,
15.947960, 150.20195, 4.2712294, 155.78386, 117.88124,
15.960160, 146.00083, 3.8797936, 156.09715, 117.98289,
15.972370, 146.60675, 4.0902375, 156.41727, 118.08903,
15.984570, 154.66348, 4.0881034, 156.74493, 118.19940,
15.996770, 156.51570, 4.0454085, 157.08167, 118.31403,
16.008961, 155.43542, 4.3502436, 157.42844, 118.43275,
16.021160, 155.65852, 5.1939079, 157.78701, 118.55565,
16.033350, 155.06870, 4.3503642, 158.15811, 118.68250,
16.045549, 162.60527, 4.2601036, 158.54359, 118.81341,
16.057739, 170.86577, 9.1502149, 158.94412, 118.94811,
16.069920, 172.31543, 5.2656829, 159.36096, 119.08654,
16.082109, 147.35778, 4.4258191, 159.79605, 119.22883,
16.094290, 149.26287, 4.7075188, 160.25003, 119.37471,
16.106470, 205.67200, 15.100267, 160.72454, 119.52422,
16.118650, 152.50117, 5.6885472, 161.22091, 119.67729,
16.130831, 161.05460, 5.4237827, 161.74049, 119.83387,
16.143009, 161.91445, 5.6058120, 162.28456, 119.99387,
16.155180, 158.94062, 5.7371999, 162.85419, 120.15715,
16.167351, 157.64657, 5.9604544, 163.45112, 120.32375,
16.179520, 152.17940, 7.8502921, 164.07664, 120.49359,
16.191681, 161.97210, 6.3631447, 164.73186, 120.66652,
16.203850, 150.64988, 7.0613995, 165.41903, 120.84270,
16.216009, 170.60345, 6.6342251, 166.13863, 121.02183,
16.228170, 170.28180, 6.8727393, 166.89262, 121.20403,
16.240330, 175.44268, 8.1047169, 167.67999, 121.38917,
16.252489, 170.81555, 7.4565841, 168.49876, 121.57724,
16.264641, 181.61255, 7.6123780, 169.34633, 121.76806,
16.276791, 187.07240, 7.5288498, 170.22101, 121.96166,
16.288950, 180.42120, 6.9648556, 171.12159, 122.15819,
16.301090, 184.40445, 9.6584656, 172.04391, 122.35712,
16.313240, 199.67078, 7.3651323, 172.98811, 122.55887,
16.325380, 214.93520, 8.5434029, 173.95072, 122.76307,
16.337530, 230.63417, 6.2134224, 174.93126, 122.97000,
16.349670, 237.51740, 5.1386286, 175.92623, 123.17929,
16.361799, 250.01360, 4.6911923, 176.93349, 123.39084,
16.373940, 273.79577, 5.3856266, 177.95297, 123.60502,
16.386070, 301.56084, 6.3208983, 178.98099, 123.82140,
16.398211, 328.96390, 5.7249418, 180.01722, 124.04028,
16.410339, 326.99721, 5.9443942, 181.05795, 124.26124,
16.422461, 331.26702, 5.8216300, 182.10157, 124.48430,
16.434589, 319.26649, 6.5724421, 183.14747, 124.70970,
16.446711, 317.08945, 6.9344500, 184.19243, 124.93710,
16.458839, 339.90720, 8.9456143, 185.23583, 125.16676,
16.470961, 299.52772, 6.1706653, 186.27444, 125.39834,
16.483070, 288.05647, 6.2211876, 187.30604, 125.63173,
16.495190, 280.74305, 7.3620763, 188.33049, 125.86728,
16.500280, 281.64864, 9.1720765, 188.75797, 125.96681,
16.513599, 263.41245, 7.1443126, 189.86710, 126.22881,
16.526911, 238.85075, 7.0147985, 190.96011, 126.49293,
16.540211, 230.06882, 6.6132706, 192.03414, 126.75905,
16.553520, 229.96048, 6.5538155, 193.08830, 127.02753,
16.566820, 224.67385, 6.4348570, 194.11848, 127.29793,
16.580120, 217.18772, 6.6929196, 195.12282, 127.57041,
16.593420, 212.06080, 5.3693780, 196.09868, 127.84490,
16.606710, 208.38778, 5.0378707, 197.04274, 128.12117,
16.620001, 206.64800, 4.8782432, 197.95303, 128.39936,
16.633301, 196.59467, 4.9198950, 198.82746, 128.67963,
16.646589, 210.39317, 4.9739625, 199.66192, 128.96149,
16.659870, 207.50795, 5.6481887, 200.45399, 129.24496,
16.673149, 204.33467, 4.4349610, 201.20126, 129.53013,
16.686440, 199.60750, 4.0808331, 201.90162, 129.81724,
16.699711, 204.05865, 4.6894613, 202.55113, 130.10559,
16.712990, 197.50355, 4.2308728, 203.15328, 130.39570,
16.726271, 202.02507, 4.3890066, 203.71229, 130.68741,
16.739540, 201.26492, 4.1562094, 204.23215, 130.98039,
16.752810, 193.94465, 4.1584023, 204.71785, 131.27485,
16.766081, 196.42665, 4.1703392, 205.17389, 131.57077,
16.779341, 205.86135, 4.3757902, 205.60429, 131.86784,
16.792601, 203.38824, 4.7216152, 206.01385, 132.16625,
16.805870, 208.38660, 4.9575122, 206.40724, 132.46618,
16.819120, 202.00872, 5.3223637, 206.78801, 132.76695,
16.832380, 197.41430, 4.8239658, 207.16134, 133.06917,
16.845631, 202.70850, 4.8013831, 207.53106, 133.37235,
16.858891, 193.08268, 5.0589333, 207.90206, 133.67691,
16.872141, 200.47278, 5.6311641, 208.27815, 133.98236,
16.885380, 204.81752, 5.5780798, 208.66362, 134.28861,
16.898630, 198.02215, 5.0850080, 209.06349, 134.59617,
16.911869, 203.90820, 4.8259410, 209.48144, 134.90445,
16.925110, 210.61775, 4.8561477, 209.92224, 135.21374,
16.938351, 204.41507, 4.6153257, 210.39022, 135.52395,
16.951580, 211.84092, 4.7544703, 210.88936, 135.83478,
16.964821, 200.17142, 4.6927530, 211.42252, 136.14673,
16.978050, 228.92465, 5.7923320, 211.98404, 136.45922,
16.991270, 209.01013, 4.1334166, 212.56801, 136.77227,
17.004499, 230.55605, 4.3097009, 213.16941, 137.08628,
17.017719, 317.81185, 5.0233260, 213.78149, 137.40077,
17.030951, 638.74733, 6.9121956, 214.39937, 137.71620,
17.044161, 628.53795, 7.1686075, 215.01567, 138.03177,
17.057381, 280.29517, 4.4918889, 215.62596, 138.34817,
17.070601, 229.66907, 4.5512453, 216.22395, 138.66514,
17.083811, 213.71887, 4.1429969, 216.80335, 138.98242,
17.097019, 213.26527, 4.0403766, 217.35866, 139.30014,
17.110229, 216.70455, 4.4045611, 217.88415, 139.61838,
17.123430, 211.14619, 4.5551531, 218.37350, 139.93682,
17.136641, 220.88248, 4.8626860, 218.82148, 140.25589,
17.149839, 220.81583, 4.8220024, 219.22143, 140.57504,
17.163040, 207.74360, 7.4490295, 219.56782, 140.89458,
17.176229, 214.04805, 5.2340693, 219.85434, 141.21413,
17.189430, 218.20622, 5.4247904, 220.07542, 141.53423,
17.202620, 217.38552, 5.6926970, 220.22457, 141.85428,
17.215811, 232.44955, 6.0333348, 220.29585, 142.17458,
17.229000, 223.16677, 5.8067019, 220.28303, 142.49500,
17.242180, 213.40122, 5.4408756, 220.17996, 142.81532,
17.255369, 220.87367, 4.9232484, 219.98310, 143.13597,
17.268551, 208.99002, 5.5634160, 219.69647, 143.45651,
17.281719, 218.71465, 5.4832286, 219.32520, 143.77676,
17.294901, 224.28998, 5.5551800, 218.87326, 144.09734,
17.308069, 240.62845, 5.5211451, 218.34624, 144.41756,
17.321251, 238.03942, 5.1095853, 217.74769, 144.73805,
17.334410, 253.89804, 5.3183082, 217.08388, 145.05789,
17.347580, 246.78410, 6.1662869, 216.35768, 145.37789,
17.360750, 262.90750, 5.4196111, 215.57408, 145.69772,
17.373911, 260.60368, 6.6362510, 214.73815, 146.01713,
17.387070, 260.87148, 5.5087583, 213.85382, 146.33628,
17.400230, 247.32980, 5.0129867, 212.92519, 146.65521,
17.413380, 233.71452, 5.4257500, 211.95753, 146.97358,
17.426540, 247.12150, 5.4559148, 210.95343, 147.29191,
17.439690, 244.49657, 5.3390202, 209.91887, 147.60961,
17.452841, 243.43230, 5.6789998, 208.85706, 147.92697,
17.465981, 237.11358, 6.4940095, 207.77328, 148.24363,
17.479130, 238.07668, 5.9010962, 206.66999, 148.56007,
17.492270, 217.54857, 5.7155335, 205.55295, 148.87580,
17.505409, 213.11700, 5.6147866, 204.42548, 149.19101,
17.518551, 214.37897, 6.3735787, 203.29158, 149.50572,
17.531679, 231.02118, 6.9275775, 202.15669, 149.81952,
17.544821, 208.87387, 6.8045251, 201.02261, 150.13303,
17.557949, 199.71710, 6.7672889, 199.89579, 150.44556,
17.571079, 186.42463, 6.6336654, 198.77903, 150.75746,
17.584200, 205.20035, 7.2078964, 197.67741, 151.06841,
17.597330, 205.35250, 7.3996770, 196.59349, 151.37883,
17.610451, 192.31588, 7.7669603, 195.53260, 151.68824,
17.623569, 189.04095, 7.5851912, 194.49506, 151.99678,
17.636690, 212.57650, 8.1396416, 193.48027, 152.30451,
17.649799, 205.79119, 7.0196241, 192.48895, 152.61108,
17.662910, 194.44395, 6.7622435, 191.51979, 152.91677,
17.676029, 218.71515, 7.7578298, 190.57214, 153.22167,
17.689131, 239.87143, 9.5498866, 189.64753, 153.52518,
17.702240, 205.87967, 8.9506796, 188.74396, 153.82783,
17.715349, 200.83088, 7.4004157, 187.86176, 154.12940,
17.728451, 201.54366, 7.9424658, 187.00124, 154.42970,
17.741550, 211.84632, 7.7083224, 186.16183, 154.72880,
17.754641, 203.62250, 5.2878897, 185.34382, 155.02651,
17.767740, 214.73153, 5.6851115, 184.54588, 155.32322,
17.780830, 226.64580, 5.9817277, 183.76904, 155.61845,
17.793921, 213.26025, 4.8488106, 183.01260, 155.91239,
17.807011, 222.15718, 5.0302617, 182.27646, 156.20500,
17.820101, 225.41832, 5.1221720, 181.56052, 156.49623,
17.833179, 232.16388, 5.1143972, 180.86533, 156.78580,
17.846270, 217.55250, 4.8830937, 180.18960, 157.07417,
17.859341, 211.10532, 4.9449824, 179.53486, 157.36064,
17.872419, 193.86097, 5.8900087, 178.89972, 157.64573,
17.885500, 198.19810, 5.9723825, 178.28445, 157.92930,
17.898569, 190.45925, 5.8311925, 177.68968, 158.21101,
17.911640, 193.10600, 5.8472872, 177.11479, 158.49110,
17.924709, 194.66505, 6.0775081, 176.55998, 158.76946,
17.937780, 183.56300, 7.5282313, 176.02513, 159.04612,
17.941250, 193.53333, 5.6597949, 175.88654, 159.11925,
17.955721, 197.49408, 5.8182768, 175.32379, 159.42293,
17.970181, 193.23642, 5.9858997, 174.78623, 159.72410,
17.984650, 164.40857, 6.9328851, 174.27321, 160.02316,
17.999109, 182.17303, 8.1152116, 173.78555, 160.31963,
18.013571, 168.39050, 8.2116432, 173.32304, 160.61371,
18.028021, 173.37315, 7.7518277, 172.88626, 160.90505,
18.042480, 173.06255, 7.0891177, 172.47481, 161.19401,
18.056931, 181.27735, 6.6346863, 172.08945, 161.48015,
18.071381, 166.96275, 5.1386475, 171.73019, 161.76359,
18.085819, 165.95180, 5.6710604, 171.39757, 162.04405,
18.100269, 172.72372, 5.1068424, 171.09136, 162.32189,
18.114710, 181.98407, 6.6623189, 170.81204, 162.59666,
18.129150, 167.67975, 5.7601951, 170.55823, 162.86846,
18.143579, 170.18695, 4.3363320, 170.32868, 163.13701,
18.158020, 176.61650, 4.3180123, 170.12163, 163.40267,
18.172449, 170.64475, 4.7718253, 169.93602, 163.66494,
18.186880, 168.58970, 4.7564176, 169.77029, 163.92399,
18.201300, 163.28403, 5.2761766, 169.62325, 164.17951,
18.215719, 156.02985, 4.6582407, 169.49342, 164.43163,
18.230150, 164.85743, 4.7906819, 169.37941, 164.68047,
18.244560, 162.79763, 4.9048135, 169.28017, 164.92540,
18.258980, 152.88345, 6.1048695, 169.19419, 165.16686,
18.273390, 173.43935, 6.9844967, 169.12032, 165.40445,
18.287800, 162.31028, 5.8986422, 169.05724, 165.63824,
18.302210, 160.63600, 5.6137101, 169.00369, 165.86816,
18.316620, 171.28188, 5.2115545, 168.95845, 166.09412,
18.331020, 174.57485, 4.9196471, 168.92030, 166.31589,
18.345421, 176.39315, 4.8888080, 168.88799, 166.53352,
18.359819, 173.98517, 5.7690914, 168.86030, 166.74691,
18.374210, 165.66208, 4.9195217, 168.83603, 166.95588,
18.388611, 158.53860, 4.4902416, 168.81394, 167.16059,
18.403000, 160.77113, 4.2444669, 168.79286, 167.36065,
18.417379, 165.48063, 5.0021964, 168.77157, 167.55599,
18.431770, 165.82858, 4.5317049, 168.74885, 167.74681,
18.446150, 158.90168, 3.8961593, 168.72352, 167.93271,
18.460529, 166.29865, 4.4295695, 168.69435, 168.11374,
18.474911, 179.35118, 4.7468151, 168.66015, 168.28981,
18.489281, 169.85460, 4.9332515, 168.61972, 168.46068,
18.503660, 163.59795, 4.7351172, 168.57180, 168.62648,
18.518030, 160.09050, 4.7532329, 168.51588, 168.78699,
18.532391, 170.76960, 6.0516005, 168.45261, 168.94243,
18.546761, 177.16908, 6.5840892, 168.38269, 169.09323,
18.561119, 166.74585, 5.6486374, 168.30699, 169.23937,
18.575480, 162.90865, 6.4096285, 168.22622, 169.38122,
18.589840, 174.24422, 5.7210237, 168.14115, 169.51898,
18.604191, 170.02328, 5.7557732, 168.05259, 169.65278,
18.618549, 175.15462, 4.9315545, 167.96120, 169.78297,
18.632900, 176.56110, 4.7566399, 167.86782, 169.90965,
18.647240, 173.63080, 5.2173411, 167.77323, 170.03299,
18.661591, 175.47810, 4.8223719, 167.67802, 170.15340,
18.675930, 170.33337, 4.5897532, 167.58310, 170.27090,
18.690269, 173.89380, 4.9159505, 167.48913, 170.38578,
18.704611, 183.02450, 5.5829745, 167.39685, 170.49827,
18.718941, 186.39640, 4.3709499, 167.30708, 170.60846,
18.733271, 169.48430, 4.5841122, 167.22052, 170.71667,
18.747601, 197.46133, 5.1985489, 167.13789, 170.82307,
18.761930, 195.97568, 5.2266790, 167.05997, 170.92789,
18.776260, 189.70680, 5.3786449, 166.98750, 171.03132,
18.790581, 196.12450, 6.2925321, 166.92130, 171.13350,
18.804899, 245.83088, 6.4083927, 166.86209, 171.23467,
18.819220, 210.76730, 6.0546016, 166.81063, 171.33507,
18.833530, 216.24663, 6.4377049, 166.76773, 171.43482,
18.847839, 218.34484, 6.6323795, 166.73415, 171.53417,
18.862150, 229.32797, 8.5196289, 166.71067, 171.63334,
18.876459, 226.83100, 7.2621966, 166.69810, 171.73251,
18.890770, 219.56762, 6.6297174, 166.69725, 171.83191,
18.905069, 216.05242, 6.1259253, 166.70893, 171.93164,
18.919371, 208.53128, 5.8077095, 166.73398, 172.03198,
18.933670, 219.69230, 5.5299724, 166.77323, 172.13312,
18.947960, 221.06742, 6.0904716, 166.82749, 172.23519,
18.962250, 219.38512, 7.2019416, 166.89767, 172.33847,
18.976540, 223.19630, 6.8349254, 166.98463, 172.44315,
18.990829, 234.89037, 6.8091403, 167.08927, 172.54944,
19.005119, 211.47175, 5.7346314, 167.21252, 172.65752,
19.019400, 202.18927, 7.0920309, 167.35518, 172.76754,
19.033680, 190.42320, 5.6130313, 167.51829, 172.87976,
19.047960, 192.78867, 6.1160652, 167.70280, 172.99438,
19.062229, 201.85610, 6.3975553, 167.90951, 173.11152,
19.076500, 219.23957, 15.679184, 168.13960, 173.23148,
19.090771, 239.81087, 15.315705, 168.39405, 173.35446,
19.105040, 203.91960, 10.228539, 168.67387, 173.48063,
19.119310, 212.67802, 7.2256691, 168.98018, 173.61025,
19.133570, 201.77332, 8.4166407, 169.31376, 173.74339,
19.147829, 164.32345, 8.4647716, 169.67595, 173.88037,
19.162090, 178.68092, 9.8411072, 170.06793, 174.02142,
19.176340, 188.06035, 9.1366644, 170.49046, 174.16660,
19.190599, 183.89275, 7.7510578, 170.94533, 174.31635,
19.204849, 158.69052, 6.7565373, 171.43315, 174.47068,
19.219101, 166.34713, 6.5405332, 171.95551, 174.62993,
19.233339, 164.95707, 6.9305907, 172.51308, 174.79413,
19.247580, 167.93807, 7.5560120, 173.10771, 174.96367,
19.261820, 194.54012, 7.8163819, 173.74065, 175.13876,
19.276060, 167.39750, 7.1004511, 174.41327, 175.31962,
19.290300, 171.01935, 6.9594843, 175.12695, 175.50646,
19.304529, 180.04958, 8.2531645, 175.88250, 175.69937,
19.318760, 173.05058, 7.0610800, 176.68205, 175.89873,
19.332991, 183.63147, 7.5579375, 177.52700, 176.10476,
19.347219, 169.19180, 7.0138867, 178.41876, 176.31766,
19.361441, 166.26700, 7.5227255, 179.35853, 176.53758,
19.375660, 169.76527, 8.9168316, 180.34823, 176.76482,
19.389879, 187.37162, 9.6756769, 181.38965, 176.99966,
19.404100, 198.53600, 10.741482, 182.48466, 177.24238,
19.418310, 174.18027, 9.3966012, 183.63392, 177.49298,
19.432520, 210.27082, 12.540539, 184.84009, 177.75190,
