# wave, flux, fluxerr, continuum, continuum_plateau
9.9725246, 95.474033, 3.0843276, 110.19558, 110.10782,
9.9806166, 95.798412, 3.6335458, 109.03718, 108.96374,
9.9887066, 91.516010, 2.9577451, 107.91842, 107.85756,
9.9967957, 88.518576, 2.5231944, 106.83814, 106.78828,
10.004880, 92.443157, 3.0250033, 105.79581, 105.75550,
10.012970, 97.510336, 3.2469036, 104.78911, 104.75702,
10.021050, 95.173069, 2.6509882, 103.81894, 103.79384,
10.029140, 90.580322, 2.9206179, 102.88204, 102.86286,
10.037220, 98.369965, 2.8519344, 101.97979, 101.96551,
10.045300, 93.711239, 3.1139876, 101.11000, 101.09974,
10.053380, 92.386765, 2.6184756, 100.27165, 100.26460,
10.061460, 93.413143, 2.7386034, 99.464012, 99.459459,
10.069540, 100.07182, 2.9126034, 98.685982, 98.683299,
10.077610, 99.105385, 2.9042846, 97.937707, 97.936341,
10.085690, 94.180944, 2.7128050, 97.216428, 97.215903,
10.093760, 100.09057, 3.4672200, 96.522960, 96.522866,
10.101830, 95.485914, 2.6672150, 95.855558, 95.855550,
10.109900, 96.107162, 2.4071858, 95.213275, 95.213068,
10.117970, 93.633089, 2.7376638, 94.595398, 94.594761,
10.126040, 95.716505, 2.6596554, 94.000993, 93.999747,
10.134100, 90.729261, 2.4289314, 93.429937, 93.427950,
10.142170, 87.795937, 2.3318816, 92.879900, 92.877081,
10.150230, 83.376564, 2.4416906, 92.351413, 92.347714,
10.158300, 92.185938, 2.4654870, 91.842394, 91.837800,
10.166360, 90.471273, 2.2983288, 91.353277, 91.347809,
10.174420, 89.802305, 4.5247360, 90.882514, 90.876220,
10.182470, 91.884380, 2.8392409, 90.429929, 90.422885,
10.190530, 87.545477, 2.4889733, 89.993584, 89.985886,
10.198590, 88.650639, 2.3168882, 89.573172, 89.564941,
10.206640, 88.741488, 2.6113862, 89.168465, 89.159836,
10.214690, 84.212070, 2.9049352, 88.778110, 88.769237,
10.222750, 82.286531, 2.2995964, 88.400882, 88.391929,
10.230800, 83.770927, 2.5677846, 88.036886, 88.028029,
10.238850, 80.129179, 2.6059833, 87.684888, 87.676311,
10.246890, 83.756336, 2.3256670, 87.344505, 87.336400,
10.254940, 82.299168, 2.5061948, 87.014156, 87.006720,
10.262990, 82.808479, 3.0275297, 86.693479, 86.686911,
10.271030, 84.659094, 2.7493699, 86.382069, 86.376568,
10.279070, 83.188532, 2.3932960, 86.078810, 86.074578,
10.287120, 82.654648, 2.4771761, 85.782523, 85.779761,
10.295150, 86.574776, 2.7291979, 85.493558, 85.492459,
10.303190, 90.541647, 2.9391780, 85.210091, 85.210851,
10.311230, 83.020384, 2.7448388, 84.933571, 84.936360,
10.319270, 85.114031, 3.4129728, 84.667258, 84.672198,
10.327300, 85.310726, 2.8929501, 84.414987, 84.422145,
10.335340, 85.299414, 2.6921847, 84.179609, 84.189004,
10.343370, 88.015202, 2.6153369, 83.965140, 83.976729,
10.351400, 84.458220, 3.1884347, 83.774827, 83.788508,
10.359430, 82.879328, 2.9710690, 83.612131, 83.627741,
10.367460, 90.371214, 2.7695482, 83.480552, 83.497857,
10.375480, 84.312658, 2.9947335, 83.383699, 83.402391,
10.383510, 83.585537, 3.1118879, 83.324831, 83.344525,
10.391530, 86.413153, 3.6165952, 83.307619, 83.327843,
10.399560, 85.881599, 2.7856369, 83.335557, 83.355747,
10.407580, 83.724836, 2.3823571, 83.412120, 83.431612,
10.415600, 81.686701, 2.6395402, 83.540846, 83.558868,
10.423620, 84.606668, 3.7705641, 83.725332, 83.740996,
10.431640, 81.156826, 2.4162727, 83.969114, 83.981405,
10.439650, 84.823898, 2.6654925, 84.275402, 84.283176,
10.447670, 82.525948, 2.6018254, 84.648584, 84.650539,
10.455680, 85.130926, 2.4596053, 85.090950, 85.085666,
10.463700, 87.497465, 2.5082929, 85.603385, 85.589499,
10.471710, 89.498327, 2.6490215, 86.182242, 86.158613,
10.479720, 80.183376, 2.9333114, 86.825836, 86.791499,
10.487730, 89.313360, 2.8506415, 87.531876, 87.486043,
10.495730, 92.336153, 2.7673463, 88.297141, 88.239203,
10.503740, 86.989658, 3.4102356, 89.121198, 89.050675,
10.511750, 93.143547, 2.9511859, 90.000929, 89.917501,
10.519750, 97.374128, 2.9825791, 90.932850, 90.836351,
10.527750, 96.898743, 3.0026108, 91.915994, 91.806368,
10.535750, 94.601803, 3.1696904, 92.948062, 92.825375,
10.543750, 97.423721, 3.3243827, 94.026747, 93.891176,
10.551750, 99.545355, 3.4776507, 95.150139, 95.001966,
10.559750, 97.175222, 3.2071666, 96.315821, 96.155423,
10.567850, 105.33484, 2.8478836, 97.537271, 97.364971,
10.576350, 111.81178, 3.1676485, 98.860970, 98.676790,
10.584840, 115.27760, 2.9999122, 100.22347, 100.02813,
10.593340, 115.29633, 2.5399063, 101.62560, 101.41990,
10.601830, 116.05348, 2.4730766, 103.06140, 102.84623,
10.610330, 119.57712, 3.2018314, 104.53192, 104.30820,
10.618820, 121.91698, 2.7416112, 106.03119, 105.79995,
10.627310, 123.32637, 2.8862490, 107.55821, 107.32052,
10.635800, 120.44108, 2.8844362, 109.11085, 108.86783,
10.644280, 124.34170, 3.0356262, 110.68451, 110.43735,
10.652770, 121.56008, 2.6170035, 112.28046, 112.03037,
10.661250, 128.39500, 2.6563995, 113.89267, 113.64091,
10.669740, 122.10910, 2.6916266, 115.52232, 115.27019,
10.678220, 121.22122, 2.7367984, 117.16333, 116.91217,
10.686700, 124.69863, 2.6773667, 118.81508, 118.56626,
10.695180, 129.95625, 2.7769354, 120.47516, 120.23008,
10.703650, 129.74272, 3.2722790, 122.13928, 121.89936,
10.712130, 129.67515, 2.8902903, 123.80857, 123.57528,
10.720600, 134.01642, 2.7611132, 125.47725, 125.25207,
10.729080, 141.25238, 2.8121577, 127.14647, 126.93094,
10.737550, 139.23363, 3.1612933, 128.80988, 128.60553,
10.746020, 138.55352, 2.7452507, 130.46733, 130.27573,
10.754490, 138.81230, 2.8097601, 132.11602, 131.93879,
10.762960, 145.65165, 2.7968796, 133.75393, 133.59270,
10.771420, 142.98820, 2.9416629, 135.37626, 135.23269,
10.779890, 145.90217, 2.9344519, 136.98497, 136.86081,
10.788350, 145.28470, 2.6906705, 138.57349, 138.47046,
10.796810, 144.50753, 3.0000637, 140.14140, 140.06129,
10.805270, 150.81830, 3.0603072, 141.68626, 141.63093,
10.813730, 142.80955, 2.8425058, 143.20563, 143.17699,
10.822190, 143.20588, 2.8174329, 144.69708, 144.69708,
10.830650, 144.29662, 3.0058030, 146.15865, 146.18928,
10.839100, 142.35505, 3.4110505, 147.58862, 147.65168,
10.847560, 152.56403, 2.8769321, 148.99106, 149.08827,
10.856010, 153.63557, 2.9511868, 150.36316, 150.49600,
10.864460, 152.40915, 3.2838276, 151.70688, 151.87670,
10.872910, 157.78830, 3.2186205, 153.02286, 153.23088,
10.881360, 165.50333, 3.2992333, 154.31174, 154.55901,
10.889800, 167.97552, 3.2063807, 155.57230, 155.85968,
10.898250, 168.95012, 3.5520731, 156.80800, 157.13633,
10.906690, 173.41612, 3.5505101, 158.01652, 158.38640,
10.915140, 181.74522, 3.5469230, 159.20117, 159.61317,
10.923580, 199.18475, 4.1895383, 160.35947, 160.81393,
10.932020, 199.99440, 4.1292846, 161.49333, 161.99054,
10.940460, 199.83670, 4.1176987, 162.60318, 163.14331,
10.948890, 206.41378, 4.2292809, 163.68813, 164.27118,
10.957330, 212.86115, 4.4467799, 164.75127, 165.37726,
10.965760, 243.36840, 3.6837612, 165.79050, 166.45924,
10.974200, 267.41464, 4.2336318, 166.80856, 167.51986,
10.982630, 302.04378, 4.9104102, 167.80345, 168.55692,
10.991060, 328.61015, 3.7761381, 168.77693, 169.57217,
10.999490, 336.30936, 3.7788808, 169.72916, 170.56567,
11.007920, 333.89827, 3.7882397, 170.66075, 171.53795,
11.016340, 332.66855, 3.5868501, 171.57082, 172.48801,
11.024770, 326.09090, 3.6889811, 172.46191, 173.41841,
11.033190, 325.34465, 3.8872933, 173.33236, 174.32733,
11.041610, 315.10595, 4.5044048, 174.18353, 175.21611,
11.050030, 303.62547, 4.1589626, 175.01577, 176.08505,
11.058450, 299.35654, 4.8708136, 175.82942, 176.93441,
11.066870, 298.55533, 5.6197938, 176.62480, 177.76448,
11.075290, 290.78054, 5.4091704, 177.40225, 178.57553,
11.083700, 282.09277, 4.5475927, 178.16123, 179.36695,
11.092120, 285.03125, 4.9101382, 178.90379, 180.14080,
11.100530, 295.60236, 6.8530602, 179.62846, 180.89551,
11.108940, 297.83138, 5.6229570, 180.33658, 181.63241,
11.117350, 303.39105, 7.2515763, 181.02827, 182.35158,
11.120570, 313.43272, 4.2126151, 181.28890, 182.62239,
11.129530, 315.27525, 3.9457567, 182.00173, 183.36250,
11.138500, 333.91370, 3.9835228, 182.69763, 184.08415,
11.147460, 364.49797, 4.2714313, 183.37531, 184.78596,
11.156430, 414.96550, 4.5562981, 184.03669, 185.46987,
11.165390, 475.89313, 4.6042752, 184.68054, 186.13459,
11.174350, 567.05518, 4.9695663, 185.30799, 186.78124,
11.183300, 674.22873, 5.6061600, 185.91871, 187.40945,
11.192260, 795.30554, 6.0454009, 186.51431, 188.02085,
11.201220, 865.80310, 5.9963397, 187.09443, 188.61507,
11.210170, 862.94896, 5.9491436, 187.65880, 189.19179,
11.219120, 863.36043, 6.2196002, 188.20833, 189.75194,
11.228070, 867.97061, 6.2601982, 188.74330, 190.29580,
11.237020, 863.00356, 5.9055505, 189.26396, 190.82361,
11.245970, 865.30902, 6.0049783, 189.77070, 191.33575,
11.254920, 849.79129, 6.1564025, 190.26373, 191.83246,
11.263860, 834.29088, 6.0711255, 190.74278, 192.31345,
11.272800, 806.40317, 5.7263868, 191.20873, 192.77964,
11.281750, 772.03549, 5.6878812, 191.66225, 193.23167,
11.290690, 733.52559, 5.7496387, 192.10270, 193.66895,
11.299630, 697.52284, 5.5982889, 192.53074, 194.09214,
11.308560, 661.11588, 5.3524767, 192.94624, 194.50114,
11.317500, 620.19891, 5.2516453, 193.35031, 194.89707,
11.326430, 588.45081, 5.2842064, 193.74235, 195.27935,
11.335370, 547.79333, 5.0002538, 194.12341, 195.64906,
11.344300, 520.75443, 4.6996825, 194.49294, 196.00568,
11.353230, 499.68515, 4.6233742, 194.85155, 196.34985,
11.362160, 470.52040, 4.6815778, 195.19945, 196.68181,
11.371080, 452.56911, 4.4851995, 195.53657, 197.00154,
11.380010, 438.40347, 4.2953329, 195.86378, 197.30990,
11.388930, 415.58247, 4.2318826, 196.18066, 197.60655,
11.397850, 400.26241, 4.3311994, 196.48772, 197.89202,
11.406780, 386.66775, 4.2195909, 196.78552, 198.16689,
11.415700, 366.63002, 3.9440656, 197.07359, 198.43078,
11.424610, 357.90422, 4.0045216, 197.35218, 198.68398,
11.433530, 353.71680, 4.1767229, 197.62208, 198.92727,
11.442450, 336.20287, 4.0336723, 197.88319, 199.16064,
11.451360, 318.92834, 3.7757537, 198.13543, 199.38406,
11.460270, 313.42200, 3.8959383, 198.37927, 199.59805,
11.469180, 304.59323, 3.9934393, 198.61490, 199.80284,
11.478090, 289.67778, 3.9030911, 198.84250, 199.99866,
11.487000, 279.99073, 3.7143657, 199.06224, 200.18574,
11.495910, 270.41397, 3.7930701, 199.27429, 200.36430,
11.504810, 262.02457, 3.9036993, 199.47864, 200.53444,
11.513710, 259.26000, 3.9093513, 199.67566, 200.69653,
11.522620, 260.13391, 3.8319500, 199.86575, 200.85100,
11.531520, 253.46725, 3.8676795, 200.04863, 200.99772,
11.540420, 248.84547, 4.9127223, 200.22470, 201.13710,
11.549310, 250.85630, 8.4852562, 200.39394, 201.26923,
11.558210, 238.59820, 3.9499806, 200.55688, 201.39462,
11.567100, 236.21893, 3.9785339, 200.71328, 201.51320,
11.576000, 236.91435, 4.3140138, 200.86370, 201.62548,
11.584890, 228.89197, 4.2514244, 201.00793, 201.73142,
11.593780, 220.55920, 4.1461461, 201.14626, 201.83135,
11.602670, 217.03177, 4.4063043, 201.27889, 201.92553,
11.611560, 214.19870, 4.4497283, 201.40595, 202.01415,
11.620440, 221.64588, 4.5986675, 201.52743, 202.09734,
11.629330, 208.91885, 4.5348580, 201.64377, 202.17551,
11.638210, 209.67683, 4.5783936, 201.75485, 202.24870,
11.647090, 197.15370, 4.7358883, 201.86091, 202.31721,
11.655970, 195.73925, 5.3250699, 201.96212, 202.38126,
11.664850, 202.64155, 4.2037892, 202.05860, 202.44106,
11.673730, 196.50668, 3.1121034, 202.15049, 202.49682,
11.682600, 205.41990, 3.4562322, 202.23782, 202.54870,
11.691480, 206.45367, 3.7044951, 202.32091, 202.59703,
11.700350, 203.23473, 3.6178907, 202.39972, 202.64191,
11.709220, 200.61720, 3.7368016, 202.47447, 202.68361,
11.718090, 201.91285, 3.8771491, 202.54527, 202.72234,
11.726960, 200.72293, 3.8623607, 202.61226, 202.75831,
11.735830, 206.13985, 4.0326061, 202.67556, 202.79172,
11.744690, 204.74715, 4.3665462, 202.73521, 202.82275,
11.753560, 206.95367, 4.2009428, 202.79149, 202.85168,
11.762420, 197.49363, 4.0620326, 202.84438, 202.87865,
11.771280, 203.64590, 6.0898495, 202.89407, 202.90391,
11.775020, 202.85352, 3.3189951, 202.91411, 202.91411,
11.784500, 205.38880, 3.3580616, 202.96246, 202.93878,
11.793980, 205.18867, 3.3584892, 203.00722, 202.96166,
11.803460, 211.19430, 3.9943555, 203.04831, 202.98258,
11.812940, 205.31205, 3.0843152, 203.08561, 203.00137,
11.822420, 208.13950, 3.3404495, 203.11902, 203.01786,
11.831890, 210.71210, 3.2276366, 203.14840, 203.03187,
11.841360, 210.45877, 3.7770810, 203.17369, 203.04325,
11.850840, 216.50632, 3.1018117, 203.19478, 203.05184,
11.860310, 215.98350, 3.1739504, 203.21154, 203.05745,
11.869770, 222.44175, 3.2083928, 203.22385, 203.05993,
11.879240, 224.01702, 3.1136848, 203.23164, 203.05911,
11.888710, 224.36243, 3.0526976, 203.23476, 203.05481,
11.898170, 226.22382, 3.1380560, 203.23311, 203.04688,
11.907630, 227.40593, 3.1692214, 203.22658, 203.03513,
11.917090, 225.44807, 3.1449981, 203.21503, 203.01941,
11.926550, 225.79556, 3.1454321, 203.19835, 202.99954,
11.936010, 232.28725, 19.355572, 203.17642, 202.97534,
11.945470, 229.25955, 3.1514718, 203.14910, 202.94664,
11.954920, 232.49925, 3.0449990, 203.11630, 202.91330,
11.964370, 233.55825, 3.5022608, 203.07788, 202.87514,
11.973830, 234.08503, 3.0483305, 203.03363, 202.83190,
11.983280, 234.17493, 3.1834735, 202.98354, 202.78353,
11.992720, 238.88485, 3.1045289, 202.92746, 202.72986,
12.002170, 240.92752, 3.1601749, 202.86516, 202.67058,
12.011610, 230.79760, 3.0812626, 202.79660, 202.60566,
12.021060, 229.32830, 3.0874960, 202.72152, 202.53478,
12.030500, 222.82735, 3.0371722, 202.63991, 202.45790,
12.039940, 225.07478, 2.9803831, 202.55157, 202.37479,
12.049380, 219.88800, 2.9954301, 202.45632, 202.28524,
12.058820, 219.24187, 3.0061960, 202.35402, 202.18909,
12.068250, 219.35555, 3.1927030, 202.24464, 202.08626,
12.077690, 214.58372, 3.0587886, 202.12777, 201.97635,
12.087120, 216.66020, 3.0634548, 202.00351, 201.85941,
12.096550, 212.04965, 3.0270077, 201.87157, 201.73514,
12.105980, 211.66510, 3.1512513, 201.73179, 201.60335,
12.115410, 208.42290, 3.0139707, 201.58399, 201.46385,
12.124830, 202.11513, 2.9245242, 201.42816, 201.31662,
12.134260, 205.15557, 3.0178212, 201.26382, 201.16116,
12.143680, 202.29080, 3.2016784, 201.09112, 200.99760,
12.153100, 203.10080, 3.2012804, 200.90969, 200.82558,
12.162520, 222.10295, 4.0695152, 200.71937, 200.64492,
12.171940, 205.04270, 3.1565353, 200.51998, 200.45544,
12.181360, 204.98870, 3.2706515, 200.31130, 200.25690,
12.190770, 195.09023, 3.8402462, 200.09338, 200.04936,
12.200180, 206.54903, 3.2437714, 199.86581, 199.83242,
12.209600, 194.01423, 3.4071173, 199.62812, 199.60561,
12.219010, 198.57460, 3.4959026, 199.38062, 199.36923,
12.228420, 201.92982, 3.6055407, 199.12284, 199.12284,
12.237820, 198.49225, 3.5718595, 198.85497, 198.86660,
12.247230, 202.60332, 3.4511766, 198.57655, 198.60004,
12.256630, 209.71568, 3.6166048, 198.28842, 198.32393,
12.266040, 253.36837, 4.2723050, 197.99023, 198.03790,
12.275440, 485.67753, 5.7308895, 197.68281, 197.74270,
12.284840, 499.12387, 5.6045690, 197.36613, 197.43828,
12.294230, 267.20950, 4.3490962, 197.04067, 197.12507,
12.303630, 218.79585, 5.4667046, 196.70606, 196.80269,
12.313030, 220.14375, 4.3631000, 196.36278, 196.47156,
12.322420, 220.00063, 5.4742218, 196.01147, 196.13228,
12.331810, 216.51365, 3.5364820, 195.65195, 195.78466,
12.341200, 214.74805, 3.5635930, 195.28444, 195.42887,
12.350590, 218.46930, 3.2251504, 194.90914, 195.06509,
12.359980, 219.64720, 3.2678252, 194.52624, 194.69350,
12.369360, 223.81388, 3.1478894, 194.13634, 194.31465,
12.378750, 233.67275, 3.3203580, 193.73885, 193.92795,
12.388130, 231.75437, 3.7902069, 193.33476, 193.53436,
12.397510, 235.70160, 3.3938283, 192.92390, 193.13368,
12.406890, 237.27058, 3.2855300, 192.50637, 192.72601,
12.416270, 244.76395, 3.2269795, 192.08241, 192.31155,
12.425640, 240.43740, 3.3937454, 191.65266, 191.89095,
12.435020, 243.94918, 3.7091914, 191.21636, 191.46343,
12.444390, 238.23247, 3.4659982, 190.77464, 191.03010,
12.453760, 241.74892, 3.5637667, 190.32721, 190.59065,
12.463130, 237.93592, 3.7980707, 189.87423, 190.14525,
12.472500, 255.56433, 3.9039385, 189.41586, 189.69405,
12.481870, 263.94265, 4.8631860, 188.95228, 189.23722,
12.489420, 264.17847, 3.6783646, 188.57505, 188.86511,
12.499490, 271.98140, 4.0896019, 188.06698, 188.36343,
12.509550, 273.48850, 3.6710059, 187.55391, 187.85624,
12.519610, 289.69357, 3.6007202, 187.03557, 187.34327,
12.529670, 289.09705, 3.5675652, 186.51221, 186.82477,
12.539730, 290.39843, 3.6878895, 185.98392, 186.30081,
12.549780, 291.10051, 3.8205357, 185.45149, 185.77220,
12.559840, 295.20566, 3.5724606, 184.91401, 185.23803,
12.569890, 304.47144, 3.5348293, 184.37278, 184.69959,
12.579940, 298.17611, 3.5667369, 183.82742, 184.15651,
12.589990, 307.28205, 3.6516431, 183.27813, 183.60899,
12.600040, 315.94696, 3.5951061, 182.72502, 183.05715,
12.610090, 322.80595, 3.5290519, 182.16839, 182.50129,
12.620130, 324.17068, 3.9393807, 181.60895, 181.94212,
12.630170, 332.56148, 3.6870838, 181.04623, 181.37920,
12.640210, 350.42382, 3.8018709, 180.48047, 180.81275,
12.650250, 344.82233, 3.6656914, 179.91184, 180.24297,
12.660290, 344.51288, 3.6615148, 179.34057, 179.67008,
12.670330, 349.31975, 3.6549711, 178.76671, 179.09417,
12.680360, 362.75945, 3.7430867, 178.19110, 178.51606,
12.690390, 378.26250, 3.7152136, 177.61330, 177.93534,
12.700420, 391.75951, 3.7144432, 177.03343, 177.35213,
12.710450, 389.42295, 3.7396560, 176.45177, 176.76672,
12.720480, 394.55767, 3.8744527, 175.86842, 176.17923,
12.730500, 401.32747, 4.8162117, 175.28411, 175.59040,
12.740530, 394.17005, 3.6919730, 174.69789, 174.99929,
12.750550, 383.00743, 3.6010174, 174.11103, 174.40720,
12.760570, 380.13893, 3.7029962, 173.52321, 173.81379,
12.770590, 378.71983, 3.7015441, 172.93446, 173.21914,
12.780610, 376.70745, 3.6329347, 172.34501, 172.62347,
12.790620, 366.89127, 3.7556818, 171.75564, 172.02758,
12.800640, 358.24888, 3.5930791, 171.16527, 171.43040,
12.810650, 360.62595, 3.6241544, 170.57529, 170.83336,
12.820660, 348.16230, 3.5872803, 169.98527, 170.23600,
12.830670, 313.79205, 3.3106242, 169.39528, 169.63844,
12.840680, 300.71643, 3.2474432, 168.80562, 169.04098,
12.850680, 282.68723, 3.2262022, 168.21695, 168.44429,
12.860690, 263.66541, 3.1990850, 167.62829, 167.84741,
12.870690, 249.37378, 3.0452368, 167.04095, 167.25166,
12.880690, 237.29100, 3.0216875, 166.45456, 166.65669,
12.890690, 217.72585, 2.9031865, 165.86919, 166.06257,
12.900680, 212.44983, 2.9302969, 165.28566, 165.47015,
12.910680, 209.89510, 3.2928266, 164.70291, 164.87836,
12.920670, 197.03735, 3.1648330, 164.12232, 164.28861,
12.930670, 189.75800, 2.8123434, 163.54283, 163.69984,
12.940660, 190.73942, 2.8609329, 162.96579, 163.11342,
12.950640, 183.05415, 3.0818833, 162.39144, 162.52961,
12.960630, 178.53558, 2.8780897, 161.81864, 161.94725,
12.970620, 174.64100, 2.8332355, 161.24827, 161.36725,
12.980600, 173.70745, 2.8133244, 160.68099, 160.79027,
12.990580, 171.83168, 3.0644297, 160.11647, 160.21599,
13.000560, 171.24448, 3.7570252, 159.55476, 159.64449,
13.010540, 167.87750, 3.0606018, 158.99611, 159.07598,
13.020520, 168.30341, 3.0543180, 158.44067, 158.51065,
13.030490, 164.38722, 3.1521585, 157.88920, 157.94927,
13.040470, 166.52510, 3.3551409, 157.34071, 157.39083,
13.050440, 166.24717, 3.2627161, 156.79654, 156.83668,
13.060410, 156.96432, 3.2845903, 156.25628, 156.28642,
13.070380, 153.93830, 3.2017998, 155.72005, 155.74017,
13.080350, 152.55922, 3.4380581, 155.18815, 155.19821,
13.090310, 160.41835, 3.5125133, 154.66120, 154.66120,
13.100280, 154.29675, 3.7612958, 154.13834, 154.12824,
13.110240, 152.09337, 3.5902979, 153.62053, 153.60034,
13.120200, 151.36558, 3.4716002, 153.10720, 153.07695,
13.130160, 153.97017, 3.8577161, 152.59827, 152.55802,
13.140110, 158.79007, 3.3042738, 152.09421, 152.04405,
13.150070, 156.11553, 2.5141998, 151.59389, 151.53390,
13.160020, 150.72165, 2.6027319, 151.09828, 151.02861,
13.169980, 152.16290, 3.0139002, 150.60629, 150.52707,
13.179930, 151.14340, 2.8990160, 150.11888, 150.03029,
13.189870, 157.91558, 3.0779420, 149.63594, 149.53817,
13.199820, 151.53590, 2.7206419, 149.15647, 149.04973,
13.209770, 148.30252, 2.7299248, 148.68085, 148.56536,
13.219710, 148.07410, 2.7405442, 148.20955, 148.08556,
13.229650, 150.32618, 2.8507547, 147.74207, 147.60984,
13.239590, 150.65882, 3.2576980, 147.27826, 147.13806,
13.249530, 147.17770, 2.9141433, 146.81811, 146.67023,
13.259470, 142.11750, 2.7043250, 146.36158, 146.20631,
13.269410, 150.88382, 2.6746985, 145.90861, 145.74628,
13.279340, 152.03947, 3.7034649, 145.45964, 145.29057,
13.289270, 150.82010, 3.3951079, 145.01409, 144.83861,
13.299200, 149.00510, 3.2902037, 144.57201, 144.39047,
13.309130, 144.08040, 3.6301201, 144.13332, 143.94607,
13.318260, 148.13383, 2.5449165, 143.73288, 143.54070,
13.328980, 150.98270, 2.4862498, 143.26628, 143.06871,
13.339690, 146.01295, 2.4464496, 142.80395, 142.60142,
13.350400, 147.61892, 32.325561, 142.34536, 142.13833,
13.361120, 148.03365, 8.2661988, 141.89004, 141.67895,
13.371830, 150.41442, 2.4518455, 141.43883, 141.22414,
13.382530, 151.39490, 2.4147496, 140.99164, 140.77382,
13.393240, 148.69973, 2.4763959, 140.54765, 140.32714,
13.403940, 149.39485, 2.5369674, 140.10759, 139.88488,
13.414650, 151.83788, 2.8124153, 139.67066, 139.44620,
13.425350, 150.67778, 2.4298662, 139.23759, 139.01186,
13.436050, 153.07990, 2.4670159, 138.80797, 138.58142,
13.446740, 157.47150, 2.5020140, 138.38219, 138.15529,
13.457440, 162.23425, 2.7191817, 137.95937, 137.73259,
13.468130, 172.35292, 2.6823915, 137.54031, 137.31411,
13.478830, 169.60094, 2.6437517, 137.12419, 136.89902,
13.489520, 167.50137, 2.5499511, 136.71178, 136.48809,
13.500200, 171.56690, 2.6502393, 136.30301, 136.08125,
13.510890, 169.43695, 2.6395175, 135.89715, 135.67775,
13.521570, 176.26920, 2.6454181, 135.49489, 135.27828,
13.532260, 180.24505, 2.6131839, 135.09550, 134.88211,
13.542940, 184.06530, 2.7006394, 134.69968, 134.48991,
13.553620, 179.10157, 2.7709082, 134.30705, 134.10130,
13.564290, 173.13768, 2.7886139, 133.91798, 133.71665,
13.574970, 173.05480, 2.7024887, 133.53171, 133.33517,
13.585640, 167.69000, 2.5820401, 133.14897, 132.95759,
13.596320, 172.94685, 2.7406483, 132.76901, 132.58314,
13.606990, 167.14365, 2.7755939, 132.39258, 132.21255,
13.617650, 161.94078, 3.2427040, 132.01961, 131.84575,
13.628320, 157.50788, 2.6382104, 131.64945, 131.48206,
13.638980, 156.81202, 2.6299720, 131.28275, 131.12212,
13.649650, 153.64220, 2.6694500, 130.91885, 130.76526,
13.660310, 152.39912, 2.7825951, 130.55842, 130.41211,
13.670970, 150.93573, 2.8520520, 130.20112, 130.06232,
13.681630, 148.49095, 2.7227776, 129.84696, 129.71589,
13.692280, 143.08250, 3.2351672, 129.49630, 129.37314,
13.702940, 135.24953, 2.6001332, 129.14844, 129.03337,
13.713590, 139.94777, 2.6275208, 128.80408, 128.69725,
13.724240, 135.87700, 2.4964472, 128.46286, 128.36438,
13.734890, 133.59792, 2.4364145, 128.12486, 128.03483,
13.745530, 131.65937, 2.4308998, 127.79035, 127.70883,
13.756180, 130.98510, 2.5296486, 127.45874, 127.38580,
13.766820, 131.50803, 2.5249993, 127.13066, 127.06630,
13.777460, 127.44317, 2.4613092, 126.80582, 126.75003,
13.788100, 125.63575, 2.4141342, 126.48424, 126.43698,
13.798740, 120.11453, 2.3383004, 126.16594, 126.12715,
13.809380, 121.80258, 2.5380469, 125.85098, 125.82055,
13.820010, 127.97110, 2.6052139, 125.53960, 125.51739,
13.830640, 123.00030, 2.9489378, 125.23159, 125.21745,
13.841270, 125.84837, 2.6098577, 124.92694, 124.92066,
13.851900, 125.57430, 2.4789234, 124.62572, 124.62707,
13.862530, 124.07793, 3.5162601, 124.32792, 124.33664,
13.873150, 124.36832, 3.1696905, 124.03373, 124.04957,
13.883780, 123.44310, 2.5594803, 123.74257, 123.76530,
13.894400, 126.06915, 2.5800430, 123.45490, 123.48428,
13.905020, 125.68722, 2.7161738, 123.17038, 123.20621,
13.915640, 129.56255, 3.1343376, 122.88896, 122.93103,
13.926250, 127.83328, 2.7507252, 122.61084, 122.65894,
13.936870, 129.44790, 2.8704226, 122.33547, 122.38942,
13.947480, 129.03853, 2.6905902, 122.06325, 122.12287,
13.958090, 125.81367, 3.1108549, 121.79393, 121.85903,
13.968700, 135.86845, 25.035431, 121.52740, 121.59781,
13.979310, 131.20585, 3.5562406, 121.26365, 121.33921,
13.989910, 128.10918, 3.2726462, 121.00286, 121.08339,
14.000520, 124.82533, 3.0126949, 120.74450, 120.82984,
14.011120, 127.98498, 3.1825382, 120.48898, 120.57897,
14.021720, 128.74410, 3.4488773, 120.23604, 120.33050,
14.032320, 121.31663, 101.23682, 119.98562, 120.08440,
14.042920, 127.17465, 3.6335889, 119.73768, 119.84062,
14.053510, 129.00228, 3.3702759, 119.49242, 119.59934,
14.064110, 124.28518, 3.5110231, 119.24931, 119.36005,
14.074700, 121.55913, 3.6736960, 119.00878, 119.12317,
14.085290, 121.39658, 4.0968472, 118.77058, 118.88844,
14.095870, 124.10030, 3.1303390, 118.53487, 118.65601,
14.106460, 129.16192, 3.6519435, 118.30119, 118.42543,
14.117040, 123.76948, 2.4612243, 118.06991, 118.19707,
14.127630, 125.05620, 2.6562706, 117.84058, 117.97045,
14.138210, 130.62885, 3.7352890, 117.61361, 117.74599,
14.148790, 125.99398, 2.7259196, 117.38873, 117.52341,
14.159370, 129.23390, 4.5109223, 117.16593, 117.30267,
14.169940, 140.56348, 4.2282876, 116.94538, 117.08397,
14.180520, 133.84438, 6.3331238, 116.72662, 116.86681,
14.182090, 134.20633, 2.6554963, 116.69433, 116.83474,
14.193560, 138.81940, 2.5545860, 116.45973, 116.60154,
14.205030, 139.21823, 2.7318883, 116.22739, 116.37030,
14.216500, 145.69473, 2.7528044, 115.99733, 116.14101,
14.227970, 142.81092, 2.9141337, 115.76949, 115.91360,
14.239430, 142.41167, 2.6063112, 115.54402, 115.68821,
14.250890, 138.20312, 2.6305122, 115.32074, 115.46461,
14.262350, 133.44455, 2.5387706, 115.09956, 115.24274,
14.273810, 133.52420, 2.6696958, 114.88049, 115.02255,
14.285270, 130.65635, 2.7418401, 114.66351, 114.80401,
14.296730, 130.60532, 2.4092136, 114.44856, 114.58706,
14.308180, 128.30890, 2.7719396, 114.23584, 114.37186,
14.319630, 121.02367, 2.3720165, 114.02512, 114.15815,
14.331080, 119.34017, 2.5502462, 113.81636, 113.94589,
14.342530, 117.84470, 2.3655144, 113.60957, 113.73506,
14.353970, 121.90150, 2.3329846, 113.40492, 113.52579,
14.365410, 118.77805, 2.5085085, 113.20216, 113.31783,
14.376860, 116.90605, 2.4589822, 113.00114, 113.11097,
14.388300, 113.16985, 2.1977291, 112.80218, 112.90553,
14.399730, 115.39865, 2.1596753, 112.60526, 112.70147,
14.411170, 116.10455, 2.0915441, 112.41002, 112.49837,
14.422600, 110.47320, 1.9522877, 112.21680, 112.29657,
14.434030, 107.80545, 2.0701017, 112.02541, 112.09584,
14.445460, 111.01775, 2.2257904, 111.83582, 111.89611,
14.456890, 108.44215, 2.0515342, 111.64806, 111.69739,
14.468320, 107.61258, 2.0297490, 111.46210, 111.49961,
14.479740, 110.93010, 1.9940995, 111.27808, 111.30289,
14.491160, 111.24185, 2.1971251, 111.09584, 111.10704,
14.502580, 113.72963, 2.1947076, 110.91539, 110.91201,
14.514000, 108.97108, 2.3833665, 110.73667, 110.71778,
14.525420, 110.57858, 3.1489743, 110.55960, 110.52437,
14.536830, 112.08782, 2.0627003, 110.38423, 110.33200,
14.548240, 108.84145, 2.1144882, 110.21030, 110.14051,
14.559650, 103.80328, 2.7405859, 110.03770, 109.94993,
14.571060, 104.37042, 2.3475459, 109.86635, 109.76033,
14.582470, 108.03773, 2.7096161, 109.69614, 109.57170,
14.593870, 105.92755, 2.3498772, 109.52712, 109.38426,
14.605270, 111.27367, 2.2933437, 109.35904, 109.19786,
14.616670, 102.73293, 2.2412286, 109.19182, 109.01257,
14.628070, 105.10508, 2.4795457, 109.02533, 108.82838,
14.639470, 104.13293, 2.4886140, 108.85951, 108.64534,
14.650860, 102.36978, 2.2270939, 108.69439, 108.46365,
14.662260, 103.84090, 2.1941756, 108.52959, 108.28301,
14.673650, 102.79408, 2.1584327, 108.36530, 108.10379,
14.685040, 103.33675, 2.1950588, 108.20128, 107.92584,
14.696420, 101.86878, 2.2958776, 108.03760, 107.74940,
14.707810, 103.30373, 2.1124160, 107.87384, 107.57413,
14.719190, 106.50437, 2.4846814, 107.71023, 107.40042,
14.730570, 103.34817, 2.0669496, 107.54651, 107.22813,
14.741950, 106.62022, 2.2767859, 107.38259, 107.05730,
14.753330, 104.59135, 2.2636635, 107.21838, 106.88797,
14.764700, 107.33397, 2.1509243, 107.05394, 106.72032,
14.776080, 103.43958, 2.0400727, 106.88886, 106.55410,
14.787450, 100.49375, 2.0487504, 106.72336, 106.38963,
14.798820, 98.420349, 2.5476685, 106.55719, 106.22681,
14.810190, 100.32017, 2.2496261, 106.39025, 106.06566,
14.821550, 98.916374, 2.2931414, 106.22259, 105.90637,
14.832920, 96.394701, 2.1498163, 106.05385, 105.74871,
14.844280, 104.23935, 2.3089083, 105.88419, 105.59298,
14.855640, 101.03173, 2.3086598, 105.71338, 105.43908,
14.866990, 101.24740, 2.2682108, 105.54149, 105.28720,
14.878350, 104.56747, 2.3587210, 105.36809, 105.13709,
14.889710, 103.03685, 2.3518238, 105.19326, 104.98894,
14.901060, 101.62115, 2.4446750, 105.01704, 104.84292,
14.912410, 101.43970, 2.5190426, 104.83918, 104.69893,
14.923760, 104.37640, 2.5450484, 104.65957, 104.55701,
14.935100, 105.61919, 2.8908385, 104.47829, 104.41735,
14.946450, 105.49305, 2.8755473, 104.29488, 104.27971,
14.957790, 105.21902, 2.8212300, 104.10967, 104.14439,
14.969130, 101.44570, 2.9817673, 103.92324, 104.01134,
14.980470, 101.36841, 2.9766516, 103.73679, 103.88056,
14.991810, 105.71548, 3.3899901, 103.55155, 103.75212,
15.003140, 104.18065, 2.9112749, 103.36892, 103.62617,
15.014480, 108.48117, 3.1125820, 103.18982, 103.50255,
15.025810, 102.37540, 3.1504288, 103.01575, 103.38149,
15.037140, 98.564468, 3.3672953, 102.84783, 103.26297,
15.048460, 101.96814, 3.2798939, 102.68741, 103.14710,
15.059790, 109.46618, 3.5367485, 102.53545, 103.03375,
15.071110, 109.90172, 3.1849053, 102.39345, 102.92316,
15.082440, 106.52458, 2.4218549, 102.26241, 102.81518,
15.093750, 108.00153, 2.1163647, 102.14392, 102.71015,
15.105070, 106.51350, 2.2294733, 102.03890, 102.60784,
15.116390, 107.58807, 2.3874803, 101.94874, 102.50838,
15.127700, 105.28897, 2.2870673, 101.87475, 102.41193,
15.139020, 104.92615, 2.5001924, 101.81810, 102.31835,
15.150330, 101.95622, 2.3276635, 101.78017, 102.22787,
15.162390, 93.238050, 2.7138581, 101.76174, 102.13477,
15.174730, 103.15589, 2.8638459, 101.76804, 102.04318,
15.187070, 98.443592, 2.7472669, 101.80149, 101.95539,
15.199410, 97.454363, 2.9560605, 101.86381, 101.87145,
15.211740, 107.30955, 2.9892220, 101.95623, 101.79151,
15.224080, 102.68143, 2.8732330, 102.07811, 101.71538,
15.236410, 107.82575, 2.5255179, 102.22789, 101.64312,
15.248740, 109.70139, 2.8368110, 102.40430, 101.57461,
15.261060, 107.49902, 3.2138142, 102.60583, 101.50985,
15.273390, 106.50983, 2.9874608, 102.83152, 101.44866,
15.285710, 105.07339, 2.9446587, 103.07969, 101.39108,
15.298030, 103.54117, 2.8432937, 103.34921, 101.33702,
15.310350, 107.61791, 8.5022630, 103.63885, 101.28641,
15.322660, 106.67175, 2.9685914, 103.94708, 101.23923,
15.334980, 108.00605, 2.8931307, 104.27314, 101.19535,
15.347290, 103.88655, 2.8460774, 104.61531, 101.15479,
15.359600, 106.31973, 2.6120499, 104.97260, 101.11746,
15.371900, 105.08178, 2.4167059, 105.34350, 101.08334,
15.384210, 106.85882, 2.4791972, 105.72744, 101.05231,
15.396510, 102.40239, 3.3816928, 106.12259, 101.02437,
15.408810, 109.13235, 2.9459702, 106.52805, 100.99945,
15.421110, 108.05195, 2.4369742, 106.94271, 100.97751,
15.433410, 107.85642, 2.3344053, 107.36533, 100.95849,
15.445700, 108.00510, 2.3310349, 107.79444, 100.94235,
15.457990, 110.55510, 2.7922856, 108.22922, 100.92904,
15.470280, 109.10763, 3.0322856, 108.66851, 100.91851,
15.482570, 110.48492, 2.8156992, 109.11116, 100.91071,
15.494860, 107.87417, 2.5596586, 109.55603, 100.90560,
15.507140, 106.48180, 2.3574561, 110.00163, 100.90313,
15.519420, 111.85760, 2.5311240, 110.44713, 100.90326,
15.531700, 106.11208, 2.4224614, 110.89144, 100.90595,
15.543980, 114.74835, 2.6909956, 111.33337, 100.91115,
15.556260, 111.72103, 2.6151704, 111.77183, 100.91882,
15.568530, 112.37188, 2.0708003, 112.20528, 100.92892,
15.580800, 112.39832, 2.0637317, 112.63294, 100.94141,
15.593070, 115.55532, 2.2956136, 113.05366, 100.95624,
15.605340, 112.17657, 2.2919375, 113.46633, 100.97339,
15.617600, 111.09812, 2.2963093, 113.87040, 100.99280,
15.629860, 118.34998, 2.1191645, 114.26700, 101.01443,
15.642120, 118.90638, 2.0781552, 114.65711, 101.03827,
15.654380, 115.78135, 2.5452751, 115.04154, 101.06426,
15.666640, 115.43728, 2.7649210, 115.42124, 101.09238,
15.678890, 118.59748, 2.7397046, 115.79677, 101.12256,
15.691140, 120.90240, 2.4103567, 116.16932, 101.15480,
15.703390, 118.63203, 2.2805700, 116.53977, 101.18905,
15.715640, 120.35138, 2.3911084, 116.90901, 101.22529,
15.727890, 120.93512, 2.4673126, 117.27792, 101.26348,
15.740130, 120.97973, 2.5789246, 117.64707, 101.30356,
15.752370, 120.22295, 2.5887914, 118.01762, 101.34552,
15.764610, 126.11553, 2.3547839, 118.39048, 101.38934,
15.776850, 123.51020, 2.3077227, 118.76649, 101.43498,
15.789090, 123.31218, 2.3416529, 119.14658, 101.48241,
15.801320, 120.41755, 2.3431856, 119.53127, 101.53157,
15.813550, 127.80517, 2.5226636, 119.92178, 101.58245,
15.825780, 127.39178, 3.3857302, 120.31899, 101.63504,
15.838010, 129.61990, 2.6297410, 120.72379, 101.68930,
15.850230, 126.27918, 2.3722808, 121.13675, 101.74517,
15.862450, 127.78870, 2.5004863, 121.55906, 101.80265,
15.874670, 127.71522, 2.5763633, 121.99168, 101.86171,
15.886890, 129.90225, 2.7038924, 122.43550, 101.92235,
15.899110, 131.46195, 2.6351321, 122.89140, 101.98451,
15.911320, 128.41850, 2.5597462, 123.35997, 102.04813,
15.923540, 132.43358, 2.5635139, 123.84292, 102.11329,
15.935750, 134.46185, 2.7486965, 124.34035, 102.17985,
15.947960, 131.11800, 2.7789484, 124.85364, 102.24784,
15.960160, 130.52993, 2.9592781, 125.38331, 102.31719,
15.972370, 127.84610, 2.7876687, 125.93118, 102.38797,
15.984570, 133.49570, 2.8921499, 126.49733, 102.46005,
15.996770, 135.58850, 2.8053163, 127.08325, 102.53347,
16.008961, 135.33855, 3.8954468, 127.68942, 102.60815,
16.021160, 138.81900, 2.9419885, 128.31777, 102.68416,
16.033350, 133.81355, 2.9287040, 128.96839, 102.76139,
16.045549, 130.83078, 2.9713791, 129.64334, 102.83991,
16.057739, 138.49168, 3.1499439, 130.34263, 102.91960,
16.069920, 144.21022, 3.1239692, 131.06728, 103.00042,
16.082109, 131.50065, 2.9733599, 131.81951, 103.08249,
16.094290, 124.02660, 3.1794583, 132.59925, 103.16565,
16.106470, 130.44233, 3.6833297, 133.40820, 103.24994,
16.118650, 129.25303, 3.1381894, 134.24752, 103.33535,
16.130831, 130.18173, 3.3586019, 135.11835, 103.42186,
16.143009, 130.28870, 3.2971262, 136.02174, 103.50943,
16.155180, 131.00165, 3.6012677, 136.95843, 103.59801,
16.167351, 140.02495, 3.8749475, 137.93018, 103.68762,
16.179520, 151.43456, 7.0617815, 138.93810, 103.77823,
16.191681, 144.59928, 4.2999939, 139.98292, 103.86979,
16.203850, 135.50418, 4.8024712, 141.06724, 103.96239,
16.216009, 140.66795, 4.8056854, 142.19084, 104.05588,
16.228170, 145.96900, 4.4964745, 143.35581, 104.15033,
16.240330, 147.43548, 4.8153201, 144.56001, 104.24569,
16.252489, 146.12300, 4.2865440, 145.79999, 104.34197,
16.264641, 158.23745, 4.7380108, 147.07131, 104.43907,
16.276791, 157.70860, 4.8663822, 148.37095, 104.53704,
16.288950, 164.50903, 4.5031580, 149.69658, 104.63595,
16.301090, 174.49202, 5.3309244, 151.04148, 104.73554,
16.313240, 181.14160, 4.7105054, 152.40525, 104.83604,
16.325380, 191.30653, 4.9396895, 153.78222, 104.93727,
16.337530, 195.70447, 3.5447127, 155.17103, 105.03938,
16.349670, 209.52208, 3.5545434, 156.56599, 105.14218,
16.361799, 223.95500, 3.4179982, 157.96335, 105.24566,
16.373940, 255.26070, 3.7743714, 159.36224, 105.34998,
16.386070, 276.94176, 3.7095502, 160.75676, 105.45495,
16.398211, 295.10045, 3.9141960, 162.14558, 105.56073,
16.410339, 299.16060, 4.1743039, 163.52281, 105.66711,
16.422461, 302.86068, 4.9517092, 164.88539, 105.77411,
16.434589, 309.30708, 4.5225791, 166.23153, 105.88186,
16.446711, 299.93446, 4.2458452, 167.55600, 105.99021,
16.458839, 296.91330, 4.6226095, 168.85695, 106.09927,
16.470961, 280.25010, 4.3692877, 170.12917, 106.20889,
16.483070, 267.38530, 4.4161324, 171.36877, 106.31904,
16.495190, 262.92997, 5.3312834, 172.57432, 106.42988,
16.500280, 255.07595, 5.4129571, 173.06940, 106.47662,
16.513599, 232.51683, 4.6193308, 174.33048, 106.59938,
16.526911, 220.90373, 3.9997743, 175.53753, 106.72278,
16.540211, 221.18765, 4.1421799, 176.68547, 106.84674,
16.553520, 209.05623, 4.0039912, 177.77121, 106.97146,
16.566820, 208.94727, 3.9746145, 178.78824, 107.09673,
16.580120, 193.87303, 3.7258797, 179.73238, 107.22263,
16.593420, 188.18655, 3.3051609, 180.59855, 107.34914,
16.606710, 184.35355, 3.2084416, 181.38113, 107.47616,
16.620001, 176.73122, 3.1189199, 182.07559, 107.60376,
16.633301, 182.34592, 3.3947369, 182.67710, 107.73202,
16.646589, 190.48250, 3.2752448, 183.17944, 107.86071,
16.659870, 180.53568, 3.1102633, 183.57759, 107.98987,
16.673149, 183.45853, 3.0722982, 183.86639, 108.11953,
16.686440, 181.28950, 2.9417326, 184.04049, 108.24981,
16.699711, 194.58190, 4.4887844, 184.09528, 108.38038,
16.712990, 180.40488, 3.1318411, 184.03872, 108.51151,
16.726271, 185.49847, 3.2639698, 183.88488, 108.64313,
16.739540, 180.95582, 2.9690551, 183.64814, 108.77507,
16.752810, 177.57825, 2.8295318, 183.34248, 108.90745,
16.766081, 183.01998, 2.7597045, 182.98183, 109.04027,
16.779341, 180.96045, 2.7959761, 182.58059, 109.17338,
16.792601, 175.99195, 2.9106752, 182.15235, 109.30688,
16.805870, 183.38968, 3.0750810, 181.71068, 109.44086,
16.819120, 175.91857, 3.3748075, 181.27042, 109.57500,
16.832380, 172.37152, 2.9490250, 180.84447, 109.70960,
16.845631, 174.16212, 2.9404782, 180.44733, 109.84444,
16.858891, 174.30283, 6.7777324, 180.09231, 109.97971,
16.872141, 177.83870, 5.2323106, 179.79385, 110.11519,
16.885380, 174.20565, 44.319393, 179.56578, 110.25085,
16.898630, 179.10465, 3.6604253, 179.42170, 110.38692,
16.911869, 176.37930, 2.9110983, 179.37590, 110.52315,
16.925110, 178.65242, 2.8324147, 179.44235, 110.65966,
16.938351, 180.01862, 2.8628269, 179.63524, 110.79642,
16.951580, 179.01355, 2.9057383, 179.96851, 110.93330,
16.964821, 178.99165, 2.9929273, 180.44997, 111.07052,
16.978050, 183.85732, 3.5237965, 181.06614, 111.20784,
16.991270, 186.95325, 2.7802996, 181.80079, 111.34527,
17.004499, 201.05742, 2.8829740, 182.63905, 111.48298,
17.017719, 258.63320, 3.4852213, 183.56390, 111.62077,
17.030951, 530.07600, 4.9135291, 184.56103, 111.75884,
17.044161, 548.49949, 4.9838995, 185.61223, 111.89685,
17.057381, 257.41920, 3.4766948, 186.70421, 112.03510,
17.070601, 190.72257, 2.9345977, 187.82059, 112.17348,
17.083811, 189.12940, 2.8104449, 188.94496, 112.31188,
17.097019, 191.63925, 2.8229418, 190.06238, 112.45037,
17.110229, 195.02395, 2.9649967, 191.15760, 112.58897,
17.123430, 191.16248, 3.0257901, 192.21412, 112.72756,
17.136641, 195.64925, 3.0522929, 193.21786, 112.86632,
17.149839, 190.68515, 2.9528597, 194.15159, 113.00502,
17.163040, 187.30925, 3.2848556, 195.00067, 113.14379,
17.176229, 188.95675, 3.1475626, 195.74861, 113.28248,
17.189430, 201.90282, 3.4546099, 196.38091, 113.42132,
17.202620, 192.47968, 3.7737999, 196.88059, 113.56005,
17.215811, 195.26510, 3.6058020, 197.23234, 113.69881,
17.229000, 188.69885, 3.5622316, 197.41998, 113.83753,
17.242180, 195.98310, 3.3902567, 197.42747, 113.97614,
17.255369, 201.74490, 4.0932387, 197.24566, 114.11482,
17.268551, 207.78172, 3.6966915, 196.88294, 114.25338,
17.281719, 201.28180, 3.5300119, 196.35059, 114.39174,
17.294901, 204.22073, 3.4939882, 195.65809, 114.53018,
17.308069, 209.80370, 3.4603157, 194.81730, 114.66841,
17.321251, 215.37815, 3.4250322, 193.83685, 114.80669,
17.334410, 228.11975, 3.5473231, 192.72980, 114.94463,
17.347580, 234.67067, 3.5917830, 191.50355, 115.08258,
17.360750, 239.70230, 11.563138, 190.16904, 115.22041,
17.373911, 244.09005, 34.671942, 188.73731, 115.35801,
17.387070, 236.52015, 4.4842572, 187.21752, 115.49544,
17.400230, 225.05913, 3.7005407, 185.61902, 115.63274,
17.413380, 219.53865, 3.6954960, 183.95326, 115.76975,
17.426540, 216.60085, 3.7769028, 182.22701, 115.90670,
17.439690, 208.00132, 3.8925041, 180.45291, 116.04334,
17.452841, 200.65768, 3.7571809, 178.63879, 116.17980,
17.465981, 195.17990, 4.5840288, 176.79609, 116.31593,
17.479130, 189.64190, 4.3455106, 174.93141, 116.45193,
17.492270, 183.68363, 3.6819818, 173.05694, 116.58760,
17.505409, 171.93357, 3.6508990, 171.18084, 116.72302,
17.518551, 177.05568, 3.6453267, 169.31232, 116.85819,
17.531679, 179.89635, 3.9734545, 167.46303, 116.99296,
17.544821, 167.80655, 4.2115428, 165.63870, 117.12757,
17.557949, 157.04646, 4.2680423, 163.85256, 117.26175,
17.571079, 156.25682, 4.3406926, 162.11200, 117.39564,
17.584200, 157.25170, 4.0515284, 160.42808, 117.52912,
17.597330, 161.96848, 4.4128873, 158.80793, 117.66235,
17.610451, 160.49807, 4.4577992, 157.26251, 117.79514,
17.623569, 154.73200, 5.5628188, 155.79168, 117.92755,
17.636690, 168.63193, 5.0512389, 154.39240, 118.05961,
17.649799, 160.45588, 4.3097762, 153.06344, 118.19117,
17.662910, 152.60552, 4.6230978, 151.80085, 118.32235,
17.676029, 172.16058, 4.8764986, 150.60166, 118.45320,
17.689131, 174.94865, 4.8797076, 149.46566, 118.58345,
17.702240, 165.90477, 4.9280571, 148.38823, 118.71334,
17.715349, 161.62617, 5.1628325, 147.36772, 118.84277,
17.728451, 170.96177, 5.0010662, 146.40238, 118.97167,
17.741550, 161.41000, 4.1395854, 145.48948, 119.10008,
17.754641, 168.38160, 3.4208952, 144.62726, 119.22789,
17.767740, 165.75490, 3.7247680, 143.81230, 119.35530,
17.780830, 168.38315, 4.0132134, 143.04364, 119.48209,
17.793921, 172.26255, 3.9024174, 142.31856, 119.60835,
17.807011, 172.64195, 3.5232510, 141.63501, 119.73407,
17.820101, 175.50640, 3.3965476, 140.99092, 119.85922,
17.833179, 175.79985, 3.5424281, 140.38481, 119.98368,
17.846270, 161.11945, 3.3123623, 139.81363, 120.10766,
17.859341, 165.95995, 3.8442555, 139.27673, 120.23086,
17.872419, 162.08310, 4.2625742, 138.77103, 120.35351,
17.885500, 153.95113, 4.3828388, 138.29489, 120.47554,
17.898569, 161.28113, 4.6306375, 137.84687, 120.59681,
17.911640, 152.62682, 4.4720024, 137.42462, 120.71743,
17.924709, 144.85845, 3.6009497, 137.02643, 120.83735,
17.937780, 150.76315, 6.7659130, 136.65035, 120.95659,
17.941250, 153.07960, 5.1248446, 136.55402, 120.98812,
17.955721, 143.90225, 27.820855, 136.16695, 121.11908,
17.970181, 145.37597, 8.4821250, 135.80211, 121.24903,
17.984650, 135.59150, 3.4272172, 135.45655, 121.37814,
17.999109, 123.50623, 5.0357945, 135.12834, 121.50622,
18.013571, 145.32690, 4.9595102, 134.81484, 121.63334,
18.028021, 136.32722, 4.0134281, 134.51395, 121.75936,
18.042480, 131.17810, 3.3027554, 134.22290, 121.88444,
18.056931, 128.17035, 3.3687679, 133.93974, 122.00840,
18.071381, 131.27060, 3.2851434, 133.66194, 122.13129,
18.085819, 134.66518, 3.6391555, 133.38740, 122.25299,
18.100269, 131.02350, 3.2485222, 133.11336, 122.37366,
18.114710, 140.88070, 3.6199215, 132.83833, 122.49311,
18.129150, 127.67965, 3.2613771, 132.56182, 122.61139,
18.143579, 126.24880, 3.2502417, 132.28413, 122.72838,
18.158020, 127.15940, 2.9863577, 132.00487, 122.84423,
18.172449, 126.26043, 3.1758812, 131.72456, 122.95875,
18.186880, 128.64920, 3.2734051, 131.44300, 123.07199,
18.201300, 124.13672, 3.0866846, 131.16053, 123.18385,
18.215719, 121.05230, 2.8512820, 130.87697, 123.29436,
18.230150, 125.47803, 2.8397471, 130.59218, 123.40360,
18.244560, 124.37352, 3.0461331, 130.30684, 123.51129,
18.258980, 123.17822, 2.9629761, 130.02042, 123.61762,
18.273390, 128.01925, 3.3628468, 129.73336, 123.72243,
18.287800, 123.87660, 3.4731871, 129.44552, 123.82576,
18.302210, 121.10392, 3.2940457, 129.15697, 123.92757,
18.316620, 130.95228, 3.0713247, 128.86776, 124.02782,
18.331020, 128.05465, 2.7629217, 128.57813, 124.12644,
18.345421, 127.88342, 3.0117864, 128.28796, 124.22344,
18.359819, 126.41438, 2.9570745, 127.99734, 124.31878,
18.374210, 123.13980, 3.1379442, 127.70644, 124.41238,
18.388611, 130.03585, 3.2524773, 127.41497, 124.50434,
18.403000, 117.29482, 3.1642803, 127.12341, 124.59447,
18.417379, 124.56085, 2.8318574, 126.83177, 124.68275,
18.431770, 127.10582, 2.7079892, 126.53968, 124.76929,
18.446150, 123.21508, 2.9981489, 126.24767, 124.85389,
18.460529, 123.12805, 2.9992721, 125.95554, 124.93660,
18.474911, 127.38872, 3.3145062, 125.66332, 125.01738,
18.489281, 124.84638, 3.1840180, 125.37134, 125.09613,
18.503660, 128.44687, 2.8557577, 125.07921, 125.17291,
18.518030, 120.97557, 2.7420125, 124.78755, 125.24763,
18.532391, 124.94953, 2.9444335, 124.49691, 125.32035,
18.546761, 130.08405, 3.0461250, 124.20747, 125.39123,
18.561119, 121.86863, 3.2595990, 123.92024, 125.46026,
18.575480, 126.12713, 3.5130682, 123.63554, 125.52757,
18.589840, 125.33240, 3.2803548, 123.35398, 125.59322,
18.604191, 133.17280, 3.1393000, 123.07634, 125.65723,
18.618549, 128.48340, 3.1345635, 122.80288, 125.71975,
18.632900, 129.94007, 2.8868484, 122.53447, 125.78079,
18.647240, 127.50260, 2.9137215, 122.27178, 125.84041,
18.661591, 129.93170, 3.3048976, 122.01500, 125.89875,
18.675930, 124.42833, 3.2545881, 121.76513, 125.95581,
18.690269, 126.70118, 3.3875835, 121.52258, 126.01169,
18.704611, 141.35968, 3.6392177, 121.28794, 126.06646,
18.718941, 141.22022, 3.3186887, 121.06205, 126.12014,
18.733271, 133.97610, 3.0918362, 120.84535, 126.17285,
18.747601, 132.68147, 3.0564163, 120.63848, 126.22464,
18.761930, 133.32235, 3.4579050, 120.44208, 126.27559,
18.776260, 140.91722, 3.4035905, 120.25682, 126.32575,
18.790581, 141.27555, 3.5711579, 120.08347, 126.37517,
18.804899, 151.21208, 3.4843848, 119.92260, 126.42392,
18.819220, 146.00032, 3.4550114, 119.77487, 126.47208,
18.833530, 147.84403, 3.4196086, 119.64106, 126.51969,
18.847839, 134.89210, 3.6679320, 119.52182, 126.56683,
18.862150, 151.44952, 4.0547328, 119.41782, 126.61358,
18.876459, 157.28725, 4.2600099, 119.32983, 126.65998,
18.890770, 159.29150, 3.9436364, 119.25857, 126.70612,
18.905069, 157.61922, 3.6078636, 119.20487, 126.75200,
18.919371, 153.63905, 3.6995594, 119.16942, 126.79775,
18.933670, 163.63145, 3.9964530, 119.15304, 126.84340,
18.947960, 153.20293, 3.6820580, 119.15651, 126.88900,
18.962250, 151.02060, 3.7977188, 119.18066, 126.93464,
18.976540, 153.72090, 4.0476486, 119.22631, 126.98038,
18.990829, 154.11353, 4.9128045, 119.29434, 127.02628,
19.005119, 149.89572, 5.1175701, 119.38562, 127.07241,
19.019400, 146.03730, 3.5445235, 119.50097, 127.11880,
19.033680, 140.37038, 3.8116306, 119.64138, 127.16554,
19.047960, 141.22608, 3.4764716, 119.80777, 127.21269,
19.062229, 139.32500, 4.0255331, 120.00096, 127.26027,
19.076500, 150.25130, 5.3688789, 120.22207, 127.30840,
19.090771, 145.97015, 5.1655618, 120.47211, 127.35714,
19.105040, 140.90707, 4.8595238, 120.75207, 127.40652,
19.119310, 144.72848, 4.4208598, 121.06308, 127.45665,
19.133570, 139.26615, 4.4973759, 121.40591, 127.50752,
19.147829, 134.37133, 6.5886990, 121.78192, 127.55925,
19.162090, 132.30590, 4.4660314, 122.19230, 127.61190,
19.176340, 128.06265, 4.8727841, 122.63781, 127.66549,
19.190599, 125.51450, 4.5188415, 123.12030, 127.72016,
19.204849, 128.34187, 4.7807775, 123.64036, 127.77590,
19.219101, 127.61735, 4.1130250, 124.19965, 127.83283,
19.233339, 131.04310, 4.2825169, 124.79881, 127.89095,
19.247580, 121.74535, 4.5821140, 125.43978, 127.95038,
19.261820, 128.37678, 4.5749662, 126.12384, 128.01118,
19.276060, 132.03625, 5.2170066, 126.85240, 128.07341,
19.290300, 130.63532, 5.8096707, 127.62691, 128.13716,
19.304529, 123.94575, 5.9923418, 128.44816, 128.20243,
19.318760, 123.94705, 4.8587627, 129.31841, 128.26934,
19.332991, 130.21478, 4.8019249, 130.23912, 128.33797,
19.347219, 124.35350, 5.6609386, 131.21175, 128.40836,
19.361441, 118.48650, 4.3396972, 132.23752, 128.48056,
19.375660, 135.19380, 5.4897135, 133.31847, 128.55468,
19.389879, 124.03252, 5.3462920, 134.45649, 128.63077,
19.404100, 133.27152, 5.7987528, 135.65354, 128.70894,
19.418310, 125.08070, 5.9386751, 136.91027, 128.78918,
19.432520, 137.22455, 6.5224731, 138.22950, 128.87162,
