# wave, flux, fluxerr, continuum, continuum_plateau
9.9725246, 163.41120, 3.5765229, 179.63488, 179.51479,
9.9806166, 159.23377, 4.0668983, 178.29213, 178.19159,
9.9887066, 160.14288, 3.5656887, 176.99428, 176.91094,
9.9967957, 162.93167, 3.9036564, 175.74040, 175.67212,
10.004880, 165.79660, 3.6605474, 174.53034, 174.47513,
10.012970, 160.25127, 3.8154303, 173.36182, 173.31788,
10.021050, 167.48027, 3.2514764, 172.23633, 172.20199,
10.029140, 164.86270, 3.5990367, 171.15053, 171.12429,
10.037220, 172.42402, 4.9479419, 170.10643, 170.08692,
10.045300, 175.10442, 3.4855811, 169.10195, 169.08794,
10.053380, 161.67133, 6.6263487, 168.13633, 168.12671,
10.061460, 170.12295, 7.7814269, 167.20916, 167.20296,
10.069540, 166.51530, 3.7743058, 166.31961, 166.31596,
10.077610, 165.75873, 3.1832735, 165.46825, 165.46639,
10.085690, 162.04900, 3.2583140, 164.65236, 164.65165,
10.093760, 169.31470, 3.6418387, 163.87327, 163.87315,
10.101830, 157.01577, 3.0975294, 163.12944, 163.12943,
10.109900, 163.84262, 3.0031084, 162.42019, 162.41991,
10.117970, 164.35075, 3.3520015, 161.74515, 161.74430,
10.126040, 164.31380, 3.3117908, 161.10366, 161.10200,
10.134100, 161.17850, 2.9104595, 160.49597, 160.49334,
10.142170, 160.65700, 2.9589414, 159.91996, 159.91624,
10.150230, 154.99200, 3.0812501, 159.37653, 159.37168,
10.158300, 159.12112, 3.1018668, 158.86389, 158.85791,
10.166360, 156.92173, 2.8288151, 158.38281, 158.37574,
10.174420, 161.02872, 3.1606210, 157.93205, 157.92397,
10.182470, 149.88175, 2.9218590, 157.51170, 157.50274,
10.190530, 150.78965, 3.0075898, 157.12025, 157.11054,
10.198590, 154.66675, 2.7887716, 156.75769, 156.74741,
10.206640, 157.21380, 3.0662994, 156.42402, 156.41337,
10.214690, 150.63633, 2.9731467, 156.11831, 156.10748,
10.222750, 152.92640, 3.0752182, 155.83979, 155.82901,
10.230800, 151.58342, 2.9244958, 155.58868, 155.57817,
10.238850, 151.31277, 3.0666980, 155.36421, 155.35419,
10.246890, 159.13960, 3.0339643, 155.16618, 155.15688,
10.254940, 155.57380, 3.3093550, 154.99370, 154.98532,
10.262990, 158.52597, 4.3413143, 154.84661, 154.83936,
10.271030, 160.70800, 3.2279776, 154.72464, 154.71871,
10.279070, 154.90850, 3.0369037, 154.62723, 154.62277,
10.287120, 155.44962, 3.0908274, 154.55387, 154.55105,
10.295150, 154.14218, 3.6324796, 154.50444, 154.50335,
10.303190, 159.68235, 3.1825206, 154.47836, 154.47909,
10.311230, 152.88493, 3.9612809, 154.47630, 154.47891,
10.319270, 147.60712, 4.4273626, 154.50011, 154.50463,
10.327300, 151.83710, 3.5340659, 154.55164, 154.55807,
10.335340, 162.00155, 3.8614863, 154.63296, 154.64129,
10.343370, 163.12067, 3.6735569, 154.74584, 154.75600,
10.351400, 155.84277, 3.8635564, 154.89229, 154.90418,
10.359430, 159.23515, 3.7221256, 155.07428, 155.08776,
10.367460, 153.85050, 3.3931050, 155.29378, 155.30865,
10.375480, 140.33068, 3.7871465, 155.55241, 155.56842,
10.383510, 154.11993, 5.1956739, 155.85285, 155.86967,
10.391530, 150.31280, 5.1975276, 156.19634, 156.21359,
10.399560, 140.18583, 2.7555227, 156.58573, 156.60293,
10.407580, 139.19560, 2.8294501, 157.02212, 157.03871,
10.415600, 150.55755, 3.0237536, 157.50790, 157.52324,
10.423620, 154.14895, 2.9473463, 158.04526, 158.05860,
10.431640, 152.32972, 2.7352693, 158.63612, 158.64659,
10.439650, 157.83332, 3.0574308, 159.28182, 159.28845,
10.447670, 157.01605, 3.1061554, 159.98608, 159.98775,
10.455680, 163.42625, 3.1779707, 160.74891, 160.74440,
10.463700, 169.80295, 3.3917047, 161.57180, 161.55993,
10.471710, 149.56812, 3.0810493, 162.45068, 162.43049,
10.479720, 157.98595, 3.1388235, 163.38472, 163.35537,
10.487730, 157.65837, 3.1188892, 164.37202, 164.33284,
10.495730, 162.55858, 3.0415696, 165.40946, 165.35994,
10.503740, 153.23470, 4.8400318, 166.49766, 166.43739,
10.511750, 163.26063, 3.8818713, 167.63358, 167.56231,
10.519750, 158.54635, 3.5428893, 168.81382, 168.73141,
10.527750, 166.86188, 3.8800496, 170.03819, 169.94461,
10.535750, 168.24462, 4.1051061, 171.30474, 171.20007,
10.543750, 168.11052, 5.3505071, 172.61155, 172.49596,
10.551750, 181.61372, 4.5579859, 173.95716, 173.83091,
10.559750, 172.88888, 5.0539019, 175.33948, 175.20293,
10.567850, 179.61300, 3.2158288, 176.77506, 176.62851,
10.576350, 184.51677, 3.2064760, 178.31820, 178.16172,
10.584840, 190.93220, 3.1605275, 179.89498, 179.72922,
10.593340, 191.37518, 3.0600933, 181.50722, 181.33289,
10.601830, 189.73315, 2.9988267, 183.14889, 182.96680,
10.610330, 191.83330, 3.8837525, 184.82202, 184.63301,
10.618820, 199.16508, 3.2609993, 186.52063, 186.32562,
10.627310, 195.41630, 3.0667530, 188.24437, 188.04432,
10.635800, 197.42112, 3.3316407, 189.99162, 189.78755,
10.644280, 196.61658, 3.9408580, 191.75798, 191.55094,
10.652770, 200.87165, 3.3492819, 193.54563, 193.33671,
10.661250, 197.21362, 3.3452495, 195.34856, 195.13890,
10.669740, 195.05217, 3.3392191, 197.16884, 196.95960,
10.678220, 197.15548, 3.4946465, 199.00041, 198.79278,
10.686700, 204.73730, 3.7011450, 200.84334, 200.63853,
10.695180, 210.18415, 3.9220171, 202.69565, 202.49492,
10.703650, 212.49487, 3.7944319, 204.55329, 204.35790,
10.712130, 217.22583, 3.6541316, 206.41827, 206.22952,
10.720600, 210.52280, 3.6735140, 208.28486, 208.10406,
10.729080, 225.06969, 3.5590067, 210.15509, 209.98359,
10.737550, 231.87255, 3.9962397, 212.02260, 211.86175,
10.746020, 222.57045, 3.6751827, 213.88796, 213.73913,
10.754490, 228.36480, 3.3771758, 215.74879, 215.61339,
10.762960, 222.00175, 3.5244763, 217.60356, 217.48302,
10.771420, 229.22325, 3.6363341, 219.44762, 219.34337,
10.779890, 228.56915, 3.6490376, 221.28399, 221.19753,
10.788350, 232.54160, 3.4733542, 223.10597, 223.03879,
10.796810, 229.24028, 3.7043582, 224.91387, 224.86750,
10.805270, 232.06247, 3.8252677, 226.70574, 226.68175,
10.813730, 224.95165, 3.6827206, 228.47961, 228.47961,
10.822190, 230.96705, 3.5030030, 230.23388, 230.25949,
10.830650, 225.17660, 4.5110987, 231.96850, 232.02123,
10.839100, 231.44988, 3.8382065, 233.68164, 233.76286,
10.847560, 241.92282, 4.0896206, 235.37788, 235.48887,
10.856010, 241.23812, 4.0233801, 237.05348, 237.19537,
10.864460, 248.59422, 4.1485600, 238.71047, 238.88429,
10.872910, 247.88695, 4.2674367, 240.34933, 240.55600,
10.881360, 265.25306, 4.1362316, 241.97053, 242.21085,
10.889800, 267.92352, 4.2853200, 243.57215, 243.84680,
10.898250, 259.03810, 5.4295989, 245.15829, 245.46791,
10.906690, 270.86497, 4.7743152, 246.72562, 247.07067,
10.915140, 283.94353, 4.7394582, 248.27810, 248.65905,
10.923580, 305.40030, 5.8608204, 249.81216, 250.22927,
10.932020, 312.76633, 5.5695915, 251.32995, 251.78346,
10.940460, 303.88095, 5.5118976, 252.83173, 253.32179,
10.948890, 308.95055, 5.5303436, 254.31590, 254.84252,
10.957330, 317.49115, 5.5857007, 255.78639, 256.34959,
10.965760, 360.35900, 4.6001355, 257.23992, 257.83957,
10.974200, 390.94593, 4.4562425, 258.68001, 259.31599,
10.982630, 432.63765, 4.5489463, 260.10346, 260.77548,
10.991060, 454.10098, 5.5857619, 261.51244, 262.22020,
10.999490, 464.79488, 4.7753193, 262.90685, 263.64997,
11.007920, 455.40133, 4.6653763, 264.28720, 265.06525,
11.016340, 450.54314, 4.6034812, 265.65184, 266.46428,
11.024770, 440.04453, 4.6682637, 267.00421, 267.85052,
11.033190, 445.16293, 6.0317442, 268.34145, 269.22099,
11.041610, 433.96062, 4.7139218, 269.66528, 270.57738,
11.050030, 426.93717, 4.7597536, 270.97589, 271.91983,
11.058450, 415.48895, 4.9442897, 272.27344, 273.24847,
11.066870, 406.17750, 4.9343650, 273.55812, 274.56343,
11.075290, 403.86503, 5.7167869, 274.83010, 275.86483,
11.083700, 402.03402, 4.8067413, 276.08812, 277.15135,
11.092120, 409.83178, 5.3085605, 277.33521, 278.42602,
11.100530, 428.19644, 6.2590491, 278.56854, 279.68595,
11.108940, 432.45923, 5.4916092, 279.78999, 280.93298,
11.117350, 439.80787, 7.7001448, 280.99942, 282.16696,
11.120570, 457.92477, 4.9104646, 281.45947, 282.63614,
11.129530, 480.38000, 4.7870843, 282.73039, 283.93159,
11.138500, 513.52171, 4.8371620, 283.98970, 285.21420,
11.147460, 548.88885, 5.1604365, 285.23462, 286.48109,
11.156430, 633.52385, 5.5627735, 286.46822, 287.73538,
11.165390, 719.19514, 5.6893517, 287.68779, 288.97425,
11.174350, 839.23070, 5.9458690, 288.89493, 290.19932,
11.183300, 994.69086, 6.8458357, 290.08852, 291.40943,
11.192260, 1154.1310, 7.3000418, 291.27125, 292.60729,
11.201220, 1251.7097, 7.2115315, 292.44199, 293.79173,
11.210170, 1274.9640, 7.1895055, 293.59965, 294.96162,
11.219120, 1286.0162, 7.7300708, 294.74562, 296.11836,
11.228070, 1313.4553, 7.7517044, 295.88002, 297.26207,
11.237020, 1294.1170, 7.2408651, 297.00286, 298.39275,
11.245970, 1303.4610, 7.3506797, 298.11451, 299.51075,
11.254920, 1278.0155, 7.5511285, 299.21496, 300.61606,
11.263860, 1256.2995, 7.4488709, 300.30306, 301.70752,
11.272800, 1215.6602, 7.0599263, 301.38032, 302.78667,
11.281750, 1174.1868, 7.0557572, 302.44776, 303.85451,
11.290690, 1125.6095, 7.1880058, 303.50343, 304.90910,
11.299630, 1063.0052, 6.9785336, 304.54835, 305.95146,
11.308560, 1019.2938, 6.6692215, 305.58163, 306.98073,
11.317500, 964.11420, 6.5441377, 306.60556, 307.99919,
11.326430, 934.00461, 6.7185345, 307.61806, 309.00477,
11.335370, 885.40292, 6.3867103, 308.62136, 309.99973,
11.344300, 833.89368, 6.0211763, 309.61341, 310.98203,
11.353230, 802.79190, 5.9072755, 310.59537, 311.95284,
11.362160, 769.68146, 6.0440399, 311.56720, 312.91215,
11.371080, 726.57069, 5.8255958, 312.52815, 313.85925,
11.380010, 707.56438, 5.4748616, 313.48016, 314.79606,
11.388930, 694.62599, 5.4567817, 314.42144, 315.72086,
11.397850, 659.59073, 5.5427198, 315.35288, 316.63454,
11.406780, 634.50121, 5.4896980, 316.27573, 317.53836,
11.415700, 620.23108, 5.1225882, 317.18785, 318.43026,
11.424610, 599.12219, 5.1340815, 318.08944, 319.31046,
11.433530, 597.26176, 5.3483532, 318.98247, 320.18094,
11.442450, 567.93909, 5.1879354, 319.86602, 321.04081,
11.451360, 554.00166, 4.9107007, 320.73919, 321.88926,
11.460270, 529.23378, 4.9602579, 321.60298, 322.72730,
11.469180, 524.19090, 5.0947281, 322.45741, 323.55498,
11.478090, 509.43727, 5.0722559, 323.30253, 324.37239,
11.487000, 500.20917, 4.9567066, 324.13835, 325.17960,
11.495910, 488.08980, 5.3188264, 324.96482, 325.97660,
11.504810, 465.90045, 5.1445876, 325.78126, 326.76279,
11.513710, 464.54285, 5.2600618, 326.58840, 327.53893,
11.522620, 458.28142, 4.9220026, 327.38730, 328.30606,
11.531520, 446.67203, 4.8714941, 328.17606, 329.06246,
11.540420, 440.10400, 5.4032351, 328.95567, 329.80908,
11.549310, 444.08660, 6.1743780, 329.72528, 330.54521,
11.558210, 423.74112, 5.0926523, 330.48666, 331.27256,
11.567100, 424.95344, 4.8973015, 331.23790, 331.98942,
11.576000, 417.79037, 5.3417277, 331.98096, 332.69767,
11.584890, 403.43159, 5.4060392, 332.71399, 333.39563,
11.593780, 398.40807, 5.2285643, 333.43779, 334.08413,
11.602670, 398.69688, 5.4136555, 334.15249, 334.76337,
11.611560, 386.69151, 5.9310485, 334.85801, 335.43332,
11.620440, 393.33559, 6.6931271, 335.55350, 336.09327,
11.629330, 373.04292, 5.8306701, 336.24060, 336.74482,
11.638210, 374.17430, 5.5146936, 336.91773, 337.38656,
11.647090, 364.54563, 5.8346498, 337.58552, 338.01916,
11.655970, 349.94012, 6.0231680, 338.24403, 338.64276,
11.664850, 354.42790, 4.6952858, 338.89329, 339.25746,
11.673730, 356.99862, 3.7485300, 339.53312, 339.86317,
11.682600, 351.68625, 4.0124315, 340.16288, 340.45936,
11.691480, 360.95988, 4.2226724, 340.78388, 341.04737,
11.700350, 357.03217, 4.1677233, 341.39474, 341.62596,
11.709220, 359.54840, 7.4101519, 341.99608, 342.19582,
11.718090, 372.02014, 4.6459931, 342.58785, 342.75699,
11.726960, 351.14156, 4.5842423, 343.16999, 343.30950,
11.735830, 347.97923, 4.4636025, 343.74245, 343.85338,
11.744690, 359.61230, 4.9392926, 344.30450, 344.38806,
11.753560, 351.74958, 5.0237696, 344.85741, 344.91482,
11.762420, 335.08870, 4.3589416, 345.39980, 345.43245,
11.771280, 354.98885, 7.6050981, 345.93231, 345.94168,
11.775020, 340.52252, 4.2222470, 346.15405, 346.15405,
11.784500, 350.36646, 4.6180992, 346.70818, 346.68572,
11.793980, 349.80370, 4.4897377, 347.25070, 347.20753,
11.803460, 351.26797, 4.7385729, 347.78161, 347.71941,
11.812940, 351.74670, 4.0385977, 348.30073, 348.22110,
11.822420, 353.88500, 4.2023789, 348.80808, 348.71253,
11.831890, 356.28702, 4.2173320, 349.30296, 349.19294,
11.841360, 357.98315, 4.9589684, 349.78584, 349.66271,
11.850840, 366.95370, 4.0078829, 350.25709, 350.12213,
11.860310, 365.06740, 4.1361584, 350.71565, 350.57009,
11.869770, 365.39375, 4.1145943, 351.16146, 351.00645,
11.879240, 365.13429, 3.9748416, 351.59528, 351.43190,
11.888710, 379.07764, 3.9446204, 352.01654, 351.84583,
11.898170, 381.16030, 4.1153038, 352.42470, 352.24766,
11.907630, 383.26350, 4.2210202, 352.82004, 352.63757,
11.917090, 387.65985, 4.4862466, 353.20249, 353.01546,
11.926550, 371.45686, 5.1609687, 353.57184, 353.38107,
11.936010, 382.89883, 4.6169191, 353.92801, 353.73429,
11.945470, 391.75378, 4.4146510, 354.27077, 354.07484,
11.954920, 403.27895, 4.1014763, 354.59970, 354.40226,
11.964370, 397.66805, 4.6749910, 354.91496, 354.71669,
11.973830, 396.26277, 3.9321722, 355.21674, 355.01826,
11.983280, 401.46550, 4.0690982, 355.50418, 355.30610,
11.992720, 398.42967, 4.0035110, 355.77716, 355.58007,
12.002170, 399.06218, 3.9096982, 356.03610, 355.84056,
12.011610, 386.37332, 3.8462953, 356.28027, 356.08682,
12.021060, 386.02868, 3.9723423, 356.50996, 356.31913,
12.030500, 388.50157, 3.9906475, 356.72451, 356.53683,
12.039940, 389.95782, 3.9159713, 356.92394, 356.73992,
12.049380, 386.70252, 3.8275324, 357.10808, 356.92822,
12.058820, 380.43117, 3.9808028, 357.27667, 357.10149,
12.068250, 385.56813, 4.0142562, 357.42938, 357.25938,
12.077690, 374.74252, 3.9029293, 357.56628, 357.40199,
12.087120, 379.62672, 3.8430766, 357.68686, 357.52880,
12.096550, 375.02840, 3.9709491, 357.79102, 357.63973,
12.105980, 370.49445, 4.0802187, 357.87853, 357.73458,
12.115410, 364.48952, 4.0042360, 357.94913, 357.81310,
12.124830, 357.18378, 3.8469254, 358.00252, 357.87502,
12.134260, 359.60545, 3.9682769, 358.03855, 357.92022,
12.143680, 357.07925, 4.1167679, 358.05686, 357.94838,
12.153100, 369.32118, 4.2854399, 358.05724, 357.95931,
12.162520, 366.90445, 4.5144827, 358.03939, 357.95278,
12.171940, 358.87227, 4.0705963, 358.00304, 357.92854,
12.181360, 367.36815, 4.3182068, 357.94788, 357.88634,
12.190770, 358.09412, 4.4826005, 357.87369, 357.82601,
12.200180, 360.34960, 4.3065401, 357.78012, 357.74727,
12.209600, 350.64332, 4.2604391, 357.66671, 357.64974,
12.219010, 353.73944, 4.3733957, 357.53339, 357.53339,
12.228420, 365.88510, 4.5951306, 357.37983, 357.39794,
12.237820, 357.04948, 4.5747907, 357.20654, 357.24378,
12.247230, 363.79543, 4.5431978, 357.01353, 357.07087,
12.256630, 375.31747, 5.0509525, 356.80162, 356.87984,
12.266040, 481.85654, 5.5572938, 356.57076, 356.67061,
12.275440, 1018.6668, 8.2596863, 356.32181, 356.44387,
12.284840, 1065.9755, 8.1257365, 356.05495, 356.19973,
12.294230, 483.40863, 5.7064259, 355.77081, 355.93869,
12.303630, 389.33745, 7.1800387, 355.46921, 355.66054,
12.313030, 384.04520, 5.5288589, 355.15075, 355.36576,
12.322420, 374.23988, 6.5693933, 354.81619, 355.05500,
12.331810, 382.96017, 4.2816516, 354.46553, 354.72820,
12.341200, 386.16507, 3.5836934, 354.09911, 354.38564,
12.350590, 400.58503, 3.8534835, 353.71725, 354.02756,
12.359980, 399.23950, 3.8852798, 353.32030, 353.65423,
12.369360, 401.65598, 3.9736491, 352.90900, 353.26631,
12.378750, 396.17068, 4.0551343, 352.48282, 352.86326,
12.388130, 402.24705, 4.2395530, 352.04294, 352.44616,
12.397510, 391.55745, 4.5206467, 351.58930, 352.01488,
12.406890, 406.94425, 4.3771703, 351.12209, 351.56960,
12.416270, 412.86843, 4.2118040, 350.64166, 351.11061,
12.425640, 416.91835, 5.9706404, 350.14886, 350.63867,
12.435020, 427.06422, 4.4613504, 349.64286, 350.15297,
12.444390, 421.95162, 4.2745582, 349.12508, 349.65484,
12.453760, 410.94413, 4.2583745, 348.59524, 349.14398,
12.463130, 409.76154, 4.4849192, 348.05360, 348.62062,
12.472500, 417.28914, 5.3675424, 347.50043, 348.08499,
12.481870, 429.33962, 5.8004837, 346.93600, 347.53733,
12.489420, 437.34489, 4.6214766, 346.47315, 347.08742,
12.499490, 445.62643, 4.9527219, 345.84495, 346.47564,
12.509550, 452.74200, 4.5957932, 345.20519, 345.85132,
12.519610, 460.29683, 4.4574267, 344.55358, 345.21415,
12.529670, 463.81590, 4.5145666, 343.89049, 344.56448,
12.539730, 460.61813, 4.6295850, 343.21608, 343.90244,
12.549780, 459.49810, 5.0225849, 342.53143, 343.22909,
12.559840, 471.47185, 4.4552877, 341.83539, 342.54328,
12.569890, 475.42591, 4.3755021, 341.12969, 341.84671,
12.579940, 476.76557, 4.5291530, 340.41389, 341.13893,
12.589990, 490.19411, 4.5838675, 339.68825, 340.42021,
12.600040, 501.68475, 4.5488470, 338.95296, 339.69073,
12.610090, 510.16029, 4.4873927, 338.20844, 338.95089,
12.620130, 518.42473, 4.7645133, 337.45566, 338.20166,
12.630170, 530.73051, 4.6195556, 336.69403, 337.44247,
12.640210, 523.52896, 4.6259594, 335.92386, 336.67363,
12.650250, 525.94386, 4.4549891, 335.14541, 335.89539,
12.660290, 528.60520, 4.4196889, 334.35898, 335.10807,
12.670330, 540.79536, 4.5461520, 333.56468, 334.31178,
12.680360, 557.46590, 4.6384040, 332.76364, 333.50767,
12.690390, 579.77853, 4.6121216, 331.95528, 332.69517,
12.700420, 586.33798, 4.5384278, 331.13974, 331.87444,
12.710450, 600.02753, 4.6101035, 330.31741, 331.04587,
12.720480, 609.47987, 4.8277925, 329.48842, 330.20962,
12.730500, 614.99579, 5.3611734, 328.65380, 329.36674,
12.740530, 603.75609, 4.7383888, 327.81217, 328.51586,
12.750550, 590.20372, 5.1785727, 326.96535, 327.65883,
12.760570, 591.88911, 5.3645939, 326.11283, 326.79517,
12.770590, 596.97777, 5.3986750, 325.25465, 325.92493,
12.780610, 594.96954, 4.7672316, 324.39111, 325.04843,
12.790620, 562.75771, 4.7778041, 323.52332, 324.16684,
12.800640, 560.55501, 4.4214868, 322.64965, 323.27852,
12.810650, 549.39922, 4.4550908, 321.77214, 322.38557,
12.820660, 540.45702, 4.4142025, 320.89007, 321.48729,
12.830670, 511.72416, 4.1777837, 320.00355, 320.58381,
12.840680, 489.92587, 4.1547444, 319.11295, 319.67554,
12.850680, 458.45975, 4.0945289, 318.21922, 318.76348,
12.860690, 427.75960, 4.0376642, 317.32084, 317.84611,
12.870690, 419.28358, 3.9429230, 316.41972, 316.92541,
12.880690, 400.65925, 3.7978656, 315.51528, 316.00080,
12.890690, 387.38461, 3.7951843, 314.60751, 315.07235,
12.900680, 368.03292, 3.7985246, 313.69766, 314.14132,
12.910680, 363.48071, 3.9310443, 312.78399, 313.20599,
12.920670, 350.04057, 3.6782336, 311.86859, 312.26854,
12.930670, 343.62817, 3.6527203, 310.94973, 311.32720,
12.940660, 338.84197, 3.6917373, 310.02941, 310.38410,
12.950640, 331.31643, 3.8208998, 309.10800, 309.43962,
12.960630, 324.71825, 3.8371754, 308.18356, 308.49182,
12.970620, 327.25903, 3.7288594, 307.25741, 307.54209,
12.980600, 320.01055, 3.7445767, 306.33053, 306.59146,
12.990580, 320.75333, 3.9473526, 305.40227, 305.63933,
13.000560, 311.57977, 3.8348193, 304.47265, 304.68573,
13.010540, 306.45790, 3.8599831, 303.54193, 303.73096,
13.020520, 308.77633, 4.2214281, 302.61026, 302.77524,
13.030490, 302.54885, 4.0116386, 301.67881, 301.81979,
13.040470, 308.92152, 4.5243596, 300.74578, 300.86281,
13.050440, 303.91530, 4.1315147, 299.81331, 299.90653,
13.060410, 296.67332, 4.4280348, 298.88057, 298.95014,
13.070380, 297.18770, 4.2593140, 297.94767, 297.99378,
13.080350, 297.16989, 4.3495843, 297.01493, 297.03783,
13.090310, 294.06213, 4.4029043, 296.08333, 296.08333,
13.100280, 297.66770, 4.4919211, 295.15125, 295.12865,
13.110240, 294.32922, 4.3370235, 294.22058, 294.17576,
13.120200, 301.35805, 4.5966825, 293.29054, 293.22386,
13.130160, 302.97620, 4.7449729, 292.36122, 292.27308,
13.140110, 304.36341, 3.7993206, 291.43373, 291.32454,
13.150070, 310.80128, 3.1291245, 290.50620, 290.37636,
13.160020, 302.41970, 3.4150303, 289.58069, 289.43068,
13.169980, 293.75380, 3.5935729, 288.65535, 288.48560,
13.179930, 293.65673, 3.5505255, 287.73225, 287.54327,
13.189870, 297.04682, 3.7974049, 286.81140, 286.60369,
13.199820, 294.21487, 3.7064865, 285.89114, 285.66520,
13.209770, 294.31912, 3.7492534, 284.97237, 284.72872,
13.219710, 294.11633, 3.4344922, 284.05626, 283.79547,
13.229650, 294.31752, 3.8331956, 283.14203, 282.86467,
13.239590, 290.50462, 3.5390075, 282.22962, 281.93626,
13.249530, 285.96738, 3.5381809, 281.31922, 281.01046,
13.259470, 287.65795, 3.6352120, 280.41095, 280.08740,
13.269410, 290.66190, 3.5658549, 279.50493, 279.16720,
13.279340, 281.76278, 3.7977340, 278.60221, 278.25097,
13.289270, 282.21992, 3.9167335, 277.70187, 277.33776,
13.299200, 296.62665, 4.0661038, 276.80419, 276.42788,
13.309130, 285.60642, 4.2757164, 275.90921, 275.52138,
13.318260, 283.67171, 3.5356905, 275.08874, 274.69092,
13.328980, 284.59988, 5.0143505, 274.12857, 273.71978,
13.339690, 287.83781, 30.491827, 273.17289, 272.75398,
13.350400, 293.27827, 3.4443590, 272.22091, 271.79271,
13.361120, 287.11275, 3.4225307, 271.27186, 270.83522,
13.371830, 286.01302, 3.1893776, 270.32775, 269.88355,
13.382530, 280.08947, 3.1031828, 269.38865, 268.93775,
13.393240, 284.31575, 3.2234115, 268.45303, 267.99633,
13.403940, 291.22491, 3.3113074, 267.52273, 267.06112,
13.414650, 294.96829, 3.7580749, 266.59626, 266.13063,
13.425350, 285.82462, 3.0951447, 265.67542, 265.20668,
13.436050, 291.00896, 3.1309103, 264.75956, 264.28862,
13.446740, 294.18430, 3.1969754, 263.84974, 263.37751,
13.457440, 296.03372, 3.3075998, 262.94435, 262.47174,
13.468130, 309.85258, 3.2178025, 262.04534, 261.57325,
13.478830, 298.37508, 3.1273240, 261.15112, 260.68048,
13.489520, 303.18343, 3.1273599, 260.26363, 259.79533,
13.500200, 302.26092, 3.2298707, 259.38295, 258.91790,
13.510890, 306.29095, 3.2111419, 258.50770, 258.04680,
13.521570, 318.76437, 3.2174300, 257.63962, 257.18376,
13.532260, 324.85123, 3.1678586, 256.77737, 256.32743,
13.542940, 328.94225, 3.2393277, 255.92267, 255.47951,
13.553620, 320.22013, 3.3139609, 255.07496, 254.63943,
13.564290, 314.80302, 3.2641285, 254.23525, 253.80819,
13.574970, 307.20710, 3.1727436, 253.40209, 252.98435,
13.585640, 307.90378, 3.0860335, 252.57735, 252.16970,
13.596320, 307.45210, 3.2627871, 251.75959, 251.36284,
13.606990, 299.93210, 3.2408937, 250.95066, 250.56556,
13.617650, 295.59502, 3.7058503, 250.15067, 249.77794,
13.628320, 290.52845, 3.1440150, 249.35841, 248.99878,
13.638980, 287.82380, 3.1124236, 248.57553, 248.22967,
13.649650, 281.67223, 3.1892829, 247.80086, 247.46943,
13.660310, 273.84803, 3.2503170, 247.03602, 246.71962,
13.670970, 268.54515, 3.4998710, 246.28056, 245.97976,
13.681630, 266.05435, 3.0416541, 245.53471, 245.25006,
13.692280, 273.95639, 3.5440595, 244.79946, 244.53143,
13.702940, 266.26365, 3.2699912, 244.07359, 243.82266,
13.713590, 265.84525, 3.3455377, 243.35881, 243.12536,
13.724240, 258.45545, 3.1107566, 242.65459, 242.43898,
13.734890, 258.93480, 3.2822995, 241.96133, 241.76385,
13.745530, 246.32158, 2.9847561, 241.27984, 241.10072,
13.756180, 254.58514, 3.1053283, 240.60918, 240.44862,
13.766820, 250.02885, 3.1842802, 239.95084, 239.80894,
13.777460, 250.76390, 3.1744328, 239.30449, 239.18131,
13.788100, 232.39610, 2.9330213, 238.67045, 238.56597,
13.798740, 238.71230, 3.1525492, 238.04899, 237.96313,
13.809380, 239.32090, 3.3970367, 237.44050, 237.37308,
13.820010, 235.00048, 3.1272808, 236.84570, 236.79646,
13.830640, 239.90742, 3.1648520, 236.26446, 236.23308,
13.841270, 234.00175, 3.0826870, 235.69700, 235.68306,
13.851900, 234.86172, 3.1197592, 235.14377, 235.14675,
13.862530, 235.28330, 4.0547311, 234.60483, 234.62417,
13.873150, 231.01638, 3.7519474, 234.08030, 234.11545,
13.883780, 232.21272, 3.3465006, 233.56882, 233.61928,
13.894400, 236.47103, 3.3686701, 233.07087, 233.13618,
13.905020, 233.87845, 3.5439226, 232.58560, 232.66532,
13.915640, 238.63850, 3.5768271, 232.11260, 232.20633,
13.926250, 241.75955, 3.5709734, 231.65188, 231.75923,
13.936870, 239.89533, 3.5729689, 231.20226, 231.32289,
13.947480, 240.18105, 3.4649504, 230.76409, 230.89765,
13.958090, 250.20640, 3.7524009, 230.33666, 230.48282,
13.968700, 251.86742, 3.9397617, 229.91951, 230.07797,
13.979310, 239.45322, 4.2648460, 229.51236, 229.68280,
13.989910, 243.39535, 4.1939004, 229.11515, 229.29727,
14.000520, 243.45073, 4.2834554, 228.72682, 228.92033,
14.011120, 244.20435, 4.7594153, 228.34770, 228.55229,
14.021720, 244.72095, 4.1969842, 227.97710, 228.19246,
14.032320, 244.92922, 4.6124351, 227.61467, 227.84050,
14.042920, 229.24375, 4.2031532, 227.26006, 227.49605,
14.053510, 239.51417, 4.4592327, 226.91328, 227.15909,
14.064110, 238.38618, 4.9333682, 226.57331, 226.82862,
14.074700, 234.62275, 5.0547599, 226.24047, 226.50491,
14.085290, 223.20407, 5.0312148, 225.91414, 226.18734,
14.095870, 235.36830, 3.9089740, 225.59426, 225.87583,
14.106460, 232.42885, 3.4590767, 225.27992, 225.56947,
14.117040, 228.47375, 2.8129729, 224.97139, 225.26848,
14.127630, 235.62295, 3.0909783, 224.66776, 224.97194,
14.138210, 240.03942, 3.2391121, 224.36933, 224.68011,
14.148790, 238.82038, 3.3590902, 224.07547, 224.39236,
14.159370, 234.66765, 3.3754438, 223.78589, 224.10834,
14.169940, 246.36147, 3.5273838, 223.50055, 223.82801,
14.180520, 254.58187, 6.5336283, 223.21860, 223.55046,
14.182090, 244.82573, 3.3461259, 223.17706, 223.50953,
14.193560, 250.18844, 3.2098340, 222.87569, 223.21213,
14.205030, 256.86000, 3.3539837, 222.57782, 222.91745,
14.216500, 256.96717, 3.6362892, 222.28311, 222.62511,
14.227970, 265.68146, 4.7045404, 221.99117, 222.33465,
14.239430, 258.14500, 3.3070417, 221.70185, 222.04591,
14.250890, 247.84592, 3.2967387, 221.41456, 221.75823,
14.262350, 242.08618, 3.3615763, 221.12888, 221.47115,
14.273810, 240.23693, 3.5869090, 220.84446, 221.18427,
14.285270, 244.55204, 3.4182194, 220.56096, 220.89720,
14.296730, 239.32967, 3.3566922, 220.27796, 220.60946,
14.308180, 238.56567, 4.3034892, 219.99537, 220.32093,
14.319630, 221.71992, 4.0201321, 219.71256, 220.03093,
14.331080, 235.23705, 3.1987600, 219.42913, 219.73900,
14.342530, 226.77585, 5.6528727, 219.14477, 219.44478,
14.353970, 225.32718, 2.8664335, 218.85935, 219.14809,
14.365410, 232.53688, 2.8364032, 218.57220, 218.84822,
14.376860, 230.25170, 3.1010562, 218.28274, 218.54452,
14.388300, 229.06388, 3.0018009, 217.99109, 218.23707,
14.399730, 224.78390, 3.0182006, 217.69689, 217.92549,
14.411170, 217.41155, 2.6562332, 217.39923, 217.60878,
14.422600, 215.14200, 2.5957303, 217.09829, 217.28709,
14.434030, 214.33330, 2.5887077, 216.79341, 216.95972,
14.445460, 209.94872, 2.7453920, 216.48419, 216.62620,
14.456890, 211.65910, 2.6594611, 216.17029, 216.28617,
14.468320, 216.18695, 2.6253161, 215.85131, 215.93917,
14.479740, 216.63085, 2.7197050, 215.52713, 215.58507,
14.491160, 213.90338, 2.5884991, 215.19709, 215.22315,
14.502580, 213.40315, 2.6957331, 214.86084, 214.85300,
14.514000, 213.96505, 2.7066220, 214.51813, 214.47446,
14.525420, 216.93095, 2.6796912, 214.16926, 214.08805,
14.536830, 216.83532, 2.5632064, 213.81488, 213.69473,
14.548240, 211.57187, 2.7184121, 213.45497, 213.29475,
14.559650, 212.94230, 2.9724231, 213.08981, 212.88866,
14.571060, 213.19753, 2.7928665, 212.71977, 212.47711,
14.582470, 209.88802, 3.1681928, 212.34513, 212.06065,
14.593870, 209.19532, 2.8584304, 211.96649, 211.64022,
14.605270, 209.64140, 2.8684802, 211.58385, 211.21606,
14.616670, 204.83897, 2.7380887, 211.19754, 210.78879,
14.628070, 207.22107, 3.1325696, 210.80777, 210.35890,
14.639470, 202.28420, 2.9944997, 210.41488, 209.92702,
14.650860, 207.01285, 2.6753890, 210.01952, 209.49413,
14.662260, 210.80008, 2.8650768, 209.62125, 209.06000,
14.673650, 206.79208, 3.0837938, 209.22109, 208.62601,
14.685040, 204.24575, 2.7594676, 208.81891, 208.19231,
14.696420, 207.13270, 2.8454316, 208.41546, 207.75994,
14.707810, 206.43042, 2.9137927, 208.01018, 207.32861,
14.719190, 206.83088, 2.9326837, 207.60419, 206.89976,
14.730570, 202.52732, 2.6530050, 207.19732, 206.47350,
14.741950, 202.72548, 2.7810339, 206.78987, 206.05044,
14.753330, 202.97433, 2.7970488, 206.38215, 205.63117,
14.764700, 208.80640, 2.8559441, 205.97478, 205.21663,
14.776080, 198.70735, 2.6983816, 205.56732, 204.80664,
14.787450, 204.62303, 2.8614935, 205.16077, 204.40255,
14.798820, 200.68165, 2.8869941, 204.75505, 204.00454,
14.810190, 194.72625, 2.8653915, 204.35041, 203.61317,
14.821550, 201.94575, 2.9874641, 203.94752, 203.22941,
14.832920, 200.08965, 2.9130544, 203.54596, 202.85315,
14.844280, 198.19610, 2.9350765, 203.14668, 202.48563,
14.855640, 198.20367, 3.0887259, 202.74962, 202.12711,
14.866990, 199.86670, 3.2304476, 202.35544, 201.77849,
14.878350, 204.24830, 3.6979105, 201.96369, 201.43972,
14.889710, 199.46640, 3.6627006, 201.57501, 201.11171,
14.901060, 202.17725, 3.5624693, 201.19006, 200.79537,
14.912410, 199.87105, 3.2726101, 200.80875, 200.49096,
14.923760, 195.08357, 3.3627908, 200.43135, 200.19906,
14.935100, 200.93070, 3.6792670, 200.05856, 199.92059,
14.946450, 197.39737, 3.9372153, 199.68992, 199.65557,
14.957790, 197.62982, 3.4703996, 199.32654, 199.40508,
14.969130, 204.92450, 3.7876025, 198.96957, 199.16876,
14.980470, 202.04520, 3.8704091, 198.62109, 198.94607,
14.991810, 213.95120, 4.0332966, 198.28327, 198.73652,
15.003140, 208.55802, 3.7201683, 197.95853, 198.53977,
15.014480, 203.31878, 3.6583955, 197.64849, 198.35498,
15.025810, 205.89003, 4.0904370, 197.35580, 198.18195,
15.037140, 203.67695, 4.3439747, 197.08239, 198.02003,
15.048460, 196.45705, 3.9740417, 196.83062, 197.86884,
15.059790, 201.03822, 3.8721241, 196.60226, 197.72764,
15.071110, 209.27392, 3.9194461, 196.39990, 197.59616,
15.082440, 205.80667, 3.0706321, 196.22538, 197.47370,
15.093750, 198.04930, 2.5480034, 196.08139, 197.36008,
15.105070, 198.89970, 2.7757497, 195.96972, 197.25450,
15.116390, 209.86835, 2.9772152, 195.89278, 197.15658,
15.127700, 204.72807, 2.8377529, 195.85287, 197.06593,
15.139020, 200.62043, 3.2650217, 195.85221, 196.98189,
15.150330, 196.02412, 2.8398209, 195.89313, 196.90415,
15.162390, 200.35280, 3.3493138, 195.98517, 196.82756,
15.174730, 196.79682, 3.2325144, 196.13401, 196.75534,
15.187070, 199.15330, 3.2919187, 196.34119, 196.68875,
15.199410, 188.19893, 3.5204337, 196.60990, 196.62715,
15.211740, 195.71577, 3.3361805, 196.94200, 196.57007,
15.224080, 203.13488, 3.3124303, 197.33605, 196.51724,
15.236410, 200.84528, 3.0825346, 197.78805, 196.46866,
15.248740, 212.40295, 3.3692585, 198.29505, 196.42424,
15.261060, 212.06422, 3.4431511, 198.85332, 196.38394,
15.273390, 214.76343, 3.7135619, 199.46065, 196.34761,
15.285710, 216.03552, 3.6088199, 200.11289, 196.31526,
15.298030, 207.35160, 3.2387503, 200.80732, 196.28680,
15.310350, 204.71368, 3.2422608, 201.54096, 196.26215,
15.322660, 207.30592, 3.7075164, 202.31001, 196.24128,
15.334980, 203.88690, 3.2698585, 203.11268, 196.22408,
15.347290, 208.01205, 3.4734766, 203.94472, 196.21053,
15.359600, 208.45705, 3.0172189, 204.80373, 196.20055,
15.371900, 205.23213, 2.9386166, 205.68597, 196.19409,
15.384210, 212.56523, 3.1007858, 206.59000, 196.19108,
15.396510, 222.25998, 3.9291773, 207.51139, 196.19147,
15.408810, 217.20427, 3.5384659, 208.44783, 196.19520,
15.421110, 214.46848, 3.5185305, 209.39656, 196.20222,
15.433410, 208.22528, 2.9605395, 210.35451, 196.21247,
15.445700, 210.68058, 3.1674050, 211.31810, 196.22588,
15.457990, 212.78815, 3.3657677, 212.28516, 196.24242,
15.470280, 211.58505, 3.3967442, 213.25282, 196.26203,
15.482570, 211.85025, 3.2286704, 214.21818, 196.28466,
15.494860, 221.33473, 3.2056633, 215.17833, 196.31027,
15.507140, 210.73878, 3.0932971, 216.12966, 196.33877,
15.519420, 207.59398, 3.3288442, 217.06993, 196.37015,
15.531700, 216.19933, 3.6097126, 217.99640, 196.40435,
15.543980, 221.64600, 3.7618730, 218.90600, 196.44134,
15.556260, 219.64278, 2.9689741, 219.79596, 196.48105,
15.568530, 218.94632, 2.8361127, 220.66253, 196.52342,
15.580800, 217.13302, 2.7229914, 221.50355, 196.56843,
15.593070, 224.59075, 2.9281204, 222.31605, 196.61604,
15.605340, 221.89323, 2.9343685, 223.09713, 196.66620,
15.617600, 228.34992, 2.8998900, 223.84537, 196.71883,
15.629860, 224.49383, 2.7227376, 224.56294, 196.77392,
15.642120, 228.97325, 2.6894392, 225.25170, 196.83145,
15.654380, 230.54537, 3.1100716, 225.91324, 196.89135,
15.666640, 226.28083, 3.1087100, 226.54936, 196.95361,
15.678890, 221.93367, 2.8854895, 227.16118, 197.01813,
15.691140, 230.62852, 2.8566220, 227.75092, 197.08490,
15.703390, 227.18123, 2.7281919, 228.32022, 197.15391,
15.715640, 236.88932, 2.9456528, 228.87071, 197.22511,
15.727890, 233.60175, 2.9906551, 229.40402, 197.29847,
15.740130, 231.58130, 3.0985903, 229.92135, 197.37389,
15.752370, 235.72962, 3.0433951, 230.42469, 197.45138,
15.764610, 240.99555, 2.9868556, 230.91571, 197.53092,
15.776850, 244.98337, 2.9712079, 231.39590, 197.61247,
15.789090, 242.17500, 3.0143241, 231.86692, 197.69601,
15.801320, 243.68750, 3.3663988, 232.32989, 197.78142,
15.813550, 246.95100, 3.2008812, 232.78680, 197.86874,
15.825780, 251.28658, 3.3849785, 233.23918, 197.95794,
15.838010, 247.71883, 3.3352550, 233.68859, 198.04898,
15.850230, 245.36777, 3.0431285, 234.13623, 198.14177,
15.862450, 250.79715, 3.1847658, 234.58396, 198.23633,
15.874670, 250.62925, 3.4342335, 235.03340, 198.33265,
15.886890, 248.92569, 3.7362972, 235.48606, 198.43069,
15.899110, 252.80453, 3.5024539, 235.94345, 198.53042,
15.911320, 245.35023, 3.3450306, 236.40679, 198.63173,
15.923540, 244.68700, 3.4448245, 236.87840, 198.73476,
15.935750, 242.47120, 3.6596730, 237.35902, 198.83932,
15.947960, 245.73095, 3.8391645, 237.85062, 198.94545,
15.960160, 243.98825, 4.1179635, 238.35436, 199.05304,
15.972370, 244.75395, 3.9780131, 238.87262, 199.16224,
15.984570, 251.22932, 3.7156371, 239.40612, 199.27285,
15.996770, 255.79635, 3.7209994, 239.95694, 199.38493,
16.008961, 250.75558, 3.7758581, 240.52618, 199.49836,
16.021160, 254.54125, 3.7864561, 241.11631, 199.61330,
16.033350, 257.37393, 3.9502574, 241.72807, 199.72954,
16.045549, 251.13406, 3.6519453, 242.36406, 199.84723,
16.057739, 242.86935, 3.8960812, 243.02493, 199.96618,
16.069920, 247.08873, 3.7231662, 243.71231, 200.08635,
16.082109, 240.12170, 3.6323927, 244.42894, 200.20792,
16.094290, 242.93610, 3.7309316, 245.17541, 200.33066,
16.106470, 240.57790, 4.1098296, 245.95399, 200.45464,
16.118650, 247.70180, 3.8852577, 246.76641, 200.57986,
16.130831, 243.39395, 3.8354601, 247.61445, 200.70628,
16.143009, 240.20305, 3.9370372, 248.49973, 200.83386,
16.155180, 236.59547, 3.9625177, 249.42362, 200.96252,
16.167351, 258.09858, 4.5366859, 250.38847, 201.09232,
16.179520, 248.74466, 4.7228378, 251.39598, 201.22321,
16.191681, 248.38735, 4.3996027, 252.44751, 201.35512,
16.203850, 254.51690, 5.3316112, 253.54628, 201.48819,
16.216009, 262.42537, 6.1104410, 254.69266, 201.62221,
16.228170, 252.58698, 6.2649079, 255.88940, 201.75728,
16.240330, 252.10310, 5.6572064, 257.13480, 201.89335,
16.252489, 270.92094, 5.5280566, 258.42585, 202.03042,
16.264641, 288.03587, 6.6779406, 259.75850, 202.16837,
16.276791, 283.09165, 5.7752120, 261.13015, 202.30727,
16.288950, 288.66901, 5.5209507, 262.53898, 202.44721,
16.301090, 294.09438, 5.6549904, 263.97852, 202.58785,
16.313240, 312.00490, 6.0091802, 265.44901, 202.72951,
16.325380, 311.53442, 6.8156634, 266.94507, 202.87194,
16.337530, 351.01262, 4.5848842, 268.46598, 203.01535,
16.349670, 356.34821, 4.3257720, 270.00631, 203.15950,
16.361799, 377.33152, 4.0657969, 271.56275, 203.30435,
16.373940, 414.73842, 4.5945746, 273.13520, 203.45014,
16.386070, 445.21845, 4.5721798, 274.71795, 203.59662,
16.398211, 472.36575, 5.0551608, 276.31048, 203.74400,
16.410339, 482.61319, 4.9768018, 277.90705, 203.89201,
16.422461, 495.02495, 5.8504225, 279.50516, 204.04067,
16.434589, 487.30064, 5.7574457, 281.10384, 204.19016,
16.446711, 478.37805, 5.8595255, 282.69810, 204.34027,
16.458839, 471.95477, 5.8465083, 284.28695, 204.49118,
16.470961, 449.96030, 6.1597894, 285.86542, 204.64269,
16.483070, 424.07989, 5.0784316, 287.43003, 204.79472,
16.495190, 411.32853, 8.2406621, 288.98052, 204.94753,
16.500280, 408.41938, 5.5248391, 289.62649, 205.01191,
16.513599, 399.67092, 5.3132152, 291.29961, 205.18087,
16.526911, 376.69075, 4.4855195, 292.94405, 205.35049,
16.540211, 368.43334, 4.5914966, 294.55538, 205.52070,
16.553520, 350.25610, 4.4972018, 296.13209, 205.69173,
16.566820, 341.67396, 4.4188708, 297.66786, 205.86334,
16.580120, 333.65890, 4.2463889, 299.15972, 206.03562,
16.593420, 318.47805, 3.9291341, 300.60355, 206.20855,
16.606710, 323.29185, 3.8739536, 301.99419, 206.38200,
16.620001, 313.05458, 3.7790691, 303.32850, 206.55607,
16.633301, 316.97853, 4.0985884, 304.60313, 206.73086,
16.646589, 317.59716, 4.0164623, 305.81179, 206.90609,
16.659870, 305.90245, 3.8282163, 306.95063, 207.08179,
16.673149, 306.40065, 3.8222807, 308.01584, 207.25801,
16.686440, 310.60293, 3.7481052, 309.00397, 207.43491,
16.699711, 314.85261, 3.8995676, 309.90908, 207.61208,
16.712990, 306.60933, 4.0568109, 310.73625, 207.78986,
16.726271, 318.31320, 4.0956455, 311.49190, 207.96814,
16.739540, 306.49348, 3.7610337, 312.18218, 208.14674,
16.752810, 307.74689, 3.5513411, 312.81456, 208.32578,
16.766081, 308.46741, 3.4085449, 313.39585, 208.50530,
16.779341, 312.52655, 3.4815566, 313.93222, 208.68507,
16.792601, 303.77675, 3.5654565, 314.43084, 208.86526,
16.805870, 320.67005, 3.6776418, 314.89866, 209.04596,
16.819120, 309.17181, 4.0517693, 315.34130, 209.22677,
16.832380, 308.93695, 3.4503613, 315.76632, 209.40808,
16.845631, 316.88840, 3.3944561, 316.17967, 209.58960,
16.858891, 306.11460, 3.5195666, 316.58850, 209.77158,
16.872141, 313.44400, 3.8558306, 316.99877, 209.95374,
16.885380, 309.10558, 3.8229224, 317.41695, 210.13605,
16.898630, 305.88785, 3.7505259, 317.85030, 210.31880,
16.911869, 306.53133, 3.4280921, 318.30463, 210.50166,
16.925110, 318.07260, 3.5470294, 318.78694, 210.68480,
16.938351, 313.40657, 3.5719524, 319.30374, 210.86819,
16.951580, 319.24364, 3.6211636, 319.86114, 211.05164,
16.964821, 321.37714, 3.8737108, 320.46279, 211.23547,
16.978050, 329.33210, 4.5630741, 321.09931, 211.41934,
16.991270, 336.84588, 3.9989290, 321.76050, 211.60326,
17.004499, 349.92153, 3.6320038, 322.43710, 211.78748,
17.017719, 449.98038, 4.2143800, 323.11797, 211.97173,
17.030951, 835.14299, 6.3957582, 323.79399, 212.15628,
17.044161, 898.59056, 9.0568075, 324.45335, 212.34067,
17.057381, 443.36395, 4.7179062, 325.08740, 212.52531,
17.070601, 342.60671, 3.8975963, 325.68546, 212.71005,
17.083811, 344.87450, 3.9144418, 326.23691, 212.89474,
17.097019, 335.59859, 3.6876424, 326.73188, 213.07949,
17.110229, 341.10675, 3.8472532, 327.16025, 213.26432,
17.123430, 330.85048, 3.7860330, 327.51136, 213.44907,
17.136641, 328.99818, 3.7146740, 327.77535, 213.63398,
17.149839, 333.65425, 3.6404412, 327.94136, 213.81876,
17.163040, 324.46671, 3.8585590, 327.99916, 214.00357,
17.176229, 324.83788, 3.5900044, 327.93825, 214.18822,
17.189430, 327.58042, 3.7949397, 327.74784, 214.37300,
17.202620, 322.18905, 3.9287248, 327.41751, 214.55759,
17.215811, 328.26112, 4.0439545, 326.93623, 214.74217,
17.229000, 319.19466, 3.9715685, 326.29316, 214.92666,
17.242180, 327.22258, 3.9949189, 325.47785, 215.11094,
17.255369, 332.01053, 4.1639858, 324.48374, 215.29526,
17.268551, 320.94847, 4.0394083, 323.32094, 215.47938,
17.281719, 329.00177, 4.3104854, 322.00118, 215.66321,
17.294901, 339.16638, 4.4210786, 320.53255, 215.84709,
17.308069, 350.25488, 4.9476418, 318.92861, 216.03064,
17.321251, 345.87615, 4.1795635, 317.19666, 216.21423,
17.334410, 359.85268, 4.3710554, 315.35198, 216.39733,
17.347580, 357.45647, 4.6740981, 313.40025, 216.58040,
17.360750, 369.81020, 4.7225999, 311.35327, 216.76329,
17.373911, 384.38643, 5.0737793, 309.22280, 216.94583,
17.387070, 350.56438, 4.8804866, 307.01779, 217.12812,
17.400230, 357.19756, 4.6843312, 304.74766, 217.31020,
17.413380, 349.89040, 4.8785724, 302.42476, 217.49188,
17.426540, 348.95910, 4.8495700, 300.05497, 217.67344,
17.439690, 334.35428, 4.6115448, 297.65234, 217.85458,
17.452841, 331.69498, 4.7617965, 295.22432, 218.03544,
17.465981, 318.01142, 5.6107241, 292.78325, 218.21584,
17.479130, 313.14662, 5.9787494, 290.33506, 218.39606,
17.492270, 302.34913, 4.3315537, 287.89312, 218.57580,
17.505409, 287.32330, 4.1605676, 285.46548, 218.75520,
17.518551, 292.64350, 4.4806834, 283.06162, 218.93426,
17.531679, 290.07415, 5.1896831, 280.69411, 219.11276,
17.544821, 285.26462, 8.7313497, 278.36801, 219.29105,
17.557949, 274.45555, 4.6119511, 276.09794, 219.46875,
17.571079, 266.07775, 4.6028779, 273.89110, 219.64605,
17.584200, 273.31646, 4.7574687, 271.75931, 219.82278,
17.597330, 269.85390, 4.8471384, 269.70949, 219.99919,
17.610451, 268.66373, 4.9004096, 267.75356, 220.17501,
17.623569, 266.99757, 5.4065639, 265.89082, 220.35031,
17.636690, 276.81777, 5.7792073, 264.11756, 220.52514,
17.649799, 270.81622, 5.1999630, 262.43235, 220.69931,
17.662910, 282.43407, 5.5327450, 260.83034, 220.87297,
17.676029, 294.93548, 6.6215197, 259.30789, 221.04618,
17.689131, 292.68940, 6.0504214, 257.86488, 221.21861,
17.702240, 284.53445, 6.2863678, 256.49559, 221.39056,
17.715349, 276.20513, 6.6892563, 255.19807, 221.56191,
17.728451, 282.39902, 6.2784095, 253.97024, 221.73255,
17.741550, 280.35423, 5.5401237, 252.80875, 221.90254,
17.754641, 288.91592, 4.4392878, 251.71155, 222.07175,
17.767740, 296.45553, 4.5258366, 250.67439, 222.24044,
17.780830, 276.38687, 4.3815364, 249.69623, 222.40831,
17.793921, 279.52069, 4.2694373, 248.77375, 222.57550,
17.807011, 282.75448, 3.9548708, 247.90447, 222.74196,
17.820101, 293.15028, 4.4378720, 247.08592, 222.90770,
17.833179, 292.43705, 4.0874976, 246.31635, 223.07254,
17.846270, 281.35165, 3.8914822, 245.59204, 223.23676,
17.859341, 278.89207, 4.2467868, 244.91229, 223.39995,
17.872419, 268.50642, 4.6649716, 244.27335, 223.56243,
17.885500, 260.90247, 4.2372069, 243.67328, 223.72411,
17.898569, 267.78135, 4.6875762, 243.11038, 223.88480,
17.911640, 271.58834, 4.9268026, 242.58183, 224.04466,
17.924709, 257.71582, 4.4333553, 242.08559, 224.20362,
17.937780, 235.70603, 7.4757393, 241.61935, 224.36169,
17.941250, 255.86953, 4.0906606, 241.50037, 224.40349,
17.955721, 250.83395, 3.9380819, 241.02444, 224.57715,
17.970181, 252.99537, 4.1152669, 240.57950, 224.74950,
17.984650, 246.34605, 4.0898311, 240.16205, 224.92077,
17.999109, 251.21524, 4.5757435, 239.76982, 225.09071,
18.013571, 250.03979, 4.7064616, 239.39969, 225.25942,
18.028021, 249.89822, 4.5835305, 239.04918, 225.42672,
18.042480, 245.99948, 3.9074981, 238.71504, 225.59282,
18.056931, 243.23187, 3.7975795, 238.39496, 225.75747,
18.071381, 232.16792, 3.9502575, 238.08599, 225.92075,
18.085819, 233.64890, 4.0524547, 237.78564, 226.08251,
18.100269, 236.78078, 4.0779338, 237.49073, 226.24296,
18.114710, 246.73373, 4.1907021, 237.19944, 226.40184,
18.129150, 238.11594, 3.9050815, 236.91098, 226.55922,
18.143579, 234.91490, 4.0577568, 236.62543, 226.71495,
18.158020, 231.12467, 3.6774029, 236.34216, 226.86924,
18.172449, 234.24780, 3.8070418, 236.06144, 227.02181,
18.186880, 239.85257, 3.8396599, 235.78286, 227.17277,
18.201300, 236.06080, 3.8422387, 235.50651, 227.32194,
18.215719, 231.04623, 3.8439595, 235.23200, 227.46941,
18.230150, 235.42417, 3.4458645, 234.95897, 227.61526,
18.244560, 238.25395, 3.4746580, 234.68787, 227.75913,
18.258980, 226.22792, 3.4997489, 234.41796, 227.90127,
18.273390, 227.89581, 3.6785686, 234.14945, 228.04148,
18.287800, 230.99635, 3.9092085, 233.88201, 228.17979,
18.302210, 239.72370, 3.9857446, 233.61549, 228.31617,
18.316620, 239.14227, 3.7993040, 233.34974, 228.45059,
18.331020, 232.52650, 3.5996270, 233.08477, 228.58291,
18.345421, 235.26060, 3.5412782, 232.82027, 228.71318,
18.359819, 230.15288, 3.5731054, 232.55612, 228.84133,
18.374210, 232.74162, 3.9424506, 232.29228, 228.96729,
18.388611, 223.59205, 4.0147523, 232.02828, 229.09115,
18.403000, 224.91497, 3.6070778, 231.76436, 229.21269,
18.417379, 230.28288, 3.6661094, 231.50034, 229.33189,
18.431770, 232.73770, 3.6345938, 231.23568, 229.44887,
18.446150, 231.59893, 3.5075510, 230.97066, 229.56339,
18.460529, 231.07578, 3.6980809, 230.70491, 229.67552,
18.474911, 233.86330, 3.6860713, 230.43826, 229.78520,
18.489281, 229.80673, 4.1152852, 230.17079, 229.89229,
18.503660, 231.14905, 3.5182460, 229.90197, 229.99690,
18.518030, 222.64345, 3.2743002, 229.63227, 230.09888,
18.532391, 233.38035, 3.3536525, 229.36227, 230.19832,
18.546761, 233.32655, 3.5557294, 229.09227, 230.29542,
18.561119, 227.35862, 3.7764531, 228.82331, 230.39013,
18.575480, 242.03945, 4.1600364, 228.55579, 230.48261,
18.589840, 235.25768, 3.9636693, 228.29040, 230.57294,
18.604191, 234.93710, 3.7434437, 228.02795, 230.66115,
18.618549, 241.42185, 3.6139147, 227.76880, 230.74740,
18.632900, 237.68150, 3.5921265, 227.51386, 230.83169,
18.647240, 230.82605, 3.9229824, 227.26387, 230.91409,
18.661591, 233.70625, 3.8408113, 227.01908, 230.99479,
18.675930, 233.43435, 4.0069914, 226.78055, 231.07374,
18.690269, 239.75052, 4.0994565, 226.54876, 231.15109,
18.704611, 243.94510, 4.3303263, 226.32436, 231.22691,
18.718941, 247.21565, 4.3898728, 226.10823, 231.30123,
18.733271, 233.68185, 3.8196939, 225.90089, 231.37416,
18.747601, 238.59782, 3.8210203, 225.70302, 231.44578,
18.761930, 248.90562, 4.1730943, 225.51534, 231.51617,
18.776260, 244.47387, 4.2184992, 225.33856, 231.58540,
18.790581, 236.70090, 3.9182081, 225.17351, 231.65349,
18.804899, 240.90980, 3.8942923, 225.02083, 231.72055,
18.819220, 247.98660, 3.8201978, 224.88121, 231.78668,
18.833530, 250.34508, 4.0389527, 224.75552, 231.85189,
18.847839, 241.55093, 4.1860746, 224.64444, 231.91629,
18.862150, 243.92853, 5.2731685, 224.54872, 231.97995,
18.876459, 257.07328, 5.1973923, 224.46917, 232.04295,
18.890770, 256.28067, 4.4444542, 224.40658, 232.10536,
18.905069, 262.05070, 4.4457330, 224.36182, 232.16720,
18.919371, 242.05883, 4.3468339, 224.33565, 232.22858,
18.933670, 258.87010, 4.7407652, 224.32895, 232.28957,
18.947960, 259.71303, 4.8940322, 224.34254, 232.35020,
18.962250, 254.79367, 5.5501075, 224.37732, 232.41058,
18.976540, 259.84060, 6.1774963, 224.43418, 232.47078,
18.990829, 248.97422, 4.9914747, 224.51405, 232.53087,
19.005119, 239.94540, 4.8951195, 224.61786, 232.59091,
19.019400, 236.73793, 4.5250563, 224.74648, 232.65093,
19.033680, 237.41580, 4.5893095, 224.90097, 232.71105,
19.047960, 253.09164, 4.8747429, 225.08231, 232.77132,
19.062229, 247.25532, 4.9901067, 225.29137, 232.83177,
19.076500, 254.55128, 6.3167955, 225.52937, 232.89252,
19.090771, 225.34585, 5.3704071, 225.79734, 232.95364,
19.105040, 232.90652, 5.1185334, 226.09636, 233.01518,
19.119310, 240.01715, 5.0005778, 226.42762, 233.07723,
19.133570, 230.86942, 5.3803406, 226.79195, 233.13980,
19.147829, 231.80780, 7.2133248, 227.19078, 233.20300,
19.162090, 241.10330, 6.2499050, 227.62538, 233.26692,
19.176340, 222.95417, 4.9948996, 228.09655, 233.33155,
19.190599, 229.71462, 5.2184417, 228.60626, 233.39708,
19.204849, 239.34328, 5.7960611, 229.15512, 233.46347,
19.219101, 227.73928, 5.1212329, 229.74489, 233.53086,
19.233339, 224.38678, 5.0071756, 230.37627, 233.59923,
19.247580, 234.08498, 5.3205022, 231.05128, 233.66873,
19.261820, 232.68467, 5.6151657, 231.77130, 233.73942,
19.276060, 243.68270, 6.1436446, 232.53781, 233.81138,
19.290300, 254.43750, 6.7747584, 233.35234, 233.88467,
19.304529, 211.44798, 5.7418493, 234.21574, 233.95931,
19.318760, 226.88173, 7.2796924, 235.13037, 234.03544,
19.332991, 231.64930, 8.4474201, 236.09778, 234.11311,
19.347219, 220.99805, 5.8479743, 237.11953, 234.19240,
19.361441, 227.87437, 6.8904500, 238.19689, 234.27334,
19.375660, 241.98672, 7.2993095, 239.33203, 234.35605,
19.389879, 228.91535, 7.6497843, 240.52693, 234.44059,
19.404100, 227.79888, 6.4448240, 241.78364, 234.52707,
19.418310, 223.31170, 7.8546144, 243.10287, 234.61547,
19.432520, 222.52105, 8.0872790, 244.48761, 234.70595,
