# wave, flux, fluxerr, continuum, continuum_plateau
9.9725246, 239.93887, 18.089441, 267.22442, 267.07703,
9.9806166, 233.73065, 19.013142, 264.78311, 264.66072,
9.9887066, 243.75853, 17.198748, 262.44763, 262.34702,
9.9967957, 232.63115, 15.829020, 260.21421, 260.13244,
10.004880, 214.97488, 16.798838, 258.08037, 258.01479,
10.012970, 212.38568, 16.528212, 256.04000, 255.98821,
10.021050, 236.44659, 15.134429, 254.09351, 254.05335,
10.029140, 229.34134, 15.527881, 252.23299, 252.20254,
10.037220, 234.27701, 16.834698, 250.45972, 250.43725,
10.045300, 238.17795, 15.495053, 248.76798, 248.75195,
10.053380, 253.00012, 15.062346, 247.15431, 247.14339,
10.061460, 248.46483, 16.267660, 245.61588, 245.60889,
10.069540, 247.76816, 16.115849, 244.14912, 244.14504,
10.077610, 251.19849, 14.792636, 242.75280, 242.75074,
10.085690, 249.42717, 15.421315, 241.42028, 241.41949,
10.093760, 252.86916, 16.680456, 240.15155, 240.15141,
10.101830, 233.94588, 14.978284, 238.94190, 238.94189,
10.109900, 257.42267, 14.581377, 237.78809, 237.78778,
10.117970, 247.96255, 15.221848, 236.68729, 236.68637,
10.126040, 234.54646, 14.736298, 235.63630, 235.63451,
10.134100, 237.19958, 13.409503, 234.63333, 234.63049,
10.142170, 198.60779, 12.823696, 233.67274, 233.66874,
10.150230, 211.43788, 13.902790, 232.75388, 232.74866,
10.158300, 224.98718, 13.582600, 231.87155, 231.86512,
10.166360, 238.21393, 12.692042, 231.02495, 231.01734,
10.174420, 230.14626, 13.218262, 230.20981, 230.20110,
10.182470, 203.68484, 13.023490, 229.42425, 229.41456,
10.190530, 214.20732, 13.522360, 228.66335, 228.65281,
10.198590, 223.58218, 12.589190, 227.92500, 227.91378,
10.206640, 217.26559, 12.994715, 227.20725, 227.19553,
10.214690, 219.12984, 12.623302, 226.50618, 226.49416,
10.222750, 216.04633, 11.590784, 225.81805, 225.80595,
10.230800, 230.62402, 12.604624, 225.14153, 225.12958,
10.238850, 208.69078, 13.053827, 224.47289, 224.46132,
10.246890, 217.64622, 12.138322, 223.80996, 223.79902,
10.254940, 221.48235, 12.049257, 223.14825, 223.13819,
10.262990, 215.26154, 13.133593, 222.48562, 222.47671,
10.271030, 212.14798, 13.343500, 221.81993, 221.81243,
10.279070, 212.73875, 12.521748, 221.14755, 221.14175,
10.287120, 220.26762, 13.281833, 220.46459, 220.46078,
10.295150, 202.50696, 14.273283, 219.77074, 219.76921,
10.303190, 226.41765, 14.304998, 219.06061, 219.06168,
10.311230, 226.22270, 13.486079, 218.33902, 218.34298,
10.319270, 210.73535, 14.598104, 217.61824, 217.62531,
10.327300, 224.44980, 16.249935, 216.91231, 216.92263,
10.335340, 235.49088, 15.793053, 216.23248, 216.24614,
10.343370, 213.73970, 14.990338, 215.59330, 215.61031,
10.351400, 225.74998, 16.895191, 215.00712, 215.02737,
10.359430, 235.58231, 17.354095, 214.48688, 214.51020,
10.367460, 212.31265, 15.628099, 214.04561, 214.07172,
10.375480, 204.93983, 14.558310, 213.69678, 213.72526,
10.383510, 200.44720, 16.445251, 213.45253, 213.48287,
10.391530, 189.80725, 15.721443, 213.32659, 213.35810,
10.399560, 188.42284, 12.817627, 213.33180, 213.36361,
10.407580, 216.21686, 13.237243, 213.48128, 213.51236,
10.415600, 207.45468, 13.908383, 213.78810, 213.81720,
10.423620, 200.73360, 14.355277, 214.26555, 214.29116,
10.431640, 210.81009, 13.991246, 214.92679, 214.94714,
10.439650, 233.00674, 14.588367, 215.78402, 215.79706,
10.447670, 228.33261, 15.048536, 216.85279, 216.85612,
10.455680, 207.69334, 14.175989, 218.14229, 218.13321,
10.463700, 233.41698, 14.408926, 219.65389, 219.62991,
10.471710, 224.99579, 15.622549, 221.37358, 221.33281,
10.479720, 224.57697, 16.061039, 223.29314, 223.23417,
10.487730, 237.40588, 15.718304, 225.40255, 225.32445,
10.495730, 225.08937, 16.464460, 227.68901, 227.59133,
10.503740, 220.82152, 19.131533, 230.14808, 230.03073,
10.511750, 230.00922, 19.546911, 232.76727, 232.63056,
10.519750, 233.67642, 18.155226, 235.53303, 235.37768,
10.527750, 219.64273, 19.035767, 238.43929, 238.26632,
10.535750, 257.86731, 22.028690, 241.47604, 241.28677,
10.543750, 278.00430, 23.147514, 244.63321, 244.42928,
10.551750, 270.94931, 22.347565, 247.90191, 247.68522,
10.559750, 265.98315, 24.857182, 251.27176, 251.04446,
10.567850, 281.15167, 15.040864, 254.77785, 254.54226,
10.576350, 285.05377, 14.949352, 258.54744, 258.30603,
10.584840, 286.97308, 15.016501, 262.39369, 262.14967,
10.593340, 283.86588, 13.806119, 266.31471, 266.07153,
10.601830, 303.51300, 13.862625, 270.28947, 270.05079,
10.610330, 290.96490, 14.545391, 274.31643, 274.08614,
10.618820, 306.22620, 14.650237, 278.37478, 278.15695,
10.627310, 296.50641, 13.561134, 282.45725, 282.25617,
10.635800, 291.70721, 13.819130, 286.55347, 286.37360,
10.644280, 284.77008, 14.577133, 290.64661, 290.49260,
10.652770, 285.18857, 14.092610, 294.73507, 294.61180,
10.661250, 292.29288, 13.452061, 298.79838, 298.71087,
10.669740, 289.39771, 14.125760, 302.83442, 302.78796,
10.678220, 296.10046, 14.861473, 306.82281, 306.82281,
10.686700, 294.04245, 13.984772, 310.75888, 310.81090,
10.695180, 307.91235, 13.962366, 314.64148, 314.75082,
10.703650, 313.43958, 15.130409, 318.46722, 318.63874,
10.712130, 324.21622, 15.482578, 322.24516, 322.48351,
10.720600, 341.06812, 14.867196, 325.96851, 326.27785,
10.729080, 338.30640, 15.138994, 329.64606, 330.03037,
10.737550, 341.16760, 16.160143, 333.26994, 333.73273,
10.746020, 345.08249, 15.925709, 336.84595, 337.39049,
10.754490, 361.03357, 15.618216, 340.37407, 341.00332,
10.762960, 346.52112, 15.365867, 343.85586, 344.57251,
10.771420, 324.89960, 15.871039, 347.28709, 348.09341,
10.779890, 327.41330, 15.333275, 350.67777, 351.57600,
10.788350, 336.62500, 14.847923, 354.01985, 355.01174,
10.796810, 322.56046, 15.136682, 357.31827, 358.40540,
10.805270, 331.94437, 15.914649, 360.57374, 361.75747,
10.813730, 342.47327, 15.466628, 363.78694, 365.06837,
10.822190, 336.39911, 14.764278, 366.95856, 368.33856,
10.830650, 339.13135, 15.807657, 370.08925, 371.56848,
10.839100, 326.78900, 15.955874, 373.17587, 374.75462,
10.847560, 349.36316, 15.477390, 376.22671, 377.90534,
10.856010, 347.10007, 15.261551, 379.23517, 381.01359,
10.864460, 354.97894, 16.719776, 382.20500, 384.08301,
10.872910, 379.68399, 17.306429, 385.13714, 387.11439,
10.881360, 396.14529, 16.591930, 388.03250, 390.10845,
10.889800, 387.84872, 16.407970, 390.88780, 393.06161,
10.898250, 395.50571, 18.326530, 393.71039, 395.98130,
10.906690, 424.77826, 18.893248, 396.49446, 398.86130,
10.915140, 423.90152, 17.491884, 399.24714, 401.70885,
10.923580, 466.35638, 19.456959, 401.96215, 404.51726,
10.932020, 500.96378, 21.198660, 404.64344, 407.29046,
10.940460, 489.56857, 21.066454, 407.29152, 410.02884,
10.948890, 499.52225, 20.537935, 409.90367, 412.72942,
10.957330, 501.82764, 21.985189, 412.48689, 415.39930,
10.965760, 553.92957, 19.053650, 415.03551, 418.03251,
10.974200, 632.59058, 18.027483, 417.55578, 420.63535,
10.982630, 721.58209, 17.647434, 420.04218, 423.20201,
10.991060, 760.63373, 18.145393, 422.49860, 425.73639,
10.999490, 738.01099, 19.501343, 424.92493, 428.23826,
11.007920, 714.75403, 18.976688, 427.32214, 430.70853,
11.016340, 702.15649, 18.768501, 429.68747, 433.14424,
11.024770, 692.53229, 19.449564, 432.02695, 435.55152,
11.033190, 700.83850, 21.275829, 434.33570, 437.92526,
11.041610, 658.89764, 20.838051, 436.61678, 440.26852,
11.050030, 632.70557, 20.056087, 438.87059, 442.58164,
11.058450, 630.08264, 22.468037, 441.09750, 444.86492,
11.066870, 640.48132, 23.666870, 443.29789, 447.11869,
11.075290, 618.08228, 24.227707, 445.47212, 449.34326,
11.083700, 625.61218, 23.441532, 447.61814, 451.53647,
11.092120, 642.95953, 25.175165, 449.74116, 453.70359,
11.100530, 657.72681, 25.436216, 451.83647, 455.83978,
11.108940, 673.10376, 26.935287, 453.90731, 457.94829,
11.117350, 749.79083, 38.796745, 455.95352, 460.02894,
11.120570, 778.05725, 23.549702, 456.73077, 460.81851,
11.129530, 836.94153, 22.962366, 458.87468, 462.99417,
11.138500, 902.92419, 23.047638, 460.99425, 465.14178,
11.147460, 999.07532, 24.429466, 463.08488, 467.25665,
11.156430, 1176.8993, 26.586281, 465.15183, 469.34407,
11.165390, 1355.6296, 26.814262, 467.19060, 471.39949,
11.174350, 1643.7375, 28.232893, 469.20397, 473.42571,
11.183300, 1998.9670, 31.925848, 471.19016, 475.42093,
11.192260, 2330.9956, 34.664547, 473.15372, 477.38974,
11.201220, 2543.0747, 34.660683, 475.09284, 479.33031,
11.210170, 2615.5776, 34.428246, 477.00579, 481.24093,
11.219120, 2642.5713, 36.150990, 478.89494, 483.12399,
11.228070, 2647.3564, 36.512199, 480.76058, 484.97980,
11.237020, 2671.5847, 34.956299, 482.60280, 486.80847,
11.245970, 2675.8472, 34.897568, 484.42225, 488.61068,
11.254920, 2595.0945, 35.516655, 486.21899, 490.38654,
11.263860, 2538.6824, 35.316177, 487.99123, 492.13429,
11.272800, 2465.0383, 33.564335, 489.74150, 493.85651,
11.281750, 2392.9602, 38.592964, 491.47150, 495.55491,
11.290690, 2239.1433, 40.238209, 493.17815, 497.22651,
11.299630, 2109.7708, 32.403034, 494.86316, 498.87305,
11.308560, 2014.8973, 30.880390, 496.52516, 500.49326,
11.317500, 1926.8904, 30.432823, 498.16791, 502.09089,
11.326430, 1843.0984, 31.174395, 499.78812, 503.66277,
11.335370, 1708.6379, 30.267653, 501.38943, 505.21255,
11.344300, 1598.0698, 28.494547, 502.96862, 506.73715,
11.353230, 1548.8867, 28.231674, 504.52757, 508.23852,
11.362160, 1488.4648, 29.057182, 506.06632, 509.71674,
11.371080, 1416.2787, 28.575207, 507.58372, 511.17084,
11.380010, 1325.9446, 26.956753, 509.08288, 512.60386,
11.388930, 1298.7488, 26.977415, 510.56105, 514.01329,
11.397850, 1239.1515, 27.620806, 512.01968, 515.40061,
11.406780, 1180.8633, 27.045689, 513.46074, 516.76780,
11.415700, 1154.4670, 25.711630, 514.88099, 518.11188,
11.424610, 1115.3757, 25.451954, 516.28076, 519.43331,
11.433530, 1082.9082, 26.264416, 517.66317, 520.73512,
11.442450, 1043.0833, 25.744913, 519.02683, 522.01614,
11.451360, 996.68427, 24.177326, 520.37041, 523.27523,
11.460270, 984.17773, 24.391779, 521.69549, 524.51400,
11.469180, 931.51819, 24.764101, 523.00215, 525.73267,
11.478090, 892.73755, 24.748339, 524.29048, 526.93144,
11.487000, 873.30634, 23.672207, 525.56057, 528.11054,
11.495910, 854.11511, 23.764111, 526.81236, 529.27003,
11.504810, 831.65717, 24.386765, 528.04487, 530.40917,
11.513710, 837.55640, 24.903618, 529.25925, 531.52917,
11.522620, 786.62958, 23.720787, 530.45709, 532.63164,
11.531520, 761.49731, 23.653008, 531.63562, 533.71417,
11.540420, 756.29346, 24.375347, 532.79630, 534.77827,
11.549310, 746.54541, 25.220247, 533.93797, 535.82301,
11.558210, 729.13239, 24.170578, 535.06322, 536.85095,
11.567100, 732.52307, 24.156979, 536.16930, 537.85974,
11.576000, 716.20551, 25.610817, 537.25909, 538.85215,
11.584890, 712.28052, 26.309111, 538.32990, 539.82592,
11.593780, 684.28015, 25.632042, 539.38294, 540.78231,
11.602670, 678.02808, 25.213133, 540.41843, 541.72170,
11.611560, 685.77356, 37.291267, 541.43626, 542.64416,
11.620440, 636.43909, 59.449997, 542.43524, 543.54880,
11.629330, 635.79053, 30.555590, 543.41771, 544.43794,
11.638210, 612.54291, 26.702147, 544.38145, 545.30973,
11.647090, 589.84723, 27.776167, 545.32738, 546.16521,
11.655970, 612.31671, 29.629219, 546.25559, 547.00463,
11.664850, 566.64880, 22.901482, 547.16612, 547.82825,
11.673730, 568.54919, 17.396502, 548.05873, 548.63605,
11.682600, 580.95056, 18.993679, 548.93255, 549.42743,
11.691480, 566.48254, 19.173265, 549.78939, 550.20425,
11.700350, 560.31940, 19.737223, 550.62735, 550.96498,
11.709220, 575.03278, 19.897186, 551.44730, 551.71062,
11.718090, 572.98511, 20.077282, 552.24915, 552.44133,
11.726960, 557.36011, 21.129837, 553.03283, 553.15724,
11.735830, 560.98761, 21.682522, 553.79825, 553.85849,
11.744690, 565.34088, 23.536278, 554.54444, 554.54444,
11.753560, 539.97144, 23.318729, 555.27308, 555.21678,
11.762420, 528.75702, 23.213198, 555.98242, 555.87380,
11.771280, 533.98474, 38.660206, 556.67338, 556.51620,
11.775020, 545.41357, 19.490032, 556.95942, 556.78285,
11.784500, 539.85370, 20.023294, 557.66986, 557.44692,
11.793980, 544.55786, 20.081791, 558.35898, 558.09359,
11.803460, 546.16925, 20.736927, 559.02686, 558.72273,
11.812940, 553.04095, 18.640284, 559.67329, 559.33401,
11.822420, 550.08221, 19.152641, 560.29833, 559.92730,
11.831890, 553.87140, 19.169327, 560.90117, 560.50168,
11.841360, 577.75684, 18.928703, 561.48241, 561.05758,
11.850840, 583.57556, 18.398376, 562.04252, 561.59528,
11.860310, 597.02783, 19.069513, 562.58024, 562.11347,
11.869770, 594.12451, 19.127245, 563.09553, 562.61194,
11.879240, 600.09766, 18.617054, 563.58930, 563.09146,
11.888710, 599.53046, 17.969643, 564.06088, 563.55125,
11.898170, 616.82648, 18.504997, 564.50969, 563.99063,
11.907630, 592.74377, 18.619804, 564.93601, 564.40977,
11.917090, 605.54315, 18.373161, 565.33979, 564.80849,
11.926550, 620.80438, 18.120037, 565.72075, 565.18645,
11.936010, 628.55060, 18.272778, 566.07880, 565.54345,
11.945470, 621.70770, 18.662247, 566.41369, 565.87915,
11.954920, 625.69189, 18.510544, 566.72495, 566.19301,
11.964370, 646.41418, 18.284725, 567.01273, 566.48509,
11.973830, 625.62732, 18.007235, 567.27709, 566.75541,
11.983280, 638.00793, 18.817070, 567.51722, 567.00309,
11.992720, 651.94653, 19.186340, 567.73298, 567.22790,
12.002170, 649.78918, 18.835266, 567.92460, 567.43006,
12.011610, 644.22351, 18.615793, 568.09143, 567.60884,
12.021060, 639.71246, 19.094282, 568.23354, 567.76431,
12.030500, 637.73083, 19.311127, 568.35038, 567.89585,
12.039940, 608.75842, 18.553116, 568.44181, 568.00331,
12.049380, 603.96851, 18.229528, 568.50758, 568.08642,
12.058820, 631.39539, 19.379150, 568.54737, 568.14483,
12.068250, 625.26392, 19.831596, 568.56088, 568.17824,
12.077690, 605.04425, 19.401245, 568.54782, 568.18637,
12.087120, 608.38635, 19.082403, 568.50789, 568.16891,
12.096550, 587.89490, 19.342091, 568.44076, 568.12553,
12.105980, 595.42896, 20.223085, 568.34608, 568.05591,
12.115410, 599.69348, 20.256294, 568.22350, 567.95973,
12.124830, 590.24701, 19.472954, 568.07282, 567.83677,
12.134260, 585.43359, 19.853727, 567.89335, 567.68645,
12.143680, 584.15955, 20.602295, 567.68508, 567.50875,
12.153100, 565.56879, 20.713284, 567.44742, 567.30314,
12.162520, 560.13745, 21.533916, 567.17998, 567.06929,
12.171940, 557.29382, 20.096724, 566.88236, 566.80687,
12.181360, 580.37170, 21.184397, 566.55407, 566.51547,
12.190770, 572.69263, 21.808525, 566.19511, 566.19511,
12.200180, 536.15210, 20.773815, 565.80486, 565.84525,
12.209600, 541.39160, 20.901155, 565.38327, 565.46572,
12.219010, 546.72632, 21.686848, 564.93185, 565.05777,
12.228420, 547.45923, 22.739813, 564.45075, 564.62140,
12.237820, 560.58246, 22.678194, 563.94112, 564.15751,
12.247230, 567.88434, 22.847803, 563.40238, 563.66547,
12.256630, 596.82605, 23.588936, 562.83622, 563.14669,
12.266040, 759.68152, 26.919594, 562.24203, 562.60051,
12.275440, 1360.8058, 33.948521, 561.62154, 562.02840,
12.284840, 1329.7744, 34.006016, 560.97475, 561.43026,
12.294230, 790.95398, 28.182076, 560.30273, 560.80697,
12.303630, 654.78552, 34.016003, 559.60474, 560.15776,
12.313030, 629.94403, 30.139042, 558.88180, 559.48348,
12.322420, 612.70929, 30.107937, 558.13531, 558.78532,
12.331810, 616.90771, 22.142557, 557.36494, 558.06292,
12.341200, 623.54382, 18.715130, 556.57115, 557.31660,
12.350590, 646.54901, 19.662909, 555.75438, 556.54672,
12.359980, 646.13184, 19.982855, 554.91508, 555.75361,
12.369360, 625.84540, 20.715237, 554.05457, 554.93844,
12.378750, 656.38342, 21.720116, 553.17152, 554.09989,
12.388130, 657.96869, 22.500610, 552.26813, 553.23999,
12.397510, 650.62402, 21.063187, 551.34403, 552.35832,
12.406890, 649.00043, 21.014627, 550.39943, 551.45501,
12.416270, 650.64807, 21.149937, 549.43480, 550.53047,
12.425640, 664.35181, 22.457977, 548.45165, 549.58609,
12.435020, 668.88275, 20.561115, 547.44815, 548.62005,
12.444390, 686.36731, 22.567253, 546.42691, 547.63484,
12.453760, 679.77435, 20.908607, 545.38718, 546.62967,
12.463130, 667.80347, 23.855522, 544.32931, 545.60486,
12.472500, 674.63818, 81.062401, 543.25366, 544.56070,
12.481870, 711.46356, 28.232847, 542.16055, 543.49748,
12.489420, 703.74933, 22.565018, 541.26726, 542.62707,
12.499490, 744.63928, 23.424633, 540.05887, 541.44750,
12.509550, 742.10895, 22.928669, 538.83258, 540.24803,
12.519610, 735.09595, 21.865911, 537.58766, 539.02791,
12.529670, 760.97205, 21.613737, 536.32461, 537.78760,
12.539730, 777.81653, 22.365570, 535.04355, 536.52722,
12.549780, 788.76343, 23.163481, 533.74635, 535.24855,
12.559840, 777.35315, 19.927397, 532.43065, 533.94928,
12.569890, 808.61432, 21.063131, 531.09955, 532.63245,
12.579940, 807.29156, 21.322046, 529.75202, 531.29703,
12.589990, 825.70587, 21.705057, 528.38841, 529.94337,
12.600040, 853.24792, 21.554625, 527.00891, 528.57164,
12.610090, 862.80347, 20.878189, 525.61410, 527.18244,
12.620130, 879.84308, 24.135990, 524.20565, 525.77742,
12.630170, 887.10693, 21.349766, 522.78229, 524.35532,
12.640210, 898.06415, 21.645973, 521.34445, 522.91659,
12.650250, 919.70160, 21.139023, 519.89243, 521.46154,
12.660290, 924.48730, 20.645424, 518.42666, 519.99060,
12.670330, 944.51367, 21.051489, 516.94713, 518.50381,
12.680360, 973.38397, 21.624329, 515.45585, 517.00318,
12.690390, 1040.8871, 21.829601, 513.95153, 515.48746,
12.700420, 1075.3839, 21.657349, 512.43430, 513.95680,
12.710450, 1073.4604, 21.579805, 510.90471, 512.41177,
12.720480, 1106.5391, 22.571850, 509.36287, 510.85253,
12.730500, 1113.8949, 24.469303, 507.81051, 509.28087,
12.740530, 1100.9385, 21.882885, 506.24493, 507.69406,
12.750550, 1097.8979, 21.424885, 504.66934, 506.09542,
12.760570, 1107.9733, 22.013786, 503.08264, 504.48387,
12.770590, 1113.5334, 22.318777, 501.48475, 502.85938,
12.780610, 1088.7380, 21.931358, 499.87607, 501.22238,
12.790620, 1054.8582, 21.682344, 498.25849, 499.57488,
12.800640, 1048.9775, 20.063915, 496.62886, 497.91368,
12.810650, 987.30890, 20.988220, 494.99079, 496.24253,
12.820660, 956.39539, 20.927740, 493.34278, 494.55998,
12.830670, 895.37115, 19.860264, 491.68489, 492.86611,
12.840680, 854.98438, 19.468460, 490.01762, 491.16151,
12.850680, 816.34332, 19.568567, 488.34261, 489.44792,
12.860690, 762.18127, 19.435194, 486.65686, 487.72232,
12.870690, 704.39062, 18.672264, 484.96377, 485.98827,
12.880690, 679.82074, 18.207872, 483.26207, 484.24454,
12.890690, 639.06659, 17.876869, 481.55162, 482.49104,
12.900680, 623.45013, 18.204721, 479.83456, 480.73006,
12.910680, 577.11322, 18.005249, 478.10745, 478.95813,
12.920670, 559.90430, 17.525429, 476.37410, 477.17923,
12.930670, 534.38245, 17.027906, 474.63101, 475.38986,
12.940660, 526.34662, 17.549044, 472.88184, 473.59384,
12.950640, 520.75342, 18.222481, 471.12710, 471.79179,
12.960630, 499.95349, 17.975565, 469.36292, 469.97982,
12.970620, 496.77441, 17.737139, 467.59163, 468.16039,
12.980600, 495.99789, 18.005230, 465.81491, 466.33533,
12.990580, 488.30164, 18.678459, 464.03137, 464.50330,
13.000560, 466.12906, 18.752411, 462.24084, 462.66420,
13.010540, 470.52496, 18.797312, 460.44360, 460.81842,
13.020520, 465.22205, 18.444748, 458.63980, 458.96621,
13.030490, 455.63553, 18.974068, 456.83147, 457.10975,
13.040470, 457.16061, 19.890535, 455.01493, 455.24536,
13.050440, 456.77234, 20.370857, 453.19414, 453.37719,
13.060410, 444.17746, 20.093136, 451.36730, 451.50352,
13.070380, 443.19370, 20.282640, 449.53437, 449.62438,
13.080350, 455.51917, 21.492634, 447.69581, 447.74036,
13.090310, 436.94763, 22.066439, 445.85332, 445.85332,
13.100280, 434.13461, 22.221601, 444.00356, 443.95990,
13.110240, 438.58774, 22.212910, 442.15041, 442.06412,
13.120200, 433.83960, 22.853685, 440.29255, 440.16460,
13.130160, 438.63260, 24.162460, 438.43037, 438.26177,
13.140110, 446.25177, 20.162077, 436.56628, 436.35806,
13.150070, 441.88153, 16.143114, 434.69674, 434.44988,
13.160020, 439.84351, 16.222610, 432.82611, 432.54169,
13.169980, 421.70123, 17.245453, 430.95086, 430.62988,
13.179930, 428.18881, 17.570244, 429.07534, 428.71890,
13.189870, 436.42136, 18.294392, 427.19978, 426.80901,
13.199820, 430.56064, 18.190840, 425.32100, 424.89696,
13.209770, 431.44604, 18.101582, 423.44102, 422.98482,
13.219710, 430.93073, 18.103746, 421.56241, 421.07521,
13.229650, 431.79242, 18.753099, 419.68376, 419.16673,
13.239590, 424.59412, 19.327158, 417.80513, 417.25944,
13.249530, 418.55432, 19.359644, 415.92710, 415.35394,
13.259470, 399.76544, 17.895252, 414.05007, 413.45065,
13.269410, 426.13376, 19.640469, 412.17445, 411.55000,
13.279340, 402.86938, 22.131510, 410.30262, 409.65442,
13.289270, 409.01724, 22.782080, 408.43282, 407.76214,
13.299200, 429.53363, 24.035084, 406.56582, 405.87395,
13.309130, 394.20984, 24.704994, 404.70185, 403.99009,
13.318260, 394.50275, 16.616020, 402.99093, 402.26204,
13.328980, 415.75345, 16.147821, 400.98623, 400.23869,
13.339690, 409.70209, 16.022560, 398.98846, 398.22385,
13.350400, 402.62155, 16.325972, 396.99615, 396.21607,
13.361120, 414.77597, 16.463230, 395.00789, 394.21395,
13.371830, 407.79260, 15.602354, 393.02810, 392.22194,
13.382530, 396.23444, 14.839328, 391.05710, 390.24038,
13.393240, 403.97064, 15.376040, 389.09191, 388.26628,
13.403940, 404.31699, 15.745531, 387.13658, 386.30371,
13.414650, 399.25217, 17.816597, 385.18814, 384.34971,
13.425350, 414.79248, 16.490366, 383.25061, 382.40831,
13.436050, 422.81509, 15.036872, 381.32279, 380.47831,
13.446740, 425.32764, 15.228793, 379.40712, 378.56216,
13.457440, 439.86493, 15.809114, 377.50039, 376.65662,
13.468130, 445.06396, 15.417358, 375.60689, 374.76601,
13.478830, 441.95117, 17.678432, 373.72348, 372.88717,
13.489520, 441.96494, 14.658125, 371.85441, 371.02434,
13.500200, 452.87213, 15.223652, 370.00007, 369.17789,
13.510890, 455.87460, 15.376791, 368.15772, 367.34507,
13.521570, 476.18506, 15.126132, 366.33124, 365.52974,
13.532260, 501.12604, 14.868357, 364.51796, 363.72921,
13.542940, 512.37439, 14.907789, 362.72172, 361.94728,
13.553620, 497.76917, 15.214728, 360.94150, 360.18290,
13.564290, 476.76654, 14.950353, 359.17966, 358.43838,
13.574970, 466.43744, 14.269732, 357.43334, 356.71085,
13.585640, 467.08414, 13.834280, 355.70661, 355.00431,
13.596320, 458.18927, 13.960668, 353.99672, 353.31598,
13.606990, 441.91229, 14.110535, 352.30767, 351.64979,
13.617650, 432.23483, 13.891907, 350.63993, 350.00611,
13.628320, 440.66055, 13.646711, 348.99117, 348.38261,
13.638980, 432.11618, 13.329671, 347.36501, 346.78279,
13.649650, 414.47827, 13.293177, 345.75924, 345.20441,
13.660310, 409.53510, 13.527334, 344.17743, 343.65090,
13.670970, 400.38489, 14.689670, 342.61883, 342.12146,
13.681630, 394.11972, 12.998502, 341.08418, 340.61670,
13.692280, 393.66693, 13.121697, 339.57566, 339.13871,
13.702940, 385.37885, 13.204393, 338.09106, 337.68519,
13.713590, 361.90970, 13.494158, 336.63405, 336.25965,
13.724240, 354.66116, 13.207402, 335.20379, 334.86115,
13.734890, 354.05563, 13.192133, 333.80132, 333.49060,
13.745530, 350.24249, 13.208573, 332.42853, 332.14971,
13.756180, 347.28519, 13.467031, 331.08375, 330.83674,
13.766820, 347.04282, 13.761687, 329.77021, 329.55468,
13.777460, 338.36862, 14.366167, 328.48753, 328.30302,
13.788100, 340.79623, 13.542046, 327.23655, 327.08244,
13.798740, 331.16458, 13.360230, 326.01814, 325.89361,
13.809380, 306.34467, 13.533052, 324.83328, 324.73731,
13.820010, 306.71735, 13.894389, 323.68367, 323.61502,
13.830640, 316.00165, 14.545911, 322.56935, 322.52659,
13.841270, 320.33789, 14.538626, 321.49103, 321.47252,
13.851900, 306.98868, 14.226831, 320.44987, 320.45371,
13.862530, 332.23273, 17.853451, 319.44611, 319.47029,
13.873150, 313.07294, 16.329678, 318.47958, 318.52220,
13.883780, 317.76874, 15.924625, 317.54732, 317.60666,
13.894400, 327.22128, 16.122562, 316.64980, 316.72428,
13.905020, 301.14496, 15.719302, 315.78498, 315.87315,
13.915640, 317.36261, 16.997604, 314.95170, 315.05226,
13.926250, 330.97006, 17.805353, 314.14951, 314.26125,
13.936870, 318.56110, 17.925491, 313.37589, 313.49774,
13.947480, 325.93420, 17.506744, 312.63097, 312.76195,
13.958090, 320.38147, 17.522350, 311.91308, 312.05229,
13.968700, 337.57666, 19.119846, 311.22097, 311.36762,
13.979310, 336.43170, 20.228252, 310.55371, 310.70707,
13.989910, 330.57208, 19.995480, 309.91071, 310.07013,
14.000520, 327.73578, 19.839443, 309.28976, 309.45465,
14.011120, 292.55103, 20.253984, 308.69094, 308.86076,
14.021720, 307.68472, 21.766041, 308.11263, 308.28690,
14.032320, 320.86279, 23.224604, 307.55381, 307.73209,
14.042920, 326.77429, 23.137636, 307.01347, 307.19536,
14.053510, 312.36334, 23.349800, 306.49110, 306.67622,
14.064110, 321.03851, 24.029026, 305.98467, 306.17269,
14.074700, 323.28265, 25.726542, 305.49416, 305.68475,
14.085290, 314.64157, 27.656618, 305.01815, 305.21102,
14.095870, 321.46124, 19.979561, 304.55603, 304.75090,
14.106460, 317.79892, 16.051718, 304.10602, 304.30260,
14.117040, 330.20554, 15.723370, 303.66796, 303.86598,
14.127630, 327.07288, 17.212467, 303.24006, 303.43926,
14.138210, 327.16254, 18.188864, 302.82223, 303.02234,
14.148790, 330.93692, 18.798531, 302.41308, 302.61384,
14.159370, 332.01694, 19.255327, 302.01168, 302.21281,
14.169940, 320.36011, 18.732983, 301.61749, 301.81870,
14.180520, 352.50079, 31.015673, 301.22878, 301.42979,
14.182090, 334.08240, 16.706226, 301.17155, 301.37250,
14.193560, 353.83112, 16.405836, 300.75642, 300.95676,
14.205030, 370.18152, 17.014971, 300.34572, 300.54508,
14.216500, 350.10883, 17.751333, 299.93836, 300.13633,
14.227970, 349.74036, 17.914011, 299.53311, 299.72929,
14.239430, 363.91934, 17.632416, 299.12914, 299.32309,
14.250890, 342.74106, 16.381191, 298.72496, 298.91623,
14.262350, 337.16751, 16.465855, 298.31934, 298.50746,
14.273810, 344.32104, 16.861069, 297.91115, 298.09562,
14.285270, 325.28827, 16.597342, 297.49923, 297.67954,
14.296730, 317.56238, 15.413988, 297.08234, 297.25795,
14.308180, 316.50555, 14.493030, 296.65972, 296.83010,
14.319630, 307.28705, 14.426051, 296.22982, 296.39440,
14.331080, 313.71710, 15.074402, 295.79142, 295.94962,
14.342530, 311.83200, 15.156890, 295.34339, 295.49463,
14.353970, 309.50333, 14.217978, 294.88494, 295.02862,
14.365410, 307.10114, 13.625310, 294.41441, 294.54996,
14.376860, 292.64294, 13.332541, 293.93025, 294.05704,
14.388300, 306.40491, 14.044186, 293.43202, 293.54949,
14.399730, 291.00815, 13.996469, 292.91861, 293.02618,
14.411170, 288.08881, 13.112327, 292.38784, 292.48493,
14.422600, 288.44556, 12.772338, 291.83944, 291.92552,
14.434030, 291.17123, 12.715761, 291.27170, 291.34626,
14.445460, 290.96252, 13.332380, 290.68330, 290.74585,
14.456890, 281.98315, 13.284339, 290.07309, 290.12318,
14.468320, 286.99100, 12.854485, 289.43972, 289.47696,
14.479740, 293.67841, 12.548217, 288.78248, 288.80652,
14.491160, 289.29675, 12.239585, 288.09953, 288.11010,
14.502580, 291.37436, 12.990484, 287.38963, 287.38652,
14.514000, 285.62744, 13.080853, 286.65240, 286.63546,
14.525420, 289.63348, 12.833055, 285.88985, 285.85897,
14.536830, 293.80475, 11.948936, 285.10491, 285.06004,
14.548240, 292.78122, 11.766422, 284.29908, 284.24020,
14.559650, 284.24542, 13.330801, 283.47447, 283.40163,
14.571060, 273.90765, 12.462642, 282.63339, 282.54668,
14.582470, 276.73599, 12.185300, 281.77791, 281.67751,
14.593870, 276.48322, 12.759605, 280.91092, 280.79710,
14.605270, 282.56076, 12.881426, 280.03385, 279.90692,
14.616670, 271.81024, 12.263922, 279.14890, 279.00927,
14.628070, 284.00403, 13.769346, 278.25804, 278.10621,
14.639470, 261.06921, 13.225389, 277.36348, 277.20002,
14.650860, 285.02496, 11.887296, 276.46816, 276.29374,
14.662260, 280.34424, 11.777251, 275.57255, 275.38792,
14.673650, 273.39722, 11.921654, 274.68042, 274.48642,
14.685040, 267.21902, 12.078179, 273.79298, 273.59054,
14.696420, 256.47223, 12.225962, 272.91330, 272.70344,
14.707810, 262.83432, 12.301340, 272.04174, 271.82555,
14.719190, 264.07309, 12.389973, 271.18217, 270.96083,
14.730570, 260.14169, 12.339608, 270.33577, 270.11054,
14.741950, 262.06909, 12.731997, 269.50475, 269.27694,
14.753330, 263.99512, 13.563604, 268.69125, 268.46227,
14.764700, 265.89114, 13.421439, 267.89815, 267.66944,
14.776080, 265.08655, 13.425992, 267.12614, 266.89923,
14.787450, 258.73819, 13.373319, 266.37883, 266.15526,
14.798820, 266.95718, 14.393129, 265.65767, 265.43906,
14.810190, 258.90393, 14.778683, 264.96480, 264.75278,
14.821550, 260.31107, 14.852596, 264.30310, 264.09933,
14.832920, 252.89844, 14.910325, 263.67363, 263.47978,
14.844280, 260.39703, 14.785593, 263.07968, 262.89743,
14.855640, 268.67352, 16.174057, 262.52299, 262.35400,
14.866990, 251.27628, 16.407137, 262.00628, 261.85220,
14.878350, 253.35373, 16.599846, 261.53090, 261.39337,
14.889710, 263.82617, 16.786692, 261.09969, 260.98027,
14.901060, 254.78470, 16.306648, 260.71533, 260.61552,
14.912410, 262.05859, 16.798819, 260.37976, 260.30100,
14.923760, 266.13931, 17.401020, 260.09536, 260.03901,
14.935100, 246.69174, 17.899124, 259.86480, 259.83208,
14.946450, 261.17880, 18.259422, 259.69007, 259.68211,
14.957790, 260.40179, 17.689823, 259.57369, 259.59145,
14.969130, 262.28040, 18.094213, 259.51462, 259.55877,
14.980470, 264.98303, 18.962584, 259.51011, 259.58095,
14.991810, 271.21646, 19.827396, 259.55742, 259.65486,
15.003140, 260.26147, 19.796921, 259.65374, 259.77726,
15.014480, 257.09567, 19.192568, 259.79656, 259.94524,
15.025810, 254.57365, 19.840475, 259.98299, 260.15544,
15.037140, 276.41422, 20.990646, 260.21049, 260.40487,
15.048460, 266.35049, 22.255383, 260.47623, 260.69022,
15.059790, 236.56740, 21.545698, 260.77807, 261.00891,
15.071110, 237.13316, 20.782553, 261.11296, 261.35735,
15.082440, 236.25508, 15.896830, 261.47895, 261.73311,
15.093750, 248.57266, 13.605257, 261.87246, 262.13208,
15.105070, 255.44720, 14.216582, 262.29204, 262.55229,
15.116390, 268.45477, 15.372983, 262.73487, 262.99037,
15.127700, 270.29016, 15.662278, 263.19801, 263.44286,
15.139020, 256.67123, 16.159237, 263.67986, 263.90758,
15.150330, 242.07001, 16.057087, 264.17708, 264.38067,
15.162390, 258.42050, 18.293800, 264.72198, 264.89145,
15.174730, 244.60413, 17.115520, 265.29219, 265.41710,
15.187070, 260.56726, 17.271738, 265.87204, 265.94187,
15.199410, 273.13220, 18.461651, 266.45846, 266.46193,
15.211740, 259.87378, 18.268387, 267.04831, 266.97345,
15.224080, 274.84076, 17.741365, 267.64282, 267.47674,
15.236410, 265.46347, 16.080090, 268.24185, 267.97106,
15.248740, 271.13828, 15.508478, 268.84683, 268.45695,
15.261060, 273.45795, 16.354383, 269.45817, 268.93416,
15.273390, 281.44583, 16.515648, 270.07785, 269.40363,
15.285710, 295.31360, 16.376120, 270.70578, 269.86473,
15.298030, 289.57660, 15.092479, 271.34334, 270.31791,
15.310350, 278.83115, 14.093577, 271.99158, 270.76337,
15.322660, 273.98276, 14.688343, 272.65083, 271.20082,
15.334980, 263.71127, 14.975929, 273.32312, 271.63112,
15.347290, 266.24591, 15.258692, 274.00838, 272.05369,
15.359600, 276.06564, 14.588890, 274.70811, 272.46901,
15.371900, 273.27655, 14.042845, 275.42268, 272.87684,
15.384210, 283.78836, 14.685527, 276.15428, 273.27798,
15.396510, 270.95618, 15.126816, 276.90275, 273.67190,
15.408810, 283.00732, 20.587597, 277.66960, 274.05899,
15.421110, 278.31482, 15.614445, 278.45597, 274.43942,
15.433410, 278.47617, 15.061794, 279.26279, 274.81324,
15.445700, 281.44675, 17.529427, 280.09050, 275.18029,
15.457990, 280.50201, 16.155922, 280.94080, 275.54097,
15.470280, 288.16815, 17.265404, 281.81476, 275.89539,
15.482570, 275.54700, 16.504536, 282.71347, 276.24364,
15.494860, 280.51138, 15.431455, 283.63805, 276.58582,
15.507140, 292.32077, 14.989685, 284.58887, 276.92177,
15.519420, 284.83472, 14.490057, 285.56771, 277.25182,
15.531700, 274.03101, 14.891523, 286.57587, 277.57612,
15.543980, 280.70450, 15.185697, 287.61437, 277.89472,
15.556260, 285.01382, 14.620466, 288.68458, 278.20774,
15.568530, 290.39374, 13.901398, 289.78667, 278.51500,
15.580800, 293.42682, 13.421637, 290.92279, 278.81684,
15.593070, 295.45349, 14.120158, 292.09419, 279.11336,
15.605340, 306.23715, 14.862575, 293.30210, 279.40464,
15.617600, 290.55014, 14.169250, 294.54544, 279.69055,
15.629860, 303.14273, 13.729765, 295.82334, 279.97136,
15.642120, 297.72699, 13.021975, 297.13422, 280.24720,
15.654380, 284.05432, 13.041456, 298.47614, 280.51812,
15.666640, 295.43726, 13.551029, 299.84756, 280.78423,
15.678890, 310.96329, 13.843074, 301.24548, 281.04535,
15.691140, 304.50531, 13.324604, 302.66936, 281.30181,
15.703390, 310.68677, 12.448359, 304.11753, 281.55367,
15.715640, 306.34857, 12.306205, 305.58835, 281.80100,
15.727890, 301.08173, 12.652044, 307.08015, 282.04387,
15.740130, 303.78342, 12.956651, 308.59015, 282.28218,
15.752370, 299.75189, 13.020388, 310.11775, 282.51616,
15.764610, 320.40424, 12.902708, 311.66160, 282.74591,
15.776850, 329.48181, 12.705307, 313.21986, 282.97147,
15.789090, 329.86765, 12.928624, 314.79120, 283.19295,
15.801320, 330.70010, 13.720825, 316.37256, 283.41019,
15.813550, 331.59183, 14.652339, 317.96373, 283.62346,
15.825780, 328.03839, 14.530401, 319.56315, 283.83282,
15.838010, 326.08130, 14.270222, 321.16927, 284.03833,
15.850230, 336.71924, 14.769855, 322.77929, 284.23989,
15.862450, 339.08380, 15.305470, 324.39279, 284.43772,
15.874670, 341.93494, 16.620699, 326.00849, 284.63189,
15.886890, 353.63446, 17.512400, 327.62473, 284.82245,
15.899110, 339.70175, 17.811832, 329.23985, 285.00945,
15.911320, 338.71680, 17.723545, 330.85118, 285.19281,
15.923540, 333.28381, 16.568165, 332.45983, 285.37289,
15.935750, 341.45398, 18.095013, 334.06150, 285.54943,
15.947960, 345.37003, 18.991131, 335.65604, 285.72265,
15.960160, 322.61975, 18.279078, 337.24066, 285.89245,
15.972370, 320.46878, 18.173815, 338.81631, 286.05916,
15.984570, 349.47098, 18.404192, 340.37883, 286.22256,
15.996770, 358.44577, 18.455421, 341.92816, 286.38285,
16.008961, 328.86096, 18.514570, 343.46141, 286.53995,
16.021160, 369.14398, 19.775009, 344.97928, 286.69413,
16.033350, 346.37549, 19.396709, 346.47794, 286.84523,
16.045549, 340.30005, 18.736294, 347.95813, 286.99351,
16.057739, 348.98999, 18.794144, 349.41593, 287.13879,
16.069920, 336.86697, 19.155220, 350.84978, 287.28113,
16.082109, 326.96280, 19.295853, 352.26028, 287.42079,
16.094290, 330.17786, 19.836536, 353.64358, 287.55759,
16.106470, 341.35397, 21.324190, 354.99912, 287.69170,
16.118650, 336.52158, 20.561575, 356.32524, 287.82315,
16.130831, 331.04245, 19.949465, 357.62022, 287.95197,
16.143009, 315.48605, 19.923281, 358.88216, 288.07821,
16.155180, 329.33157, 20.333012, 360.10877, 288.20182,
16.167351, 327.44379, 23.384544, 361.29907, 288.32295,
16.179520, 336.17804, 21.803541, 362.45113, 288.44160,
16.191681, 348.43152, 20.792988, 363.56264, 288.55776,
16.203850, 352.56641, 21.680597, 364.63316, 288.67162,
16.216009, 333.71017, 22.411579, 365.65935, 288.78305,
16.228170, 360.47849, 22.167652, 366.64090, 288.89219,
16.240330, 355.52432, 22.832705, 367.58278, 288.99904,
16.252489, 380.80942, 24.802742, 368.49460, 289.10367,
16.264641, 412.32095, 25.664413, 369.38527, 289.20603,
16.276791, 402.36237, 27.462854, 370.26471, 289.30621,
16.288950, 421.19156, 28.363689, 371.14319, 289.40435,
16.301090, 449.09900, 33.440647, 372.02808, 289.50023,
16.313240, 439.93039, 32.835251, 372.93090, 289.59413,
16.325380, 479.24152, 35.979633, 373.85970, 289.68593,
16.337530, 512.73132, 25.507477, 374.82538, 289.77580,
16.349670, 564.34625, 22.569033, 375.83593, 289.86363,
16.361799, 623.75806, 23.090500, 376.90056, 289.94944,
16.373940, 682.58191, 26.300680, 378.03081, 290.03343,
16.386070, 731.31647, 26.823456, 379.23431, 290.11547,
16.398211, 809.04376, 29.287588, 380.52258, 290.19574,
16.410339, 832.83716, 28.430794, 381.90302, 290.27410,
16.422461, 849.58643, 28.837730, 383.38557, 290.35063,
16.434589, 860.27533, 30.854729, 384.98185, 290.42544,
16.446711, 838.50623, 30.581917, 386.69970, 290.49848,
16.458839, 811.89154, 29.306559, 388.55119, 290.56984,
16.470961, 777.86780, 32.075413, 390.54400, 290.63948,
16.483070, 746.32642, 29.766956, 392.68722, 290.70740,
16.495190, 708.77838, 38.522999, 394.99469, 290.77374,
16.500280, 678.85907, 26.619799, 396.01492, 290.80113,
16.513599, 673.66687, 24.959869, 398.83407, 290.87145,
16.526911, 597.49109, 21.104221, 401.87934, 290.93984,
16.540211, 579.82385, 20.413754, 405.16333, 291.00630,
16.553520, 553.17609, 20.309181, 408.70534, 291.07098,
16.566820, 511.87402, 20.112345, 412.51464, 291.13382,
16.580120, 478.61865, 19.737663, 416.60821, 291.19488,
16.593420, 478.31052, 18.553612, 421.00080, 291.25420,
16.606710, 490.81393, 18.470293, 425.70390, 291.31177,
16.620001, 474.58896, 18.488400, 430.73574, 291.36765,
16.633301, 469.72992, 19.253454, 436.11573, 291.42192,
16.646589, 475.63467, 20.654100, 441.85101, 291.47451,
16.659870, 455.58719, 20.771629, 447.95838, 291.52547,
16.673149, 451.25180, 20.190594, 454.45629, 291.57485,
16.686440, 455.35834, 19.379667, 461.36821, 291.62271,
16.699711, 464.19022, 19.167997, 468.68887, 291.66899,
16.712990, 460.21600, 19.552969, 476.38947, 291.71379,
16.726271, 445.00568, 19.686262, 484.39498, 291.75713,
16.739540, 449.37671, 19.039612, 492.62494, 291.79897,
16.752810, 454.94196, 23.141333, 501.01430, 291.83939,
16.766081, 461.08929, 17.320360, 509.49256, 291.87840,
16.779341, 467.26782, 17.407122, 517.97952, 291.91601,
16.792601, 458.69034, 18.079676, 526.41098, 291.95225,
16.805870, 466.50409, 18.605881, 534.72132, 291.98718,
16.819120, 444.08395, 18.004158, 542.82118, 292.02074,
16.832380, 456.06259, 17.029644, 550.65653, 292.05303,
16.845631, 454.33905, 15.792486, 558.14422, 292.08402,
16.858891, 455.35779, 15.713409, 565.22285, 292.11378,
16.872141, 457.03647, 16.369932, 571.80980, 292.14228,
16.885380, 457.87677, 16.559004, 577.83263, 292.16954,
16.898630, 458.16327, 16.353565, 583.22863, 292.19562,
16.911869, 459.59201, 15.694899, 587.91498, 292.22051,
16.925110, 464.05014, 15.413219, 591.82313, 292.24423,
16.938351, 464.50122, 15.967594, 594.87777, 292.26681,
16.951580, 464.56937, 16.686417, 597.00230, 292.28825,
16.964821, 474.88141, 17.892029, 598.15667, 292.30860,
16.978050, 482.02417, 18.274256, 598.38459, 292.32784,
16.991270, 477.58615, 18.134529, 597.74885, 292.34599,
17.004499, 515.06116, 18.286182, 596.30849, 292.36309,
17.017719, 680.11279, 20.438435, 594.12489, 292.37914,
17.030951, 1334.0325, 27.689165, 591.25322, 292.39418,
17.044161, 1387.6508, 30.229576, 587.75944, 292.40818,
17.057381, 719.29395, 23.171165, 583.69398, 292.42119,
17.070601, 515.87274, 18.917131, 579.11646, 292.43321,
17.083811, 500.71008, 18.507130, 574.08758, 292.44426,
17.097019, 500.84183, 17.832197, 568.66147, 292.45435,
17.110229, 492.53625, 18.237082, 562.89274, 292.46351,
17.123430, 494.53549, 19.069342, 556.84250, 292.47172,
17.136641, 489.13055, 18.973717, 550.55768, 292.47903,
17.149839, 475.40094, 18.208088, 544.10373, 292.48543,
17.163040, 477.34445, 18.199274, 537.52959, 292.49094,
17.176229, 496.84885, 17.989754, 530.89714, 292.49557,
17.189430, 483.50793, 17.811623, 524.24996, 292.49933,
17.202620, 480.46320, 18.378300, 517.65461, 292.50224,
17.215811, 487.79376, 18.277552, 511.15941, 292.50431,
17.229000, 495.37997, 18.018452, 504.82135, 292.50554,
17.242180, 519.76971, 23.822365, 498.69898, 292.50595,
17.255369, 512.93146, 31.538261, 492.82123, 292.50555,
17.268551, 495.03589, 20.060780, 487.19077, 292.50435,
17.281719, 499.31128, 18.967207, 481.79814, 292.50237,
17.294901, 503.17859, 20.476225, 476.62123, 292.49960,
17.308069, 528.97058, 21.364014, 471.65956, 292.49606,
17.321251, 517.90295, 20.317440, 466.89222, 292.49176,
17.334410, 531.44946, 21.305553, 462.32143, 292.48672,
17.347580, 552.28943, 22.866566, 457.92449, 292.48093,
17.360750, 541.85791, 24.169603, 453.69505, 292.47441,
17.373911, 563.81396, 25.933811, 449.62573, 292.46716,
17.387070, 538.04608, 25.719671, 445.70382, 292.45920,
17.400230, 524.10229, 25.259630, 441.91815, 292.45053,
17.413380, 508.38849, 23.361420, 438.26250, 292.44116,
17.426540, 510.57816, 23.657864, 434.72067, 292.43110,
17.439690, 486.56497, 23.124674, 431.28908, 292.42035,
17.452841, 483.66953, 24.934477, 427.95449, 292.40893,
17.465981, 439.22021, 23.877417, 424.71060, 292.39685,
17.479130, 433.21521, 23.970926, 421.54271, 292.38409,
17.492270, 434.80093, 23.540436, 418.44598, 292.37068,
17.505409, 404.23334, 22.556475, 415.40871, 292.35662,
17.518551, 394.20306, 22.958441, 412.42111, 292.34191,
17.531679, 381.10110, 23.767408, 409.47731, 292.32658,
17.544821, 392.96204, 24.709913, 406.56205, 292.31060,
17.557949, 378.19791, 24.047415, 403.67203, 292.29400,
17.571079, 362.92230, 23.825289, 400.79464, 292.27678,
17.584200, 393.21613, 23.921686, 397.92318, 292.25896,
17.597330, 384.04095, 23.543964, 395.04430, 292.24051,
17.610451, 371.78619, 23.734421, 392.15400, 292.22147,
17.623569, 386.67114, 24.494600, 389.25012, 292.20182,
17.636690, 387.36667, 31.504223, 386.33477, 292.18158,
17.649799, 406.08743, 28.612297, 383.41389, 292.16076,
17.662910, 414.20502, 29.730829, 380.48744, 292.13934,
17.676029, 418.50415, 33.936069, 377.55711, 292.11733,
17.689131, 434.58963, 28.628082, 374.63138, 292.09477,
17.702240, 443.74509, 35.406330, 371.70764, 292.07161,
17.715349, 410.93692, 34.499443, 368.79056, 292.04788,
17.728451, 444.70309, 37.373093, 365.88477, 292.02359,
17.741550, 427.17303, 34.449238, 362.99194, 291.99874,
17.754641, 441.31522, 25.458405, 360.11669, 291.97333,
17.767740, 422.50247, 23.012196, 357.25782, 291.94735,
17.780830, 424.55176, 24.474409, 354.42247, 291.92083,
17.793921, 407.80197, 23.998737, 351.61153, 291.89375,
17.807011, 411.95117, 23.545956, 348.82802, 291.86612,
17.820101, 412.47067, 24.064270, 346.07498, 291.83793,
17.833179, 388.51309, 24.516338, 343.35783, 291.80921,
17.846270, 402.45721, 24.239765, 340.67487, 291.77992,
17.859341, 400.30963, 24.333584, 338.03545, 291.75013,
17.872419, 407.11908, 25.518366, 335.43723, 291.71977,
17.885500, 390.52225, 28.909843, 332.88456, 291.68886,
17.898569, 377.94189, 28.987289, 330.38318, 291.65744,
17.911640, 341.60031, 28.131205, 327.93371, 291.62547,
17.924709, 357.61661, 26.738714, 325.54011, 291.59296,
17.937780, 362.78436, 45.330936, 323.20500, 291.55991,
17.941250, 351.66428, 23.027363, 322.59549, 291.55105,
17.955721, 322.64862, 21.002110, 320.10189, 291.51366,
17.970181, 348.02670, 21.524305, 317.69209, 291.47565,
17.984650, 308.67822, 19.983114, 315.36726, 291.43695,
17.999109, 312.65640, 19.801041, 313.13524, 291.39761,
18.013571, 297.50827, 19.941723, 310.99902, 291.35760,
18.028021, 309.29071, 19.500095, 308.96540, 291.31696,
18.042480, 311.29916, 19.028454, 307.03641, 291.27563,
18.056931, 296.98730, 17.976507, 305.21972, 291.23366,
18.071381, 306.47125, 18.342178, 303.51920, 291.19103,
18.085819, 291.52155, 19.285908, 301.94136, 291.14777,
18.100269, 298.56363, 21.064625, 300.48911, 291.10380,
18.114710, 307.30304, 22.887068, 299.16785, 291.05919,
18.129150, 306.93491, 22.121597, 297.97154, 291.01390,
18.143579, 278.16019, 19.774710, 296.89403, 290.96798,
18.158020, 280.56577, 18.568230, 295.92677, 290.92134,
18.172449, 313.21948, 19.767342, 295.06458, 290.87406,
18.186880, 301.55719, 20.642319, 294.29992, 290.82609,
18.201300, 295.21188, 20.264215, 293.62684, 290.77746,
18.215719, 266.30615, 18.818089, 293.03827, 290.72815,
18.230150, 268.77164, 17.770872, 292.52744, 290.67811,
18.244560, 288.24622, 17.203190, 292.08912, 290.62743,
18.258980, 288.63550, 16.859375, 291.71605, 290.57602,
18.273390, 295.28644, 17.385868, 291.40255, 290.52394,
18.287800, 298.05716, 17.910358, 291.14223, 290.47115,
18.302210, 289.23499, 17.687944, 290.92901, 290.41763,
18.316620, 297.35938, 17.078609, 290.75687, 290.36340,
18.331020, 272.88361, 15.971889, 290.61988, 290.30847,
18.345421, 291.06253, 16.430490, 290.51196, 290.25281,
18.359819, 296.67377, 17.418865, 290.42720, 290.19641,
18.374210, 300.74078, 19.035814, 290.35970, 290.13930,
18.388611, 286.82812, 20.411972, 290.30351, 290.08140,
18.403000, 279.96069, 20.272640, 290.25282, 290.02278,
18.417379, 279.55008, 18.824671, 290.20177, 289.96344,
18.431770, 297.14069, 18.224983, 290.14441, 289.90327,
18.446150, 285.78473, 17.379417, 290.07497, 289.84237,
18.460529, 299.12521, 18.310005, 289.98755, 289.78068,
18.474911, 303.76630, 19.455654, 289.87624, 289.71819,
18.489281, 283.49036, 20.973221, 289.73527, 289.65493,
18.503660, 296.27792, 19.274170, 289.55854, 289.59082,
18.518030, 282.17813, 17.223425, 289.34300, 289.52590,
18.532391, 290.26761, 16.390131, 289.09055, 289.46004,
18.546761, 283.56232, 16.063843, 288.80319, 289.39304,
18.561119, 291.67621, 16.823360, 288.48366, 289.32488,
18.575480, 287.23578, 17.668886, 288.13398, 289.25537,
18.589840, 293.13141, 17.991869, 287.75645, 289.18440,
18.604191, 293.78162, 17.640863, 287.35359, 289.11189,
18.618549, 297.00787, 16.944225, 286.92712, 289.03764,
18.632900, 302.89935, 16.993286, 286.47969, 288.96159,
18.647240, 291.61694, 18.086716, 286.01362, 288.88365,
18.661591, 288.93527, 19.547699, 285.53032, 288.80357,
18.675930, 291.45282, 21.026777, 285.03269, 288.72135,
18.690269, 300.38519, 22.146473, 284.52248, 288.63679,
18.704611, 298.00815, 21.722546, 284.00171, 288.54976,
18.718941, 295.21848, 19.753403, 283.47298, 288.46022,
18.733271, 285.74945, 18.517193, 282.93797, 288.36796,
18.747601, 286.92142, 19.279137, 282.39875, 288.27286,
18.761930, 307.26938, 20.975105, 281.85741, 288.17478,
18.776260, 321.85867, 21.945972, 281.31601, 288.07360,
18.790581, 317.46423, 21.870129, 280.77701, 287.96924,
18.804899, 312.95575, 20.340393, 280.24216, 287.86153,
18.819220, 311.23560, 19.316757, 279.71342, 287.75030,
18.833530, 303.23026, 19.097401, 279.19328, 287.63551,
18.847839, 297.22195, 18.688129, 278.68354, 287.51696,
18.862150, 313.85989, 19.773014, 278.18615, 287.39447,
18.876459, 313.72125, 21.501322, 277.70335, 287.26795,
18.890770, 302.20734, 21.819183, 277.23713, 287.13722,
18.905069, 292.82196, 21.618542, 276.79005, 287.00226,
18.919371, 312.78006, 21.154556, 276.36379, 286.86281,
18.933670, 308.85626, 21.714024, 275.96066, 286.71875,
18.947960, 326.84906, 25.100969, 275.58300, 286.57003,
18.962250, 299.30408, 25.583019, 275.23274, 286.41639,
18.976540, 312.52936, 27.624382, 274.91211, 286.25769,
18.990829, 311.69797, 27.446102, 274.62336, 286.09378,
19.005119, 290.83124, 26.706024, 274.36876, 285.92449,
19.019400, 280.61078, 23.910564, 274.15075, 285.74981,
19.033680, 297.00555, 23.576881, 273.97149, 285.56945,
19.047960, 285.61401, 23.972439, 273.83333, 285.38325,
19.062229, 268.77490, 26.290621, 273.73876, 285.19122,
19.076500, 233.73907, 31.162704, 273.69005, 284.99301,
19.090771, 262.57693, 29.684017, 273.68972, 284.78848,
19.105040, 277.02219, 26.617657, 273.74027, 284.57750,
19.119310, 265.84415, 25.513624, 273.84427, 284.35984,
19.133570, 276.81900, 23.363943, 274.00417, 284.13553,
19.147829, 285.95404, 25.614105, 274.22270, 283.90424,
19.162090, 282.90231, 26.600103, 274.50258, 283.66575,
19.176340, 276.07925, 27.843765, 274.84626, 283.42011,
19.190599, 276.21188, 26.858068, 275.25704, 283.16679,
19.204849, 263.88995, 30.059284, 275.73722, 282.90593,
19.219101, 290.90558, 30.495380, 276.29007, 282.63715,
19.233339, 282.29010, 28.447411, 276.91788, 282.36056,
19.247580, 262.52774, 33.476540, 277.62428, 282.07568,
19.261820, 282.26941, 38.848808, 278.41232, 281.78235,
19.276060, 269.27728, 36.254829, 279.28516, 281.48036,
19.290300, 318.67673, 44.047104, 280.24608, 281.16954,
19.304529, 286.68094, 40.933655, 281.29751, 280.84992,
19.318760, 298.71744, 39.395111, 282.44377, 280.52101,
19.332991, 261.77109, 37.788086, 283.68820, 280.18265,
19.347219, 276.05539, 37.321796, 285.03418, 279.83468,
19.361441, 290.67813, 38.580441, 286.48474, 279.47701,
19.375660, 344.09525, 43.000557, 288.04408, 279.10931,
19.389879, 245.71455, 39.181664, 289.71624, 278.73130,
19.404100, 230.47890, 41.630711, 291.50540, 278.34271,
19.418310, 271.44724, 40.584198, 293.41378, 277.94368,
19.432520, 301.09894, 44.147163, 295.44692, 277.53366,
