# wave, flux, fluxerr, continuum, continuum_plateau
9.9725246, 93.349442, 15.508983, 92.392983, 92.394218,
9.9806166, 102.55777, 16.445801, 92.131845, 92.132923,
9.9887066, 98.950531, 14.214157, 91.881786, 91.882702,
9.9967957, 100.53154, 13.137773, 91.641975, 91.642732,
10.004880, 74.929001, 13.817919, 91.411724, 91.412330,
10.012970, 88.115265, 13.627180, 91.189946, 91.190414,
10.021050, 95.035873, 11.819803, 90.976268, 90.976615,
10.029140, 85.205994, 12.016825, 90.769400, 90.769644,
10.037220, 105.14747, 13.509286, 90.569072, 90.569233,
10.045300, 107.78228, 11.812592, 90.374233, 90.374331,
10.053380, 104.30942, 11.081383, 90.184084, 90.184136,
10.061460, 86.717667, 11.889170, 89.997894, 89.997916,
10.069540, 100.06791, 11.916159, 89.814844, 89.814849,
10.077610, 103.27881, 10.687269, 89.634416, 89.634414,
10.085690, 91.578728, 10.894457, 89.455389, 89.455386,
10.093760, 73.450874, 11.402779, 89.277416, 89.277415,
10.101830, 100.62878, 10.898548, 89.099513, 89.099513,
10.109900, 80.617249, 10.031191, 88.920891, 88.920887,
10.117970, 88.333443, 11.421251, 88.740822, 88.740804,
10.126040, 76.502869, 11.145369, 88.558515, 88.558471,
10.134100, 94.709244, 10.424763, 88.373442, 88.373355,
10.142170, 71.532295, 10.232603, 88.184349, 88.184202,
10.150230, 70.402870, 11.205042, 87.990936, 87.990707,
10.158300, 81.324448, 10.736654, 87.791971, 87.791638,
10.166360, 82.529266, 10.090744, 87.587176, 87.586717,
10.174420, 82.312477, 11.317982, 87.375496, 87.374888,
10.182470, 99.100471, 12.314316, 87.156468, 87.155692,
10.190530, 85.493576, 13.269491, 86.928773, 86.927811,
10.198590, 75.224564, 10.850376, 86.691856, 86.690695,
10.206640, 68.752609, 12.301963, 86.445288, 86.443921,
10.214690, 83.144905, 11.967048, 86.187985, 86.186412,
10.222750, 81.688141, 10.923241, 85.918833, 85.917064,
10.230800, 85.034630, 12.010349, 85.637681, 85.635737,
10.238850, 74.607811, 12.549513, 85.343424, 85.341339,
10.246890, 96.556847, 11.684896, 85.035640, 85.033464,
10.254940, 74.360428, 11.026653, 84.712799, 84.710599,
10.262990, 84.303497, 12.624861, 84.374454, 84.372318,
10.271030, 80.772705, 12.647491, 84.020227, 84.018265,
10.279070, 78.905190, 11.381243, 83.648961, 83.647308,
10.287120, 88.509926, 12.378883, 83.259281, 83.258102,
10.295150, 77.753143, 13.321030, 82.851877, 82.851366,
10.303190, 72.776215, 12.460232, 82.424485, 82.424870,
10.311230, 108.87727, 12.555073, 81.979867, 81.981355,
10.319270, 77.641586, 13.152625, 81.523956, 81.526665,
10.327300, 72.325089, 14.213640, 81.063706, 81.067657,
10.335340, 86.150467, 13.178326, 80.604260, 80.609382,
10.343370, 68.698151, 12.814154, 80.152933, 80.159061,
10.351400, 88.161522, 15.238258, 79.715562, 79.722437,
10.359430, 86.797592, 15.491972, 79.298373, 79.305638,
10.367460, 93.790863, 13.952501, 78.907650, 78.914848,
10.375480, 73.749359, 12.667812, 78.550129, 78.556701,
10.383510, 58.074234, 13.917057, 78.231168, 78.236442,
10.391530, 61.060211, 12.997986, 77.957866, 77.961057,
10.399560, 75.533524, 10.955445, 77.735891, 77.736084,
10.407580, 75.293701, 12.218897, 77.570924, 77.567121,
10.415600, 75.792976, 12.954693, 77.462332, 77.453631,
10.423620, 72.624008, 13.536045, 77.408136, 77.393780,
10.431640, 81.433105, 12.764023, 77.406410, 77.385781,
10.439650, 85.613106, 12.779176, 77.455133, 77.427750,
10.447670, 83.508484, 13.191124, 77.552526, 77.518012,
10.455680, 85.386024, 12.448811, 77.696442, 77.654551,
10.463700, 81.416443, 11.910076, 77.885376, 77.835947,
10.471710, 86.704376, 13.143816, 78.116965, 78.059954,
10.479720, 64.388542, 13.181803, 78.389575, 78.325018,
10.487730, 80.662216, 12.776630, 78.701363, 78.629380,
10.495730, 74.291435, 12.091650, 79.050061, 78.970856,
10.503740, 68.826218, 14.884531, 79.434679, 79.348511,
10.511750, 80.327393, 15.068874, 79.853013, 79.760215,
10.519750, 76.054871, 15.508840, 80.302650, 80.203621,
10.527750, 52.172253, 16.050623, 80.782389, 80.677572,
10.535750, 87.472900, 19.610880, 81.290398, 81.180289,
10.543750, 66.589752, 18.464699, 81.824842, 81.709979,
10.551750, 88.333862, 19.457062, 82.384083, 82.265044,
10.559750, 104.05650, 23.388432, 82.966232, 82.843632,
10.567850, 82.233612, 11.548100, 83.577356, 83.451811,
10.576350, 95.902451, 12.179729, 84.240044, 84.112155,
10.584840, 112.85719, 12.267433, 84.921759, 84.792323,
10.593340, 98.233307, 10.521896, 85.622106, 85.491945,
10.601830, 90.793106, 10.297228, 86.337288, 86.207247,
10.610330, 89.394180, 11.005430, 87.067004, 86.937952,
10.618820, 94.069374, 10.794489, 87.807477, 87.680299,
10.627310, 109.69528, 10.079268, 88.557376, 88.432975,
10.635800, 96.263733, 10.218692, 89.314819, 89.194114,
10.644280, 96.260071, 10.895079, 90.076727, 89.960642,
10.652770, 95.277298, 10.125819, 90.842851, 90.732338,
10.661250, 96.304077, 9.5250378, 91.609429, 91.505438,
10.669740, 84.423409, 9.9251995, 92.376141, 92.279648,
10.678220, 84.228394, 10.354815, 93.139221, 93.051200,
10.686700, 104.51845, 9.8072882, 93.897492, 93.818938,
10.695180, 100.48608, 9.5777969, 94.648911, 94.580833,
10.703650, 91.662170, 10.295353, 95.390604, 95.334013,
10.712130, 104.71666, 10.512671, 96.122116, 96.078066,
10.720600, 83.579201, 9.3458862, 96.839920, 96.809457,
10.729080, 102.90507, 9.9216843, 97.543497, 97.527721,
10.737550, 104.70853, 10.769114, 98.229135, 98.229135,
10.746020, 93.869148, 10.063938, 98.896135, 98.913025,
10.754490, 89.603989, 9.4430475, 99.544301, 99.579114,
10.762960, 110.51787, 10.306376, 100.17413, 100.22781,
10.771420, 98.868141, 10.810152, 100.78509, 100.85844,
10.779890, 98.093369, 10.442825, 101.37918, 101.47296,
10.788350, 101.47662, 9.9733095, 101.95517, 102.07004,
10.796810, 104.20334, 10.925995, 102.51416, 102.65068,
10.805270, 94.930580, 11.455137, 103.05647, 103.21514,
10.813730, 121.47037, 11.355146, 103.58242, 103.76364,
10.822190, 115.03589, 10.982883, 104.09232, 104.29645,
10.830650, 107.11401, 11.998195, 104.58649, 104.81378,
10.839100, 99.319000, 12.243479, 105.06464, 105.31526,
10.847560, 109.15314, 11.797932, 105.52826, 105.80238,
10.856010, 90.571777, 11.410311, 105.97656, 106.27421,
10.864460, 120.03833, 13.559919, 106.41029, 106.73148,
10.872910, 97.866005, 13.464546, 106.82981, 107.17448,
10.881360, 115.10052, 12.873213, 107.23543, 107.60349,
10.889800, 123.60862, 13.750040, 107.62691, 108.01816,
10.898250, 113.23003, 15.312731, 108.00545, 108.41971,
10.906690, 116.41521, 15.561117, 108.37047, 108.80746,
10.915140, 99.207565, 13.870641, 108.72310, 109.18253,
10.923580, 143.13295, 15.942020, 109.06271, 109.54422,
10.932020, 128.41425, 17.363979, 109.39002, 109.89321,
10.940460, 130.77983, 17.143570, 109.70528, 110.22973,
10.948890, 153.10655, 16.969028, 110.00836, 110.55358,
10.957330, 141.84140, 17.715084, 110.30027, 110.86579,
10.965760, 158.41714, 15.668003, 110.58055, 111.16582,
10.974200, 180.90909, 14.210197, 110.85007, 111.45455,
10.982630, 194.67859, 13.452763, 111.10844, 111.73152,
10.991060, 193.82217, 13.270427, 111.35625, 111.99731,
10.999490, 205.63931, 14.220686, 111.59368, 112.25208,
11.007920, 210.61395, 13.978058, 111.82100, 112.49609,
11.016340, 210.74762, 13.845167, 112.03814, 112.72922,
11.024770, 208.57812, 14.695294, 112.24584, 112.95222,
11.033190, 196.51013, 15.675619, 112.44385, 113.16480,
11.041610, 208.85269, 16.136543, 112.63262, 113.36740,
11.050030, 199.72391, 16.185734, 112.81236, 113.56022,
11.058450, 178.05183, 16.826542, 112.98327, 113.74345,
11.066870, 195.95898, 18.448185, 113.14557, 113.91729,
11.075290, 170.04298, 17.655510, 113.29944, 114.08193,
11.083700, 175.04900, 17.617798, 113.44493, 114.23739,
11.092120, 180.14610, 19.322006, 113.58257, 114.38421,
11.100530, 186.02365, 21.145145, 113.71222, 114.52223,
11.108940, 200.58194, 21.079031, 113.83427, 114.65183,
11.117350, 202.12067, 29.862972, 113.94887, 114.77319,
11.120570, 174.52437, 14.732539, 113.99083, 114.81752,
11.129530, 217.83957, 14.382275, 114.10206, 114.93472,
11.138500, 215.13144, 13.866072, 114.20549, 115.04321,
11.147460, 204.68597, 14.209801, 114.30109, 115.14294,
11.156430, 264.36612, 15.206315, 114.38931, 115.23437,
11.165390, 292.43372, 14.514406, 114.47015, 115.31751,
11.174350, 330.84613, 14.541173, 114.54392, 115.39268,
11.183300, 377.54660, 15.971886, 114.61078, 115.46003,
11.192260, 415.50711, 16.336008, 114.67107, 115.51993,
11.201220, 428.51965, 15.505643, 114.72492, 115.57250,
11.210170, 432.79089, 15.222735, 114.77248, 115.61793,
11.219120, 427.58597, 16.004581, 114.81402, 115.65647,
11.228070, 412.92596, 15.779724, 114.84973, 115.68833,
11.237020, 417.16702, 14.707402, 114.87981, 115.71374,
11.245970, 411.78644, 14.666765, 114.90445, 115.73289,
11.254920, 388.23849, 14.935940, 114.92384, 115.74600,
11.263860, 399.11374, 14.846869, 114.93816, 115.75326,
11.272800, 371.02173, 13.582558, 114.94762, 115.75490,
11.281750, 354.72437, 13.658123, 114.95241, 115.75112,
11.290690, 348.74426, 14.073162, 114.95271, 115.74213,
11.299630, 344.94690, 13.877947, 114.94870, 115.72813,
11.308560, 309.26190, 12.723997, 114.94057, 115.70934,
11.317500, 306.20587, 12.918381, 114.92849, 115.68594,
11.326430, 285.64508, 13.338784, 114.91267, 115.65816,
11.335370, 274.31396, 12.915353, 114.89323, 115.62615,
11.344300, 274.78662, 12.377577, 114.87042, 115.59018,
11.353230, 247.15714, 12.118553, 114.84436, 115.55041,
11.362160, 245.47888, 12.905407, 114.81525, 115.50705,
11.371080, 229.25523, 12.438114, 114.78329, 115.46034,
11.380010, 222.33231, 11.781764, 114.74858, 115.41039,
11.388930, 221.99994, 11.935190, 114.71136, 115.35748,
11.397850, 222.56604, 12.784744, 114.67177, 115.30177,
11.406780, 201.13524, 12.383387, 114.62993, 115.24339,
11.415700, 193.44019, 11.661763, 114.58610, 115.18266,
11.424610, 178.42770, 11.808022, 114.54044, 115.11978,
11.433530, 181.28314, 12.773025, 114.49303, 115.05482,
11.442450, 166.48152, 12.431540, 114.44409, 114.98802,
11.451360, 153.46468, 11.509848, 114.39382, 114.91966,
11.460270, 158.15854, 12.264154, 114.34234, 114.84987,
11.469180, 157.41273, 13.051029, 114.28982, 114.77883,
11.478090, 144.66272, 12.803915, 114.23641, 114.70673,
11.487000, 145.16034, 12.349748, 114.18229, 114.63378,
11.495910, 140.14664, 12.873611, 114.12761, 114.56017,
11.504810, 118.70761, 13.308956, 114.07259, 114.48615,
11.513710, 142.82997, 14.169557, 114.01734, 114.41186,
11.522620, 155.02628, 13.924042, 113.96195, 114.33739,
11.531520, 146.51332, 14.214648, 113.90672, 114.26311,
11.540420, 119.50514, 14.694906, 113.85174, 114.18912,
11.549310, 149.31287, 16.130159, 113.79723, 114.11569,
11.558210, 146.82085, 15.459913, 113.74323, 114.04285,
11.567100, 129.20448, 15.523193, 113.69003, 113.97097,
11.576000, 127.84753, 16.743229, 113.63766, 113.90006,
11.584890, 133.25507, 42.005432, 113.58641, 113.83048,
11.593780, 144.73236, 17.578018, 113.53639, 113.76234,
11.602670, 119.32130, 17.087181, 113.48774, 113.69583,
11.611560, 115.33212, 19.256733, 113.44064, 113.63115,
11.620440, 122.21030, 20.798824, 113.39530, 113.56855,
11.629330, 135.08212, 20.749893, 113.35178, 113.50808,
11.638210, 139.23550, 20.369371, 113.31034, 113.45008,
11.647090, 104.40562, 21.567741, 113.27110, 113.39467,
11.655970, 123.76445, 23.895370, 113.23422, 113.34205,
11.664850, 110.10783, 17.292625, 113.19987, 113.29239,
11.673730, 119.81047, 12.881131, 113.16822, 113.24590,
11.682600, 119.22179, 14.264246, 113.13947, 113.20282,
11.691480, 130.29727, 15.395496, 113.11372, 113.16325,
11.700350, 109.13591, 15.112381, 113.09119, 113.12746,
11.709220, 128.47025, 15.707993, 113.07203, 113.09561,
11.718090, 102.12731, 15.575605, 113.05642, 113.06790,
11.726960, 108.90319, 17.569347, 113.04451, 113.04451,
11.735830, 113.99571, 18.530212, 113.03643, 113.02558,
11.744690, 94.899651, 19.914829, 113.03201, 113.01095,
11.753560, 108.69855, 19.271902, 113.03102, 113.00036,
11.762420, 116.62232, 20.442930, 113.03324, 112.99361,
11.771280, 119.60710, 36.091450, 113.03844, 112.99044,
11.775020, 106.38347, 10.760805, 113.04148, 112.99012,
11.784500, 107.38684, 11.356606, 113.05129, 112.99189,
11.793980, 134.41071, 11.536922, 113.06388, 112.99710,
11.803460, 138.33369, 11.967021, 113.07899, 113.00548,
11.812940, 121.90461, 10.241436, 113.09637, 113.01675,
11.822420, 123.85468, 10.808266, 113.11573, 113.03063,
11.831890, 124.51273, 10.711079, 113.13680, 113.04682,
11.841360, 134.35298, 10.367945, 113.15934, 113.06506,
11.850840, 124.57412, 9.8081055, 113.18309, 113.08509,
11.860310, 131.10385, 10.351955, 113.20775, 113.10659,
11.869770, 129.21631, 10.291733, 113.23307, 113.12927,
11.879240, 125.75139, 9.7594128, 113.25882, 113.15292,
11.888710, 133.74301, 9.4846764, 113.28472, 113.17722,
11.898170, 128.75468, 9.7386618, 113.31049, 113.20188,
11.907630, 124.49123, 9.9025459, 113.33588, 113.22664,
11.917090, 132.60156, 9.7157259, 113.36064, 113.25124,
11.926550, 136.90190, 9.4267693, 113.38451, 113.27538,
11.936010, 133.12920, 9.4630756, 113.40723, 113.29880,
11.945470, 145.19121, 17.117199, 113.42853, 113.32121,
11.954920, 149.67290, 9.8138685, 113.44814, 113.34233,
11.964370, 141.12073, 9.3917255, 113.46581, 113.36190,
11.973830, 131.23837, 9.2415600, 113.48129, 113.37966,
11.983280, 131.20734, 9.7368555, 113.49430, 113.39530,
11.992720, 120.89376, 9.3784924, 113.50456, 113.40854,
12.002170, 134.49557, 9.3793650, 113.51185, 113.41914,
12.011610, 125.33498, 9.1926241, 113.51588, 113.42680,
12.021060, 117.67506, 9.5571871, 113.51638, 113.43126,
12.030500, 110.92540, 9.4930859, 113.51310, 113.43223,
12.039940, 130.93881, 9.5804634, 113.50575, 113.42944,
12.049380, 135.24521, 9.4688406, 113.49408, 113.42261,
12.058820, 115.12515, 9.7271948, 113.47780, 113.41147,
12.068250, 122.15619, 10.123839, 113.45667, 113.39574,
12.077690, 136.40500, 10.052574, 113.43037, 113.37512,
12.087120, 117.77127, 9.5577307, 113.39867, 113.34937,
12.096550, 112.96150, 9.9692421, 113.36127, 113.31819,
12.105980, 110.51638, 10.488446, 113.31789, 113.28129,
12.115410, 117.76789, 10.394403, 113.26823, 113.23840,
12.124830, 102.87247, 9.7727308, 113.21209, 113.18929,
12.134260, 112.87637, 10.518967, 113.14905, 113.13357,
12.143680, 98.550293, 10.803947, 113.07895, 113.07107,
12.153100, 108.72044, 11.165522, 113.00144, 113.00144,
12.162520, 130.02094, 12.543978, 112.91630, 112.92448,
12.171940, 114.00148, 11.156934, 112.82362, 112.84025,
12.181360, 93.931412, 11.298035, 112.72358, 112.74887,
12.190770, 118.01007, 12.369011, 112.61646, 112.65059,
12.200180, 112.98871, 11.730316, 112.50233, 112.54545,
12.209600, 122.52680, 12.182320, 112.38121, 112.43345,
12.219010, 121.50557, 12.846394, 112.25353, 112.31496,
12.228420, 136.38025, 13.995586, 112.11931, 112.18998,
12.237820, 114.48080, 13.376322, 111.97888, 112.05881,
12.247230, 101.26872, 13.159935, 111.83206, 111.92126,
12.256630, 127.97617, 13.994129, 111.67933, 111.77776,
12.266040, 132.69579, 15.573019, 111.52052, 111.62813,
12.275440, 157.48532, 16.037033, 111.35609, 111.47280,
12.284840, 158.15625, 16.046230, 111.18606, 111.31176,
12.294230, 127.11024, 15.626364, 111.01070, 111.14528,
12.303630, 142.45906, 19.272346, 110.82984, 110.97315,
12.313030, 111.77281, 17.492928, 110.64375, 110.79564,
12.322420, 125.48505, 19.995224, 110.45280, 110.61309,
12.331810, 119.57749, 13.603945, 110.25692, 110.42541,
12.341200, 138.38538, 11.658658, 110.05624, 110.23273,
12.350590, 135.39677, 12.315086, 109.85089, 110.03515,
12.359980, 144.64432, 13.087896, 109.64099, 109.83280,
12.369360, 158.76450, 13.336502, 109.42690, 109.62600,
12.378750, 142.88358, 13.408354, 109.20829, 109.41443,
12.388130, 129.69614, 13.694703, 108.98574, 109.19865,
12.397510, 157.37878, 14.404886, 108.75917, 108.97857,
12.406890, 136.03963, 13.552753, 108.52865, 108.75427,
12.416270, 136.07895, 13.580460, 108.29432, 108.52586,
12.425640, 130.09142, 14.522451, 108.05657, 108.29373,
12.435020, 139.43321, 16.004646, 107.81498, 108.05746,
12.444390, 146.42007, 16.129210, 107.57020, 107.81769,
12.453760, 161.14609, 16.470457, 107.32207, 107.57426,
12.463130, 171.48972, 17.158731, 107.07071, 107.32728,
12.472500, 152.15680, 19.598274, 106.81623, 107.07686,
12.481870, 182.29547, 24.315639, 106.55872, 106.82310,
12.489420, 161.25932, 11.748720, 106.34910, 106.61626,
12.499490, 156.86292, 12.049570, 106.06668, 106.33723,
12.509550, 166.38727, 11.686956, 105.78140, 106.05495,
12.519610, 164.77454, 10.923862, 105.49312, 105.76931,
12.529670, 170.49553, 10.926275, 105.20200, 105.48045,
12.539730, 192.54416, 11.890617, 104.90810, 105.18844,
12.549780, 184.14119, 13.076447, 104.61189, 104.89376,
12.559840, 169.77994, 10.781589, 104.31287, 104.59590,
12.569890, 179.36923, 10.578159, 104.01179, 104.29562,
12.579940, 189.60049, 10.987353, 103.70846, 103.99273,
12.589990, 184.97116, 10.948660, 103.40300, 103.68736,
12.600040, 195.67740, 10.808219, 103.09550, 103.37960,
12.610090, 200.09323, 10.289657, 102.78614, 103.06963,
12.620130, 197.17625, 12.517736, 102.47532, 102.75788,
12.630170, 198.23836, 10.794336, 102.16282, 102.44411,
12.640210, 195.57913, 10.820230, 101.84878, 102.12848,
12.650250, 199.98735, 10.190063, 101.53332, 101.81110,
12.660290, 213.44086, 15.318956, 101.21657, 101.49214,
12.670330, 198.60776, 33.598076, 100.89860, 101.17164,
12.680360, 193.05795, 11.274624, 100.57987, 100.85011,
12.690390, 212.60406, 10.367922, 100.26018, 100.52732,
12.700420, 212.56702, 10.088129, 99.939601, 100.20336,
12.710450, 206.69153, 10.114483, 99.618305, 99.878420,
12.720480, 214.73206, 10.835144, 99.296375, 99.552585,
12.730500, 198.00830, 11.315222, 98.974228, 99.226285,
12.740530, 206.61853, 10.112793, 98.651362, 98.899019,
12.750550, 195.59061, 9.7401867, 98.328502, 98.571529,
12.760570, 181.63980, 9.9856167, 98.005482, 98.243654,
12.770590, 198.37784, 10.319836, 97.682350, 97.915449,
12.780610, 196.95166, 10.187229, 97.359248, 97.587067,
12.790620, 184.78876, 10.827992, 97.036622, 97.258968,
12.800640, 187.66978, 10.151070, 96.713908, 96.930584,
12.810650, 192.51016, 10.363716, 96.391891, 96.602721,
12.820660, 162.90378, 9.9216623, 96.070343, 96.275154,
12.830670, 161.18869, 9.5757027, 95.749344, 95.947970,
12.840680, 156.05685, 9.6268034, 95.429065, 95.621350,
12.850680, 140.18369, 9.6562824, 95.109891, 95.295693,
12.860690, 125.28197, 9.7046051, 94.791324, 94.970494,
12.870690, 125.42056, 9.5680199, 94.474082, 94.646494,
12.880690, 109.06766, 9.0884953, 94.158003, 94.323530,
12.890690, 109.19202, 9.3381290, 93.843140, 94.001661,
12.900680, 111.63858, 9.9093781, 93.529962, 93.681372,
12.910680, 120.57210, 10.169104, 93.217926, 93.362110,
12.920670, 94.022476, 9.3570557, 92.907800, 93.044663,
12.930670, 108.54971, 9.7790451, 92.599047, 92.728485,
12.940660, 103.06999, 10.110199, 92.292400, 92.414330,
12.950640, 107.30354, 10.743275, 91.988029, 92.102370,
12.960630, 102.53101, 10.525398, 91.685350, 91.792011,
12.970620, 102.86631, 10.411173, 91.384861, 91.483763,
12.980600, 93.001282, 10.489660, 91.086935, 91.178006,
12.990580, 89.648056, 11.116686, 90.791430, 90.874597,
13.000560, 82.981873, 11.090595, 90.498410, 90.573598,
13.010540, 103.81583, 11.515645, 90.208025, 90.275160,
13.020520, 99.538361, 11.291069, 89.920396, 89.979406,
13.030490, 76.901566, 11.640650, 89.635944, 89.686764,
13.040470, 77.848824, 12.407639, 89.354197, 89.396742,
13.050440, 108.99855, 13.281539, 89.075870, 89.110074,
13.060410, 89.550446, 12.621264, 88.800794, 88.826575,
13.070380, 94.198029, 13.025472, 88.529071, 88.546345,
13.080350, 74.116379, 18.645107, 88.260881, 88.269561,
13.090310, 98.980797, 15.018414, 87.996583, 87.996583,
13.100280, 101.07271, 15.044457, 87.735772, 87.726989,
13.110240, 73.482300, 14.264354, 87.478938, 87.461310,
13.120200, 90.793060, 15.624969, 87.225795, 87.199277,
13.130160, 92.577431, 16.712515, 86.976307, 86.940883,
13.140110, 74.699478, 13.088194, 86.730698, 86.686385,
13.150070, 75.131210, 10.482403, 86.488418, 86.435241,
13.160020, 92.059601, 10.620584, 86.249947, 86.187974,
13.169980, 86.351746, 11.450970, 86.014754, 85.944056,
13.179930, 79.957108, 11.439470, 85.783308, 85.703996,
13.189870, 95.561989, 12.344503, 85.555550, 85.467756,
13.199820, 84.443008, 12.213302, 85.331018, 85.234878,
13.209770, 92.834404, 12.159866, 85.109889, 85.005568,
13.219710, 91.096146, 12.619031, 84.892391, 84.780079,
13.229650, 103.46782, 13.773209, 84.678290, 84.558189,
13.239590, 93.601685, 14.393602, 84.467527, 84.339852,
13.249530, 81.264786, 13.829538, 84.260104, 84.125090,
13.259470, 89.428413, 13.738956, 84.056007, 83.913902,
13.269410, 100.71906, 15.155364, 83.855222, 83.706289,
13.279340, 101.23529, 17.832134, 83.657942, 83.502466,
13.289270, 84.078995, 17.836056, 83.463923, 83.302194,
13.299200, 80.818283, 18.055264, 83.273194, 83.105513,
13.309130, 87.527832, 19.161873, 83.085726, 82.912407,
13.318260, 94.043411, 10.571918, 82.916220, 82.738002,
13.328980, 79.136314, 9.7313652, 82.720704, 82.537095,
13.339690, 91.298904, 10.348295, 82.529157, 82.340561,
13.350400, 75.009628, 10.288418, 82.341379, 82.148206,
13.361120, 89.616623, 10.580458, 82.157191, 81.959856,
13.371830, 89.508621, 9.7378597, 81.976954, 81.775887,
13.382530, 74.776741, 9.3345070, 81.800642, 81.596282,
13.393240, 90.731171, 10.314321, 81.627944, 81.420728,
13.403940, 83.631042, 10.331516, 81.459174, 81.249551,
13.414650, 91.512100, 12.592716, 81.294037, 81.082455,
13.425350, 83.766113, 9.7619915, 81.132838, 80.919752,
13.436050, 95.761253, 9.9289293, 80.975438, 80.761303,
13.446740, 91.683151, 10.201241, 80.821998, 80.607271,
13.457440, 108.05618, 10.823205, 80.672233, 80.457370,
13.468130, 96.061020, 9.9119139, 80.526452, 80.311908,
13.478830, 88.924377, 9.4191055, 80.384387, 80.170617,
13.489520, 99.772537, 9.6170254, 80.246338, 80.033790,
13.500200, 96.275841, 10.062265, 80.112303, 79.901423,
13.510890, 104.70576, 10.073456, 79.982066, 79.773296,
13.521570, 103.92851, 9.7525425, 79.855887, 79.649659,
13.532260, 83.071259, 8.9203682, 79.733567, 79.530311,
13.542940, 102.31526, 9.5123262, 79.615354, 79.415487,
13.553620, 95.818329, 9.8332062, 79.501169, 79.305101,
13.564290, 94.634018, 9.6624012, 79.391152, 79.199277,
13.574970, 100.65761, 9.3493605, 79.285122, 79.097832,
13.585640, 87.917557, 8.7153091, 79.183325, 79.000989,
13.596320, 90.614449, 9.2944279, 79.085599, 78.908585,
13.606990, 104.48473, 9.8822269, 78.992180, 78.820827,
13.617650, 95.415611, 9.5296059, 78.903089, 78.737722,
13.628320, 90.987030, 9.6679144, 78.818213, 78.659149,
13.638980, 96.950043, 9.8567171, 78.737751, 78.585279,
13.649650, 85.320038, 9.1506834, 78.661610, 78.516009,
13.660310, 73.992188, 9.1890717, 78.589976, 78.451494,
13.670970, 90.152054, 11.170923, 78.522834, 78.391702,
13.681630, 96.087173, 9.1844864, 78.460240, 78.336665,
13.692280, 84.631653, 9.1350269, 78.402307, 78.286465,
13.702940, 92.289352, 9.6219959, 78.348982, 78.241037,
13.713590, 90.316452, 10.112091, 78.300431, 78.200506,
13.724240, 82.696030, 9.5051060, 78.256662, 78.164859,
13.734890, 96.269310, 9.7983503, 78.217749, 78.134138,
13.745530, 91.843330, 9.7389069, 78.183786, 78.108401,
13.756180, 76.506805, 9.8576527, 78.154783, 78.087639,
13.766820, 68.193016, 10.065170, 78.130868, 78.071930,
13.777460, 83.903923, 10.289449, 78.112089, 78.061295,
13.788100, 88.452950, 10.156038, 78.098524, 78.055776,
13.798740, 80.610443, 10.032717, 78.090255, 78.055415,
13.809380, 72.299164, 10.710501, 78.087367, 78.060255,
13.820010, 77.891052, 11.083340, 78.089940, 78.070332,
13.830640, 69.425613, 10.771910, 78.098059, 78.085692,
13.841270, 76.957901, 10.814799, 78.111816, 78.106384,
13.851900, 82.874832, 11.178157, 78.131303, 78.132451,
13.862530, 85.139343, 12.786203, 78.156513, 78.163858,
13.873150, 71.360001, 11.573786, 78.187156, 78.200323,
13.883780, 97.227158, 12.024376, 78.222997, 78.241637,
13.894400, 92.481247, 11.652828, 78.263682, 78.287455,
13.905020, 65.327324, 11.415375, 78.308955, 78.337538,
13.915640, 53.259846, 11.751673, 78.358531, 78.391615,
13.926250, 75.381630, 12.633518, 78.412080, 78.449364,
13.936870, 70.285660, 12.186152, 78.469411, 78.510611,
13.947480, 82.525208, 12.259819, 78.530155, 78.574992,
13.958090, 83.087051, 13.190842, 78.594074, 78.642278,
13.968700, 84.478821, 13.685500, 78.660906, 78.712216,
13.979310, 100.82569, 18.828222, 78.730366, 78.784527,
13.989910, 69.339928, 13.623310, 78.802122, 78.858883,
14.000520, 80.745544, 13.874704, 78.876034, 78.935152,
14.011120, 84.424652, 14.735723, 78.951700, 79.012932,
14.021720, 95.330528, 15.912214, 79.028917, 79.092028,
14.032320, 83.220840, 16.515469, 79.107418, 79.172174,
14.042920, 67.691528, 15.955206, 79.186937, 79.253108,
14.053510, 91.581848, 17.000542, 79.267128, 79.334485,
14.064110, 91.357208, 17.413963, 79.347884, 79.416203,
14.074700, 70.028320, 17.586548, 79.428788, 79.497844,
14.085290, 79.335999, 20.356445, 79.509640, 79.579211,
14.095870, 84.089119, 13.976912, 79.590112, 79.659978,
14.106460, 87.868408, 11.736897, 79.670083, 79.740027,
14.117040, 83.618233, 11.800357, 79.749145, 79.818951,
14.127630, 83.454453, 13.194828, 79.827182, 79.896636,
14.138210, 101.29707, 14.040129, 79.903775, 79.972666,
14.148790, 104.33811, 13.778374, 79.978735, 80.046855,
14.159370, 89.857971, 13.556218, 80.051795, 80.118940,
14.169940, 89.203369, 14.058515, 80.122620, 80.188589,
14.180520, 107.32156, 25.934217, 80.191081, 80.255676,
14.182090, 91.585587, 11.146057, 80.201014, 80.265389,
14.193560, 90.928574, 10.474648, 80.271707, 80.334345,
14.205030, 97.908897, 10.946489, 80.338833, 80.399518,
14.216500, 105.46696, 11.431261, 80.402034, 80.460557,
14.227970, 93.928757, 10.875565, 80.460965, 80.517129,
14.239430, 95.293571, 10.078625, 80.515232, 80.568851,
14.250890, 100.48323, 9.5919952, 80.564527, 80.615427,
14.262350, 97.437622, 10.051359, 80.608502, 80.656523,
14.273810, 98.116104, 10.282694, 80.646793, 80.691791,
14.285270, 74.217850, 9.8674612, 80.679034, 80.720885,
14.296730, 91.522522, 9.1824055, 80.704865, 80.743463,
14.308180, 85.745239, 8.8480053, 80.723899, 80.759163,
14.319630, 94.243385, 9.2597227, 80.735789, 80.767661,
14.331080, 87.313774, 9.7700195, 80.740158, 80.768607,
14.342530, 83.109116, 9.6241436, 80.736627, 80.761649,
14.353970, 68.414139, 8.6687584, 80.724823, 80.746452,
14.365410, 86.750504, 8.8469086, 80.704357, 80.722657,
14.376860, 75.568108, 8.6298389, 80.674808, 80.689877,
14.388300, 68.853653, 9.2343540, 80.635826, 80.647809,
14.399730, 87.446404, 9.6327219, 80.587034, 80.596120,
14.411170, 79.690231, 8.7538071, 80.527934, 80.534355,
14.422600, 58.406200, 8.2376842, 80.458221, 80.462262,
14.434030, 89.336899, 9.0805779, 80.377423, 80.379423,
14.445460, 79.284088, 9.6684818, 80.285108, 80.285462,
14.456890, 79.371765, 9.4713144, 80.180858, 80.180024,
14.468320, 87.061096, 9.4575253, 80.064225, 80.062727,
14.479740, 71.888626, 8.6061382, 79.934878, 79.933309,
14.491160, 82.636688, 8.9997673, 79.792271, 79.791300,
14.502580, 79.540115, 9.5411158, 79.635962, 79.636335,
14.514000, 92.961441, 9.8351936, 79.465890, 79.468384,
14.525420, 75.949226, 9.0415716, 79.282915, 79.288234,
14.536830, 84.018478, 8.6572399, 79.088173, 79.096936,
14.548240, 73.864799, 8.6523380, 78.882446, 78.895194,
14.559650, 73.953659, 9.8560257, 78.666652, 78.683853,
14.571060, 86.542252, 9.6457233, 78.441758, 78.463808,
14.582470, 82.214722, 9.4120541, 78.208672, 78.235901,
14.593870, 68.574036, 10.300957, 77.968521, 78.001186,
14.605270, 66.818344, 8.8119831, 77.722028, 77.760330,
14.616670, 70.976791, 9.0372391, 77.470126, 77.514206,
14.628070, 82.782959, 11.978335, 77.213682, 77.263621,
14.639470, 63.863029, 9.3100796, 76.953623, 77.009446,
14.650860, 70.119011, 8.7700233, 76.691095, 76.752767,
14.662260, 76.822655, 9.2434435, 76.426518, 76.493959,
14.673650, 82.365906, 9.5028830, 76.161279, 76.234343,
14.685040, 88.792168, 10.427261, 75.896010, 75.974506,
14.696420, 77.770462, 9.9072771, 75.631899, 75.715573,
14.707810, 85.732910, 9.7573700, 75.369312, 75.457870,
14.719190, 63.097427, 8.9578667, 75.109677, 75.202757,
14.730570, 68.230659, 9.0736141, 74.853606, 74.950798,
14.741950, 72.577301, 9.8927879, 74.602022, 74.702858,
14.753330, 64.702362, 9.5349655, 74.355830, 74.459783,
14.764700, 93.733284, 9.8301983, 74.116154, 74.222635,
14.776080, 69.475403, 9.1237030, 73.883462, 73.991824,
14.787450, 56.833557, 8.8799191, 73.659095, 73.768623,
14.798820, 66.624443, 9.8706894, 73.443752, 73.553664,
14.810190, 64.092781, 9.7558069, 73.238338, 73.347780,
14.821550, 70.776375, 9.9674664, 73.043971, 73.152019,
14.832920, 73.388489, 9.6870604, 72.861241, 72.966889,
14.844280, 82.073685, 9.8530216, 72.691391, 72.793554,
14.855640, 61.383492, 10.398323, 72.535207, 72.632712,
14.866990, 72.282486, 10.769223, 72.393764, 72.485353,
14.878350, 63.102966, 10.650555, 72.267759, 72.352067,
14.889710, 92.485603, 11.038294, 72.158299, 72.233863,
14.901060, 79.090858, 10.589679, 72.066436, 72.131695,
14.912410, 69.490921, 11.108246, 71.993047, 72.046320,
14.923760, 55.333206, 11.468338, 71.939121, 71.978605,
14.935100, 76.347244, 12.631401, 71.905694, 71.929478,
14.946450, 66.711983, 12.173401, 71.893714, 71.899719,
14.957790, 62.689564, 11.954887, 71.904098, 71.890179,
14.969130, 68.642395, 12.642952, 71.936265, 71.900575,
14.980470, 73.325226, 13.562700, 71.988786, 71.930038,
14.991810, 78.747368, 14.532582, 72.060220, 71.977691,
15.003140, 70.812332, 14.375645, 72.149061, 72.042600,
15.014480, 69.065666, 13.927120, 72.254032, 72.123999,
15.025810, 77.394958, 14.377932, 72.373568, 72.220901,
15.037140, 81.996506, 15.341076, 72.506334, 72.332491,
15.048460, 87.070961, 17.124847, 72.650825, 72.457811,
15.059790, 74.290436, 16.848560, 72.805901, 72.596218,
15.071110, 67.968498, 16.470192, 72.969929, 72.746631,
15.082440, 72.025146, 12.688671, 73.141828, 72.908470,
15.093750, 56.404037, 10.215273, 73.319746, 73.080427,
15.105070, 77.433578, 11.708509, 73.502810, 73.262128,
15.116390, 92.923767, 12.781189, 73.689499, 73.452577,
15.127700, 77.494507, 12.347695, 73.878282, 73.650751,
15.139020, 66.497231, 13.151551, 74.068155, 73.856183,
15.150330, 77.615295, 13.159468, 74.257414, 74.067660,
15.162390, 47.077038, 12.584135, 74.457230, 74.299105,
15.174730, 70.397324, 12.995945, 74.657876, 74.541241,
15.187070, 97.762497, 13.994595, 74.852902, 74.787664,
15.199410, 72.862923, 14.854150, 75.040576, 75.037338,
15.211740, 67.756500, 13.936264, 75.219309, 75.289085,
15.224080, 91.330032, 13.814750, 75.389653, 75.543141,
15.236410, 70.548294, 12.106858, 75.551992, 75.799024,
15.248740, 91.721313, 12.871719, 75.707153, 76.056918,
15.261060, 74.926926, 13.421598, 75.855691, 76.316569,
15.273390, 62.456581, 13.031698, 75.998530, 76.578391,
15.285710, 65.443100, 12.885527, 76.136104, 76.841929,
15.298030, 69.099358, 11.550257, 76.269181, 77.107334,
15.310350, 74.770920, 11.613708, 76.398440, 77.374621,
15.322660, 84.548111, 12.781467, 76.524424, 77.643510,
15.334980, 57.128735, 12.402136, 76.647993, 77.914411,
15.347290, 86.313705, 13.405962, 76.769610, 78.186878,
15.359600, 74.552032, 11.484701, 76.890024, 78.461094,
15.371900, 77.564850, 11.000248, 77.009782, 78.736796,
15.384210, 77.607727, 11.162041, 77.129739, 79.014429,
15.396510, 79.362122, 11.223335, 77.250349, 79.293517,
15.408810, 63.090649, 11.438220, 77.372346, 79.574227,
15.421110, 73.194603, 10.345364, 77.496399, 79.856580,
15.433410, 78.409637, 9.6533804, 77.623140, 80.140507,
15.445700, 76.950554, 9.6883936, 77.753130, 80.425784,
15.457990, 77.440094, 10.151686, 77.887120, 80.712609,
15.470280, 66.369957, 10.631243, 78.025767, 81.000959,
15.482570, 58.603897, 9.7352009, 78.169731, 81.290811,
15.494860, 68.791489, 9.1915493, 78.319673, 81.582145,
15.507140, 97.284744, 9.4904099, 78.476138, 81.874710,
15.519420, 70.602310, 9.1930857, 78.639896, 82.168689,
15.531700, 83.656601, 10.073817, 78.811645, 82.464106,
15.543980, 78.019409, 10.034670, 78.992040, 82.760895,
15.556260, 70.985687, 9.4580936, 79.181793, 83.059083,
15.568530, 70.858063, 8.8279085, 79.381406, 83.358371,
15.580800, 81.237030, 9.2035847, 79.591734, 83.658993,
15.593070, 85.929459, 10.182182, 79.813477, 83.960931,
15.605340, 84.785339, 10.375958, 80.047336, 84.264167,
15.617600, 80.610947, 10.144661, 80.293433, 84.568445,
15.629860, 80.931183, 9.6555901, 80.551800, 84.873958,
15.642120, 89.744614, 9.3583326, 80.822332, 85.180738,
15.654380, 82.734619, 9.8437815, 81.104851, 85.488718,
15.666640, 79.689835, 10.032557, 81.399271, 85.797931,
15.678890, 77.502068, 10.281597, 81.705183, 86.108070,
15.691140, 72.663437, 9.6153421, 82.022719, 86.419382,
15.703390, 83.096062, 9.0488663, 82.351773, 86.731852,
15.715640, 72.292175, 9.2657146, 82.692247, 87.045464,
15.727890, 88.336227, 10.020945, 83.044050, 87.360203,
15.740130, 93.936707, 10.588287, 83.406809, 87.675808,
15.752370, 81.120438, 10.197453, 83.780688, 87.992484,
15.764610, 75.986435, 9.5460720, 84.165676, 88.310266,
15.776850, 92.243515, 9.7849445, 84.561650, 88.629090,
15.789090, 77.529022, 9.8322487, 84.968615, 88.948993,
15.801320, 84.325104, 10.312640, 85.386131, 89.269660,
15.813550, 80.481339, 10.696445, 85.814500, 89.591352,
15.825780, 93.342194, 10.263977, 86.253686, 89.914056,
15.838010, 83.180862, 9.7916479, 86.703663, 90.237758,
15.850230, 86.929367, 9.8367167, 87.164046, 90.562195,
15.862450, 78.987350, 9.8935900, 87.635131, 90.887578,
15.874670, 68.735962, 10.545713, 88.116983, 91.213948,
15.886890, 87.131226, 10.895611, 88.609568, 91.541267,
15.899110, 93.515083, 11.058765, 89.112850, 91.869499,
15.911320, 90.302101, 10.345160, 89.626477, 92.198399,
15.923540, 89.024315, 10.046666, 90.151313, 92.528498,
15.935750, 86.541534, 11.653525, 90.686483, 92.859217,
15.947960, 92.401978, 12.103546, 91.232467, 93.190829,
15.960160, 86.953461, 11.941458, 91.788867, 93.523063,
15.972370, 109.49922, 12.569557, 92.356600, 93.856429,
15.984570, 99.910980, 12.016539, 92.934789, 94.190370,
15.996770, 103.98912, 12.527391, 93.524024, 94.525189,
16.008961, 106.07849, 13.378551, 94.123856, 94.860588,
16.021160, 75.940125, 13.158278, 94.735250, 95.197056,
16.033350, 107.41191, 14.065468, 95.357379, 95.534084,
16.045549, 100.42085, 13.388672, 95.991306, 95.872191,
16.057739, 109.48478, 14.015087, 96.636137, 96.210840,
16.069920, 101.47684, 14.581423, 97.291948, 96.550020,
16.082109, 105.33969, 15.094632, 97.959878, 96.890254,
16.094290, 83.471100, 15.383127, 98.639000, 97.231003,
16.106470, 105.55682, 16.381569, 99.329957, 97.572525,
16.118650, 83.808807, 15.368110, 100.03288, 97.914811,
16.130831, 93.453247, 15.921770, 100.74792, 98.257855,
16.143009, 99.251282, 16.102894, 101.47509, 98.601596,
16.155180, 100.73606, 17.094088, 102.21421, 98.945864,
16.167351, 92.078300, 17.584122, 102.96589, 99.290867,
16.179520, 92.524055, 17.769213, 103.73017, 99.636546,
16.191681, 77.054703, 16.907398, 104.50687, 99.982730,
16.203850, 133.10321, 18.691088, 105.29714, 100.32985,
16.216009, 114.70766, 18.961294, 106.10007, 100.67740,
16.228170, 101.43803, 19.984322, 106.91654, 101.02572,
16.240330, 113.11263, 21.148720, 107.74582, 101.37467,
16.252489, 87.034950, 20.277576, 108.58715, 101.72432,
16.264641, 119.47945, 22.556194, 109.43914, 102.07444,
16.276791, 102.24438, 22.518459, 110.30130, 102.42518,
16.288950, 138.55371, 23.043369, 111.17359, 102.77688,
16.301090, 118.89351, 24.466413, 112.05309, 103.12869,
16.313240, 125.95818, 24.886692, 112.94103, 103.48145,
16.325380, 119.26343, 24.835239, 113.83517, 103.83459,
16.337530, 146.04301, 17.242867, 114.73607, 104.18867,
16.349670, 136.55582, 15.175768, 115.64149, 104.54312,
16.361799, 134.04472, 14.661774, 116.55045, 104.89789,
16.373940, 168.50168, 17.185810, 117.46382, 105.25364,
16.386070, 162.03214, 17.125694, 118.37923, 105.60975,
16.398211, 179.81348, 17.925434, 119.29727, 105.96678,
16.410339, 168.51625, 16.782970, 120.21555, 106.32410,
16.422461, 198.99014, 17.259354, 121.13354, 106.68184,
16.434589, 202.50517, 20.183128, 122.05156, 107.04042,
16.446711, 182.52588, 19.583130, 122.96766, 107.39940,
16.458839, 154.16895, 18.382965, 123.88216, 107.75924,
16.470961, 143.66451, 20.379066, 124.79310, 108.11946,
16.483070, 140.41068, 19.644791, 125.69938, 108.47997,
16.495190, 155.56635, 28.382032, 126.60174, 108.84137,
16.500280, 153.46371, 17.771542, 126.97919, 108.99336,
16.513599, 206.45465, 17.592712, 127.96175, 109.39152,
16.526911, 144.13042, 14.854088, 128.93563, 109.79020,
16.540211, 132.31314, 14.955008, 129.89949, 110.18926,
16.553520, 159.65558, 16.059797, 130.85371, 110.58934,
16.566820, 153.14001, 16.262897, 131.79582, 110.98987,
16.580120, 125.01500, 15.328704, 132.72539, 111.39112,
16.593420, 135.11502, 13.963052, 133.64126, 111.79310,
16.606710, 136.74249, 13.172657, 134.54165, 112.19552,
16.620001, 133.34418, 12.831573, 135.42608, 112.59866,
16.633301, 134.02144, 13.105461, 136.29398, 113.00282,
16.646589, 119.37076, 12.936981, 137.14281, 113.40734,
16.659870, 140.42638, 12.511007, 137.97165, 113.81236,
16.673149, 156.80881, 12.071325, 138.77970, 114.21805,
16.686440, 141.54831, 11.196980, 139.56649, 114.62480,
16.699711, 127.59692, 11.130299, 140.32941, 115.03169,
16.712990, 119.46716, 11.800598, 141.07278, 115.43954,
16.726271, 157.57239, 12.808435, 141.80095, 115.84817,
16.739540, 160.70865, 12.295614, 142.51793, 116.25718,
16.752810, 140.05621, 11.378496, 143.22904, 116.66691,
16.766081, 152.19507, 11.373441, 143.93908, 117.07743,
16.779341, 139.72491, 11.798137, 144.65202, 117.48832,
16.792601, 136.75305, 12.788782, 145.37315, 117.89994,
16.805870, 131.93657, 13.042135, 146.10770, 118.31259,
16.819120, 132.75853, 12.593031, 146.85876, 118.72538,
16.832380, 143.96359, 11.988949, 147.63265, 119.13920,
16.845631, 144.35910, 11.307064, 148.43299, 119.55347,
16.858891, 144.47598, 11.929926, 149.26566, 119.96878,
16.872141, 148.13092, 12.815160, 150.13423, 120.38453,
16.885380, 154.06747, 13.302131, 151.04328, 120.80068,
16.898630, 139.68097, 12.611258, 151.99920, 121.21793,
16.911869, 134.72247, 12.704197, 153.00518, 121.63559,
16.925110, 133.65633, 11.651903, 154.06706, 122.05406,
16.938351, 137.94936, 11.764600, 155.18964, 122.47330,
16.951580, 157.38008, 12.413814, 156.37681, 122.89294,
16.964821, 145.16090, 12.184315, 157.63225, 123.31372,
16.978050, 163.46364, 12.037390, 158.94592, 123.73491,
16.991270, 153.41519, 11.085081, 160.30840, 124.15659,
17.004499, 161.19266, 10.798920, 161.71222, 124.57936,
17.017719, 167.65826, 11.021843, 163.14597, 125.00261,
17.030951, 206.44907, 12.314064, 164.60254, 125.42703,
17.044161, 200.69193, 12.794037, 166.06900, 125.85159,
17.057381, 159.35040, 11.743313, 167.53939, 126.27726,
17.070601, 148.97632, 11.227474, 169.00331, 126.70376,
17.083811, 131.98923, 11.348370, 170.45039, 127.13077,
17.097019, 142.98338, 12.215929, 171.87214, 127.55855,
17.110229, 160.42113, 12.675259, 173.25963, 127.98724,
17.123430, 164.33473, 13.409416, 174.60231, 128.41646,
17.136641, 165.99673, 13.480177, 175.89273, 128.84684,
17.149839, 177.49915, 13.488897, 177.11940, 129.27772,
17.163040, 154.18953, 12.626597, 178.27417, 129.70953,
17.176229, 160.87695, 12.908203, 179.34643, 130.14184,
17.189430, 155.05414, 13.448099, 180.32846, 130.57542,
17.202620, 171.13272, 14.584497, 181.20890, 131.00952,
17.215811, 165.29068, 14.316689, 181.97905, 131.44459,
17.229000, 170.14061, 14.373018, 182.62890, 131.88051,
17.242180, 171.14713, 13.577658, 183.14837, 132.31704,
17.255369, 185.02681, 14.511593, 183.53274, 132.75482,
17.268551, 193.41949, 15.653240, 183.78695, 133.19330,
17.281719, 198.20251, 15.748575, 183.91821, 133.63228,
17.294901, 201.81860, 15.905552, 183.93372, 134.07268,
17.308069, 229.12909, 16.318119, 183.84028, 134.51361,
17.321251, 208.54735, 14.466684, 183.64446, 134.95598,
17.334410, 212.66499, 14.517319, 183.35359, 135.39858,
17.347580, 230.21310, 15.411028, 182.97364, 135.84258,
17.360750, 226.89496, 15.780041, 182.51135, 136.28760,
17.373911, 244.91422, 17.428459, 181.97362, 136.73334,
17.387070, 239.99103, 16.543362, 181.36665, 137.18007,
17.400230, 264.25836, 46.018135, 180.69661, 137.62792,
17.413380, 207.37155, 25.605980, 179.97056, 138.07647,
17.426540, 221.09274, 16.099037, 179.19350, 138.52649,
17.439690, 215.67377, 16.690088, 178.37300, 138.97723,
17.452841, 220.32410, 18.364769, 177.51446, 139.42915,
17.465981, 185.92159, 64.548454, 176.62494, 139.88181,
17.479130, 198.21530, 22.928417, 175.70916, 140.33595,
17.492270, 180.76120, 18.471285, 174.77455, 140.79092,
17.505409, 148.85837, 17.574116, 173.82653, 141.24708,
17.518551, 184.86139, 19.782017, 172.87105, 141.70449,
17.531679, 181.51476, 20.771080, 171.91528, 142.16265,
17.544821, 194.27548, 21.645735, 170.96336, 142.62251,
17.557949, 178.01068, 21.467243, 170.02326, 143.08315,
17.571079, 146.26408, 20.907162, 169.09996, 143.54511,
17.584200, 166.70621, 20.870697, 168.20032, 144.00802,
17.597330, 166.19128, 21.389149, 167.32913, 144.47257,
17.610451, 153.51324, 22.021568, 166.49319, 144.93809,
17.623569, 166.10065, 23.982199, 165.69340, 145.40489,
17.636690, 138.24225, 24.526379, 164.92910, 145.87310,
17.649799, 147.17877, 24.161451, 164.20060, 146.34229,
17.662910, 182.62814, 23.797855, 163.50673, 146.81293,
17.676029, 179.31403, 25.982056, 162.84686, 147.28527,
17.689131, 172.73021, 25.596146, 162.22186, 147.75842,
17.702240, 146.20499, 25.193829, 161.63020, 148.23330,
17.715349, 139.02362, 25.568779, 161.07195, 148.70966,
17.728451, 154.83728, 26.790379, 160.54716, 149.18725,
17.741550, 161.01230, 24.053329, 160.05530, 149.66629,
17.754641, 163.38835, 19.860195, 159.59640, 150.14652,
17.767740, 164.04651, 17.897421, 159.16961, 150.62867,
17.780830, 148.12372, 20.050652, 158.77538, 151.11207,
17.793921, 153.14426, 18.617851, 158.41323, 151.59707,
17.807011, 163.43506, 18.048992, 158.08305, 152.08372,
17.820101, 153.17212, 19.738197, 157.78473, 152.57204,
17.833179, 174.26186, 19.820267, 157.51842, 153.06162,
17.846270, 177.50526, 19.414871, 157.28360, 153.55335,
17.859341, 142.26660, 19.227482, 157.08076, 154.04610,
17.872419, 149.42210, 22.196167, 156.90943, 154.54091,
17.885500, 173.80759, 25.602150, 156.76975, 155.03759,
17.898569, 146.20636, 25.012205, 156.66186, 155.53566,
17.911640, 189.40137, 25.941330, 156.58569, 156.03566,
17.924709, 153.33249, 24.537827, 156.54132, 156.53747,
17.937780, 144.02789, 45.255997, 156.52888, 157.04127,
17.941250, 157.95865, 17.908684, 156.53095, 157.17531,
17.955721, 134.79312, 16.747293, 156.56401, 157.73592,
17.970181, 145.80925, 17.141960, 156.63656, 158.29851,
17.984650, 167.45401, 17.950588, 156.74895, 158.86395,
17.999109, 163.66324, 18.076015, 156.90132, 159.43154,
18.013571, 160.07846, 18.844307, 157.09410, 160.00177,
18.028021, 165.81512, 18.625820, 157.32742, 160.57415,
18.042480, 143.68379, 17.190697, 157.60201, 161.14957,
18.056931, 146.82111, 16.469112, 157.91796, 161.72731,
18.071381, 129.76340, 15.164827, 158.27589, 162.30781,
18.085819, 139.83791, 15.513050, 158.67599, 162.89064,
18.100269, 150.39207, 16.058739, 159.11943, 163.47679,
18.114710, 193.17679, 16.798603, 159.60565, 164.06544,
18.129150, 166.93390, 14.953863, 160.13307, 164.65705,
18.143579, 165.10204, 14.046448, 160.69893, 165.25120,
18.158020, 158.13342, 13.486489, 161.30187, 165.84887,
18.172449, 188.91307, 15.369162, 161.93873, 166.44919,
18.186880, 154.44168, 15.625706, 162.60788, 167.05275,
18.201300, 159.56897, 16.335220, 163.30650, 167.65905,
18.215719, 145.15427, 15.370871, 164.03299, 168.26864,
18.230150, 179.11009, 15.470048, 164.78585, 168.88206,
18.244560, 175.04175, 15.025944, 165.56130, 169.49799,
18.258980, 170.68970, 15.493078, 166.35888, 170.11778,
18.273390, 177.65231, 16.578794, 167.17550, 170.74070,
18.287800, 180.79611, 17.203468, 168.00968, 171.36720,
18.302210, 169.82983, 17.200165, 168.85940, 171.99736,
18.316620, 179.79494, 16.634808, 169.72269, 172.63124,
18.331020, 150.65625, 14.816269, 170.59698, 173.26849,
18.345421, 167.89723, 14.856638, 171.48088, 173.90960,
18.359819, 160.08904, 14.168089, 172.37231, 174.55455,
18.374210, 174.87057, 15.441532, 173.26898, 175.20316,
18.388611, 167.79524, 15.174534, 174.17000, 175.85627,
18.403000, 191.22922, 14.660192, 175.07214, 176.51300,
18.417379, 176.09598, 13.569515, 175.97358, 177.17352,
18.431770, 180.02220, 13.361938, 176.87371, 177.83886,
18.446150, 174.55731, 13.175646, 177.76915, 178.50805,
18.460529, 184.13766, 14.751759, 178.65870, 179.18169,
18.474911, 167.25211, 15.612553, 179.54053, 179.85996,
18.489281, 168.11847, 17.294683, 180.41189, 180.54231,
18.503660, 179.96255, 15.933456, 181.27211, 181.22982,
18.518030, 176.66345, 14.840244, 182.11895, 181.92163,
18.532391, 178.42749, 14.443808, 182.95296, 182.61773,
18.546761, 194.65457, 15.535409, 183.77596, 183.31904,
18.561119, 184.59915, 16.279835, 184.58746, 184.02454,
18.575480, 180.62274, 17.455540, 185.38889, 184.73487,
18.589840, 194.03958, 17.936943, 186.18082, 185.44994,
18.604191, 187.38287, 16.812460, 186.96342, 186.16926,
18.618549, 175.37288, 15.058655, 187.73828, 186.89370,
18.632900, 191.18259, 14.600779, 188.50523, 187.62250,
18.647240, 214.62418, 15.819847, 189.26472, 188.35545,
18.661591, 181.15382, 15.676229, 190.01861, 189.09374,
18.675930, 208.01884, 16.397959, 190.76633, 189.83619,
18.690269, 218.75743, 16.536142, 191.50911, 190.58341,
18.704611, 210.58978, 16.225628, 192.24768, 191.33550,
18.718941, 221.47534, 15.452177, 192.98196, 192.09178,
18.733271, 207.55011, 14.968498, 193.71317, 192.85285,
18.747601, 194.22533, 15.918066, 194.44192, 193.61874,
18.761930, 211.89563, 17.963280, 195.16882, 194.38947,
18.776260, 243.86499, 20.052189, 195.89448, 195.16505,
18.790581, 256.89542, 20.079773, 196.61903, 195.94499,
18.804899, 239.44901, 18.407591, 197.34345, 196.72972,
18.819220, 276.06766, 19.120407, 198.06856, 197.51947,
18.833530, 271.69894, 19.571358, 198.79437, 198.31365,
18.847839, 265.49716, 19.569347, 199.52188, 199.11268,
18.862150, 304.56927, 22.339869, 200.25188, 199.91683,
18.876459, 283.12543, 22.823864, 200.98481, 200.72590,
18.890770, 327.09201, 23.391693, 201.72145, 201.54015,
18.905069, 315.51331, 22.096920, 202.46175, 202.35885,
18.919371, 315.96771, 20.803459, 203.20700, 203.18279,
18.933670, 319.73438, 19.963255, 203.95763, 204.01179,
18.947960, 320.44507, 21.280811, 204.71385, 204.84546,
18.962250, 306.26617, 21.822239, 205.47681, 205.68438,
18.976540, 289.40009, 22.321026, 206.24713, 206.52859,
18.990829, 300.89545, 22.885754, 207.02546, 207.37815,
19.005119, 296.17184, 21.985701, 207.81246, 208.23310,
19.019400, 273.61346, 20.421997, 208.60823, 209.09292,
19.033680, 280.45145, 20.400700, 209.41398, 209.95823,
19.047960, 242.73608, 21.623039, 210.23038, 210.82908,
19.062229, 273.53998, 25.706198, 211.05744, 211.70482,
19.076500, 244.72778, 33.443356, 211.89661, 212.58633,
19.090771, 232.98801, 25.696836, 212.74849, 213.47355,
19.105040, 240.93048, 26.253513, 213.61367, 214.36642,
19.119310, 241.15244, 25.108471, 214.49312, 215.26524,
19.133570, 252.62500, 24.990631, 215.38672, 216.16924,
19.147829, 223.58571, 26.293419, 216.29593, 217.07919,
19.162090, 204.32217, 27.800209, 217.22163, 217.99530,
19.176340, 217.56281, 28.621792, 218.16372, 218.91677,
19.190599, 192.50732, 29.704620, 219.12437, 219.84503,
19.204849, 208.36795, 29.826189, 220.10309, 220.77891,
19.219101, 256.60709, 27.980379, 221.10149, 221.71924,
19.233339, 182.90469, 25.058401, 222.11930, 222.66508,
19.247580, 216.67340, 28.430094, 223.15845, 223.61753,
19.261820, 199.83374, 28.027054, 224.21968, 224.57653,
19.276060, 206.87044, 29.505295, 225.30386, 225.54218,
19.290300, 244.86017, 39.221432, 226.41192, 226.51457,
19.304529, 213.94437, 32.193287, 227.54387, 227.49300,
19.318760, 210.76688, 32.672596, 228.70169, 228.47846,
19.332991, 277.93301, 34.824715, 229.88621, 229.47094,
19.347219, 226.68692, 32.947289, 231.09826, 230.47039,
19.361441, 202.97119, 35.524586, 232.33835, 231.47651,
19.375660, 262.23804, 41.863014, 233.60798, 232.48979,
19.389879, 249.05026, 38.916496, 234.90839, 233.51047,
19.404100, 272.23154, 42.784836, 236.24085, 234.53881,
19.418310, 210.13052, 41.664116, 237.60521, 235.57393,
19.432520, 210.67838, 45.688103, 239.00368, 236.61679,
