# wave, flux, fluxerr, continuum, continuum_plateau
9.9725246, -0.62519979, 19.228058, 11.091480, 11.192850,
9.9806166, 22.373119, 20.145020, 12.203542, 12.288420,
9.9887066, 22.677166, 18.229733, 13.295204, 13.365533,
9.9967957, 18.123156, 17.100803, 14.365921, 14.423503,
10.004880, 31.698265, 17.844212, 15.414523, 15.461029,
10.012970, 27.444901, 17.875259, 16.441669, 16.478626,
10.021050, 41.238667, 51.345016, 17.444738, 17.473563,
10.029140, 17.691135, 15.199569, 18.425390, 18.447357,
10.037220, 19.507904, 17.844728, 19.380486, 19.396772,
10.045300, 26.619038, 15.732170, 20.310596, 20.322249,
10.053380, 25.676474, 14.331490, 21.215097, 21.223060,
10.061460, 28.203220, 16.844860, 22.093044, 22.098151,
10.069540, 11.593168, 16.350754, 22.943902, 22.946889,
10.077610, 16.060759, 13.985014, 23.765767, 23.767275,
10.085690, 50.003166, 15.504402, 24.559929, 24.560503,
10.093760, 33.647648, 16.640020, 25.323750, 25.323852,
10.101830, 15.053728, 14.578096, 26.057416, 26.057424,
10.109900, 20.237068, 13.581537, 26.760230, 26.760447,
10.117970, 21.641354, 15.043422, 27.431238, 27.431898,
10.126040, 41.043217, 15.677402, 28.069731, 28.070998,
10.134100, 24.177940, 14.294024, 28.674139, 28.676120,
10.142170, 17.596521, 14.964064, 29.245223, 29.247970,
10.150230, 4.3196578, 17.083454, 29.780738, 29.784254,
10.158300, 60.828671, 16.710340, 30.281120, 30.285365,
10.166360, 29.614277, 14.997243, 30.744293, 30.749189,
10.174420, 31.272623, 16.117279, 31.170129, 31.175569,
10.182470, 15.452856, 16.325768, 31.557232, 31.563083,
10.190530, 33.332806, 15.628354, 31.905702, 31.911813,
10.198590, 23.836277, 15.003719, 32.214210, 32.220419,
10.206640, 39.569695, 17.874962, 32.481498, 32.487639,
10.214690, 19.185177, 17.155838, 32.707094, 32.713000,
10.222750, 37.504261, 15.418213, 32.890277, 32.895790,
10.230800, 18.392197, 17.407440, 33.029687, 33.034668,
10.238850, 48.926422, 19.661207, 33.124633, 33.128962,
10.246890, 59.077103, 18.697224, 33.174132, 33.177723,
10.254940, 42.726433, 17.840202, 33.177345, 33.180145,
10.262990, 8.5462284, 20.643127, 33.133210, 33.135215,
10.271030, 56.198223, 22.452698, 33.040880, 33.042139,
10.279070, 34.219498, 21.528820, 32.899353, 32.899976,
10.287120, 39.394699, 23.636232, 32.707330, 32.707494,
10.295150, 26.287621, 25.279947, 32.464604, 32.464567,
10.303190, 57.826775, 24.386847, 32.169395, 32.169495,
10.311230, -25.396091, 245.06639, 31.824535, 31.825116,
10.319270, 50.005672, 16.148319, 31.436980, 31.438280,
10.327300, 36.879723, 17.259430, 31.014674, 31.016823,
10.335340, 26.269550, 24.736736, 30.563885, 30.566916,
10.343370, 18.749491, 23.542547, 30.092923, 30.096769,
10.351400, 23.008469, 27.161423, 29.608661, 29.613166,
10.359430, 10.321266, 25.415483, 29.118326, 29.123243,
10.367460, 8.7702246, 23.704752, 28.629193, 28.634187,
10.375480, 35.443802, 36.266491, 28.149161, 28.153808,
10.383510, 36.850315, 23.300346, 27.684245, 27.688030,
10.391530, 10.959036, 25.661846, 27.242874, 27.245190,
10.399560, 38.269051, 21.269779, 26.831280, 26.831422,
10.407580, 58.767082, 19.553989, 26.456570, 26.453765,
10.415600, 45.356213, 19.535887, 26.118967, 26.112509,
10.423620, 7.0757799, 22.477425, 25.817491, 25.806783,
10.431640, 26.108459, 18.957846, 25.551326, 25.535872,
10.439650, 24.144527, 19.352829, 25.319812, 25.299215,
10.447670, 43.876503, 19.315792, 25.121507, 25.095447,
10.455680, 14.746779, 18.949516, 24.956073, 24.924328,
10.463700, 25.142136, 18.169197, 24.822226, 24.784636,
10.471710, 30.420959, 20.692593, 24.719476, 24.675970,
10.479720, 30.407824, 21.775152, 24.646796, 24.597364,
10.487730, 32.379063, 20.879147, 24.603365, 24.548057,
10.495730, 42.396431, 22.695253, 24.588369, 24.527301,
10.503740, 21.798084, 27.230400, 24.600967, 24.534293,
10.511750, 6.6925225, 27.363400, 24.640393, 24.568325,
10.519750, 15.608198, 23.316729, 24.705755, 24.628553,
10.527750, 30.329071, 30.552952, 24.796316, 24.714275,
10.535750, 28.288721, 31.056578, 24.911296, 24.824744,
10.543750, 0.73185301, 32.772331, 25.049909, 24.959208,
10.551750, 35.224201, 21.970999, 25.211425, 25.116964,
10.559750, 35.637428, 36.715858, 25.395051, 25.297244,
10.567850, 20.236683, 16.282900, 25.602780, 25.502026,
10.576350, 20.843559, 16.663441, 25.843484, 25.740135,
10.584840, 31.167732, 15.515246, 26.106252, 26.000836,
10.593340, 32.784958, 14.525364, 26.390859, 26.283911,
10.601830, 35.127487, 13.978781, 26.695731, 26.587798,
10.610330, 34.145184, 15.454588, 27.020759, 26.912390,
10.618820, 28.706713, 14.728127, 27.364323, 27.256069,
10.627310, 31.076662, 12.879047, 27.725885, 27.618294,
10.635800, 49.869553, 13.833915, 28.104682, 27.998296,
10.644280, 22.734049, 14.145197, 28.499337, 28.394687,
10.652770, 31.498173, 13.963302, 28.909945, 28.807554,
10.661250, 34.241913, 12.485184, 29.334757, 29.235129,
10.669740, 33.040291, 13.952364, 29.773904, 29.677531,
10.678220, 30.805836, 14.402520, 30.225582, 30.132929,
10.686700, 40.841629, 13.287014, 30.689462, 30.600977,
10.695180, 46.744591, 13.288048, 31.164733, 31.080838,
10.703650, 38.434799, 14.364656, 31.650038, 31.571124,
10.712130, 32.848064, 15.124985, 32.145610, 32.072050,
10.720600, 44.306423, 13.894852, 32.649648, 32.581775,
10.729080, 12.091703, 14.033424, 33.162435, 33.100561,
10.737550, 44.340813, 15.547300, 33.681966, 33.626356,
10.746020, 49.969700, 14.847396, 34.208138, 34.159034,
10.754490, 46.747337, 13.930840, 34.740047, 34.697651,
10.762960, 36.175331, 14.509371, 35.277026, 35.241506,
10.771420, 47.670341, 16.511793, 35.817497, 35.788972,
10.779890, 68.466103, 16.149887, 36.362139, 36.340711,
10.788350, 45.262711, 15.014088, 36.908762, 36.894476,
10.796810, 19.103731, 16.603695, 37.457260, 37.450130,
10.805270, 20.448275, 17.402769, 38.006856, 38.006856,
10.813730, 45.161507, 17.676224, 38.556895, 38.563966,
10.822190, 18.178011, 15.919656, 39.107222, 39.121295,
10.830650, 18.738647, 18.640415, 39.657804, 39.678808,
10.839100, 43.802773, 19.894827, 40.207928, 40.235778,
10.847560, 44.941895, 18.805376, 40.758927, 40.793553,
10.856010, 22.192131, 18.047554, 41.309467, 41.350778,
10.864460, 43.244347, 22.427071, 41.860075, 41.907984,
10.872910, 70.328522, 22.477558, 42.410781, 42.465198,
10.881360, 53.556557, 21.832798, 42.961617, 43.022449,
10.889800, 40.554497, 24.021893, 43.511806, 43.578947,
10.898250, 50.437397, 24.960199, 44.062621, 44.135978,
10.906690, 44.857731, 26.900259, 44.612789, 44.692249,
10.915140, 62.876316, 24.631077, 45.163584, 45.249046,
10.923580, 13.738930, 29.307743, 45.713607, 45.804951,
10.932020, 54.288803, 34.629402, 46.263512, 46.360621,
10.940460, 60.376389, 31.802471, 46.813266, 46.916021,
10.948890, 51.559746, 34.342838, 47.362156, 47.470425,
10.957330, 108.42725, 39.794769, 47.911516, 48.025180,
10.965760, 64.081940, 31.532362, 48.460013, 48.578933,
10.974200, 75.410248, 32.129635, 49.008855, 49.132903,
10.982630, 96.189285, 31.490601, 49.556709, 49.685739,
10.991060, 63.234871, 35.591545, 50.104288, 50.238159,
10.999490, 92.372162, 35.247829, 50.651436, 50.790002,
11.007920, 63.849297, 34.335220, 51.198245, 51.341358,
11.016340, 63.026794, 39.965557, 51.743943, 51.891444,
11.024770, 70.227974, 18.242733, 52.289796, 52.441534,
11.033190, 81.251633, 21.572166, 52.834535, 52.990347,
11.041610, 67.193069, 19.966644, 53.378748, 53.538471,
11.050030, 54.622066, 30.588835, 53.922402, 54.085870,
11.058450, 78.981674, 22.104425, 54.465464, 54.632509,
11.066870, 80.021126, 23.336052, 55.007902, 55.178352,
11.075290, 51.362915, 19.498791, 55.549683, 55.723364,
11.083700, 61.421181, 24.275459, 56.090162, 56.266894,
11.092120, 80.215828, 26.875322, 56.630532, 56.810136,
11.100530, 65.941490, 29.998074, 57.169473, 57.351765,
11.108940, 63.390453, 29.451702, 57.707688, 57.892483,
11.117350, 47.362091, 44.795074, 58.245019, 58.432130,
11.120570, 84.660461, 15.482046, 58.450575, 58.638522,
11.129530, 86.564766, 14.087818, 59.021765, 59.211893,
11.138500, 105.80278, 14.190868, 59.592594, 59.784687,
11.147460, 114.86917, 15.104042, 60.161686, 60.355521,
11.156430, 105.44460, 15.245461, 60.730330, 60.925685,
11.165390, 142.11147, 14.809338, 61.297154, 61.493803,
11.174350, 141.79749, 14.022058, 61.862781, 62.060497,
11.183300, 165.89232, 15.739738, 62.426567, 62.625121,
11.192260, 189.94589, 16.265030, 62.989669, 63.188834,
11.201220, 212.51517, 15.506550, 63.551442, 63.750988,
11.210170, 236.94669, 15.696021, 64.111245, 64.310940,
11.219120, 213.85724, 16.088045, 64.669633, 64.869246,
11.228070, 236.04352, 16.612450, 65.226559, 65.425859,
11.237020, 223.36272, 14.956890, 65.781918, 65.980674,
11.245970, 224.07516, 15.029949, 66.335782, 66.533762,
11.254920, 226.80380, 15.642029, 66.888045, 67.085019,
11.263860, 217.11353, 15.451318, 67.438014, 67.633755,
11.272800, 234.78969, 14.691072, 67.986349, 68.180627,
11.281750, 240.13928, 15.252089, 68.533465, 68.726053,
11.290690, 232.43349, 15.689794, 69.078264, 69.268938,
11.299630, 214.46455, 15.298302, 69.621164, 69.809702,
11.308560, 185.36472, 13.859827, 70.161596, 70.347781,
11.317500, 205.44211, 14.468023, 70.700665, 70.884276,
11.326430, 181.44327, 14.984612, 71.237167, 71.417994,
11.335370, 176.36876, 14.770596, 71.772196, 71.950026,
11.344300, 188.87799, 14.420061, 72.304558, 72.479188,
11.353230, 172.77969, 14.223921, 72.834771, 73.005999,
11.362160, 172.68512, 15.176917, 73.362725, 73.530354,
11.371080, 164.23788, 14.723459, 73.887916, 74.051759,
11.380010, 169.29567, 14.206191, 74.411300, 74.571167,
11.388930, 136.53432, 13.661125, 74.931813, 75.087528,
11.397850, 160.68320, 15.397200, 75.449847, 75.601238,
11.406780, 150.70834, 15.121338, 75.966006, 76.112900,
11.415700, 132.84241, 14.134717, 76.479016, 76.621261,
11.424610, 144.58565, 14.954002, 76.988882, 77.126332,
11.433530, 134.12733, 15.929920, 77.496634, 77.629143,
11.442450, 130.46631, 15.615286, 78.001664, 78.129098,
11.451360, 155.14954, 15.568605, 78.503374, 78.625614,
11.460270, 133.36531, 15.951504, 79.002241, 79.119175,
11.469180, 129.29208, 16.677629, 79.498202, 79.609727,
11.478090, 119.54412, 17.297787, 79.991190, 80.097216,
11.487000, 116.31325, 16.017715, 80.481141, 80.581587,
11.495910, 113.97379, 16.070585, 80.967935, 81.062734,
11.504810, 116.99393, 17.977150, 81.451091, 81.540195,
11.513710, 116.85768, 18.743809, 81.930960, 82.014329,
11.522620, 112.10778, 17.863407, 82.408083, 82.485684,
11.531520, 111.14626, 18.555916, 82.881265, 82.953094,
11.540420, 93.585587, 19.839188, 83.350998, 83.417058,
11.549310, 98.574013, 20.766117, 83.816709, 83.877029,
11.558210, 126.14101, 20.280344, 84.279373, 84.333983,
11.567100, 102.75187, 19.784319, 84.737775, 84.786737,
11.576000, 117.96999, 22.532011, 85.193017, 85.236398,
11.584890, 90.108253, 23.051596, 85.643898, 85.681798,
11.593780, 83.474892, 22.358950, 86.090830, 86.123363,
11.602670, 91.117393, 22.375593, 86.533828, 86.561127,
11.611560, 92.694626, 24.487411, 86.972760, 86.994981,
11.620440, 84.692551, 25.343327, 87.407034, 87.424361,
11.629330, 89.969276, 25.389511, 87.837591, 87.850218,
11.638210, 109.97800, 24.719101, 88.263372, 88.271531,
11.647090, 84.112991, 26.122063, 88.684710, 88.688652,
11.655970, 73.173172, 29.458426, 89.101562, 89.101562,
11.664850, 100.14436, 24.819338, 89.513899, 89.510253,
11.673730, 75.091080, 16.160061, 89.921635, 89.914623,
11.682600, 79.711380, 18.172676, 90.324401, 90.314289,
11.691480, 109.88292, 20.700823, 90.723080, 90.710105,
11.700350, 117.05775, 18.359665, 91.116831, 91.101219,
11.709220, 98.985878, 17.078011, 91.506099, 91.488054,
11.718090, 46.437149, 16.898466, 91.890894, 91.870605,
11.726960, 107.11409, 19.129229, 92.271229, 92.248867,
11.735830, 87.618195, 19.511261, 92.647111, 92.622834,
11.744690, 93.873947, 22.252695, 93.018112, 92.992065,
11.753560, 106.53522, 21.221008, 93.385117, 93.357428,
11.762420, 100.28467, 22.135183, 93.747262, 93.718050,
11.771280, 95.570175, 37.155754, 94.105026, 94.074398,
11.775020, 93.351334, 13.410507, 94.254684, 94.223487,
11.784500, 87.514740, 14.030825, 94.630587, 94.598022,
11.793980, 90.052750, 13.996086, 95.001394, 94.967555,
11.803460, 82.777992, 15.185549, 95.367176, 95.332148,
11.812940, 100.25771, 12.684414, 95.727856, 95.691715,
11.822420, 119.56861, 13.861326, 96.083500, 96.046314,
11.831890, 89.064606, 13.093475, 96.433677, 96.395509,
11.841360, 89.194138, 12.481253, 96.778773, 96.739681,
11.850840, 83.059654, 11.714790, 97.119117, 97.079153,
11.860310, 94.433800, 12.513877, 97.454009, 97.413225,
11.869770, 114.31665, 12.931044, 97.783449, 97.741893,
11.879240, 102.49992, 12.233049, 98.108082, 98.065804,
11.888710, 100.92303, 11.700824, 98.427554, 98.384602,
11.898170, 114.19577, 12.274536, 98.741530, 98.697955,
11.907630, 100.28604, 12.366209, 99.050278, 99.006136,
11.917090, 106.99524, 12.114482, 99.353835, 99.309184,
11.926550, 106.20794, 11.665296, 99.652111, 99.607017,
11.936010, 92.263405, 11.279797, 99.945138, 99.899671,
11.945470, 101.15808, 11.996504, 100.23282, 100.18706,
11.954920, 101.43667, 11.740828, 100.51488, 100.46892,
11.964370, 90.767174, 11.024960, 100.79157, 100.74550,
11.973830, 123.42545, 11.790785, 101.06315, 101.01709,
11.983280, 110.50497, 12.102362, 101.32898, 101.28304,
11.992720, 98.386536, 11.801360, 101.58903, 101.54336,
12.002170, 108.22050, 11.598101, 101.84384, 101.79859,
12.011610, 94.199677, 11.340202, 102.09282, 102.04815,
12.021060, 129.10690, 12.812785, 102.33642, 102.29254,
12.030500, 110.28208, 12.398947, 102.57411, 102.53121,
12.039940, 102.00582, 11.936185, 102.80605, 102.76437,
12.049380, 116.16507, 12.118185, 103.03225, 102.99202,
12.058820, 94.137787, 12.488559, 103.25259, 103.21410,
12.068250, 105.65276, 13.125669, 103.46682, 103.43037,
12.077690, 93.909210, 12.459019, 103.67535, 103.64125,
12.087120, 102.81403, 12.256714, 103.87763, 103.84625,
12.096550, 113.01585, 13.251423, 104.07385, 104.04555,
12.105980, 111.23431, 14.091939, 104.26393, 104.23914,
12.115410, 96.184868, 13.431906, 104.44781, 104.42695,
12.124830, 117.85435, 13.757544, 104.62523, 104.60878,
12.134260, 94.611427, 13.642269, 104.79648, 104.78496,
12.143680, 102.89025, 14.798289, 104.96112, 104.95506,
12.153100, 94.791245, 14.980180, 105.11927, 105.11927,
12.162520, 108.58355, 17.400188, 105.27088, 105.27754,
12.171940, 90.621254, 14.492031, 105.41599, 105.42988,
12.181360, 117.18048, 16.110239, 105.55475, 105.57639,
12.190770, 91.733490, 16.391018, 105.68709, 105.71694,
12.200180, 106.57171, 15.948214, 105.81326, 105.85175,
12.209600, 107.44926, 16.351078, 105.93348, 105.98100,
12.219010, 121.25298, 17.802048, 106.04760, 106.10447,
12.228420, 117.93187, 18.505072, 106.15582, 106.22234,
12.237820, 123.87395, 18.891815, 106.25812, 106.33453,
12.247230, 106.69001, 18.394979, 106.35483, 106.44134,
12.256630, 113.04174, 19.062037, 106.44581, 106.54260,
12.266040, 169.44246, 22.023756, 106.53133, 106.63854,
12.275440, 283.25424, 24.738951, 106.61130, 106.72902,
12.284840, 263.54868, 24.690311, 106.68587, 106.81416,
12.294230, 134.62711, 22.374966, 106.75506, 106.89395,
12.303630, 118.61816, 40.797268, 106.81908, 106.96858,
12.313030, 122.67195, 26.521725, 106.87793, 107.03801,
12.322420, 117.39315, 29.579693, 106.93163, 107.10222,
12.331810, 110.98331, 19.181768, 106.98030, 107.16130,
12.341200, 111.46872, 16.322258, 107.02400, 107.21531,
12.350590, 121.41375, 16.760170, 107.06281, 107.26428,
12.359980, 110.65522, 17.386795, 107.09678, 107.30824,
12.369360, 103.19387, 14.604563, 107.12594, 107.34720,
12.378750, 130.52148, 17.902155, 107.15041, 107.38126,
12.388130, 108.48682, 20.407185, 107.17019, 107.41039,
12.397510, 113.52644, 21.149008, 107.18537, 107.43465,
12.406890, 118.06433, 22.713161, 107.19600, 107.45409,
12.416270, 113.89662, 20.299631, 107.20213, 107.46873,
12.425640, 115.75805, 23.116062, 107.20380, 107.47860,
12.435020, 123.69382, 21.402065, 107.20106, 107.48374,
12.444390, 125.53203, 24.272572, 107.19397, 107.48417,
12.453760, 158.32730, 21.870045, 107.18258, 107.47993,
12.463130, 119.24136, 22.802689, 107.16691, 107.47104,
12.472500, 134.74315, 24.932079, 107.14701, 107.45754,
12.481870, 116.66376, 24.272696, 107.12292, 107.43944,
12.489420, 141.11302, 14.529087, 107.10049, 107.42154,
12.499490, 141.66473, 14.920057, 107.06640, 107.39307,
12.509550, 117.53150, 13.899812, 107.02763, 107.35941,
12.519610, 118.74147, 13.350714, 106.98418, 107.32057,
12.529670, 131.24010, 13.186132, 106.93611, 107.27658,
12.539730, 136.85480, 14.027220, 106.88342, 107.22746,
12.549780, 137.61139, 14.252393, 106.82623, 107.17329,
12.559840, 139.11778, 13.291230, 106.76445, 107.11400,
12.569890, 153.13162, 12.977072, 106.69824, 107.04972,
12.579940, 156.59750, 13.542496, 106.62755, 106.98043,
12.589990, 129.79465, 13.004070, 106.55243, 106.90614,
12.600040, 145.44362, 13.060429, 106.47288, 106.82686,
12.610090, 141.27002, 12.188349, 106.38894, 106.74265,
12.620130, 152.89481, 15.223786, 106.30072, 106.65359,
12.630170, 145.73425, 12.781042, 106.20815, 106.55963,
12.640210, 155.81488, 13.210136, 106.11124, 106.46077,
12.650250, 152.02040, 12.389420, 106.01001, 106.35705,
12.660290, 149.68568, 12.216669, 105.90449, 106.24849,
12.670330, 168.65514, 12.723923, 105.79467, 106.13508,
12.680360, 160.79236, 12.843929, 105.68068, 106.01697,
12.690390, 156.76505, 12.341709, 105.56243, 105.89407,
12.700420, 134.61176, 11.658097, 105.43990, 105.76638,
12.710450, 160.27959, 12.201812, 105.31312, 105.63392,
12.720480, 159.59668, 13.013102, 105.18208, 105.49670,
12.730500, 150.64328, 15.011624, 105.04692, 105.35487,
12.740530, 154.65804, 12.266670, 104.90736, 105.20817,
12.750550, 158.05063, 11.896541, 104.76369, 105.05689,
12.760570, 152.92422, 12.322948, 104.61577, 104.90091,
12.770590, 151.77995, 12.412542, 104.46356, 104.74021,
12.780610, 155.77016, 12.553933, 104.30708, 104.57481,
12.790620, 149.81471, 12.593030, 104.14647, 104.40490,
12.800640, 161.94099, 12.811743, 103.98140, 104.23013,
12.810650, 153.40109, 12.720987, 103.81220, 104.05086,
12.820660, 148.94728, 12.814379, 103.63867, 103.86693,
12.830670, 140.29868, 12.167404, 103.46078, 103.67831,
12.840680, 128.46808, 12.115028, 103.27854, 103.48504,
12.850680, 125.00623, 12.429113, 103.09210, 103.28731,
12.860690, 135.54147, 13.174681, 102.90107, 103.08472,
12.870690, 132.22154, 12.910053, 102.70580, 102.87766,
12.880690, 112.30589, 12.363210, 102.50609, 102.66598,
12.890690, 117.94245, 12.710173, 102.30188, 102.44961,
12.900680, 106.48273, 12.951880, 102.09338, 102.22882,
12.910680, 108.07457, 13.312929, 101.88011, 102.00313,
12.920670, 97.342743, 12.684855, 101.66249, 101.77302,
12.930670, 100.01201, 12.795139, 101.44003, 101.53800,
12.940660, 88.553932, 13.299642, 101.21312, 101.29852,
12.950640, 108.12965, 14.414776, 100.98178, 101.05465,
12.960630, 96.936577, 14.019432, 100.74545, 100.80582,
12.970620, 116.19008, 14.506056, 100.50436, 100.55232,
12.980600, 96.315186, 14.321177, 100.25868, 100.29437,
12.990580, 109.31458, 15.637238, 100.00816, 100.03173,
13.000560, 95.319305, 15.429272, 99.752701, 99.764362,
13.010540, 88.877281, 15.324724, 99.492266, 99.492266,
13.020520, 77.294525, 14.875213, 99.226844, 99.215462,
13.030490, 123.10244, 16.958290, 98.956859, 98.934380,
13.040470, 108.57052, 17.562418, 98.681914, 98.648592,
13.050440, 94.632828, 17.883957, 98.402761, 98.358859,
13.060410, 92.884315, 17.589104, 98.119282, 98.065041,
13.070380, 105.78304, 18.145481, 97.831617, 97.767271,
13.080350, 90.479729, 19.367826, 97.539987, 97.465763,
13.090310, 113.10972, 20.874918, 97.244813, 97.160940,
13.100280, 101.66055, 21.219639, 96.945692, 96.852376,
13.110240, 134.70370, 21.558395, 96.643358, 96.540818,
13.120200, 77.550735, 21.617426, 96.337685, 96.226127,
13.130160, 109.66554, 23.257347, 96.028830, 95.908458,
13.140110, 122.30914, 21.902466, 95.717281, 95.588306,
13.150070, 108.13285, 20.550468, 95.402535, 95.265148,
13.160020, 121.57412, 15.480515, 95.085408, 94.939820,
13.169980, 116.91849, 16.697582, 94.765384, 94.611788,
13.179930, 125.89319, 22.278379, 94.443289, 94.281896,
13.189870, 94.501831, 22.411228, 94.119249, 93.950270,
13.199820, 111.51825, 17.702442, 93.792792, 93.616426,
13.209770, 106.23686, 17.036724, 93.464343, 93.280799,
13.219710, 115.29444, 17.530125, 93.134431, 92.943931,
13.229650, 95.132812, 18.209345, 92.802888, 92.605649,
13.239590, 113.51217, 20.192577, 92.469796, 92.266040,
13.249530, 100.99156, 19.691456, 92.135332, 91.925285,
13.259470, 104.03607, 18.993925, 91.799641, 91.583535,
13.269410, 135.67789, 21.439098, 91.462866, 91.240938,
13.279340, 98.776627, 24.320356, 91.125507, 90.898008,
13.289270, 98.016350, 24.576885, 90.787319, 90.554498,
13.299200, 112.51120, 23.945984, 90.448510, 90.210623,
13.309130, 104.44996, 26.795074, 90.109189, 89.866499,
13.318260, 84.787003, 13.270580, 89.796848, 89.549979,
13.328980, 79.826553, 12.272790, 89.429871, 89.178395,
13.339690, 73.036934, 12.248619, 89.063152, 88.807403,
13.350400, 81.193901, 12.910661, 88.696509, 88.436826,
13.361120, 95.638664, 13.087623, 88.329760, 88.066489,
13.371830, 83.677139, 11.621243, 87.963800, 87.697302,
13.382530, 104.28133, 11.770308, 87.598775, 87.329418,
13.393240, 96.023476, 12.271881, 87.234210, 86.962368,
13.403940, 89.551247, 12.129570, 86.870934, 86.596992,
13.414650, 100.16299, 13.619669, 86.508477, 86.232826,
13.425350, 106.40905, 11.921121, 86.147664, 85.870707,
13.436050, 101.91284, 12.568020, 85.788352, 85.510496,
13.446740, 88.116936, 15.212013, 85.431071, 85.152732,
13.457440, 81.465668, 14.117806, 85.075300, 84.796901,
13.468130, 95.457382, 11.159081, 84.721919, 84.443890,
13.478830, 96.481659, 10.710764, 84.370417, 84.093194,
13.489520, 103.63081, 10.806436, 84.021667, 83.745690,
13.500200, 104.55830, 11.272502, 83.675816, 83.401529,
13.510890, 96.936020, 10.995083, 83.332433, 83.060287,
13.521570, 99.186234, 10.783192, 82.992317, 82.722764,
13.532260, 95.835587, 10.639997, 82.655049, 82.388548,
13.542940, 105.32706, 11.144830, 82.321421, 82.058427,
13.553620, 108.27024, 12.354595, 81.991323, 81.732295,
13.564290, 114.41139, 12.566944, 81.665266, 81.410659,
13.574970, 95.433685, 12.019915, 81.342805, 81.093080,
13.585640, 91.118729, 11.678482, 81.024768, 80.780377,
13.596320, 103.15802, 13.085194, 80.710731, 80.472132,
13.606990, 98.175072, 33.951679, 80.401509, 80.169145,
13.617650, 110.86450, 14.010218, 80.097266, 79.871574,
13.628320, 79.537682, 12.545344, 79.797661, 79.579083,
13.638980, 86.011497, 13.833889, 79.503438, 79.292395,
13.649650, 92.196007, 13.819753, 79.214280, 79.011197,
13.660310, 98.046692, 18.795938, 78.930914, 78.736192,
13.670970, 88.663521, 15.747622, 78.653296, 78.467329,
13.681630, 86.384880, 12.385059, 78.381643, 78.204811,
13.692280, 81.140228, 10.351059, 78.116432, 77.949091,
13.702940, 88.355095, 13.908491, 77.857364, 77.699872,
13.713590, 98.781189, 13.883287, 77.605176, 77.457849,
13.724240, 87.642448, 14.283701, 77.359815, 77.222963,
13.734890, 73.945465, 13.748588, 77.121559, 76.995463,
13.745530, 82.883392, 13.063880, 76.890823, 76.775733,
13.756180, 88.181175, 14.357855, 76.667434, 76.563591,
13.766820, 82.582108, 15.548794, 76.452034, 76.359630,
13.777460, 83.136398, 16.369631, 76.244664, 76.163871,
13.788100, 79.641083, 13.612816, 76.045576, 75.976530,
13.798740, 65.758881, 14.037769, 75.855022, 75.797824,
13.809380, 71.412590, 14.789572, 75.673276, 75.627989,
13.820010, 56.575165, 14.862988, 75.500719, 75.467355,
13.830640, 84.425804, 15.747053, 75.337481, 75.316016,
13.841270, 76.006195, 15.299631, 75.183802, 75.174170,
13.851900, 83.506561, 15.131876, 75.039984, 75.042067,
13.862530, 67.398705, 18.209015, 74.906107, 74.919754,
13.873150, 68.306168, 16.581354, 74.781940, 74.806997,
13.883780, 75.153961, 17.032940, 74.666865, 74.703206,
13.894400, 77.167465, 17.034729, 74.560694, 74.608183,
13.905020, 76.645767, 17.234022, 74.462935, 74.521446,
13.915640, 75.254906, 17.178913, 74.373203, 74.442616,
13.926250, 85.509216, 18.964869, 74.291191, 74.371372,
13.936870, 69.431137, 19.412399, 74.216381, 74.307215,
13.947480, 71.327095, 18.282547, 74.148524, 74.249871,
13.958090, 65.608620, 20.070551, 74.087193, 74.198915,
13.968700, 48.183010, 19.989338, 74.032012, 74.153966,
13.979310, 66.528809, 21.606129, 73.982631, 74.114658,
13.989910, 101.26505, 22.039249, 73.938722, 74.080644,
14.000520, 66.133881, 20.692183, 73.899849, 74.051494,
14.011120, 55.826576, 22.567276, 73.865731, 74.026892,
14.021720, 64.827637, 24.456142, 73.835980, 74.006441,
14.032320, 57.528587, 25.904846, 73.810246, 73.989775,
14.042920, 73.182816, 24.857414, 73.788183, 73.976528,
14.053510, 63.974197, 26.070751, 73.769464, 73.966344,
14.064110, 71.717682, 24.834343, 73.753708, 73.958838,
14.074700, 62.785400, 28.124126, 73.740605, 73.953662,
14.085290, 89.587814, 34.252758, 73.729801, 73.950444,
14.095870, 62.233688, 20.146858, 73.720962, 73.948824,
14.106460, 68.181572, 18.310472, 73.713737, 73.948437,
14.117040, 79.731209, 18.023474, 73.707801, 73.948922,
14.127630, 66.346474, 15.079114, 73.702808, 73.949919,
14.138210, 65.164093, 19.858595, 73.698433, 73.951065,
14.148790, 79.369003, 25.537045, 73.694336, 73.952002,
14.159370, 93.165771, 21.095375, 73.690184, 73.952367,
14.169940, 88.336761, 21.980230, 73.685645, 73.951803,
14.180520, 93.028107, 42.084702, 73.680378, 73.949948,
14.182090, 78.713120, 14.276472, 73.679514, 73.949540,
14.193560, 74.657234, 13.278633, 73.672393, 73.945349,
14.205030, 71.832092, 13.771256, 73.663539, 73.938691,
14.216500, 62.680943, 14.597941, 73.652528, 73.929108,
14.227970, 83.423088, 14.459850, 73.638927, 73.916137,
14.239430, 66.182747, 13.111427, 73.622321, 73.899331,
14.250890, 75.850616, 12.410486, 73.602271, 73.878220,
14.262350, 60.258278, 13.211260, 73.578339, 73.852340,
14.273810, 79.741951, 13.229008, 73.550092, 73.821226,
14.285270, 83.779167, 13.701082, 73.517093, 73.784418,
14.296730, 63.521248, 11.885930, 73.478896, 73.741441,
14.308180, 78.602486, 11.750257, 73.435104, 73.691881,
14.319630, 74.542191, 11.905968, 73.385238, 73.635232,
14.331080, 84.494644, 12.969416, 73.328845, 73.571019,
14.342530, 59.322582, 12.470627, 73.265479, 73.498781,
14.353970, 74.302826, 11.756282, 73.194750, 73.418118,
14.365410, 74.957230, 11.376807, 73.116135, 73.328487,
14.376860, 63.689621, 11.117117, 73.029101, 73.229330,
14.388300, 79.442528, 12.321096, 72.933323, 73.120335,
14.399730, 65.880493, 11.875332, 72.828359, 73.001057,
14.411170, 61.664734, 10.643289, 72.713539, 72.870796,
14.422600, 71.353577, 10.432135, 72.588590, 72.729305,
14.434030, 67.603882, 10.326507, 72.452921, 72.575986,
14.445460, 72.812813, 11.201723, 72.306027, 72.410334,
14.456890, 59.801464, 10.440390, 72.147430, 72.231887,
14.468320, 79.033119, 10.568304, 71.976612, 72.040135,
14.479740, 76.909515, 10.041499, 71.793216, 71.834759,
14.491160, 70.552803, 9.6810379, 71.596587, 71.615107,
14.502580, 77.127670, 10.686533, 71.386215, 71.380697,
14.514000, 82.777267, 11.064476, 71.161837, 71.131323,
14.525420, 69.441025, 10.335023, 70.923862, 70.867522,
14.536830, 66.258911, 9.4617701, 70.672989, 70.590162,
14.548240, 69.797997, 12.377110, 70.409459, 70.299605,
14.559650, 65.578659, 16.778530, 70.133696, 69.996422,
14.571060, 74.017380, 10.948205, 69.846187, 69.681257,
14.582470, 68.550430, 12.970413, 69.547344, 69.354678,
14.593870, 65.937027, 12.428160, 69.237856, 69.017558,
14.605270, 71.138252, 13.223931, 68.917900, 68.670214,
14.616670, 57.483963, 13.260599, 68.587918, 68.313259,
14.628070, 69.794655, 13.761208, 68.248264, 67.947212,
14.639470, 66.478165, 10.838821, 67.899369, 67.572683,
14.650860, 60.718815, 11.316990, 67.541965, 67.190602,
14.662260, 73.083168, 11.453313, 67.175786, 66.800840,
14.673650, 75.031143, 12.421646, 66.801895, 66.404686,
14.685040, 74.036270, 12.132212, 66.420311, 66.002321,
14.696420, 65.834946, 13.041924, 66.031836, 65.594758,
14.707810, 58.264179, 12.288113, 65.636066, 65.181746,
14.719190, 81.848877, 12.782205, 65.234166, 64.764678,
14.730570, 64.835693, 12.405198, 64.826075, 64.343672,
14.741950, 66.285271, 13.676981, 64.412189, 63.919324,
14.753330, 62.149639, 12.682999, 63.992868, 63.492196,
14.764700, 64.047447, 13.347382, 63.568864, 63.063248,
14.776080, 62.954716, 13.134037, 63.139747, 62.632248,
14.787450, 48.855030, 12.931595, 62.706661, 62.200550,
14.798820, 75.318253, 14.724365, 62.269560, 61.768316,
14.810190, 69.782845, 14.642421, 61.828754, 61.336070,
14.821550, 60.511993, 14.586880, 61.385035, 60.904805,
14.832920, 63.060799, 14.524225, 60.937962, 60.474317,
14.844280, 66.693497, 14.296219, 60.488627, 60.045889,
14.855640, 69.218750, 15.420124, 60.036993, 59.619716,
14.866990, 53.265480, 15.630047, 59.583818, 59.196747,
14.878350, 65.339294, 15.815542, 59.128599, 58.776758,
14.889710, 45.858501, 15.533247, 58.672091, 58.360702,
14.901060, 47.540611, 15.175569, 58.215050, 57.949518,
14.912410, 74.564224, 16.151180, 57.757389, 57.543380,
14.923760, 66.612900, 17.157337, 57.299401, 57.142816,
14.935100, 48.786255, 17.890915, 56.841920, 56.748817,
14.946450, 63.314919, 18.032133, 56.384354, 56.361152,
14.957790, 55.649231, 17.590609, 55.927996, 55.981102,
14.969130, 36.819649, 17.795143, 55.473705, 55.608504,
14.980470, 51.589535, 18.992765, 55.023155, 55.243244,
14.991810, 64.810928, 20.475996, 54.578147, 54.885298,
15.003140, 55.276169, 20.596087, 54.140808, 54.534906,
15.014480, 58.547146, 19.990402, 53.712206, 54.191456,
15.025810, 52.861664, 20.780478, 53.294760, 53.855419,
15.037140, 67.362656, 20.917414, 52.889950, 53.526511,
15.048460, 64.683968, 23.352989, 52.499843, 53.204926,
15.059790, 67.523331, 23.374447, 52.125571, 52.890078,
15.071110, 62.811668, 22.227917, 51.769557, 52.582454,
15.082440, 42.478638, 16.525391, 51.432983, 52.281468,
15.093750, 66.049683, 13.556534, 51.118566, 51.987908,
15.105070, 54.896233, 14.194757, 50.827228, 51.700908,
15.116390, 47.130028, 15.581497, 50.561109, 51.420708,
15.127700, 43.527317, 15.213993, 50.322270, 51.147521,
15.139020, 50.679855, 16.180084, 50.112134, 50.880808,
15.150330, 41.119968, 15.595810, 49.932969, 50.621030,
15.162390, 61.217991, 16.494522, 49.777940, 50.351343,
15.174730, 47.002869, 15.424435, 49.660169, 50.083181,
15.187070, 43.012203, 15.238035, 49.586225, 49.822887,
15.199410, 35.760487, 15.978811, 49.558638, 49.570388,
15.211740, 46.160229, 16.027142, 49.579255, 49.325881,
15.224080, 52.313583, 14.769995, 49.646853, 49.088805,
15.236410, 49.147743, 14.171982, 49.759171, 48.859458,
15.248740, 76.015862, 15.619357, 49.914132, 48.637514,
15.261060, 45.740059, 17.203051, 50.109463, 48.423033,
15.273390, 36.936043, 17.766544, 50.343438, 48.215533,
15.285710, 66.581924, 15.179359, 50.613649, 48.015234,
15.298030, 61.545212, 16.566448, 50.918227, 47.821876,
15.310350, 39.767937, 14.966187, 51.255234, 47.635316,
15.322660, 59.778759, 15.678890, 51.622358, 47.455609,
15.334980, 38.959648, 15.516474, 52.018249, 47.282354,
15.347290, 59.142380, 16.161512, 52.440369, 47.115712,
15.359600, 44.671482, 14.113778, 52.887111, 46.955441,
15.371900, 56.052246, 13.485841, 53.356175, 46.801568,
15.384210, 57.344624, 14.406794, 53.846489, 46.653729,
15.396510, 34.573654, 14.533846, 54.355400, 46.512063,
15.408810, 66.645096, 16.519974, 54.881395, 46.376367,
15.421110, 62.746754, 14.906130, 55.422721, 46.246523,
15.433410, 56.542152, 13.410928, 55.977471, 46.122456,
15.445700, 45.176640, 13.001633, 56.543431, 46.004151,
15.457990, 69.840889, 14.170540, 57.119221, 45.891418,
15.470280, 54.193123, 15.010943, 57.703047, 45.784167,
15.482570, 63.426117, 14.237724, 58.293116, 45.682308,
15.494860, 59.001263, 13.187291, 58.887643, 45.585753,
15.507140, 69.818001, 12.967248, 59.484378, 45.494485,
15.519420, 52.945526, 12.482578, 60.081958, 45.408348,
15.531700, 62.479538, 13.511362, 60.678696, 45.327246,
15.543980, 69.959610, 13.894089, 61.272724, 45.251109,
15.556260, 60.558205, 12.873138, 61.862352, 45.179844,
15.568530, 63.732624, 11.951223, 62.445258, 45.113432,
15.580800, 69.614342, 11.656773, 63.020163, 45.051732,
15.593070, 68.495010, 12.369176, 63.585281, 44.994666,
15.605340, 65.478348, 12.493209, 64.138844, 44.942160,
15.617600, 52.803116, 11.673498, 64.679448, 44.894172,
15.629860, 55.241829, 10.768365, 65.207428, 44.850592,
15.642120, 59.628239, 10.185076, 65.722852, 44.811339,
15.654380, 63.706184, 10.843950, 66.225618, 44.776349,
15.666640, 66.832985, 12.236690, 66.715775, 44.745546,
15.678890, 78.588097, 12.916374, 67.192842, 44.718885,
15.691140, 66.985611, 13.916776, 67.657197, 44.696269,
15.703390, 70.484749, 13.842507, 68.108785, 44.677633,
15.715640, 76.410782, 15.149404, 68.547545, 44.662910,
15.727890, 76.592796, 15.224374, 68.973406, 44.652036,
15.740130, 76.533379, 15.556128, 69.385972, 44.644951,
15.752370, 69.679855, 14.366742, 69.785463, 44.641582,
15.764610, 60.755806, 13.684872, 70.171844, 44.641867,
15.776850, 77.375366, 14.148116, 70.544953, 44.645746,
15.789090, 71.184311, 13.889021, 70.904736, 44.653158,
15.801320, 72.866684, 14.302082, 71.250750, 44.664035,
15.813550, 81.625809, 15.580841, 71.583181, 44.678322,
15.825780, 46.774605, 14.191263, 71.901891, 44.695963,
15.838010, 63.613903, 13.982298, 72.206734, 44.716902,
15.850230, 57.176601, 14.064859, 72.497333, 44.741062,
15.862450, 72.016075, 14.769348, 72.773746, 44.768404,
15.874670, 79.252487, 16.329229, 73.035845, 44.798876,
15.886890, 88.915512, 16.290257, 73.283423, 44.832424,
15.899110, 99.429962, 17.314379, 73.516273, 44.868994,
15.911320, 79.636505, 17.550797, 73.734050, 44.908504,
15.923540, 82.044861, 13.585816, 73.936899, 44.950969,
15.935750, 88.359451, 17.765915, 74.124253, 44.996267,
15.947960, 91.686218, 18.374805, 74.296063, 45.044383,
15.960160, 89.924484, 18.136406, 74.451974, 45.095229,
15.972370, 69.749626, 17.946522, 74.591983, 45.148837,
15.984570, 75.567322, 17.621372, 74.715602, 45.205071,
15.996770, 67.182404, 17.507147, 74.822697, 45.263936,
16.008961, 58.723427, 18.042637, 74.912916, 45.325332,
16.021160, 84.847275, 19.383381, 74.986104, 45.389306,
16.033350, 88.352501, 19.418121, 75.041856, 45.455719,
16.045549, 74.595100, 17.575056, 75.079945, 45.524631,
16.057739, 66.661301, 17.199568, 75.099991, 45.595891,
16.069920, 78.166046, 18.418594, 75.101701, 45.669452,
16.082109, 65.048271, 17.765411, 75.084735, 45.745388,
16.094290, 75.973877, 18.466291, 75.048762, 45.823538,
16.106470, 81.563675, 19.123070, 74.993408, 45.903922,
16.118650, 73.287590, 18.486763, 74.918291, 45.986498,
16.130831, 64.336433, 19.009262, 74.823020, 46.071230,
16.143009, 79.354698, 22.539867, 74.707208, 46.158063,
16.155180, 67.639175, 19.230125, 74.570515, 46.246916,
16.167351, 55.024132, 20.030519, 74.412444, 46.337807,
16.179520, 67.268501, 34.537289, 74.232580, 46.430683,
16.191681, 65.680237, 25.603664, 74.030577, 46.525462,
16.203850, 67.313889, 33.617905, 73.805708, 46.622226,
16.216009, 68.696182, 32.181686, 73.557810, 46.720804,
16.228170, 70.067368, 22.224203, 73.286388, 46.821252,
16.240330, 88.209297, 24.015268, 72.993682, 46.923503,
16.252489, 52.650993, 34.038708, 72.683361, 47.027540,
16.264641, 71.710045, 30.877533, 72.359350, 47.133262,
16.276791, 84.010262, 25.240097, 72.025219, 47.240683,
16.288950, 93.469971, 35.197208, 71.684346, 47.349874,
16.301090, 98.871925, 45.755615, 71.341230, 47.460544,
16.313240, 76.778885, 37.719868, 70.998755, 47.572920,
16.325380, 56.512722, 44.907867, 70.661145, 47.686794,
16.337530, 88.143967, 27.120983, 70.331561, 47.802314,
16.349670, 101.77173, 24.645514, 70.014213, 47.919269,
16.361799, 106.09232, 22.281178, 69.712814, 48.037606,
16.373940, 106.44957, 26.111607, 69.430500, 48.157519,
16.386070, 114.98624, 28.778053, 69.171477, 48.278772,
16.398211, 117.43071, 29.792927, 68.939072, 48.401525,
16.410339, 104.33254, 23.658640, 68.737423, 48.525539,
16.422461, 143.43900, 25.019779, 68.570153, 48.650821,
16.434589, 127.22646, 30.170658, 68.440831, 48.777501,
16.446711, 117.32735, 28.939789, 68.353420, 48.905391,
16.458839, 100.35381, 22.511398, 68.311640, 49.034627,
16.470961, 92.497307, 30.431965, 68.319400, 49.165017,
16.483070, 102.23265, 26.205688, 68.380458, 49.296492,
16.495190, 117.85527, 42.183754, 68.498823, 49.429253,
16.500280, 76.110687, 18.329403, 68.566574, 49.485367,
16.513599, 93.051605, 19.913147, 68.797094, 49.633129,
16.526911, 110.05794, 18.500698, 69.108705, 49.782157,
16.540211, 80.371704, 16.947575, 69.506511, 49.932370,
16.553520, 84.764290, 17.535582, 69.996555, 50.083973,
16.566820, 78.284935, 17.667320, 70.583633, 50.236716,
16.580120, 96.852951, 17.614870, 71.273629, 50.390675,
16.593420, 72.476028, 14.733077, 72.072191, 50.545818,
16.606710, 80.946007, 15.558077, 72.984348, 50.702002,
16.620001, 75.938583, 14.911379, 74.016435, 50.859306,
16.633301, 76.778168, 15.622679, 75.175221, 51.017813,
16.646589, 76.184921, 16.748495, 76.464841, 51.177243,
16.659870, 80.235313, 15.581985, 77.891458, 51.337610,
16.673149, 87.927582, 14.858994, 79.461715, 51.498951,
16.686440, 74.611412, 14.216377, 81.183639, 51.661401,
16.699711, 77.683365, 14.191455, 83.057599, 51.824557,
16.712990, 84.433495, 15.423784, 85.073757, 51.988717,
16.726271, 78.613884, 15.604418, 87.208347, 52.153783,
16.739540, 76.228317, 14.546589, 89.436068, 52.319560,
16.752810, 78.956009, 13.436007, 91.735778, 52.486161,
16.766081, 102.08150, 14.133348, 94.084936, 52.653584,
16.779341, 98.060524, 13.345465, 96.458311, 52.821632,
16.792601, 92.322716, 13.931174, 98.835135, 52.990421,
16.805870, 84.613205, 13.668043, 101.19432, 53.160046,
16.819120, 74.593903, 13.197647, 103.50803, 53.330116,
16.832380, 89.938843, 12.504835, 105.75850, 53.500968,
16.845631, 82.696136, 12.080453, 107.91966, 53.672333,
16.858891, 98.653572, 14.262060, 109.97170, 53.844430,
16.872141, 74.721695, 15.229033, 111.88869, 54.016985,
16.885380, 97.793686, 16.095526, 113.64763, 54.189947,
16.898630, 93.816971, 15.027517, 115.22841, 54.363590,
16.911869, 79.981537, 13.307860, 116.60502, 54.537588,
16.925110, 86.609314, 13.257924, 117.75563, 54.712090,
16.938351, 100.96329, 14.210064, 118.65646, 54.887048,
16.951580, 94.304474, 14.422390, 119.28332, 55.062284,
16.964821, 84.034042, 15.035822, 119.62374, 55.238077,
16.978050, 94.947021, 14.620377, 119.69253, 55.414097,
16.991270, 99.876595, 14.808249, 119.51057, 55.590346,
17.004499, 104.17467, 13.764417, 119.09765, 55.767054,
17.017719, 145.41319, 14.833007, 118.47422, 55.943941,
17.030951, 282.82410, 18.147047, 117.65898, 56.121263,
17.044161, 262.75793, 18.793991, 116.67366, 56.298563,
17.057381, 111.51163, 15.612989, 115.53563, 56.476225,
17.070601, 110.64607, 14.942550, 114.26483, 56.654098,
17.083811, 99.106110, 15.306849, 112.88153, 56.832029,
17.097019, 100.35123, 14.240524, 111.40414, 57.010097,
17.110229, 87.099991, 14.599665, 109.85124, 57.188330,
17.123430, 85.177933, 14.821665, 108.24318, 57.366550,
17.136641, 79.079376, 14.329521, 106.59654, 57.544990,
17.149839, 89.583206, 13.771095, 104.93279, 57.723345,
17.163040, 89.832130, 13.442494, 103.26910, 57.901770,
17.176229, 100.09338, 13.589901, 101.62595, 58.080062,
17.189430, 90.895386, 14.721263, 100.01932, 58.258506,
17.202620, 91.267487, 17.737766, 98.470842, 58.436771,
17.215811, 109.37544, 18.647724, 96.997756, 58.615012,
17.229000, 92.731445, 18.744272, 95.619415, 58.793156,
17.242180, 90.088486, 18.135406, 94.355443, 58.971075,
17.255369, 93.241707, 16.251240, 93.216235, 59.149004,
17.268551, 97.350380, 20.535641, 92.198850, 59.326687,
17.281719, 98.217865, 17.096889, 91.296563, 59.504025,
17.294901, 74.618179, 19.539263, 90.500746, 59.681353,
17.308069, 108.45304, 22.166111, 89.806302, 59.858288,
17.321251, 96.413002, 17.227039, 89.205177, 60.035167,
17.334410, 98.896500, 19.154825, 88.692366, 60.211478,
17.347580, 95.699409, 20.181644, 88.259922, 60.387659,
17.360750, 92.385521, 20.822540, 87.901888, 60.563533,
17.373911, 68.652809, 21.749807, 87.612069, 60.738948,
17.387070, 96.779465, 22.396877, 87.383887, 60.913982,
17.400230, 86.335327, 22.607456, 87.211005, 61.088663,
17.413380, 76.686646, 19.835913, 87.087313, 61.262789,
17.426540, 110.20078, 21.436764, 87.006406, 61.436640,
17.439690, 66.499550, 20.125542, 86.962269, 61.609887,
17.452841, 43.183632, 21.651428, 86.948693, 61.782684,
17.465981, 37.928173, 21.521538, 86.959565, 61.954831,
17.479130, 86.679115, 22.018768, 86.988821, 62.126577,
17.492270, 63.667877, 20.235876, 87.030360, 62.297650,
17.505409, 84.930908, 19.860546, 87.078150, 62.468148,
17.518551, 92.301025, 21.373989, 87.126158, 62.638071,
17.531679, 83.598228, 21.683659, 87.168295, 62.807197,
17.544821, 84.518646, 22.809999, 87.198606, 62.975844,
17.557949, 54.379486, 23.635090, 87.210984, 63.143645,
17.571079, 73.682816, 29.462934, 87.199414, 63.310769,
17.584200, 70.640045, 35.337849, 87.157862, 63.477045,
17.597330, 86.984810, 29.436146, 87.080178, 63.642688,
17.610451, 103.15107, 30.762077, 86.961074, 63.807431,
17.623569, 76.400581, 25.110846, 86.800393, 63.971345,
17.636690, 104.26775, 39.050461, 86.600318, 64.134449,
17.649799, 78.781967, 33.740707, 86.363299, 64.296553,
17.662910, 77.148659, 32.242783, 86.091315, 64.457793,
17.676029, 102.68639, 51.858383, 85.786362, 64.618213,
17.689131, 129.61908, 39.858479, 85.451179, 64.777482,
17.702240, 67.897827, 41.503922, 85.087269, 64.935874,
17.715349, 77.338989, 36.866737, 84.696903, 65.093268,
17.728451, 50.032875, 39.069599, 84.282392, 65.249545,
17.741550, 87.781456, 35.684052, 83.845626, 65.404744,
17.754641, 81.254265, 29.557838, 83.388910, 65.558747,
17.767740, 66.388885, 23.193518, 82.913589, 65.711749,
17.780830, 87.373489, 29.372778, 82.422350, 65.863498,
17.793921, 101.60625, 25.858810, 81.916833, 66.014075,
17.807011, 97.698967, 24.109041, 81.399010, 66.163450,
17.820101, 96.878716, 28.303123, 80.870842, 66.311591,
17.833179, 97.180359, 27.812252, 80.334756, 66.458340,
17.846270, 82.053024, 23.632101, 79.791760, 66.603921,
17.859341, 63.383705, 24.265345, 79.245063, 66.747965,
17.872419, 41.634769, 27.860386, 78.695489, 66.890735,
17.885500, 67.295570, 30.721039, 78.145210, 67.032135,
17.898569, 75.001747, 30.709641, 77.596716, 67.171988,
17.911640, 39.680374, 29.868893, 77.051379, 67.310406,
17.924709, 61.326050, 28.397572, 76.511287, 67.447314,
17.937780, 42.059067, 52.709831, 75.978221, 67.582718,
17.941250, 49.008335, 19.060036, 75.838168, 67.618398,
17.955721, 62.737202, 17.642920, 75.261689, 67.766019,
17.970181, 59.697006, 17.805866, 74.700016, 67.911557,
17.984650, 75.147301, 18.416384, 74.154988, 68.055172,
17.999109, 100.23383, 22.050055, 73.629992, 68.196627,
18.013571, 71.171524, 25.468628, 73.127287, 68.335985,
18.028021, 77.968735, 19.865028, 72.650016, 68.473070,
18.042480, 56.886909, 19.694817, 72.200208, 68.608028,
18.056931, 69.022804, 17.702778, 71.781207, 68.740629,
18.071381, 84.588173, 17.926411, 71.395480, 68.870911,
18.085819, 60.330414, 18.219185, 71.046095, 68.998719,
18.100269, 55.863075, 19.238623, 70.735332, 69.124201,
18.114710, 67.090324, 20.332981, 70.465615, 69.247118,
18.129150, 77.996399, 18.644794, 70.235311, 69.367499,
18.143579, 74.772736, 17.138309, 70.042372, 69.485193,
18.158020, 69.512161, 15.984632, 69.884341, 69.600329,
18.172449, 60.328415, 17.275585, 69.759349, 69.712665,
18.186880, 70.745682, 18.794336, 69.665159, 69.822249,
18.201300, 64.110718, 17.836496, 69.599770, 69.928920,
18.215719, 67.000420, 16.894947, 69.561063, 70.032705,
18.230150, 46.553688, 14.752724, 69.547031, 70.133621,
18.244560, 63.079941, 14.794689, 69.555695, 70.231378,
18.258980, 93.414093, 16.471512, 69.585082, 70.326124,
18.273390, 56.311790, 18.891409, 69.633209, 70.417666,
18.287800, 93.448326, 20.624128, 69.698163, 70.506002,
18.302210, 83.270386, 18.894310, 69.778032, 70.591063,
18.316620, 82.702858, 17.272902, 69.870917, 70.672780,
18.331020, 80.675095, 16.600073, 69.974860, 70.751032,
18.345421, 55.680779, 16.544197, 70.088045, 70.825803,
18.359819, 61.228634, 16.571728, 70.208591, 70.897010,
18.374210, 63.773197, 19.385847, 70.334586, 70.964555,
18.388611, 59.045883, 18.886745, 70.464329, 71.028443,
18.403000, 59.856186, 17.527447, 70.595784, 71.088505,
18.417379, 87.911598, 17.342899, 70.727120, 71.144679,
18.431770, 87.665001, 16.612400, 70.856686, 71.196967,
18.446150, 77.980293, 15.691278, 70.982432, 71.245206,
18.460529, 76.778534, 17.526152, 71.102616, 71.289358,
18.474911, 59.076637, 17.522148, 71.215402, 71.329344,
18.489281, 70.872269, 19.811264, 71.318839, 71.365046,
18.503660, 85.948441, 16.629271, 71.411220, 71.396433,
18.518030, 82.840240, 15.406424, 71.491328, 71.423451,
18.532391, 62.527748, 14.192017, 71.559558, 71.446240,
18.546761, 81.861153, 18.086246, 71.616529, 71.464977,
18.561119, 60.901508, 18.676094, 71.662675, 71.479780,
18.575480, 60.878712, 21.732729, 71.698558, 71.490811,
18.589840, 69.012161, 20.755341, 71.724669, 71.498208,
18.604191, 45.831566, 18.276388, 71.741491, 71.502113,
18.618549, 84.956299, 18.060820, 71.749526, 71.502669,
18.632900, 90.999863, 17.735258, 71.749239, 71.500014,
18.647240, 90.964333, 19.385624, 71.741111, 71.494292,
18.661591, 73.087746, 19.738508, 71.725587, 71.485631,
18.675930, 71.890953, 20.022520, 71.703145, 71.474177,
18.690269, 38.412468, 20.207447, 71.674219, 71.460059,
18.704611, 54.192913, 24.551840, 71.639244, 71.443408,
18.718941, 64.076881, 18.545189, 71.598691, 71.424374,
18.733271, 71.958084, 17.574053, 71.552965, 71.403073,
18.747601, 59.793060, 18.650312, 71.502487, 71.379638,
18.761930, 71.458931, 20.257746, 71.447679, 71.354196,
18.776260, 117.86304, 21.917130, 71.388955, 71.326876,
18.790581, 85.642181, 20.216789, 71.326770, 71.297826,
18.804899, 69.422287, 17.868595, 71.261505, 71.267159,
18.819220, 72.210243, 18.207777, 71.193546, 71.234994,
18.833530, 83.456795, 24.203588, 71.123355, 71.201483,
18.847839, 72.308510, 22.778971, 71.051296, 71.166735,
18.862150, 69.692238, 25.715097, 70.977749, 71.130866,
18.876459, 57.469620, 26.134535, 70.903132, 71.094009,
18.890770, 85.449463, 26.948708, 70.827821, 71.056279,
18.905069, 106.56230, 25.497635, 70.752282, 71.017834,
18.919371, 89.865646, 22.150011, 70.676842, 70.978764,
18.933670, 57.313980, 22.025600, 70.601914, 70.939201,
18.947960, 83.500671, 28.438042, 70.527933, 70.899289,
18.962250, 67.566780, 27.080696, 70.455245, 70.859126,
18.976540, 69.364868, 29.095284, 70.384246, 70.818832,
18.990829, 70.095665, 28.394131, 70.315334, 70.778531,
19.005119, 63.882771, 27.452995, 70.248909, 70.738344,
19.019400, 78.005592, 24.895643, 70.185414, 70.698420,
19.033680, 38.326569, 23.460579, 70.125209, 70.658855,
19.047960, 50.643917, 24.912430, 70.068699, 70.619770,
19.062229, 33.173267, 28.366592, 70.016334, 70.581319,
19.076500, 97.789368, 34.004349, 69.968475, 70.543587,
19.090771, 85.832214, 27.774300, 69.925544, 70.506703,
19.105040, 45.935200, 26.391008, 69.887968, 70.470793,
19.119310, 79.949272, 27.195835, 69.856162, 70.435971,
19.133570, 55.485909, 24.732594, 69.830578, 70.402393,
19.147829, 36.687431, 39.638451, 69.811626, 70.370153,
19.162090, 100.17105, 39.750996, 69.799742, 70.339372,
19.176340, 70.169632, 29.460440, 69.795379, 70.310201,
19.190599, 51.424637, 40.152912, 69.798981, 70.282723,
19.204849, 80.272125, 43.601791, 69.811002, 70.257100,
19.219101, 68.851303, 36.034676, 69.831912, 70.233436,
19.233339, 70.532112, 32.030178, 69.862151, 70.211881,
19.247580, 47.698341, 38.158031, 69.902223, 70.192537,
19.261820, 48.294430, 48.473103, 69.952613, 70.175534,
19.276060, 39.347206, 39.743332, 70.013820, 70.161002,
19.290300, 117.68727, 61.512627, 70.086352, 70.149071,
19.304529, 98.396347, 46.350395, 70.170654, 70.139877,
19.318760, 58.962105, 46.474442, 70.267321, 70.133540,
19.332991, 53.225285, 45.207718, 70.376879, 70.130195,
19.347219, 45.002472, 42.561234, 70.499861, 70.129974,
19.361441, 69.643814, 45.449337, 70.636763, 70.133008,
19.375660, 70.443703, 48.549026, 70.788197, 70.139431,
19.389879, 77.602097, 41.750061, 70.954765, 70.149380,
19.404100, 120.58159, 50.397026, 71.137089, 70.162993,
19.418310, 73.495483, 46.562798, 71.335591, 70.180394,
19.432520, 103.20120, 62.789143, 71.551034, 70.201732,
