# wave, flux, fluxerr, continuum, continuum_plateau
9.9725246, 59.883862, 16.801689, 51.309476, 51.285587,
9.9806166, 48.461708, 17.589870, 51.227243, 51.207220,
9.9887066, 67.577057, 15.930960, 51.156134, 51.139515,
9.9967957, 45.359692, 14.113099, 51.095796, 51.082158,
10.004880, 48.590790, 16.067247, 51.045913, 51.034864,
10.012970, 36.340176, 15.662207, 51.006089, 50.997275,
10.021050, 56.699768, 13.672998, 50.976064, 50.969157,
10.029140, 63.944527, 14.492156, 50.955440, 50.950147,
10.037220, 62.189121, 15.508762, 50.943944, 50.939994,
10.045300, 38.636627, 13.258745, 50.941223, 50.938375,
10.053380, 49.384048, 12.572246, 50.946960, 50.944997,
10.061460, 59.492912, 14.334433, 50.960838, 50.959567,
10.069540, 53.922813, 13.437140, 50.982548, 50.981796,
10.077610, 56.393871, 12.065113, 51.011734, 51.011350,
10.085690, 59.625885, 12.683446, 51.048159, 51.048011,
10.093760, 49.127312, 13.586241, 51.091431, 51.091405,
10.101830, 35.732403, 11.991274, 51.141285, 51.141283,
10.109900, 41.700401, 11.276942, 51.197426, 51.197367,
10.117970, 46.734447, 12.677483, 51.259540, 51.259357,
10.126040, 46.479298, 13.255148, 51.327335, 51.326974,
10.134100, 62.920338, 11.501498, 51.400415, 51.399837,
10.142170, 54.168221, 12.144700, 51.478676, 51.477850,
10.150230, 68.263474, 13.807535, 51.561630, 51.560539,
10.158300, 41.816399, 12.254186, 51.649182, 51.647817,
10.166360, 61.729942, 11.787441, 51.740822, 51.739186,
10.174420, 67.316116, 13.187178, 51.836384, 51.834486,
10.182470, 63.318253, 13.367484, 51.935437, 51.933295,
10.190530, 69.918457, 13.402568, 52.037941, 52.035580,
10.198590, 47.938705, 11.906572, 52.143507, 52.140958,
10.206640, 58.746315, 13.552292, 52.251694, 52.248996,
10.214690, 35.226379, 12.282902, 52.362354, 52.359551,
10.222750, 59.096451, 11.689965, 52.475339, 52.472481,
10.230800, 56.922867, 12.878393, 52.590100, 52.587240,
10.238850, 55.725788, 13.403772, 52.706487, 52.703684,
10.246890, 53.474689, 11.738278, 52.824077, 52.821396,
10.254940, 44.434830, 11.846419, 52.942871, 52.940378,
10.262990, 36.584179, 13.095827, 53.062447, 53.060215,
10.271030, 54.247356, 13.823114, 53.182384, 53.180487,
10.279070, 59.488304, 12.956570, 53.302528, 53.301046,
10.287120, 62.455650, 13.626573, 53.422771, 53.421789,
10.295150, 63.598721, 15.115309, 53.542380, 53.541983,
10.303190, 58.855087, 14.208746, 53.661555, 53.661834,
10.311230, 47.709961, 13.392765, 53.780922, 53.781950,
10.319270, 42.978935, 14.402072, 53.902677, 53.904483,
10.327300, 62.913090, 14.739438, 54.028900, 54.031464,
10.335340, 54.137974, 15.687977, 54.162165, 54.165420,
10.343370, 84.854485, 15.149938, 54.304432, 54.308263,
10.351400, 35.781750, 16.516014, 54.458081, 54.462322,
10.359430, 38.170662, 15.907480, 54.625390, 54.629823,
10.367460, 59.350693, 15.083637, 54.808625, 54.812977,
10.375480, 77.491806, 15.475624, 55.009781, 55.013723,
10.383510, 58.883835, 17.146479, 55.231657, 55.234798,
10.391530, 30.164213, 15.253388, 55.475978, 55.477867,
10.399560, 62.989517, 13.082850, 55.745610, 55.745724,
10.407580, 72.026489, 13.135131, 56.041799, 56.039571,
10.415600, 64.241516, 14.106172, 56.364801, 56.359715,
10.423620, 60.970097, 14.314534, 56.714133, 56.705752,
10.431640, 32.170731, 13.445141, 57.089157, 57.077123,
10.439650, 60.666687, 14.636997, 57.488878, 57.472906,
10.447670, 43.690121, 23.896042, 57.913760, 57.893624,
10.455680, 55.751728, 14.624917, 58.362161, 58.337708,
10.463700, 61.420761, 14.431262, 58.834731, 58.805854,
10.471710, 54.814598, 16.202063, 59.329714, 59.296375,
10.479720, 48.758713, 16.330660, 59.847202, 59.809409,
10.487730, 44.280643, 15.482693, 60.386691, 60.344496,
10.495730, 48.638187, 15.929069, 60.947001, 60.900508,
10.503740, 62.922157, 20.986948, 61.528974, 61.478317,
10.511750, 42.054688, 20.775772, 62.131470, 62.076822,
10.519750, 78.857628, 17.827208, 62.753176, 62.694752,
10.527750, 46.138889, 22.772158, 63.394473, 63.332511,
10.535750, 66.431503, 26.206226, 64.054819, 63.989583,
10.543750, 79.565735, 23.408030, 64.733666, 64.665446,
10.551750, 47.446297, 24.337128, 65.430718, 65.359824,
10.559750, 59.995461, 21.294004, 66.145356, 66.072115,
10.567850, 68.497437, 12.512207, 66.886568, 66.811301,
10.576350, 65.803696, 12.663452, 67.682823, 67.605821,
10.584840, 70.970596, 12.962913, 68.496467, 68.418144,
10.593340, 85.404793, 11.753222, 69.328989, 69.249763,
10.601830, 81.210541, 11.583970, 70.177820, 70.098117,
10.610330, 83.961075, 12.924321, 71.044547, 70.964792,
10.618820, 82.522995, 12.895844, 71.926626, 71.847244,
10.627310, 78.196472, 11.769499, 72.824420, 72.745831,
10.635800, 77.947258, 12.265161, 73.737637, 73.660252,
10.644280, 72.117538, 13.208188, 74.664531, 74.588750,
10.652770, 79.529411, 12.388559, 75.606805, 75.533019,
10.661250, 85.200836, 11.581249, 76.561862, 76.490442,
10.669740, 86.997887, 12.554998, 77.531376, 77.462680,
10.678220, 87.203995, 13.147081, 78.512698, 78.447057,
10.686700, 68.316650, 11.977424, 79.506442, 79.444168,
10.695180, 81.833252, 11.842040, 80.512146, 80.453527,
10.703650, 89.947227, 12.900349, 81.528202, 81.473492,
10.712130, 69.940186, 12.626026, 82.556325, 82.505760,
10.720600, 92.075729, 11.824451, 83.593984, 83.547759,
10.729080, 98.466347, 12.347517, 84.642952, 84.601238,
10.737550, 90.366028, 13.212224, 85.700306, 85.663228,
10.746020, 88.624802, 12.754744, 86.767016, 86.734670,
10.754490, 103.31392, 12.220925, 87.842404, 87.814846,
10.762960, 89.422768, 12.358120, 88.926277, 88.903524,
10.771420, 92.617767, 13.576943, 90.016601, 89.998621,
10.779890, 97.383926, 13.178814, 91.115895, 91.102628,
10.788350, 93.096535, 12.698421, 92.220888, 92.212216,
10.796810, 102.03931, 14.265684, 93.332512, 93.328278,
10.805270, 94.152771, 14.548319, 94.450344, 94.450344,
10.813730, 91.248703, 13.889147, 95.574010, 95.578004,
10.822190, 90.589325, 13.498604, 96.703324, 96.711081,
10.830650, 103.90095, 15.501543, 97.838147, 97.849455,
10.839100, 96.172218, 15.662695, 98.976926, 98.991587,
10.847560, 91.325684, 14.686729, 100.12235, 100.14020,
10.856010, 72.097748, 14.658252, 101.27159, 101.29245,
10.864460, 110.76874, 16.642822, 102.42565, 102.44939,
10.872910, 94.420105, 17.817699, 103.58454, 103.61102,
10.881360, 108.54274, 16.891878, 104.74827, 104.77738,
10.889800, 97.267303, 17.522795, 105.91513, 105.94676,
10.898250, 97.316681, 18.154737, 107.08775, 107.12181,
10.906690, 130.93805, 18.672495, 108.26336, 108.29978,
10.915140, 112.40036, 18.183451, 109.44464, 109.48334,
10.923580, 104.32169, 20.012545, 110.62853, 110.66945,
10.932020, 106.44995, 22.989662, 111.81637, 111.85945,
10.940460, 139.83426, 20.893661, 113.00805, 113.05325,
10.948890, 129.25772, 19.750996, 114.20195, 114.24924,
10.957330, 133.02879, 25.084288, 115.40094, 115.45028,
10.965760, 153.34027, 25.149319, 116.60206, 116.65342,
10.974200, 161.23621, 18.749897, 117.80790, 117.86127,
10.982630, 163.82968, 15.366720, 119.01550, 119.07086,
10.991060, 164.73151, 16.821674, 120.22638, 120.28371,
10.999490, 184.83968, 20.495445, 121.44014, 121.49945,
11.007920, 176.83441, 19.790272, 122.65696, 122.71823,
11.016340, 175.71567, 18.465912, 123.87507, 123.93830,
11.024770, 158.21025, 17.029104, 125.09726, 125.16245,
11.033190, 156.58395, 17.336205, 126.32066, 126.38781,
11.041610, 167.63542, 19.727345, 127.54653, 127.61565,
11.050030, 179.99274, 19.885719, 128.77479, 128.84586,
11.058450, 167.53790, 20.125420, 130.00531, 130.07835,
11.066870, 141.00372, 23.016830, 131.23801, 131.31300,
11.075290, 138.46010, 21.338970, 132.47276, 132.54972,
11.083700, 168.14468, 21.001614, 133.70808, 133.78699,
11.092120, 166.44849, 26.626513, 134.94665, 135.02753,
11.100530, 202.26456, 32.649025, 136.18544, 136.26826,
11.108940, 207.30856, 28.549191, 137.42601, 137.51078,
11.117350, 187.56290, 39.768089, 138.66800, 138.75471,
11.120570, 180.14978, 15.789016, 139.14404, 139.23148,
11.129530, 209.72594, 15.337098, 140.46945, 140.55893,
11.138500, 259.95969, 16.096085, 141.79791, 141.88941,
11.147460, 272.66516, 16.759382, 143.12618, 143.21968,
11.156430, 349.10297, 18.522118, 144.45726, 144.55273,
11.165390, 388.43161, 17.854443, 145.78791, 145.88531,
11.174350, 412.54883, 17.609215, 147.11956, 147.21887,
11.183300, 490.56299, 19.590519, 148.45070, 148.55186,
11.192260, 571.17102, 20.887417, 149.78402, 149.88699,
11.201220, 660.86377, 20.871471, 151.11801, 151.22272,
11.210170, 657.85498, 20.539242, 152.45111, 152.55752,
11.219120, 703.56189, 22.368771, 153.78464, 153.89267,
11.228070, 701.83508, 22.126835, 155.11848, 155.22806,
11.237020, 704.44794, 20.444530, 156.45236, 156.56343,
11.245970, 715.70673, 20.815678, 157.78646, 157.89892,
11.254920, 717.13922, 21.400726, 159.12053, 159.23429,
11.263860, 719.00952, 21.233137, 160.45287, 160.56784,
11.272800, 712.88013, 20.142900, 161.78508, 161.90116,
11.281750, 679.83026, 19.895720, 163.11818, 163.23526,
11.290690, 638.69714, 20.026669, 164.44950, 164.56747,
11.299630, 620.70752, 19.760487, 165.78006, 165.89879,
11.308560, 594.24115, 18.601196, 167.10846, 167.22784,
11.317500, 572.87860, 18.497646, 168.43743, 168.55732,
11.326430, 550.28473, 19.281425, 169.76401, 169.88428,
11.335370, 554.86310, 19.137150, 171.09092, 171.21143,
11.344300, 504.36450, 17.775278, 172.41522, 172.53582,
11.353230, 475.07635, 17.476162, 173.73819, 173.85874,
11.362160, 464.49426, 18.394974, 175.05959, 175.17993,
11.371080, 450.40161, 17.982841, 176.37816, 176.49813,
11.380010, 447.63504, 17.121914, 177.69633, 177.81577,
11.388930, 425.82990, 17.181711, 179.01144, 179.13018,
11.397850, 409.20285, 17.954632, 180.32450, 180.44237,
11.406780, 390.19037, 17.598654, 181.63707, 181.75390,
11.415700, 397.13080, 16.897741, 182.94594, 183.06156,
11.424610, 365.77155, 17.093731, 184.25115, 184.36537,
11.433530, 383.56445, 18.531075, 185.55535, 185.66801,
11.442450, 360.91309, 17.968678, 186.85704, 186.96795,
11.451360, 356.04291, 17.144093, 188.15469, 188.26367,
11.460270, 340.54236, 17.677858, 189.44959, 189.55646,
11.469180, 333.10114, 18.461573, 190.74159, 190.84617,
11.478090, 341.06985, 19.155174, 192.03057, 192.13269,
11.487000, 336.40204, 18.761915, 193.31642, 193.41589,
11.495910, 326.40778, 19.074501, 194.59885, 194.69551,
11.504810, 330.93097, 20.167648, 195.87665, 195.97032,
11.513710, 310.02728, 20.220686, 197.15079, 197.24130,
11.522620, 280.49164, 19.259398, 198.42277, 198.50996,
11.531520, 266.05557, 19.437799, 199.68946, 199.77316,
11.540420, 293.58762, 20.646347, 200.95222, 201.03229,
11.549310, 291.34464, 22.573795, 202.20958, 202.28587,
11.558210, 285.89639, 21.159506, 203.46423, 203.53659,
11.567100, 271.28894, 21.202667, 204.71293, 204.78125,
11.576000, 281.04486, 23.502445, 205.95877, 206.02291,
11.584890, 279.73364, 24.015614, 207.19853, 207.25838,
11.593780, 262.07065, 19.895069, 208.43341, 208.48887,
11.602670, 256.80127, 21.498749, 209.66353, 209.71451,
11.611560, 247.34892, 24.266926, 210.88862, 210.93502,
11.620440, 227.47784, 24.244801, 212.10708, 212.14886,
11.629330, 234.38193, 24.335039, 213.32164, 213.35875,
11.638210, 225.01068, 24.064983, 214.52943, 214.56182,
11.647090, 217.10779, 25.433392, 215.73146, 215.75912,
11.655970, 237.12473, 27.167099, 216.92771, 216.95064,
11.664850, 222.83806, 20.948261, 218.11815, 218.13637,
11.673730, 218.25851, 14.974924, 219.30237, 219.31592,
11.682600, 230.12097, 16.507034, 220.47907, 220.48802,
11.691480, 221.62492, 15.587264, 221.65063, 221.65504,
11.700350, 234.56346, 17.182430, 222.81435, 222.81435,
11.709220, 236.63065, 16.431852, 223.97135, 223.96706,
11.718090, 232.12517, 16.841969, 225.12149, 225.11301,
11.726960, 220.70078, 17.868513, 226.26462, 226.25206,
11.735830, 212.32579, 18.187784, 227.40062, 227.38404,
11.744690, 207.70694, 19.685770, 228.52802, 228.50748,
11.753560, 194.37416, 18.328024, 229.64934, 229.62489,
11.762420, 231.70268, 19.966820, 230.76179, 230.73345,
11.771280, 243.94792, 33.620041, 231.86668, 231.83447,
11.775020, 218.71896, 14.855392, 232.33062, 232.29678,
11.784500, 245.96524, 15.959677, 233.50053, 233.46256,
11.793980, 238.58788, 15.534275, 234.66109, 234.61899,
11.803460, 224.32999, 16.107264, 235.81236, 235.76610,
11.812940, 230.34154, 14.146399, 236.95389, 236.90346,
11.822420, 242.53391, 15.255886, 238.08574, 238.03110,
11.831890, 234.34793, 14.629881, 239.20633, 239.14748,
11.841360, 229.81894, 13.859978, 240.31674, 240.25363,
11.850840, 230.99388, 13.512379, 241.41784, 241.35047,
11.860310, 221.91602, 13.711981, 242.50722, 242.43557,
11.869770, 249.25169, 14.447583, 243.58469, 243.50875,
11.879240, 248.83752, 13.689308, 244.65221, 244.57198,
11.888710, 260.56204, 13.381071, 245.70845, 245.62396,
11.898170, 262.00925, 13.820443, 246.75214, 246.66342,
11.907630, 262.47684, 14.244347, 247.78402, 247.69112,
11.917090, 264.35934, 13.861958, 248.80406, 248.70706,
11.926550, 257.32632, 13.160237, 249.81181, 249.71080,
11.936010, 273.18976, 13.603602, 250.80722, 250.70232,
11.945470, 251.31740, 13.619892, 251.78985, 251.68122,
11.954920, 286.34698, 13.853979, 252.75857, 252.64640,
11.964370, 268.51501, 13.219890, 253.71412, 253.59863,
11.973830, 271.09851, 13.343584, 254.65727, 254.53871,
11.983280, 272.62531, 14.037239, 255.58566, 255.46434,
11.992720, 286.72388, 14.049959, 256.49906, 256.37532,
12.002170, 288.80615, 13.742569, 257.39923, 257.27346,
12.011610, 289.26776, 13.452619, 258.28395, 258.15661,
12.021060, 275.50238, 14.052987, 259.15474, 259.02632,
12.030500, 282.19519, 14.072218, 260.00954, 259.88059,
12.039940, 272.75174, 13.644472, 260.84885, 260.72000,
12.049380, 290.39398, 13.769707, 261.67253, 261.54445,
12.058820, 283.75131, 14.528262, 262.48009, 262.35355,
12.068250, 267.53574, 14.506569, 263.27053, 263.14634,
12.077690, 271.27209, 14.238441, 264.04517, 263.92424,
12.087120, 270.80161, 13.868126, 264.80198, 264.68528,
12.096550, 264.67670, 14.395853, 265.54149, 265.43008,
12.105980, 286.36740, 15.783676, 266.26334, 266.15838,
12.115410, 277.34360, 15.212820, 266.96719, 266.86992,
12.124830, 265.16974, 14.618477, 267.65200, 267.56375,
12.134260, 275.28827, 15.423908, 268.31878, 268.24102,
12.143680, 270.90982, 16.164810, 268.96577, 268.90001,
12.153100, 266.64703, 16.171694, 269.59338, 269.54129,
12.162520, 284.08786, 17.568567, 270.20118, 270.16452,
12.171940, 274.35138, 16.119797, 270.78870, 270.76937,
12.181360, 275.69086, 17.075745, 271.35568, 271.35568,
12.190770, 285.91092, 17.308336, 271.90116, 271.92256,
12.200180, 261.69070, 16.843689, 272.42600, 272.47078,
12.209600, 260.36694, 17.168242, 272.93109, 273.00108,
12.219010, 254.20544, 17.896358, 273.41561, 273.51243,
12.228420, 309.15891, 20.141443, 273.88046, 274.00561,
12.237820, 244.02124, 18.700989, 274.32545, 274.48025,
12.247230, 265.49243, 18.947693, 274.75188, 274.93756,
12.256630, 283.81604, 19.904005, 275.15912, 275.37672,
12.266040, 404.79681, 23.598629, 275.54829, 275.79877,
12.275440, 694.81445, 28.072500, 275.91887, 276.20300,
12.284840, 516.72998, 25.888550, 276.27150, 276.58995,
12.294230, 323.31805, 22.978653, 276.60618, 276.95948,
12.303630, 303.82916, 36.161770, 276.92379, 277.31239,
12.313030, 291.77002, 25.799110, 277.22428, 277.64852,
12.322420, 319.48898, 26.331095, 277.50757, 277.96760,
12.331810, 309.73901, 19.914906, 277.77422, 278.27017,
12.341200, 302.07666, 16.713791, 278.02447, 278.55634,
12.350590, 316.19934, 17.378315, 278.25855, 278.82624,
12.359980, 311.75098, 18.016487, 278.47666, 279.07999,
12.369360, 311.45358, 18.248590, 278.67883, 279.31748,
12.378750, 334.24039, 19.622839, 278.86567, 279.53932,
12.388130, 316.39023, 20.534540, 279.03700, 279.74516,
12.397510, 339.35519, 19.570774, 279.19319, 279.93533,
12.406890, 336.49347, 21.425251, 279.33447, 280.10999,
12.416270, 331.17126, 22.494650, 279.46100, 280.26922,
12.425640, 317.44958, 19.803513, 279.57283, 280.41298,
12.435020, 349.95480, 21.960146, 279.67039, 280.54169,
12.444390, 356.35672, 21.564892, 279.75364, 280.65517,
12.453760, 347.33942, 21.315166, 279.82283, 280.75366,
12.463130, 348.91458, 21.617414, 279.87813, 280.83727,
12.472500, 323.75394, 25.524311, 279.91969, 280.90608,
12.481870, 356.06531, 25.501450, 279.94765, 280.96019,
12.489420, 356.55750, 17.068352, 279.96037, 280.99316,
12.499490, 354.86426, 17.377783, 279.96387, 281.02246,
12.509550, 354.32831, 16.680767, 279.95212, 281.03506,
12.519610, 375.50122, 16.215727, 279.92530, 281.03111,
12.529670, 373.47742, 16.002684, 279.88354, 281.01072,
12.539730, 353.51309, 16.359348, 279.82700, 280.97397,
12.549780, 368.76547, 17.662220, 279.75588, 280.92104,
12.559840, 378.80487, 15.792953, 279.67016, 280.85189,
12.569890, 383.57587, 15.492562, 279.57015, 280.76677,
12.579940, 384.95050, 15.982602, 279.45589, 280.66570,
12.589990, 404.51706, 18.668848, 279.32747, 280.54875,
12.600040, 434.71036, 20.091078, 279.18498, 280.41600,
12.610090, 388.97174, 14.861261, 279.02856, 280.26756,
12.620130, 410.48407, 16.817219, 278.85846, 280.10366,
12.630170, 399.37497, 15.618977, 278.67460, 279.92422,
12.640210, 412.97247, 15.996749, 278.47707, 279.72931,
12.650250, 428.46503, 15.459536, 278.26594, 279.51901,
12.660290, 419.96524, 15.052064, 278.04131, 279.29341,
12.670330, 423.75177, 15.388225, 277.80318, 279.05251,
12.680360, 427.38556, 15.788633, 277.55191, 278.79669,
12.690390, 443.05551, 15.414412, 277.28731, 278.52575,
12.700420, 462.74829, 15.367994, 277.00938, 278.23971,
12.710450, 482.05511, 15.752255, 276.71823, 277.93869,
12.720480, 473.69330, 16.450586, 276.41386, 277.62271,
12.730500, 490.45776, 18.265175, 276.09660, 277.29213,
12.740530, 505.43036, 16.039520, 275.76588, 276.94637,
12.750550, 482.22516, 15.376306, 275.42233, 276.58613,
12.760570, 468.94824, 15.720604, 275.06569, 276.21116,
12.770590, 512.63403, 16.655771, 274.69591, 275.82143,
12.780610, 505.26678, 16.319214, 274.31300, 275.41701,
12.790620, 499.26218, 17.136530, 273.91739, 274.99837,
12.800640, 488.58456, 15.963191, 273.50823, 274.56467,
12.810650, 472.39603, 16.304419, 273.08636, 274.11683,
12.820660, 448.72888, 15.995156, 272.65135, 273.65444,
12.830670, 419.56915, 14.955082, 272.20310, 273.17747,
12.840680, 417.32562, 15.225067, 271.74168, 272.68604,
12.850680, 399.77844, 15.608694, 271.26746, 272.18060,
12.860690, 372.64407, 15.647333, 270.77949, 271.66019,
12.870690, 364.53781, 15.338190, 270.27865, 271.12584,
12.880690, 347.49347, 14.809900, 269.76447, 270.57710,
12.890690, 336.72223, 15.008833, 269.23678, 270.01387,
12.900680, 324.70264, 15.304109, 268.69615, 269.43684,
12.910680, 305.75119, 15.347126, 268.14137, 268.84479,
12.920670, 305.32220, 14.871622, 267.57351, 268.23895,
12.930670, 300.65262, 14.829586, 266.99130, 267.61806,
12.940660, 284.26773, 15.184027, 266.39582, 266.98335,
12.950640, 279.31396, 15.764780, 265.78711, 266.33497,
12.960630, 274.91953, 15.553562, 265.16368, 265.67143,
12.970620, 278.75073, 15.670656, 264.52617, 264.99352,
12.980600, 258.27795, 15.600195, 263.87504, 264.30183,
12.990580, 269.71179, 16.829702, 263.20963, 263.59576,
13.000560, 274.12457, 16.981129, 262.52968, 262.87517,
13.010540, 254.13330, 16.450399, 261.83512, 262.14008,
13.020520, 279.47891, 16.927561, 261.12581, 261.39049,
13.030490, 246.96854, 17.325745, 260.40238, 260.62717,
13.040470, 257.48267, 18.230709, 259.66315, 259.84848,
13.050440, 247.97173, 18.569557, 258.90951, 259.05604,
13.060410, 286.00824, 19.155123, 258.14054, 258.24899,
13.070380, 246.89310, 18.692383, 257.35598, 257.42721,
13.080350, 256.28952, 20.007885, 256.55580, 256.59083,
13.090310, 245.28799, 20.720608, 255.74054, 255.74054,
13.100280, 267.38345, 21.617199, 254.90858, 254.87477,
13.110240, 272.34061, 21.607433, 254.06194, 253.99560,
13.120200, 247.61230, 22.246012, 253.20041, 253.10271,
13.130160, 258.95044, 23.541721, 252.32455, 252.19664,
13.140110, 235.22079, 18.406628, 251.43585, 251.27884,
13.150070, 249.41286, 14.732913, 250.53300, 250.34792,
13.160020, 238.80701, 14.644846, 249.61843, 249.40632,
13.169980, 237.99655, 16.267693, 248.69075, 248.45257,
13.179930, 248.87782, 16.790455, 247.75246, 247.48917,
13.189870, 247.64459, 16.845942, 246.80401, 246.51658,
13.199820, 239.57932, 16.816540, 245.84410, 245.53341,
13.209770, 248.25673, 16.661558, 244.87408, 244.54100,
13.219710, 251.02925, 17.366083, 243.89558, 243.54100,
13.229650, 252.30341, 18.461773, 242.90818, 242.53295,
13.239590, 249.16998, 19.233110, 241.91220, 241.51715,
13.249530, 226.59560, 18.664995, 240.90823, 240.49418,
13.259470, 238.83794, 18.377483, 239.89676, 239.46454,
13.269410, 243.27417, 20.454012, 238.87830, 238.42871,
13.279340, 212.70580, 22.974461, 237.85442, 237.38828,
13.289270, 180.00635, 22.047178, 236.82442, 236.34254,
13.299200, 229.14403, 24.691597, 235.78900, 235.29218,
13.309130, 228.32361, 25.497175, 234.74854, 234.23757,
13.318260, 229.33177, 14.523853, 233.78777, 233.26451,
13.328980, 226.98303, 13.582878, 232.65530, 232.11846,
13.339690, 230.00037, 13.770787, 231.51973, 230.97028,
13.350400, 232.63460, 14.049137, 230.38054, 229.81943,
13.361120, 231.70488, 13.899706, 229.23722, 228.66539,
13.371830, 230.66295, 12.764366, 228.09260, 227.51103,
13.382530, 240.47998, 12.620868, 226.94716, 226.35684,
13.393240, 247.67491, 13.257263, 225.79945, 225.20136,
13.403940, 240.65717, 13.243331, 224.65211, 224.04725,
13.414650, 219.05623, 15.273208, 223.50368, 222.89305,
13.425350, 231.71362, 12.045876, 222.35678, 221.74142,
13.436050, 230.60512, 12.055746, 221.21099, 220.59193,
13.446740, 232.60231, 12.159043, 220.06801, 219.44629,
13.457440, 246.00241, 12.687276, 218.92619, 218.30287,
13.468130, 256.86957, 12.135363, 217.78835, 217.16450,
13.478830, 237.51762, 11.409609, 216.65285, 216.02955,
13.489520, 246.85925, 11.470002, 215.52251, 214.90084,
13.500200, 244.69882, 11.908536, 214.39781, 213.77886,
13.510890, 249.10944, 11.689190, 213.27732, 212.66221,
13.521570, 261.54248, 11.496542, 212.16366, 211.55348,
13.532260, 275.97153, 11.325373, 211.05543, 210.45130,
13.542940, 275.61926, 11.527303, 209.95520, 209.35823,
13.553620, 255.49709, 11.685238, 208.86260, 208.27391,
13.564290, 265.37766, 11.660453, 207.77929, 207.19999,
13.574970, 266.60785, 11.204030, 206.70376, 206.13496,
13.585640, 259.86902, 10.804064, 205.63873, 205.08153,
13.596320, 255.88414, 11.148229, 204.58272, 204.03824,
13.606990, 250.20378, 11.440887, 203.53845, 203.00776,
13.617650, 249.03586, 11.326605, 202.50642, 201.99058,
13.628320, 250.64474, 10.995818, 201.48541, 200.98548,
13.638980, 236.85577, 10.758602, 200.47789, 199.99490,
13.649650, 240.35333, 11.047236, 199.48270, 199.01769,
13.660310, 229.56984, 11.635982, 198.50228, 198.05620,
13.670970, 233.17747, 11.970811, 197.53638, 197.11020,
13.681630, 215.62976, 10.948950, 196.58569, 196.18032,
13.692280, 211.55493, 10.950196, 195.65177, 195.26808,
13.702940, 220.32672, 10.868373, 194.73347, 194.37231,
13.713590, 212.61838, 12.286366, 193.83329, 193.49542,
13.724240, 206.80220, 11.519479, 192.95093, 192.63710,
13.734890, 202.54547, 11.995808, 192.08725, 191.79813,
13.745530, 183.26376, 11.822281, 191.24363, 190.97981,
13.756180, 206.72177, 12.596187, 190.41928, 190.18133,
13.766820, 192.69048, 13.244727, 189.61642, 189.40478,
13.777460, 181.48772, 12.635238, 188.83502, 188.65009,
13.788100, 192.92578, 12.531645, 188.07585, 187.91793,
13.798740, 189.57787, 13.059350, 187.33966, 187.20896,
13.809380, 191.05315, 13.744139, 186.62729, 186.52392,
13.820010, 185.09592, 14.055828, 185.94000, 185.86394,
13.830640, 188.51791, 14.299110, 185.27806, 185.22919,
13.841270, 193.06236, 14.122593, 184.64215, 184.62026,
13.851900, 188.34903, 13.548122, 184.03320, 184.03793,
13.862530, 200.38748, 21.518253, 183.45152, 183.48242,
13.873150, 173.04625, 15.428834, 182.89685, 182.95350,
13.883780, 187.63412, 16.153259, 182.36729, 182.44937,
13.894400, 179.23727, 14.958412, 181.86294, 181.97010,
13.905020, 169.05290, 16.092447, 181.38242, 181.51439,
13.915640, 160.94139, 16.887594, 180.92490, 181.08141,
13.926250, 183.35522, 17.924902, 180.48991, 180.67070,
13.936870, 200.09532, 17.436710, 180.07588, 180.28074,
13.947480, 194.40865, 17.716782, 179.68265, 179.91134,
13.958090, 182.66550, 18.733027, 179.30910, 179.56141,
13.968700, 169.05203, 17.732676, 178.95438, 179.23006,
13.979310, 201.25941, 20.930336, 178.61775, 178.91657,
13.989910, 209.04939, 19.096981, 178.29867, 178.62035,
14.000520, 188.64905, 19.650618, 177.99581, 178.34010,
14.011120, 164.25511, 20.755951, 177.70893, 178.07550,
14.021720, 207.33539, 23.254471, 177.43702, 177.82553,
14.032320, 176.73415, 23.411728, 177.17931, 177.58940,
14.042920, 164.51909, 22.209553, 176.93507, 177.36632,
14.053510, 175.56738, 23.055649, 176.70378, 177.15572,
14.064110, 181.59978, 23.988949, 176.48426, 176.95641,
14.074700, 176.52153, 26.369190, 176.27620, 176.76799,
14.085290, 167.61208, 27.335722, 176.07870, 176.58953,
14.095870, 166.21768, 19.236324, 175.89120, 176.42038,
14.106460, 150.87274, 14.251563, 175.71264, 176.25947,
14.117040, 165.55933, 15.715550, 175.54266, 176.10634,
14.127630, 178.39737, 17.061295, 175.38023, 175.95992,
14.138210, 181.40012, 17.048399, 175.22499, 175.81976,
14.148790, 183.30096, 17.764519, 175.07608, 175.68494,
14.159370, 156.37070, 18.072657, 174.93281, 175.55471,
14.169940, 171.23091, 19.018774, 174.79463, 175.42842,
14.180520, 160.58011, 35.566208, 174.66060, 175.30508,
14.182090, 194.91440, 15.067202, 174.64104, 175.28700,
14.193560, 185.75262, 13.762013, 174.50029, 175.15618,
14.205030, 196.51828, 14.492939, 174.36279, 175.02698,
14.216500, 160.24495, 14.184839, 174.22769, 174.89846,
14.227970, 212.01982, 15.156894, 174.09412, 174.76964,
14.239430, 175.72778, 13.356403, 173.96134, 174.63968,
14.250890, 177.27573, 12.703933, 173.82839, 174.50752,
14.262350, 177.11646, 13.243660, 173.69440, 174.37217,
14.273810, 182.36743, 13.704069, 173.55851, 174.23269,
14.285270, 176.24487, 13.525407, 173.41988, 174.08813,
14.296730, 181.73264, 12.614437, 173.27763, 173.93750,
14.308180, 182.56013, 12.422699, 173.13104, 173.77999,
14.319630, 184.61391, 12.806143, 172.97913, 173.61452,
14.331080, 163.33510, 13.018785, 172.82102, 173.44009,
14.342530, 171.62671, 13.256474, 172.65587, 173.25577,
14.353970, 179.39113, 12.370988, 172.48295, 173.06077,
14.365410, 181.09033, 12.099684, 172.30124, 172.85393,
14.376860, 165.67805, 11.981195, 172.10969, 172.63410,
14.388300, 166.67464, 12.526127, 171.90775, 172.40068,
14.399730, 170.02374, 12.247065, 171.69457, 172.15275,
14.411170, 177.98990, 11.563959, 171.46886, 171.88887,
14.422600, 163.91164, 10.861866, 171.23014, 171.60855,
14.434030, 168.63049, 10.644764, 170.97729, 171.31056,
14.445460, 172.30495, 11.541567, 170.70939, 170.99388,
14.456890, 168.45711, 10.998606, 170.42554, 170.65759,
14.468320, 170.68364, 10.521795, 170.12480, 170.30064,
14.479740, 177.11414, 10.257696, 169.80649, 169.92238,
14.491160, 159.89822, 9.7820454, 169.46942, 169.52149,
14.502580, 153.09003, 10.266087, 169.11266, 169.09702,
14.514000, 178.80069, 10.802369, 168.73540, 168.64825,
14.525420, 171.28667, 10.268794, 168.33733, 168.17533,
14.536830, 170.58444, 9.4715309, 167.91856, 167.67896,
14.548240, 170.32623, 9.6105680, 167.47845, 167.15890,
14.559650, 170.17258, 11.937393, 167.01663, 166.61532,
14.571060, 165.26917, 10.376067, 166.53287, 166.04850,
14.582470, 177.55836, 10.459301, 166.02680, 165.45860,
14.593870, 164.98016, 10.992178, 165.49851, 164.84632,
14.605270, 171.61609, 10.095472, 164.94725, 164.21136,
14.616670, 170.51764, 10.466518, 164.37269, 163.55394,
14.628070, 173.76105, 12.486227, 163.77435, 162.87414,
14.639470, 163.41922, 11.109751, 163.15188, 162.17218,
14.650860, 161.35153, 10.621462, 162.50549, 161.44888,
14.662260, 159.14291, 10.744488, 161.83354, 160.70307,
14.673650, 162.70680, 11.289365, 161.13686, 159.93628,
14.685040, 145.78079, 11.718531, 160.41431, 159.14792,
14.696420, 164.15752, 11.650417, 159.66626, 158.33900,
14.707810, 165.64096, 11.995522, 158.89073, 157.50804,
14.719190, 162.77499, 12.219699, 158.08877, 156.65685,
14.730570, 148.46860, 11.481194, 157.25905, 155.78465,
14.741950, 148.25055, 13.352715, 156.40112, 154.89163,
14.753330, 148.42313, 13.226768, 155.51442, 153.97791,
14.764700, 152.17787, 12.415648, 154.59928, 153.04448,
14.776080, 157.70078, 12.308750, 153.65342, 152.08972,
14.787450, 153.54199, 13.030168, 152.67800, 151.11550,
14.798820, 150.80807, 13.666300, 151.67158, 150.12105,
14.810190, 149.33426, 13.739347, 150.63344, 149.10637,
14.821550, 161.37376, 13.948435, 149.56402, 148.07260,
14.832920, 161.48695, 13.299944, 148.46080, 147.01802,
14.844280, 157.94910, 13.702597, 147.32495, 145.94446,
14.855640, 172.13513, 15.638933, 146.15488, 144.85114,
14.866990, 143.13849, 13.940655, 144.95100, 143.73916,
14.878350, 141.38501, 14.732222, 143.71037, 142.60653,
14.889710, 139.98959, 14.409289, 142.43333, 141.45435,
14.901060, 129.22269, 14.103914, 141.12034, 140.28375,
14.912410, 123.61403, 14.678105, 139.76947, 139.09374,
14.923760, 132.74744, 15.806435, 138.37978, 137.88428,
14.935100, 136.01738, 16.895678, 136.95202, 136.65675,
14.946450, 132.38358, 16.232981, 135.48247, 135.40871,
14.957790, 135.30475, 16.263424, 133.97356, 134.14274,
14.969130, 151.32568, 17.487755, 132.42892, 132.85913,
14.980470, 140.43945, 17.978750, 130.85629, 131.55974,
14.991810, 152.90535, 19.572184, 129.26382, 130.24673,
15.003140, 128.65887, 18.767485, 127.66088, 128.92331,
15.014480, 134.51685, 18.557549, 126.05291, 127.58942,
15.025810, 120.38388, 19.085510, 124.45036, 126.24914,
15.037140, 96.876877, 18.685339, 122.86012, 124.90363,
15.048460, 114.63879, 20.589928, 121.29136, 123.55599,
15.059790, 103.60530, 20.135487, 119.74945, 122.20599,
15.071110, 122.62829, 19.574776, 118.24500, 120.85795,
15.082440, 101.04607, 14.215527, 116.78337, 119.51156,
15.093750, 121.32477, 12.161267, 115.37661, 118.17258,
15.105070, 116.33169, 12.940218, 114.02881, 116.83935,
15.116390, 103.76784, 13.768869, 112.74941, 115.51515,
15.127700, 107.00860, 13.661077, 111.54762, 114.20327,
15.139020, 105.52715, 14.437847, 110.42940, 112.90331,
15.150330, 85.557266, 13.644691, 109.40503, 111.61975,
15.162390, 118.71535, 15.320219, 108.42421, 110.27006,
15.174730, 90.809372, 13.917301, 107.55006, 108.91189,
15.187070, 119.21819, 14.565452, 106.81771, 107.57967,
15.199410, 88.139297, 14.628618, 106.23804, 106.27587,
15.211740, 96.485245, 13.886534, 105.81986, 105.00400,
15.224080, 100.72059, 12.989900, 105.55879, 103.76182,
15.236410, 101.62353, 11.810043, 105.44828, 102.55103,
15.248740, 109.10854, 13.664867, 105.48111, 101.37008,
15.261060, 107.33629, 14.168148, 105.65025, 100.21947,
15.273390, 124.44578, 13.171980, 105.94925, 99.096750,
15.285710, 133.36980, 12.884804, 106.37100, 98.003294,
15.298030, 132.43687, 12.255917, 106.90906, 96.937844,
15.310350, 111.56026, 11.716573, 107.55703, 95.899787,
15.322660, 125.51390, 12.969977, 108.30777, 94.889614,
15.334980, 105.37136, 13.191789, 109.15616, 93.905243,
15.347290, 120.19838, 13.985793, 110.09459, 92.947772,
15.359600, 118.64948, 12.716806, 111.11748, 92.016007,
15.371900, 124.39551, 12.759699, 112.21770, 91.110296,
15.384210, 122.68009, 13.598059, 113.39102, 90.228689,
15.396510, 121.59188, 13.910107, 114.62948, 89.372221,
15.408810, 121.21214, 14.810594, 115.92788, 88.539871,
15.421110, 113.25827, 13.080578, 117.28043, 87.731122,
15.433410, 126.71071, 12.440016, 118.68101, 86.945717,
15.445700, 137.11032, 12.656443, 120.12268, 86.183802,
15.457990, 131.90723, 13.189719, 121.60065, 85.444389,
15.470280, 131.81844, 14.382654, 123.10909, 84.727116,
15.482570, 127.44211, 12.923003, 124.64218, 84.031626,
15.494860, 125.34856, 12.176746, 126.19413, 83.357567,
15.507140, 140.96858, 12.353020, 127.75793, 82.705093,
15.519420, 127.31168, 12.208179, 129.32890, 82.073380,
15.531700, 125.21929, 12.890770, 130.90151, 81.461996,
15.543980, 137.27010, 13.219883, 132.46977, 80.870707,
15.556260, 113.11831, 11.829001, 134.02815, 80.299097,
15.568530, 129.14484, 11.276630, 135.56946, 79.747358,
15.580800, 143.50348, 11.338147, 137.08927, 79.214679,
15.593070, 132.52310, 11.597682, 138.58181, 78.700753,
15.605340, 144.10490, 11.939153, 140.04136, 78.205276,
15.617600, 148.37918, 11.530495, 141.46385, 77.728314,
15.629860, 162.74452, 10.930536, 142.85059, 77.269215,
15.642120, 142.06088, 9.8461056, 144.20221, 76.827620,
15.654380, 150.97739, 10.322028, 145.51890, 76.403313,
15.666640, 152.58276, 10.634773, 146.80124, 75.995948,
15.678890, 138.66193, 10.460476, 148.04843, 75.605611,
15.691140, 146.94226, 10.395348, 149.26191, 75.231674,
15.703390, 149.61238, 9.7710400, 150.44200, 74.873872,
15.715640, 153.70016, 10.379030, 151.58898, 74.531943,
15.727890, 154.48424, 10.907454, 152.70312, 74.205627,
15.740130, 172.19711, 12.091569, 153.78385, 73.894908,
15.752370, 157.19780, 11.616626, 154.83218, 73.599297,
15.764610, 157.20284, 11.464798, 155.84848, 73.318503,
15.776850, 151.91431, 11.142522, 156.83279, 73.052326,
15.789090, 162.33748, 12.265919, 157.78541, 72.800489,
15.801320, 176.86838, 12.749733, 158.70564, 72.562974,
15.813550, 168.75104, 14.194471, 159.59443, 72.339329,
15.825780, 163.59816, 13.021157, 160.45189, 72.129327,
15.838010, 164.66624, 13.379848, 161.27809, 71.932745,
15.850230, 176.94894, 13.783858, 162.07250, 71.749501,
15.862450, 175.72336, 14.050776, 162.83576, 71.579232,
15.874670, 184.78433, 15.525876, 163.56800, 71.421698,
15.886890, 176.04953, 14.984218, 164.26918, 71.276705,
15.899110, 155.15637, 14.782022, 164.93922, 71.144055,
15.911320, 171.66589, 14.676455, 165.57766, 71.023622,
15.923540, 182.48412, 12.055274, 166.18549, 70.915010,
15.935750, 175.66537, 16.325411, 166.76158, 70.818209,
15.947960, 175.41690, 15.842169, 167.30638, 70.732927,
15.960160, 155.12454, 15.944839, 167.81939, 70.659025,
15.972370, 161.59438, 16.384081, 168.30126, 70.596201,
15.984570, 176.90106, 16.453758, 168.75107, 70.544372,
15.996770, 159.12756, 16.342064, 169.16909, 70.503293,
16.008961, 182.54475, 17.783316, 169.55481, 70.472810,
16.021160, 173.28142, 17.680178, 169.90858, 70.452700,
16.033350, 165.44643, 17.129148, 170.22965, 70.442817,
16.045549, 169.42294, 16.440920, 170.51827, 70.442976,
16.057739, 166.89574, 16.466240, 170.77370, 70.453007,
16.069920, 149.69560, 16.716270, 170.99574, 70.472722,
16.082109, 140.60063, 15.886171, 171.18440, 70.501988,
16.094290, 169.51950, 17.039833, 171.33905, 70.540598,
16.106470, 167.16211, 17.972565, 171.45950, 70.588413,
16.118650, 152.97699, 15.797211, 171.54537, 70.645278,
16.130831, 144.36618, 15.801521, 171.59624, 70.711038,
16.143009, 159.30301, 16.669760, 171.61169, 70.785530,
16.155180, 157.72556, 16.530230, 171.59132, 70.868559,
16.167351, 146.23083, 17.076618, 171.53466, 70.960024,
16.179520, 171.75461, 20.541224, 171.44126, 71.059762,
16.191681, 173.60277, 18.278412, 171.31067, 71.167575,
16.203850, 180.26509, 20.176435, 171.14220, 71.283458,
16.216009, 160.93758, 22.041004, 170.93552, 71.407107,
16.228170, 181.69664, 27.537479, 170.69026, 71.538495,
16.240330, 173.02385, 19.967070, 170.41029, 71.677447,
16.252489, 199.44347, 26.780745, 170.10195, 71.823851,
16.264641, 166.49251, 25.064745, 169.77184, 71.977477,
16.276791, 175.88678, 26.190958, 169.42620, 72.138262,
16.288950, 185.97887, 27.429718, 169.07105, 72.306235,
16.301090, 174.02473, 36.052135, 168.71357, 72.480870,
16.313240, 195.13702, 62.499229, 168.35927, 72.662448,
16.325380, 238.96553, 39.841911, 168.01505, 72.850561,
16.337530, 205.14917, 25.313391, 167.68670, 73.045386,
16.349670, 217.53682, 18.982313, 167.38111, 73.246500,
16.361799, 246.18219, 21.099865, 167.10460, 73.453738,
16.373940, 252.46927, 24.794849, 166.86304, 73.667377,
16.386070, 274.38763, 21.976328, 166.66325, 73.886938,
16.398211, 294.71423, 26.027596, 166.51133, 74.112653,
16.410339, 289.93430, 23.181643, 166.41398, 74.344022,
16.422461, 293.59790, 23.589634, 166.37751, 74.580996,
16.434589, 296.83038, 26.733471, 166.40839, 74.823766,
16.446711, 275.45490, 25.424326, 166.51312, 75.071923,
16.458839, 295.31775, 19.382805, 166.69844, 75.325674,
16.470961, 284.13855, 28.430893, 166.97075, 75.584599,
16.483070, 281.20682, 24.103806, 167.33645, 75.848502,
16.495190, 246.35629, 36.823551, 167.80289, 76.117740,
16.500280, 268.59729, 19.035810, 168.03043, 76.232340,
16.513599, 275.24225, 17.057293, 168.71903, 76.536318,
16.526911, 228.33992, 14.931784, 169.54936, 76.846015,
16.540211, 238.43973, 15.424883, 170.53016, 77.161205,
16.553520, 244.07867, 16.010632, 171.67230, 77.482260,
16.566820, 241.50076, 16.772057, 172.98363, 77.808597,
16.580120, 234.28650, 16.905750, 174.47453, 78.140323,
16.593420, 195.46048, 15.055423, 176.15472, 78.477319,
16.606710, 228.24152, 16.082470, 178.03269, 78.819221,
16.620001, 182.65219, 15.225731, 180.11957, 79.166154,
16.633301, 193.24403, 15.771655, 182.42728, 79.518257,
16.646589, 190.37491, 16.451895, 184.96248, 79.874861,
16.659870, 189.04382, 15.416248, 187.73588, 80.235947,
16.673149, 181.99924, 14.627394, 190.75910, 80.601557,
16.686440, 187.44409, 14.214212, 194.04631, 80.971954,
16.699711, 186.41786, 14.276087, 197.59722, 81.346177,
16.712990, 191.07997, 15.647748, 201.39326, 81.724869,
16.726271, 207.36090, 16.305538, 205.38997, 82.107767,
16.739540, 200.42456, 15.058994, 209.54004, 82.494378,
16.752810, 194.23569, 14.037334, 213.80393, 82.884929,
16.766081, 201.82755, 13.537468, 218.13943, 83.279377,
16.779341, 190.74370, 13.076362, 222.49940, 83.677222,
16.792601, 220.43179, 14.336166, 226.84488, 84.078705,
16.805870, 199.87943, 13.682693, 231.13627, 84.484021,
16.819120, 192.78139, 13.013811, 235.32170, 84.892197,
16.832380, 197.66217, 11.982190, 239.36754, 85.304016,
16.845631, 196.05931, 11.288722, 243.22514, 85.718792,
16.858891, 193.85919, 11.681738, 246.85705, 86.137030,
16.872141, 202.83176, 12.960606, 250.21491, 86.558037,
16.885380, 210.18796, 13.274473, 253.25563, 86.981654,
16.898630, 222.27666, 13.541107, 255.94095, 87.408523,
16.911869, 185.84868, 12.199404, 258.22249, 87.837820,
16.925110, 203.94257, 13.019762, 260.05897, 88.269885,
16.938351, 214.38724, 14.178188, 261.40566, 88.704571,
16.951580, 203.02206, 14.706206, 262.21741, 89.141412,
16.964821, 226.04117, 15.581316, 262.47032, 89.581079,
16.978050, 214.69287, 14.816631, 262.19363, 90.022726,
16.991270, 231.65831, 14.949416, 261.42742, 90.466329,
17.004499, 230.20366, 13.885036, 260.20910, 90.912444,
17.017719, 347.47736, 15.909924, 258.57856, 91.360346,
17.030951, 594.79968, 20.130211, 256.57100, 91.810663,
17.044161, 469.87769, 19.781254, 254.22925, 92.262210,
17.057381, 239.88058, 15.881733, 251.58560, 92.715947,
17.070601, 239.74309, 15.469326, 248.67869, 93.171468,
17.083811, 208.95271, 15.254370, 245.54770, 93.628363,
17.097019, 215.34544, 14.506973, 242.22772, 94.086815,
17.110229, 208.14798, 14.954275, 238.75425, 94.546879,
17.123430, 205.92694, 14.815670, 235.16675, 95.008077,
17.136641, 213.57372, 14.451457, 231.49627, 95.470998,
17.149839, 221.00224, 13.774336, 227.78480, 95.934829,
17.163040, 194.87900, 13.206573, 224.06473, 96.399963,
17.176229, 204.27205, 12.640827, 220.37587, 96.865850,
17.189430, 206.67592, 13.390529, 216.74789, 97.333225,
17.202620, 217.91496, 14.307223, 213.22318, 97.801202,
17.215811, 200.46727, 13.942195, 209.83421, 98.270177,
17.229000, 209.20468, 14.195879, 206.61822, 98.739942,
17.242180, 200.09476, 14.121846, 203.61312, 99.210149,
17.255369, 203.48430, 15.315407, 200.83835, 99.681404,
17.268551, 203.72322, 16.058399, 198.29036, 100.15302,
17.281719, 195.49942, 14.802618, 195.95799, 100.62472,
17.294901, 207.79291, 17.737328, 193.82495, 101.09738,
17.308069, 196.42699, 19.843151, 191.88415, 101.56998,
17.321251, 186.66089, 17.000731, 190.12036, 102.04340,
17.334410, 213.83978, 18.098438, 188.52713, 102.51626,
17.347580, 222.72157, 18.597752, 187.08908, 102.98973,
17.360750, 207.41608, 19.682896, 185.79676, 103.46331,
17.373911, 223.68875, 21.343929, 184.64020, 103.93661,
17.387070, 227.03088, 16.780544, 183.60789, 104.40981,
17.400230, 222.85570, 21.616198, 182.68895, 104.88299,
17.413380, 205.05829, 19.426165, 181.87373, 105.35558,
17.426540, 190.88918, 19.930561, 181.15041, 105.82834,
17.439690, 180.57918, 19.379383, 180.50993, 106.30038,
17.452841, 216.39082, 22.245317, 179.94129, 106.77211,
17.465981, 192.92542, 21.252880, 179.43481, 107.24296,
17.479130, 211.95168, 21.214554, 178.97951, 107.71362,
17.492270, 183.87405, 19.385695, 178.56594, 108.18334,
17.505409, 179.76413, 18.462729, 178.18372, 108.65239,
17.518551, 177.04156, 18.965508, 177.82273, 109.12075,
17.531679, 175.95990, 19.294125, 177.47336, 109.58781,
17.544821, 175.09401, 19.827374, 177.12490, 110.05445,
17.557949, 139.51593, 19.051392, 176.76804, 110.51965,
17.571079, 164.18236, 20.328756, 176.39239, 110.98387,
17.584200, 131.70296, 20.758097, 175.98829, 111.44664,
17.597330, 181.82228, 22.196781, 175.54512, 111.90855,
17.610451, 168.32358, 22.599579, 175.05455, 112.36886,
17.623569, 162.41469, 22.016300, 174.51543, 112.82776,
17.636690, 191.28528, 34.268291, 173.93025, 113.28531,
17.649799, 178.56113, 26.746555, 173.30232, 113.74098,
17.662910, 191.36392, 31.229860, 172.63365, 114.19514,
17.676029, 186.66837, 37.039139, 171.92650, 114.64793,
17.689131, 221.23755, 35.087921, 171.18480, 115.09840,
17.702240, 206.05388, 32.957138, 170.40970, 115.54733,
17.715349, 211.61008, 33.894539, 169.60415, 115.99439,
17.728451, 181.10959, 34.233803, 168.77111, 116.43924,
17.741550, 185.44391, 31.604275, 167.91270, 116.88199,
17.754641, 177.51910, 21.350464, 167.03191, 117.32231,
17.767740, 187.26399, 19.907770, 166.12986, 117.76076,
17.780830, 149.31529, 23.040882, 165.21027, 118.19662,
17.793921, 149.63519, 22.917528, 164.27487, 118.63013,
17.807011, 191.63916, 22.502974, 163.32605, 119.06121,
17.820101, 195.19000, 26.236511, 162.36618, 119.48977,
17.833179, 174.18181, 24.407248, 161.39845, 119.91536,
17.846270, 174.20798, 22.705042, 160.42353, 120.33865,
17.859341, 193.23538, 22.510006, 159.44603, 120.75855,
17.872419, 174.85709, 24.862701, 158.46630, 121.17584,
17.885500, 168.88007, 24.494305, 157.48711, 121.59026,
17.898569, 182.80545, 26.672926, 156.51179, 122.00130,
17.911640, 171.87564, 25.159067, 155.54167, 122.40929,
17.924709, 174.23950, 24.484913, 154.57938, 122.81402,
17.937780, 175.50215, 42.191410, 153.62698, 123.21553,
17.941250, 130.32324, 17.432020, 153.37617, 123.32154,
17.955721, 143.56555, 16.161846, 152.34042, 123.76109,
17.970181, 172.85301, 16.657963, 151.32463, 124.19600,
17.984650, 163.89059, 16.215876, 150.33053, 124.62678,
17.999109, 159.13400, 16.528389, 149.36268, 125.05273,
18.013571, 144.75070, 17.283409, 148.42355, 125.47406,
18.028021, 149.72830, 16.475498, 147.51727, 125.89026,
18.042480, 134.47350, 16.580709, 146.64583, 126.30180,
18.056931, 146.73911, 16.645029, 145.81372, 126.70799,
18.071381, 139.08321, 16.854477, 145.02372, 127.10899,
18.085819, 127.37201, 17.338846, 144.27983, 127.50433,
18.100269, 160.25497, 18.865875, 143.58431, 127.89451,
18.114710, 152.45021, 18.685568, 142.94056, 128.27881,
18.129150, 126.04153, 16.808353, 142.34629, 128.65736,
18.143579, 127.27841, 16.041176, 141.79915, 129.02971,
18.158020, 151.99872, 15.930644, 141.29557, 129.39630,
18.172449, 143.49892, 17.640730, 140.83365, 129.75641,
18.186880, 143.11232, 18.058346, 140.41029, 130.11022,
18.201300, 147.83635, 17.414860, 140.02324, 130.45726,
18.215719, 150.86356, 15.730942, 139.66958, 130.79765,
18.230150, 140.79715, 14.234011, 139.34654, 131.13151,
18.244560, 141.81390, 13.451454, 139.05228, 131.45791,
18.258980, 144.35913, 13.746106, 138.78367, 131.77741,
18.273390, 142.28705, 14.487016, 138.53861, 132.08940,
18.287800, 147.78896, 15.554680, 138.31448, 132.39395,
18.302210, 148.70042, 15.554375, 138.10884, 132.69087,
18.316620, 132.86607, 14.513423, 137.91931, 132.98000,
18.331020, 141.64111, 14.844715, 137.74360, 133.26097,
18.345421, 124.13448, 15.314268, 137.57922, 133.53379,
18.359819, 132.46960, 15.740024, 137.42382, 133.79827,
18.374210, 162.66800, 18.270687, 137.27510, 134.05410,
18.388611, 145.74754, 17.690113, 137.13054, 134.30142,
18.403000, 140.68405, 16.417280, 136.98801, 134.53966,
18.417379, 139.38310, 15.783637, 136.84516, 134.76869,
18.431770, 151.77744, 15.766603, 136.69943, 134.98865,
18.446150, 148.04498, 15.300228, 136.54873, 135.19898,
18.460529, 133.07512, 16.565958, 136.39060, 135.39966,
18.474911, 127.89196, 16.492283, 136.22266, 135.59051,
18.489281, 137.78354, 18.996857, 136.04275, 135.77116,
18.503660, 110.93565, 14.128475, 135.84823, 135.94165,
18.518030, 125.22658, 13.294861, 135.63825, 136.10179,
18.532391, 130.42409, 12.648609, 135.41410, 136.25209,
18.546761, 132.48639, 13.116888, 135.17698, 136.39328,
18.561119, 146.54315, 14.394418, 134.92874, 136.52568,
18.575480, 130.29494, 15.359635, 134.67066, 136.64995,
18.589840, 137.34909, 15.922671, 134.40424, 136.76660,
18.604191, 150.91344, 15.693708, 134.13114, 136.87609,
18.618549, 161.69847, 16.931252, 133.85250, 136.97906,
18.632900, 136.11618, 15.958520, 133.57007, 137.07591,
18.647240, 142.11861, 17.795612, 133.28538, 137.16715,
18.661591, 127.09668, 17.715307, 132.99944, 137.25344,
18.675930, 188.47845, 19.379347, 132.71416, 137.33514,
18.690269, 127.18958, 18.601667, 132.43074, 137.41284,
18.704611, 147.61987, 19.389114, 132.15060, 137.48705,
18.718941, 157.12454, 17.662062, 131.87546, 137.55821,
18.733271, 141.71800, 16.898029, 131.60654, 137.62688,
18.747601, 144.03464, 17.749088, 131.34530, 137.69356,
18.761930, 151.81891, 18.697720, 131.09321, 137.75875,
18.776260, 159.77658, 19.229153, 130.85174, 137.82296,
18.790581, 138.79115, 17.484327, 130.62252, 137.88664,
18.804899, 127.18988, 15.575731, 130.40692, 137.95033,
18.819220, 128.47110, 14.913066, 130.20636, 138.01454,
18.833530, 148.02478, 16.096285, 130.02253, 138.07971,
18.847839, 145.41776, 16.050940, 129.85682, 138.14639,
18.862150, 168.72176, 19.262180, 129.71074, 138.21508,
18.876459, 146.65805, 21.819340, 129.58588, 138.28628,
18.890770, 167.07402, 20.321257, 129.48379, 138.36049,
18.905069, 155.36620, 22.475952, 129.40615, 138.43814,
18.919371, 138.26001, 19.443947, 129.35446, 138.51981,
18.933670, 167.20050, 21.788143, 129.33039, 138.60598,
18.947960, 145.79861, 24.330677, 129.33558, 138.69711,
18.962250, 156.69418, 24.357153, 129.37168, 138.79374,
18.976540, 165.30121, 26.058952, 129.44041, 138.89639,
18.990829, 135.93588, 24.776716, 129.54351, 139.00558,
19.005119, 133.53462, 24.490936, 129.68275, 139.12180,
19.019400, 129.84409, 22.495691, 129.85980, 139.24549,
19.033680, 126.45663, 22.230518, 130.07658, 139.37724,
19.047960, 126.11302, 22.911852, 130.33494, 139.51757,
19.062229, 147.32150, 25.431633, 130.63654, 139.66688,
19.076500, 150.25229, 31.418495, 130.98354, 139.82582,
19.090771, 144.73180, 23.595991, 131.37789, 139.99489,
19.105040, 165.14629, 23.590162, 131.82154, 140.17461,
19.119310, 132.69441, 21.859619, 132.31667, 140.36555,
19.133570, 136.24165, 20.803867, 132.86486, 140.56807,
19.147829, 129.43839, 23.501080, 133.46864, 140.78285,
19.162090, 193.12746, 27.532419, 134.13029, 141.01047,
19.176340, 140.46201, 28.732952, 134.85138, 141.25125,
19.190599, 130.35228, 34.588173, 135.63525, 141.50609,
19.204849, 120.39570, 31.788834, 136.48320, 141.77522,
19.219101, 112.46013, 29.592964, 137.39826, 142.05940,
19.233339, 130.00874, 28.989670, 138.38183, 142.35888,
19.247580, 167.73087, 34.570736, 139.43739, 142.67452,
19.261820, 144.96062, 41.420628, 140.56739, 143.00688,
19.276060, 147.75616, 37.071686, 141.77447, 143.35653,
19.290300, 165.40594, 52.076439, 143.06135, 143.72406,
19.304529, 187.21518, 42.319477, 144.42966, 144.10975,
19.318760, 153.00690, 40.979839, 145.88344, 144.51454,
19.332991, 137.41035, 40.437248, 147.42544, 144.93899,
19.347219, 132.83856, 37.771088, 149.05842, 145.38366,
19.361441, 193.69666, 40.166031, 150.78470, 145.84896,
19.375660, 113.40375, 41.701679, 152.60803, 146.33569,
19.389879, 124.36107, 35.302067, 154.53185, 146.84454,
19.404100, 123.66449, 38.823524, 156.55977, 147.37623,
19.418310, 135.77354, 37.446774, 158.69318, 147.93089,
19.432520, 170.84209, 42.827335, 160.93716, 148.50958,
