# wave, flux, fluxerr, continuum, continuum_plateau
9.9725246, 111.58463, 17.413307, 109.81910, 109.75738,
9.9806166, 89.710770, 17.756659, 108.78006, 108.72842,
9.9887066, 76.296310, 15.579424, 107.77116, 107.72839,
9.9967957, 95.435440, 14.698577, 106.79142, 106.75639,
10.004880, 87.313416, 16.127100, 105.84043, 105.81210,
10.012970, 97.873398, 16.352980, 104.91612, 104.89357,
10.021050, 98.780235, 14.348354, 104.01939, 104.00176,
10.029140, 111.40977, 15.198806, 103.14730, 103.13382,
10.037220, 104.43269, 16.782471, 102.30120, 102.29117,
10.045300, 97.771011, 14.928178, 101.47914, 101.47193,
10.053380, 115.71710, 14.589087, 100.68023, 100.67527,
10.061460, 87.864273, 15.596076, 99.903868, 99.900666,
10.069540, 89.673569, 15.531509, 99.149087, 99.147198,
10.077610, 111.59863, 14.631840, 98.416141, 98.415179,
10.085690, 103.98289, 15.395157, 97.702437, 97.702067,
10.093760, 92.312744, 16.706621, 97.008897, 97.008831,
10.101830, 91.707626, 15.334112, 96.333908, 96.333903,
10.109900, 94.547256, 14.564760, 95.676641, 95.676495,
10.117970, 104.52048, 16.500710, 95.036504, 95.036053,
10.126040, 87.162964, 15.972749, 94.412673, 94.411790,
10.134100, 92.760925, 31.224045, 93.805193, 93.803782,
10.142170, 100.53005, 15.364920, 93.211748, 93.209743,
10.150230, 84.223846, 16.504786, 92.633085, 92.630449,
10.158300, 92.252052, 15.576942, 92.067110, 92.063828,
10.166360, 96.471451, 14.747364, 91.514503, 91.510588,
10.174420, 95.827652, 16.044804, 90.973743, 90.969224,
10.182470, 90.155647, 16.286032, 90.444863, 90.439791,
10.190530, 82.318451, 16.206640, 89.925837, 89.920277,
10.198590, 85.990021, 14.870119, 89.416532, 89.410565,
10.206640, 90.019188, 16.203621, 88.916950, 88.910672,
10.214690, 72.487823, 15.766992, 88.425723, 88.419242,
10.222750, 87.897293, 14.845433, 87.941586, 87.935018,
10.230800, 69.669762, 15.598806, 87.464990, 87.458462,
10.238850, 85.988823, 15.972680, 86.994664, 86.988310,
10.246890, 75.805901, 15.195477, 86.530464, 86.524428,
10.254940, 76.107903, 14.755283, 86.070601, 86.065030,
10.262990, 89.118317, 17.124632, 85.614941, 85.609989,
10.271030, 80.350800, 17.125496, 85.163329, 85.159155,
10.279070, 79.471283, 15.853607, 84.714594, 84.711359,
10.287120, 83.312477, 16.629065, 84.267418, 84.265290,
10.295150, 84.782455, 18.750183, 83.822810, 83.821957,
10.303190, 84.378120, 18.125757, 83.378462, 83.379057,
10.311230, 90.823570, 16.139877, 82.936969, 82.939147,
10.319270, 88.159073, 18.703884, 82.503564, 82.507370,
10.327300, 76.901756, 15.783648, 82.084405, 82.089791,
10.335340, 93.452698, 16.228218, 81.684011, 81.690835,
10.343370, 84.457886, 18.032669, 81.308850, 81.316869,
10.351400, 86.092285, 21.555517, 80.964088, 80.972958,
10.359430, 75.048561, 17.712530, 80.655252, 80.664520,
10.367460, 83.493057, 19.172892, 80.387922, 80.397022,
10.375480, 75.702606, 16.993883, 80.167947, 80.176194,
10.383510, 65.233688, 19.808941, 80.000352, 80.006929,
10.391530, 78.536392, 18.138475, 79.891168, 79.895128,
10.399560, 72.895523, 15.941434, 79.845769, 79.846007,
10.407580, 75.810989, 14.278398, 79.868754, 79.864070,
10.415600, 74.365456, 14.967396, 79.959108, 79.948414,
10.423620, 87.042511, 16.131018, 80.114372, 80.096750,
10.431640, 92.496063, 14.861352, 80.332046, 80.306741,
10.439650, 101.14854, 15.557385, 80.609332, 80.575754,
10.447670, 73.200073, 15.606055, 80.944508, 80.902183,
10.455680, 72.729309, 15.169088, 81.334287, 81.282901,
10.463700, 84.187485, 15.345589, 81.777294, 81.716629,
10.471710, 91.043808, 17.628942, 82.269991, 82.199968,
10.479720, 104.28047, 18.749306, 82.810562, 82.731197,
10.487730, 81.898773, 18.097231, 83.396657, 83.308063,
10.495730, 71.210915, 18.773144, 84.025166, 83.927557,
10.503740, 82.562271, 24.612402, 84.695264, 84.588917,
10.511750, 65.377060, 25.152042, 85.403915, 85.289193,
10.519750, 57.350891, 23.331696, 86.147816, 86.025163,
10.527750, 70.429253, 25.551632, 86.925681, 86.795594,
10.535750, 87.265350, 31.301174, 87.735149, 87.598183,
10.543750, 92.032448, 29.147564, 88.573850, 88.430616,
10.551750, 117.60245, 31.159256, 89.439724, 89.290881,
10.559750, 82.592209, 32.968456, 90.330316, 90.176566,
10.567850, 98.885422, 13.570223, 91.255156, 91.097195,
10.576350, 91.486176, 13.533171, 92.247967, 92.086450,
10.584840, 86.793602, 13.108913, 93.259768, 93.095618,
10.593340, 109.78947, 12.525508, 94.290390, 94.124562,
10.601830, 90.254379, 11.979996, 95.334630, 95.168115,
10.610330, 102.51070, 13.271808, 96.392409, 96.226229,
10.618820, 97.795837, 12.990400, 97.458585, 97.293789,
10.627310, 105.67530, 11.876500, 98.531572, 98.369235,
10.635800, 110.46159, 12.539810, 99.608967, 99.450190,
10.644280, 110.04385, 13.793763, 100.68667, 100.53258,
10.652770, 108.83461, 13.097145, 101.76460, 101.61634,
10.661250, 104.09593, 12.178862, 102.83768, 102.69643,
10.669740, 105.30453, 13.312057, 103.90570, 103.77266,
10.678220, 122.99883, 14.485809, 104.96362, 104.84001,
10.686700, 112.46232, 13.122605, 106.00999, 105.89707,
10.695180, 115.58038, 13.156188, 107.04219, 106.94124,
10.703650, 97.355453, 13.933055, 108.05642, 107.96876,
10.712130, 103.70024, 14.679840, 109.05222, 108.97921,
10.720600, 104.02438, 13.621534, 110.02492, 109.96794,
10.729080, 111.85690, 14.317471, 110.97393, 110.93445,
10.737550, 130.07085, 16.033363, 111.89436, 111.87384,
10.746020, 106.02342, 14.856721, 112.78481, 112.78481,
10.754490, 114.22926, 14.345763, 113.64297, 113.66505,
10.762960, 122.42422, 15.189665, 114.46912, 114.51474,
10.771420, 108.53867, 16.523241, 115.26275, 115.33317,
10.779890, 122.34871, 16.140221, 116.02665, 116.12306,
10.788350, 106.85371, 15.300643, 116.75945, 116.88282,
10.796810, 116.94763, 16.744404, 117.46273, 117.61393,
10.805270, 119.35600, 18.061018, 118.13709, 118.31687,
10.813730, 118.82542, 16.574575, 118.78313, 118.99211,
10.822190, 123.69668, 16.569904, 119.40143, 119.64011,
10.830650, 125.11549, 18.729052, 119.99256, 120.26134,
10.839100, 129.60306, 19.637497, 120.55642, 120.85553,
10.847560, 131.48802, 18.447306, 121.09496, 121.42462,
10.856010, 146.49605, 19.120701, 121.60745, 121.96772,
10.864460, 146.86215, 21.596485, 122.09501, 122.48585,
10.872910, 132.19836, 21.070860, 122.55823, 122.97955,
10.881360, 130.96400, 20.518023, 122.99768, 123.44930,
10.889800, 139.05225, 22.071396, 123.41333, 123.89494,
10.898250, 126.77458, 24.253014, 123.80668, 124.31798,
10.906690, 132.03891, 24.541471, 124.17735, 124.71789,
10.915140, 148.39774, 23.393383, 124.52672, 125.09605,
10.923580, 149.11115, 25.909199, 124.85440, 125.45195,
10.932020, 144.86342, 29.157663, 125.16133, 125.78650,
10.940460, 150.40756, 27.246836, 125.44800, 126.10011,
10.948890, 172.04100, 28.813145, 125.71454, 126.39287,
10.957330, 156.10776, 31.059429, 125.96210, 126.66591,
10.965760, 184.89719, 23.052319, 126.19054, 126.91899,
10.974200, 200.90089, 20.855841, 126.40083, 127.15311,
10.982630, 221.23654, 20.465557, 126.59292, 127.36812,
10.991060, 225.02266, 24.987865, 126.76754, 127.56474,
10.999490, 239.04297, 26.463539, 126.92510, 127.74335,
11.007920, 239.06903, 23.817558, 127.06607, 127.90437,
11.016340, 231.85466, 27.834961, 127.19069, 128.04803,
11.024770, 235.51917, 18.031906, 127.29970, 128.17507,
11.033190, 224.34126, 15.531377, 127.39326, 128.28559,
11.041610, 236.16307, 16.976938, 127.47192, 128.38013,
11.050030, 219.89919, 23.441397, 127.53609, 128.45910,
11.058450, 222.83351, 24.431883, 127.58615, 128.52287,
11.066870, 196.58806, 24.772762, 127.62252, 128.57184,
11.075290, 207.23035, 18.641830, 127.64558, 128.60638,
11.083700, 202.75124, 21.810875, 127.65573, 128.62688,
11.092120, 200.79945, 26.655846, 127.65336, 128.63375,
11.100530, 201.74719, 28.759563, 127.63887, 128.62736,
11.108940, 235.23444, 27.293774, 127.61264, 128.60811,
11.117350, 205.23538, 37.788548, 127.57504, 128.57636,
11.120570, 196.31143, 15.684758, 127.55771, 128.56098,
11.129530, 224.13618, 15.087218, 127.50118, 128.50900,
11.138500, 212.20064, 14.618675, 127.43268, 128.44380,
11.147460, 222.55249, 15.286513, 127.35280, 128.36598,
11.156430, 242.98604, 15.903198, 127.26180, 128.27580,
11.165390, 262.51086, 15.034698, 127.16033, 128.17392,
11.174350, 291.82864, 14.925859, 127.04869, 128.06068,
11.183300, 336.93839, 16.589155, 126.92746, 127.93667,
11.192260, 344.61304, 16.825556, 126.79679, 127.80205,
11.201220, 371.61597, 16.186535, 126.65722, 127.65739,
11.210170, 393.06607, 16.361855, 126.50933, 127.50331,
11.219120, 375.71198, 17.168886, 126.35338, 127.34008,
11.228070, 369.77240, 17.173841, 126.18979, 127.16814,
11.237020, 375.37637, 15.990268, 126.01896, 126.98793,
11.245970, 360.10162, 16.889975, 125.84126, 126.79987,
11.254920, 361.14838, 17.887316, 125.65712, 126.60438,
11.263860, 358.08035, 16.626472, 125.46716, 126.40214,
11.272800, 334.74045, 15.428362, 125.27153, 126.19334,
11.281750, 323.68176, 15.655456, 125.07044, 125.97820,
11.290690, 314.89172, 16.614920, 124.86469, 125.75757,
11.299630, 307.00458, 16.538448, 124.65448, 125.53170,
11.308560, 280.02383, 14.914538, 124.44041, 125.30122,
11.317500, 267.36707, 15.073715, 124.22241, 125.06607,
11.326430, 264.90347, 16.148401, 124.00133, 124.82718,
11.335370, 253.19324, 15.954649, 123.77707, 124.58445,
11.344300, 232.25356, 14.929852, 123.55050, 124.33882,
11.353230, 222.26447, 15.210709, 123.32175, 124.09045,
11.362160, 222.33414, 16.470682, 123.09124, 123.83979,
11.371080, 217.82147, 16.351641, 122.85953, 123.58748,
11.380010, 214.09912, 15.624512, 122.62656, 123.33345,
11.388930, 197.24544, 15.576062, 122.39315, 123.07860,
11.397850, 189.25272, 16.596018, 122.15947, 122.82313,
11.406780, 204.82283, 17.271469, 121.92562, 122.56713,
11.415700, 177.28899, 15.679270, 121.69250, 122.31163,
11.424610, 170.04950, 15.997375, 121.46048, 122.05700,
11.433530, 181.75816, 17.939274, 121.22942, 121.80311,
11.442450, 167.98267, 17.403103, 120.99995, 121.55067,
11.451360, 153.44666, 16.057730, 120.77270, 121.30035,
11.460270, 154.18016, 17.317324, 120.54779, 121.05229,
11.469180, 150.51947, 17.782360, 120.32559, 120.80692,
11.478090, 150.18420, 18.721498, 120.10650, 120.56465,
11.487000, 147.76376, 17.412966, 119.89088, 120.32589,
11.495910, 146.05084, 18.151833, 119.67914, 120.09109,
11.504810, 133.05037, 18.991705, 119.47183, 119.86085,
11.513710, 133.27765, 19.779835, 119.26916, 119.63540,
11.522620, 144.98889, 15.691112, 119.07125, 119.41487,
11.531520, 130.34903, 19.627220, 118.87895, 119.20020,
11.540420, 133.19913, 21.209078, 118.69242, 118.99153,
11.549310, 128.23334, 20.440865, 118.51223, 118.78952,
11.558210, 139.73306, 21.168711, 118.33838, 118.59411,
11.567100, 131.25293, 20.171211, 118.17167, 118.40622,
11.576000, 130.02946, 23.213406, 118.01207, 118.22577,
11.584890, 135.85104, 24.286789, 117.86038, 118.05365,
11.593780, 136.86911, 23.493732, 117.71682, 117.89007,
11.602670, 138.46724, 23.197756, 117.58176, 117.73542,
11.611560, 132.98868, 25.640657, 117.45561, 117.59015,
11.620440, 112.75336, 24.493847, 117.33893, 117.45483,
11.629330, 110.86394, 25.209745, 117.23183, 117.32958,
11.638210, 106.34884, 25.626488, 117.13499, 117.21511,
11.647090, 109.55402, 27.415871, 117.04870, 117.11171,
11.655970, 102.88478, 26.853832, 116.97338, 117.01981,
11.664850, 114.37377, 22.711216, 116.90943, 116.93983,
11.673730, 123.96004, 14.630239, 116.85730, 116.87222,
11.682600, 138.45711, 17.347734, 116.81746, 116.81746,
11.691480, 121.61090, 16.977533, 116.79009, 116.77572,
11.700350, 120.78343, 18.036839, 116.77493, 116.74677,
11.709220, 125.57161, 15.837153, 116.77146, 116.73011,
11.718090, 108.20956, 15.768478, 116.77922, 116.72526,
11.726960, 129.19049, 17.614838, 116.79772, 116.73177,
11.735830, 115.20135, 17.551561, 116.82652, 116.74919,
11.744690, 112.49869, 19.429203, 116.86509, 116.77702,
11.753560, 118.01923, 18.477722, 116.91306, 116.81487,
11.762420, 128.91220, 19.289427, 116.96988, 116.86220,
11.771280, 132.24062, 32.554600, 117.03514, 116.91860,
11.775020, 130.59583, 13.476501, 117.06511, 116.94501,
11.784500, 122.11614, 14.074964, 117.14724, 117.01864,
11.793980, 126.45494, 13.748048, 117.23775, 117.10136,
11.803460, 138.66599, 14.872498, 117.33612, 117.19265,
11.812940, 136.81253, 12.750026, 117.44179, 117.29194,
11.822420, 146.02390, 13.611725, 117.55426, 117.39870,
11.831890, 137.68109, 13.320351, 117.67283, 117.51226,
11.841360, 142.35840, 13.048594, 117.79710, 117.63219,
11.850840, 141.72247, 12.577935, 117.92669, 117.75809,
11.860310, 150.70291, 13.227778, 118.06080, 117.88914,
11.869770, 147.14685, 13.219743, 118.19890, 118.02482,
11.879240, 139.26166, 12.518259, 118.34074, 118.16484,
11.888710, 144.36832, 12.082323, 118.48567, 118.30854,
11.898170, 135.32643, 12.282709, 118.63303, 118.45525,
11.907630, 139.27000, 12.826489, 118.78242, 118.60454,
11.917090, 137.78671, 12.391961, 118.93336, 118.75592,
11.926550, 129.75102, 11.688178, 119.08531, 118.90882,
11.936010, 136.45644, 11.939404, 119.23778, 119.06274,
11.945470, 141.95654, 12.640059, 119.39023, 119.21713,
11.954920, 147.51071, 12.578419, 119.54200, 119.37130,
11.964370, 145.74919, 12.173102, 119.69274, 119.52488,
11.973830, 141.11931, 12.122161, 119.84210, 119.67751,
11.983280, 135.75758, 12.567619, 119.98924, 119.82832,
11.992720, 139.23430, 12.553301, 120.13365, 119.97679,
12.002170, 136.87997, 12.253302, 120.27513, 120.12271,
12.011610, 132.83231, 12.132977, 120.41287, 120.26524,
12.021060, 124.89935, 12.825155, 120.54663, 120.40414,
12.030500, 132.53885, 12.760036, 120.67562, 120.53860,
12.039940, 130.70801, 12.547023, 120.79945, 120.66822,
12.049380, 123.95262, 12.216429, 120.91763, 120.79248,
12.058820, 122.73283, 13.345602, 121.02960, 120.91083,
12.068250, 122.81915, 13.457772, 121.13474, 121.02264,
12.077690, 138.84845, 13.674080, 121.23276, 121.12761,
12.087120, 124.11429, 12.995201, 121.32291, 121.22497,
12.096550, 124.17470, 13.908186, 121.40476, 121.31431,
12.105980, 119.36395, 14.518497, 121.47778, 121.39509,
12.115410, 130.55125, 14.883847, 121.54143, 121.46677,
12.124830, 134.05275, 14.643250, 121.59512, 121.52875,
12.134260, 129.28465, 14.952665, 121.63842, 121.58062,
12.143680, 118.39440, 15.775784, 121.67068, 121.62173,
12.153100, 113.57494, 15.725640, 121.69140, 121.65160,
12.162520, 109.17422, 16.237621, 121.70004, 121.66969,
12.171940, 120.64413, 15.604693, 121.69602, 121.67544,
12.181360, 115.42760, 16.347843, 121.67877, 121.66831,
12.190770, 131.74745, 18.034132, 121.64778, 121.64778,
12.200180, 119.57645, 16.749533, 121.60260, 121.61344,
12.209600, 128.97675, 17.357668, 121.54337, 121.56537,
12.219010, 108.49939, 17.943916, 121.47054, 121.50396,
12.228420, 131.92639, 20.915079, 121.38442, 121.42945,
12.237820, 126.86589, 19.805870, 121.28544, 121.34222,
12.247230, 108.72813, 19.212402, 121.17371, 121.24235,
12.256630, 127.84352, 20.106531, 121.04980, 121.13032,
12.266040, 152.90793, 22.497936, 120.91376, 121.00619,
12.275440, 156.49661, 22.357368, 120.76620, 120.87048,
12.284840, 152.23953, 23.022730, 120.60731, 120.72334,
12.294230, 158.80511, 23.997463, 120.43753, 120.56518,
12.303630, 133.02391, 38.050209, 120.25685, 120.39598,
12.313030, 151.10275, 27.494198, 120.06571, 120.21612,
12.322420, 152.39178, 27.373896, 119.86465, 120.02610,
12.331810, 142.38129, 20.557123, 119.65374, 119.82598,
12.341200, 129.03096, 17.096823, 119.43327, 119.61603,
12.350590, 144.49472, 17.788448, 119.20352, 119.39649,
12.359980, 133.36765, 18.288424, 118.96477, 119.16762,
12.369360, 153.96683, 17.858719, 118.71754, 118.92992,
12.378750, 152.40549, 19.693909, 118.46162, 118.68317,
12.388130, 140.96115, 20.147751, 118.19777, 118.42811,
12.397510, 155.58467, 17.422915, 117.92605, 118.16477,
12.406890, 152.59370, 20.633368, 117.64665, 117.89335,
12.416270, 155.27139, 16.693363, 117.35986, 117.61411,
12.425640, 146.84537, 16.614071, 117.06626, 117.32764,
12.435020, 167.40472, 17.225891, 116.76546, 117.03353,
12.444390, 148.57634, 21.900711, 116.45838, 116.73268,
12.453760, 159.67490, 21.917252, 116.14492, 116.42502,
12.463130, 157.33438, 23.066395, 115.82533, 116.11077,
12.472500, 170.15439, 28.126663, 115.49986, 115.79018,
12.481870, 172.38513, 24.292311, 115.16875, 115.46348,
12.489420, 169.17664, 15.276649, 114.89799, 115.19596,
12.499490, 182.47958, 15.974321, 114.53162, 114.83344,
12.509550, 173.72708, 14.909137, 114.15987, 114.46501,
12.519610, 171.68127, 14.257545, 113.78268, 114.09062,
12.529670, 182.42984, 14.221512, 113.40037, 113.71059,
12.539730, 182.68399, 14.841016, 113.01316, 113.32516,
12.549780, 179.37195, 15.262968, 112.62177, 112.93503,
12.559840, 194.46460, 14.140887, 112.22565, 112.53970,
12.569890, 180.87680, 13.175402, 111.82592, 112.14027,
12.579940, 186.87360, 13.679049, 111.42243, 111.73661,
12.589990, 183.81003, 13.680023, 111.01547, 111.32900,
12.600040, 200.09866, 13.545121, 110.60525, 110.91770,
12.610090, 198.81660, 12.954100, 110.19213, 110.50306,
12.620130, 194.87079, 13.180527, 109.77677, 110.08576,
12.630170, 203.77309, 13.418591, 109.35896, 109.66562,
12.640210, 208.12860, 13.533868, 108.93903, 109.24295,
12.650250, 206.13123, 12.601700, 108.51721, 108.81802,
12.660290, 206.01099, 12.387859, 108.09383, 108.39117,
12.670330, 201.53592, 12.498828, 107.66907, 107.96259,
12.680360, 206.42874, 12.964720, 107.24366, 107.53304,
12.690390, 215.32578, 12.523001, 106.81743, 107.10236,
12.700420, 207.13704, 11.914669, 106.39061, 106.67079,
12.710450, 211.98665, 12.195238, 105.96352, 106.23868,
12.720480, 216.67838, 13.022388, 105.53639, 105.80627,
12.730500, 205.50729, 14.102291, 105.10989, 105.37424,
12.740530, 211.14978, 12.052376, 104.68346, 104.94206,
12.750550, 198.20798, 11.517872, 104.25818, 104.51082,
12.760570, 192.80692, 12.012137, 103.83394, 104.08043,
12.770590, 204.47978, 12.327360, 103.41091, 103.65108,
12.780610, 192.58737, 11.817962, 102.98941, 103.22308,
12.790620, 189.80644, 12.107340, 102.57013, 102.79717,
12.800640, 185.68330, 11.707365, 102.15245, 102.37273,
12.810650, 190.08469, 11.988911, 101.73752, 101.95091,
12.820660, 168.60251, 11.690245, 101.32515, 101.53156,
12.830670, 165.10205, 11.325014, 100.91558, 101.11490,
12.840680, 151.91565, 11.119923, 100.50914, 100.70131,
12.850680, 144.07504, 11.307163, 100.10645, 100.29140,
12.860690, 134.88472, 11.545176, 99.707002, 99.884671,
12.870690, 137.70102, 12.189476, 99.311835, 99.482181,
12.880690, 132.15656, 11.165552, 98.920872, 99.083855,
12.890690, 132.98958, 11.369289, 98.534310, 98.689897,
12.900680, 125.68369, 11.642654, 98.152860, 98.301033,
12.910680, 123.70193, 11.911430, 97.775997, 97.916728,
12.920670, 110.97601, 11.153482, 97.404791, 97.538069,
12.930670, 111.24391, 11.170636, 97.038741, 97.164544,
12.940660, 106.40664, 11.667521, 96.678866, 96.797185,
12.950640, 100.06087, 12.185749, 96.325499, 96.436330,
12.960630, 100.52833, 11.983562, 95.978118, 96.081435,
12.970620, 100.33589, 11.884448, 95.637454, 95.733238,
12.980600, 101.40424, 12.309769, 95.304083, 95.392313,
12.990580, 89.836151, 12.743322, 94.978001, 95.058646,
13.000560, 96.411499, 12.963239, 94.659444, 94.732462,
13.010540, 101.14863, 13.185967, 94.348747, 94.414083,
13.020520, 94.954834, 12.931398, 94.046213, 94.103801,
13.030490, 90.521835, 13.722000, 93.752456, 93.802223,
13.040470, 86.752213, 14.474306, 93.467169, 93.509008,
13.050440, 97.916107, 14.929377, 93.191267, 93.225068,
13.060410, 81.461769, 14.333194, 92.924764, 92.950387,
13.070380, 112.35921, 15.370878, 92.667959, 92.685238,
13.080350, 94.613068, 16.190289, 92.421227, 92.429972,
13.090310, 88.190369, 16.722511, 92.185095, 92.185095,
13.100280, 97.942299, 17.290884, 91.959345, 91.950353,
13.110240, 83.692734, 16.374952, 91.744244, 91.726070,
13.120200, 91.031586, 31.260078, 91.539311, 91.511804,
13.130160, 85.030701, 29.918028, 91.344289, 91.307346,
13.140110, 98.091339, 15.846434, 91.159115, 91.112689,
13.150070, 93.181549, 12.622957, 90.983151, 90.927216,
13.160020, 87.036804, 12.290523, 90.816524, 90.751113,
13.169980, 90.835800, 13.931002, 90.658642, 90.583807,
13.179930, 92.937729, 14.039130, 90.509601, 90.425449,
13.189870, 91.205994, 14.472799, 90.369130, 90.275798,
13.199820, 78.309540, 14.130410, 90.236730, 90.134369,
13.209770, 93.221237, 14.321794, 90.112304, 90.001101,
13.219710, 81.683304, 14.202111, 89.995760, 89.875941,
13.229650, 93.430367, 15.350505, 89.886757, 89.758561,
13.239590, 95.690910, 16.114416, 89.785058, 89.648746,
13.249530, 104.15559, 16.132729, 89.690463, 89.546319,
13.259470, 89.874733, 15.603407, 89.602762, 89.451089,
13.269410, 102.01650, 17.428886, 89.521750, 89.362868,
13.279340, 101.67055, 20.628223, 89.447299, 89.281551,
13.289270, 93.418518, 19.318130, 89.379115, 89.206850,
13.299200, 100.96340, 21.329556, 89.317013, 89.138594,
13.309130, 91.515076, 51.648830, 89.260793, 89.076594,
13.318260, 86.895805, 11.108770, 89.214122, 89.024947,
13.328980, 94.006500, 10.627184, 89.165266, 88.970671,
13.339690, 95.808998, 10.848472, 89.122641, 88.923096,
13.350400, 94.399429, 11.152941, 89.085963, 88.881941,
13.361120, 90.820404, 10.853274, 89.054977, 88.846951,
13.371830, 97.533768, 10.053530, 89.029517, 88.817973,
13.382530, 94.881531, 9.7756395, 89.009341, 88.794765,
13.393240, 93.071800, 10.322275, 88.994192, 88.777068,
13.403940, 94.581970, 10.503188, 88.983880, 88.764693,
13.414650, 102.49094, 12.333746, 88.978169, 88.757402,
13.425350, 99.693588, 9.8427038, 88.976857, 88.754991,
13.436050, 99.076576, 9.7574997, 88.979725, 88.757236,
13.446740, 96.888718, 9.8226175, 88.986556, 88.763913,
13.457440, 103.54591, 10.210524, 88.997154, 88.774823,
13.468130, 107.47621, 9.6692123, 89.011296, 88.789731,
13.478830, 91.175858, 8.9688797, 89.028804, 88.808457,
13.489520, 103.82866, 9.2275696, 89.049444, 88.830750,
13.500200, 111.54673, 9.7898808, 89.073007, 88.856396,
13.510890, 111.15194, 9.6036310, 89.099339, 88.885229,
13.521570, 108.23043, 9.1844044, 89.128195, 88.916990,
13.532260, 110.02165, 8.9108505, 89.159430, 88.951528,
13.542940, 108.63754, 9.0487375, 89.192796, 88.988575,
13.553620, 102.67613, 9.4619808, 89.228125, 89.027954,
13.564290, 103.30245, 9.3091354, 89.265188, 89.069416,
13.574970, 97.305161, 8.9879742, 89.303866, 89.112838,
13.585640, 100.48016, 8.7998028, 89.343894, 89.157930,
13.596320, 101.61432, 9.3143559, 89.385159, 89.204576,
13.606990, 103.49129, 9.6252794, 89.427394, 89.252480,
13.617650, 104.34956, 9.5959711, 89.470409, 89.301439,
13.628320, 111.92380, 9.5538807, 89.514094, 89.351337,
13.638980, 106.18386, 9.5069447, 89.558184, 89.401883,
13.649650, 101.76478, 9.9641418, 89.602571, 89.452963,
13.660310, 91.047287, 10.277414, 89.646988, 89.504284,
13.670970, 101.62448, 11.244922, 89.691288, 89.555689,
13.681630, 97.872147, 9.6626530, 89.735285, 89.606975,
13.692280, 98.695694, 10.150448, 89.778748, 89.657889,
13.702940, 98.934006, 10.435080, 89.821576, 89.708329,
13.713590, 103.71686, 11.854464, 89.863499, 89.757995,
13.724240, 83.993881, 9.5740013, 89.904374, 89.806738,
13.734890, 96.136185, 9.5959091, 89.944007, 89.854346,
13.745530, 97.548447, 11.864841, 89.982179, 89.900581,
13.756180, 95.567604, 11.866676, 90.018770, 89.945324,
13.766820, 97.365715, 13.407789, 90.053524, 89.988290,
13.777460, 87.437927, 14.073514, 90.086285, 90.029318,
13.788100, 84.527069, 12.120952, 90.116862, 90.068205,
13.798740, 87.937408, 12.869175, 90.145061, 90.104746,
13.809380, 94.692795, 13.979410, 90.170688, 90.138735,
13.820010, 92.455048, 26.185301, 90.193533, 90.169946,
13.830640, 98.008873, 14.896009, 90.213420, 90.198201,
13.841270, 80.307343, 13.688814, 90.230157, 90.223300,
13.851900, 82.526337, 14.395748, 90.243542, 90.245032,
13.862530, 98.431656, 23.580250, 90.253434, 90.263246,
13.873150, 99.025871, 16.549639, 90.259822, 90.277897,
13.883780, 95.904221, 16.719397, 90.262728, 90.288997,
13.894400, 88.790382, 16.539415, 90.262156, 90.296509,
13.905020, 81.014603, 16.608316, 90.258116, 90.300430,
13.915640, 91.149940, 17.301830, 90.250615, 90.300741,
13.926250, 90.250290, 18.528191, 90.239668, 90.297429,
13.936870, 86.103668, 18.550299, 90.225259, 90.290471,
13.947480, 86.652214, 16.761608, 90.207412, 90.279859,
13.958090, 82.662842, 18.238186, 90.186117, 90.265569,
13.968700, 91.170265, 20.180220, 90.161368, 90.247578,
13.979310, 89.785454, 20.678471, 90.133165, 90.225869,
13.989910, 86.377548, 20.172132, 90.101529, 90.200443,
14.000520, 88.046188, 19.442682, 90.066397, 90.171230,
14.011120, 70.959053, 21.077057, 90.027822, 90.138261,
14.021720, 107.67054, 23.684042, 89.985763, 90.101485,
14.032320, 90.756592, 18.972883, 89.940208, 90.060878,
14.042920, 74.163727, 23.406622, 89.891141, 90.016415,
14.053510, 81.719887, 23.988874, 89.838601, 89.968119,
14.064110, 99.845871, 24.867331, 89.782465, 89.915868,
14.074700, 95.706505, 27.142916, 89.722821, 89.859730,
14.085290, 95.535812, 30.521099, 89.659604, 89.799639,
14.095870, 80.040909, 21.135384, 89.592847, 89.735620,
14.106460, 86.592422, 15.752744, 89.522407, 89.667526,
14.117040, 82.203491, 17.146580, 89.448382, 89.595451,
14.127630, 92.094864, 17.083195, 89.370606, 89.519225,
14.138210, 83.412910, 18.602329, 89.289202, 89.438968,
14.148790, 88.374283, 20.217346, 89.204064, 89.354572,
14.159370, 93.460121, 19.932377, 89.115158, 89.266003,
14.169940, 108.65632, 20.949482, 89.022544, 89.173322,
14.180520, 54.815117, 39.974609, 88.926000, 89.076309,
14.182090, 88.348129, 14.340342, 88.911347, 89.061551,
14.193560, 95.138275, 13.527016, 88.801673, 88.950853,
14.205030, 99.118317, 14.338795, 88.687374, 88.835062,
14.216500, 98.297462, 15.106906, 88.568412, 88.714149,
14.227970, 96.012604, 14.909456, 88.444722, 88.588056,
14.239430, 94.019073, 13.670376, 88.316351, 88.456843,
14.250890, 94.386353, 12.459190, 88.183149, 88.320366,
14.262350, 98.969406, 13.078763, 88.045028, 88.178550,
14.273810, 99.839676, 13.302755, 87.901930, 88.031352,
14.285270, 83.807190, 12.484857, 87.753797, 87.878730,
14.296730, 93.680618, 11.472534, 87.600532, 87.720600,
14.308180, 89.835236, 10.788765, 87.442218, 87.557070,
14.319630, 89.509247, 10.917501, 87.278636, 87.387939,
14.331080, 84.078598, 11.414968, 87.109692, 87.213132,
14.342530, 89.412529, 11.363703, 86.935328, 87.032616,
14.353970, 87.635590, 10.250418, 86.755609, 86.846487,
14.365410, 83.976898, 9.6456556, 86.570273, 86.654503,
14.376860, 89.545845, 9.8230724, 86.379076, 86.456446,
14.388300, 89.572227, 10.362154, 86.182242, 86.252579,
14.399730, 101.26591, 10.518386, 85.979701, 86.042868,
14.411170, 83.221489, 9.2005615, 85.770977, 85.826858,
14.422600, 81.778069, 8.9863920, 85.556347, 85.604875,
14.434030, 89.902382, 9.0760336, 85.335512, 85.376652,
14.445460, 107.59739, 10.294422, 85.108338, 85.142095,
14.456890, 81.614784, 9.2725286, 84.874747, 84.901170,
14.468320, 88.371140, 8.9347029, 84.634599, 84.653781,
14.479740, 85.074791, 8.4095192, 84.387978, 84.400066,
14.491160, 80.803200, 8.2753611, 84.134559, 84.139741,
14.502580, 84.975098, 9.0139284, 83.874233, 83.872751,
14.514000, 94.270851, 9.5267429, 83.607049, 83.599179,
14.525420, 81.617722, 8.8644962, 83.333583, 83.319604,
14.536830, 70.378433, 7.8717642, 83.054704, 83.034899,
14.548240, 72.917862, 8.2290306, 82.770768, 82.745417,
14.559650, 77.706223, 10.411544, 82.482354, 82.451739,
14.571060, 76.886673, 9.1819019, 82.190109, 82.154518,
14.582470, 85.288963, 9.2741947, 81.894607, 81.854334,
14.593870, 65.300591, 9.7414389, 81.596695, 81.552045,
14.605270, 70.863968, 9.5902328, 81.296719, 81.248001,
14.616670, 76.127258, 9.8658943, 80.995297, 80.942829,
14.628070, 74.160934, 11.268819, 80.692968, 80.637078,
14.639470, 69.611168, 10.725606, 80.390348, 80.331374,
14.650860, 70.119614, 10.330812, 80.088307, 80.026598,
14.662260, 78.708580, 10.284719, 79.786876, 79.722789,
14.673650, 74.285706, 10.622647, 79.487201, 79.421105,
14.685040, 74.808929, 12.074133, 79.189569, 79.121841,
14.696420, 75.294762, 11.723919, 78.894891, 78.825918,
14.707810, 83.774849, 12.335970, 78.603168, 78.533342,
14.719190, 76.207191, 12.338500, 78.315578, 78.245301,
14.730570, 79.523964, 12.526930, 78.032399, 77.962076,
14.741950, 82.975754, 13.880795, 77.754251, 77.684294,
14.753330, 59.360977, 13.177876, 77.481737, 77.412559,
14.764700, 76.464073, 13.392658, 77.215701, 77.147715,
14.776080, 73.604172, 13.116222, 76.956258, 76.889880,
14.787450, 63.528786, 13.143668, 76.704498, 76.640136,
14.798820, 64.129791, 14.085191, 76.460791, 76.398849,
14.810190, 58.138836, 14.034937, 76.225734, 76.166611,
14.821550, 67.164719, 13.941198, 76.000175, 75.944253,
14.832920, 66.352432, 14.346280, 75.784342, 75.731996,
14.844280, 72.351959, 10.848862, 75.579229, 75.530811,
14.855640, 72.683060, 15.630905, 75.385289, 75.341133,
14.866990, 70.830666, 15.760412, 75.203326, 75.163739,
14.878350, 68.849808, 14.936044, 75.033653, 74.998922,
14.889710, 76.776985, 15.073758, 74.877102, 74.847477,
14.901060, 78.566154, 14.681792, 74.734461, 74.710153,
14.912410, 64.930923, 14.794305, 74.606249, 74.587431,
14.923760, 60.198112, 15.371811, 74.493135, 74.479937,
14.935100, 92.228745, 17.136177, 74.395906, 74.388401,
14.946450, 74.354248, 16.067492, 74.315060, 74.313276,
14.957790, 78.160767, 15.578738, 74.251387, 74.255283,
14.969130, 68.837532, 15.959174, 74.204678, 74.214170,
14.980470, 80.701462, 16.602213, 74.174336, 74.189300,
14.991810, 91.671638, 17.837061, 74.159778, 74.180042,
15.003140, 71.157974, 17.339901, 74.160420, 74.185755,
15.014480, 84.478676, 16.630772, 74.175691, 74.205817,
15.025810, 51.078106, 16.302618, 74.205005, 74.239577,
15.037140, 88.344147, 17.282393, 74.247813, 74.286418,
15.048460, 80.103447, 18.808947, 74.303519, 74.345671,
15.059790, 68.128105, 18.700762, 74.371678, 74.416822,
15.071110, 84.690361, 18.262680, 74.451644, 74.499141,
15.082440, 69.184807, 13.552492, 74.543037, 74.592166,
15.093750, 75.644821, 13.394856, 74.645068, 74.695019,
15.105070, 66.949631, 13.881454, 74.757496, 74.807369,
15.116390, 72.911873, 15.491842, 74.879725, 74.928524,
15.127700, 73.160538, 12.993139, 75.011128, 75.057761,
15.139020, 84.022369, 13.608120, 75.151454, 75.194724,
15.150330, 86.098907, 13.555126, 75.299952, 75.338563,
15.162390, 63.859261, 13.552407, 75.466902, 75.498994,
15.174730, 76.403816, 13.200887, 75.646323, 75.669948,
15.187070, 57.223244, 12.846731, 75.833804, 75.847001,
15.199410, 92.671753, 14.519032, 76.028760, 76.029414,
15.211740, 82.726288, 14.603853, 76.230418, 76.216336,
15.224080, 71.856430, 12.819920, 76.438777, 76.407908,
15.236410, 64.879211, 11.246165, 76.653149, 76.603720,
15.248740, 79.819656, 11.702663, 76.873394, 76.803862,
15.261060, 77.764145, 12.643923, 77.099008, 77.008092,
15.273390, 77.842804, 12.599767, 77.330068, 77.216689,
15.285710, 79.194298, 12.420810, 77.565899, 77.429248,
15.298030, 68.977058, 12.143443, 77.806358, 77.645848,
15.310350, 79.296661, 12.220662, 78.051187, 77.866457,
15.322660, 69.395599, 12.784839, 78.299861, 78.090804,
15.334980, 72.281052, 16.560759, 78.552493, 78.319190,
15.347290, 89.202408, 15.243418, 78.808404, 78.551202,
15.359600, 82.771332, 13.763280, 79.067503, 78.786954,
15.371900, 68.995346, 13.340004, 79.329283, 79.026182,
15.384210, 75.420013, 13.888230, 79.593909, 79.269237,
15.396510, 71.773651, 14.409986, 79.860673, 79.515666,
15.408810, 85.810692, 16.020466, 80.129478, 79.765580,
15.421110, 86.813026, 14.479963, 80.400092, 80.018964,
15.433410, 75.860779, 13.139970, 80.672197, 80.275724,
15.445700, 75.627197, 13.274359, 80.945328, 80.535622,
15.457990, 67.354103, 13.637753, 81.219423, 80.798805,
15.470280, 73.844284, 14.600606, 81.494209, 81.065221,
15.482570, 93.115936, 13.812685, 81.769417, 81.334819,
15.494860, 82.656677, 12.361288, 82.044774, 81.607549,
15.507140, 84.668564, 11.587029, 82.319796, 81.883148,
15.519420, 86.961929, 11.642185, 82.594404, 82.161755,
15.531700, 74.459587, 11.707599, 82.868372, 82.443366,
15.543980, 90.222504, 11.801569, 83.141384, 82.727892,
15.556260, 88.067535, 10.913591, 83.413212, 83.015331,
15.568530, 78.124374, 9.8881207, 83.683332, 83.305365,
15.580800, 86.933113, 9.8272524, 83.951704, 83.598196,
15.593070, 81.190216, 10.384731, 84.218053, 83.893779,
15.605340, 77.944077, 10.434981, 84.482116, 84.192073,
15.617600, 88.601967, 10.249919, 84.743782, 84.492799,
15.629860, 90.773003, 9.5134830, 85.003751, 84.796124,
15.642120, 82.544006, 8.8795919, 85.262599, 85.102054,
15.654380, 84.276054, 9.2642784, 85.520821, 85.410501,
15.666640, 87.238907, 9.7383986, 85.778995, 85.721474,
15.678890, 81.832176, 10.091373, 86.037412, 86.034641,
15.691140, 87.725159, 11.692896, 86.296829, 86.350229,
15.703390, 92.150536, 9.6354923, 86.557780, 86.668201,
15.715640, 85.436111, 9.8170900, 86.820801, 86.988519,
15.727890, 83.231476, 10.480642, 87.086430, 87.311149,
15.740130, 103.25832, 10.424080, 87.354995, 87.635799,
15.752370, 88.593414, 11.640739, 87.627220, 87.962661,
15.764610, 85.409134, 10.882610, 87.903690, 88.291750,
15.776850, 88.150337, 11.637149, 88.184905, 88.622981,
15.789090, 96.283508, 12.197190, 88.471459, 88.956373,
15.801320, 100.62156, 14.004360, 88.763626, 89.291580,
15.813550, 108.29827, 15.197276, 89.062204, 89.628853,
15.825780, 83.186272, 13.208346, 89.367750, 89.968161,
15.838010, 89.039352, 13.581903, 89.680827, 90.309473,
15.850230, 90.256142, 13.390878, 90.001747, 90.652490,
15.862450, 100.85458, 14.735862, 90.331297, 90.997420,
15.874670, 103.64745, 16.397587, 90.670103, 91.344288,
15.886890, 101.79395, 16.040569, 91.018723, 91.693038,
15.899110, 84.710007, 16.044119, 91.377717, 92.043614,
15.911320, 76.496498, 14.814720, 91.747413, 92.395740,
15.923540, 93.547157, 11.609054, 92.129020, 92.749965,
15.935750, 87.237740, 16.201782, 92.522491, 93.105654,
15.947960, 84.981964, 15.782072, 92.928764, 93.463084,
15.960160, 82.960724, 14.969447, 93.348130, 93.821948,
15.972370, 112.36589, 16.028656, 93.781877, 94.182781,
15.984570, 98.791618, 14.668753, 94.229930, 94.544966,
15.996770, 115.73634, 15.214671, 94.693343, 94.908815,
16.008961, 97.800781, 15.263386, 95.172358, 95.273990,
16.021160, 94.633461, 15.283653, 95.668354, 95.641009,
16.033350, 108.85196, 15.507431, 96.181271, 96.009304,
16.045549, 109.95994, 14.635736, 96.712600, 96.379427,
16.057739, 108.73450, 14.753211, 97.262211, 96.750777,
16.069920, 96.933708, 15.135994, 97.830773, 97.123329,
16.082109, 99.215599, 15.117142, 98.419897, 97.497643,
16.094290, 98.274208, 15.533962, 99.029400, 97.873112,
16.106470, 87.714546, 16.086439, 99.660481, 98.250007,
16.118650, 92.808235, 14.973818, 100.31390, 98.628309,
16.130831, 101.25610, 15.518484, 100.99044, 99.007995,
16.143009, 103.28954, 15.356761, 101.69078, 99.388986,
16.155180, 105.30776, 16.067209, 102.41536, 99.771081,
16.167351, 104.48653, 17.130276, 103.16543, 100.15450,
16.179520, 114.20141, 19.951769, 103.94171, 100.53916,
16.191681, 79.786263, 18.023056, 104.74466, 100.92487,
16.203850, 118.61621, 23.725819, 105.57614, 101.31209,
16.216009, 107.47750, 24.726669, 106.43586, 101.70024,
16.228170, 103.68227, 30.378933, 107.32537, 102.08969,
16.240330, 100.37413, 20.845724, 108.24348, 102.48029,
16.252489, 109.41645, 29.065689, 109.18838, 102.87209,
16.264641, 105.92953, 26.410038, 110.15750, 103.26481,
16.276791, 112.10004, 31.952707, 111.14935, 103.65863,
16.288950, 120.09615, 31.704189, 112.16296, 104.05391,
16.301090, 113.07529, 27.488708, 113.19402, 104.44969,
16.313240, 107.23601, 36.786278, 114.24305, 104.84690,
16.325380, 129.10660, 42.669743, 115.30654, 105.24488,
16.337530, 136.02141, 28.822950, 116.38427, 105.64427,
16.349670, 140.07152, 23.408846, 117.47271, 106.04440,
16.361799, 149.76848, 21.225018, 118.56980, 106.44520,
16.373940, 184.31999, 28.256289, 119.67577, 106.84742,
16.386070, 194.07462, 28.015728, 120.78689, 107.25034,
16.398211, 192.09718, 28.895603, 121.90307, 107.65459,
16.410339, 204.21007, 25.536150, 123.02054, 108.05945,
16.422461, 212.78815, 25.366875, 124.13783, 108.46503,
16.434589, 206.34618, 28.015709, 125.25452, 108.87184,
16.446711, 166.58792, 25.393547, 126.36739, 109.27934,
16.458839, 167.90370, 17.413969, 127.47601, 109.68804,
16.470961, 128.91673, 25.941120, 128.57716, 110.09742,
16.483070, 157.79572, 24.495117, 129.66868, 110.50732,
16.495190, 193.61490, 35.809963, 130.75063, 110.91844,
16.500280, 147.21643, 16.570778, 131.20154, 111.09140,
16.513599, 180.19653, 15.692757, 132.37005, 111.54467,
16.526911, 154.41840, 14.371828, 133.51967, 111.99873,
16.540211, 123.00526, 14.280598, 134.64766, 112.45344,
16.553520, 160.85992, 15.987168, 135.75331, 112.90950,
16.566820, 151.54771, 16.863659, 136.83255, 113.36625,
16.580120, 143.20563, 17.067648, 137.88364, 113.82400,
16.593420, 142.72998, 15.817689, 138.90407, 114.28273,
16.606710, 161.98334, 16.839184, 139.89057, 114.74211,
16.620001, 145.80635, 16.230576, 140.84131, 115.20244,
16.633301, 147.37836, 16.862059, 141.75431, 115.66405,
16.646589, 140.22226, 17.942463, 142.62551, 116.12620,
16.659870, 145.85983, 16.997570, 143.45259, 116.58901,
16.673149, 135.46683, 15.671085, 144.23325, 117.05265,
16.686440, 138.73981, 14.827664, 144.96550, 117.51760,
16.699711, 145.14090, 14.735392, 145.64559, 117.98277,
16.712990, 134.63580, 14.770556, 146.27903, 118.44907,
16.726271, 138.33249, 14.539612, 146.87284, 118.91632,
16.739540, 148.78227, 13.568838, 147.43383, 119.38401,
16.752810, 157.61343, 12.794037, 147.96987, 119.85255,
16.766081, 152.95085, 11.976096, 148.48832, 120.32199,
16.779341, 142.24826, 11.997513, 148.99599, 120.79186,
16.792601, 137.45740, 12.493513, 149.50058, 121.26253,
16.805870, 148.86270, 12.730385, 150.00976, 121.73436,
16.819120, 154.57671, 12.448028, 150.52967, 122.20630,
16.832380, 146.25591, 11.239336, 151.06872, 122.67937,
16.845631, 140.94978, 10.693463, 151.63341, 123.15289,
16.858891, 140.85709, 11.475189, 152.23186, 123.62752,
16.872141, 149.40340, 13.034002, 152.87055, 124.10257,
16.885380, 166.81841, 13.758451, 153.55663, 124.57797,
16.898630, 162.19646, 13.969061, 154.29867, 125.05453,
16.911869, 166.95903, 14.498829, 155.10282, 125.53142,
16.925110, 142.90164, 13.977407, 155.97728, 126.00911,
16.938351, 148.66840, 14.895106, 156.92945, 126.48754,
16.951580, 141.73483, 15.195497, 157.96598, 126.96627,
16.964821, 139.73584, 15.796779, 159.09191, 127.44613,
16.978050, 145.99004, 15.547560, 160.29642, 127.92629,
16.991270, 157.66701, 15.922393, 161.56854, 128.40681,
17.004499, 152.79584, 14.697666, 162.89922, 128.88837,
17.017719, 172.15442, 15.351245, 164.27568, 129.37027,
17.030951, 194.92346, 15.979261, 165.68932, 129.85329,
17.044161, 188.49831, 16.042439, 167.12585, 130.33622,
17.057381, 151.97188, 14.559047, 168.57780, 130.82017,
17.070601, 160.81873, 13.877372, 170.03342, 131.30480,
17.083811, 155.26030, 13.829357, 171.48090, 131.78975,
17.097019, 162.73895, 12.896080, 172.91038, 132.27529,
17.110229, 175.76416, 13.829861, 174.31153, 132.76156,
17.123430, 165.49243, 13.789922, 175.67242, 133.24814,
17.136641, 163.14700, 13.434886, 176.98423, 133.73573,
17.149839, 170.30287, 12.893702, 178.23408, 134.22354,
17.163040, 165.34221, 12.652009, 179.41246, 134.71207,
17.176229, 165.80208, 12.222579, 180.50737, 135.20082,
17.189430, 172.83655, 13.339361, 181.50976, 135.69063,
17.202620, 187.34950, 14.642985, 182.40687, 136.18066,
17.215811, 169.25778, 14.740623, 183.18865, 136.67139,
17.229000, 166.38597, 14.950400, 183.84370, 137.16269,
17.242180, 172.51828, 16.670307, 184.36057, 137.65426,
17.255369, 180.40063, 16.714783, 184.73399, 138.14682,
17.268551, 191.01065, 18.066463, 184.97036, 138.63972,
17.281719, 189.17793, 19.062231, 185.07867, 139.13275,
17.294901, 187.27777, 21.293507, 185.06783, 139.62690,
17.308069, 220.66454, 23.355858, 184.94644, 140.12118,
17.321251, 213.65901, 20.041763, 184.72276, 140.61658,
17.334410, 222.19342, 21.546869, 184.40593, 141.11174,
17.347580, 227.20627, 22.202164, 184.00361, 141.60795,
17.360750, 225.52046, 23.639454, 183.52431, 142.10479,
17.373911, 229.64111, 24.707518, 182.97668, 142.60188,
17.387070, 217.04498, 22.487768, 182.36867, 143.09953,
17.400230, 208.72318, 22.643587, 181.70822, 143.59787,
17.413380, 199.66463, 19.706331, 181.00411, 144.09639,
17.426540, 205.89955, 19.608244, 180.26316, 144.59597,
17.439690, 202.61670, 19.656349, 179.49468, 145.09575,
17.452841, 206.46451, 21.070086, 178.70588, 145.59621,
17.465981, 208.71204, 20.481474, 177.90556, 146.09687,
17.479130, 183.44455, 19.810530, 177.10039, 146.59851,
17.492270, 182.45442, 18.906033, 176.29947, 147.10042,
17.505409, 175.19200, 18.005299, 175.51015, 147.60296,
17.518551, 172.07985, 19.012314, 174.74028, 148.10620,
17.531679, 175.56265, 19.796415, 173.99868, 148.60956,
17.544821, 172.23035, 20.251854, 173.29180, 149.11407,
17.557949, 188.74692, 21.179365, 172.62908, 149.61870,
17.571079, 172.21881, 20.998848, 172.01772, 150.12404,
17.584200, 155.62759, 21.779968, 171.46625, 150.62966,
17.597330, 149.97565, 23.883707, 170.98197, 151.13630,
17.610451, 168.47908, 23.952564, 170.57275, 151.64321,
17.623569, 167.73828, 23.396851, 170.23822, 152.15071,
17.636690, 190.98463, 35.490765, 169.97502, 152.65893,
17.649799, 174.24792, 50.499542, 169.78009, 153.16736,
17.662910, 166.66141, 37.858013, 169.65001, 153.67654,
17.676029, 173.60748, 45.366081, 169.58164, 154.18667,
17.689131, 164.60628, 40.122559, 169.57198, 154.69681,
17.702240, 156.55942, 28.744938, 169.61790, 155.20792,
17.715349, 164.75882, 38.770287, 169.71642, 155.71972,
17.728451, 152.43332, 40.413696, 169.86450, 156.23189,
17.741550, 179.60274, 38.632828, 170.05921, 156.74469,
17.754641, 162.01517, 26.778212, 170.29751, 157.25780,
17.767740, 182.18112, 23.437263, 170.57690, 157.77199,
17.780830, 160.12535, 19.997250, 170.89415, 158.28651,
17.793921, 172.20488, 28.214941, 171.24667, 158.80175,
17.807011, 186.61154, 22.788765, 171.63170, 159.31770,
17.820101, 196.89539, 24.984655, 172.04649, 159.83437,
17.833179, 195.84546, 23.898350, 172.48794, 160.35133,
17.846270, 161.21028, 21.755556, 172.95413, 160.86947,
17.859341, 162.46400, 22.011208, 173.44128, 161.38760,
17.872419, 166.10667, 24.292723, 173.94770, 161.90678,
17.885500, 187.24043, 26.933413, 174.47055, 162.42680,
17.898569, 170.83664, 25.892746, 175.00666, 162.94713,
17.911640, 154.65295, 24.765825, 175.55393, 163.46831,
17.924709, 181.45010, 25.090042, 176.10962, 163.99019,
17.937780, 181.09837, 44.203312, 176.67127, 164.51294,
17.941250, 177.83136, 18.049627, 176.82101, 164.65183,
17.955721, 177.50758, 16.872530, 177.44700, 165.23174,
17.970181, 177.05057, 17.010328, 178.07216, 165.81218,
17.984650, 164.89371, 16.796951, 178.69391, 166.39401,
17.999109, 204.09323, 18.385475, 179.30788, 166.97647,
18.013571, 181.28737, 18.991449, 179.91107, 167.56004,
18.028021, 178.79993, 18.993601, 180.49938, 168.14419,
18.042480, 196.50844, 20.118679, 181.07015, 168.72978,
18.056931, 182.79926, 19.613693, 181.61907, 169.31606,
18.071381, 183.03409, 19.869207, 182.14293, 169.90343,
18.085819, 181.99805, 20.806396, 182.63778, 170.49142,
18.100269, 176.90009, 22.048246, 183.10079, 171.08100,
18.114710, 186.34407, 22.912212, 183.52860, 171.67132,
18.129150, 179.60991, 20.121943, 183.92254, 172.26279,
18.143579, 172.64134, 17.865313, 184.28422, 172.85495,
18.158020, 185.58293, 16.871977, 184.61602, 173.44876,
18.172449, 185.43365, 17.707952, 184.91923, 174.04329,
18.186880, 186.81747, 17.957195, 185.19592, 174.63911,
18.201300, 164.07996, 16.876432, 185.44762, 175.23569,
18.215719, 165.30772, 15.876102, 185.67629, 175.83352,
18.230150, 174.84995, 14.859122, 185.88378, 176.43310,
18.244560, 164.02948, 14.138609, 186.07133, 177.03308,
18.258980, 179.51532, 14.746854, 186.24104, 177.63478,
18.273390, 186.24283, 16.150139, 186.39433, 178.23739,
18.287800, 191.27682, 17.687347, 186.53296, 178.84136,
18.302210, 166.71379, 17.565502, 186.65854, 179.44669,
18.316620, 175.79254, 16.923851, 186.77270, 180.05341,
18.331020, 174.60934, 17.800560, 186.87695, 180.66114,
18.345421, 175.15515, 18.332922, 186.97297, 181.27030,
18.359819, 177.98535, 18.982311, 187.06234, 181.88084,
18.374210, 185.56419, 21.836788, 187.14659, 182.49253,
18.388611, 164.50298, 21.078968, 187.22740, 183.10613,
18.403000, 177.80316, 19.310642, 187.30621, 183.72077,
18.417379, 187.91193, 18.369432, 187.38459, 184.33656,
18.431770, 188.65628, 16.895081, 187.46424, 184.95440,
18.446150, 183.58299, 15.820237, 187.54658, 185.57336,
18.460529, 175.42058, 16.499537, 187.63323, 186.19395,
18.474911, 181.37001, 17.072660, 187.72578, 186.81628,
18.489281, 193.26520, 20.044662, 187.82570, 187.43979,
18.503660, 183.98105, 15.794418, 187.93471, 188.06544,
18.518030, 180.53964, 14.471653, 188.05388, 188.69241,
18.532391, 200.82925, 14.389364, 188.18367, 189.32076,
18.546761, 195.01978, 15.128594, 188.32469, 189.95138,
18.561119, 193.31796, 16.435406, 188.47715, 190.58340,
18.575480, 183.25319, 18.805532, 188.64163, 191.21745,
18.589840, 204.85454, 19.508406, 188.81856, 191.85352,
18.604191, 195.81665, 19.951433, 189.00828, 192.49123,
18.618549, 195.20055, 20.307436, 189.21148, 193.13139,
18.632900, 210.66721, 19.347654, 189.42843, 193.77339,
18.647240, 188.01787, 21.008682, 189.65954, 194.41711,
18.661591, 199.49669, 22.363134, 189.90571, 195.06362,
18.675930, 221.55232, 23.300337, 190.16704, 195.71197,
18.690269, 231.66330, 23.520971, 190.44427, 196.36273,
18.704611, 216.48360, 22.052534, 190.73800, 197.01604,
18.718941, 210.28351, 18.853514, 191.04848, 197.67135,
18.733271, 206.61926, 17.988255, 191.37654, 198.32924,
18.747601, 215.57481, 18.852053, 191.72276, 198.98979,
18.761930, 231.85048, 19.843962, 192.08774, 199.65304,
18.776260, 239.01105, 20.358887, 192.47213, 200.31908,
18.790581, 251.61340, 19.729916, 192.87628, 200.98751,
18.804899, 251.99289, 18.040543, 193.30104, 201.65876,
18.819220, 275.20511, 18.308018, 193.74720, 202.33307,
18.833530, 273.64874, 19.182604, 194.21509, 203.00997,
18.847839, 297.47739, 20.824650, 194.70563, 203.68989,
18.862150, 301.36588, 24.218483, 195.21971, 204.37308,
18.876459, 292.06360, 26.320171, 195.75792, 205.05943,
18.890770, 283.73767, 26.617659, 196.32119, 205.74919,
18.905069, 285.50101, 28.843143, 196.90977, 206.44180,
18.919371, 305.24255, 27.320351, 197.52499, 207.13797,
18.933670, 321.99005, 29.341066, 198.16753, 207.83759,
18.947960, 322.90405, 31.184608, 198.83788, 208.54036,
18.962250, 325.66010, 33.234745, 199.53735, 209.24683,
18.976540, 305.29636, 32.991795, 200.26684, 209.95707,
18.990829, 318.24246, 30.355982, 201.02731, 210.67117,
19.005119, 300.91040, 28.632870, 201.81970, 211.38921,
19.019400, 277.07773, 25.150434, 202.64446, 212.11080,
19.033680, 252.74245, 23.709698, 203.50313, 212.83648,
19.047960, 265.00055, 25.046551, 204.39674, 213.56636,
19.062229, 239.42422, 26.494833, 205.32563, 214.29992,
19.076500, 243.04707, 32.317501, 206.29173, 215.03795,
19.090771, 232.29117, 25.796732, 207.29606, 215.78043,
19.105040, 223.84760, 25.136789, 208.33966, 216.52736,
19.119310, 240.49966, 25.144939, 209.42402, 217.27902,
19.133570, 221.89023, 24.215034, 210.54931, 218.03482,
19.147829, 225.41125, 28.671423, 211.71768, 218.79543,
19.162090, 238.57121, 33.486614, 212.93060, 219.56108,
19.176340, 232.66035, 38.656647, 214.18824, 220.33113,
19.190599, 208.23502, 32.521133, 215.49384, 221.10682,
19.204849, 192.09531, 43.077389, 216.84708, 221.88722,
19.219101, 213.32135, 39.283451, 218.25048, 222.67305,
19.233339, 205.28600, 35.765240, 219.70401, 223.46358,
19.247580, 233.52739, 46.435890, 221.21069, 224.25975,
19.261820, 234.27747, 50.385605, 222.77197, 225.06157,
19.276060, 223.56250, 46.286518, 224.38947, 225.86915,
19.290300, 270.23145, 38.554020, 226.06490, 226.68261,
19.304529, 225.18324, 44.543777, 227.79859, 227.50140,
19.318760, 200.50040, 42.196552, 229.59391, 228.32641,
19.332991, 227.64714, 40.843941, 231.45248, 229.15765,
19.347219, 213.21222, 38.583069, 233.37594, 229.99512,
19.361441, 252.10625, 41.326878, 235.36540, 230.83860,
19.375660, 258.24353, 44.311554, 237.42363, 231.68857,
19.389879, 227.33301, 38.371952, 239.55295, 232.54526,
19.404100, 239.86555, 42.438412, 241.75580, 233.40891,
19.418310, 213.48328, 41.224030, 244.03223, 234.27885,
19.432520, 273.45673, 46.833508, 246.38625, 235.15590,
