# wave, flux, fluxerr, continuum, continuum_plateau
9.9725246, 253.33676, 22.236107, 281.30112, 281.06511,
9.9806166, 252.86125, 23.062565, 278.04098, 277.84421,
9.9887066, 249.47241, 20.331295, 274.90355, 274.74115,
9.9967957, 242.95462, 18.751732, 271.88544, 271.75294,
10.004880, 249.00699, 20.730396, 268.98496, 268.87829,
10.012970, 249.90240, 20.108452, 266.19547, 266.11094,
10.021050, 243.42438, 17.544764, 263.51926, 263.45347,
10.029140, 251.09695, 18.369041, 260.94715, 260.89710,
10.037220, 251.94205, 19.835859, 258.48266, 258.44560,
10.045300, 243.83356, 17.678577, 256.11961, 256.09311,
10.053380, 241.16896, 16.752193, 253.85496, 253.83685,
10.061460, 262.03061, 18.818937, 251.68652, 251.67489,
10.069540, 242.91882, 17.981693, 249.61105, 249.60425,
10.077610, 245.57230, 16.132786, 247.62867, 247.62523,
10.085690, 245.44028, 16.661436, 245.73178, 245.73046,
10.093760, 243.76639, 17.863075, 243.92222, 243.92199,
10.101830, 254.31906, 16.451241, 242.19511, 242.19509,
10.109900, 245.21004, 15.580755, 240.54768, 240.54718,
10.117970, 247.67464, 16.978949, 238.97777, 238.97622,
10.126040, 250.84073, 16.942545, 237.48263, 237.47963,
10.134100, 228.85623, 15.311348, 236.06157, 236.05682,
10.142170, 212.51123, 15.456776, 234.70839, 234.70171,
10.150230, 230.60744, 17.181978, 233.42399, 233.41531,
10.158300, 241.90485, 16.678663, 232.20288, 232.19221,
10.166360, 233.67239, 15.542725, 231.04565, 231.03308,
10.174420, 225.92781, 16.752977, 229.94814, 229.93383,
10.182470, 226.05859, 21.332237, 228.90940, 228.89358,
10.190530, 221.21567, 15.820778, 227.92448, 227.90739,
10.198590, 208.09372, 15.605087, 226.99215, 226.97412,
10.206640, 223.97993, 17.581333, 226.11131, 226.09267,
10.214690, 218.91518, 16.424992, 225.27839, 225.25950,
10.222750, 207.67227, 15.782764, 224.49016, 224.47139,
10.230800, 217.89003, 17.512337, 223.74620, 223.72793,
10.238850, 206.37222, 18.414371, 223.04324, 223.02586,
10.246890, 222.53639, 17.223619, 222.37979, 222.36366,
10.254940, 213.07590, 16.922401, 221.75199, 221.73748,
10.262990, 212.24911, 18.561846, 221.15842, 221.14586,
10.271030, 209.56442, 18.702400, 220.59746, 220.58717,
10.279070, 210.80869, 17.768959, 220.06622, 220.05849,
10.287120, 228.74644, 19.461309, 219.56178, 219.55687,
10.295150, 217.15767, 21.394009, 219.08379, 219.08189,
10.303190, 232.29422, 21.291155, 218.62831, 218.62959,
10.311230, 241.60330, 20.820808, 218.19907, 218.20366,
10.319270, 218.48352, 22.062714, 217.80571, 217.81370,
10.327300, 206.76201, 21.437990, 217.45889, 217.47033,
10.335340, 215.44511, 21.911472, 217.16795, 217.18284,
10.343370, 218.21480, 20.805384, 216.94375, 216.96204,
10.351400, 223.14264, 22.739040, 216.79619, 216.81774,
10.359430, 215.77173, 23.150133, 216.73546, 216.76006,
10.367460, 222.27145, 21.829353, 216.77181, 216.79917,
10.375480, 196.39072, 21.081013, 216.91527, 216.94495,
10.383510, 204.52724, 23.762959, 217.17650, 217.20797,
10.391530, 185.35399, 22.278959, 217.56520, 217.59776,
10.399560, 207.94598, 18.521858, 218.09265, 218.12544,
10.407580, 215.31953, 16.958549, 218.76799, 218.79995,
10.415600, 188.53606, 17.751774, 219.60208, 219.63194,
10.423620, 223.09584, 19.107244, 220.60557, 220.63180,
10.431640, 217.35559, 18.185537, 221.78874, 221.80956,
10.439650, 230.19290, 18.344341, 223.16049, 223.17381,
10.447670, 243.56731, 18.896742, 224.73490, 224.73829,
10.455680, 219.83972, 17.740723, 226.51727, 226.50801,
10.463700, 225.90726, 17.334625, 228.50972, 228.48531,
10.471710, 229.78841, 18.967646, 230.69762, 230.65612,
10.479720, 245.94643, 20.009581, 233.07400, 233.01396,
10.487730, 237.42113, 19.253305, 235.62945, 235.54992,
10.495730, 249.69458, 19.215883, 238.35131, 238.25179,
10.503740, 241.52930, 18.959869, 241.23678, 241.11713,
10.511750, 250.94310, 25.201525, 244.27344, 244.13398,
10.519750, 247.76137, 21.916054, 247.44786, 247.28927,
10.527750, 232.70502, 22.814589, 250.75516, 250.57845,
10.535750, 257.65240, 28.451191, 254.18589, 253.99237,
10.543750, 268.12750, 26.714172, 257.73053, 257.52186,
10.551750, 283.89468, 30.588476, 261.38090, 261.15898,
10.559750, 283.17447, 33.783585, 265.12713, 264.89414,
10.567850, 281.96130, 17.910164, 269.00963, 268.76791,
10.576350, 294.26285, 18.472076, 273.16973, 272.92181,
10.584840, 288.13095, 18.075729, 277.40218, 277.15134,
10.593340, 292.95862, 16.503759, 281.70675, 281.45652,
10.601830, 305.81250, 16.514795, 286.06217, 285.81633,
10.610330, 309.83414, 17.878666, 290.46856, 290.23113,
10.618820, 305.01767, 17.235123, 294.90493, 294.68013,
10.627310, 307.06146, 15.888694, 299.36509, 299.15738,
10.635800, 294.17450, 16.165062, 303.83948, 303.65352,
10.644280, 301.08063, 17.378468, 308.31147, 308.15209,
10.652770, 318.84357, 16.795717, 312.78106, 312.65338,
10.661250, 313.44333, 15.708771, 317.22764, 317.13692,
10.669740, 316.83679, 16.922215, 321.65064, 321.60244,
10.678220, 321.65311, 17.731924, 326.02956, 326.02956,
10.686700, 321.99017, 16.267414, 330.36070, 330.41476,
10.695180, 314.53326, 15.950766, 334.64292, 334.75663,
10.703650, 332.27408, 17.479132, 338.87224, 339.05075,
10.712130, 357.42520, 18.116070, 343.05842, 343.30667,
10.720600, 360.61133, 16.935024, 347.19371, 347.51615,
10.729080, 361.49234, 17.061636, 351.28764, 351.68854,
10.737550, 364.00598, 18.182652, 355.33122, 355.81435,
10.746020, 384.90152, 17.983269, 359.33067, 359.89959,
10.754490, 364.35437, 16.763805, 363.28574, 363.94367,
10.762960, 358.02850, 17.145493, 367.19795, 367.94785,
10.771420, 361.56888, 18.497059, 371.06229, 371.90668,
10.779890, 354.93597, 17.700897, 374.88983, 375.83119,
10.788350, 359.00098, 17.424288, 378.67124, 379.71155,
10.796810, 358.93576, 18.417595, 382.41187, 383.55296,
10.805270, 370.86469, 19.883949, 386.11231, 387.35573,
10.813730, 358.79907, 18.649523, 389.77310, 391.12018,
10.822190, 368.46097, 18.628172, 393.39480, 394.84661,
10.830650, 356.00851, 20.105558, 396.97795, 398.53532,
10.839100, 386.25073, 21.228302, 400.51869, 402.18210,
10.847560, 382.85565, 19.869616, 404.02633, 405.79631,
10.856010, 374.97708, 20.131485, 407.49306, 409.36966,
10.864460, 398.49936, 23.021929, 410.92297, 412.90614,
10.872910, 420.50671, 23.958038, 414.31691, 416.40642,
10.881360, 421.69534, 22.515198, 417.67574, 419.87118,
10.889800, 427.12619, 23.852142, 420.99542, 423.29605,
10.898250, 445.03751, 26.439531, 424.28428, 426.68943,
10.906690, 447.98004, 26.704948, 427.53533, 430.04391,
10.915140, 496.19025, 26.244276, 430.75670, 433.36770,
10.923580, 500.91293, 28.628347, 433.94080, 436.65281,
10.932020, 507.26309, 31.850548, 437.09206, 439.90362,
10.940460, 523.92273, 30.305981, 440.21087, 443.12039,
10.948890, 540.68628, 32.046707, 443.29380, 446.29941,
10.957330, 558.91571, 34.980740, 446.34889, 449.44884,
10.965760, 651.85657, 29.332285, 449.36925, 452.56141,
10.974200, 730.49689, 28.327808, 452.36206, 455.64441,
10.982630, 798.73401, 27.638348, 455.32058, 458.69073,
10.991060, 829.49103, 27.590633, 458.24920, 461.70480,
10.999490, 829.37201, 26.776203, 461.14759, 464.68613,
11.007920, 815.06812, 30.874958, 464.01671, 467.63563,
11.016340, 790.46558, 24.814011, 466.85304, 470.54953,
11.024770, 778.49139, 26.521662, 469.66362, 473.43499,
11.033190, 766.08276, 28.446262, 472.44237, 476.28566,
11.041610, 756.96283, 28.862663, 475.19278, 479.10503,
11.050030, 742.72949, 30.214195, 477.91510, 481.89329,
11.058450, 726.04907, 29.646292, 480.60962, 484.65061,
11.066870, 723.47791, 31.435028, 483.27657, 487.37719,
11.075290, 724.71021, 31.581686, 485.91621, 490.07320,
11.083700, 693.90082, 29.935549, 488.52583, 492.73581,
11.092120, 700.08942, 31.950756, 491.11157, 495.37123,
11.100530, 740.35101, 33.261536, 493.66751, 497.97338,
11.108940, 779.57263, 34.781998, 496.19738, 500.54599,
11.117350, 822.38293, 48.390343, 498.70083, 503.08866,
11.120570, 877.89233, 28.772556, 499.65268, 504.05459,
11.129530, 930.23431, 27.400511, 502.28085, 506.71918,
11.138500, 1011.7961, 27.720392, 504.88290, 509.35360,
11.147460, 1116.8972, 29.548378, 507.45295, 511.95185,
11.156430, 1348.0513, 32.330101, 509.99723, 514.52021,
11.165390, 1516.7568, 31.751217, 512.50997, 517.05282,
11.174350, 1828.7749, 33.558285, 514.99437, 519.55288,
11.183300, 2175.3662, 37.801941, 517.44798, 522.01794,
11.192260, 2562.5203, 40.658298, 519.87622, 524.45341,
11.201220, 2784.3049, 40.011372, 522.27659, 526.85679,
11.210170, 2764.0034, 39.146297, 524.64674, 529.22573,
11.219120, 2835.8276, 41.488094, 526.98937, 531.56293,
11.228070, 2832.9680, 41.231789, 529.30461, 533.86855,
11.237020, 2903.7485, 39.069958, 531.59234, 536.14248,
11.245970, 2875.4871, 39.094048, 533.85314, 538.38532,
11.254920, 2837.4106, 39.993893, 536.08688, 540.59696,
11.263860, 2759.8550, 38.961205, 538.29107, 542.77498,
11.272800, 2680.3467, 36.634048, 540.46865, 544.92234,
11.281750, 2564.4219, 36.406082, 542.62152, 547.04093,
11.290690, 2419.1987, 36.535778, 544.74560, 549.12679,
11.299630, 2331.1313, 35.568287, 546.84280, 551.18186,
11.308560, 2184.3723, 33.317490, 548.91120, 553.20432,
11.317500, 2056.4800, 32.709526, 550.95526, 555.19859,
11.326430, 1936.6028, 33.256065, 552.97062, 557.16049,
11.335370, 1851.8534, 32.104221, 554.96163, 559.09431,
11.344300, 1730.2651, 29.920164, 556.92403, 560.99600,
11.353230, 1639.9175, 29.416122, 558.85996, 562.86773,
11.362160, 1566.6195, 30.197859, 560.76920, 564.70937,
11.371080, 1502.7297, 29.112532, 562.65016, 566.51946,
11.380010, 1431.0217, 27.333345, 564.50642, 568.30155,
11.388930, 1360.3151, 27.195272, 566.33437, 570.05229,
11.397850, 1317.4270, 28.113451, 568.13557, 571.77327,
11.406780, 1272.7550, 27.399590, 569.91224, 573.46672,
11.415700, 1225.3232, 25.984180, 571.66014, 575.12869,
11.424610, 1154.3801, 26.002909, 573.37946, 576.75952,
11.433530, 1142.0038, 27.300037, 575.07382, 578.36273,
11.442450, 1096.0312, 26.713646, 576.74125, 579.93661,
11.451360, 1061.8937, 25.112946, 578.37992, 581.47956,
11.460270, 1007.7639, 25.550032, 579.99152, 582.99329,
11.469180, 994.61603, 26.507261, 581.57593, 584.47785,
11.478090, 974.13184, 26.976444, 583.13302, 585.93324,
11.487000, 913.01367, 24.556973, 584.66265, 587.35949,
11.495910, 888.32507, 25.756632, 586.16451, 588.75647,
11.504810, 853.96362, 26.544243, 587.63722, 590.12304,
11.513710, 866.31586, 27.365974, 589.08190, 591.46042,
11.522620, 826.24969, 26.133142, 590.50021, 592.77028,
11.531520, 807.88947, 25.782242, 591.88860, 594.04955,
11.540420, 783.63696, 27.938271, 593.24859, 595.29977,
11.549310, 795.27087, 28.018578, 594.57855, 596.51964,
11.558210, 761.59619, 27.416124, 595.88126, 597.71190,
11.567100, 761.99048, 27.801682, 597.15329, 598.87360,
11.576000, 745.28833, 30.017555, 598.39770, 600.00769,
11.584890, 733.68292, 27.674526, 599.61115, 601.11137,
11.593780, 699.48724, 29.631039, 600.79477, 602.18584,
11.602670, 677.10022, 29.256163, 601.94855, 603.23130,
11.611560, 658.49268, 31.532061, 603.07208, 604.24759,
11.620440, 665.68567, 32.292183, 604.16381, 605.23354,
11.629330, 652.65741, 32.254082, 605.22603, 606.19142,
11.638210, 635.84753, 32.413643, 606.25604, 607.11902,
11.647090, 624.05444, 34.734058, 607.25457, 608.01724,
11.655970, 637.73560, 36.529648, 608.22143, 608.88613,
11.664850, 619.12292, 28.367275, 609.15637, 609.72571,
11.673730, 620.91144, 21.307644, 610.05885, 610.53574,
11.682600, 620.68530, 23.469593, 610.92771, 611.31542,
11.691480, 623.54620, 24.303453, 611.76443, 612.06636,
11.700350, 617.40167, 24.617146, 612.56686, 612.78687,
11.709220, 625.49640, 24.130543, 613.33552, 613.47769,
11.718090, 605.48260, 24.411613, 614.07001, 614.13874,
11.726960, 614.46753, 26.571209, 614.76993, 614.76993,
11.735830, 633.30597, 28.023750, 615.43501, 615.37124,
11.744690, 617.89563, 29.226883, 616.06491, 615.94225,
11.753560, 598.27905, 28.688473, 616.66164, 616.48463,
11.762420, 608.58472, 30.994978, 617.22432, 616.99740,
11.771280, 600.16455, 47.189800, 617.75422, 617.48157,
11.775020, 608.47485, 20.758345, 617.96812, 617.67737,
11.784500, 607.73010, 21.512840, 618.48484, 618.15131,
11.793980, 630.08679, 21.926855, 618.96531, 618.59324,
11.803460, 630.58813, 26.135084, 619.41019, 619.00360,
11.812940, 601.46039, 19.580727, 619.81995, 619.38266,
11.822420, 600.19586, 20.186682, 620.19522, 619.73083,
11.831890, 637.64423, 20.602377, 620.53612, 620.04809,
11.841360, 659.03241, 20.028234, 620.84360, 620.33516,
11.850840, 658.00122, 19.498764, 621.11843, 620.59262,
11.860310, 672.61591, 20.254799, 621.36055, 620.82028,
11.869770, 655.89301, 20.009499, 621.57052, 621.01853,
11.879240, 694.44629, 19.904470, 621.74924, 621.18811,
11.888710, 684.40967, 19.052967, 621.89694, 621.32909,
11.898170, 691.61823, 19.691322, 622.01395, 621.44169,
11.907630, 683.14532, 19.987736, 622.10086, 621.52635,
11.917090, 706.37512, 19.537533, 622.15810, 621.58340,
11.926550, 695.32129, 18.940496, 622.18607, 621.61310,
11.936010, 703.86267, 19.252474, 622.18517, 621.61576,
11.945470, 712.61798, 19.869064, 622.15578, 621.59166,
11.954920, 721.36658, 19.553461, 622.09835, 621.54114,
11.964370, 722.88348, 19.001038, 622.01322, 621.46447,
11.973830, 703.56738, 18.758526, 621.90061, 621.36178,
11.983280, 712.43475, 19.609249, 621.76110, 621.23358,
11.992720, 717.02277, 19.408594, 621.59511, 621.08022,
12.002170, 704.79773, 18.710413, 621.40261, 620.90160,
12.011610, 707.38275, 18.897266, 621.18428, 620.69836,
12.021060, 688.82361, 19.412014, 620.94000, 620.47034,
12.030500, 678.69348, 19.116140, 620.67055, 620.21825,
12.039940, 681.95813, 18.841579, 620.37601, 619.94214,
12.049380, 680.23920, 18.632429, 620.05658, 619.64219,
12.058820, 680.99170, 19.625933, 619.71258, 619.31871,
12.068250, 677.25494, 19.816675, 619.34463, 618.97225,
12.077690, 674.66046, 19.407181, 618.95218, 618.60231,
12.087120, 651.23126, 18.621216, 618.53633, 618.20994,
12.096550, 647.78094, 19.481367, 618.09689, 617.79495,
12.105980, 641.74133, 20.181942, 617.63406, 617.35757,
12.115410, 644.73792, 19.692884, 617.14806, 616.89801,
12.124830, 636.11108, 19.587364, 616.63959, 616.41697,
12.134260, 637.81500, 20.204004, 616.10784, 615.91370,
12.143680, 632.62781, 21.016047, 615.55409, 615.38946,
12.153100, 631.37476, 21.668293, 614.97789, 614.84386,
12.162520, 607.63116, 25.696007, 614.37945, 614.27714,
12.171940, 618.73633, 20.729282, 613.75898, 613.68956,
12.181360, 610.28192, 21.544249, 613.11652, 613.08119,
12.190770, 619.17200, 22.037525, 612.45299, 612.45299,
12.200180, 582.39105, 21.171841, 611.76789, 611.80449,
12.209600, 592.87982, 21.683775, 611.06073, 611.13514,
12.219010, 579.95758, 22.457996, 610.33346, 610.44668,
12.228420, 609.21564, 24.038055, 609.58568, 609.73858,
12.237820, 595.54413, 23.646755, 608.81861, 609.01189,
12.247230, 614.14404, 23.483463, 608.03088, 608.26520,
12.256630, 618.91260, 24.472431, 607.22451, 607.50032,
12.266040, 875.01239, 29.280190, 606.39819, 606.71591,
12.275440, 1369.0168, 35.261814, 605.55392, 605.91376,
12.284840, 1012.8195, 31.520943, 604.69128, 605.09339,
12.294230, 665.55554, 27.391472, 603.81132, 604.25568,
12.303630, 635.72626, 36.139549, 602.91272, 603.39930,
12.313030, 654.69611, 31.398735, 601.99648, 602.52513,
12.322420, 665.37457, 37.143791, 601.06404, 601.63444,
12.331810, 664.51099, 23.612282, 600.11467, 600.72646,
12.341200, 668.79797, 19.917568, 599.14865, 599.80139,
12.350590, 678.97858, 20.869135, 598.16624, 598.85941,
12.359980, 685.22107, 21.434004, 597.16771, 597.90069,
12.369360, 711.01129, 21.965630, 596.15436, 596.92644,
12.378750, 708.46967, 21.925539, 595.12438, 595.93483,
12.388130, 686.36670, 22.329903, 594.08010, 594.92806,
12.397510, 681.29156, 24.458897, 593.02085, 593.90542,
12.406890, 700.71448, 23.481255, 591.94663, 592.86686,
12.416270, 713.49805, 22.922951, 590.85778, 591.81266,
12.425640, 715.61554, 24.880503, 589.75577, 590.74418,
12.435020, 729.11975, 25.210320, 588.63835, 589.65921,
12.444390, 743.82758, 26.439045, 587.50823, 588.56032,
12.453760, 744.54987, 22.690670, 586.36438, 587.44648,
12.463130, 745.92712, 39.588039, 585.20699, 586.31784,
12.472500, 762.11536, 28.215897, 584.03626, 585.17455,
12.481870, 764.21606, 30.212711, 582.85239, 584.01677,
12.489420, 767.55261, 22.102127, 581.88899, 583.07338,
12.499490, 798.55115, 22.882845, 580.59116, 581.80082,
12.509550, 829.91711, 22.515696, 579.28000, 580.51324,
12.519610, 841.05096, 21.802614, 577.95451, 579.20963,
12.529670, 840.56787, 21.715055, 576.61502, 577.89028,
12.539730, 860.40302, 22.807983, 575.26147, 576.55512,
12.549780, 874.96259, 23.201416, 573.89563, 575.20585,
12.559840, 886.04370, 21.828016, 572.51482, 573.83984,
12.569890, 906.30701, 21.620361, 571.12212, 572.46009,
12.579940, 909.54865, 22.158449, 569.71627, 571.06535,
12.589990, 933.10016, 22.467710, 568.29744, 569.65578,
12.600040, 946.78607, 22.064213, 566.86565, 568.23139,
12.610090, 951.26276, 22.036900, 565.42135, 566.79263,
12.620130, 968.43768, 23.230595, 563.96607, 565.34101,
12.630170, 992.82654, 22.476673, 562.49834, 563.87507,
12.640210, 1009.9206, 22.642494, 561.01842, 562.39507,
12.650250, 1005.7482, 21.563099, 559.52645, 560.90118,
12.660290, 1027.4382, 21.654343, 558.02272, 559.39367,
12.670330, 1051.8037, 22.187128, 556.50707, 557.87239,
12.680360, 1107.3781, 22.944309, 554.98136, 556.33925,
12.690390, 1170.4690, 22.851212, 553.44414, 554.79277,
12.700420, 1192.1866, 22.707603, 551.89537, 553.23296,
12.710450, 1201.5634, 23.007393, 550.33545, 551.66024,
12.720480, 1216.6783, 24.738461, 548.76434, 550.07458,
12.730500, 1256.0571, 30.639938, 547.18365, 548.47764,
12.740530, 1223.8832, 23.088856, 545.59046, 546.86650,
12.750550, 1198.8392, 22.511715, 543.98790, 545.24435,
12.760570, 1212.4576, 23.320522, 542.37468, 543.60993,
12.770590, 1220.9478, 23.536318, 540.75059, 541.96305,
12.780610, 1204.5278, 23.188627, 539.11585, 540.30398,
12.790620, 1178.3416, 23.271542, 537.47225, 538.63458,
12.800640, 1122.6887, 22.461329, 535.81643, 536.95148,
12.810650, 1107.5537, 22.860485, 534.15191, 535.25829,
12.820660, 1056.9243, 22.453892, 532.47701, 533.55337,
12.830670, 1001.1902, 21.302238, 530.79163, 531.83665,
12.840680, 935.18591, 20.896477, 529.09614, 530.10858,
12.850680, 881.94000, 20.931467, 527.39205, 528.37074,
12.860690, 827.96704, 20.862690, 525.67615, 526.61992,
12.870690, 771.30084, 19.899019, 523.95174, 524.85955,
12.880690, 734.53931, 19.405144, 522.21739, 523.08823,
12.890690, 698.81561, 19.302622, 520.47280, 521.30571,
12.900680, 652.96924, 19.404018, 518.72000, 519.51415,
12.910680, 635.98035, 19.364517, 516.95532, 517.70986,
12.920670, 629.25757, 18.924496, 515.18248, 515.89672,
12.930670, 583.64014, 18.476950, 513.39777, 514.07100,
12.940660, 566.40607, 18.930477, 511.60476, 512.23645,
12.950640, 555.39258, 19.445086, 509.80382, 510.39351,
12.960630, 530.55328, 18.803152, 507.99083, 508.53805,
12.970620, 535.62830, 18.856630, 506.16801, 506.67243,
12.980600, 537.58960, 19.437759, 504.33692, 504.79835,
12.990580, 543.61993, 20.649952, 502.49600, 502.91427,
13.000560, 510.80600, 19.984905, 500.64486, 501.01992,
13.010540, 504.14728, 20.021345, 498.78367, 499.11554,
13.020520, 508.68033, 19.906769, 496.91239, 497.20119,
13.030490, 503.08572, 20.902912, 495.03296, 495.27898,
13.040470, 498.06461, 21.696896, 493.14140, 493.34492,
13.050440, 496.23181, 22.071035, 491.24165, 491.40315,
13.060410, 475.08649, 21.410610, 489.33166, 489.45168,
13.070380, 471.40152, 21.674639, 487.41121, 487.49041,
13.080350, 507.73431, 23.824337, 485.48061, 485.51975,
13.090310, 475.10480, 23.955498, 483.54148, 483.54148,
13.100280, 487.27939, 24.339561, 481.59014, 481.55194,
13.110240, 473.46338, 23.967751, 479.63078, 479.55542,
13.120200, 470.81903, 25.041088, 477.66210, 477.55054,
13.130160, 478.26321, 26.589243, 475.68464, 475.53785,
13.140110, 477.12863, 21.094749, 473.70104, 473.52002,
13.150070, 467.79721, 16.395145, 471.70766, 471.49334,
13.160020, 462.98175, 17.164047, 469.70924, 469.46261,
13.169980, 462.20099, 19.294992, 467.70210, 467.42409,
13.179930, 460.08203, 18.716051, 465.69099, 465.38261,
13.189870, 452.43958, 19.019592, 463.67628, 463.33851,
13.199820, 472.18524, 19.310299, 461.65462, 461.28842,
13.209770, 459.81253, 19.011770, 459.62827, 459.23461,
13.219710, 452.42618, 19.177185, 457.60009, 457.18000,
13.229650, 459.85007, 20.553371, 455.56865, 455.12314,
13.239590, 461.90125, 20.915897, 453.53410, 453.06416,
13.249530, 447.15085, 20.517891, 451.49713, 451.00381,
13.259470, 433.79428, 20.121723, 449.45827, 448.94259,
13.269410, 437.10379, 21.645565, 447.41803, 446.88105,
13.279340, 457.86282, 25.078178, 445.37907, 444.82188,
13.289270, 440.73712, 25.002686, 443.33956, 442.76323,
13.299200, 434.55444, 25.334721, 441.30041, 440.70604,
13.309130, 441.10828, 27.329285, 439.26192, 438.65063,
13.318260, 446.70956, 18.437647, 437.38854, 436.76267,
13.328980, 442.93378, 17.661478, 435.19077, 434.54902,
13.339690, 445.93579, 18.098394, 432.99772, 432.34146,
13.350400, 452.46423, 18.849487, 430.80789, 430.13847,
13.361120, 448.33752, 18.522373, 428.61978, 427.93857,
13.371830, 454.14178, 17.588438, 426.43832, 425.74672,
13.382530, 447.56509, 17.390211, 424.26395, 423.56340,
13.393240, 448.73120, 18.113703, 422.09346, 421.38536,
13.403940, 452.55676, 18.499250, 419.93136, 419.21716,
13.414650, 456.38632, 19.220282, 417.77446, 417.05560,
13.425350, 451.15497, 17.494938, 415.62726, 414.90520,
13.436050, 477.72559, 18.125778, 413.48850, 412.76471,
13.446740, 477.17773, 18.510962, 411.36094, 410.63688,
13.457440, 495.93060, 19.301420, 409.24106, 408.51822,
13.468130, 509.16229, 18.730061, 407.13372, 406.41355,
13.478830, 507.47870, 18.435995, 405.03544, 404.31942,
13.489520, 507.34589, 18.549004, 402.95104, 402.24062,
13.500200, 502.92511, 19.196136, 400.88099, 400.17762,
13.510890, 525.59235, 19.421101, 398.82228, 398.12741,
13.521570, 541.74036, 19.245731, 396.77930, 396.09434,
13.532260, 560.09998, 19.175556, 394.74910, 394.07548,
13.542940, 549.78320, 19.180555, 392.73604, 392.07511,
13.553620, 556.06439, 20.094360, 390.73900, 390.09212,
13.564290, 538.08514, 19.354670, 388.76067, 388.12915,
13.574970, 528.24768, 18.670963, 386.79790, 386.18303,
13.585640, 519.75452, 17.984140, 384.85528, 384.25828,
13.596320, 510.87701, 18.473267, 382.92975, 382.35184,
13.606990, 502.77374, 18.557785, 381.02587, 380.46817,
13.617650, 490.32788, 18.089859, 379.14417, 378.60775,
13.628320, 484.41199, 17.245697, 377.28209, 376.76798,
13.638980, 467.88943, 17.048096, 375.44373, 374.95286,
13.649650, 460.58353, 17.229374, 373.62661, 373.15989,
13.660310, 448.31424, 18.522682, 371.83481, 371.39300,
13.670970, 435.27551, 19.726728, 370.06750, 369.65131,
13.681630, 439.37091, 16.381710, 368.32553, 367.93556,
13.692280, 415.46655, 16.368639, 366.61142, 366.24816,
13.702940, 401.25079, 16.288971, 364.92266, 364.58653,
13.713590, 383.45398, 16.689270, 363.26345, 362.95469,
13.724240, 397.24039, 16.442129, 361.63284, 361.35162,
13.734890, 383.40408, 16.078703, 360.03204, 359.77837,
13.745530, 373.87299, 16.074280, 358.46321, 358.23693,
13.756180, 377.39481, 16.524948, 356.92446, 356.72533,
13.766820, 369.41824, 17.102707, 355.41949, 355.24704,
13.777460, 361.37381, 16.974804, 353.94786, 353.80150,
13.788100, 357.19232, 15.849577, 352.51056, 352.38948,
13.798740, 345.24539, 14.566744, 351.10857, 351.01181,
13.809380, 343.52301, 16.369396, 349.74301, 349.66939,
13.820010, 356.70050, 17.315702, 348.41586, 348.36397,
13.830640, 346.62833, 16.507135, 347.12713, 347.09537,
13.841270, 345.49808, 16.883615, 345.87767, 345.86420,
13.851900, 338.16165, 16.836269, 344.66876, 344.67150,
13.862530, 335.86005, 20.735172, 343.50073, 343.51745,
13.873150, 337.54391, 17.960073, 342.37339, 342.40203,
13.883780, 347.09940, 18.437447, 341.28336, 341.32206,
13.894400, 327.84485, 17.839819, 340.23125, 340.27830,
13.905020, 329.04382, 18.365005, 339.21472, 339.26858,
13.915640, 346.92828, 18.706417, 338.23247, 338.29176,
13.926250, 352.55521, 19.920547, 337.28402, 337.34750,
13.936870, 356.51297, 20.351925, 336.36649, 336.43304,
13.947480, 361.22675, 19.665447, 335.48009, 335.54873,
13.958090, 364.41772, 21.135021, 334.62288, 334.69273,
13.968700, 350.06354, 21.305565, 333.79349, 333.86378,
13.979310, 353.21869, 22.411486, 332.99084, 333.06090,
13.989910, 340.57788, 21.412380, 332.21433, 332.28358,
14.000520, 342.13083, 20.540850, 331.46137, 331.52930,
14.011120, 340.19147, 22.740839, 330.73214, 330.79832,
14.021720, 352.82666, 23.560379, 330.02477, 330.08885,
14.032320, 365.09644, 26.132538, 329.33811, 329.39978,
14.042920, 356.90259, 24.861336, 328.67100, 328.73001,
14.053510, 335.92163, 25.270641, 328.02295, 328.07910,
14.064110, 349.58072, 25.123245, 327.39152, 327.44467,
14.074700, 345.76337, 27.310688, 326.77681, 326.82684,
14.085290, 331.58820, 29.797333, 326.17718, 326.22400,
14.095870, 326.76016, 20.971668, 325.59198, 325.63554,
14.106460, 341.07260, 17.444601, 325.01906, 325.05934,
14.117040, 344.33359, 17.243639, 324.45837, 324.49536,
14.127630, 335.77893, 17.590248, 323.90775, 323.94147,
14.138210, 334.45734, 18.718544, 323.36723, 323.39770,
14.148790, 334.97928, 19.498734, 322.83518, 322.86244,
14.159370, 354.77283, 19.429136, 322.31052, 322.33463,
14.169940, 364.59290, 20.358257, 321.79270, 321.81371,
14.180520, 389.94354, 39.459213, 321.27963, 321.29761,
14.182090, 389.56320, 17.386530, 321.20390, 321.22143,
14.193560, 378.69284, 16.327551, 320.65297, 320.66731,
14.205030, 370.41809, 16.845461, 320.10541, 320.11664,
14.216500, 352.13263, 17.185871, 319.55996, 319.56817,
14.227970, 388.48563, 17.395370, 319.01523, 319.02051,
14.239430, 373.59055, 16.179434, 318.47033, 318.47277,
14.250890, 354.93307, 15.304920, 317.92350, 317.92321,
14.262350, 342.50885, 15.874524, 317.37332, 317.37039,
14.273810, 347.07269, 16.298016, 316.81849, 316.81302,
14.285270, 338.21631, 16.245770, 316.25769, 316.24980,
14.296730, 333.32214, 14.943374, 315.68950, 315.67930,
14.308180, 337.77243, 14.714703, 315.11313, 315.10075,
14.319630, 337.92032, 15.076077, 314.52670, 314.51229,
14.331080, 330.22415, 15.794211, 313.92882, 313.91253,
14.342530, 330.26428, 15.523426, 313.31820, 313.30021,
14.353970, 315.16248, 14.315103, 312.69401, 312.67452,
14.365410, 325.72180, 14.322332, 312.05425, 312.03349,
14.376860, 325.53409, 14.542783, 311.39704, 311.37528,
14.388300, 309.00674, 15.094578, 310.72206, 310.69961,
14.399730, 309.59418, 14.950752, 310.02802, 310.00524,
14.411170, 309.11206, 14.208666, 309.31223, 309.28952,
14.422600, 297.91705, 13.745034, 308.57457, 308.55240,
14.434030, 310.60843, 14.294861, 307.81296, 307.79186,
14.445460, 312.30103, 15.345795, 307.02586, 307.00646,
14.456890, 305.88025, 15.087485, 306.21196, 306.19494,
14.468320, 312.03601, 14.885703, 305.36969, 305.35585,
14.479740, 315.83066, 14.498302, 304.49831, 304.48854,
14.491160, 309.47382, 14.769567, 303.59561, 303.59092,
14.502580, 303.03171, 15.711429, 302.66016, 302.66167,
14.514000, 309.33157, 15.951633, 301.69168, 301.70057,
14.525420, 308.27219, 15.602818, 300.69306, 300.71040,
14.536830, 301.54697, 14.625872, 299.66843, 299.69514,
14.548240, 285.01569, 14.839697, 298.62004, 298.65692,
14.559650, 282.07892, 16.609739, 297.55093, 297.59866,
14.571060, 285.11481, 15.305824, 296.46439, 296.52356,
14.582470, 303.55646, 15.134113, 295.36345, 295.43453,
14.593870, 282.17966, 13.718497, 294.25215, 294.33552,
14.605270, 285.53903, 13.851798, 293.13266, 293.22861,
14.616670, 286.15161, 14.075897, 292.00817, 292.11689,
14.628070, 280.87973, 14.528293, 290.88156, 291.00317,
14.639470, 291.02188, 14.370486, 289.75601, 289.89054,
14.650860, 284.10947, 13.794210, 288.63564, 288.78300,
14.662260, 286.72614, 13.759089, 287.52146, 287.68151,
14.673650, 270.55298, 13.282425, 286.41860, 286.59109,
14.685040, 283.49521, 14.173002, 285.32903, 285.51362,
14.696420, 293.38736, 14.730350, 284.25701, 284.45325,
14.707810, 284.07129, 14.028045, 283.20347, 283.41084,
14.719190, 282.11615, 13.899745, 282.17365, 282.39147,
14.730570, 286.28323, 14.212342, 281.16951, 281.39701,
14.741950, 282.98657, 15.677526, 280.19426, 280.43055,
14.753330, 284.42639, 14.862914, 279.25105, 279.49509,
14.764700, 286.72644, 14.721354, 278.34388, 278.59447,
14.776080, 288.05280, 13.980021, 277.47424, 277.73005,
14.787450, 283.19989, 14.146339, 276.64694, 276.90645,
14.798820, 272.25003, 15.326860, 275.86439, 276.12589,
14.810190, 270.25748, 15.318932, 275.12976, 275.39135,
14.821550, 275.43924, 15.253798, 274.44700, 274.70656,
14.832920, 271.14792, 15.200388, 273.81820, 274.07337,
14.844280, 270.73618, 15.038840, 273.24774, 273.49591,
14.855640, 265.25562, 16.344774, 272.73842, 272.97671,
14.866990, 272.28503, 16.471636, 272.29400, 272.51925,
14.878350, 270.77194, 16.651882, 271.91709, 272.12579,
14.889710, 282.82822, 16.577663, 271.61158, 271.79990,
14.901060, 271.71082, 16.311777, 271.38115, 271.54492,
14.912410, 267.11777, 17.190996, 271.22902, 271.36365,
14.923760, 273.55206, 17.934395, 271.15875, 271.25926,
14.935100, 275.97949, 18.948265, 271.17393, 271.23491,
14.946450, 279.36575, 18.775709, 271.27824, 271.29375,
14.957790, 266.57053, 18.592978, 271.47465, 271.43845,
14.969130, 255.95071, 18.974150, 271.76042, 271.66707,
14.980470, 286.93628, 19.867565, 272.12923, 271.97487,
14.991810, 278.77139, 22.529167, 272.57469, 272.35704,
15.003140, 261.21564, 20.484428, 273.08999, 272.80839,
15.014480, 263.30011, 19.887548, 273.66967, 273.32486,
15.025810, 263.00146, 21.084335, 274.30660, 273.90092,
15.037140, 278.65359, 21.671467, 274.99493, 274.53215,
15.048460, 285.41614, 23.648838, 275.72789, 275.21328,
15.059790, 276.16965, 23.556206, 276.50056, 275.94077,
15.071110, 291.36310, 24.199440, 277.30552, 276.70870,
15.082440, 277.47586, 17.594154, 278.13807, 277.51374,
15.093750, 269.66315, 14.817139, 278.98980, 278.34894,
15.105070, 269.84616, 15.856291, 279.85697, 279.21193,
15.116390, 281.96796, 16.942451, 280.73272, 280.09729,
15.127700, 286.34335, 17.233934, 281.61018, 280.99953,
15.139020, 280.81345, 18.208815, 282.48493, 281.91567,
15.150330, 281.70099, 17.955456, 283.34928, 282.83938,
15.162390, 275.73010, 19.601475, 284.25363, 283.82846,
15.174730, 278.05740, 19.253445, 285.15294, 284.83913,
15.187070, 283.44696, 20.211143, 286.01798, 285.84235,
15.199410, 295.10208, 21.595484, 286.84097, 286.83225,
15.211740, 275.46030, 22.465181, 287.61495, 287.80276,
15.224080, 269.10983, 19.844313, 288.34306, 288.75478,
15.236410, 284.67108, 19.164957, 289.02798, 289.68693,
15.248740, 295.06293, 20.074440, 289.67430, 290.60033,
15.261060, 306.01712, 21.573507, 290.28544, 291.49452,
15.273390, 300.20773, 20.534159, 290.86634, 292.37134,
15.285710, 308.06058, 19.678177, 291.41993, 293.22964,
15.298030, 297.51831, 17.763741, 291.95049, 294.07034,
15.310350, 279.54401, 17.095114, 292.46194, 294.89384,
15.322660, 275.60706, 17.471329, 292.95765, 295.69967,
15.334980, 280.95599, 17.787453, 293.44225, 296.48943,
15.347290, 300.78998, 18.072014, 293.91879, 297.26216,
15.359600, 281.74213, 15.952757, 294.39145, 298.01874,
15.371900, 282.56915, 15.895617, 294.86362, 298.75880,
15.384210, 291.83838, 16.601028, 295.33989, 299.48387,
15.396510, 281.95166, 16.637941, 295.82329, 300.19302,
15.408810, 317.72369, 18.132156, 296.31792, 300.88700,
15.421110, 308.36404, 16.331049, 296.82768, 301.56617,
15.433410, 289.21881, 15.093758, 297.35629, 302.23066,
15.445700, 300.45892, 15.480433, 297.90718, 302.88026,
15.457990, 303.60925, 16.298410, 298.48457, 303.51573,
15.470280, 315.94070, 17.442337, 299.09231, 304.13729,
15.482570, 298.64233, 16.143408, 299.73426, 304.74517,
15.494860, 295.10114, 15.381760, 300.41430, 305.33958,
15.507140, 314.86530, 15.511618, 301.13578, 305.92031,
15.519420, 298.62143, 15.455434, 301.90307, 306.48798,
15.531700, 298.91687, 15.987746, 302.72025, 307.04290,
15.543980, 301.03784, 16.089319, 303.59117, 307.58518,
15.556260, 313.82239, 15.580011, 304.52000, 308.11511,
15.568530, 311.65125, 14.635033, 305.50987, 308.63242,
15.580800, 303.75864, 14.782162, 306.56563, 309.13776,
15.593070, 297.24744, 15.629778, 307.69141, 309.63131,
15.605340, 315.16589, 16.336515, 308.89128, 310.11329,
15.617600, 309.88284, 15.965412, 310.16508, 310.58350,
15.629860, 318.60574, 15.468502, 311.51057, 311.04247,
15.642120, 304.23520, 15.036158, 312.92479, 311.49047,
15.654380, 316.10477, 16.128399, 314.40438, 311.92760,
15.666640, 301.75534, 16.699909, 315.94646, 312.35410,
15.678890, 315.74774, 17.222860, 317.54646, 312.76976,
15.691140, 323.32623, 16.550404, 319.20268, 313.17513,
15.703390, 327.69574, 15.664801, 320.91212, 313.57036,
15.715640, 314.26434, 15.773231, 322.67185, 313.95562,
15.727890, 315.71252, 16.034683, 324.47894, 314.33108,
15.740130, 337.17996, 16.514767, 326.32907, 314.69661,
15.752370, 349.78622, 16.434181, 328.22063, 315.05264,
15.764610, 345.63586, 15.637227, 330.15109, 315.39939,
15.776850, 349.50079, 15.364304, 332.11735, 315.73694,
15.789090, 357.86899, 16.056442, 334.11695, 316.06550,
15.801320, 363.19501, 16.835871, 336.14523, 316.38492,
15.813550, 364.35458, 17.322266, 338.20118, 316.69564,
15.825780, 348.55212, 16.733973, 340.28208, 316.99779,
15.838010, 359.71527, 16.208612, 342.38524, 317.29151,
15.850230, 365.99530, 16.254992, 344.50632, 317.57673,
15.862450, 381.70331, 17.236593, 346.64413, 317.85380,
15.874670, 375.77271, 18.199783, 348.79636, 318.12287,
15.886890, 364.53354, 17.956425, 350.96020, 318.38408,
15.899110, 379.25293, 18.545998, 353.13284, 318.63753,
15.911320, 363.39078, 17.456594, 355.31015, 318.88318,
15.923540, 373.35464, 15.503529, 357.49305, 319.12155,
15.935750, 371.66727, 19.668198, 359.67520, 319.35236,
15.947960, 358.98920, 19.934765, 361.85585, 319.57595,
15.960160, 362.15106, 19.987219, 364.03070, 319.79226,
15.972370, 368.95490, 20.253857, 366.20053, 320.00175,
15.984570, 375.29584, 19.448614, 368.35917, 320.20419,
15.996770, 355.46429, 19.846504, 370.50603, 320.39990,
16.008961, 369.89868, 20.917917, 372.63666, 320.58883,
16.021160, 389.14801, 21.876423, 374.75160, 320.77138,
16.033350, 379.21820, 21.752810, 376.84506, 320.94737,
16.045549, 383.75049, 21.112038, 378.91767, 321.11720,
16.057739, 375.97717, 21.433895, 380.96350, 321.28070,
16.069920, 347.40295, 21.808094, 382.97995, 321.43799,
16.082109, 346.32401, 22.357250, 384.96748, 321.58942,
16.094290, 345.71344, 23.275106, 386.92025, 321.73487,
16.106470, 344.73334, 24.545496, 388.83710, 321.87453,
16.118650, 365.61536, 24.403433, 390.71527, 322.00853,
16.130831, 360.17551, 24.827917, 392.55199, 322.13694,
16.143009, 342.71893, 25.741783, 394.34416, 322.25985,
16.155180, 359.06760, 26.268160, 396.08818, 322.37730,
16.167351, 349.32257, 26.552982, 397.78230, 322.48947,
16.179520, 382.70264, 27.924915, 399.42340, 322.59642,
16.191681, 375.62943, 25.779621, 401.00784, 322.69820,
16.203850, 373.11063, 27.695740, 402.53466, 322.79503,
16.216009, 394.01599, 29.451248, 403.99872, 322.88686,
16.228170, 400.31769, 30.892447, 405.39906, 322.97387,
16.240330, 406.28845, 27.649578, 406.73988, 323.05611,
16.252489, 427.44635, 32.245132, 408.03055, 323.13368,
16.264641, 413.17282, 29.673588, 409.27946, 323.20661,
16.276791, 447.08118, 33.844135, 410.49637, 323.27504,
16.288950, 491.92044, 35.094627, 411.69152, 323.33910,
16.301090, 496.30002, 40.765438, 412.87119, 323.39872,
16.313240, 518.87390, 38.914085, 414.04726, 323.45412,
16.325380, 534.68066, 42.124435, 415.22695, 323.50530,
16.337530, 579.41895, 26.830299, 416.42118, 323.55241,
16.349670, 626.96265, 25.229237, 417.63714, 323.59545,
16.361799, 706.53857, 25.611786, 418.88367, 323.63450,
16.373940, 795.55823, 29.991009, 420.17219, 323.66969,
16.386070, 869.10229, 30.442575, 421.50961, 323.70105,
16.398211, 933.96582, 32.034443, 422.90719, 323.72870,
16.410339, 905.36951, 29.521660, 424.37165, 323.75264,
16.422461, 936.48004, 31.297991, 425.91253, 323.77298,
16.434589, 922.03375, 46.609112, 427.54099, 323.78979,
16.446711, 897.21106, 47.648479, 429.26431, 323.80313,
16.458839, 852.95050, 29.865786, 431.09401, 323.81308,
16.470961, 804.63062, 33.710358, 433.03723, 323.81969,
16.483070, 778.61029, 32.853916, 435.10257, 323.82303,
16.495190, 716.07501, 43.725357, 437.30312, 323.82316,
16.500280, 773.15521, 34.730980, 438.26965, 323.82228,
16.513599, 721.59277, 33.541542, 440.92326, 323.81738,
16.526911, 634.58307, 27.037910, 443.76617, 323.80880,
16.540211, 608.45844, 25.783972, 446.81027, 323.79663,
16.553520, 583.13031, 25.051567, 450.07356, 323.78093,
16.566820, 573.47467, 24.604523, 453.56475, 323.76180,
16.580120, 519.54858, 22.600616, 457.29969, 323.73932,
16.593420, 524.74164, 20.621809, 461.29213, 323.71354,
16.606710, 528.96393, 20.323822, 465.55285, 323.68457,
16.620001, 511.10104, 19.794876, 470.09874, 323.65247,
16.633301, 505.00659, 20.737501, 474.94773, 323.61728,
16.646589, 494.09338, 21.300303, 480.10666, 323.57913,
16.659870, 505.67828, 20.194744, 485.59114, 323.53808,
16.673149, 489.78348, 19.372906, 491.41817, 323.49418,
16.686440, 483.94867, 18.944090, 497.60927, 323.44747,
16.699711, 483.14523, 19.611149, 504.16019, 323.39812,
16.712990, 505.51538, 21.030418, 511.04531, 323.34609,
16.726271, 502.61118, 21.091434, 518.19747, 323.29147,
16.739540, 478.83929, 19.754707, 525.54468, 323.23439,
16.752810, 488.53833, 19.212597, 533.02867, 323.17487,
16.766081, 501.06226, 19.296299, 540.58633, 323.11295,
16.779341, 495.36801, 20.102806, 548.14589, 323.04877,
16.792601, 485.14532, 21.287697, 555.64984, 322.98233,
16.805870, 490.77600, 21.859039, 563.03937, 322.91366,
16.819120, 495.11826, 21.722940, 570.23460, 322.84295,
16.832380, 493.66132, 20.949177, 577.18698, 322.77012,
16.845631, 473.22919, 20.152905, 583.82217, 322.69533,
16.858891, 482.35632, 20.568216, 590.08503, 322.61853,
16.872141, 494.49640, 21.060051, 595.90170, 322.53989,
16.885380, 489.10022, 20.693176, 601.20728, 322.45949,
16.898630, 502.06317, 19.713078, 605.94544, 322.37725,
16.911869, 482.31241, 18.266356, 610.04215, 322.29335,
16.925110, 486.48856, 17.999441, 613.43589, 322.20778,
16.938351, 502.63290, 18.340872, 616.05919, 322.12060,
16.951580, 510.40063, 19.208626, 617.84350, 322.03194,
16.964821, 514.71295, 19.544052, 618.75298, 321.94171,
16.978050, 524.61176, 19.064524, 618.82798, 321.85011,
16.991270, 533.53229, 18.823795, 618.12582, 321.75719,
17.004499, 574.40820, 18.962603, 616.70029, 321.66287,
17.017719, 868.71649, 22.444876, 614.60765, 321.56733,
17.030951, 1362.2175, 28.913946, 611.89821, 321.47048,
17.044161, 969.15057, 25.855135, 608.63245, 321.37261,
17.057381, 569.55511, 20.893980, 604.85635, 321.27353,
17.070601, 539.22198, 19.785881, 600.62447, 321.17339,
17.083811, 526.66614, 19.911694, 595.99238, 321.07229,
17.097019, 517.65979, 19.578260, 591.00959, 320.97023,
17.110229, 524.25195, 21.049286, 585.72606, 320.86723,
17.123430, 530.04028, 21.854073, 580.19774, 320.76343,
17.136641, 530.17621, 21.734364, 574.46760, 320.65874,
17.149839, 515.59656, 21.211025, 568.59554, 320.55336,
17.163040, 505.55341, 21.762560, 562.62643, 320.44724,
17.176229, 502.41830, 22.110624, 556.61687, 320.34054,
17.189430, 516.79974, 23.586876, 550.60693, 320.23311,
17.202620, 526.37708, 24.173565, 544.65746, 320.12520,
17.215811, 509.46283, 23.251375, 538.81284, 320.01675,
17.229000, 508.51926, 21.997194, 533.12528, 319.90782,
17.242180, 521.96265, 22.272947, 527.64839, 319.79854,
17.255369, 531.02301, 21.524897, 522.40846, 319.68880,
17.268551, 537.68237, 22.932539, 517.40624, 319.57877,
17.281719, 522.05408, 20.824472, 512.63127, 319.46857,
17.294901, 544.37085, 24.273975, 508.06197, 319.35801,
17.308069, 558.73096, 25.122797, 503.69588, 319.24736,
17.321251, 557.35480, 22.522949, 499.51254, 319.13645,
17.334410, 580.95642, 23.405025, 495.51182, 319.02563,
17.347580, 598.77698, 24.684963, 491.67176, 318.91465,
17.360750, 605.80133, 26.029865, 487.98472, 318.80366,
17.373911, 613.17535, 27.420588, 484.44215, 318.69279,
17.387070, 571.37628, 26.379265, 481.03087, 318.58201,
17.400230, 557.58173, 26.532736, 477.73904, 318.47135,
17.413380, 546.59528, 24.968971, 474.55912, 318.36096,
17.426540, 533.32538, 25.597977, 471.47493, 318.25070,
17.439690, 520.29346, 25.457399, 468.48122, 318.14080,
17.452841, 515.77289, 27.522604, 465.56435, 318.03121,
17.465981, 469.25037, 26.505962, 462.71676, 317.92207,
17.479130, 488.33890, 27.395119, 459.92348, 317.81326,
17.492270, 476.85617, 27.025736, 457.17821, 317.70499,
17.505409, 433.70532, 32.723812, 454.46860, 317.59722,
17.518551, 448.44168, 28.074751, 451.78397, 317.48999,
17.531679, 432.60773, 29.759382, 449.11718, 317.38346,
17.544821, 439.31531, 30.812342, 446.45253, 317.27748,
17.557949, 422.16068, 30.417099, 443.78522, 317.17229,
17.571079, 428.83856, 30.579704, 441.10192, 317.06783,
17.584200, 414.85101, 28.547691, 438.39475, 316.96423,
17.597330, 420.48315, 30.665520, 435.64953, 316.86140,
17.610451, 402.71994, 30.588726, 432.86119, 316.75953,
17.623569, 428.13187, 29.277300, 430.02829, 316.65860,
17.636690, 440.96844, 36.169930, 427.15423, 316.55864,
17.649799, 425.82468, 33.400162, 424.24621, 316.45981,
17.662910, 465.41608, 35.414711, 421.30548, 316.36203,
17.676029, 447.84171, 29.060238, 418.33489, 316.26534,
17.689131, 468.46722, 36.450653, 415.34424, 316.16995,
17.702240, 468.90372, 39.645317, 412.33202, 316.07573,
17.715349, 436.68375, 37.193111, 409.30406, 315.98280,
17.728451, 427.08450, 37.051952, 406.26624, 315.89125,
17.741550, 453.17764, 35.764042, 403.22132, 315.80110,
17.754641, 458.13751, 28.491604, 400.17516, 315.71244,
17.767740, 474.70474, 25.756186, 397.12740, 315.62521,
17.780830, 478.13037, 29.671021, 394.08653, 315.53958,
17.793921, 492.10507, 27.159184, 391.05441, 315.45554,
17.807011, 459.24597, 27.065350, 388.03511, 315.37315,
17.820101, 467.11304, 27.922249, 385.03271, 315.29246,
17.833179, 465.60861, 27.147289, 382.05390, 315.21358,
17.846270, 437.21008, 26.070414, 379.09759, 315.13645,
17.859341, 428.84027, 27.124016, 376.17476, 315.06128,
17.872419, 415.22064, 29.163210, 373.28353, 314.98799,
17.885500, 408.70020, 32.036243, 370.42938, 314.91666,
17.898569, 399.91998, 32.680710, 367.61936, 314.84743,
17.911640, 397.81262, 32.630112, 364.85478, 314.78026,
17.924709, 399.16513, 33.919609, 362.14068, 314.71526,
17.937780, 419.16580, 57.636765, 359.48056, 314.65244,
17.941250, 373.14453, 25.559370, 358.78417, 314.63614,
17.955721, 368.62576, 25.112679, 355.92592, 314.56992,
17.970181, 343.40228, 25.370264, 353.14915, 314.50662,
17.984650, 347.39886, 26.301771, 350.45582, 314.44623,
17.999109, 356.15262, 26.614817, 347.85557, 314.38892,
18.013571, 335.19000, 25.434896, 345.35243, 314.33472,
18.028021, 340.24103, 23.427860, 342.95486, 314.28377,
18.042480, 334.40576, 22.166832, 340.66568, 314.23608,
18.056931, 330.37720, 20.792234, 338.49435, 314.19180,
18.071381, 332.54974, 20.649471, 336.44585, 314.15099,
18.085819, 337.99130, 21.716923, 334.52828, 314.11377,
18.100269, 358.43848, 22.611176, 332.74535, 314.08016,
18.114710, 330.91888, 22.004969, 331.10396, 314.05032,
18.129150, 328.55838, 21.162786, 329.59755, 314.02431,
18.143579, 321.97595, 20.250549, 328.21965, 314.00224,
18.158020, 321.11673, 19.807507, 326.96066, 313.98418,
18.172449, 329.55209, 21.607430, 325.81528, 313.97025,
18.186880, 325.01419, 22.382038, 324.77515, 313.96054,
18.201300, 308.13269, 22.209412, 323.83406, 313.95515,
18.215719, 298.60532, 21.345036, 322.98413, 313.95417,
18.230150, 318.18933, 21.068371, 322.21789, 313.95772,
18.244560, 323.09122, 21.566227, 321.53014, 313.96589,
18.258980, 307.77640, 22.297466, 320.91256, 313.97879,
18.273390, 306.76483, 22.715248, 320.35929, 313.99651,
18.287800, 305.63266, 22.444946, 319.86324, 314.01919,
18.302210, 323.03198, 21.371883, 319.41785, 314.04692,
18.316620, 314.38803, 19.331100, 319.01657, 314.07982,
18.331020, 313.74658, 17.477955, 318.65312, 314.11798,
18.345421, 315.98480, 18.960600, 318.32078, 314.16154,
18.359819, 322.68509, 19.369164, 318.01317, 314.21061,
18.374210, 323.68747, 20.929993, 317.72397, 314.26528,
18.388611, 332.94778, 21.358387, 317.44647, 314.32576,
18.403000, 307.06180, 19.517185, 317.17470, 314.39206,
18.417379, 314.94534, 19.513882, 316.90226, 314.46432,
18.431770, 314.33667, 19.172596, 316.62240, 314.54276,
18.446150, 310.27124, 18.763660, 316.32920, 314.62741,
18.460529, 303.14871, 20.492682, 316.01609, 314.71844,
18.474911, 314.11649, 22.695898, 315.67663, 314.81602,
18.489281, 342.19470, 26.774757, 315.30477, 314.92017,
18.503660, 310.13373, 20.923870, 314.89356, 315.03119,
18.518030, 311.35175, 20.464054, 314.44031, 315.14892,
18.532391, 310.68161, 20.597797, 313.94789, 315.27304,
18.546761, 321.83148, 21.936596, 313.41910, 315.40338,
18.561119, 306.16998, 21.843521, 312.85815, 315.53940,
18.575480, 317.64923, 22.742596, 312.26793, 315.68090,
18.589840, 315.46133, 21.859116, 311.65189, 315.82752,
18.604191, 326.68372, 21.010206, 311.01379, 315.97883,
18.618549, 329.69836, 17.507296, 310.35620, 316.13469,
18.632900, 321.84216, 19.599079, 309.68312, 316.29460,
18.647240, 321.67871, 20.840586, 308.99803, 316.45819,
18.661591, 315.13086, 21.653214, 308.30312, 316.62540,
18.675930, 334.92789, 22.297777, 307.60276, 316.79564,
18.690269, 307.01315, 22.166763, 306.89964, 316.96871,
18.704611, 346.91113, 23.088140, 306.19692, 317.14433,
18.718941, 335.90039, 21.311646, 305.49851, 317.32201,
18.733271, 321.52332, 20.549051, 304.80709, 317.50158,
18.747601, 317.52921, 21.878548, 304.12591, 317.68271,
18.761930, 323.87274, 23.801691, 303.45824, 317.86509,
18.776260, 301.01532, 24.113096, 302.80735, 318.04841,
18.790581, 322.07434, 24.382771, 302.17694, 318.23222,
18.804899, 346.34955, 24.117409, 301.56996, 318.41632,
18.819220, 339.62268, 24.300676, 300.98955, 318.60043,
18.833530, 337.85037, 25.045319, 300.43951, 318.78410,
18.847839, 317.16452, 23.807613, 299.92287, 318.96711,
18.862150, 326.88150, 26.079535, 299.44287, 319.14919,
18.876459, 309.54254, 27.168991, 299.00309, 319.32999,
18.890770, 326.73154, 25.965216, 298.60684, 319.50923,
18.905069, 322.17743, 24.482080, 298.25796, 319.68645,
18.919371, 333.43436, 24.130629, 297.95961, 319.86148,
18.933670, 340.36676, 23.649563, 297.71543, 320.03397,
18.947960, 349.13873, 27.003229, 297.52911, 320.20351,
18.962250, 318.10309, 27.565266, 297.40414, 320.36990,
18.976540, 328.77097, 28.891300, 297.34423, 320.53282,
18.990829, 318.75876, 28.837744, 297.35315, 320.69196,
19.005119, 337.74033, 28.284224, 297.43475, 320.84699,
19.019400, 346.96829, 26.913980, 297.59278, 320.99749,
19.033680, 338.48743, 26.766933, 297.83124, 321.14325,
19.047960, 320.93805, 28.440367, 298.15415, 321.28394,
19.062229, 337.07837, 31.454720, 298.56525, 321.41912,
19.076500, 336.61279, 34.613510, 299.06899, 321.54861,
19.090771, 321.29791, 31.793873, 299.66959, 321.67205,
19.105040, 321.08063, 32.412743, 300.37127, 321.78910,
19.119310, 324.41299, 32.880898, 301.17864, 321.89945,
19.133570, 326.57855, 31.803535, 302.09534, 322.00267,
19.147829, 313.40533, 33.575855, 303.12659, 322.09852,
19.162090, 333.83554, 35.155914, 304.27723, 322.18667,
19.176340, 292.38220, 36.917484, 305.55087, 322.26670,
19.190599, 306.41708, 39.189400, 306.95427, 322.33839,
19.204849, 312.15924, 35.888638, 308.49054, 322.40128,
19.219101, 336.91739, 36.011993, 310.16596, 322.45509,
19.233339, 298.72601, 32.163643, 311.98380, 322.49942,
19.247580, 329.33328, 38.240330, 313.95119, 322.53396,
19.261820, 309.57193, 42.775349, 316.07340, 322.55836,
19.276060, 313.19290, 40.019981, 318.35603, 322.57224,
19.290300, 335.32199, 50.269848, 320.80486, 322.57525,
19.304529, 331.10046, 44.255966, 323.42361, 322.56702,
19.318760, 335.44592, 44.003212, 326.22061, 322.54718,
19.332991, 313.42435, 43.327160, 329.20171, 322.51535,
19.347219, 292.11203, 41.087639, 332.37284, 322.47117,
19.361441, 349.39157, 45.141193, 335.73903, 322.41426,
19.375660, 324.87296, 48.973305, 339.30812, 322.34424,
19.389879, 316.34442, 46.174435, 343.08740, 322.26070,
19.404100, 345.55731, 50.809586, 347.08444, 322.16323,
19.418310, 287.47546, 50.558746, 351.30249, 322.05153,
19.432520, 276.45801, 52.330593, 355.75206, 321.92512,
